0 Sticker  1.1 x  1.9 with Crane Jib Instructions
0 Name: 165985b.dat
0 Author: Takeshi Takahashi [RainbowDolphin]
0 !LDRAW_ORG Part UPDATE 2026-05
0 !LICENSE Licensed under CC BY 4.0 : see CAreadme.txt

0 BFC CERTIFY CCW

0 !KEYWORDS Bricklink 8839stk01, Brickowl 289279, Rebrickable stickerupn0074
0 !KEYWORDS set 8839, Supply ship, Technic

0 !HISTORY 2026-05-31 [OrionP] Official Update 2026-05

1 16 0 -0.25 0 19 0 0 0 0.25 0 0 0 11 box5-12.dat
1 7 -13 -0.25 7 -1.5 0 0 0 1 0 0 0 -1.5 1-4chrd.dat
1 7 -13 -0.25 7 0 0 1.5 0 1 0 -1.5 0 0 1-4chrd.dat
1 2 -13 -0.25 7 -1.5 0 0 0 1 0 0 0 -1.5 2-4ring1.dat
1 7 -13 -0.25 7 -3 0 0 0 1 0 0 0 -3 2-4ndis.dat
1 2 13 -0.25 7 -1.5 0 0 0 1 0 0 0 -1.5 2-4ring1.dat
1 7 13 -0.25 7 -3 0 0 0 1 0 0 0 -3 2-4ndis.dat
1 7 13 -0.25 7 -1.5 0 0 0 1 0 0 0 -1.5 1-4chrd.dat
1 7 13 -0.25 7 0 0 1.5 0 1 0 -1.5 0 0 1-4chrd.dat
3 2 -15.2 -0.25 8.8 -17 -0.25 7 -16 -0.25 7
3 2 -15.2 -0.25 8.8 -16 -0.25 7 -14.5 -0.25 7
3 2 -15.2 -0.25 8.8 -14.5 -0.25 7 -13.5 -0.25 7
3 2 15.2 -0.25 8.8 13.5 -0.25 7 14.5 -0.25 7
3 2 15.2 -0.25 8.8 14.5 -0.25 7 16 -0.25 7
3 2 15.2 -0.25 8.8 16 -0.25 7 17 -0.25 7
4 0 -14.4 -0.25 -5.8 -16.2 -0.25 -5.8 -16.2 -0.25 -10 -10.2 -0.25 -10
4 0 -14.4 -0.25 -5.8 -10.2 -0.25 -10 -11.8 -0.25 -5.8 -14.2 -0.25 -5.1
3 0 -10.2 -0.25 -5.8 -11.8 -0.25 -5.8 -10.2 -0.25 -10
3 0 -13.2 -0.25 -5.1 -14.2 -0.25 -5.1 -11.8 -0.25 -5.8
3 0 -12.2 -0.25 -5.1 -13.2 -0.25 -5.1 -11.8 -0.25 -5.8
4 0 2.8 -0.25 -5.8 1 -0.25 -5.8 1 -0.25 -10 7 -0.25 -10
4 0 2.8 -0.25 -5.8 7 -0.25 -10 5.4 -0.25 -5.8 3 -0.25 -5.1
3 0 7 -0.25 -5.8 5.4 -0.25 -5.8 7 -0.25 -10
3 0 3.8 -0.25 -5.1 3 -0.25 -5.1 5.4 -0.25 -5.8
3 0 5 -0.25 -5.1 3.8 -0.25 -5.1 5.4 -0.25 -5.8
4 0 -6.8 -0.25 -5.6 -6.8 -0.25 -6.2 -3.8 -0.25 -6.2 -3.8 -0.25 -5.6
4 0 -3.8 -0.25 -6.2 -6.8 -0.25 -6.2 -5.6 -0.25 -8.2 -5 -0.25 -8.2
4 0 -5 -0.25 -8.2 -5.6 -0.25 -8.2 -5.5 -0.25 -8.7 -4.8 -0.25 -8.8
4 0 -4.8 -0.25 -8.8 -5.5 -0.25 -8.7 -5.6 -0.25 -9 -4.9 -0.25 -9.3
4 0 -5.2 -0.25 -9.7 -4.9 -0.25 -9.3 -5.6 -0.25 -9 -5.8 -0.25 -9.7
4 0 -6.2 -0.25 -9.4 -5.8 -0.25 -9.7 -5.6 -0.25 -9 -6.4 -0.25 -8.9
4 0 -6.4 -0.25 -8.9 -5.6 -0.25 -9 -5.9 -0.25 -8.7 -6.2 -0.25 -8.7
4 0 14.4 -0.25 -4.2 11.4 -0.25 -4.2 11.4 -0.25 -4.8 14.4 -0.25 -4.8
4 0 14.4 -0.25 -4.8 11.4 -0.25 -4.8 12.6 -0.25 -6.8 13.2 -0.25 -6.8
4 0 13.2 -0.25 -6.8 12.6 -0.25 -6.8 12.7 -0.25 -7.3 13.4 -0.25 -7.4
4 0 13.4 -0.25 -7.4 12.7 -0.25 -7.3 12.6 -0.25 -7.6 13.3 -0.25 -7.9
4 0 13 -0.25 -8.3 13.3 -0.25 -7.9 12.6 -0.25 -7.6 12.4 -0.25 -8.3
4 0 12 -0.25 -8 12.4 -0.25 -8.3 12.6 -0.25 -7.6 11.8 -0.25 -7.5
4 0 11.8 -0.25 -7.5 12.6 -0.25 -7.6 12.3 -0.25 -7.3 12 -0.25 -7.3
4 0 -19 -0.25 11 -17.6 -0.25 10 -0.8 -0.25 10 0 -0.25 11
4 0 0 -0.25 10 0 -0.25 11 -0.8 -0.25 10 -0.8 -0.25 -10
4 0 0 -0.25 11 0 -0.25 10 17.6 -0.25 10 19 -0.25 11
4 0 19 -0.25 -11 19 -0.25 11 17.6 -0.25 10 17.6 -0.25 -10
4 0 0 -0.25 -11 19 -0.25 -11 17.6 -0.25 -10 7 -0.25 -10
4 0 0 -0.25 -11 0 -0.25 -10 -0.8 -0.25 -10 -19 -0.25 -11
4 0 -19 -0.25 -11 -17.6 -0.25 -10 -17.6 -0.25 10 -19 -0.25 11
3 0 0 -0.25 10 -0.8 -0.25 -10 0 -0.25 -10
3 0 -16.2 -0.25 -10 -17.6 -0.25 -10 -19 -0.25 -11
3 0 -10.2 -0.25 -10 -16.2 -0.25 -10 -19 -0.25 -11
3 0 -0.8 -0.25 -10 -10.2 -0.25 -10 -19 -0.25 -11
3 0 1 -0.25 -10 0 -0.25 -10 0 -0.25 -11
3 0 7 -0.25 -10 1 -0.25 -10 0 -0.25 -11
4 14 -13.2 -0.25 -5.1 -12.2 -0.25 -5.1 -12.4 -0.25 -3.7 -12.7 -0.25 -2.6
3 14 -13.9 -0.25 -2.2 -13.2 -0.25 -5.1 -12.7 -0.25 -2.6
4 14 -13.9 -0.25 -2.2 -12.7 -0.25 -2.6 -8.5 -0.25 1.5 -8.4 -0.25 4.2
4 14 -8.4 -0.25 4.2 -8.5 -0.25 1.5 -7.5 -0.25 -0.1 -5.9 -0.25 0
4 14 -7.1 -0.25 -1.4 -5.9 -0.25 0 -7.5 -0.25 -0.1 -12.4 -0.25 -3.7
3 14 -7.1 -0.25 -1.4 -12.4 -0.25 -3.7 -12.2 -0.25 -5.1
4 14 -5.9 -0.25 0 -7.1 -0.25 -1.4 -5.9 -0.25 -4 -4.6 -0.25 -4
4 14 3.8 -0.25 -5.1 5 -0.25 -5.1 3.9 -0.25 -3.8 0.9 -0.25 -3
3 14 2.7 -0.25 -2.7 0.9 -0.25 -3 3.9 -0.25 -3.8
4 14 7.1 -0.25 3.9 0.9 -0.25 -3 2.7 -0.25 -2.7 7.2 -0.25 1.9
4 14 7.1 -0.25 3.9 7.2 -0.25 1.9 9.2 -0.25 0.3 14.4 -0.25 -2.2
4 14 14.4 -0.25 -2.2 9.2 -0.25 0.3 10.3 -0.25 -0.7 13.4 -0.25 -2.9
4 14 10.3 -0.25 -0.7 9.2 -0.25 0.3 3.9 -0.25 -3.8 5 -0.25 -5.1
4 14 -2.2 -0.25 1.4 -3.9 -0.25 -0.3 -2.9 -0.25 -1.3 -1.2 -0.25 0.4
3 14 -4.6 -0.25 0.4 -4.6 -0.25 -2 -3.9 -0.25 -0.3
3 14 -3.9 -0.25 -0.3 -4.6 -0.25 -2 -2.9 -0.25 -1.3
3 14 -2.9 -0.25 -1.3 -4.6 -0.25 -2 -2.2 -0.25 -2
4 14 8.6 -0.25 -6.1 10.3 -0.25 -4.4 9.3 -0.25 -3.4 7.6 -0.25 -5.1
3 14 11 -0.25 -2.7 10.3 -0.25 -4.4 11 -0.25 -5.1
3 14 11 -0.25 -2.7 9.3 -0.25 -3.4 10.3 -0.25 -4.4
3 14 8.6 -0.25 -2.7 9.3 -0.25 -3.4 11 -0.25 -2.7
3 7 -17.6 -0.25 10 -17 -0.25 7 -15.2 -0.25 8.8
4 7 -0.8 -0.25 10 -17.6 -0.25 10 -15.2 -0.25 8.8 -11.5 -0.25 7
3 7 -15.2 -0.25 8.8 -13.5 -0.25 7 -11.5 -0.25 7
3 7 -11.5 -0.25 7 -13.5 -0.25 7 -13 -0.25 5.5
3 7 -13.5 -0.25 7 -14.5 -0.25 7 -13 -0.25 5.5
3 7 -0.8 -0.25 10 -11.5 -0.25 7 -10 -0.25 7
4 7 -0.8 -0.25 10 -10 -0.25 7 -8.4 -0.25 4.2 -4.6 -0.25 0.4
4 7 -0.8 -0.25 10 -4.6 -0.25 0.4 -3.9 -0.25 -0.3 -2.2 -0.25 1.4
3 7 -0.8 -0.25 10 -2.2 -0.25 1.4 -1.2 -0.25 0.4
3 7 -0.8 -0.25 10 -1.2 -0.25 0.4 -0.8 -0.25 -10
3 7 -1.2 -0.25 0.4 -2.2 -0.25 -2 -0.8 -0.25 -10
3 7 -1.2 -0.25 0.4 -2.9 -0.25 -1.3 -2.2 -0.25 -2
4 7 -0.8 -0.25 -10 -2.2 -0.25 -2 -3.8 -0.25 -5.6 -3.8 -0.25 -6.2
4 7 -0.8 -0.25 -10 -3.8 -0.25 -6.2 -5 -0.25 -8.2 -4.8 -0.25 -8.8
3 7 -4.8 -0.25 -8.8 -4.9 -0.25 -9.3 -0.8 -0.25 -10
3 7 -4.9 -0.25 -9.3 -5.2 -0.25 -9.7 -0.8 -0.25 -10
4 7 -0.8 -0.25 -10 -5.2 -0.25 -9.7 -5.8 -0.25 -9.7 -10.2 -0.25 -10
3 7 -6.2 -0.25 -9.4 -10.2 -0.25 -10 -5.8 -0.25 -9.7
3 7 -6.4 -0.25 -8.9 -10.2 -0.25 -10 -6.2 -0.25 -9.4
4 7 -10.2 -0.25 -10 -6.4 -0.25 -8.9 -6.2 -0.25 -8.7 -6.8 -0.25 -6.2
4 7 -6.8 -0.25 -6.2 -6.2 -0.25 -8.7 -5.9 -0.25 -8.7 -5.6 -0.25 -8.2
4 7 -5.5 -0.25 -8.7 -5.6 -0.25 -8.2 -5.9 -0.25 -8.7 -5.6 -0.25 -9
4 7 -10.2 -0.25 -5.8 -10.2 -0.25 -10 -6.8 -0.25 -6.2 -6.8 -0.25 -5.6
4 7 -10.2 -0.25 -5.8 -6.8 -0.25 -5.6 -7.1 -0.25 -1.4 -12.2 -0.25 -5.1
3 7 -12.2 -0.25 -5.1 -11.8 -0.25 -5.8 -10.2 -0.25 -5.8
3 7 -7.1 -0.25 -1.4 -6.8 -0.25 -5.6 -5.9 -0.25 -4
4 7 -4.6 -0.25 -4 -5.9 -0.25 -4 -6.8 -0.25 -5.6 -3.8 -0.25 -5.6
4 7 -4.6 -0.25 -4 -3.8 -0.25 -5.6 -2.2 -0.25 -2 -4.6 -0.25 -2
3 7 -5.9 -0.25 0 -4.6 -0.25 -4 -4.6 -0.25 -2
4 7 -5.9 -0.25 0 -4.6 -0.25 -2 -4.6 -0.25 0.4 -8.4 -0.25 4.2
3 7 -10 -0.25 7 -10 -0.25 4 -8.4 -0.25 4.2
3 7 -8.4 -0.25 4.2 -10 -0.25 4 -13.9 -0.25 -2.2
3 7 -10 -0.25 4 -13 -0.25 4 -13.9 -0.25 -2.2
4 7 -13.9 -0.25 -2.2 -13 -0.25 4 -16 -0.25 4 -16.2 -0.25 -5.8
4 7 -14.2 -0.25 -5.1 -13.9 -0.25 -2.2 -16.2 -0.25 -5.8 -14.4 -0.25 -5.8
3 7 -13.9 -0.25 -2.2 -14.2 -0.25 -5.1 -13.2 -0.25 -5.1
4 7 -12.7 -0.25 -2.6 -12.4 -0.25 -3.7 -7.5 -0.25 -0.1 -8.5 -0.25 1.5
4 7 -17.6 -0.25 -10 -16.2 -0.25 -5.8 -16 -0.25 4 -17 -0.25 7
3 7 -16.2 -0.25 -5.8 -17.6 -0.25 -10 -16.2 -0.25 -10
3 7 -16 -0.25 7 -17 -0.25 7 -16 -0.25 4
3 7 -17.6 -0.25 10 -17.6 -0.25 -10 -17 -0.25 7
3 7 0 -0.25 10 0.9 -0.25 -3 7.1 -0.25 3.9
4 7 10 -0.25 7 0 -0.25 10 7.1 -0.25 3.9 10 -0.25 4
4 7 0 -0.25 10 10 -0.25 7 11.5 -0.25 7 15.2 -0.25 8.8
3 7 15.2 -0.25 8.8 11.5 -0.25 7 13.5 -0.25 7
3 7 13.5 -0.25 7 11.5 -0.25 7 13 -0.25 5.5
3 7 14.5 -0.25 7 13.5 -0.25 7 13 -0.25 5.5
3 7 17.6 -0.25 10 0 -0.25 10 15.2 -0.25 8.8
3 7 17.6 -0.25 10 15.2 -0.25 8.8 17 -0.25 7
3 7 17.6 -0.25 10 17 -0.25 7 17.6 -0.25 -10
4 7 16 -0.25 4 17.6 -0.25 -10 17 -0.25 7 16 -0.25 7
4 7 14.4 -0.25 -2.2 17.6 -0.25 -10 16 -0.25 4 13 -0.25 4
4 7 14.4 -0.25 -2.2 13 -0.25 4 10 -0.25 4 7.1 -0.25 3.9
3 7 14.4 -0.25 -2.2 14.4 -0.25 -4.2 17.6 -0.25 -10
3 7 14.4 -0.25 -4.2 14.4 -0.25 -4.8 17.6 -0.25 -10
4 7 17.6 -0.25 -10 14.4 -0.25 -4.8 13.2 -0.25 -6.8 13.4 -0.25 -7.4
3 7 13.4 -0.25 -7.4 13.3 -0.25 -7.9 17.6 -0.25 -10
3 7 13.3 -0.25 -7.9 13 -0.25 -8.3 17.6 -0.25 -10
4 7 17.6 -0.25 -10 13 -0.25 -8.3 12.4 -0.25 -8.3 7 -0.25 -10
3 7 12 -0.25 -8 7 -0.25 -10 12.4 -0.25 -8.3
4 7 7 -0.25 -10 12 -0.25 -8 11.8 -0.25 -7.5 8.6 -0.25 -6.1
4 7 8.6 -0.25 -6.1 11.8 -0.25 -7.5 11 -0.25 -5.1 10.3 -0.25 -4.4
3 7 11 -0.25 -5.1 11.8 -0.25 -7.5 12 -0.25 -7.3
4 7 12.6 -0.25 -6.8 11 -0.25 -5.1 12 -0.25 -7.3 12.3 -0.25 -7.3
4 7 12.7 -0.25 -7.3 12.6 -0.25 -6.8 12.3 -0.25 -7.3 12.6 -0.25 -7.6
3 7 11.4 -0.25 -4.8 11 -0.25 -5.1 12.6 -0.25 -6.8
4 7 11 -0.25 -5.1 11.4 -0.25 -4.8 11.4 -0.25 -4.2 11 -0.25 -2.7
4 7 13.4 -0.25 -2.9 11 -0.25 -2.7 11.4 -0.25 -4.2 14.4 -0.25 -4.2
3 7 14.4 -0.25 -2.2 13.4 -0.25 -2.9 14.4 -0.25 -4.2
3 7 10.3 -0.25 -0.7 11 -0.25 -2.7 13.4 -0.25 -2.9
3 7 10.3 -0.25 -0.7 8.6 -0.25 -2.7 11 -0.25 -2.7
3 7 10.3 -0.25 -0.7 5 -0.25 -5.1 8.6 -0.25 -2.7
4 7 8.6 -0.25 -2.7 5 -0.25 -5.1 7.6 -0.25 -5.1 9.3 -0.25 -3.4
4 7 7.6 -0.25 -5.1 5 -0.25 -5.1 5.4 -0.25 -5.8 7 -0.25 -5.8
4 7 8.6 -0.25 -6.1 7.6 -0.25 -5.1 7 -0.25 -5.8 7 -0.25 -10
4 7 3.9 -0.25 -3.8 9.2 -0.25 0.3 7.2 -0.25 1.9 2.7 -0.25 -2.7
3 7 0.9 -0.25 -3 3 -0.25 -5.1 3.8 -0.25 -5.1
4 7 2.8 -0.25 -5.8 3 -0.25 -5.1 0.9 -0.25 -3 1 -0.25 -5.8
4 7 1 -0.25 -5.8 0.9 -0.25 -3 0 -0.25 -10 1 -0.25 -10
3 7 0 -0.25 10 0 -0.25 -10 0.9 -0.25 -3