0 Sticker  1.9 x  1.9 with Ship Controls
0 Name: 165985e.dat
0 Author: Takeshi Takahashi [RainbowDolphin]
0 !LDRAW_ORG Part UPDATE 2026-05
0 !LICENSE Licensed under CC BY 4.0 : see CAreadme.txt

0 BFC CERTIFY CCW

0 !KEYWORDS Bricklink 8839stk01, Brickowl 289279, Rebrickable stickerupn0074
0 !KEYWORDS set 8839, Supply ship, Technic

0 !HISTORY 2026-05-31 [OrionP] Official Update 2026-05

1 16 0 -0.25 0 19 0 0 0 0.25 0 0 0 19 box5-12.dat
1 0 -16.5 -0.25 16.5 0.8 0 0 0 1 0 0 0 0.8 4-4disc.dat
1 7 -16.5 -0.25 16.5 0.8 0 0 0 1 0 0 0 0.8 4-4ndis.dat
1 0 16.5 -0.25 16.5 0.8 0 0 0 1 0 0 0 0.8 4-4disc.dat
1 0 16.5 -0.25 -16.5 0.8 0 0 0 1 0 0 0 0.8 4-4disc.dat
1 7 16.5 -0.25 16.5 0.8 0 0 0 1 0 0 0 0.8 4-4ndis.dat
1 7 16.5 -0.25 -16.5 0.8 0 0 0 1 0 0 0 0.8 4-4ndis.dat
1 15 -9 -0.25 13.8 1.8 0 0 0 1 0 0 0 1.8 type-swiss721bt-bold-un.dat
1 15 -13.8 -0.25 9 1.8 0 0 0 1 0 0 0 1.8 type-swiss721bt-bold-uw.dat
1 15 -4 -0.25 9 1.8 0 0 0 1 0 0 0 1.8 type-swiss721bt-bold-ue.dat
1 15 -9 -0.25 4.2 1.8 0 0 0 1 0 0 0 1.8 type-swiss721bt-bold-us.dat
1 15 8.3 -0.25 13.4 1.8 0 0 0 1 0 0 0 1.8 type-swiss721bt-bold-n3.dat
1 15 9.7 -0.25 13.4 1.8 0 0 0 1 0 0 0 1.8 type-swiss721bt-bold-n0.dat
1 15 5.8 -0.25 9 1.8 0 0 0 1 0 0 0 1.8 type-swiss721bt-bold-n0.dat
1 15 14.2 -0.25 9 1.8 0 0 0 1 0 0 0 1.8 type-swiss721bt-bold-n0.dat
1 15 13.8 -0.25 -9.8 1.8 0 0 0 1 0 0 0 1.8 type-swiss721bt-bold-n0.dat
1 15 6 -0.25 -13.8 1.8 0 0 0 1 0 0 0 1.8 type-swiss721bt-bold-n0.dat
1 15 4.4 -0.25 9 1.8 0 0 0 1 0 0 0 1.8 type-swiss721bt-bold-n2.dat
1 15 3.6 -0.25 -9.6 1.8 0 0 0 1 0 0 0 1.8 type-swiss721bt-bold-n2.dat
1 15 11.8 -0.25 -13.8 1.8 0 0 0 1 0 0 0 1.8 type-swiss721bt-bold-n2.dat
1 15 12.8 -0.25 9 1.8 0 0 0 1 0 0 0 1.8 type-swiss721bt-bold-n4.dat
1 15 5 -0.25 -6 1.8 0 0 0 1 0 0 0 1.8 type-swiss721bt-bold-n4.dat
1 15 9 -0.25 -4.8 1.8 0 0 0 1 0 0 0 1.8 type-swiss721bt-bold-n6.dat
1 15 12.6 -0.25 -6 1.8 0 0 0 1 0 0 0 1.8 type-swiss721bt-bold-n8.dat
1 15 12.5 -0.25 -9.8 1.8 0 0 0 1 0 0 0 1.8 type-swiss721bt-bold-n1.dat
1 15 10.5 -0.25 -13.8 1.8 0 0 0 1 0 0 0 1.8 type-swiss721bt-bold-n1.dat
4 0 -9.4 -0.25 16.6 -8.6 -0.25 16.6 -9 -0.25 17.2 -10.6 -0.25 17.04
4 0 -10.48 -0.25 16.45 -9.4 -0.25 16.6 -10.6 -0.25 17.04 -12.14 -0.25 16.58
3 0 -12.14 -0.25 16.58 -11.6 -0.25 16.1 -10.48 -0.25 16.45
4 0 -12.2 -0.25 15.9 -11.6 -0.25 16.1 -12.14 -0.25 16.58 -13.56 -0.25 15.82
4 0 -13.22 -0.25 15.32 -12.2 -0.25 15.9 -13.56 -0.25 15.82 -14.8 -0.25 14.8
3 0 -13.22 -0.25 15.32 -14.8 -0.25 14.8 -14.1 -0.25 14.6
4 0 -14.6 -0.25 14.1 -14.1 -0.25 14.6 -14.8 -0.25 14.8 -15.82 -0.25 13.56
4 0 -15.32 -0.25 13.22 -14.6 -0.25 14.1 -15.82 -0.25 13.56 -16.58 -0.25 12.14
3 0 -15.32 -0.25 13.22 -16.58 -0.25 12.14 -15.9 -0.25 12.2
4 0 -16.1 -0.25 11.6 -15.9 -0.25 12.2 -16.58 -0.25 12.14 -17.04 -0.25 10.6
4 0 -16.45 -0.25 10.48 -16.1 -0.25 11.6 -17.04 -0.25 10.6 -17.2 -0.25 9
3 0 -16.45 -0.25 10.48 -17.2 -0.25 9 -16.6 -0.25 9.4
4 0 -16.6 -0.25 9.4 -17.2 -0.25 9 -16.6 -0.25 8.6 -15.6 -0.25 8.6
4 0 -8.6 -0.25 15.6 -8.6 -0.25 16.6 -9.4 -0.25 16.6 -9.4 -0.25 15.6
4 0 -11.9 -0.25 15.2 -11.3 -0.25 15.4 -11.6 -0.25 16.1 -12.2 -0.25 15.9
4 0 -13.5 -0.25 14 -14.1 -0.25 14.6 -14.6 -0.25 14.1 -14 -0.25 13.5
4 0 -15.2 -0.25 11.9 -15.9 -0.25 12.2 -16.1 -0.25 11.6 -15.4 -0.25 11.3
3 0 -15.6 -0.25 9.4 -16.6 -0.25 9.4 -15.6 -0.25 8.6
4 0 -4.44 -0.25 15.82 -5.8 -0.25 15.9 -4.78 -0.25 15.32 -3.2 -0.25 14.8
3 0 -4.78 -0.25 15.32 -3.9 -0.25 14.6 -3.2 -0.25 14.8
4 0 -5.8 -0.25 15.9 -4.44 -0.25 15.82 -5.86 -0.25 16.58 -6.4 -0.25 16.1
4 0 -6.1 -0.25 15.2 -5.8 -0.25 15.9 -6.4 -0.25 16.1 -6.7 -0.25 15.4
4 0 -3.2 -0.25 14.8 -3.9 -0.25 14.6 -3.4 -0.25 14.1 -2.18 -0.25 13.56
4 0 -3.4 -0.25 14.1 -3.9 -0.25 14.6 -4.5 -0.25 14 -4 -0.25 13.5
4 0 -5.86 -0.25 16.58 -7.4 -0.25 17.04 -7.52 -0.25 16.45 -6.4 -0.25 16.1
4 0 -2.18 -0.25 13.56 -3.4 -0.25 14.1 -2.68 -0.25 13.22 -1.42 -0.25 12.14
4 0 -7.4 -0.25 17.04 -9 -0.25 17.2 -8.6 -0.25 16.6 -7.52 -0.25 16.45
3 0 -2.68 -0.25 13.22 -2.1 -0.25 12.2 -1.42 -0.25 12.14
4 0 -1.42 -0.25 12.14 -2.1 -0.25 12.2 -1.9 -0.25 11.6 -0.96 -0.25 10.6
4 0 -1.9 -0.25 11.6 -2.1 -0.25 12.2 -2.8 -0.25 11.9 -2.6 -0.25 11.3
4 0 -0.96 -0.25 10.6 -1.9 -0.25 11.6 -1.55 -0.25 10.48 -0.8 -0.25 9
3 0 -1.55 -0.25 10.48 -1.4 -0.25 9.4 -0.8 -0.25 9
4 0 -1.4 -0.25 8.6 -0.8 -0.25 9 -1.4 -0.25 9.4 -2.4 -0.25 8.6
3 0 -1.4 -0.25 9.4 -2.4 -0.25 9.4 -2.4 -0.25 8.6
4 0 -9 -0.25 0.8 -8.6 -0.25 1.4 -9.4 -0.25 1.4 -10.6 -0.25 0.96
4 0 -8.6 -0.25 1.4 -9 -0.25 0.8 -7.4 -0.25 0.96 -7.52 -0.25 1.55
4 0 -9.4 -0.25 1.4 -8.6 -0.25 1.4 -8.6 -0.25 2.4 -9.4 -0.25 2.4
4 0 -10.6 -0.25 0.96 -9.4 -0.25 1.4 -10.48 -0.25 1.55 -12.14 -0.25 1.42
4 0 -7.52 -0.25 1.55 -7.4 -0.25 0.96 -5.86 -0.25 1.42 -6.4 -0.25 1.9
3 0 -11.6 -0.25 1.9 -12.14 -0.25 1.42 -10.48 -0.25 1.55
4 0 -12.14 -0.25 1.42 -11.6 -0.25 1.9 -12.2 -0.25 2.1 -13.56 -0.25 2.18
4 0 -5.86 -0.25 1.42 -4.44 -0.25 2.18 -5.8 -0.25 2.1 -6.4 -0.25 1.9
4 0 -6.4 -0.25 1.9 -5.8 -0.25 2.1 -6.1 -0.25 2.8 -6.7 -0.25 2.6
4 0 -11.6 -0.25 1.9 -11.3 -0.25 2.6 -11.9 -0.25 2.8 -12.2 -0.25 2.1
4 0 -13.56 -0.25 2.18 -12.2 -0.25 2.1 -13.22 -0.25 2.68 -14.8 -0.25 3.2
4 0 -4.78 -0.25 2.68 -5.8 -0.25 2.1 -4.44 -0.25 2.18 -3.2 -0.25 3.2
3 0 -14.1 -0.25 3.4 -14.8 -0.25 3.2 -13.22 -0.25 2.68
4 0 -14.8 -0.25 3.2 -14.1 -0.25 3.4 -14.6 -0.25 3.9 -15.82 -0.25 4.44
3 0 -3.9 -0.25 3.4 -4.78 -0.25 2.68 -3.2 -0.25 3.2
4 0 -3.4 -0.25 3.9 -3.9 -0.25 3.4 -3.2 -0.25 3.2 -2.18 -0.25 4.44
4 0 -14.6 -0.25 3.9 -14.1 -0.25 3.4 -13.5 -0.25 4 -14 -0.25 4.5
4 0 -15.82 -0.25 4.44 -14.6 -0.25 3.9 -15.32 -0.25 4.78 -16.58 -0.25 5.86
4 0 -4.5 -0.25 4 -3.9 -0.25 3.4 -3.4 -0.25 3.9 -4 -0.25 4.5
4 0 -2.68 -0.25 4.78 -3.4 -0.25 3.9 -2.18 -0.25 4.44 -1.42 -0.25 5.86
3 0 -16.58 -0.25 5.86 -15.32 -0.25 4.78 -15.9 -0.25 5.8
4 0 -16.58 -0.25 5.86 -15.9 -0.25 5.8 -16.1 -0.25 6.4 -17.04 -0.25 7.4
3 0 -1.42 -0.25 5.86 -2.1 -0.25 5.8 -2.68 -0.25 4.78
4 0 -1.9 -0.25 6.4 -2.1 -0.25 5.8 -1.42 -0.25 5.86 -0.96 -0.25 7.4
4 0 -16.1 -0.25 6.4 -15.9 -0.25 5.8 -15.2 -0.25 6.1 -15.4 -0.25 6.7
4 0 -17.04 -0.25 7.4 -16.1 -0.25 6.4 -16.45 -0.25 7.52 -17.2 -0.25 9
4 0 -2.8 -0.25 6.1 -2.1 -0.25 5.8 -1.9 -0.25 6.4 -2.6 -0.25 6.7
4 0 -1.55 -0.25 7.52 -1.9 -0.25 6.4 -0.96 -0.25 7.4 -0.8 -0.25 9
3 0 -17.2 -0.25 9 -16.45 -0.25 7.52 -16.6 -0.25 8.6
3 0 -0.8 -0.25 9 -1.4 -0.25 8.6 -1.55 -0.25 7.52
4 0 7.4 -0.25 17.04 5.86 -0.25 16.58 7.52 -0.25 16.45 8.6 -0.25 16.6
4 0 9 -0.25 17.2 7.4 -0.25 17.04 8.6 -0.25 16.6 9.4 -0.25 16.6
3 0 5.86 -0.25 16.58 6.4 -0.25 16.1 7.52 -0.25 16.45
4 0 5.8 -0.25 15.9 6.4 -0.25 16.1 5.86 -0.25 16.58 4.44 -0.25 15.82
4 0 10.6 -0.25 17.04 9 -0.25 17.2 9.4 -0.25 16.6 10.48 -0.25 16.45
4 0 9.4 -0.25 15.6 9.4 -0.25 16.6 8.6 -0.25 16.6 8.6 -0.25 15.6
4 0 6.1 -0.25 15.2 6.7 -0.25 15.4 6.4 -0.25 16.1 5.8 -0.25 15.9
4 0 4.78 -0.25 15.32 5.8 -0.25 15.9 4.44 -0.25 15.82 3.2 -0.25 14.8
4 0 12.14 -0.25 16.58 10.6 -0.25 17.04 10.48 -0.25 16.45 11.6 -0.25 16.1
3 0 4.78 -0.25 15.32 3.2 -0.25 14.8 3.9 -0.25 14.6
4 0 3.4 -0.25 14.1 3.9 -0.25 14.6 3.2 -0.25 14.8 2.18 -0.25 13.56
4 0 12.2 -0.25 15.9 13.56 -0.25 15.82 12.14 -0.25 16.58 11.6 -0.25 16.1
4 0 4.5 -0.25 14 3.9 -0.25 14.6 3.4 -0.25 14.1 4 -0.25 13.5
4 0 2.68 -0.25 13.22 3.4 -0.25 14.1 2.18 -0.25 13.56 1.42 -0.25 12.14
4 0 11.9 -0.25 15.2 12.2 -0.25 15.9 11.6 -0.25 16.1 11.3 -0.25 15.4
4 0 13.56 -0.25 15.82 12.2 -0.25 15.9 13.22 -0.25 15.32 14.8 -0.25 14.8
3 0 2.68 -0.25 13.22 1.42 -0.25 12.14 2.1 -0.25 12.2
4 0 1.9 -0.25 11.6 2.1 -0.25 12.2 1.42 -0.25 12.14 0.96 -0.25 10.6
3 0 13.22 -0.25 15.32 14.1 -0.25 14.6 14.8 -0.25 14.8
4 0 14.8 -0.25 14.8 14.1 -0.25 14.6 14.6 -0.25 14.1 15.82 -0.25 13.56
4 0 2.8 -0.25 11.9 2.1 -0.25 12.2 1.9 -0.25 11.6 2.6 -0.25 11.3
4 0 1.55 -0.25 10.48 1.9 -0.25 11.6 0.96 -0.25 10.6 0.8 -0.25 9
4 0 14.6 -0.25 14.1 14.1 -0.25 14.6 13.5 -0.25 14 14 -0.25 13.5
4 0 15.82 -0.25 13.56 14.6 -0.25 14.1 15.32 -0.25 13.22 16.58 -0.25 12.14
3 0 1.55 -0.25 10.48 0.8 -0.25 9 1.4 -0.25 9.4
4 0 1.4 -0.25 9.4 0.8 -0.25 9 1.4 -0.25 8.6 2.4 -0.25 8.6
4 0 0.8 -0.25 9 0.96 -0.25 7.4 1.55 -0.25 7.52 1.4 -0.25 8.6
3 0 15.32 -0.25 13.22 15.9 -0.25 12.2 16.58 -0.25 12.14
4 0 16.58 -0.25 12.14 15.9 -0.25 12.2 16.1 -0.25 11.6 17.04 -0.25 10.6
3 0 2.4 -0.25 9.4 1.4 -0.25 9.4 2.4 -0.25 8.6
4 0 1.9 -0.25 6.4 1.55 -0.25 7.52 0.96 -0.25 7.4 1.42 -0.25 5.86
4 0 16.1 -0.25 11.6 15.9 -0.25 12.2 15.2 -0.25 11.9 15.4 -0.25 11.3
4 0 17.04 -0.25 10.6 16.1 -0.25 11.6 16.45 -0.25 10.48 17.2 -0.25 9
4 0 1.9 -0.25 6.4 1.42 -0.25 5.86 2.1 -0.25 5.8 2.8 -0.25 6.1
3 0 2.6 -0.25 6.7 1.9 -0.25 6.4 2.8 -0.25 6.1
4 0 1.42 -0.25 5.86 2.18 -0.25 4.44 2.68 -0.25 4.78 2.1 -0.25 5.8
3 0 16.45 -0.25 10.48 16.6 -0.25 9.4 17.2 -0.25 9
4 0 16.6 -0.25 8.6 17.2 -0.25 9 16.6 -0.25 9.4 15.6 -0.25 8.6
4 0 16.45 -0.25 7.52 17.04 -0.25 7.4 17.2 -0.25 9 16.6 -0.25 8.6
4 0 3.4 -0.25 3.9 2.68 -0.25 4.78 2.18 -0.25 4.44 3.2 -0.25 3.2
3 0 16.6 -0.25 9.4 15.6 -0.25 9.4 15.6 -0.25 8.6
4 0 17.04 -0.25 7.4 16.45 -0.25 7.52 16.1 -0.25 6.4 16.58 -0.25 5.86
4 0 3.4 -0.25 3.9 3.2 -0.25 3.2 3.9 -0.25 3.4 4.5 -0.25 4
3 0 4 -0.25 4.5 3.4 -0.25 3.9 4.5 -0.25 4
4 0 3.2 -0.25 3.2 4.44 -0.25 2.18 4.78 -0.25 2.68 3.9 -0.25 3.4
4 0 15.9 -0.25 5.8 16.58 -0.25 5.86 16.1 -0.25 6.4 15.2 -0.25 6.1
3 0 15.4 -0.25 6.7 15.2 -0.25 6.1 16.1 -0.25 6.4
4 0 15.32 -0.25 4.78 15.82 -0.25 4.44 16.58 -0.25 5.86 15.9 -0.25 5.8
4 0 5.8 -0.25 2.1 4.78 -0.25 2.68 4.44 -0.25 2.18 5.86 -0.25 1.42
4 0 15.82 -0.25 4.44 15.32 -0.25 4.78 14.6 -0.25 3.9 14.8 -0.25 3.2
3 0 5.8 -0.25 2.1 5.86 -0.25 1.42 6.4 -0.25 1.9
4 0 5.86 -0.25 1.42 7.4 -0.25 0.96 7.52 -0.25 1.55 6.4 -0.25 1.9
4 0 14.1 -0.25 3.4 14.8 -0.25 3.2 14.6 -0.25 3.9 13.5 -0.25 4
3 0 14 -0.25 4.5 13.5 -0.25 4 14.6 -0.25 3.9
4 0 13.22 -0.25 2.68 13.56 -0.25 2.18 14.8 -0.25 3.2 14.1 -0.25 3.4
4 0 8.6 -0.25 1.4 7.52 -0.25 1.55 7.4 -0.25 0.96 9 -0.25 0.8
4 0 13.56 -0.25 2.18 13.22 -0.25 2.68 12.2 -0.25 2.1 12.14 -0.25 1.42
4 0 9.4 -0.25 1.4 8.6 -0.25 1.4 9 -0.25 0.8 10.6 -0.25 0.96
3 0 12.2 -0.25 2.1 11.6 -0.25 1.9 12.14 -0.25 1.42
4 0 10.48 -0.25 1.55 10.6 -0.25 0.96 12.14 -0.25 1.42 11.6 -0.25 1.9
3 0 10.48 -0.25 1.55 9.4 -0.25 1.4 10.6 -0.25 0.96
4 0 7.4 -0.25 -0.96 5.86 -0.25 -1.42 7.52 -0.25 -1.55 8.6 -0.25 -1.4
4 0 9 -0.25 -0.8 7.4 -0.25 -0.96 8.6 -0.25 -1.4 9.4 -0.25 -1.4
3 0 5.86 -0.25 -1.42 6.4 -0.25 -1.9 7.52 -0.25 -1.55
4 0 5.8 -0.25 -2.1 6.4 -0.25 -1.9 5.86 -0.25 -1.42 4.44 -0.25 -2.18
4 0 10.6 -0.25 -0.96 9 -0.25 -0.8 9.4 -0.25 -1.4 10.48 -0.25 -1.55
4 0 9.4 -0.25 -2.4 9.4 -0.25 -1.4 8.6 -0.25 -1.4 8.6 -0.25 -2.4
4 0 6.1 -0.25 -2.8 6.7 -0.25 -2.6 6.4 -0.25 -1.9 5.8 -0.25 -2.1
4 0 4.78 -0.25 -2.68 5.8 -0.25 -2.1 4.44 -0.25 -2.18 3.2 -0.25 -3.2
4 0 12.14 -0.25 -1.42 10.6 -0.25 -0.96 10.48 -0.25 -1.55 11.6 -0.25 -1.9
3 0 4.78 -0.25 -2.68 3.2 -0.25 -3.2 3.9 -0.25 -3.4
4 0 3.4 -0.25 -3.9 3.9 -0.25 -3.4 3.2 -0.25 -3.2 2.18 -0.25 -4.44
4 0 12.2 -0.25 -2.1 13.56 -0.25 -2.18 12.14 -0.25 -1.42 11.6 -0.25 -1.9
4 0 4.5 -0.25 -4 3.9 -0.25 -3.4 3.4 -0.25 -3.9 4 -0.25 -4.5
4 0 2.68 -0.25 -4.78 3.4 -0.25 -3.9 2.18 -0.25 -4.44 1.42 -0.25 -5.86
4 0 11.9 -0.25 -2.8 12.2 -0.25 -2.1 11.6 -0.25 -1.9 11.3 -0.25 -2.6
4 0 13.56 -0.25 -2.18 12.2 -0.25 -2.1 13.22 -0.25 -2.68 14.8 -0.25 -3.2
3 0 2.68 -0.25 -4.78 1.42 -0.25 -5.86 2.1 -0.25 -5.8
4 0 1.9 -0.25 -6.4 2.1 -0.25 -5.8 1.42 -0.25 -5.86 0.96 -0.25 -7.4
3 0 13.22 -0.25 -2.68 14.1 -0.25 -3.4 14.8 -0.25 -3.2
4 0 14.8 -0.25 -3.2 14.1 -0.25 -3.4 14.6 -0.25 -3.9 15.82 -0.25 -4.44
4 0 2.8 -0.25 -6.1 2.1 -0.25 -5.8 1.9 -0.25 -6.4 2.6 -0.25 -6.7
4 0 1.55 -0.25 -7.52 1.9 -0.25 -6.4 0.96 -0.25 -7.4 0.8 -0.25 -9
4 0 14.6 -0.25 -3.9 14.1 -0.25 -3.4 13.5 -0.25 -4 14 -0.25 -4.5
4 0 15.82 -0.25 -4.44 14.6 -0.25 -3.9 15.32 -0.25 -4.78 16.58 -0.25 -5.86
3 0 1.55 -0.25 -7.52 0.8 -0.25 -9 1.4 -0.25 -8.6
4 0 1.4 -0.25 -8.6 0.8 -0.25 -9 1.4 -0.25 -9.4 2.4 -0.25 -9.4
4 0 0.8 -0.25 -9 0.96 -0.25 -10.6 1.55 -0.25 -10.48 1.4 -0.25 -9.4
3 0 15.32 -0.25 -4.78 15.9 -0.25 -5.8 16.58 -0.25 -5.86
4 0 16.58 -0.25 -5.86 15.9 -0.25 -5.8 16.1 -0.25 -6.4 17.04 -0.25 -7.4
3 0 2.4 -0.25 -8.6 1.4 -0.25 -8.6 2.4 -0.25 -9.4
4 0 1.9 -0.25 -11.6 1.55 -0.25 -10.48 0.96 -0.25 -10.6 1.42 -0.25 -12.14
4 0 16.1 -0.25 -6.4 15.9 -0.25 -5.8 15.2 -0.25 -6.1 15.4 -0.25 -6.7
4 0 17.04 -0.25 -7.4 16.1 -0.25 -6.4 16.45 -0.25 -7.52 17.2 -0.25 -9
4 0 1.9 -0.25 -11.6 1.42 -0.25 -12.14 2.1 -0.25 -12.2 2.8 -0.25 -11.9
3 0 2.6 -0.25 -11.3 1.9 -0.25 -11.6 2.8 -0.25 -11.9
4 0 1.42 -0.25 -12.14 2.18 -0.25 -13.56 2.68 -0.25 -13.22 2.1 -0.25 -12.2
3 0 16.45 -0.25 -7.52 16.6 -0.25 -8.6 17.2 -0.25 -9
4 0 16.6 -0.25 -9.4 17.2 -0.25 -9 16.6 -0.25 -8.6 15.6 -0.25 -9.4
4 0 16.45 -0.25 -10.48 17.04 -0.25 -10.6 17.2 -0.25 -9 16.6 -0.25 -9.4
4 0 3.4 -0.25 -14.1 2.68 -0.25 -13.22 2.18 -0.25 -13.56 3.2 -0.25 -14.8
3 0 16.6 -0.25 -8.6 15.6 -0.25 -8.6 15.6 -0.25 -9.4
4 0 17.04 -0.25 -10.6 16.45 -0.25 -10.48 16.1 -0.25 -11.6 16.58 -0.25 -12.14
4 0 3.4 -0.25 -14.1 3.2 -0.25 -14.8 3.9 -0.25 -14.6 4.5 -0.25 -14
3 0 4 -0.25 -13.5 3.4 -0.25 -14.1 4.5 -0.25 -14
4 0 3.2 -0.25 -14.8 4.44 -0.25 -15.82 4.78 -0.25 -15.32 3.9 -0.25 -14.6
4 0 15.9 -0.25 -12.2 16.58 -0.25 -12.14 16.1 -0.25 -11.6 15.2 -0.25 -11.9
3 0 15.4 -0.25 -11.3 15.2 -0.25 -11.9 16.1 -0.25 -11.6
4 0 15.32 -0.25 -13.22 15.82 -0.25 -13.56 16.58 -0.25 -12.14 15.9 -0.25 -12.2
4 0 5.8 -0.25 -15.9 4.78 -0.25 -15.32 4.44 -0.25 -15.82 5.86 -0.25 -16.58
4 0 15.82 -0.25 -13.56 15.32 -0.25 -13.22 14.6 -0.25 -14.1 14.8 -0.25 -14.8
3 0 5.8 -0.25 -15.9 5.86 -0.25 -16.58 6.4 -0.25 -16.1
4 0 5.86 -0.25 -16.58 7.4 -0.25 -17.04 7.52 -0.25 -16.45 6.4 -0.25 -16.1
4 0 14.1 -0.25 -14.6 14.8 -0.25 -14.8 14.6 -0.25 -14.1 13.5 -0.25 -14
3 0 14 -0.25 -13.5 13.5 -0.25 -14 14.6 -0.25 -14.1
4 0 13.22 -0.25 -15.32 13.56 -0.25 -15.82 14.8 -0.25 -14.8 14.1 -0.25 -14.6
4 0 8.6 -0.25 -16.6 7.52 -0.25 -16.45 7.4 -0.25 -17.04 9 -0.25 -17.2
4 0 13.56 -0.25 -15.82 13.22 -0.25 -15.32 12.2 -0.25 -15.9 12.14 -0.25 -16.58
4 0 9.4 -0.25 -16.6 8.6 -0.25 -16.6 9 -0.25 -17.2 10.6 -0.25 -17.04
3 0 12.2 -0.25 -15.9 11.6 -0.25 -16.1 12.14 -0.25 -16.58
4 0 10.48 -0.25 -16.45 10.6 -0.25 -17.04 12.14 -0.25 -16.58 11.6 -0.25 -16.1
3 0 10.48 -0.25 -16.45 9.4 -0.25 -16.6 10.6 -0.25 -17.04
4 0 -9 -0.25 11 -11 -0.25 9 -10.85 -0.25 8.23 -8.23 -0.25 10.85
4 0 -8.23 -0.25 10.85 -10.85 -0.25 8.23 -10.41 -0.25 7.59 -7.59 -0.25 10.41
4 0 -7.15 -0.25 9.77 -10.41 -0.25 7.59 -9.77 -0.25 7.15 -7 -0.25 9
3 0 -7.59 -0.25 10.41 -10.41 -0.25 7.59 -7.15 -0.25 9.77
4 0 -11 -0.25 9 -9 -0.25 11 -9.77 -0.25 10.85 -10.85 -0.25 9.77
4 0 -9.77 -0.25 10.85 -9 -0.25 11 -12.7 -0.25 14.7 -13.2 -0.25 14.2
4 0 -14.7 -0.25 12.7 -11 -0.25 9 -10.85 -0.25 9.77 -14.2 -0.25 13.2
4 0 -10.6 -0.25 10.2 -10.2 -0.25 10.6 -12.4 -0.25 12.8 -12.8 -0.25 12.4
4 0 -10.85 -0.25 9.77 -9.77 -0.25 10.85 -10.2 -0.25 10.6 -10.6 -0.25 10.2
4 0 -9 -0.25 7 -7.15 -0.25 8.23 -7 -0.25 9 -9.77 -0.25 7.15
4 0 -8.23 -0.25 7.15 -9 -0.25 7 -5.3 -0.25 3.3 -4.8 -0.25 3.8
4 0 -3.3 -0.25 5.3 -7 -0.25 9 -7.15 -0.25 8.23 -3.8 -0.25 4.8
4 0 -7.4 -0.25 7.8 -7.8 -0.25 7.4 -5.6 -0.25 5.2 -5.2 -0.25 5.6
4 0 -7.15 -0.25 8.23 -9 -0.25 7 -8.23 -0.25 7.15 -7.4 -0.25 7.8
3 0 -7.4 -0.25 7.8 -8.23 -0.25 7.15 -7.8 -0.25 7.4
4 0 9 -0.25 9.8 8.26 -0.25 9.31 8.2 -0.25 9 8.26 -0.25 8.69
4 0 9 -0.25 9.8 9 -0.25 8.2 9.31 -0.25 8.26 9.57 -0.25 8.43
4 0 9 -0.25 9.8 9.57 -0.25 8.43 9.74 -0.25 8.69 9.8 -0.25 9
4 0 9 -0.25 9.8 9.8 -0.25 9 9.74 -0.25 9.31 9.2 -0.25 9.8
4 0 9 -0.25 9.8 8.69 -0.25 9.74 8.43 -0.25 9.57 8.26 -0.25 9.31
4 15 11.7 -0.25 4.5 6.3 -0.25 4.5 6.3 -0.25 3.2 11.7 -0.25 3.2
4 0 5.8 -0.25 5 6.3 -0.25 4.5 11.7 -0.25 4.5 12.2 -0.25 5
4 0 12.2 -0.25 5 11.7 -0.25 4.5 11.7 -0.25 3.2 12.2 -0.25 2.7
4 0 12.2 -0.25 2.7 11.7 -0.25 3.2 6.3 -0.25 3.2 5.8 -0.25 2.7
4 0 5.8 -0.25 2.7 6.3 -0.25 3.2 6.3 -0.25 4.5 5.8 -0.25 5
4 0 8.26 -0.25 -8.69 8.2 -0.25 -9 9 -0.25 -8.2 8.43 -0.25 -8.43
4 0 9 -0.25 -8.2 8.69 -0.25 -9.74 9 -0.25 -9.8 9.31 -0.25 -9.74
4 0 9 -0.25 -8.2 9.31 -0.25 -9.74 9.57 -0.25 -9.57 9.74 -0.25 -9.31
4 0 9 -0.25 -8.2 9.74 -0.25 -9.31 9.8 -0.25 -9 9.8 -0.25 -8.9
3 0 9 -0.25 -8.2 8.69 -0.25 -8.26 8.43 -0.25 -8.43
4 0 13.1 -0.25 13.2 12.5 -0.25 13.7 9.2 -0.25 9.8 9.74 -0.25 9.31
4 0 9 -0.25 9.8 8.26 -0.25 8.69 8.8 -0.25 8.2 9 -0.25 8.2
4 0 8.8 -0.25 8.2 8.26 -0.25 8.69 6.8 -0.25 6.9 7.3 -0.25 6.5
4 0 11.6 -0.25 -7.7 11.2 -0.25 -7.1 9.4 -0.25 -8.3 9.8 -0.25 -8.9
4 0 9 -0.25 -8.2 9.8 -0.25 -8.9 9.4 -0.25 -8.3 9.31 -0.25 -8.26
4 0 9 -0.25 -8.2 8.2 -0.25 -9 8.2 -0.25 -9.1 8.6 -0.25 -9.7
3 0 9 -0.25 -8.2 8.6 -0.25 -9.7 8.69 -0.25 -9.74
4 0 8.6 -0.25 -9.7 8.2 -0.25 -9.1 3.6 -0.25 -12.2 4 -0.25 -12.8
4 15 -9.4 -0.25 15.6 -9.4 -0.25 16.6 -10.48 -0.25 16.45 -11.3 -0.25 15.4
3 15 -10.48 -0.25 16.45 -11.6 -0.25 16.1 -11.3 -0.25 15.4
4 15 -9.4 -0.25 15.6 -11.3 -0.25 15.4 -9.7416 -0.25 14.7 -8.2584 -0.25 14.7
4 15 -8.6 -0.25 15.6 -9.4 -0.25 15.6 -8.2584 -0.25 14.7 -6.7 -0.25 15.4
4 15 -8.6 -0.25 15.6 -6.7 -0.25 15.4 -7.52 -0.25 16.45 -8.6 -0.25 16.6
3 15 -7.52 -0.25 16.45 -6.7 -0.25 15.4 -6.4 -0.25 16.1
4 15 -6.1 -0.25 15.2 -6.7 -0.25 15.4 -8.2584 -0.25 14.7 -4.5 -0.25 14
4 15 -6.1 -0.25 15.2 -4.5 -0.25 14 -4.78 -0.25 15.32 -5.8 -0.25 15.9
3 15 -4.78 -0.25 15.32 -4.5 -0.25 14 -3.9 -0.25 14.6
4 15 -4.5 -0.25 14 -8.2584 -0.25 14.7 -8.2584 -0.25 12.9 -4 -0.25 13.5
4 15 -4 -0.25 13.5 -8.2584 -0.25 12.9 -4.675 -0.25 9.9 -2.8 -0.25 11.9
4 15 -4 -0.25 13.5 -2.8 -0.25 11.9 -2.68 -0.25 13.22 -3.4 -0.25 14.1
3 15 -2.68 -0.25 13.22 -2.8 -0.25 11.9 -2.1 -0.25 12.2
4 15 -2.6 -0.25 11.3 -2.8 -0.25 11.9 -4.675 -0.25 9.9 -3.325 -0.25 9.9
4 15 -1.55 -0.25 10.48 -2.6 -0.25 11.3 -3.325 -0.25 9.9 -2.4 -0.25 9.4
3 15 -1.55 -0.25 10.48 -2.4 -0.25 9.4 -1.4 -0.25 9.4
4 15 -2.4 -0.25 8.6 -2.4 -0.25 9.4 -3.325 -0.25 9.9 -3.325 -0.25 8.1
4 15 -2.4 -0.25 8.6 -3.325 -0.25 8.1 -2.6 -0.25 6.7 -1.55 -0.25 7.52
3 15 -1.4 -0.25 8.6 -2.4 -0.25 8.6 -1.55 -0.25 7.52
3 15 -1.55 -0.25 7.52 -2.6 -0.25 6.7 -1.9 -0.25 6.4
3 15 -1.9 -0.25 11.6 -2.6 -0.25 11.3 -1.55 -0.25 10.48
4 15 -2.6 -0.25 6.7 -3.325 -0.25 8.1 -4.675 -0.25 8.1 -2.8 -0.25 6.1
4 15 -3.3 -0.25 5.3 -2.8 -0.25 6.1 -4.675 -0.25 8.1 -7 -0.25 9
4 15 -7 -0.25 9 -4.675 -0.25 8.1 -4.675 -0.25 9.9 -7.15 -0.25 9.77
4 15 -7.59 -0.25 10.41 -7.15 -0.25 9.77 -4.675 -0.25 9.9 -8.2584 -0.25 12.9
3 15 -8.2584 -0.25 12.9 -8.23 -0.25 10.85 -7.59 -0.25 10.41
4 15 -9 -0.25 11 -8.23 -0.25 10.85 -8.2584 -0.25 12.9 -9.7416 -0.25 12.9
4 15 -12.7 -0.25 14.7 -9 -0.25 11 -9.7416 -0.25 12.9 -11.9 -0.25 15.2
4 15 -11.9 -0.25 15.2 -9.7416 -0.25 12.9 -9.7416 -0.25 14.7 -11.3 -0.25 15.4
4 15 -12.7 -0.25 14.7 -11.9 -0.25 15.2 -12.2 -0.25 15.9 -13.22 -0.25 15.32
4 15 -13.2 -0.25 14.2 -12.7 -0.25 14.7 -13.22 -0.25 15.32 -14.1 -0.25 14.6
3 15 -14.1 -0.25 14.6 -13.5 -0.25 14 -13.2 -0.25 14.2
4 15 -13.2 -0.25 14.2 -13.5 -0.25 14 -12.4 -0.25 12.8 -9.77 -0.25 10.85
3 15 -12.4 -0.25 12.8 -10.2 -0.25 10.6 -9.77 -0.25 10.85
4 15 -12.8 -0.25 12.4 -12.4 -0.25 12.8 -13.5 -0.25 14 -14 -0.25 13.5
4 15 -12.8 -0.25 12.4 -14 -0.25 13.5 -14.2 -0.25 13.2 -10.85 -0.25 9.77
3 15 -12.8 -0.25 12.4 -10.85 -0.25 9.77 -10.6 -0.25 10.2
4 15 -14.2 -0.25 13.2 -14 -0.25 13.5 -14.6 -0.25 14.1 -15.32 -0.25 13.22
4 15 -14.7 -0.25 12.7 -14.2 -0.25 13.2 -15.32 -0.25 13.22 -15.9 -0.25 12.2
3 15 -14.7 -0.25 12.7 -15.9 -0.25 12.2 -15.2 -0.25 11.9
4 15 -12.6516 -0.25 9.9 -14.7 -0.25 12.7 -15.2 -0.25 11.9 -14.9484 -0.25 9.9
4 15 -14.9484 -0.25 9.9 -15.2 -0.25 11.9 -15.4 -0.25 11.3 -15.6 -0.25 9.4
4 15 -16.45 -0.25 10.48 -15.6 -0.25 9.4 -15.4 -0.25 11.3 -16.1 -0.25 11.6
3 15 -16.45 -0.25 10.48 -16.6 -0.25 9.4 -15.6 -0.25 9.4
4 15 -14.9484 -0.25 8.1 -14.9484 -0.25 9.9 -15.6 -0.25 9.4 -15.6 -0.25 8.6
4 15 -15.4 -0.25 6.7 -14.9484 -0.25 8.1 -15.6 -0.25 8.6 -16.45 -0.25 7.52
3 15 -15.6 -0.25 8.6 -16.6 -0.25 8.6 -16.45 -0.25 7.52
3 15 -16.45 -0.25 7.52 -16.1 -0.25 6.4 -15.4 -0.25 6.7
4 15 -14.9484 -0.25 8.1 -15.4 -0.25 6.7 -15.2 -0.25 6.1 -12.6516 -0.25 8.1
4 15 -14 -0.25 4.5 -12.6516 -0.25 8.1 -15.2 -0.25 6.1 -15.32 -0.25 4.78
3 15 -15.2 -0.25 6.1 -15.9 -0.25 5.8 -15.32 -0.25 4.78
3 15 -15.32 -0.25 4.78 -14.6 -0.25 3.9 -14 -0.25 4.5
4 15 -12.6516 -0.25 8.1 -14 -0.25 4.5 -13.5 -0.25 4 -10.41 -0.25 7.59
3 15 -10.85 -0.25 8.23 -12.6516 -0.25 8.1 -10.41 -0.25 7.59
4 15 -12.6516 -0.25 8.1 -10.85 -0.25 8.23 -11 -0.25 9 -12.6516 -0.25 9.9
3 15 -14.7 -0.25 12.7 -12.6516 -0.25 9.9 -11 -0.25 9
4 15 -11.9 -0.25 2.8 -10.41 -0.25 7.59 -13.5 -0.25 4 -13.22 -0.25 2.68
3 15 -13.5 -0.25 4 -14.1 -0.25 3.4 -13.22 -0.25 2.68
3 15 -11.9 -0.25 2.8 -13.22 -0.25 2.68 -12.2 -0.25 2.1
4 15 -9.77 -0.25 7.15 -10.41 -0.25 7.59 -11.9 -0.25 2.8 -9.6948 -0.25 5.1
4 15 -9.6948 -0.25 5.1 -11.9 -0.25 2.8 -11.3 -0.25 2.6 -9.6948 -0.25 3.3
4 15 -9.4 -0.25 2.4 -9.6948 -0.25 3.3 -11.3 -0.25 2.6 -10.48 -0.25 1.55
3 15 -11.3 -0.25 2.6 -11.6 -0.25 1.9 -10.48 -0.25 1.55
3 15 -9.4 -0.25 2.4 -10.48 -0.25 1.55 -9.4 -0.25 1.4
4 15 -8.3052 -0.25 3.3 -9.6948 -0.25 3.3 -9.4 -0.25 2.4 -8.6 -0.25 2.4
4 15 -6.7 -0.25 2.6 -8.3052 -0.25 3.3 -8.6 -0.25 2.4 -7.52 -0.25 1.55
3 15 -8.6 -0.25 2.4 -8.6 -0.25 1.4 -7.52 -0.25 1.55
3 15 -6.7 -0.25 2.6 -7.52 -0.25 1.55 -6.4 -0.25 1.9
4 15 -8.3052 -0.25 3.3 -6.7 -0.25 2.6 -6.1 -0.25 2.8 -8.3052 -0.25 5.1
4 15 -9 -0.25 7 -8.3052 -0.25 5.1 -6.1 -0.25 2.8 -5.3 -0.25 3.3
4 15 -9.6948 -0.25 5.1 -8.3052 -0.25 5.1 -9 -0.25 7 -9.77 -0.25 7.15
4 15 -4.78 -0.25 2.68 -5.3 -0.25 3.3 -6.1 -0.25 2.8 -5.8 -0.25 2.1
4 15 -4.8 -0.25 3.8 -5.3 -0.25 3.3 -4.78 -0.25 2.68 -3.9 -0.25 3.4
3 15 -4.5 -0.25 4 -4.8 -0.25 3.8 -3.9 -0.25 3.4
4 15 -4.8 -0.25 3.8 -4.5 -0.25 4 -5.6 -0.25 5.2 -8.23 -0.25 7.15
3 15 -7.8 -0.25 7.4 -8.23 -0.25 7.15 -5.6 -0.25 5.2
4 15 -5.6 -0.25 5.2 -4.5 -0.25 4 -4 -0.25 4.5 -5.2 -0.25 5.6
4 15 -5.2 -0.25 5.6 -4 -0.25 4.5 -3.8 -0.25 4.8 -7.15 -0.25 8.23
3 15 -7.15 -0.25 8.23 -7.4 -0.25 7.8 -5.2 -0.25 5.6
4 15 -3.8 -0.25 4.8 -4 -0.25 4.5 -3.4 -0.25 3.9 -2.68 -0.25 4.78
4 15 -3.3 -0.25 5.3 -3.8 -0.25 4.8 -2.68 -0.25 4.78 -2.1 -0.25 5.8
3 15 -2.8 -0.25 6.1 -3.3 -0.25 5.3 -2.1 -0.25 5.8
4 15 8.6 -0.25 15.6 8.6 -0.25 16.6 7.52 -0.25 16.45 6.7 -0.25 15.4
4 15 8.6 -0.25 15.6 6.7 -0.25 15.4 7.67 -0.25 14.3 8.93 -0.25 14.3
4 15 9.4 -0.25 15.6 8.6 -0.25 15.6 8.93 -0.25 14.3 9.07 -0.25 14.3
4 15 9.4 -0.25 15.6 9.07 -0.25 14.3 10.33 -0.25 14.3 11.3 -0.25 15.4
4 15 9.4 -0.25 15.6 11.3 -0.25 15.4 10.48 -0.25 16.45 9.4 -0.25 16.6
3 15 10.48 -0.25 16.45 11.3 -0.25 15.4 11.6 -0.25 16.1
4 15 11.9 -0.25 15.2 11.3 -0.25 15.4 10.33 -0.25 14.3 12.5 -0.25 13.7
4 15 11.9 -0.25 15.2 12.5 -0.25 13.7 13.5 -0.25 14 13.22 -0.25 15.32
3 15 12.2 -0.25 15.9 11.9 -0.25 15.2 13.22 -0.25 15.32
3 15 13.22 -0.25 15.32 13.5 -0.25 14 14.1 -0.25 14.6
4 15 13.5 -0.25 14 12.5 -0.25 13.7 13.1 -0.25 13.2 14 -0.25 13.5
4 15 14 -0.25 13.5 13.1 -0.25 13.2 15.2 -0.25 11.9 15.32 -0.25 13.22
3 15 14.6 -0.25 14.1 14 -0.25 13.5 15.32 -0.25 13.22
3 15 15.32 -0.25 13.22 15.2 -0.25 11.9 15.9 -0.25 12.2
4 15 15.2 -0.25 11.9 13.1 -0.25 13.2 13.4795 -0.25 9.9 13.57 -0.25 9.9
4 15 15.4 -0.25 11.3 15.2 -0.25 11.9 13.57 -0.25 9.9 14.83 -0.25 9.9
4 15 15.4 -0.25 11.3 14.83 -0.25 9.9 15.6 -0.25 9.4 16.45 -0.25 10.48
3 15 16.1 -0.25 11.6 15.4 -0.25 11.3 16.45 -0.25 10.48
3 15 16.45 -0.25 10.48 15.6 -0.25 9.4 16.6 -0.25 9.4
4 15 15.6 -0.25 8.6 15.6 -0.25 9.4 14.83 -0.25 9.9 14.83 -0.25 8.1
4 15 15.6 -0.25 8.6 14.83 -0.25 8.1 15.4 -0.25 6.7 16.45 -0.25 7.52
3 15 16.6 -0.25 8.6 15.6 -0.25 8.6 16.45 -0.25 7.52
3 15 16.45 -0.25 7.52 15.4 -0.25 6.7 16.1 -0.25 6.4
4 15 15.2 -0.25 6.1 15.4 -0.25 6.7 14.83 -0.25 8.1 14 -0.25 4.5
4 15 15.2 -0.25 6.1 14 -0.25 4.5 15.32 -0.25 4.78 15.9 -0.25 5.8
3 15 15.32 -0.25 4.78 14 -0.25 4.5 14.6 -0.25 3.9
4 15 14 -0.25 4.5 14.83 -0.25 8.1 13.57 -0.25 8.1 12.2 -0.25 5
3 15 12.2 -0.25 5 13.5 -0.25 4 14 -0.25 4.5
4 15 13.5 -0.25 4 12.2 -0.25 5 12.2 -0.25 2.7 13.22 -0.25 2.68
3 15 13.5 -0.25 4 13.22 -0.25 2.68 14.1 -0.25 3.4
4 15 12.2 -0.25 2.1 13.22 -0.25 2.68 12.2 -0.25 2.7 11.6 -0.25 1.9
4 15 10.48 -0.25 1.55 11.6 -0.25 1.9 12.2 -0.25 2.7 9.4 -0.25 1.4
4 15 9.4 -0.25 1.4 12.2 -0.25 2.7 5.8 -0.25 2.7 8.6 -0.25 1.4
4 15 7.52 -0.25 1.55 8.6 -0.25 1.4 5.8 -0.25 2.7 6.4 -0.25 1.9
4 15 5.8 -0.25 2.1 6.4 -0.25 1.9 5.8 -0.25 2.7 4.78 -0.25 2.68
4 15 4.78 -0.25 2.68 5.8 -0.25 2.7 4.5 -0.25 4 3.9 -0.25 3.4
3 15 5.8 -0.25 5 4.5 -0.25 4 5.8 -0.25 2.7
4 15 4 -0.25 4.5 4.5 -0.25 4 5.8 -0.25 5 3.761 -0.25 8.1
4 15 4 -0.25 4.5 3.761 -0.25 8.1 2.8 -0.25 6.1 2.68 -0.25 4.78
3 15 2.68 -0.25 4.78 3.4 -0.25 3.9 4 -0.25 4.5
3 15 2.8 -0.25 6.1 2.1 -0.25 5.8 2.68 -0.25 4.78
4 15 2.6 -0.25 6.7 2.8 -0.25 6.1 3.761 -0.25 8.1 2.4 -0.25 8.6
4 15 2.6 -0.25 6.7 2.4 -0.25 8.6 1.55 -0.25 7.52 1.9 -0.25 6.4
3 15 2.4 -0.25 8.6 1.4 -0.25 8.6 1.55 -0.25 7.52
4 15 2.4 -0.25 8.6 3.761 -0.25 8.1 3.761 -0.25 9.9 2.4 -0.25 9.4
4 15 2.4 -0.25 9.4 3.761 -0.25 9.9 2.6 -0.25 11.3 1.55 -0.25 10.48
3 15 1.55 -0.25 10.48 1.4 -0.25 9.4 2.4 -0.25 9.4
3 15 1.9 -0.25 11.6 1.55 -0.25 10.48 2.6 -0.25 11.3
4 15 2.8 -0.25 11.9 2.6 -0.25 11.3 3.761 -0.25 9.9 4 -0.25 13.5
4 15 2.8 -0.25 11.9 4 -0.25 13.5 2.68 -0.25 13.22 2.1 -0.25 12.2
3 15 3.4 -0.25 14.1 2.68 -0.25 13.22 4 -0.25 13.5
4 15 4 -0.25 13.5 3.761 -0.25 9.9 5.039 -0.25 9.9 4.5 -0.25 14
4 15 4.5 -0.25 14 5.039 -0.25 9.9 7.67 -0.25 12.5 6.1 -0.25 15.2
4 15 4.5 -0.25 14 6.1 -0.25 15.2 4.78 -0.25 15.32 3.9 -0.25 14.6
3 15 5.8 -0.25 15.9 4.78 -0.25 15.32 6.1 -0.25 15.2
4 15 6.1 -0.25 15.2 7.67 -0.25 12.5 7.67 -0.25 14.3 6.7 -0.25 15.4
3 15 7.52 -0.25 16.45 6.4 -0.25 16.1 6.7 -0.25 15.4
3 15 7.67 -0.25 12.5 5.039 -0.25 9.9 5.17 -0.25 9.9
3 15 7.67 -0.25 12.5 5.17 -0.25 9.9 6.43 -0.25 9.9
4 15 7.67 -0.25 12.5 6.43 -0.25 9.9 8.43 -0.25 9.57 8.69 -0.25 9.74
4 15 8.93 -0.25 12.5 7.67 -0.25 12.5 8.69 -0.25 9.74 9 -0.25 9.8
4 15 8.93 -0.25 12.5 9 -0.25 9.8 9.07 -0.25 12.5 9.07 -0.25 14.3
3 15 9.07 -0.25 14.3 8.93 -0.25 14.3 8.93 -0.25 12.5
4 15 9.07 -0.25 12.5 9 -0.25 9.8 9.2 -0.25 9.8 10.33 -0.25 12.5
3 15 12.5 -0.25 13.7 10.33 -0.25 12.5 9.2 -0.25 9.8
3 15 10.33 -0.25 14.3 10.33 -0.25 12.5 12.5 -0.25 13.7
3 15 6.43 -0.25 9.9 8.26 -0.25 9.31 8.43 -0.25 9.57
4 15 8.2 -0.25 9 8.26 -0.25 9.31 6.43 -0.25 9.9 6.43 -0.25 8.1
4 15 8.26 -0.25 8.69 8.2 -0.25 9 6.43 -0.25 8.1 6.8 -0.25 6.9
4 15 5.8 -0.25 5 6.8 -0.25 6.9 6.43 -0.25 8.1 5.17 -0.25 8.1
3 15 5.17 -0.25 8.1 5.039 -0.25 8.1 5.8 -0.25 5
4 15 5.039 -0.25 8.1 5.17 -0.25 8.1 5.17 -0.25 9.9 5.039 -0.25 9.9
3 15 6.8 -0.25 6.9 5.8 -0.25 5 7.3 -0.25 6.5
4 15 7.3 -0.25 6.5 5.8 -0.25 5 12.2 -0.25 5 12.1205 -0.25 8.1
3 15 13.4795 -0.25 8.1 12.1205 -0.25 8.1 12.2 -0.25 5
3 15 13.57 -0.25 8.1 13.4795 -0.25 8.1 12.2 -0.25 5
4 15 13.4795 -0.25 8.1 13.57 -0.25 8.1 13.57 -0.25 9.9 13.4795 -0.25 9.9
4 15 7.3 -0.25 6.5 12.1205 -0.25 8.1 9.31 -0.25 8.26 9 -0.25 8.2
3 15 9 -0.25 8.2 8.8 -0.25 8.2 7.3 -0.25 6.5
3 15 9.57 -0.25 8.43 9.31 -0.25 8.26 12.1205 -0.25 8.1
3 15 9.74 -0.25 8.69 9.57 -0.25 8.43 12.1205 -0.25 8.1
4 15 9.8 -0.25 9 9.74 -0.25 8.69 12.1205 -0.25 8.1 12.1205 -0.25 9.9
4 15 9.74 -0.25 9.31 9.8 -0.25 9 12.1205 -0.25 9.9 13.1 -0.25 13.2
3 15 13.1 -0.25 13.2 12.1205 -0.25 9.9 13.4795 -0.25 9.9
3 15 5.039 -0.25 8.1 3.761 -0.25 8.1 5.8 -0.25 5
4 15 8.6 -0.25 -2.4 8.6 -0.25 -1.4 7.52 -0.25 -1.55 6.7 -0.25 -2.6
3 15 7.52 -0.25 -1.55 6.4 -0.25 -1.9 6.7 -0.25 -2.6
4 15 8.6 -0.25 -2.4 6.7 -0.25 -2.6 8.37 -0.25 -3.9 9.4 -0.25 -2.4
4 15 9.4 -0.25 -2.4 8.37 -0.25 -3.9 9.63 -0.25 -3.9 11.3 -0.25 -2.6
4 15 9.4 -0.25 -2.4 11.3 -0.25 -2.6 10.48 -0.25 -1.55 9.4 -0.25 -1.4
3 15 10.48 -0.25 -1.55 11.3 -0.25 -2.6 11.6 -0.25 -1.9
4 15 11.9 -0.25 -2.8 11.3 -0.25 -2.6 9.63 -0.25 -3.9 11.97 -0.25 -5.1
4 15 11.9 -0.25 -2.8 11.97 -0.25 -5.1 13.5 -0.25 -4 13.22 -0.25 -2.68
3 15 12.2 -0.25 -2.1 11.9 -0.25 -2.8 13.22 -0.25 -2.68
3 15 13.22 -0.25 -2.68 13.5 -0.25 -4 14.1 -0.25 -3.4
4 15 13.5 -0.25 -4 11.97 -0.25 -5.1 13.23 -0.25 -5.1 14 -0.25 -4.5
4 15 14 -0.25 -4.5 13.23 -0.25 -5.1 15.2 -0.25 -6.1 15.32 -0.25 -4.78
3 15 14.6 -0.25 -3.9 14 -0.25 -4.5 15.32 -0.25 -4.78
3 15 15.32 -0.25 -4.78 15.2 -0.25 -6.1 15.9 -0.25 -5.8
4 15 15.2 -0.25 -6.1 13.23 -0.25 -5.1 13.23 -0.25 -6.9 15.4 -0.25 -6.7
4 15 15.4 -0.25 -6.7 13.23 -0.25 -6.9 14.43 -0.25 -8.9 15.6 -0.25 -8.6
4 15 15.4 -0.25 -6.7 15.6 -0.25 -8.6 16.45 -0.25 -7.52 16.1 -0.25 -6.4
3 15 16.45 -0.25 -7.52 15.6 -0.25 -8.6 16.6 -0.25 -8.6
4 15 15.6 -0.25 -9.4 15.6 -0.25 -8.6 14.43 -0.25 -8.9 14.43 -0.25 -10.7
4 15 15.6 -0.25 -9.4 14.43 -0.25 -10.7 15.4 -0.25 -11.3 16.45 -0.25 -10.48
3 15 16.6 -0.25 -9.4 15.6 -0.25 -9.4 16.45 -0.25 -10.48
3 15 16.45 -0.25 -10.48 15.4 -0.25 -11.3 16.1 -0.25 -11.6
4 15 15.2 -0.25 -11.9 15.4 -0.25 -11.3 14.43 -0.25 -10.7 13.17 -0.25 -10.7
4 15 15.2 -0.25 -11.9 13.17 -0.25 -10.7 14 -0.25 -13.5 15.32 -0.25 -13.22
3 15 15.2 -0.25 -11.9 15.32 -0.25 -13.22 15.9 -0.25 -12.2
3 15 15.32 -0.25 -13.22 14 -0.25 -13.5 14.6 -0.25 -14.1
4 15 14 -0.25 -13.5 13.17 -0.25 -10.7 12.439 -0.25 -12.9 13.5 -0.25 -14
3 15 12.439 -0.25 -12.9 12.439 -0.25 -14.7 13.5 -0.25 -14
4 15 14.1 -0.25 -14.6 13.5 -0.25 -14 12.439 -0.25 -14.7 13.22 -0.25 -15.32
4 15 12.2 -0.25 -15.9 13.22 -0.25 -15.32 12.439 -0.25 -14.7 11.6 -0.25 -16.1
4 15 11.6 -0.25 -16.1 12.439 -0.25 -14.7 11.161 -0.25 -14.7 10.48 -0.25 -16.45
3 15 11.161 -0.25 -14.7 10.8915 -0.25 -14.7 10.48 -0.25 -16.45
4 15 10.48 -0.25 -16.45 10.8915 -0.25 -14.7 10.1085 -0.25 -14.7 9.4 -0.25 -16.6
4 15 8.6 -0.25 -16.6 9.4 -0.25 -16.6 10.1085 -0.25 -14.7 6.63 -0.25 -14.7
4 15 7.52 -0.25 -16.45 8.6 -0.25 -16.6 6.63 -0.25 -14.7 6.4 -0.25 -16.1
4 15 6.4 -0.25 -16.1 6.63 -0.25 -14.7 5.37 -0.25 -14.7 5.8 -0.25 -15.9
4 15 4.78 -0.25 -15.32 5.8 -0.25 -15.9 5.37 -0.25 -14.7 4.5 -0.25 -14
3 15 4.5 -0.25 -14 3.9 -0.25 -14.6 4.78 -0.25 -15.32
4 15 4.5 -0.25 -14 5.37 -0.25 -14.7 5.37 -0.25 -12.9 4 -0.25 -12.8
3 15 4 -0.25 -12.8 4 -0.25 -13.5 4.5 -0.25 -14
4 15 4 -0.25 -13.5 4 -0.25 -12.8 2.68 -0.25 -13.22 3.4 -0.25 -14.1
4 15 2.68 -0.25 -13.22 4 -0.25 -12.8 3.6 -0.25 -12.2 2.8 -0.25 -11.9
3 15 2.8 -0.25 -11.9 2.1 -0.25 -12.2 2.68 -0.25 -13.22
4 15 2.6 -0.25 -11.3 2.8 -0.25 -11.9 3.6 -0.25 -12.2 2.961 -0.25 -10.5
4 15 2.6 -0.25 -11.3 2.961 -0.25 -10.5 1.55 -0.25 -10.48 1.9 -0.25 -11.6
4 15 1.55 -0.25 -10.48 2.961 -0.25 -10.5 2.4 -0.25 -9.4 1.4 -0.25 -9.4
4 15 2.4 -0.25 -9.4 2.961 -0.25 -10.5 2.961 -0.25 -8.7 2.4 -0.25 -8.6
4 15 2.4 -0.25 -8.6 2.961 -0.25 -8.7 2.6 -0.25 -6.7 1.55 -0.25 -7.52
3 15 1.55 -0.25 -7.52 1.4 -0.25 -8.6 2.4 -0.25 -8.6
3 15 1.9 -0.25 -6.4 1.55 -0.25 -7.52 2.6 -0.25 -6.7
4 15 2.6 -0.25 -6.7 2.961 -0.25 -8.7 4.239 -0.25 -8.7 4.3205 -0.25 -6.9
4 15 2.8 -0.25 -6.1 2.6 -0.25 -6.7 4.3205 -0.25 -6.9 4.3205 -0.25 -5.1
4 15 2.8 -0.25 -6.1 4.3205 -0.25 -5.1 4 -0.25 -4.5 2.68 -0.25 -4.78
3 15 2.68 -0.25 -4.78 2.1 -0.25 -5.8 2.8 -0.25 -6.1
3 15 3.4 -0.25 -3.9 2.68 -0.25 -4.78 4 -0.25 -4.5
4 15 4.5 -0.25 -4 4 -0.25 -4.5 4.3205 -0.25 -5.1 5.6795 -0.25 -5.1
4 15 4.5 -0.25 -4 5.6795 -0.25 -5.1 6.1 -0.25 -2.8 4.78 -0.25 -2.68
3 15 4.78 -0.25 -2.68 3.9 -0.25 -3.4 4.5 -0.25 -4
3 15 5.8 -0.25 -2.1 4.78 -0.25 -2.68 6.1 -0.25 -2.8
4 15 6.7 -0.25 -2.6 6.1 -0.25 -2.8 5.6795 -0.25 -5.1 8.37 -0.25 -3.9
4 15 8.37 -0.25 -5.7 8.37 -0.25 -3.9 5.6795 -0.25 -5.1 5.6795 -0.25 -6.9
4 15 8.37 -0.25 -5.7 5.6795 -0.25 -6.9 8.43 -0.25 -8.43 8.69 -0.25 -8.26
4 15 9.63 -0.25 -5.7 8.37 -0.25 -5.7 8.69 -0.25 -8.26 9 -0.25 -8.2
4 15 9.63 -0.25 -5.7 9 -0.25 -8.2 9.31 -0.25 -8.26 11.2 -0.25 -7.1
3 15 11.2 -0.25 -7.1 9.31 -0.25 -8.26 9.4 -0.25 -8.3
4 15 9.63 -0.25 -5.7 11.2 -0.25 -7.1 11.97 -0.25 -6.9 11.97 -0.25 -5.1
3 15 9.63 -0.25 -3.9 9.63 -0.25 -5.7 11.97 -0.25 -5.1
4 15 11.97 -0.25 -6.9 11.2 -0.25 -7.1 11.6 -0.25 -7.7 13.23 -0.25 -6.9
4 15 13.23 -0.25 -6.9 11.6 -0.25 -7.7 12.1085 -0.25 -8.9 12.8915 -0.25 -8.9
4 15 13.17 -0.25 -8.9 13.23 -0.25 -6.9 12.8915 -0.25 -8.9 12.8915 -0.25 -10.7
3 15 13.23 -0.25 -6.9 13.17 -0.25 -8.9 14.43 -0.25 -8.9
3 15 13.17 -0.25 -8.9 12.8915 -0.25 -10.7 13.17 -0.25 -10.7
3 15 13.17 -0.25 -10.7 12.8915 -0.25 -10.7 12.439 -0.25 -12.9
4 15 12.439 -0.25 -12.9 12.8915 -0.25 -10.7 12.1085 -0.25 -10.7 11.161 -0.25 -12.9
4 15 9.57 -0.25 -9.57 11.161 -0.25 -12.9 12.1085 -0.25 -10.7 9.74 -0.25 -9.31
4 15 9.74 -0.25 -9.31 12.1085 -0.25 -10.7 12.1085 -0.25 -8.9 9.8 -0.25 -9
4 15 9.8 -0.25 -9 12.1085 -0.25 -8.9 11.6 -0.25 -7.7 9.8 -0.25 -8.9
3 15 9.57 -0.25 -9.57 10.8915 -0.25 -12.9 11.161 -0.25 -12.9
4 15 11.161 -0.25 -12.9 10.8915 -0.25 -12.9 10.8915 -0.25 -14.7 11.161 -0.25 -14.7
4 15 10.1085 -0.25 -12.9 10.8915 -0.25 -12.9 9.57 -0.25 -9.57 9.31 -0.25 -9.74
4 15 10.1085 -0.25 -12.9 9.31 -0.25 -9.74 9 -0.25 -9.8 6.63 -0.25 -12.9
4 15 10.1085 -0.25 -12.9 6.63 -0.25 -12.9 6.63 -0.25 -14.7 10.1085 -0.25 -14.7
4 15 6.63 -0.25 -12.9 9 -0.25 -9.8 8.69 -0.25 -9.74 5.37 -0.25 -12.9
4 15 5.37 -0.25 -12.9 8.69 -0.25 -9.74 8.6 -0.25 -9.7 4 -0.25 -12.8
4 15 4.239 -0.25 -10.5 3.6 -0.25 -12.2 8.2 -0.25 -9.1 8.2 -0.25 -9
3 15 4.239 -0.25 -10.5 2.961 -0.25 -10.5 3.6 -0.25 -12.2
4 15 4.239 -0.25 -8.7 4.239 -0.25 -10.5 8.2 -0.25 -9 8.26 -0.25 -8.69
4 15 4.3205 -0.25 -6.9 4.239 -0.25 -8.7 8.26 -0.25 -8.69 5.6795 -0.25 -6.9
3 15 5.6795 -0.25 -6.9 8.26 -0.25 -8.69 8.43 -0.25 -8.43
4 0 -13.5 -0.25 -1.8 -13.5 -0.25 -1.2 -14.95 -0.25 -1.49 -14.72 -0.25 -2.04
4 0 -14.72 -0.25 -2.04 -14.95 -0.25 -1.49 -16.19 -0.25 -2.31 -15.76 -0.25 -2.74
4 0 -15.76 -0.25 -2.74 -16.19 -0.25 -2.31 -17.01 -0.25 -3.55 -16.46 -0.25 -3.78
4 0 -16.46 -0.25 -3.78 -17.01 -0.25 -3.55 -17.3 -0.25 -5 -16.7 -0.25 -5
4 0 -16.7 -0.25 -5.2 -16.7 -0.25 -5 -17.3 -0.25 -5 -17.01 -0.25 -6.45
4 0 -16.7 -0.25 -5.2 -17.01 -0.25 -6.45 -16.6 -0.25 -5.8 -16.3 -0.25 -5.2
4 0 -16.46 -0.25 -6.22 -16.6 -0.25 -5.8 -17.01 -0.25 -6.45 -16.19 -0.25 -7.69
4 0 -15.76 -0.25 -7.26 -16.46 -0.25 -6.22 -16.19 -0.25 -7.69 -14.95 -0.25 -8.51
4 0 -14.72 -0.25 -7.96 -15.76 -0.25 -7.26 -14.95 -0.25 -8.51 -13.5 -0.25 -8.8
3 0 -14.72 -0.25 -7.96 -13.5 -0.25 -8.8 -13.5 -0.25 -8.2
4 4 -16.1 -0.25 -4.4 -16.46 -0.25 -3.78 -16.7 -0.25 -5 -16.3 -0.25 -5.2
3 4 -16.7 -0.25 -5 -16.7 -0.25 -5.2 -16.3 -0.25 -5.2
4 0 -16.3 -0.25 -5.2 -16.6 -0.25 -5.8 -15.2 -0.25 -5.8 -15.2 -0.25 -5.2
4 4 -16.46 -0.25 -3.78 -16.1 -0.25 -4.4 -15.3 -0.25 -3.7 -15.5 -0.25 -3.4
4 4 -15.6 -0.25 -3 -16.46 -0.25 -3.78 -15.5 -0.25 -3.4 -15.1 -0.25 -3.1
4 0 -15.1 -0.25 -3.1 -15.5 -0.25 -3.4 -15.3 -0.25 -3.7 -14.8 -0.25 -4.4
4 4 -14.6 -0.25 -2.5 -15.6 -0.25 -3 -15.1 -0.25 -3.1 -14.5 -0.25 -3.2
4 0 -14.9 -0.25 -3.4 -15.1 -0.25 -3.1 -14.8 -0.25 -4.4 -14.45 -0.25 -4.1
4 0 -12.05 -0.25 -1.49 -13.5 -0.25 -1.2 -13.5 -0.25 -1.8 -12.28 -0.25 -2.04
4 0 -10.81 -0.25 -2.31 -12.05 -0.25 -1.49 -12.28 -0.25 -2.04 -11.24 -0.25 -2.74
4 0 -9.99 -0.25 -3.55 -10.81 -0.25 -2.31 -11.24 -0.25 -2.74 -10.54 -0.25 -3.78
4 0 -9.7 -0.25 -5 -9.99 -0.25 -3.55 -10.54 -0.25 -3.78 -10.3 -0.25 -5
4 0 -9.7 -0.25 -5 -10.3 -0.25 -5 -10.3 -0.25 -5.2 -9.99 -0.25 -6.45
4 0 -10.4 -0.25 -5.8 -9.99 -0.25 -6.45 -10.3 -0.25 -5.2 -10.7 -0.25 -5.2
4 0 -9.99 -0.25 -6.45 -10.4 -0.25 -5.8 -10.54 -0.25 -6.22 -10.81 -0.25 -7.69
4 0 -10.81 -0.25 -7.69 -10.54 -0.25 -6.22 -11.24 -0.25 -7.26 -12.05 -0.25 -8.51
4 0 -12.05 -0.25 -8.51 -11.24 -0.25 -7.26 -12.28 -0.25 -7.96 -13.5 -0.25 -8.8
3 0 -12.28 -0.25 -7.96 -13.5 -0.25 -8.2 -13.5 -0.25 -8.8
4 4 -10.3 -0.25 -5 -10.54 -0.25 -3.78 -10.9 -0.25 -4.4 -10.7 -0.25 -5.2
3 4 -10.3 -0.25 -5 -10.7 -0.25 -5.2 -10.3 -0.25 -5.2
4 0 -11.8 -0.25 -5.8 -10.4 -0.25 -5.8 -10.7 -0.25 -5.2 -11.8 -0.25 -5.2
4 4 -11.7 -0.25 -3.7 -10.9 -0.25 -4.4 -10.54 -0.25 -3.78 -11.5 -0.25 -3.4
4 4 -11.5 -0.25 -3.4 -10.54 -0.25 -3.78 -11.4 -0.25 -3 -11.9 -0.25 -3.1
4 0 -11.7 -0.25 -3.7 -11.5 -0.25 -3.4 -11.9 -0.25 -3.1 -12.2 -0.25 -4.4
4 4 -11.9 -0.25 -3.1 -11.4 -0.25 -3 -12.4 -0.25 -2.5 -13.2 -0.25 -3
3 4 -13.2 -0.25 -2.3 -13.2 -0.25 -3 -12.4 -0.25 -2.5
3 4 -13.2 -0.25 -3 -12.1 -0.25 -3.4 -11.9 -0.25 -3.1
3 0 -11.9 -0.25 -3.1 -12.1 -0.25 -3.4 -12.2 -0.25 -4.4
3 0 -12.1 -0.25 -3.4 -12.6 -0.25 -4.1 -12.2 -0.25 -4.4
4 0 -13.2 -0.25 -2.3 -13.8 -0.25 -2.3 -13.8 -0.25 -3 -13.75 -0.25 -3.8
3 0 -13.2 -0.25 -2.3 -13.75 -0.25 -3.8 -13.2 -0.25 -3
3 0 -13.2 -0.25 -3 -13.75 -0.25 -3.8 -13.2 -0.25 -3.8
4 0 -5 -0.25 -1.8 -5 -0.25 -1.2 -6.45 -0.25 -1.49 -6.22 -0.25 -2.04
4 0 -6.22 -0.25 -2.04 -6.45 -0.25 -1.49 -7.69 -0.25 -2.31 -7.26 -0.25 -2.74
4 0 -7.26 -0.25 -2.74 -7.69 -0.25 -2.31 -8.51 -0.25 -3.55 -7.96 -0.25 -3.78
4 0 -7.96 -0.25 -3.78 -8.51 -0.25 -3.55 -8.8 -0.25 -5 -8.2 -0.25 -5
4 0 -8.2 -0.25 -5.2 -8.2 -0.25 -5 -8.8 -0.25 -5 -8.51 -0.25 -6.45
4 0 -8.2 -0.25 -5.2 -8.51 -0.25 -6.45 -8.1 -0.25 -5.8 -7.8 -0.25 -5.2
4 0 -7.96 -0.25 -6.22 -8.1 -0.25 -5.8 -8.51 -0.25 -6.45 -7.69 -0.25 -7.69
4 0 -7.26 -0.25 -7.26 -7.96 -0.25 -6.22 -7.69 -0.25 -7.69 -6.45 -0.25 -8.51
4 0 -6.22 -0.25 -7.96 -7.26 -0.25 -7.26 -6.45 -0.25 -8.51 -5 -0.25 -8.8
3 0 -6.22 -0.25 -7.96 -5 -0.25 -8.8 -5 -0.25 -8.2
4 4 -7.6 -0.25 -4.4 -7.96 -0.25 -3.78 -8.2 -0.25 -5 -7.8 -0.25 -5.2
3 4 -8.2 -0.25 -5 -8.2 -0.25 -5.2 -7.8 -0.25 -5.2
4 0 -7.8 -0.25 -5.2 -8.1 -0.25 -5.8 -6.7 -0.25 -5.8 -6.7 -0.25 -5.2
4 4 -7.96 -0.25 -3.78 -7.6 -0.25 -4.4 -6.8 -0.25 -3.7 -7 -0.25 -3.4
4 4 -7.1 -0.25 -3 -7.96 -0.25 -3.78 -7 -0.25 -3.4 -6.6 -0.25 -3.1
4 0 -6.6 -0.25 -3.1 -7 -0.25 -3.4 -6.8 -0.25 -3.7 -6.3 -0.25 -4.4
4 4 -6.1 -0.25 -2.5 -7.1 -0.25 -3 -6.6 -0.25 -3.1 -5.3 -0.25 -3
3 4 -5.3 -0.25 -2.3 -6.1 -0.25 -2.5 -5.3 -0.25 -3
3 4 -5.3 -0.25 -3 -6.6 -0.25 -3.1 -6.4 -0.25 -3.4
3 0 -6.6 -0.25 -3.1 -6.3 -0.25 -4.4 -6.4 -0.25 -3.4
3 0 -6.4 -0.25 -3.4 -6.3 -0.25 -4.4 -5.9 -0.25 -4.1
4 0 -3.55 -0.25 -1.49 -5 -0.25 -1.2 -5 -0.25 -1.8 -3.78 -0.25 -2.04
4 0 -2.31 -0.25 -2.31 -3.55 -0.25 -1.49 -3.78 -0.25 -2.04 -2.74 -0.25 -2.74
4 0 -1.49 -0.25 -3.55 -2.31 -0.25 -2.31 -2.74 -0.25 -2.74 -2.04 -0.25 -3.78
4 0 -1.2 -0.25 -5 -1.49 -0.25 -3.55 -2.04 -0.25 -3.78 -1.8 -0.25 -5
4 0 -1.2 -0.25 -5 -1.8 -0.25 -5 -1.8 -0.25 -5.2 -1.49 -0.25 -6.45
4 0 -1.9 -0.25 -5.8 -1.49 -0.25 -6.45 -1.8 -0.25 -5.2 -2.2 -0.25 -5.2
4 0 -1.49 -0.25 -6.45 -1.9 -0.25 -5.8 -2.04 -0.25 -6.22 -2.31 -0.25 -7.69
4 0 -2.31 -0.25 -7.69 -2.04 -0.25 -6.22 -2.74 -0.25 -7.26 -3.55 -0.25 -8.51
4 0 -3.55 -0.25 -8.51 -2.74 -0.25 -7.26 -3.78 -0.25 -7.96 -5 -0.25 -8.8
3 0 -3.78 -0.25 -7.96 -5 -0.25 -8.2 -5 -0.25 -8.8
4 4 -1.8 -0.25 -5 -2.04 -0.25 -3.78 -2.4 -0.25 -4.4 -2.2 -0.25 -5.2
3 4 -1.8 -0.25 -5 -2.2 -0.25 -5.2 -1.8 -0.25 -5.2
4 0 -3.3 -0.25 -5.8 -1.9 -0.25 -5.8 -2.2 -0.25 -5.2 -3.3 -0.25 -5.2
4 4 -3.2 -0.25 -3.7 -2.4 -0.25 -4.4 -2.04 -0.25 -3.78 -3 -0.25 -3.4
4 4 -3 -0.25 -3.4 -2.04 -0.25 -3.78 -2.9 -0.25 -3 -3.4 -0.25 -3.1
4 0 -3.2 -0.25 -3.7 -3 -0.25 -3.4 -3.4 -0.25 -3.1 -3.7 -0.25 -4.4
4 4 -3.4 -0.25 -3.1 -2.9 -0.25 -3 -3.9 -0.25 -2.5 -4.7 -0.25 -3
3 4 -4.7 -0.25 -2.3 -4.7 -0.25 -3 -3.9 -0.25 -2.5
3 4 -4.7 -0.25 -3 -3.6 -0.25 -3.4 -3.4 -0.25 -3.1
3 0 -3.4 -0.25 -3.1 -3.6 -0.25 -3.4 -3.7 -0.25 -4.4
3 0 -3.6 -0.25 -3.4 -4.1 -0.25 -4.1 -3.7 -0.25 -4.4
3 0 -4.7 -0.25 -2.3 -5.3 -0.25 -2.3 -5.3 -0.25 -3
4 0 -4.7 -0.25 -2.3 -5.3 -0.25 -3 -5.3 -0.25 -3.8 -4.7 -0.25 -3
4 0 -4.7 -0.25 -3.8 -4.7 -0.25 -3 -5.3 -0.25 -3.8 -5.35 -0.25 -7.65
4 0 -5 -0.25 -10.3 -5 -0.25 -9.7 -6.45 -0.25 -9.99 -6.22 -0.25 -10.54
4 0 -6.22 -0.25 -10.54 -6.45 -0.25 -9.99 -7.69 -0.25 -10.81 -7.26 -0.25 -11.24
4 0 -7.26 -0.25 -11.24 -7.69 -0.25 -10.81 -8.51 -0.25 -12.05 -7.96 -0.25 -12.28
4 0 -7.96 -0.25 -12.28 -8.51 -0.25 -12.05 -8.8 -0.25 -13.5 -8.2 -0.25 -13.5
4 0 -8.2 -0.25 -13.7 -8.2 -0.25 -13.5 -8.8 -0.25 -13.5 -8.51 -0.25 -14.95
4 0 -8.2 -0.25 -13.7 -8.51 -0.25 -14.95 -8.1 -0.25 -14.3 -7.8 -0.25 -13.7
4 0 -7.96 -0.25 -14.72 -8.1 -0.25 -14.3 -8.51 -0.25 -14.95 -7.69 -0.25 -16.19
4 0 -7.26 -0.25 -15.76 -7.96 -0.25 -14.72 -7.69 -0.25 -16.19 -6.45 -0.25 -17.01
4 0 -6.22 -0.25 -16.46 -7.26 -0.25 -15.76 -6.45 -0.25 -17.01 -5 -0.25 -17.3
3 0 -6.22 -0.25 -16.46 -5 -0.25 -17.3 -5 -0.25 -16.7
4 4 -7.6 -0.25 -12.9 -7.96 -0.25 -12.28 -8.2 -0.25 -13.5 -7.8 -0.25 -13.7
3 4 -8.2 -0.25 -13.5 -8.2 -0.25 -13.7 -7.8 -0.25 -13.7
4 0 -7.8 -0.25 -13.7 -8.1 -0.25 -14.3 -6.7 -0.25 -14.3 -6.7 -0.25 -13.7
4 0 -6.6 -0.25 -11.6 -7 -0.25 -11.9 -6.8 -0.25 -12.2 -6.3 -0.25 -12.9
4 4 -7.1 -0.25 -11.5 -7 -0.25 -11.9 -6.6 -0.25 -11.6 -6.1 -0.25 -11
4 4 -6.1 -0.25 -11 -6.6 -0.25 -11.6 -5.3 -0.25 -11.5 -5.3 -0.25 -10.8
3 4 -5.3 -0.25 -11.5 -6.6 -0.25 -11.6 -6.4 -0.25 -11.9
3 0 -6.6 -0.25 -11.6 -6.3 -0.25 -12.9 -6.4 -0.25 -11.9
3 0 -6.4 -0.25 -11.9 -6.3 -0.25 -12.9 -5.9 -0.25 -12.6
4 0 -3.55 -0.25 -9.99 -5 -0.25 -9.7 -5 -0.25 -10.3 -3.78 -0.25 -10.54
4 0 -2.31 -0.25 -10.81 -3.55 -0.25 -9.99 -3.78 -0.25 -10.54 -2.74 -0.25 -11.24
4 0 -1.49 -0.25 -12.05 -2.31 -0.25 -10.81 -2.74 -0.25 -11.24 -2.04 -0.25 -12.28
4 0 -1.2 -0.25 -13.5 -1.49 -0.25 -12.05 -2.04 -0.25 -12.28 -1.8 -0.25 -13.5
4 0 -1.2 -0.25 -13.5 -1.8 -0.25 -13.5 -1.8 -0.25 -13.7 -1.49 -0.25 -14.95
4 0 -1.9 -0.25 -14.3 -1.49 -0.25 -14.95 -1.8 -0.25 -13.7 -2.2 -0.25 -13.7
4 0 -1.49 -0.25 -14.95 -1.9 -0.25 -14.3 -2.04 -0.25 -14.72 -2.31 -0.25 -16.19
4 0 -2.31 -0.25 -16.19 -2.04 -0.25 -14.72 -2.74 -0.25 -15.76 -3.55 -0.25 -17.01
4 0 -3.55 -0.25 -17.01 -2.74 -0.25 -15.76 -3.78 -0.25 -16.46 -5 -0.25 -17.3
3 0 -3.78 -0.25 -16.46 -5 -0.25 -16.7 -5 -0.25 -17.3
4 4 -1.8 -0.25 -13.5 -2.04 -0.25 -12.28 -2.4 -0.25 -12.9 -2.2 -0.25 -13.7
3 4 -1.8 -0.25 -13.5 -2.2 -0.25 -13.7 -1.8 -0.25 -13.7
4 0 -3.3 -0.25 -14.3 -1.9 -0.25 -14.3 -2.2 -0.25 -13.7 -3.3 -0.25 -13.7
4 4 -3.2 -0.25 -12.2 -2.4 -0.25 -12.9 -2.04 -0.25 -12.28 -3 -0.25 -11.9
4 4 -3 -0.25 -11.9 -2.04 -0.25 -12.28 -2.9 -0.25 -11.5 -3.4 -0.25 -11.6
4 0 -3.2 -0.25 -12.2 -3 -0.25 -11.9 -3.4 -0.25 -11.6 -3.7 -0.25 -12.9
4 4 -3.4 -0.25 -11.6 -2.9 -0.25 -11.5 -3.9 -0.25 -11 -4.7 -0.25 -11.5
3 4 -4.7 -0.25 -10.8 -4.7 -0.25 -11.5 -3.9 -0.25 -11
3 4 -4.7 -0.25 -11.5 -3.6 -0.25 -11.9 -3.4 -0.25 -11.6
3 0 -3.4 -0.25 -11.6 -3.6 -0.25 -11.9 -3.7 -0.25 -12.9
3 0 -3.6 -0.25 -11.9 -4.1 -0.25 -12.6 -3.7 -0.25 -12.9
3 0 -4.7 -0.25 -10.8 -5.3 -0.25 -10.8 -5.3 -0.25 -11.5
4 0 -4.7 -0.25 -10.8 -5.3 -0.25 -11.5 -5.3 -0.25 -12.3 -4.7 -0.25 -11.5
3 0 -4.7 -0.25 -11.5 -5.3 -0.25 -12.3 -4.7 -0.25 -12.3
3 4 -15.1 -0.25 -3.1 -14.9 -0.25 -3.4 -14.5 -0.25 -3.2
4 4 -13.8 -0.25 -3 -13.8 -0.25 -2.3 -14.2 -0.25 -2.4 -14 -0.25 -3.05
4 0 -14.2 -0.25 -2.4 -14.6 -0.25 -2.5 -14.5 -0.25 -3.2 -14 -0.25 -3.05
4 0 -14 -0.25 -3.05 -14.5 -0.25 -3.2 -13.8 -0.25 -7.5 -13.1 -0.25 -7.4
4 15 -15.76 -0.25 -2.74 -16.46 -0.25 -3.78 -15.6 -0.25 -3 -14.72 -0.25 -2.04
3 15 -14.72 -0.25 -2.04 -15.6 -0.25 -3 -14.6 -0.25 -2.5
4 15 -14.72 -0.25 -2.04 -14.6 -0.25 -2.5 -14.2 -0.25 -2.4 -13.5 -0.25 -1.8
3 15 -13.5 -0.25 -1.8 -14.2 -0.25 -2.4 -13.8 -0.25 -2.3
4 15 -13.5 -0.25 -1.8 -13.8 -0.25 -2.3 -13.2 -0.25 -2.3 -12.28 -0.25 -2.04
4 15 -12.28 -0.25 -2.04 -13.2 -0.25 -2.3 -12.4 -0.25 -2.5 -11.24 -0.25 -2.74
3 15 -12.4 -0.25 -2.5 -11.4 -0.25 -3 -11.24 -0.25 -2.74
3 15 -11.24 -0.25 -2.74 -11.4 -0.25 -3 -10.54 -0.25 -3.78
3 15 -14.5 -0.25 -3.2 -14.9 -0.25 -3.4 -14.45 -0.25 -4.1
3 15 -14.5 -0.25 -3.2 -14.45 -0.25 -4.1 -13.8 -0.25 -7.5
4 15 -13.8 -0.25 -7.5 -14.45 -0.25 -4.1 -14.8 -0.25 -4.4 -15.2 -0.25 -5.2
4 15 -15.2 -0.25 -5.2 -14.8 -0.25 -4.4 -15.3 -0.25 -3.7 -16.1 -0.25 -4.4
3 15 -16.1 -0.25 -4.4 -16.3 -0.25 -5.2 -15.2 -0.25 -5.2
3 15 -15.2 -0.25 -5.2 -15.2 -0.25 -5.8 -13.8 -0.25 -7.5
4 15 -15.76 -0.25 -7.26 -13.8 -0.25 -7.5 -15.2 -0.25 -5.8 -16.46 -0.25 -6.22
3 15 -15.2 -0.25 -5.8 -16.6 -0.25 -5.8 -16.46 -0.25 -6.22
4 15 -13.8 -0.25 -7.5 -15.76 -0.25 -7.26 -14.72 -0.25 -7.96 -13.5 -0.25 -8.2
4 15 -13.1 -0.25 -7.4 -13.8 -0.25 -7.5 -13.5 -0.25 -8.2 -12.28 -0.25 -7.96
4 15 -13.1 -0.25 -7.4 -12.28 -0.25 -7.96 -11.24 -0.25 -7.26 -11.8 -0.25 -5.8
4 15 -11.8 -0.25 -5.8 -11.24 -0.25 -7.26 -10.54 -0.25 -6.22 -10.4 -0.25 -5.8
4 15 -12.6 -0.25 -4.1 -13.1 -0.25 -7.4 -11.8 -0.25 -5.8 -12.2 -0.25 -4.4
3 15 -12.2 -0.25 -4.4 -11.8 -0.25 -5.8 -11.8 -0.25 -5.2
4 15 -11.7 -0.25 -3.7 -12.2 -0.25 -4.4 -11.8 -0.25 -5.2 -10.9 -0.25 -4.4
3 15 -10.9 -0.25 -4.4 -11.8 -0.25 -5.2 -10.7 -0.25 -5.2
4 15 -13.1 -0.25 -7.4 -12.6 -0.25 -4.1 -13.2 -0.25 -3.8 -13.75 -0.25 -3.8
4 15 -13.2 -0.25 -3.8 -12.6 -0.25 -4.1 -12.1 -0.25 -3.4 -13.2 -0.25 -3
3 15 -14 -0.25 -3.05 -13.1 -0.25 -7.4 -13.75 -0.25 -3.8
3 15 -13.8 -0.25 -3 -14 -0.25 -3.05 -13.75 -0.25 -3.8
4 0 -12.05 -0.25 -9.99 -13.5 -0.25 -9.7 -13.5 -0.25 -10.3 -12.28 -0.25 -10.54
4 0 -10.81 -0.25 -10.81 -12.05 -0.25 -9.99 -12.28 -0.25 -10.54 -11.24 -0.25 -11.24
4 0 -9.99 -0.25 -12.05 -10.81 -0.25 -10.81 -11.24 -0.25 -11.24 -10.54 -0.25 -12.28
4 0 -9.7 -0.25 -13.5 -9.99 -0.25 -12.05 -10.54 -0.25 -12.28 -10.3 -0.25 -13.5
4 0 -9.7 -0.25 -13.5 -10.3 -0.25 -13.5 -10.3 -0.25 -13.7 -9.99 -0.25 -14.95
4 0 -10.4 -0.25 -14.3 -9.99 -0.25 -14.95 -10.3 -0.25 -13.7 -10.7 -0.25 -13.7
4 0 -9.99 -0.25 -14.95 -10.4 -0.25 -14.3 -10.54 -0.25 -14.72 -10.81 -0.25 -16.19
4 0 -10.81 -0.25 -16.19 -10.54 -0.25 -14.72 -11.24 -0.25 -15.76 -12.05 -0.25 -17.01
4 0 -12.05 -0.25 -17.01 -11.24 -0.25 -15.76 -12.28 -0.25 -16.46 -13.5 -0.25 -17.3
3 0 -12.28 -0.25 -16.46 -13.5 -0.25 -16.7 -13.5 -0.25 -17.3
4 4 -10.3 -0.25 -13.5 -10.54 -0.25 -12.28 -10.9 -0.25 -12.9 -10.7 -0.25 -13.7
3 4 -10.3 -0.25 -13.5 -10.7 -0.25 -13.7 -10.3 -0.25 -13.7
4 0 -11.8 -0.25 -14.3 -10.4 -0.25 -14.3 -10.7 -0.25 -13.7 -11.8 -0.25 -13.7
4 4 -11.7 -0.25 -12.2 -10.9 -0.25 -12.9 -10.54 -0.25 -12.28 -11.5 -0.25 -11.9
4 4 -11.5 -0.25 -11.9 -10.54 -0.25 -12.28 -11.4 -0.25 -11.5 -11.9 -0.25 -11.6
4 0 -11.7 -0.25 -12.2 -11.5 -0.25 -11.9 -11.9 -0.25 -11.6 -12.2 -0.25 -12.9
4 4 -11.9 -0.25 -11.6 -11.4 -0.25 -11.5 -12.4 -0.25 -11 -12.5 -0.25 -11.7
4 0 -12.2 -0.25 -12.9 -11.9 -0.25 -11.6 -12.1 -0.25 -11.9 -12.55 -0.25 -12.6
4 0 -13.5 -0.25 -10.3 -13.5 -0.25 -9.7 -14.95 -0.25 -9.99 -14.72 -0.25 -10.54
4 0 -14.72 -0.25 -10.54 -14.95 -0.25 -9.99 -16.19 -0.25 -10.81 -15.76 -0.25 -11.24
4 0 -15.76 -0.25 -11.24 -16.19 -0.25 -10.81 -17.01 -0.25 -12.05 -16.46 -0.25 -12.28
4 0 -16.46 -0.25 -12.28 -17.01 -0.25 -12.05 -17.3 -0.25 -13.5 -16.7 -0.25 -13.5
4 0 -16.7 -0.25 -13.7 -16.7 -0.25 -13.5 -17.3 -0.25 -13.5 -17.01 -0.25 -14.95
4 0 -16.7 -0.25 -13.7 -17.01 -0.25 -14.95 -16.6 -0.25 -14.3 -16.3 -0.25 -13.7
4 0 -16.46 -0.25 -14.72 -16.6 -0.25 -14.3 -17.01 -0.25 -14.95 -16.19 -0.25 -16.19
4 0 -15.76 -0.25 -15.76 -16.46 -0.25 -14.72 -16.19 -0.25 -16.19 -14.95 -0.25 -17.01
4 0 -14.72 -0.25 -16.46 -15.76 -0.25 -15.76 -14.95 -0.25 -17.01 -13.5 -0.25 -17.3
3 0 -14.72 -0.25 -16.46 -13.5 -0.25 -17.3 -13.5 -0.25 -16.7
4 4 -16.1 -0.25 -12.9 -16.46 -0.25 -12.28 -16.7 -0.25 -13.5 -16.3 -0.25 -13.7
3 4 -16.7 -0.25 -13.5 -16.7 -0.25 -13.7 -16.3 -0.25 -13.7
4 0 -16.3 -0.25 -13.7 -16.6 -0.25 -14.3 -15.2 -0.25 -14.3 -15.2 -0.25 -13.7
4 4 -16.46 -0.25 -12.28 -16.1 -0.25 -12.9 -15.3 -0.25 -12.2 -15.5 -0.25 -11.9
4 4 -15.6 -0.25 -11.5 -16.46 -0.25 -12.28 -15.5 -0.25 -11.9 -15.1 -0.25 -11.6
4 0 -15.1 -0.25 -11.6 -15.5 -0.25 -11.9 -15.3 -0.25 -12.2 -14.8 -0.25 -12.9
4 4 -14.6 -0.25 -11 -15.6 -0.25 -11.5 -15.1 -0.25 -11.6 -13.8 -0.25 -11.5
3 4 -13.8 -0.25 -10.8 -14.6 -0.25 -11 -13.8 -0.25 -11.5
3 4 -13.8 -0.25 -11.5 -15.1 -0.25 -11.6 -14.9 -0.25 -11.9
3 0 -15.1 -0.25 -11.6 -14.8 -0.25 -12.9 -14.9 -0.25 -11.9
3 0 -14.9 -0.25 -11.9 -14.8 -0.25 -12.9 -14.4 -0.25 -12.6
4 0 -13.2 -0.25 -11.5 -13.2 -0.25 -10.8 -13.8 -0.25 -10.8 -13.25 -0.25 -12.3
3 0 -13.8 -0.25 -10.8 -13.8 -0.25 -11.5 -13.25 -0.25 -12.3
3 0 -13.8 -0.25 -11.5 -13.8 -0.25 -12.3 -13.25 -0.25 -12.3
3 4 -11.9 -0.25 -11.6 -12.5 -0.25 -11.7 -12.1 -0.25 -11.9
4 4 -12.8 -0.25 -10.9 -13.2 -0.25 -10.8 -13.2 -0.25 -11.5 -13 -0.25 -11.55
4 0 -12.5 -0.25 -11.7 -12.4 -0.25 -11 -12.8 -0.25 -10.9 -13 -0.25 -11.55
4 0 -13.2 -0.25 -16 -12.5 -0.25 -11.7 -13 -0.25 -11.55 -13.9 -0.25 -15.9
4 15 -11.4 -0.25 -11.5 -10.54 -0.25 -12.28 -11.24 -0.25 -11.24 -12.28 -0.25 -10.54
3 15 -12.28 -0.25 -10.54 -12.4 -0.25 -11 -11.4 -0.25 -11.5
4 15 -12.8 -0.25 -10.9 -12.4 -0.25 -11 -12.28 -0.25 -10.54 -13.5 -0.25 -10.3
3 15 -13.5 -0.25 -10.3 -13.2 -0.25 -10.8 -12.8 -0.25 -10.9
4 15 -13.8 -0.25 -10.8 -13.2 -0.25 -10.8 -13.5 -0.25 -10.3 -14.72 -0.25 -10.54
4 15 -14.6 -0.25 -11 -13.8 -0.25 -10.8 -14.72 -0.25 -10.54 -15.76 -0.25 -11.24
3 15 -14.6 -0.25 -11 -15.76 -0.25 -11.24 -15.6 -0.25 -11.5
3 15 -15.76 -0.25 -11.24 -16.46 -0.25 -12.28 -15.6 -0.25 -11.5
3 15 -12.5 -0.25 -11.7 -12.55 -0.25 -12.6 -12.1 -0.25 -11.9
3 15 -12.5 -0.25 -11.7 -13.2 -0.25 -16 -12.55 -0.25 -12.6
4 15 -12.2 -0.25 -12.9 -12.55 -0.25 -12.6 -13.2 -0.25 -16 -11.8 -0.25 -13.7
4 15 -11.7 -0.25 -12.2 -12.2 -0.25 -12.9 -11.8 -0.25 -13.7 -10.9 -0.25 -12.9
3 15 -10.9 -0.25 -12.9 -11.8 -0.25 -13.7 -10.7 -0.25 -13.7
3 15 -11.8 -0.25 -13.7 -13.2 -0.25 -16 -11.8 -0.25 -14.3
4 15 -11.8 -0.25 -14.3 -13.2 -0.25 -16 -11.24 -0.25 -15.76 -10.54 -0.25 -14.72
3 15 -10.4 -0.25 -14.3 -11.8 -0.25 -14.3 -10.54 -0.25 -14.72
4 15 -12.28 -0.25 -16.46 -11.24 -0.25 -15.76 -13.2 -0.25 -16 -13.5 -0.25 -16.7
4 15 -13.5 -0.25 -16.7 -13.2 -0.25 -16 -13.9 -0.25 -15.9 -14.72 -0.25 -16.46
4 15 -15.76 -0.25 -15.76 -14.72 -0.25 -16.46 -13.9 -0.25 -15.9 -15.2 -0.25 -14.3
4 15 -16.46 -0.25 -14.72 -15.76 -0.25 -15.76 -15.2 -0.25 -14.3 -16.6 -0.25 -14.3
4 15 -15.2 -0.25 -14.3 -13.9 -0.25 -15.9 -14.4 -0.25 -12.6 -14.8 -0.25 -12.9
3 15 -14.8 -0.25 -12.9 -15.2 -0.25 -13.7 -15.2 -0.25 -14.3
4 15 -15.2 -0.25 -13.7 -14.8 -0.25 -12.9 -15.3 -0.25 -12.2 -16.1 -0.25 -12.9
3 15 -16.1 -0.25 -12.9 -16.3 -0.25 -13.7 -15.2 -0.25 -13.7
4 15 -13.8 -0.25 -12.3 -14.4 -0.25 -12.6 -13.9 -0.25 -15.9 -13.25 -0.25 -12.3
4 15 -14.9 -0.25 -11.9 -14.4 -0.25 -12.6 -13.8 -0.25 -12.3 -13.8 -0.25 -11.5
3 15 -13 -0.25 -11.55 -13.25 -0.25 -12.3 -13.9 -0.25 -15.9
3 15 -13.2 -0.25 -11.5 -13.25 -0.25 -12.3 -13 -0.25 -11.55
3 0 -4.7 -0.25 -3.8 -5.35 -0.25 -7.65 -4.65 -0.25 -7.65
3 15 -7.26 -0.25 -2.74 -7.96 -0.25 -3.78 -7.1 -0.25 -3
4 15 -7.26 -0.25 -2.74 -7.1 -0.25 -3 -6.1 -0.25 -2.5 -6.22 -0.25 -2.04
4 15 -6.22 -0.25 -2.04 -6.1 -0.25 -2.5 -5.3 -0.25 -2.3 -5 -0.25 -1.8
4 15 -5 -0.25 -1.8 -5.3 -0.25 -2.3 -4.7 -0.25 -2.3 -3.78 -0.25 -2.04
4 15 -3.78 -0.25 -2.04 -4.7 -0.25 -2.3 -3.9 -0.25 -2.5 -2.74 -0.25 -2.74
3 15 -3.9 -0.25 -2.5 -2.9 -0.25 -3 -2.74 -0.25 -2.74
3 15 -2.74 -0.25 -2.74 -2.9 -0.25 -3 -2.04 -0.25 -3.78
4 15 -6.7 -0.25 -5.8 -8.1 -0.25 -5.8 -7.96 -0.25 -6.22 -7.26 -0.25 -7.26
4 15 -6.7 -0.25 -5.8 -7.26 -0.25 -7.26 -6.22 -0.25 -7.96 -5.35 -0.25 -7.65
4 15 -6.7 -0.25 -5.2 -6.7 -0.25 -5.8 -5.35 -0.25 -7.65 -6.3 -0.25 -4.4
4 15 -6.7 -0.25 -5.2 -6.3 -0.25 -4.4 -6.8 -0.25 -3.7 -7.6 -0.25 -4.4
3 15 -7.6 -0.25 -4.4 -7.8 -0.25 -5.2 -6.7 -0.25 -5.2
4 15 -5.9 -0.25 -4.1 -6.3 -0.25 -4.4 -5.35 -0.25 -7.65 -5.3 -0.25 -3.8
4 15 -6.4 -0.25 -3.4 -5.9 -0.25 -4.1 -5.3 -0.25 -3.8 -5.3 -0.25 -3
4 15 -5.35 -0.25 -7.65 -6.22 -0.25 -7.96 -5 -0.25 -8.2 -4.65 -0.25 -7.65
4 15 -4.65 -0.25 -7.65 -5 -0.25 -8.2 -3.78 -0.25 -7.96 -3.3 -0.25 -5.8
4 15 -3.3 -0.25 -5.8 -3.78 -0.25 -7.96 -2.74 -0.25 -7.26 -2.04 -0.25 -6.22
3 15 -1.9 -0.25 -5.8 -3.3 -0.25 -5.8 -2.04 -0.25 -6.22
4 15 -4.65 -0.25 -7.65 -3.3 -0.25 -5.8 -3.3 -0.25 -5.2 -3.7 -0.25 -4.4
4 15 -3.2 -0.25 -3.7 -3.7 -0.25 -4.4 -3.3 -0.25 -5.2 -2.4 -0.25 -4.4
3 15 -2.4 -0.25 -4.4 -3.3 -0.25 -5.2 -2.2 -0.25 -5.2
4 15 -4.65 -0.25 -7.65 -3.7 -0.25 -4.4 -4.1 -0.25 -4.1 -4.7 -0.25 -3.8
4 15 -4.7 -0.25 -3.8 -4.1 -0.25 -4.1 -3.6 -0.25 -3.4 -4.7 -0.25 -3
4 15 -6.22 -0.25 -10.54 -7.26 -0.25 -11.24 -7.1 -0.25 -11.5 -6.1 -0.25 -11
4 15 -5 -0.25 -10.3 -6.22 -0.25 -10.54 -6.1 -0.25 -11 -5.3 -0.25 -10.8
3 15 -5 -0.25 -10.3 -5.3 -0.25 -10.8 -4.7 -0.25 -10.8
4 15 -5 -0.25 -10.3 -4.7 -0.25 -10.8 -3.9 -0.25 -11 -3.78 -0.25 -10.54
4 15 -3.78 -0.25 -10.54 -3.9 -0.25 -11 -2.9 -0.25 -11.5 -2.74 -0.25 -11.24
3 15 -2.74 -0.25 -11.24 -2.9 -0.25 -11.5 -2.04 -0.25 -12.28
4 4 -7.4 -0.25 -12.7 -7.8 -0.25 -12.15 -7.96 -0.25 -12.28 -7.6 -0.25 -12.9
4 4 -7 -0.25 -11.9 -7.1 -0.25 -11.5 -7.5 -0.25 -11.8 -7 -0.25 -12.4
3 4 -7 -0.25 -11.9 -7 -0.25 -12.4 -6.8 -0.25 -12.2
4 15 -7.26 -0.25 -11.24 -7.96 -0.25 -12.28 -7.8 -0.25 -12.15 -7.5 -0.25 -11.8
3 15 -7.26 -0.25 -11.24 -7.5 -0.25 -11.8 -7.1 -0.25 -11.5
4 0 -7 -0.25 -12.4 -7.5 -0.25 -11.8 -7.8 -0.25 -12.15 -7.4 -0.25 -12.7
4 0 -7 -0.25 -12.4 -7.4 -0.25 -12.7 -6.7 -0.25 -13.7 -4.6 -0.25 -15.6
3 0 -6.7 -0.25 -13.7 -5.2 -0.25 -16 -4.6 -0.25 -15.6
4 15 -6.7 -0.25 -13.7 -7.4 -0.25 -12.7 -7.6 -0.25 -12.9 -7.8 -0.25 -13.7
4 15 -6.7 -0.25 -14.3 -8.1 -0.25 -14.3 -7.96 -0.25 -14.72 -7.26 -0.25 -15.76
4 15 -5.2 -0.25 -16 -6.7 -0.25 -14.3 -7.26 -0.25 -15.76 -6.22 -0.25 -16.46
3 15 -6.7 -0.25 -13.7 -6.7 -0.25 -14.3 -5.2 -0.25 -16
3 15 -5.2 -0.25 -16 -6.22 -0.25 -16.46 -5 -0.25 -16.7
4 15 -4.6 -0.25 -15.6 -5.2 -0.25 -16 -5 -0.25 -16.7 -3.78 -0.25 -16.46
4 15 -4.6 -0.25 -15.6 -3.78 -0.25 -16.46 -2.74 -0.25 -15.76 -3.3 -0.25 -14.3
4 15 -3.3 -0.25 -14.3 -2.74 -0.25 -15.76 -2.04 -0.25 -14.72 -1.9 -0.25 -14.3
4 15 -4.6 -0.25 -15.6 -3.3 -0.25 -14.3 -3.3 -0.25 -13.7 -6.3 -0.25 -12.9
4 15 -7 -0.25 -12.4 -4.6 -0.25 -15.6 -6.3 -0.25 -12.9 -6.8 -0.25 -12.2
4 15 -3.7 -0.25 -12.9 -6.3 -0.25 -12.9 -3.3 -0.25 -13.7 -2.2 -0.25 -13.7
4 15 -3.7 -0.25 -12.9 -2.2 -0.25 -13.7 -2.4 -0.25 -12.9 -3.2 -0.25 -12.2
4 15 -6.3 -0.25 -12.9 -3.7 -0.25 -12.9 -4.1 -0.25 -12.6 -5.9 -0.25 -12.6
4 15 -5.3 -0.25 -12.3 -5.9 -0.25 -12.6 -4.1 -0.25 -12.6 -4.7 -0.25 -12.3
4 15 -6.4 -0.25 -11.9 -5.9 -0.25 -12.6 -5.3 -0.25 -12.3 -5.3 -0.25 -11.5
4 15 -4.7 -0.25 -12.3 -4.1 -0.25 -12.6 -3.6 -0.25 -11.9 -4.7 -0.25 -11.5
3 7 -18 -0.25 18 -17.3 -0.25 17.3 -16.5 -0.25 17.3
3 7 -18 -0.25 18 -16.5 -0.25 17.3 -15.7 -0.25 17.3
4 7 -18 -0.25 18 -15.7 -0.25 17.3 -10.6 -0.25 17.04 -9 -0.25 17.2
3 7 0 -0.25 18 -18 -0.25 18 -9 -0.25 17.2
3 7 0 -0.25 18 -9 -0.25 17.2 -7.4 -0.25 17.04
3 7 0 -0.25 18 -7.4 -0.25 17.04 -5.86 -0.25 16.58
3 7 0 -0.25 18 -5.86 -0.25 16.58 -4.44 -0.25 15.82
3 7 0 -0.25 18 -4.44 -0.25 15.82 -3.2 -0.25 14.8
3 7 0 -0.25 18 -3.2 -0.25 14.8 -2.18 -0.25 13.56
3 7 0 -0.25 18 -2.18 -0.25 13.56 -1.42 -0.25 12.14
3 7 0 -0.25 18 -1.42 -0.25 12.14 -0.96 -0.25 10.6
4 7 0 -0.25 18 -0.96 -0.25 10.6 -0.8 -0.25 9 0.8 -0.25 9
3 7 0 -0.25 18 0.8 -0.25 9 0.96 -0.25 10.6
3 7 0 -0.25 18 0.96 -0.25 10.6 1.42 -0.25 12.14
3 7 0 -0.25 18 1.42 -0.25 12.14 2.18 -0.25 13.56
3 7 0 -0.25 18 2.18 -0.25 13.56 3.2 -0.25 14.8
3 7 0 -0.25 18 3.2 -0.25 14.8 4.44 -0.25 15.82
3 7 0 -0.25 18 4.44 -0.25 15.82 5.86 -0.25 16.58
3 7 0 -0.25 18 5.86 -0.25 16.58 7.4 -0.25 17.04
3 7 0 -0.25 18 7.4 -0.25 17.04 9 -0.25 17.2
3 7 18 -0.25 18 0 -0.25 18 9 -0.25 17.2
4 7 18 -0.25 18 9 -0.25 17.2 10.6 -0.25 17.04 15.7 -0.25 17.3
3 7 18 -0.25 18 15.7 -0.25 17.3 16.5 -0.25 17.3
3 7 18 -0.25 18 16.5 -0.25 17.3 17.3 -0.25 17.3
3 7 18 -0.25 18 17.3 -0.25 17.3 17.3 -0.25 16.5
3 7 18 -0.25 18 17.3 -0.25 16.5 17.3 -0.25 15.7
4 7 17.04 -0.25 10.6 18 -0.25 18 17.3 -0.25 15.7 16.58 -0.25 12.14
4 7 16.58 -0.25 12.14 17.3 -0.25 15.7 16.5 -0.25 15.7 15.82 -0.25 13.56
4 7 15.82 -0.25 13.56 16.5 -0.25 15.7 15.7 -0.25 15.7 14.8 -0.25 14.8
4 7 14.8 -0.25 14.8 15.7 -0.25 15.7 15.7 -0.25 16.5 13.56 -0.25 15.82
4 7 13.56 -0.25 15.82 15.7 -0.25 16.5 15.7 -0.25 17.3 12.14 -0.25 16.58
3 7 15.7 -0.25 17.3 10.6 -0.25 17.04 12.14 -0.25 16.58
3 7 18 -0.25 18 17.04 -0.25 10.6 17.2 -0.25 9
3 7 18 -0.25 18 17.2 -0.25 9 18 -0.25 0
3 7 17.2 -0.25 9 17.04 -0.25 7.4 18 -0.25 0
3 7 17.04 -0.25 7.4 16.58 -0.25 5.86 18 -0.25 0
3 7 16.58 -0.25 5.86 15.82 -0.25 4.44 18 -0.25 0
3 7 15.82 -0.25 4.44 14.8 -0.25 3.2 18 -0.25 0
3 7 14.8 -0.25 3.2 13.56 -0.25 2.18 18 -0.25 0
3 7 13.56 -0.25 2.18 12.14 -0.25 1.42 18 -0.25 0
3 7 12.14 -0.25 1.42 10.6 -0.25 0.96 18 -0.25 0
4 7 18 -0.25 0 10.6 -0.25 0.96 9 -0.25 0.8 9 -0.25 -0.8
3 7 18 -0.25 0 9 -0.25 -0.8 10.6 -0.25 -0.96
3 7 18 -0.25 0 10.6 -0.25 -0.96 12.14 -0.25 -1.42
3 7 18 -0.25 0 12.14 -0.25 -1.42 13.56 -0.25 -2.18
3 7 18 -0.25 0 13.56 -0.25 -2.18 14.8 -0.25 -3.2
3 7 18 -0.25 0 14.8 -0.25 -3.2 15.82 -0.25 -4.44
3 7 18 -0.25 0 15.82 -0.25 -4.44 16.58 -0.25 -5.86
3 7 18 -0.25 0 16.58 -0.25 -5.86 17.04 -0.25 -7.4
3 7 18 -0.25 0 17.04 -0.25 -7.4 17.2 -0.25 -9
3 7 18 -0.25 0 17.2 -0.25 -9 18 -0.25 -18
4 7 18 -0.25 -18 17.2 -0.25 -9 17.04 -0.25 -10.6 17.3 -0.25 -15.7
3 7 17.3 -0.25 -15.7 17.3 -0.25 -16.5 18 -0.25 -18
3 7 17.3 -0.25 -16.5 17.3 -0.25 -17.3 18 -0.25 -18
3 7 17.3 -0.25 -17.3 16.5 -0.25 -17.3 18 -0.25 -18
3 7 16.5 -0.25 -17.3 15.7 -0.25 -17.3 18 -0.25 -18
4 7 10.6 -0.25 -17.04 18 -0.25 -18 15.7 -0.25 -17.3 12.14 -0.25 -16.58
4 7 12.14 -0.25 -16.58 15.7 -0.25 -17.3 15.7 -0.25 -16.5 13.56 -0.25 -15.82
4 7 13.56 -0.25 -15.82 15.7 -0.25 -16.5 15.7 -0.25 -15.7 14.8 -0.25 -14.8
4 7 15.82 -0.25 -13.56 14.8 -0.25 -14.8 15.7 -0.25 -15.7 16.5 -0.25 -15.7
4 7 16.58 -0.25 -12.14 15.82 -0.25 -13.56 16.5 -0.25 -15.7 17.3 -0.25 -15.7
3 7 17.04 -0.25 -10.6 16.58 -0.25 -12.14 17.3 -0.25 -15.7
3 7 10.6 -0.25 -17.04 9 -0.25 -17.2 18 -0.25 -18
3 7 9 -0.25 -17.2 0 -0.25 -18 18 -0.25 -18
3 7 7.4 -0.25 -17.04 0 -0.25 -18 9 -0.25 -17.2
3 7 5.86 -0.25 -16.58 0 -0.25 -18 7.4 -0.25 -17.04
3 7 4.44 -0.25 -15.82 0 -0.25 -18 5.86 -0.25 -16.58
3 7 3.2 -0.25 -14.8 0 -0.25 -18 4.44 -0.25 -15.82
3 7 2.18 -0.25 -13.56 0 -0.25 -18 3.2 -0.25 -14.8
3 7 1.42 -0.25 -12.14 0 -0.25 -18 2.18 -0.25 -13.56
3 7 0.96 -0.25 -10.6 0 -0.25 -18 1.42 -0.25 -12.14
4 7 0 -0.25 -18 0.96 -0.25 -10.6 0.8 -0.25 -9 -1.2 -0.25 -13.5
3 7 -1.2 -0.25 -13.5 -1.49 -0.25 -14.95 0 -0.25 -18
3 7 -1.49 -0.25 -14.95 -2.31 -0.25 -16.19 0 -0.25 -18
3 7 -2.31 -0.25 -16.19 -3.55 -0.25 -17.01 0 -0.25 -18
3 7 -3.55 -0.25 -17.01 -5 -0.25 -17.3 0 -0.25 -18
4 7 0 -0.25 -18 -5 -0.25 -17.3 -13.5 -0.25 -17.3 -18 -0.25 -18
3 7 -14.95 -0.25 -17.01 -18 -0.25 -18 -13.5 -0.25 -17.3
3 7 -16.19 -0.25 -16.19 -18 -0.25 -18 -14.95 -0.25 -17.01
3 7 -17.01 -0.25 -14.95 -18 -0.25 -18 -16.19 -0.25 -16.19
3 7 -17.3 -0.25 -13.5 -18 -0.25 -18 -17.01 -0.25 -14.95
4 7 -18 -0.25 -18 -17.3 -0.25 -13.5 -17.3 -0.25 -5 -18 -0.25 0
3 7 -18 -0.25 0 -17.3 -0.25 -5 -17.01 -0.25 -3.55
3 7 -18 -0.25 0 -17.01 -0.25 -3.55 -16.19 -0.25 -2.31
3 7 -18 -0.25 0 -16.19 -0.25 -2.31 -14.95 -0.25 -1.49
4 7 -18 -0.25 0 -14.95 -0.25 -1.49 -13.5 -0.25 -1.2 -9 -0.25 0.8
3 7 -9 -0.25 0.8 -13.5 -0.25 -1.2 -12.05 -0.25 -1.49
3 7 -9 -0.25 0.8 -12.05 -0.25 -1.49 -10.81 -0.25 -2.31
3 7 -9 -0.25 0.8 -10.81 -0.25 -2.31 -9.99 -0.25 -3.55
4 7 -9 -0.25 0.8 -9.99 -0.25 -3.55 -9.7 -0.25 -5 -8.8 -0.25 -5
3 7 -9 -0.25 0.8 -8.8 -0.25 -5 -8.51 -0.25 -3.55
3 7 -9 -0.25 0.8 -8.51 -0.25 -3.55 -7.69 -0.25 -2.31
3 7 -9 -0.25 0.8 -7.69 -0.25 -2.31 -6.45 -0.25 -1.49
4 7 -9 -0.25 0.8 -6.45 -0.25 -1.49 -5 -0.25 -1.2 -7.4 -0.25 0.96
4 7 -5.86 -0.25 1.42 -7.4 -0.25 0.96 -5 -0.25 -1.2 -3.55 -0.25 -1.49
4 7 -4.44 -0.25 2.18 -5.86 -0.25 1.42 -3.55 -0.25 -1.49 -2.31 -0.25 -2.31
4 7 -3.2 -0.25 3.2 -4.44 -0.25 2.18 -2.31 -0.25 -2.31 -1.49 -0.25 -3.55
4 7 -2.18 -0.25 4.44 -3.2 -0.25 3.2 -1.49 -0.25 -3.55 2.18 -0.25 4.44
4 7 -2.18 -0.25 4.44 2.18 -0.25 4.44 1.42 -0.25 5.86 -1.42 -0.25 5.86
4 7 -1.42 -0.25 5.86 1.42 -0.25 5.86 0.96 -0.25 7.4 -0.96 -0.25 7.4
4 7 -0.96 -0.25 7.4 0.96 -0.25 7.4 0.8 -0.25 9 -0.8 -0.25 9
4 7 2.18 -0.25 4.44 -1.49 -0.25 -3.55 3.2 -0.25 -3.2 3.2 -0.25 3.2
4 7 3.2 -0.25 3.2 3.2 -0.25 -3.2 4.44 -0.25 -2.18 4.44 -0.25 2.18
4 7 4.44 -0.25 2.18 4.44 -0.25 -2.18 5.86 -0.25 -1.42 5.86 -0.25 1.42
4 7 5.86 -0.25 1.42 5.86 -0.25 -1.42 7.4 -0.25 -0.96 7.4 -0.25 0.96
4 7 7.4 -0.25 0.96 7.4 -0.25 -0.96 9 -0.25 -0.8 9 -0.25 0.8
4 7 2.18 -0.25 -4.44 3.2 -0.25 -3.2 -1.49 -0.25 -3.55 -1.2 -0.25 -5
4 7 1.42 -0.25 -5.86 2.18 -0.25 -4.44 -1.2 -0.25 -5 -1.49 -0.25 -6.45
4 7 0.96 -0.25 -7.4 1.42 -0.25 -5.86 -1.49 -0.25 -6.45 -2.31 -0.25 -7.69
4 7 0.8 -0.25 -9 0.96 -0.25 -7.4 -2.31 -0.25 -7.69 -3.55 -0.25 -8.51
4 7 0.8 -0.25 -9 -3.55 -0.25 -8.51 -3.55 -0.25 -9.99 -2.31 -0.25 -10.81
3 7 0.8 -0.25 -9 -2.31 -0.25 -10.81 -1.49 -0.25 -12.05
3 7 0.8 -0.25 -9 -1.49 -0.25 -12.05 -1.2 -0.25 -13.5
4 7 -3.55 -0.25 -9.99 -3.55 -0.25 -8.51 -5 -0.25 -8.8 -5 -0.25 -9.7
4 7 -5 -0.25 -9.7 -5 -0.25 -8.8 -6.45 -0.25 -8.51 -6.45 -0.25 -9.99
4 7 -6.45 -0.25 -9.99 -6.45 -0.25 -8.51 -7.69 -0.25 -7.69 -7.69 -0.25 -10.81
4 7 -10.81 -0.25 -7.69 -7.69 -0.25 -10.81 -7.69 -0.25 -7.69 -8.51 -0.25 -6.45
4 7 -9.99 -0.25 -6.45 -10.81 -0.25 -7.69 -8.51 -0.25 -6.45 -8.8 -0.25 -5
3 7 -8.8 -0.25 -5 -9.7 -0.25 -5 -9.99 -0.25 -6.45
4 7 -10.81 -0.25 -10.81 -7.69 -0.25 -10.81 -10.81 -0.25 -7.69 -12.05 -0.25 -8.51
4 7 -12.05 -0.25 -9.99 -10.81 -0.25 -10.81 -12.05 -0.25 -8.51 -13.5 -0.25 -8.8
4 7 -13.5 -0.25 -9.7 -12.05 -0.25 -9.99 -13.5 -0.25 -8.8 -14.95 -0.25 -8.51
4 7 -14.95 -0.25 -9.99 -13.5 -0.25 -9.7 -14.95 -0.25 -8.51 -16.19 -0.25 -7.69
4 7 -16.19 -0.25 -10.81 -14.95 -0.25 -9.99 -16.19 -0.25 -7.69 -17.01 -0.25 -6.45
4 7 -17.01 -0.25 -12.05 -16.19 -0.25 -10.81 -17.01 -0.25 -6.45 -17.3 -0.25 -5
3 7 -17.3 -0.25 -5 -17.3 -0.25 -13.5 -17.01 -0.25 -12.05
4 7 -8.51 -0.25 -12.05 -7.69 -0.25 -10.81 -10.81 -0.25 -10.81 -9.99 -0.25 -12.05
4 7 -8.8 -0.25 -13.5 -8.51 -0.25 -12.05 -9.99 -0.25 -12.05 -9.7 -0.25 -13.5
4 7 -8.51 -0.25 -14.95 -8.8 -0.25 -13.5 -9.7 -0.25 -13.5 -9.99 -0.25 -14.95
4 7 -7.69 -0.25 -16.19 -8.51 -0.25 -14.95 -9.99 -0.25 -14.95 -10.81 -0.25 -16.19
4 7 -6.45 -0.25 -17.01 -7.69 -0.25 -16.19 -10.81 -0.25 -16.19 -12.05 -0.25 -17.01
4 7 -5 -0.25 -17.3 -6.45 -0.25 -17.01 -12.05 -0.25 -17.01 -13.5 -0.25 -17.3
3 7 -10.6 -0.25 0.96 -18 -0.25 0 -9 -0.25 0.8
3 7 -12.14 -0.25 1.42 -18 -0.25 0 -10.6 -0.25 0.96
3 7 -13.56 -0.25 2.18 -18 -0.25 0 -12.14 -0.25 1.42
3 7 -14.8 -0.25 3.2 -18 -0.25 0 -13.56 -0.25 2.18
3 7 -15.82 -0.25 4.44 -18 -0.25 0 -14.8 -0.25 3.2
3 7 -16.58 -0.25 5.86 -18 -0.25 0 -15.82 -0.25 4.44
3 7 -17.04 -0.25 7.4 -18 -0.25 0 -16.58 -0.25 5.86
3 7 -17.2 -0.25 9 -18 -0.25 0 -17.04 -0.25 7.4
3 7 -18 -0.25 18 -18 -0.25 0 -17.2 -0.25 9
4 7 -18 -0.25 18 -17.2 -0.25 9 -17.04 -0.25 10.6 -17.3 -0.25 15.7
3 7 -18 -0.25 18 -17.3 -0.25 15.7 -17.3 -0.25 16.5
3 7 -18 -0.25 18 -17.3 -0.25 16.5 -17.3 -0.25 17.3
4 7 -17.3 -0.25 15.7 -17.04 -0.25 10.6 -16.58 -0.25 12.14 -16.5 -0.25 15.7
4 7 -16.5 -0.25 15.7 -16.58 -0.25 12.14 -15.82 -0.25 13.56 -15.7 -0.25 15.7
3 7 -15.7 -0.25 15.7 -15.82 -0.25 13.56 -14.8 -0.25 14.8
4 7 -15.7 -0.25 15.7 -14.8 -0.25 14.8 -13.56 -0.25 15.82 -15.7 -0.25 16.5
4 7 -15.7 -0.25 16.5 -13.56 -0.25 15.82 -12.14 -0.25 16.58 -15.7 -0.25 17.3
3 7 -15.7 -0.25 17.3 -12.14 -0.25 16.58 -10.6 -0.25 17.04
4 0 -19 -0.25 19 -18 -0.25 18 0 -0.25 18 19 -0.25 19
3 0 19 -0.25 19 0 -0.25 18 18 -0.25 18
4 0 19 -0.25 19 18 -0.25 18 18 -0.25 0 19 -0.25 -19
3 0 18 -0.25 0 18 -0.25 -18 19 -0.25 -19
4 0 19 -0.25 -19 18 -0.25 -18 0 -0.25 -18 -19 -0.25 -19
3 0 0 -0.25 -18 -18 -0.25 -18 -19 -0.25 -19
4 0 -19 -0.25 -19 -18 -0.25 -18 -18 -0.25 0 -19 -0.25 19
3 0 -19 -0.25 19 -18 -0.25 0 -18 -0.25 18