0 Sticker  1.9 x  1.9 with Radar and Controls
0 Name: 165985g.dat
0 Author: Takeshi Takahashi [RainbowDolphin]
0 !LDRAW_ORG Part UPDATE 2026-05
0 !LICENSE Licensed under CC BY 4.0 : see CAreadme.txt

0 BFC CERTIFY CCW

0 !KEYWORDS Bricklink 8839stk01, Brickowl 289279, Rebrickable stickerupn0074
0 !KEYWORDS set 8839, Supply ship, Technic

0 !HISTORY 2026-05-31 [OrionP] Official Update 2026-05

1 16 0 -0.25 0 19 0 0 0 0.25 0 0 0 19 box5-12.dat
1 0 -16.2 -0.25 16.2 0.8 0 0 0 1 0 0 0 0.8 4-4disc.dat
1 0 4.2 -0.25 16.2 0.8 0 0 0 1 0 0 0 0.8 4-4disc.dat
1 0 -16.2 -0.25 -5.2 0.8 0 0 0 1 0 0 0 0.8 4-4disc.dat
1 0 4.2 -0.25 -5.2 0.8 0 0 0 1 0 0 0 0.8 4-4disc.dat
1 7 -16.2 -0.25 16.2 0.8 0 0 0 1 0 0 0 0.8 4-4ndis.dat
1 7 4.2 -0.25 16.2 0.8 0 0 0 1 0 0 0 0.8 4-4ndis.dat
1 7 -16.2 -0.25 -5.2 0.8 0 0 0 1 0 0 0 0.8 4-4ndis.dat
1 7 4.2 -0.25 -5.2 0.8 0 0 0 1 0 0 0 0.8 4-4ndis.dat
1 7 -6 -.25 6 10.4 0 0 0 1 0 0 0 10.4 1-8tndis.dat
1 0 -6 -.25 6 10.4 0 0 0 1 0 0 0 10.4 1-8chrd.dat
1 7 -6 -.25 6 -10.4 0 0 0 1 0 0 0 10.4 1-8tndis.dat
1 0 -6 -.25 6 -10.4 0 0 0 1 0 0 0 10.4 1-8ering.dat
1 7 -6 -.25 6 -10.4 0 0 0 1 0 0 0 -10.4 1-8tndis.dat
1 0 -6 -.25 6 -10.4 0 0 0 1 0 0 0 -10.4 1-8ering.dat
1 7 -6 -.25 6 10.4 0 0 0 1 0 0 0 -10.4 1-8tndis.dat
1 0 -6 -.25 6 10.4 0 0 0 1 0 0 0 -10.4 1-8chrd.dat
1 7 -6 -.25 6 0 0 -10.4 0 1 0 10.4 0 0 1-8tndis.dat
1 0 -6 -.25 6 0 0 -10.4 0 1 0 10.4 0 0 1-8chrd.dat
1 7 -6 -.25 6 0 0 10.4 0 1 0 10.4 0 0 1-8tndis.dat
1 0 -6 -.25 6 0 0 10.4 0 1 0 10.4 0 0 1-8chrd.dat
1 7 -6 -.25 6 0 0 -10.4 0 1 0 -10.4 0 0 1-8tndis.dat
1 0 -6 -.25 6 0 0 -10.4 0 1 0 -10.4 0 0 1-8chrd.dat
1 7 -6 -.25 6 0 0 10.4 0 1 0 -10.4 0 0 1-8tndis.dat
1 0 -6 -.25 6 0 0 10.4 0 1 0 -10.4 0 0 1-8chrd.dat
4 15 18 -0.25 15.4 18 -0.25 18 15.4 -0.25 18 15.4 -0.25 15.4
4 15 18 -0.25 12.4 18 -0.25 15 15.4 -0.25 15 15.4 -0.25 12.4
4 4 15 -0.25 15.4 15 -0.25 18 12.4 -0.25 18 12.4 -0.25 15.4
4 15 15 -0.25 12.4 15 -0.25 15 12.4 -0.25 15 12.4 -0.25 12.4
4 15 12 -0.25 15.4 12 -0.25 18 9.4 -0.25 18 9.4 -0.25 15.4
4 4 12 -0.25 12.4 12 -0.25 15 9.4 -0.25 15 9.4 -0.25 12.4
4 15 9 -0.25 15.4 9 -0.25 18 6.4 -0.25 18 6.4 -0.25 15.4
4 15 9 -0.25 12.4 9 -0.25 15 6.4 -0.25 15 6.4 -0.25 12.4
4 4 11.5 -0.25 7.4 11.6 -0.25 7.7 9.7 -0.25 9.7 9.06 -0.25 8.7
4 4 9.06 -0.25 6.1 9.8 -0.25 5 11.71 -0.25 6.91 8.8 -0.25 7.4
4 4 11.5 -0.25 7.4 9.06 -0.25 8.7 8.8 -0.25 7.4 11.71 -0.25 6.91
4 4 11.71 -0.25 6.91 9.8 -0.25 5 10.9 -0.25 4.26 12.2 -0.25 6.7
4 4 12.2 -0.25 6.7 10.9 -0.25 4.26 12.2 -0.25 4 13.5 -0.25 4.26
4 4 12.69 -0.25 6.91 12.2 -0.25 6.7 13.5 -0.25 4.26 14.6 -0.25 5
4 4 12.9 -0.25 7.4 12.69 -0.25 6.91 14.6 -0.25 5 15.34 -0.25 6.1
4 4 12.9 -0.25 7.4 15.34 -0.25 6.1 15.6 -0.25 7.4 15.34 -0.25 8.7
4 4 12.69 -0.25 7.89 12.9 -0.25 7.4 15.34 -0.25 8.7 14.6 -0.25 9.8
4 4 12.69 -0.25 7.89 14.6 -0.25 9.8 13.5 -0.25 10.54 12.2 -0.25 8.1
4 4 12.2 -0.25 8.1 13.5 -0.25 10.54 12.2 -0.25 10.8 10.9 -0.25 10.54
4 4 11.9 -0.25 8 12.2 -0.25 8.1 10.9 -0.25 10.54 9.9 -0.25 9.9
4 0 12.69 -0.25 7.89 12.2 -0.25 8.1 11.9 -0.25 8 12.9 -0.25 7.4
4 0 12.69 -0.25 6.91 12.9 -0.25 7.4 11.9 -0.25 8 11.6 -0.25 7.7
4 0 12.2 -0.25 6.7 12.69 -0.25 6.91 11.6 -0.25 7.7 11.71 -0.25 6.91
3 0 11.6 -0.25 7.7 11.5 -0.25 7.4 11.71 -0.25 6.91
4 0 11.6 -0.25 7.7 11.9 -0.25 8 9.9 -0.25 9.9 9.7 -0.25 9.7
4 7 12 -0.25 12 6.4 -0.25 12 10.75 -0.25 10.91 12 -0.25 11.2
3 7 6.4 -0.25 12 9.51 -0.25 10.09 10.75 -0.25 10.91
4 7 8.69 -0.25 8.85 9.51 -0.25 10.09 6.4 -0.25 12 6.4 -0.25 7.6
3 7 8.69 -0.25 8.85 6.4 -0.25 7.6 8.4 -0.25 7.6
4 7 18 -0.25 7.6 18 -0.25 12 15.71 -0.25 8.85 16 -0.25 7.6
3 7 18 -0.25 12 14.89 -0.25 10.09 15.71 -0.25 8.85
4 7 18 -0.25 12 12.4 -0.25 12 13.65 -0.25 10.91 14.89 -0.25 10.09
3 7 12.4 -0.25 12 12.4 -0.25 11.2 13.65 -0.25 10.91
4 7 6.4 -0.25 2.8 9.51 -0.25 4.71 8.69 -0.25 5.95 6.4 -0.25 7.2
3 7 8.4 -0.25 7.2 6.4 -0.25 7.2 8.69 -0.25 5.95
4 7 10.75 -0.25 3.89 9.51 -0.25 4.71 6.4 -0.25 2.8 12 -0.25 2.8
3 7 10.75 -0.25 3.89 12 -0.25 2.8 12 -0.25 3.6
4 7 12.4 -0.25 2.8 18 -0.25 2.8 13.65 -0.25 3.89 12.4 -0.25 3.6
3 7 14.89 -0.25 4.71 13.65 -0.25 3.89 18 -0.25 2.8
4 7 18 -0.25 2.8 18 -0.25 7.2 15.71 -0.25 5.95 14.89 -0.25 4.71
3 7 18 -0.25 7.2 16 -0.25 7.2 15.71 -0.25 5.95
4 4 14.7 -0.25 0.1 12.8 -0.25 -1.9 12.9 -0.25 -2.2 15.34 -0.25 -0.9
4 4 12.69 -0.25 -2.69 14.6 -0.25 -4.6 15.34 -0.25 -3.5 15.6 -0.25 -2.2
4 4 15.6 -0.25 -2.2 15.34 -0.25 -0.9 12.9 -0.25 -2.2 12.69 -0.25 -2.69
4 4 13.5 -0.25 -5.34 14.6 -0.25 -4.6 12.69 -0.25 -2.69 12.2 -0.25 -2.9
4 4 12.2 -0.25 -5.6 13.5 -0.25 -5.34 12.2 -0.25 -2.9 10.9 -0.25 -5.34
4 4 10.9 -0.25 -5.34 12.2 -0.25 -2.9 11.71 -0.25 -2.69 9.8 -0.25 -4.6
4 4 9.8 -0.25 -4.6 11.71 -0.25 -2.69 11.5 -0.25 -2.2 9.06 -0.25 -3.5
4 4 8.8 -0.25 -2.2 9.06 -0.25 -3.5 11.5 -0.25 -2.2 9.06 -0.25 -0.9
4 4 9.06 -0.25 -0.9 11.5 -0.25 -2.2 11.71 -0.25 -1.71 9.8 -0.25 0.2
4 4 10.9 -0.25 0.94 9.8 -0.25 0.2 11.71 -0.25 -1.71 12.2 -0.25 -1.5
4 4 12.2 -0.25 1.2 10.9 -0.25 0.94 12.2 -0.25 -1.5 13.5 -0.25 0.94
4 4 13.5 -0.25 0.94 12.2 -0.25 -1.5 12.5 -0.25 -1.6 14.5 -0.25 0.3
4 0 12.5 -0.25 -1.6 12.2 -0.25 -1.5 11.71 -0.25 -1.71 11.5 -0.25 -2.2
4 0 12.5 -0.25 -1.6 11.5 -0.25 -2.2 11.71 -0.25 -2.69 12.8 -0.25 -1.9
4 0 12.8 -0.25 -1.9 11.71 -0.25 -2.69 12.2 -0.25 -2.9 12.69 -0.25 -2.69
3 0 12.8 -0.25 -1.9 12.69 -0.25 -2.69 12.9 -0.25 -2.2
4 0 14.5 -0.25 0.3 12.5 -0.25 -1.6 12.8 -0.25 -1.9 14.7 -0.25 0.1
4 7 13.65 -0.25 1.31 18 -0.25 2.4 12.4 -0.25 2.4 12.4 -0.25 1.6
3 7 18 -0.25 2.4 13.65 -0.25 1.31 14.89 -0.25 0.49
4 7 18 -0.25 2.4 14.89 -0.25 0.49 15.71 -0.25 -0.75 18 -0.25 -2
3 7 15.71 -0.25 -0.75 16 -0.25 -2 18 -0.25 -2
4 7 8.69 -0.25 -0.75 6.4 -0.25 2.4 6.4 -0.25 -2 8.4 -0.25 -2
3 7 6.4 -0.25 2.4 8.69 -0.25 -0.75 9.51 -0.25 0.49
4 7 10.75 -0.25 1.31 12 -0.25 2.4 6.4 -0.25 2.4 9.51 -0.25 0.49
3 7 12 -0.25 2.4 10.75 -0.25 1.31 12 -0.25 1.6
4 7 15.71 -0.25 -3.65 14.89 -0.25 -4.89 18 -0.25 -6.8 18 -0.25 -2.4
3 7 18 -0.25 -2.4 16 -0.25 -2.4 15.71 -0.25 -3.65
4 7 18 -0.25 -6.8 14.89 -0.25 -4.89 13.65 -0.25 -5.71 12.4 -0.25 -6.8
3 7 13.65 -0.25 -5.71 12.4 -0.25 -6 12.4 -0.25 -6.8
4 7 10.75 -0.25 -5.71 6.4 -0.25 -6.8 12 -0.25 -6.8 12 -0.25 -6
3 7 9.51 -0.25 -4.89 6.4 -0.25 -6.8 10.75 -0.25 -5.71
4 7 8.69 -0.25 -3.65 6.4 -0.25 -2.4 6.4 -0.25 -6.8 9.51 -0.25 -4.89
3 7 8.4 -0.25 -2.4 6.4 -0.25 -2.4 8.69 -0.25 -3.65
4 7 12.6 -.25 -8.6 11.8 -.25 -8.6 11.8 -.25 -10.4 12.6 -.25 -10.4
4 7 12.6 -.25 -12 11.8 -.25 -12 11.8 -.25 -16.4 12.6 -.25 -16.4
4 4 12.6 -0.25 -10.8 11.8 -0.25 -10.8 11.8 -0.25 -11.6 12.6 -0.25 -11.6
3 4 11.8 -0.25 -10.8 11 -0.25 -11.2 11.8 -0.25 -11.6
3 4 12.6 -0.25 -10.8 12.6 -0.25 -11.6 13.4 -0.25 -11.2
4 0 11.4 -0.25 -8.2 11.8 -0.25 -8.6 12.6 -0.25 -8.6 13 -0.25 -8.2
4 0 11.8 -0.25 -10.4 11.8 -0.25 -8.6 11.4 -0.25 -8.2 11.4 -0.25 -10.4
4 0 11.8 -0.25 -10.8 11.8 -0.25 -10.4 11.4 -0.25 -10.4 11 -0.25 -11.2
4 0 11 -0.25 -11.2 11.4 -0.25 -10.4 10.6 -0.25 -10.8 10.6 -0.25 -11.6
4 0 11 -0.25 -11.2 10.6 -0.25 -11.6 11.4 -0.25 -12 11.8 -0.25 -11.6
4 0 11.8 -0.25 -11.6 11.4 -0.25 -12 11.8 -0.25 -12 12.6 -0.25 -11.6
4 0 11.8 -0.25 -16.4 11.8 -0.25 -12 11.4 -0.25 -12 11.4 -0.25 -16.8
4 0 12.6 -0.25 -16.4 11.8 -0.25 -16.4 11.4 -0.25 -16.8 13 -0.25 -16.8
4 0 12.6 -0.25 -12 12.6 -0.25 -16.4 13 -0.25 -16.8 13 -0.25 -12
4 0 12.6 -0.25 -11.6 12.6 -0.25 -12 13 -0.25 -12 13.4 -0.25 -11.2
3 0 12.6 -0.25 -11.6 11.8 -0.25 -12 12.6 -0.25 -12
4 0 13.4 -0.25 -11.2 13 -0.25 -12 13.8 -0.25 -11.6 13.8 -0.25 -10.8
4 0 12.6 -0.25 -10.8 12.6 -0.25 -10.4 11.8 -0.25 -10.4 11.8 -0.25 -10.8
4 0 13.4 -0.25 -11.2 13.8 -0.25 -10.8 13 -0.25 -10.4 12.6 -0.25 -10.8
3 0 13 -0.25 -10.4 12.6 -0.25 -10.4 12.6 -0.25 -10.8
4 0 12.6 -0.25 -8.6 12.6 -0.25 -10.4 13 -0.25 -10.4 13 -0.25 -8.2
4 7 9 -.25 -8.6 8.2 -.25 -8.6 8.2 -.25 -13 9 -.25 -13
4 7 9 -.25 -14.6 8.2 -.25 -14.6 8.2 -.25 -16.4 9 -.25 -16.4
4 4 9 -0.25 -13.4 8.2 -0.25 -13.4 8.2 -0.25 -14.2 9 -0.25 -14.2
3 4 8.2 -0.25 -13.4 7.4 -0.25 -13.8 8.2 -0.25 -14.2
3 4 9 -0.25 -13.4 9 -0.25 -14.2 9.8 -0.25 -13.8
4 0 7.8 -0.25 -8.2 8.2 -0.25 -8.6 9 -0.25 -8.6 9.4 -0.25 -8.2
4 0 8.2 -0.25 -13 8.2 -0.25 -8.6 7.8 -0.25 -8.2 7.8 -0.25 -13
4 0 8.2 -0.25 -13.4 8.2 -0.25 -13 7.8 -0.25 -13 7.4 -0.25 -13.8
4 0 7.4 -0.25 -13.8 7.8 -0.25 -13 7 -0.25 -13.4 7 -0.25 -14.2
4 0 7.4 -0.25 -13.8 7 -0.25 -14.2 7.8 -0.25 -14.6 8.2 -0.25 -14.2
4 0 8.2 -0.25 -14.2 7.8 -0.25 -14.6 8.2 -0.25 -14.6 9 -0.25 -14.2
4 0 8.2 -0.25 -16.4 8.2 -0.25 -14.6 7.8 -0.25 -14.6 7.8 -0.25 -16.8
4 0 9 -0.25 -16.4 8.2 -0.25 -16.4 7.8 -0.25 -16.8 9.4 -0.25 -16.8
4 0 9 -0.25 -14.6 9 -0.25 -16.4 9.4 -0.25 -16.8 9.4 -0.25 -14.6
4 0 9 -0.25 -14.2 9 -0.25 -14.6 9.4 -0.25 -14.6 9.8 -0.25 -13.8
3 0 9 -0.25 -14.2 8.2 -0.25 -14.6 9 -0.25 -14.6
4 0 9.8 -0.25 -13.8 9.4 -0.25 -14.6 10.2 -0.25 -14.2 10.2 -0.25 -13.4
4 0 9 -0.25 -13.4 9 -0.25 -13 8.2 -0.25 -13 8.2 -0.25 -13.4
4 0 9.8 -0.25 -13.8 10.2 -0.25 -13.4 9.4 -0.25 -13 9 -0.25 -13.4
3 0 9.4 -0.25 -13 9 -0.25 -13 9 -0.25 -13.4
4 0 9 -0.25 -8.6 9 -0.25 -13 9.4 -0.25 -13 9.4 -0.25 -8.2
4 7 16.2 -.25 -8.6 15.4 -.25 -8.6 15.4 -.25 -14 16.2 -.25 -14
4 7 16.2 -.25 -15.6 15.4 -.25 -15.6 15.4 -.25 -16.4 16.2 -.25 -16.4
4 4 16.2 -0.25 -14.4 15.4 -0.25 -14.4 15.4 -0.25 -15.2 16.2 -0.25 -15.2
3 4 15.4 -0.25 -14.4 14.6 -0.25 -14.8 15.4 -0.25 -15.2
3 4 16.2 -0.25 -14.4 16.2 -0.25 -15.2 17 -0.25 -14.8
4 0 15 -0.25 -8.2 15.4 -0.25 -8.6 16.2 -0.25 -8.6 16.6 -0.25 -8.2
4 0 15.4 -0.25 -14 15.4 -0.25 -8.6 15 -0.25 -8.2 15 -0.25 -14
4 0 15.4 -0.25 -14.4 15.4 -0.25 -14 15 -0.25 -14 14.6 -0.25 -14.8
4 0 14.6 -0.25 -14.8 15 -0.25 -14 14.2 -0.25 -14.4 14.2 -0.25 -15.2
4 0 14.6 -0.25 -14.8 14.2 -0.25 -15.2 15 -0.25 -15.6 15.4 -0.25 -15.2
4 0 15.4 -0.25 -15.2 15 -0.25 -15.6 15.4 -0.25 -15.6 16.2 -0.25 -15.2
4 0 15.4 -0.25 -16.4 15.4 -0.25 -15.6 15 -0.25 -15.6 15 -0.25 -16.8
4 0 16.2 -0.25 -16.4 15.4 -0.25 -16.4 15 -0.25 -16.8 16.6 -0.25 -16.8
4 0 16.2 -0.25 -15.6 16.2 -0.25 -16.4 16.6 -0.25 -16.8 16.6 -0.25 -15.6
4 0 16.2 -0.25 -15.2 16.2 -0.25 -15.6 16.6 -0.25 -15.6 17 -0.25 -14.8
3 0 16.2 -0.25 -15.2 15.4 -0.25 -15.6 16.2 -0.25 -15.6
4 0 17 -0.25 -14.8 16.6 -0.25 -15.6 17.4 -0.25 -15.2 17.4 -0.25 -14.4
4 0 16.2 -0.25 -14.4 16.2 -0.25 -14 15.4 -0.25 -14 15.4 -0.25 -14.4
4 0 17 -0.25 -14.8 17.4 -0.25 -14.4 16.6 -0.25 -14 16.2 -0.25 -14.4
3 0 16.6 -0.25 -14 16.2 -0.25 -14 16.2 -0.25 -14.4
4 0 16.2 -0.25 -8.6 16.2 -0.25 -14 16.6 -0.25 -14 16.6 -0.25 -8.2
4 7 11.4 -0.25 -8.2 13 -0.25 -8.2 18 -0.25 -7.2 12.2 -0.25 -7.2
3 7 18 -0.25 -7.2 13 -0.25 -8.2 15 -0.25 -8.2
3 7 18 -0.25 -7.2 15 -0.25 -8.2 16.6 -0.25 -8.2
4 7 18 -0.25 -7.2 16.6 -0.25 -8.2 16.6 -0.25 -14 17.4 -0.25 -14.4
4 7 18 -0.25 -18 18 -0.25 -7.2 17.4 -0.25 -14.4 17.4 -0.25 -15.2
4 7 18 -0.25 -18 17.4 -0.25 -15.2 16.6 -0.25 -15.6 16.6 -0.25 -16.8
3 7 16.6 -0.25 -16.8 15 -0.25 -16.8 18 -0.25 -18
3 7 15 -0.25 -16.8 13 -0.25 -16.8 18 -0.25 -18
4 7 13 -0.25 -16.8 15 -0.25 -16.8 15 -0.25 -15.6 14.2 -0.25 -15.2
4 7 13 -0.25 -16.8 14.2 -0.25 -15.2 14.2 -0.25 -14.4 13 -0.25 -12
4 7 13.8 -0.25 -11.6 13 -0.25 -12 14.2 -0.25 -14.4 15 -0.25 -14
4 7 13.8 -0.25 -10.8 13.8 -0.25 -11.6 15 -0.25 -14 15 -0.25 -8.2
4 7 13 -0.25 -10.4 13.8 -0.25 -10.8 15 -0.25 -8.2 13 -0.25 -8.2
4 7 18 -0.25 -18 13 -0.25 -16.8 11.4 -0.25 -16.8 6.4 -0.25 -18
3 7 11.4 -0.25 -16.8 9.4 -0.25 -16.8 6.4 -0.25 -18
3 7 9.4 -0.25 -16.8 7.8 -0.25 -16.8 6.4 -0.25 -18
4 7 6.4 -0.25 -18 7.8 -0.25 -16.8 7.8 -0.25 -14.6 7 -0.25 -14.2
4 7 6.4 -0.25 -18 7 -0.25 -14.2 7 -0.25 -13.4 6.4 -0.25 -12.6
4 7 6.4 -0.25 -7.2 7 -0.25 -13.4 7.8 -0.25 -13 7.8 -0.25 -8.2
3 7 6.4 -0.25 -7.2 7.8 -0.25 -8.2 9.4 -0.25 -8.2
4 7 6.4 -0.25 -7.2 9.4 -0.25 -8.2 11.4 -0.25 -8.2 12.2 -0.25 -7.2
4 7 11.4 -0.25 -10.4 11.4 -0.25 -8.2 9.4 -0.25 -8.2 10.6 -0.25 -10.8
4 7 10.6 -0.25 -10.8 9.4 -0.25 -8.2 9.4 -0.25 -13 10.6 -0.25 -11.6
4 7 10.6 -0.25 -11.6 9.4 -0.25 -13 10.2 -0.25 -13.4 11.4 -0.25 -12
4 7 11.4 -0.25 -12 10.2 -0.25 -13.4 10.2 -0.25 -14.2 11.4 -0.25 -16.8
4 7 9.4 -0.25 -16.8 11.4 -0.25 -16.8 10.2 -0.25 -14.2 9.4 -0.25 -14.6
4 4 2.46 -0.25 -8.51 2.1 -0.25 -8.7 3.1 -0.25 -9.7 3 -0.25 -8.4
4 4 3.54 -0.25 -8.51 3 -0.25 -8.4 3.1 -0.25 -9.7 3.99 -0.25 -8.81
4 4 4.29 -0.25 -9.26 3.99 -0.25 -8.81 3.1 -0.25 -9.7 4.4 -0.25 -9.8
4 4 4.4 -0.25 -9.8 3.1 -0.25 -9.7 3.1 -0.25 -9.9 4.29 -0.25 -10.34
4 4 3.99 -0.25 -10.79 4.29 -0.25 -10.34 3.1 -0.25 -9.9 3.54 -0.25 -11.09
4 4 3 -0.25 -11.2 3.54 -0.25 -11.09 3.1 -0.25 -9.9 2.9 -0.25 -9.9
4 4 2.46 -0.25 -11.09 3 -0.25 -11.2 2.9 -0.25 -9.9 2.009 -0.25 -10.79
4 4 1.71 -0.25 -10.34 2.009 -0.25 -10.79 2.9 -0.25 -9.9 1.6 -0.25 -9.8
4 4 1.71 -0.25 -9.26 1.6 -0.25 -9.8 2.9 -0.25 -9.9 1.9 -0.25 -8.9
4 7 3.2 -0.25 -7.2 3.2 -0.25 -8 3.69 -0.25 -8.14 6 -0.25 -7.2
3 7 6 -0.25 -7.2 3.69 -0.25 -8.14 4.27 -0.25 -8.53
4 7 6 -0.25 -7.2 4.27 -0.25 -8.53 4.66 -0.25 -9.11 6 -0.25 -9.6
3 7 4.66 -0.25 -9.11 5.4 -0.25 -9.6 6 -0.25 -9.6
4 7 5.4 -0.25 -9.6 4.66 -0.25 -9.11 4.8 -0.25 -9.8 5.4 -0.25 -10
3 7 4.8 -0.25 -9.8 4.66 -0.25 -10.49 5.4 -0.25 -10
4 7 6 -0.25 -10 5.4 -0.25 -10 4.66 -0.25 -10.49 6 -0.25 -12.4
3 7 4.66 -0.25 -10.49 4.27 -0.25 -11.07 6 -0.25 -12.4
4 7 6 -0.25 -12.4 4.27 -0.25 -11.07 3.69 -0.25 -11.46 3.2 -0.25 -12.4
4 7 2.31 -0.25 -11.46 1.73 -0.25 -11.07 0 -0.25 -12.4 2.8 -0.25 -12.4
4 7 0 -0.25 -12.4 1.73 -0.25 -11.07 1.34 -0.25 -10.49 0 -0.25 -10
3 7 0.6 -0.25 -10 0 -0.25 -10 1.34 -0.25 -10.49
4 7 0.6 -0.25 -10 1.34 -0.25 -10.49 1.2 -0.25 -9.8 0.6 -0.25 -9.6
3 7 1.34 -0.25 -9.11 0.6 -0.25 -9.6 1.2 -0.25 -9.8
4 7 0 -0.25 -9.6 0.6 -0.25 -9.6 1.34 -0.25 -9.11 0 -0.25 -7.2
3 7 0 -0.25 -7.2 1.34 -0.25 -9.11 1.73 -0.25 -8.53
4 7 0 -0.25 -7.2 1.73 -0.25 -8.53 2.31 -0.25 -8.14 2.8 -0.25 -7.2
3 7 2.8 -0.25 -7.2 2.31 -0.25 -8.14 2.8 -0.25 -8
3 7 3.69 -0.25 -11.46 3.2 -0.25 -11.6 3.2 -0.25 -12.4
3 7 2.31 -0.25 -11.46 2.8 -0.25 -12.4 2.8 -0.25 -11.6
4 7 -8.2 -0.25 -8 -1.2 -0.25 -8 -0.4 -0.25 -7.2 -9 -0.25 -7.2
4 7 -1.2 -0.25 -8 -1.2 -0.25 -17.2 -0.4 -0.25 -18 -0.4 -0.25 -12.6
4 7 -8.2 -0.25 -8 -9 -0.25 -7.2 -9 -0.25 -18 -8.2 -0.25 -17.2
4 7 -1.2 -0.25 -17.2 -8.2 -0.25 -17.2 -9 -0.25 -18 -0.4 -0.25 -18
4 7 -1.6 -.25 -8.4 -7.8 -.25 -8.4 -7.8 -.25 -10.5 -6 -.25 -11.4
4 7 -6 -.25 -11.4 -7.8 -.25 -10.5 -7.3 -.25 -11.3 -6.8 -.25 -11.7
4 7 -1.6 -.25 -8.4 -6 -.25 -11.4 -5.9 -.25 -12.4 -5.6 -.25 -13.4
3 7 -1.6 -.25 -8.4 -5.6 -.25 -13.4 -1.6 -.25 -13.4
4 2 -4.3 -0.25 -14.7 -1.6 -0.25 -13.8 -5.5 -0.25 -13.8 -5.2 -0.25 -14.4
4 2 -1.6 -0.25 -13.8 -4.3 -0.25 -14.7 -4.2 -0.25 -15.6 -1.6 -0.25 -16.9
3 2 -4.2 -0.25 -15.6 -3.8 -0.25 -16.9 -1.6 -0.25 -16.9
4 0 -8.2 -0.25 -8 -7.8 -0.25 -8.4 -1.6 -0.25 -8.4 -1.2 -0.25 -8
4 0 -1.2 -0.25 -8 -1.6 -0.25 -8.4 -1.6 -0.25 -13.4 -1.2 -0.25 -17.2
3 0 -1.6 -0.25 -13.4 -1.6 -0.25 -13.8 -1.2 -0.25 -17.2
3 0 -1.6 -0.25 -13.8 -1.6 -0.25 -16.9 -1.2 -0.25 -17.2
4 0 -1.2 -0.25 -17.2 -1.6 -0.25 -16.9 -3.8 -0.25 -16.9 -8.2 -0.25 -17.2
3 0 -4.2 -0.25 -15.6 -8.2 -0.25 -17.2 -3.8 -0.25 -16.9
4 0 -8.2 -0.25 -17.2 -4.2 -0.25 -15.6 -4.3 -0.25 -14.7 -5.2 -0.25 -14.4
3 0 -5.5 -0.25 -13.8 -8.2 -0.25 -17.2 -5.2 -0.25 -14.4
4 0 -8.2 -0.25 -17.2 -5.5 -0.25 -13.8 -5.6 -0.25 -13.4 -5.9 -0.25 -12.4
4 0 -1.6 -0.25 -13.4 -5.6 -0.25 -13.4 -5.5 -0.25 -13.8 -1.6 -0.25 -13.8
4 0 -6.8 -0.25 -11.7 -8.2 -0.25 -17.2 -5.9 -0.25 -12.4 -6 -0.25 -11.4
3 0 -7.3 -0.25 -11.3 -8.2 -0.25 -17.2 -6.8 -0.25 -11.7
3 0 -7.8 -0.25 -10.5 -8.2 -0.25 -17.2 -7.3 -0.25 -11.3
4 0 -8.2 -0.25 -8 -8.2 -0.25 -17.2 -7.8 -0.25 -10.5 -7.8 -0.25 -8.4
4 0 -12.8 -0.25 -8 -14.6 -0.25 -8 -14.2 -0.25 -15.4 -13.2 -0.25 -15.4
4 0 -14.2 -0.25 -15.4 -14.6 -0.25 -8 -14.6 -0.25 -17.2 -14.2 -0.25 -16.8
4 0 -14.2 -0.25 -16.8 -14.6 -0.25 -17.2 -12.8 -0.25 -17.2 -13.2 -0.25 -16.8
4 0 -13.2 -0.25 -15.4 -13.2 -0.25 -16.8 -12.8 -0.25 -17.2 -12.8 -0.25 -8
4 4 -13.2 -0.25 -15.4 -14.2 -0.25 -15.4 -14.2 -0.25 -16.8 -13.2 -0.25 -16.8
4 0 -15.4 -0.25 -8 -17.2 -0.25 -8 -16.8 -0.25 -12.4 -15.8 -0.25 -12.4
4 0 -16.8 -0.25 -12.4 -17.2 -0.25 -8 -17.2 -0.25 -17.2 -16.8 -0.25 -16.8
4 0 -16.8 -0.25 -16.8 -17.2 -0.25 -17.2 -15.4 -0.25 -17.2 -15.8 -0.25 -16.8
4 0 -15.8 -0.25 -12.4 -15.8 -0.25 -16.8 -15.4 -0.25 -17.2 -15.4 -0.25 -8
4 4 -15.8 -0.25 -12.4 -16.8 -0.25 -12.4 -16.8 -0.25 -16.8 -15.8 -0.25 -16.8
4 0 -10.2 -0.25 -8 -12 -0.25 -8 -11.6 -0.25 -10.2 -10.6 -0.25 -10.2
4 0 -11.6 -0.25 -10.2 -12 -0.25 -8 -12 -0.25 -17.2 -11.6 -0.25 -16.8
4 0 -11.6 -0.25 -16.8 -12 -0.25 -17.2 -10.2 -0.25 -17.2 -10.6 -0.25 -16.8
4 0 -10.6 -0.25 -10.2 -10.6 -0.25 -16.8 -10.2 -0.25 -17.2 -10.2 -0.25 -8
4 4 -10.6 -0.25 -10.2 -11.6 -0.25 -10.2 -11.6 -0.25 -16.8 -10.6 -0.25 -16.8
3 7 -18 -0.25 -7.2 -17.2 -0.25 -8 -15.4 -0.25 -8
3 7 -18 -0.25 -7.2 -15.4 -0.25 -8 -14.6 -0.25 -8
4 7 -18 -0.25 -7.2 -14.6 -0.25 -8 -12.8 -0.25 -8 -9.4 -0.25 -7.2
3 7 -9.4 -0.25 -7.2 -12.8 -0.25 -8 -12 -0.25 -8
3 7 -9.4 -0.25 -7.2 -12 -0.25 -8 -10.2 -0.25 -8
4 7 -9.4 -0.25 -7.2 -10.2 -0.25 -8 -10.2 -0.25 -17.2 -9.4 -0.25 -18
3 7 -10.2 -0.25 -17.2 -12 -0.25 -17.2 -9.4 -0.25 -18
3 7 -12 -0.25 -17.2 -12.8 -0.25 -17.2 -9.4 -0.25 -18
4 7 -12.8 -0.25 -17.2 -12 -0.25 -17.2 -12 -0.25 -8 -12.8 -0.25 -8
4 7 -9.4 -0.25 -18 -12.8 -0.25 -17.2 -14.6 -0.25 -17.2 -18 -0.25 -18
3 7 -14.6 -0.25 -17.2 -15.4 -0.25 -17.2 -18 -0.25 -18
4 7 -15.4 -0.25 -17.2 -14.6 -0.25 -17.2 -14.6 -0.25 -8 -15.4 -0.25 -8
3 7 -15.4 -0.25 -17.2 -17.2 -0.25 -17.2 -18 -0.25 -18
4 7 -18 -0.25 -18 -17.2 -0.25 -17.2 -17.2 -0.25 -8 -18 -0.25 -7.2
4 15 -12.8 -0.25 13.2 -13.2 -0.25 12.8 -6.2 -0.25 5.8 -5.8 -0.25 6.2
4 2 -6.1 -0.25 3 -5.7 -0.25 2.6 -5.7 -0.25 3.4 -6 -0.25 3.3
4 2 -5.7 -0.25 3.4 -5.7 -0.25 2.6 -5.3 -0.25 3 -5.4 -0.25 3.3
3 2 -6.1 -0.25 3 -6 -0.25 2.7 -5.7 -0.25 2.6
3 2 -5.3 -0.25 3 -5.7 -0.25 2.6 -5.4 -0.25 2.7
4 2 -8 -0.25 1.3 -8.6 -0.25 0.7 -8 -0.25 0.1 -7.4 -0.25 0.7
3 2 -8 -0.25 1.3 -7.4 -0.25 0.7 -7.6 -0.25 1.1
3 2 -8 -0.25 1.3 -8.4 -0.25 1.1 -8.6 -0.25 0.7
3 2 -8.6 -0.25 0.7 -8.4 -0.25 0.3 -8 -0.25 0.1
3 2 -7.4 -0.25 0.7 -8 -0.25 0.1 -7.6 -0.25 0.3
4 2 -7.6 -0.25 -0.5 -8.2 -0.25 -1.1 -7.6 -0.25 -1.7 -7 -0.25 -1.1
3 2 -7.6 -0.25 -0.5 -7 -0.25 -1.1 -7.2 -0.25 -0.7
3 2 -7.6 -0.25 -0.5 -8 -0.25 -0.7 -8.2 -0.25 -1.1
3 2 -8.2 -0.25 -1.1 -8 -0.25 -1.5 -7.6 -0.25 -1.7
3 2 -7 -0.25 -1.1 -7.6 -0.25 -1.7 -7.2 -0.25 -1.5
4 0 -8 -0.25 5.8 -8.6 -0.25 5.2 -8 -0.25 4.6 -7.4 -0.25 5.2
3 0 -8 -0.25 5.8 -7.4 -0.25 5.2 -7.6 -0.25 5.6
3 0 -8 -0.25 5.8 -8.4 -0.25 5.6 -8.6 -0.25 5.2
3 0 -8.6 -0.25 5.2 -8.4 -0.25 4.8 -8 -0.25 4.6
3 0 -7.4 -0.25 5.2 -8 -0.25 4.6 -7.6 -0.25 4.8
4 0 -8.8 -0.25 4.8 -9.4 -0.25 4.2 -8.8 -0.25 3.6 -8.2 -0.25 4.2
3 0 -8.8 -0.25 4.8 -8.2 -0.25 4.2 -8.4 -0.25 4.6
3 0 -8.8 -0.25 4.8 -9.2 -0.25 4.6 -9.4 -0.25 4.2
3 0 -9.4 -0.25 4.2 -9.2 -0.25 3.8 -8.8 -0.25 3.6
3 0 -8.2 -0.25 4.2 -8.8 -0.25 3.6 -8.4 -0.25 3.8
4 0 -9.5 -0.25 3.7 -10.1 -0.25 3.1 -9.5 -0.25 2.5 -8.9 -0.25 3.1
3 0 -9.5 -0.25 3.7 -8.9 -0.25 3.1 -9.1 -0.25 3.5
3 0 -9.5 -0.25 3.7 -9.9 -0.25 3.5 -10.1 -0.25 3.1
3 0 -10.1 -0.25 3.1 -9.9 -0.25 2.7 -9.5 -0.25 2.5
4 0 -14 -0.25 7.5 -14.6 -0.25 6.9 -14 -0.25 6.3 -13.4 -0.25 6.9
3 0 -14 -0.25 7.5 -13.4 -0.25 6.9 -13.6 -0.25 7.3
3 0 -14 -0.25 7.5 -14.4 -0.25 7.3 -14.6 -0.25 6.9
3 0 -14.6 -0.25 6.9 -14.4 -0.25 6.5 -14 -0.25 6.3
3 0 -13.4 -0.25 6.9 -14 -0.25 6.3 -13.6 -0.25 6.5
4 0 -14.5 -0.25 4.4 -15.1 -0.25 3.8 -14.5 -0.25 3.2 -13.9 -0.25 3.8
3 0 -14.5 -0.25 4.4 -13.9 -0.25 3.8 -14.1 -0.25 4.2
3 0 -14.5 -0.25 4.4 -14.9 -0.25 4.2 -15.1 -0.25 3.8
3 0 -15.1 -0.25 3.8 -14.9 -0.25 3.4 -14.5 -0.25 3.2
3 0 -13.9 -0.25 3.8 -14.5 -0.25 3.2 -14.1 -0.25 3.4
4 0 -12 -0.25 3.4 -12.6 -0.25 2.8 -12 -0.25 2.2 -11.4 -0.25 2.8
3 0 -12 -0.25 3.4 -11.4 -0.25 2.8 -11.6 -0.25 3.2
3 0 -12 -0.25 3.4 -12.4 -0.25 3.2 -12.6 -0.25 2.8
3 0 -12.6 -0.25 2.8 -12.4 -0.25 2.4 -12 -0.25 2.2
3 0 -11.4 -0.25 2.8 -12 -0.25 2.2 -11.6 -0.25 2.4
4 0 -13 -0.25 2.1 -13 -0.25 0.9 -12.4 -0.25 1.5 -12.6 -0.25 1.9
3 0 -12.4 -0.25 1.5 -13 -0.25 0.9 -12.6 -0.25 1.1
4 0 -11.1 -0.25 3 -10.7 -0.25 2.6 -10.7 -0.25 3.4 -11 -0.25 3.3
4 0 -10.7 -0.25 3.4 -10.7 -0.25 2.6 -10.3 -0.25 3 -10.4 -0.25 3.3
3 0 -11.1 -0.25 3 -11 -0.25 2.7 -10.7 -0.25 2.6
3 0 -10.3 -0.25 3 -10.7 -0.25 2.6 -10.4 -0.25 2.7
4 0 -11.8 -0.25 1.8 -11.4 -0.25 1.4 -11.4 -0.25 2.2 -11.7 -0.25 2.1
4 0 -11.4 -0.25 2.2 -11.4 -0.25 1.4 -11 -0.25 1.8 -11.1 -0.25 2.1
3 0 -11.8 -0.25 1.8 -11.7 -0.25 1.5 -11.4 -0.25 1.4
3 0 -11 -0.25 1.8 -11.4 -0.25 1.4 -11.1 -0.25 1.5
4 0 -13 -0.25 0.3 -12.6 -0.25 -0.1 -12.6 -0.25 0.7 -12.9 -0.25 0.6
4 0 -12.6 -0.25 0.7 -12.6 -0.25 -0.1 -12.2 -0.25 0.3 -12.3 -0.25 0.6
3 0 -13 -0.25 0.3 -12.9 -0.25 0 -12.6 -0.25 -0.1
3 0 -12.2 -0.25 0.3 -12.6 -0.25 -0.1 -12.3 -0.25 0
4 0 -13.4 -0.25 4.6 -13 -0.25 4.2 -13 -0.25 5 -13.3 -0.25 4.9
4 0 -13 -0.25 5 -13 -0.25 4.2 -12.6 -0.25 4.6 -12.7 -0.25 4.9
3 0 -13.4 -0.25 4.6 -13.3 -0.25 4.3 -13 -0.25 4.2
3 0 -12.6 -0.25 4.6 -13 -0.25 4.2 -12.7 -0.25 4.3
4 0 -14.3 -0.25 1.6 -13.9 -0.25 1.2 -13.9 -0.25 2 -14.2 -0.25 1.9
3 0 -14.3 -0.25 1.6 -14.2 -0.25 1.3 -13.9 -0.25 1.2
4 0 -13.5 -0.25 2.9 -13.1 -0.25 2.5 -13.1 -0.25 3.3 -13.4 -0.25 3.2
4 0 -13.1 -0.25 3.3 -13.1 -0.25 2.5 -12.7 -0.25 2.9 -12.8 -0.25 3.2
3 0 -13.5 -0.25 2.9 -13.4 -0.25 2.6 -13.1 -0.25 2.5
3 0 -12.7 -0.25 2.9 -13.1 -0.25 2.5 -12.8 -0.25 2.6
4 0 -11.4 -0.25 4 -11 -0.25 3.6 -11 -0.25 4.4 -11.3 -0.25 4.3
4 0 -11 -0.25 4.4 -11 -0.25 3.6 -10.6 -0.25 4 -10.7 -0.25 4.3
3 0 -11.4 -0.25 4 -11.3 -0.25 3.7 -11 -0.25 3.6
3 0 -10.6 -0.25 4 -11 -0.25 3.6 -10.7 -0.25 3.7
4 0 -13.6 -0.25 1.9 -13.9 -0.25 2 -13.9 -0.25 1.2 -13.6 -0.25 1.3
4 0 -13.4 -0.25 1.9 -13.6 -0.25 1.9 -13.6 -0.25 1.3 -13.4 -0.25 1.1
4 0 -13 -0.25 2.1 -13.4 -0.25 1.9 -13.4 -0.25 1.1 -13 -0.25 0.9
4 0 -14.9 -0.25 6.2 -15.7 -0.25 5.4 -14.9 -0.25 4.6 -14.1 -0.25 5.4
4 0 -14.5 -0.25 6.1 -14.9 -0.25 6.2 -14.1 -0.25 5.4 -14.2 -0.25 5.8
4 0 -15.6 -0.25 5.8 -15.7 -0.25 5.4 -14.9 -0.25 6.2 -15.3 -0.25 6.1
4 0 -14.9 -0.25 4.6 -15.7 -0.25 5.4 -15.6 -0.25 5 -15.3 -0.25 4.7
4 0 -14.2 -0.25 5 -14.1 -0.25 5.4 -14.9 -0.25 4.6 -14.5 -0.25 4.7
4 0 -13.2 -0.25 6.1 -12.4 -0.25 5.3 -12.4 -0.25 6.9 -13.1 -0.25 6.5
3 0 -12.4 -0.25 6.9 -12.8 -0.25 6.8 -13.1 -0.25 6.5
4 0 -12.4 -0.25 5.3 -13.2 -0.25 6.1 -13.1 -0.25 5.7 -12.8 -0.25 5.4
4 0 -11.2 -0.25 6.3 -11.2 -0.25 4.7 -10.4 -0.25 5.5 -10.8 -0.25 6.2
3 0 -10.8 -0.25 6.2 -10.4 -0.25 5.5 -10.5 -0.25 5.9
4 0 -11.9 -0.25 5.1 -11.6 -0.25 4.8 -11.2 -0.25 4.7 -11.2 -0.25 6.3
4 0 -10.5 -0.25 5.1 -10.4 -0.25 5.5 -11.2 -0.25 4.7 -10.8 -0.25 4.8
4 0 -12 -0.25 6.8 -12.4 -0.25 6.9 -12.4 -0.25 5.3 -11.9 -0.25 5.1
3 0 -12 -0.25 6.8 -11.9 -0.25 5.1 -11.7 -0.25 6.5
3 0 -11.7 -0.25 6.5 -11.9 -0.25 5.1 -11.2 -0.25 6.3
4 2 -8 -0.25 5.8 -6.2 -0.25 5.8 -13.2 -0.25 12.8 -10.8 -0.25 6.2
4 2 -11.2 -0.25 6.3 -10.8 -0.25 6.2 -13.2 -0.25 12.8 -11.7 -0.25 6.5
3 2 -13.2 -0.25 12.8 -12 -0.25 6.8 -11.7 -0.25 6.5
4 2 -12.4 -0.25 6.9 -12 -0.25 6.8 -13.2 -0.25 12.8 -15.24 -0.25 9.83
4 2 -13.6 -0.25 7.3 -12.4 -0.25 6.9 -15.24 -0.25 9.83 -14 -0.25 7.5
3 2 -15.24 -0.25 9.83 -14.4 -0.25 7.3 -14 -0.25 7.5
3 2 -15.24 -0.25 9.83 -14.6 -0.25 6.9 -14.4 -0.25 7.3
4 2 -14.9 -0.25 6.2 -14.6 -0.25 6.9 -15.24 -0.25 9.83 -15.3 -0.25 6.1
4 2 -15.6 -0.25 5.8 -15.3 -0.25 6.1 -15.24 -0.25 9.83 -16 -0.25 6
3 2 -16 -0.25 6 -15.7 -0.25 5.4 -15.6 -0.25 5.8
4 2 -15.7 -0.25 5.4 -16 -0.25 6 -15.24 -0.25 2.17 -15.6 -0.25 5
4 2 -15.6 -0.25 5 -15.24 -0.25 2.17 -15.1 -0.25 3.8 -15.3 -0.25 4.7
3 2 -15.1 -0.25 3.8 -15.24 -0.25 2.17 -14.9 -0.25 3.4
4 2 -14.5 -0.25 3.2 -14.9 -0.25 3.4 -15.24 -0.25 2.17 -14.2 -0.25 1.9
3 2 -15.24 -0.25 2.17 -14.3 -0.25 1.6 -14.2 -0.25 1.9
3 2 -15.24 -0.25 2.17 -14.2 -0.25 1.3 -14.3 -0.25 1.6
3 2 -15.24 -0.25 2.17 -13.07 -0.25 -1.07 -14.2 -0.25 1.3
4 2 -13.9 -0.25 1.2 -14.2 -0.25 1.3 -13.07 -0.25 -1.07 -12.9 -0.25 0
3 2 -12.9 -0.25 0 -13.07 -0.25 -1.07 -12.6 -0.25 -0.1
3 2 -12.3 -0.25 0 -12.6 -0.25 -0.1 -13.07 -0.25 -1.07
4 2 -12.3 -0.25 0 -13.07 -0.25 -1.07 -9.5 -0.25 2.5 -11.1 -0.25 1.5
4 2 -11 -0.25 1.8 -11.1 -0.25 1.5 -9.5 -0.25 2.5 -9.9 -0.25 2.7
4 2 -11 -0.25 1.8 -9.9 -0.25 2.7 -10.4 -0.25 2.7 -10.7 -0.25 2.6
4 2 -10.3 -0.25 3 -10.4 -0.25 2.7 -9.9 -0.25 2.7 -10.1 -0.25 3.1
4 2 -10.4 -0.25 3.3 -10.3 -0.25 3 -10.1 -0.25 3.1 -9.9 -0.25 3.5
4 2 -10.6 -0.25 4 -10.4 -0.25 3.3 -9.9 -0.25 3.5 -9.5 -0.25 3.7
4 2 -9.4 -0.25 4.2 -10.6 -0.25 4 -9.5 -0.25 3.7 -9.2 -0.25 3.8
4 2 -9.2 -0.25 3.8 -9.5 -0.25 3.7 -9.1 -0.25 3.5 -8.8 -0.25 3.6
3 2 -8.8 -0.25 3.6 -9.1 -0.25 3.5 -8.9 -0.25 3.1
3 2 -8.4 -0.25 3.8 -8.8 -0.25 3.6 -8.9 -0.25 3.1
4 2 -8.4 -0.25 3.8 -8.9 -0.25 3.1 -6.2 -0.25 5.8 -7.6 -0.25 4.8
3 2 -6.2 -0.25 5.8 -7.4 -0.25 5.2 -7.6 -0.25 4.8
3 2 -6.2 -0.25 5.8 -7.6 -0.25 5.6 -7.4 -0.25 5.2
3 2 -6.2 -0.25 5.8 -8 -0.25 5.8 -7.6 -0.25 5.6
3 2 -7.6 -0.25 4.8 -8.2 -0.25 4.2 -8.4 -0.25 3.8
3 2 -7.6 -0.25 4.8 -8 -0.25 4.6 -8.2 -0.25 4.2
4 2 -8.4 -0.25 4.6 -8.2 -0.25 4.2 -8 -0.25 4.6 -8.4 -0.25 4.8
4 2 -8.8 -0.25 4.8 -8.4 -0.25 4.6 -8.4 -0.25 4.8 -8.6 -0.25 5.2
4 2 -9.2 -0.25 4.6 -8.8 -0.25 4.8 -8.6 -0.25 5.2 -10.4 -0.25 5.5
4 2 -10.4 -0.25 5.5 -8.6 -0.25 5.2 -8.4 -0.25 5.6 -10.5 -0.25 5.9
4 2 -10.5 -0.25 5.9 -8.4 -0.25 5.6 -8 -0.25 5.8 -10.8 -0.25 6.2
4 2 -9.2 -0.25 4.6 -10.4 -0.25 5.5 -10.5 -0.25 5.1 -9.4 -0.25 4.2
4 2 -9.4 -0.25 4.2 -10.5 -0.25 5.1 -10.8 -0.25 4.8 -10.7 -0.25 4.3
3 2 -10.7 -0.25 4.3 -10.6 -0.25 4 -9.4 -0.25 4.2
4 2 -11 -0.25 4.4 -10.7 -0.25 4.3 -10.8 -0.25 4.8 -11.2 -0.25 4.7
4 2 -11.3 -0.25 4.3 -11 -0.25 4.4 -11.2 -0.25 4.7 -11.6 -0.25 4.8
4 2 -11.4 -0.25 4 -11.3 -0.25 4.3 -11.6 -0.25 4.8 -12.6 -0.25 4.6
4 2 -12.6 -0.25 4.6 -11.6 -0.25 4.8 -11.9 -0.25 5.1 -12.4 -0.25 5.3
4 2 -12.7 -0.25 4.9 -12.6 -0.25 4.6 -12.4 -0.25 5.3 -12.8 -0.25 5.4
4 2 -13 -0.25 5 -12.7 -0.25 4.9 -12.8 -0.25 5.4 -13.1 -0.25 5.7
4 2 -13.3 -0.25 4.9 -13 -0.25 5 -13.1 -0.25 5.7 -14.1 -0.25 5.4
4 2 -14.2 -0.25 5.8 -14.1 -0.25 5.4 -13.1 -0.25 5.7 -13.2 -0.25 6.1
4 2 -13.6 -0.25 6.5 -14.2 -0.25 5.8 -13.2 -0.25 6.1 -13.1 -0.25 6.5
4 2 -13.4 -0.25 6.9 -13.6 -0.25 6.5 -13.1 -0.25 6.5 -12.8 -0.25 6.8
4 2 -13.6 -0.25 7.3 -13.4 -0.25 6.9 -12.8 -0.25 6.8 -12.4 -0.25 6.9
3 2 -13.6 -0.25 6.5 -14 -0.25 6.3 -14.2 -0.25 5.8
4 2 -14.5 -0.25 6.1 -14.2 -0.25 5.8 -14 -0.25 6.3 -14.4 -0.25 6.5
4 2 -14.9 -0.25 6.2 -14.5 -0.25 6.1 -14.4 -0.25 6.5 -14.6 -0.25 6.9
4 2 -13.3 -0.25 4.9 -14.1 -0.25 5.4 -14.2 -0.25 5 -13.4 -0.25 4.6
4 2 -14.1 -0.25 4.2 -13.4 -0.25 4.6 -14.2 -0.25 5 -14.5 -0.25 4.7
3 2 -14.5 -0.25 4.7 -14.5 -0.25 4.4 -14.1 -0.25 4.2
4 2 -14.5 -0.25 4.4 -14.5 -0.25 4.7 -14.9 -0.25 4.6 -14.9 -0.25 4.2
4 2 -14.9 -0.25 4.2 -14.9 -0.25 4.6 -15.3 -0.25 4.7 -15.1 -0.25 3.8
4 2 -13.3 -0.25 4.3 -13.4 -0.25 4.6 -14.1 -0.25 4.2 -13.9 -0.25 3.8
4 2 -13 -0.25 4.2 -13.3 -0.25 4.3 -13.9 -0.25 3.8 -13.1 -0.25 3.3
4 2 -13.4 -0.25 3.2 -13.1 -0.25 3.3 -13.9 -0.25 3.8 -14.1 -0.25 3.4
4 2 -13.5 -0.25 2.9 -13.4 -0.25 3.2 -14.1 -0.25 3.4 -14.5 -0.25 3.2
4 2 -13.4 -0.25 2.6 -13.5 -0.25 2.9 -14.5 -0.25 3.2 -13.9 -0.25 2
3 2 -14.5 -0.25 3.2 -14.2 -0.25 1.9 -13.9 -0.25 2
4 2 -13.4 -0.25 2.6 -13.9 -0.25 2 -13.6 -0.25 1.9 -13.4 -0.25 1.9
4 2 -13.1 -0.25 2.5 -13.4 -0.25 2.6 -13.4 -0.25 1.9 -13 -0.25 2.1
4 2 -12.8 -0.25 2.6 -13.1 -0.25 2.5 -13 -0.25 2.1 -12.6 -0.25 1.9
4 2 -12.8 -0.25 2.6 -12.6 -0.25 1.9 -12.4 -0.25 2.4 -12.6 -0.25 2.8
4 2 -12.7 -0.25 2.9 -12.8 -0.25 2.6 -12.6 -0.25 2.8 -12.4 -0.25 3.2
4 2 -12.8 -0.25 3.2 -12.7 -0.25 2.9 -12.4 -0.25 3.2 -12.7 -0.25 4.3
4 2 -12.8 -0.25 3.2 -12.7 -0.25 4.3 -13 -0.25 4.2 -13.1 -0.25 3.3
4 2 -12.7 -0.25 4.3 -12.4 -0.25 3.2 -12 -0.25 3.4 -12.6 -0.25 4.6
4 2 -11.4 -0.25 4 -12.6 -0.25 4.6 -12 -0.25 3.4 -11.3 -0.25 3.7
4 2 -11.3 -0.25 3.7 -12 -0.25 3.4 -11.6 -0.25 3.2 -11 -0.25 3.6
4 2 -11 -0.25 3.6 -11.6 -0.25 3.2 -11 -0.25 3.3 -10.7 -0.25 3.4
4 2 -10.7 -0.25 3.7 -11 -0.25 3.6 -10.7 -0.25 3.4 -10.4 -0.25 3.3
3 2 -10.6 -0.25 4 -10.7 -0.25 3.7 -10.4 -0.25 3.3
4 2 -11.1 -0.25 3 -11 -0.25 3.3 -11.6 -0.25 3.2 -11.4 -0.25 2.8
4 2 -11 -0.25 2.7 -11.1 -0.25 3 -11.4 -0.25 2.8 -11.6 -0.25 2.4
4 2 -11 -0.25 2.7 -11.6 -0.25 2.4 -11.4 -0.25 2.2 -11.1 -0.25 2.1
4 2 -10.7 -0.25 2.6 -11 -0.25 2.7 -11.1 -0.25 2.1 -11 -0.25 1.8
4 2 -11.7 -0.25 2.1 -11.4 -0.25 2.2 -11.6 -0.25 2.4 -12 -0.25 2.2
4 2 -11.8 -0.25 1.8 -11.7 -0.25 2.1 -12 -0.25 2.2 -12.4 -0.25 1.5
4 2 -12.6 -0.25 1.9 -12.4 -0.25 1.5 -12 -0.25 2.2 -12.4 -0.25 2.4
4 2 -11.7 -0.25 1.5 -11.8 -0.25 1.8 -12.4 -0.25 1.5 -12.6 -0.25 1.1
4 2 -11.7 -0.25 1.5 -12.6 -0.25 1.1 -12.3 -0.25 0.6 -11.4 -0.25 1.4
4 2 -11.4 -0.25 1.4 -12.3 -0.25 0.6 -12.2 -0.25 0.3 -11.1 -0.25 1.5
3 2 -11.1 -0.25 1.5 -12.2 -0.25 0.3 -12.3 -0.25 0
4 2 -12.6 -0.25 0.7 -12.3 -0.25 0.6 -12.6 -0.25 1.1 -13 -0.25 0.9
3 2 -13 -0.25 0.9 -12.9 -0.25 0.6 -12.6 -0.25 0.7
4 2 -12.9 -0.25 0.6 -13 -0.25 0.9 -13.4 -0.25 1.1 -13 -0.25 0.3
4 2 -13.9 -0.25 1.2 -13 -0.25 0.3 -13.4 -0.25 1.1 -13.6 -0.25 1.3
3 2 -13.9 -0.25 1.2 -12.9 -0.25 0 -13 -0.25 0.3
3 0 -13.35384 -.25 13.35384 -13.2 -.25 12.8 -12.8 -.25 13.2
4 0 -15.24 -.25 9.83 -13.2 -.25 12.8 -13.35384 -.25 13.35384 -15.60856 -.25 9.98008
4 0 -16 -.25 6 -15.24 -.25 9.83 -15.60856 -.25 9.98008 -16.4 -.25 6
4 0 -15.24 -.25 2.17 -16 -.25 6 -16.4 -.25 6 -15.60856 -.25 2.01992
4 0 -13.07 -.25 -1.07 -15.24 -.25 2.17 -15.60856 -.25 2.01992 -13.35384 -.25 -1.35384
4 0 -13.07 -0.25 -1.07 -8.2 -0.25 -1.1 -8.4 -0.25 0.3 -8.6 -0.25 0.7
4 0 -9.5 -0.25 2.5 -13.07 -0.25 -1.07 -8.6 -0.25 0.7 -8.4 -0.25 1.1
4 0 -8.9 -0.25 3.1 -9.5 -0.25 2.5 -8.4 -0.25 1.1 -8 -0.25 1.3
4 0 -8.9 -0.25 3.1 -8 -0.25 1.3 -6.1 -0.25 3 -6 -0.25 3.3
4 0 -6.2 -0.25 5.8 -8.9 -0.25 3.1 -6 -0.25 3.3 -5.7 -0.25 3.4
4 0 -5.8 -0.25 6.2 -6.2 -0.25 5.8 -5.7 -0.25 3.4 -5.4 -0.25 3.3
4 0 -7.2 -0.25 -0.7 -7 -0.25 -1.1 -5.7 -0.25 2.6 -7.4 -0.25 0.7
4 0 -7.4 -0.25 0.7 -5.7 -0.25 2.6 -6 -0.25 2.7 -7.6 -0.25 1.1
4 0 -7.6 -0.25 1.1 -6 -0.25 2.7 -6.1 -0.25 3 -8 -0.25 1.3
4 0 -7.2 -0.25 -0.7 -7.4 -0.25 0.7 -7.6 -0.25 0.3 -7.6 -0.25 -0.5
4 0 -7.6 -0.25 -0.5 -7.6 -0.25 0.3 -8 -0.25 0.1 -8 -0.25 -0.7
4 0 -8 -0.25 -0.7 -8 -0.25 0.1 -8.4 -0.25 0.3 -8.2 -0.25 -1.1
3 0 -7 -0.25 -1.1 -7.2 -0.25 -1.5 -6 -0.25 -4.4
3 7 -18 -0.25 18 -17 -0.25 17 -16.2 -0.25 17
3 7 -18 -0.25 18 -16.2 -0.25 17 -15.4 -0.25 17
4 7 -18 -0.25 18 -15.4 -0.25 17 -6 -0.25 16.4 6 -0.25 18
3 7 6 -0.25 18 3.4 -0.25 17 4.2 -0.25 17
3 7 6 -0.25 18 4.2 -0.25 17 5 -0.25 17
3 7 6 -0.25 18 5 -0.25 17 5 -0.25 16.2
3 7 6 -0.25 18 5 -0.25 16.2 5 -0.25 15.4
3 7 4.4 -.25 6 6 -.25 18 5 -.25 15.4
3 7 5 -.25 15.4 4.4 -.25 13.35384 4.4 -.25 6
3 7 4.4 -.25 13.35384 5 -.25 15.4 4.2 -.25 15.4
3 7 4.2 -.25 15.4 3.4 -.25 15.4 4.4 -.25 13.35384
3 7 5 -0.25 -4.4 5 -0.25 -5.2 6 -0.25 -6.8
3 7 5 -0.25 -5.2 5 -0.25 -6 6 -0.25 -6.8
3 7 5 -0.25 -6 4.2 -0.25 -6 6 -0.25 -6.8
3 7 4.2 -0.25 -6 3.4 -0.25 -6 6 -0.25 -6.8
4 7 6 -0.25 -6.8 3.4 -0.25 -6 -6 -0.25 -4.4 0 -0.25 -6.8
4 7 -6 -0.25 -4.4 -15.4 -0.25 -6 -18 -0.25 -6.8 -6 -0.25 -6.8
3 7 -15.4 -0.25 -6 -16.2 -0.25 -6 -18 -0.25 -6.8
3 7 -16.2 -0.25 -6 -17 -0.25 -6 -18 -0.25 -6.8
3 7 -17 -0.25 -5.2 -18 -0.25 -6.8 -17 -0.25 -6
3 7 -17 -0.25 -4.4 -18 -0.25 -6.8 -17 -0.25 -5.2
3 7 -13.35384 -.25 -1.35384 -16.2 -.25 -4.4 -15.4 -.25 -4.4
4 7 -18 -0.25 18 -18 -0.25 -6.8 -16.4 -0.25 6 -17 -0.25 15.4
3 7 -18 -0.25 18 -17 -0.25 15.4 -17 -0.25 16.2
3 7 -18 -0.25 18 -17 -0.25 16.2 -17 -0.25 17
4 0 -19 -0.25 19 -18 -0.25 18 6 -0.25 18 6 -0.25 19
4 0 6.4 -0.25 18 6 -0.25 19 6 -0.25 18 6.4 -0.25 15.4
3 0 6 -0.25 19 6.4 -0.25 18 9 -0.25 18
3 0 6 -0.25 19 9 -0.25 18 9.4 -0.25 18
4 0 6 -0.25 19 9.4 -0.25 18 12 -0.25 18 12 -0.25 19
3 0 12 -0.25 19 12 -0.25 18 12.4 -0.25 18
3 0 12 -0.25 19 12.4 -0.25 18 15 -0.25 18
4 0 12 -0.25 19 15 -0.25 18 15.4 -0.25 18 19 -0.25 19
3 0 19 -0.25 19 15.4 -0.25 18 18 -0.25 18
3 0 19 -0.25 19 18 -0.25 18 18 -0.25 15.4
4 0 19 -0.25 19 18 -0.25 15.4 18 -0.25 15 19 -0.25 12
3 0 18 -0.25 15 18 -0.25 12.4 19 -0.25 12
4 0 18 -0.25 12 19 -0.25 12 18 -0.25 12.4 15.4 -0.25 12.4
3 0 19 -0.25 12 18 -0.25 12 18 -0.25 7.6
4 0 19 -0.25 12 18 -0.25 7.6 18 -0.25 7.2 19 -0.25 3
3 0 18 -0.25 7.2 18 -0.25 2.8 19 -0.25 3
3 0 19 -0.25 3 18 -0.25 2.8 18 -0.25 2.4
4 0 19 -0.25 3 18 -0.25 2.4 18 -0.25 -2 19 -0.25 -7
3 0 18 -0.25 -2 18 -0.25 -2.4 19 -0.25 -7
3 0 18 -0.25 -2.4 18 -0.25 -6.8 19 -0.25 -7
4 0 18 -0.25 -7.2 19 -0.25 -7 18 -0.25 -6.8 12.4 -0.25 -6.8
4 0 19 -0.25 -7 18 -0.25 -7.2 18 -0.25 -18 19 -0.25 -19
4 0 19 -0.25 -19 18 -0.25 -18 6.4 -0.25 -18 6 -0.25 -19
3 0 6.4 -0.25 -18 6 -0.25 -18 6 -0.25 -19
3 0 6 -0.25 -18 3.2 -0.25 -18 6 -0.25 -19
4 0 6 -0.25 -19 3.2 -0.25 -18 2.8 -0.25 -18 0 -0.25 -19
3 0 2.8 -0.25 -18 0 -0.25 -18 0 -0.25 -19
3 0 0 -0.25 -18 -0.4 -0.25 -18 0 -0.25 -19
4 0 0 -0.25 -19 -0.4 -0.25 -18 -9 -0.25 -18 -9 -0.25 -19
3 0 -9 -0.25 -18 -9.4 -0.25 -18 -9 -0.25 -19
4 0 -9 -0.25 -19 -9.4 -0.25 -18 -18 -0.25 -18 -19 -0.25 -19
4 0 -19 -0.25 -19 -18 -0.25 -18 -18 -0.25 -7.2 -19 -0.25 -7
4 0 -18 -0.25 -6.8 -19 -0.25 -7 -18 -0.25 -7.2 -9.4 -0.25 -7.2
4 0 -19 -0.25 -7 -18 -0.25 -6.8 -18 -0.25 18 -19 -0.25 19
4 0 -6 -0.25 -6.8 -18 -0.25 -6.8 -9.4 -0.25 -7.2 -9 -0.25 -7.2
4 0 -9 -0.25 -7.2 -9.4 -0.25 -7.2 -9.4 -0.25 -18 -9 -0.25 -18
4 0 -6 -0.25 -6.8 -9 -0.25 -7.2 -0.4 -0.25 -7.2 0 -0.25 -6.8
3 0 0 -0.25 -7.2 -0.4 -0.25 -7.2 0 -0.25 -9.6
4 0 0 -0.25 -10 0 -0.25 -9.6 -0.4 -0.25 -7.2 -0.4 -0.25 -12.6
4 0 0.6 -0.25 -9.6 0 -0.25 -9.6 0 -0.25 -10 0.6 -0.25 -10
4 0 -0.4 -0.25 -12.6 -0.4 -0.25 -18 0 -0.25 -15.2 0 -0.25 -12.8
3 0 0 -0.25 -15.2 -0.4 -0.25 -18 0 -0.25 -15.6
3 0 0 -0.25 -15.6 -0.4 -0.25 -18 0 -0.25 -18
4 0 2.8 -0.25 -12.4 0 -0.25 -12.4 0 -0.25 -12.8 2.8 -0.25 -12.8
4 0 3.2 -0.25 -12.4 2.8 -0.25 -12.4 2.8 -0.25 -12.8 3.2 -0.25 -12.8
4 0 6 -0.25 -12.4 3.2 -0.25 -12.4 3.2 -0.25 -12.8 6 -0.25 -12.8
3 7 -0.4 -0.25 -7.2 -1.2 -0.25 -8 -0.4 -0.25 -12.6
3 0 0 -0.25 -10 -0.4 -0.25 -12.6 0 -0.25 -12.4
3 0 0 -0.25 -12.4 -0.4 -0.25 -12.6 0 -0.25 -12.8
3 7 6.4 -0.25 -7.2 6.4 -0.25 -12.6 7 -0.25 -13.4
3 7 -6 -0.25 -4.4 -6 -0.25 -6.8 0 -0.25 -6.8
3 0 0 -0.25 -6.8 -0.4 -0.25 -7.2 0 -0.25 -7.2
3 0 6 -0.25 -12.4 6 -0.25 -12.8 6.4 -0.25 -12.6
3 0 6.4 -0.25 -12.6 6 -0.25 -12.8 6 -0.25 -15.2
4 0 6.4 -0.25 -12.6 6 -0.25 -15.2 6 -0.25 -15.6 6.4 -0.25 -18
3 0 6 -0.25 -15.6 6 -0.25 -18 6.4 -0.25 -18
4 4 2.9 -0.25 -15.3 3.9 -0.25 -14.3 3.54 -0.25 -14.11 3 -0.25 -14
4 4 2.9 -0.25 -15.3 3 -0.25 -14 2.46 -0.25 -14.11 2.01 -0.25 -14.41
4 4 2.9 -0.25 -15.3 2.01 -0.25 -14.41 1.71 -0.25 -14.86 1.6 -0.25 -15.4
4 4 2.9 -0.25 -15.5 2.9 -0.25 -15.3 1.6 -0.25 -15.4 1.71 -0.25 -15.94
4 4 2.9 -0.25 -15.5 1.71 -0.25 -15.94 2.01 -0.25 -16.39 2.46 -0.25 -16.69
4 4 2.9 -0.25 -15.5 2.46 -0.25 -16.69 3 -0.25 -16.8 3.1 -0.25 -15.5
4 4 3.1 -0.25 -15.5 3 -0.25 -16.8 3.54 -0.25 -16.69 3.991 -0.25 -16.39
4 4 3.1 -0.25 -15.5 3.991 -0.25 -16.39 4.29 -0.25 -15.94 4.4 -0.25 -15.4
4 4 3.1 -0.25 -15.5 4.4 -0.25 -15.4 4.29 -0.25 -14.86 4.1 -0.25 -14.5
4 7 2.31 -0.25 -13.74 2.8 -0.25 -13.6 2.8 -0.25 -12.8 0 -0.25 -12.8
3 7 0 -0.25 -12.8 1.73 -0.25 -14.13 2.31 -0.25 -13.74
4 7 1.34 -0.25 -14.71 1.73 -0.25 -14.13 0 -0.25 -12.8 0 -0.25 -15.2
3 7 1.34 -0.25 -14.71 0 -0.25 -15.2 0.6 -0.25 -15.2
4 7 1.2 -0.25 -15.4 1.34 -0.25 -14.71 0.6 -0.25 -15.2 0.6 -0.25 -15.6
3 7 1.2 -0.25 -15.4 0.6 -0.25 -15.6 1.34 -0.25 -16.09
4 7 1.34 -0.25 -16.09 0.6 -0.25 -15.6 0 -0.25 -15.6 0 -0.25 -18
3 7 1.34 -0.25 -16.09 0 -0.25 -18 1.73 -0.25 -16.67
4 7 2.31 -0.25 -17.06 1.73 -0.25 -16.67 0 -0.25 -18 2.8 -0.25 -18
4 7 6 -0.25 -18 4.27 -0.25 -16.67 3.69 -0.25 -17.06 3.2 -0.25 -18
4 7 4.66 -0.25 -16.09 4.27 -0.25 -16.67 6 -0.25 -18 6 -0.25 -15.6
3 7 6 -0.25 -15.6 5.4 -0.25 -15.6 4.66 -0.25 -16.09
4 7 4.8 -0.25 -15.4 4.66 -0.25 -16.09 5.4 -0.25 -15.6 5.4 -0.25 -15.2
3 7 4.66 -0.25 -14.71 4.8 -0.25 -15.4 5.4 -0.25 -15.2
4 7 4.66 -0.25 -14.71 5.4 -0.25 -15.2 6 -0.25 -15.2 6 -0.25 -12.8
3 7 6 -0.25 -12.8 4.27 -0.25 -14.13 4.66 -0.25 -14.71
4 7 3.69 -0.25 -13.74 4.27 -0.25 -14.13 6 -0.25 -12.8 3.2 -0.25 -12.8
3 7 3.2 -0.25 -12.8 3.2 -0.25 -13.6 3.69 -0.25 -13.74
3 7 2.31 -0.25 -17.06 2.8 -0.25 -18 2.8 -0.25 -17.2
3 7 3.69 -0.25 -17.06 3.2 -0.25 -17.2 3.2 -0.25 -18
4 0 6 -0.25 -15.6 6 -0.25 -15.2 5.4 -0.25 -15.2 5.4 -0.25 -15.6
4 0 3.2 -0.25 -13.6 3.2 -0.25 -12.8 2.8 -0.25 -12.8 2.8 -0.25 -13.6
4 0 3.2 -0.25 -13.6 2.8 -0.25 -13.6 3 -0.25 -14 3.54 -0.25 -14.11
4 0 3.69 -0.25 -13.74 3.2 -0.25 -13.6 3.54 -0.25 -14.11 3.9 -0.25 -14.3
4 0 4.27 -0.25 -14.13 3.69 -0.25 -13.74 3.9 -0.25 -14.3 4.1 -0.25 -14.5
4 0 4.1 -0.25 -14.5 3.9 -0.25 -14.3 2.9 -0.25 -15.3 3.1 -0.25 -15.5
3 0 2.9 -0.25 -15.3 2.9 -0.25 -15.5 3.1 -0.25 -15.5
4 0 4.66 -0.25 -14.71 4.27 -0.25 -14.13 4.1 -0.25 -14.5 4.29 -0.25 -14.86
4 0 4.8 -0.25 -15.4 4.66 -0.25 -14.71 4.29 -0.25 -14.86 4.4 -0.25 -15.4
4 0 4.66 -0.25 -16.09 4.8 -0.25 -15.4 4.4 -0.25 -15.4 4.29 -0.25 -15.94
4 0 4.27 -0.25 -16.67 4.66 -0.25 -16.09 4.29 -0.25 -15.94 3.991 -0.25 -16.39
4 0 3.69 -0.25 -17.06 4.27 -0.25 -16.67 3.991 -0.25 -16.39 3.54 -0.25 -16.69
4 0 3.2 -0.25 -17.2 3.69 -0.25 -17.06 3.54 -0.25 -16.69 3 -0.25 -16.8
4 0 3.2 -0.25 -17.2 3 -0.25 -16.8 2.8 -0.25 -17.2 3.2 -0.25 -18
3 0 2.8 -0.25 -17.2 2.8 -0.25 -18 3.2 -0.25 -18
4 0 2.8 -0.25 -17.2 3 -0.25 -16.8 2.46 -0.25 -16.69 2.31 -0.25 -17.06
4 0 2.31 -0.25 -17.06 2.46 -0.25 -16.69 2.01 -0.25 -16.39 1.73 -0.25 -16.67
4 0 1.73 -0.25 -16.67 2.01 -0.25 -16.39 1.71 -0.25 -15.94 1.34 -0.25 -16.09
4 0 1.34 -0.25 -16.09 1.71 -0.25 -15.94 1.6 -0.25 -15.4 1.2 -0.25 -15.4
4 0 1.2 -0.25 -15.4 1.6 -0.25 -15.4 1.71 -0.25 -14.86 1.34 -0.25 -14.71
4 0 1.34 -0.25 -14.71 1.71 -0.25 -14.86 2.01 -0.25 -14.41 1.73 -0.25 -14.13
4 0 1.73 -0.25 -14.13 2.01 -0.25 -14.41 2.46 -0.25 -14.11 2.31 -0.25 -13.74
4 0 2.8 -0.25 -13.6 2.31 -0.25 -13.74 2.46 -0.25 -14.11 3 -0.25 -14
4 0 0 -0.25 -15.2 0 -0.25 -15.6 0.6 -0.25 -15.6 0.6 -0.25 -15.2
3 0 6 -0.25 -10 6 -0.25 -12.4 6.4 -0.25 -12.6
4 0 6 -0.25 -9.6 6 -0.25 -10 6.4 -0.25 -12.6 6.4 -0.25 -7.2
3 0 6 -.25 -7.2 6 -.25 -9.6 6.4 -.25 -7.2
4 0 6 -.25 -6.8 6 -.25 -7.2 6.4 -.25 -7.2 6.4 -.25 -6.8
3 0 6 -.25 -6.8 3.2 -.25 -7.2 6 -.25 -7.2
4 0 2.8 -0.25 -7.2 3.2 -0.25 -7.2 6 -0.25 -6.8 0 -0.25 -6.8
3 0 0 -0.25 -6.8 0 -0.25 -7.2 2.8 -0.25 -7.2
4 0 3.2 -0.25 -7.2 2.8 -0.25 -7.2 2.8 -0.25 -8 3.2 -0.25 -8
4 0 3 -0.25 -8.4 3.2 -0.25 -8 2.8 -0.25 -8 2.46 -0.25 -8.51
4 0 2.46 -0.25 -8.51 2.8 -0.25 -8 2.31 -0.25 -8.14 2.1 -0.25 -8.7
4 0 2.1 -0.25 -8.7 2.31 -0.25 -8.14 1.73 -0.25 -8.53 1.9 -0.25 -8.9
4 0 3.1 -0.25 -9.7 2.1 -0.25 -8.7 1.9 -0.25 -8.9 2.9 -0.25 -9.9
3 0 3.1 -0.25 -9.7 2.9 -0.25 -9.9 3.1 -0.25 -9.9
4 0 1.71 -0.25 -9.26 1.9 -0.25 -8.9 1.73 -0.25 -8.53 1.34 -0.25 -9.11
4 0 1.6 -0.25 -9.8 1.71 -0.25 -9.26 1.34 -0.25 -9.11 1.2 -0.25 -9.8
4 0 1.71 -0.25 -10.34 1.6 -0.25 -9.8 1.2 -0.25 -9.8 1.34 -0.25 -10.49
4 0 1.71 -0.25 -10.34 1.34 -0.25 -10.49 1.73 -0.25 -11.07 2.009 -0.25 -10.79
4 0 2.009 -0.25 -10.79 1.73 -0.25 -11.07 2.31 -0.25 -11.46 2.46 -0.25 -11.09
4 0 2.46 -0.25 -11.09 2.31 -0.25 -11.46 2.8 -0.25 -11.6 3 -0.25 -11.2
4 0 3.2 -0.25 -11.6 3 -0.25 -11.2 2.8 -0.25 -11.6 2.8 -0.25 -12.4
3 0 3.2 -0.25 -11.6 2.8 -0.25 -12.4 3.2 -0.25 -12.4
4 0 3.54 -0.25 -11.09 3 -0.25 -11.2 3.2 -0.25 -11.6 3.69 -0.25 -11.46
4 0 3.99 -0.25 -10.79 3.54 -0.25 -11.09 3.69 -0.25 -11.46 4.27 -0.25 -11.07
4 0 4.29 -0.25 -10.34 3.99 -0.25 -10.79 4.27 -0.25 -11.07 4.66 -0.25 -10.49
4 0 4.4 -0.25 -9.8 4.29 -0.25 -10.34 4.66 -0.25 -10.49 4.8 -0.25 -9.8
4 0 4.29 -0.25 -9.26 4.4 -0.25 -9.8 4.8 -0.25 -9.8 4.66 -0.25 -9.11
4 0 3.99 -0.25 -8.81 4.29 -0.25 -9.26 4.66 -0.25 -9.11 4.27 -0.25 -8.53
4 0 3.54 -0.25 -8.51 3.99 -0.25 -8.81 4.27 -0.25 -8.53 3.69 -0.25 -8.14
4 0 3.54 -0.25 -8.51 3.69 -0.25 -8.14 3.2 -0.25 -8 3 -0.25 -8.4
4 0 6 -0.25 -10 6 -0.25 -9.6 5.4 -0.25 -9.6 5.4 -0.25 -10
4 0 12 -0.25 -6.8 6.4 -0.25 -6.8 6.4 -0.25 -7.2 12.2 -0.25 -7.2
4 0 12.4 -0.25 -6.8 12 -0.25 -6.8 12.2 -0.25 -7.2 18 -0.25 -7.2
4 0 12 -0.25 -6 12 -0.25 -6.8 12.4 -0.25 -6.8 12.4 -0.25 -6
4 0 12.2 -0.25 -5.6 12 -0.25 -6 12.4 -0.25 -6 13.5 -0.25 -5.34
3 0 13.5 -0.25 -5.34 12.4 -0.25 -6 13.65 -0.25 -5.71
4 0 14.6 -0.25 -4.6 13.5 -0.25 -5.34 13.65 -0.25 -5.71 14.89 -0.25 -4.89
4 0 15.34 -0.25 -3.5 14.6 -0.25 -4.6 14.89 -0.25 -4.89 15.71 -0.25 -3.65
4 0 15.6 -0.25 -2.2 15.34 -0.25 -3.5 15.71 -0.25 -3.65 16 -0.25 -2.4
4 0 16 -0.25 -2 15.6 -0.25 -2.2 16 -0.25 -2.4 18 -0.25 -2
3 0 18 -0.25 -2 16 -0.25 -2.4 18 -0.25 -2.4
4 0 15.6 -0.25 -2.2 16 -0.25 -2 15.71 -0.25 -0.75 15.34 -0.25 -0.9
4 0 14.7 -0.25 0.1 15.34 -0.25 -0.9 15.71 -0.25 -0.75 14.89 -0.25 0.49
4 0 14.5 -0.25 0.3 14.7 -0.25 0.1 14.89 -0.25 0.49 13.65 -0.25 1.31
3 0 13.65 -0.25 1.31 13.5 -0.25 0.94 14.5 -0.25 0.3
4 0 13.5 -0.25 0.94 13.65 -0.25 1.31 12.4 -0.25 1.6 12.2 -0.25 1.2
4 0 12.2 -0.25 1.2 12.4 -0.25 1.6 12 -0.25 1.6 10.75 -0.25 1.31
3 0 10.75 -0.25 1.31 10.9 -0.25 0.94 12.2 -0.25 1.2
4 0 10.9 -0.25 0.94 10.75 -0.25 1.31 9.51 -0.25 0.49 9.8 -0.25 0.2
4 0 9.8 -0.25 0.2 9.51 -0.25 0.49 8.69 -0.25 -0.75 9.06 -0.25 -0.9
4 0 9.06 -0.25 -0.9 8.69 -0.25 -0.75 8.4 -0.25 -2 8.8 -0.25 -2.2
4 0 8.8 -0.25 -2.2 8.4 -0.25 -2 8.4 -0.25 -2.4 8.69 -0.25 -3.65
3 0 8.8 -0.25 -2.2 8.69 -0.25 -3.65 9.06 -0.25 -3.5
4 0 9.06 -0.25 -3.5 8.69 -0.25 -3.65 9.51 -0.25 -4.89 9.8 -0.25 -4.6
4 0 9.8 -0.25 -4.6 9.51 -0.25 -4.89 10.75 -0.25 -5.71 10.9 -0.25 -5.34
4 0 10.9 -0.25 -5.34 10.75 -0.25 -5.71 12 -0.25 -6 12.2 -0.25 -5.6
4 0 8.4 -0.25 -2.4 8.4 -0.25 -2 6.4 -0.25 -2 6.4 -0.25 -2.4
3 7 6 -0.25 18 4.4 -0.25 6 6 -0.25 6
3 7 6 -0.25 6 4.4 -0.25 6 6 -0.25 -6.8
4 0 6 -0.25 -6.8 6.4 -0.25 -2.4 6.4 -0.25 -2 6 -0.25 6
3 0 6.4 -0.25 -2.4 6 -0.25 -6.8 6.4 -0.25 -6.8
3 0 6 -0.25 6 6.4 -0.25 -2 6.4 -0.25 2.4
3 0 6 -0.25 6 6.4 -0.25 2.4 6.4 -0.25 2.8
4 0 6.4 -0.25 2.8 6.4 -0.25 2.4 12 -0.25 2.4 12 -0.25 2.8
4 0 12.4 -0.25 2.8 12 -0.25 2.8 12 -0.25 2.4 12.4 -0.25 2.4
4 0 12.4 -0.25 2.4 12 -0.25 2.4 12 -0.25 1.6 12.4 -0.25 1.6
4 0 18 -0.25 2.8 12.4 -0.25 2.8 12.4 -0.25 2.4 18 -0.25 2.4
4 0 12 -0.25 2.8 12.4 -0.25 2.8 12.4 -0.25 3.6 12 -0.25 3.6
4 0 12.2 -0.25 4 12 -0.25 3.6 12.4 -0.25 3.6 13.5 -0.25 4.26
3 0 13.5 -0.25 4.26 12.4 -0.25 3.6 13.65 -0.25 3.89
4 0 14.6 -0.25 5 13.5 -0.25 4.26 13.65 -0.25 3.89 14.89 -0.25 4.71
4 0 15.34 -0.25 6.1 14.6 -0.25 5 14.89 -0.25 4.71 15.71 -0.25 5.95
4 0 15.6 -0.25 7.4 15.34 -0.25 6.1 15.71 -0.25 5.95 16 -0.25 7.2
4 0 16 -0.25 7.6 15.6 -0.25 7.4 16 -0.25 7.2 18 -0.25 7.6
3 0 18 -0.25 7.6 16 -0.25 7.2 18 -0.25 7.2
4 0 15.34 -0.25 8.7 15.6 -0.25 7.4 16 -0.25 7.6 15.71 -0.25 8.85
4 0 14.6 -0.25 9.8 15.34 -0.25 8.7 15.71 -0.25 8.85 14.89 -0.25 10.09
4 0 13.5 -0.25 10.54 14.6 -0.25 9.8 14.89 -0.25 10.09 13.65 -0.25 10.91
4 0 13.5 -0.25 10.54 13.65 -0.25 10.91 12.4 -0.25 11.2 12.2 -0.25 10.8
4 0 12.2 -0.25 10.8 12.4 -0.25 11.2 12 -0.25 11.2 10.9 -0.25 10.54
3 0 12 -0.25 11.2 10.75 -0.25 10.91 10.9 -0.25 10.54
4 0 9.9 -0.25 9.9 10.9 -0.25 10.54 10.75 -0.25 10.91 9.51 -0.25 10.09
4 0 9.7 -0.25 9.7 9.9 -0.25 9.9 9.51 -0.25 10.09 8.69 -0.25 8.85
3 0 9.7 -0.25 9.7 8.69 -0.25 8.85 9.06 -0.25 8.7
4 0 9.06 -0.25 8.7 8.69 -0.25 8.85 8.4 -0.25 7.6 8.8 -0.25 7.4
4 0 8.8 -0.25 7.4 8.4 -0.25 7.6 8.4 -0.25 7.2 9.06 -0.25 6.1
3 0 8.4 -0.25 7.2 8.69 -0.25 5.95 9.06 -0.25 6.1
4 0 9.8 -0.25 5 9.06 -0.25 6.1 8.69 -0.25 5.95 9.51 -0.25 4.71
4 0 10.9 -0.25 4.26 9.8 -0.25 5 9.51 -0.25 4.71 10.75 -0.25 3.89
4 0 12.2 -0.25 4 10.9 -0.25 4.26 10.75 -0.25 3.89 12 -0.25 3.6
4 0 6.4 -0.25 7.2 8.4 -0.25 7.2 8.4 -0.25 7.6 6.4 -0.25 7.6
3 0 6.4 -0.25 7.6 6 -0.25 6 6.4 -0.25 7.2
3 0 6.4 -0.25 7.2 6 -0.25 6 6.4 -0.25 2.8
4 0 6 -0.25 6 6.4 -0.25 7.6 6.4 -0.25 12 6 -0.25 18
3 0 6 -0.25 18 6.4 -0.25 12 6.4 -0.25 12.4
3 0 9 -0.25 12.4 6.4 -0.25 12.4 6.4 -0.25 12
4 0 9.4 -0.25 12.4 9 -0.25 12.4 6.4 -0.25 12 12 -0.25 12
3 0 12 -.25 12.4 9.4 -.25 12.4 12 -.25 12
4 0 12.4 -0.25 12 12 -0.25 12 12 -0.25 11.2 12.4 -0.25 11.2
4 0 12 -.25 12 12.4 -.25 12 12.4 -.25 12.4 12 -.25 12.4
3 0 15 -0.25 12.4 12.4 -0.25 12.4 12.4 -0.25 12
4 0 15.4 -0.25 12.4 15 -0.25 12.4 12.4 -0.25 12 18 -0.25 12
4 0 15 -0.25 12.4 15.4 -0.25 12.4 15.4 -0.25 15 15 -0.25 15
4 0 15 -.25 15.4 15 -.25 15 15.4 -.25 15 15.4 -.25 15.4
4 0 18 -.25 15 18 -.25 15.4 15.4 -.25 15.4 15.4 -.25 15
4 0 15 -.25 18 15 -.25 15.4 15.4 -.25 15.4 15.4 -.25 18
4 0 12.4 -0.25 15 15 -0.25 15 15 -0.25 15.4 12.4 -0.25 15.4
4 0 12.4 -.25 12.4 12.4 -.25 15 12 -.25 15 12 -.25 12.4
4 0 12.4 -.25 15 12.4 -.25 15.4 12 -.25 15.4 12 -.25 15
4 0 12 -.25 18 12 -.25 15.4 12.4 -.25 15.4 12.4 -.25 18
4 0 9.4 -0.25 15 12 -0.25 15 12 -0.25 15.4 9.4 -0.25 15.4
4 0 9 -.25 15 9 -.25 12.4 9.4 -.25 12.4 9.4 -.25 15
4 0 9.4 -.25 15 9.4 -.25 15.4 9 -.25 15.4 9 -.25 15
4 0 9 -.25 18 9 -.25 15.4 9.4 -.25 15.4 9.4 -.25 18
4 0 6.4 -0.25 15 9 -0.25 15 9 -0.25 15.4 6.4 -0.25 15.4
3 0 6 -0.25 18 6.4 -0.25 15 6.4 -0.25 15.4
3 0 6 -0.25 18 6.4 -0.25 12.4 6.4 -0.25 15
3 0 -5.8 -.25 6.2 4.4 -.25 6 1.35384 -.25 13.35384
4 7 -16.2 -.25 15.4 -16.4 -.25 13.35384 -13.35384 -.25 13.35384 -15.4 -.25 15.4
3 7 -16.4 -.25 13.35384 -16.2 -.25 15.4 -17 -.25 15.4
3 7 -16.4 -.25 13.35384 -17 -.25 15.4 -16.4 -.25 6
4 7 -18 -.25 -6.8 -17 -.25 -4.4 -16.4 -.25 -1.35384 -16.4 -.25 6
4 7 -13.35384 -.25 -1.35384 -16.4 -.25 -1.35384 -17 -.25 -4.4 -16.2 -.25 -4.4
4 0 -5.8 -.25 6.2 -5.4 -.25 3.3 1.35384 -.25 -1.35384 4.4 -.25 6
3 0 1.35384 -.25 -1.35384 -5.4 -.25 3.3 -5.3 -.25 3
3 0 1.35384 -.25 -1.35384 -5.3 -.25 3 -5.4 -.25 2.7
4 7 4.4 -.25 6 4.4 -.25 -1.35384 5 -.25 -4.4 6 -.25 -6.8
4 7 1.35384 -.25 -1.35384 3.4 -.25 -4.4 4.2 -.25 -4.4 4.4 -.25 -1.35384
3 7 4.4 -.25 -1.35384 4.2 -.25 -4.4 5 -.25 -4.4
3 0 -13.35384 -.25 13.35384 -12.8 -.25 13.2 -6 -.25 16.4
4 0 -6 -.25 16.4 -12.8 -.25 13.2 -5.8 -.25 6.2 1.35384 -.25 13.35384
4 7 -15.4 -.25 15.4 -13.35384 -.25 13.35384 -13.35384 -.25 16.4 -15.4 -.25 16.2
3 7 -15.4 -.25 17 -15.4 -.25 16.2 -13.35384 -.25 16.4
3 7 -15.4 -.25 17 -13.35384 -.25 16.4 -6 -.25 16.4
4 7 1.35384 -.25 16.4 1.35384 -.25 13.35384 4.4 -.25 13.35384 3.4 -.25 15.4
4 7 -6 -.25 16.4 1.35384 -.25 16.4 3.4 -.25 17 6 -.25 18
3 7 1.35384 -.25 16.4 3.4 -.25 15.4 3.4 -.25 16.2
3 7 1.35384 -.25 16.4 3.4 -.25 16.2 3.4 -.25 17
4 7 -15.4 -.25 -6 -6 -.25 -4.4 -13.35384 -.25 -4.4 -15.4 -.25 -5.2
4 7 -15.4 -.25 -4.4 -15.4 -.25 -5.2 -13.35384 -.25 -4.4 -13.35384 -.25 -1.35384
4 7 3.4 -.25 -5.2 3.4 -.25 -4.4 1.35384 -.25 -1.35384 1.35384 -.25 -4.4
4 7 3.4 -.25 -5.2 1.35384 -.25 -4.4 -6 -.25 -4.4 3.4 -.25 -6
4 0 1.35384 -.25 -1.35384 -5.4 -.25 2.7 -5.7 -.25 2.6 -7 -.25 -1.1
3 0 -7 -.25 -1.1 -6 -.25 -4.4 1.35384 -.25 -1.35384
4 0 -7.6 -.25 -1.7 -8 -.25 -1.5 -13.35384 -.25 -1.35384 -6 -.25 -4.4
4 0 -13.07 -.25 -1.07 -13.35384 -.25 -1.35384 -8 -.25 -1.5 -8.2 -.25 -1.1
3 0 -7.6 -.25 -1.7 -6 -.25 -4.4 -7.2 -.25 -1.5