0 Sticker  3.4 x  3.6 with Black "0585" Planet Earth and Satellites
0 Name: 169665i.dat
0 Author: Chris Böhnke [KnightOfTarenta]
0 !LDRAW_ORG Part UPDATE 2026-06
0 !LICENSE Licensed under CC BY 4.0 : see CAreadme.txt

0 BFC CERTIFY CCW

0 !KEYWORDS Bricklink 6339stk01, Brickowl 588738, Control Screen, Launch Command
0 !KEYWORDS Rebrickable 169665, set 6339, Shuttle Launch Pad, space port, town

0 !HISTORY 2026-06-28 [OrionP] Official Update 2026-06

1 16 0 -0.25 0 34 0 0 0 .25 0 0 0 36 box5-12.dat

0 BFC NOCLIP
0 // Colour 0 Black
3 0 -15.137 -.25 4.339 -15.298 -.25 2.773 -14.595 -.25 3.159
3 0 -15.116 -.25 6.845 -15.881 -.25 5.601 -15.088 -.25 5.44
3 0 -7.497 -.25 9.387 -7.855 -.25 8.925 -7.606 -.25 9.186
3 0 -8.605 -.25 11.796 -9.232 -.25 11.046 -8.585 -.25 11.557
3 0 -3.104 -.25 -2.468 -6.308 -.25 -3.113 -4.985 -.25 -3.351
3 0 -7.157 -.25 4.203 -7.029 -.25 2.978 -6.648 -.25 3.573
3 0 -25.457 -.25 -12.048 -18.954 -.25 -15.479 -18.564 -.25 -13.263
3 0 -12.655 -.25 -14.305 -13.046 -.25 -16.521 -5.761 -.25 -15.521
3 0 12.773 -.25 1.835 18.581 -.25 -2.674 19.35 -.25 -.56
3 0 24.989 -.25 -2.612 24.219 -.25 -4.726 31.566 -.25 -5.006
3 0 -20.026 -.25 9.1 -19.924 -.25 7.503 -19.333 -.25 8.7
3 0 -3.804 -.25 12.327 -3.288 -.25 10.812 -2.722 -.25 11.378
3 0 -7.154 -.25 27.679 -13.657 -.25 24.248 -6.764 -.25 25.463
3 0 5.784 -.25 11.219 13.138 -.25 9.825 12.999 -.25 10.613
3 0 12.678 -.25 12.434 5.784 -.25 11.219 12.999 -.25 10.613
3 0 19.221 -.25 13.457 20.307 -.25 11.901 20.03 -.25 12.612
3 0 18.874 -.25 20.102 16.798 -.25 15.167 19.655 -.25 15.67
3 0 18.874 -.25 20.102 16.007 -.25 15.027 16.798 -.25 15.167
3 0 28.435 -.25 15.213 21.541 -.25 13.997 21.862 -.25 12.175
3 0 28.435 -.25 15.213 21.862 -.25 12.175 22.001 -.25 11.387
3 0 5.257 -.25 32.152 -1.636 -.25 30.937 -1.246 -.25 28.721
3 0 -10.461 -.25 5.979 -9.705 -.25 5.235 -9.556 -.25 5.315
3 0 -16.111 -.25 10.109 -16.524 -.25 9.03 -15.851 -.25 9.47
3 0 -7.653 -.25 14.225 -7.735 -.25 13.41 -6.597 -.25 13.024
3 0 -9.064 -.25 14.506 -8.521 -.25 13.582 -7.653 -.25 14.225
3 0 .406 -.25 5.036 -.373 -.25 4.688 -.3 -.25 3.6
3 0 -6.43 -.25 -5.12 -7.61 -.25 -5.51 -7 -.25 -5.59
3 0 -15.367 -.25 -5.348 -14.71 -.25 -6.563 -14.403 -.25 -5.824
3 0 -5.4 -.25 -5.233 -6.056 -.25 -5.557 -5 -.25 -5.926
3 0 -16.89 -.25 -.86 -16.54 -.25 -1.91 -16.22 -.25 -1.25
3 0 -20.352 -.25 .96 -20.663 -.25 -.61 -20.155 -.25 .378
4 0 -15.196 -.25 4.976 -15.993 -.25 5.046 -15.919 -.25 4.167 -15.699 -.25 3.523
4 0 -14.677 -.25 6.034 -14.313 -.25 6.705 -15.116 -.25 6.845 -15.088 -.25 5.44
4 0 -16.111 -.25 10.109 -16.396 -.25 11.329 -17.196 -.25 11.265 -16.524 -.25 9.03
4 0 -8.585 -.25 11.557 -9.232 -.25 11.046 -8.289 -.25 9.714 -7.571 -.25 10.106
4 0 -8.605 -.25 11.796 -9.416 -.25 11.719 -9.364 -.25 11.372 -9.232 -.25 11.046
4 0 -9.492 -.25 5.415 -9.387 -.25 7.481 -10.181 -.25 7.576 -10.26 -.25 6.1
4 0 -13.992 -.25 2.404 -14.282 -.25 2.644 -14.827 -.25 2.044 -14.401 -.25 1.708
4 0 -14.595 -.25 3.159 -15.298 -.25 2.773 -14.827 -.25 2.044 -14.282 -.25 2.644
4 0 -13.992 -.25 2.404 -14.401 -.25 1.708 -13.848 -.25 1.584 -13.73 -.25 2.394
4 0 -13.73 -.25 2.394 -13.848 -.25 1.584 -13.321 -.25 1.689 -13.537 -.25 2.532
4 0 -13.537 -.25 2.532 -13.321 -.25 1.689 -12.924 -.25 2.028 -13.433 -.25 2.755
4 0 -15.137 -.25 4.339 -15.196 -.25 4.976 -15.699 -.25 3.523 -15.298 -.25 2.773
4 0 -15.088 -.25 5.44 -15.881 -.25 5.601 -15.993 -.25 5.046 -15.196 -.25 4.976
4 0 -13.433 -.25 2.755 -12.924 -.25 2.028 -12.622 -.25 2.863 -13.376 -.25 3.343
4 0 -13.357 -.25 4.574 -13.376 -.25 3.343 -12.622 -.25 2.863 -12.57 -.25 4.503
4 0 -14.238 -.25 7.201 -15.052 -.25 7.039 -15.116 -.25 6.845 -14.313 -.25 6.705
4 0 -12.57 -.25 4.503 -12.413 -.25 4.97 -13.174 -.25 5.259 -13.357 -.25 4.574
4 0 -12.953 -.25 5.601 -13.174 -.25 5.259 -12.413 -.25 4.97 -12.644 -.25 5.867
4 0 -12.644 -.25 5.867 -12.413 -.25 4.97 -12.174 -.25 5.207 -12.223 -.25 6.036
4 0 -15.052 -.25 7.039 -14.238 -.25 7.201 -14.337 -.25 7.708 -15.044 -.25 7.261
4 0 -15.851 -.25 9.47 -16.524 -.25 9.03 -16.192 -.25 8.531 -15.546 -.25 9.007
4 0 -15.227 -.25 8.75 -15.546 -.25 9.007 -16.192 -.25 8.531 -15.731 -.25 8.124
4 0 -14.854 -.25 8.473 -15.227 -.25 8.75 -15.731 -.25 8.124 -15.357 -.25 7.846
4 0 -14.854 -.25 8.473 -15.357 -.25 7.846 -15.129 -.25 7.529 -14.551 -.25 8.12
4 0 -15.044 -.25 7.261 -14.337 -.25 7.708 -14.551 -.25 8.12 -15.129 -.25 7.529
4 0 -9.331 -.25 7.688 -10.074 -.25 7.985 -10.181 -.25 7.576 -9.387 -.25 7.481
4 0 -9.209 -.25 7.882 -9.845 -.25 8.368 -10.074 -.25 7.985 -9.331 -.25 7.688
4 0 -8.319 -.25 9.577 -9.45 -.25 8.767 -9.845 -.25 8.368 -9.209 -.25 7.882
4 0 -8.319 -.25 9.577 -9.209 -.25 7.882 -7.855 -.25 8.925 -7.497 -.25 9.387
4 0 -7.475 -.25 9.854 -8.319 -.25 9.577 -7.497 -.25 9.387 -7.45 -.25 9.613
4 0 -7.571 -.25 10.106 -8.289 -.25 9.714 -8.319 -.25 9.577 -7.475 -.25 9.854
4 0 -9.367 -.25 12.068 -9.416 -.25 11.719 -8.605 -.25 11.796 -8.476 -.25 12.017
4 0 -9.194 -.25 12.417 -9.367 -.25 12.068 -8.476 -.25 12.017 -8.843 -.25 12.777
4 0 -8.843 -.25 12.777 -8.476 -.25 12.017 -8.104 -.25 12.419 -7.875 -.25 12.867
4 0 -8.65 -.25 13.081 -8.843 -.25 12.777 -7.875 -.25 12.867 -7.735 -.25 13.41
4 0 -8.521 -.25 13.582 -8.65 -.25 13.081 -7.735 -.25 13.41 -7.653 -.25 14.225
4 0 -11.722 -.25 6.051 -12.223 -.25 6.036 -12.174 -.25 5.207 -11.878 -.25 5.259
4 0 -10.461 -.25 5.979 -11.722 -.25 6.051 -11.878 -.25 5.259 -9.705 -.25 5.235
4 0 -6.064 -.25 -2.346 -6.829 -.25 -2.74 -6.609 -.25 -2.948 -5.696 -.25 -2.46
4 0 -5.696 -.25 -2.46 -6.609 -.25 -2.948 -6.308 -.25 -3.113 -3.104 -.25 -2.468
4 0 -6.064 -.25 -2.346 -6.276 -.25 -2.124 -6.981 -.25 -2.504 -6.829 -.25 -2.74
4 0 -6.981 -.25 -2.504 -6.276 -.25 -2.124 -6.334 -.25 -1.9 -7.116 -.25 -2.086
4 0 -6.288 -.25 -1.168 -7.086 -.25 -1.095 -7.116 -.25 -2.086 -6.334 -.25 -1.9
4 0 -7.086 -.25 -1.095 -6.288 -.25 -1.168 -6.084 -.25 -.413 -6.876 -.25 -.235
4 0 -6.876 -.25 -.235 -6.084 -.25 -.413 -5.838 -.25 -.043 -6.532 -.25 .373
4 0 -2.238 -.25 -2.351 -3.104 -.25 -2.468 -4.985 -.25 -3.351 -2.976 -.25 -3.258
4 0 -5.391 -.25 .389 -5.816 -.25 1.077 -6.532 -.25 .373 -5.838 -.25 -.043
4 0 -7.721 -.25 2.37 -7.432 -.25 2.02 -7.012 -.25 2.766 -7.829 -.25 2.672
4 0 -7.029 -.25 2.978 -7.835 -.25 3.035 -7.829 -.25 2.672 -7.012 -.25 2.766
4 0 -7.432 -.25 2.02 -6.832 -.25 1.593 -6.286 -.25 2.202 -7.012 -.25 2.766
4 0 -7.714 -.25 3.424 -7.835 -.25 3.035 -7.029 -.25 2.978 -7.157 -.25 4.203
4 0 -7.157 -.25 4.203 -6.648 -.25 3.573 -5.061 -.25 5.009 -5.935 -.25 5.342
4 0 -4.494 -.25 5.348 -4.907 -.25 6.037 -5.935 -.25 5.342 -5.061 -.25 5.009
4 0 -4.494 -.25 5.348 -3.875 -.25 5.56 -3.844 -.25 6.386 -4.907 -.25 6.037
4 0 -3.875 -.25 5.56 -2.652 -.25 5.712 -2.49 -.25 6.516 -3.844 -.25 6.386
4 0 -2.652 -.25 5.712 -1.859 -.25 5.675 -1.549 -.25 6.431 -2.49 -.25 6.516
4 0 -1.859 -.25 5.675 -1.105 -.25 5.435 -.616 -.25 6.079 -1.549 -.25 6.431
4 0 -4.365 -.25 -28.799 -5.57 -.25 -28.799 -5.946 -.25 -33.101 -4.742 -.25 -33.101
4 0 .631 -.25 -33.3 -4.558 -.25 -33.3 -4.663 -.25 -34.5 .526 -.25 -34.5
4 0 -5.43 -.25 -27.201 -4.225 -.25 -27.201 -3.849 -.25 -22.899 -5.054 -.25 -22.899
4 0 1.663 -.25 -21.5 -3.526 -.25 -21.5 -3.631 -.25 -22.7 1.558 -.25 -22.7
4 0 -19.345 -.25 -17.695 -18.954 -.25 -15.479 -25.457 -.25 -12.048 -26.239 -.25 -16.479
4 0 -18.457 -.25 -17.721 -17.612 -.25 -18.53 -17.182 -.25 -17.855 -17.802 -.25 -17.262
4 0 -18.929 -.25 -16.649 -18.457 -.25 -17.721 -17.802 -.25 -17.262 -18.148 -.25 -16.476
4 0 -17.612 -.25 -18.53 -16.521 -.25 -18.954 -16.382 -.25 -18.167 -17.182 -.25 -17.855
4 0 -18.929 -.25 -16.649 -18.148 -.25 -16.476 -18.167 -.25 -15.618 -18.954 -.25 -15.479
4 0 -16.521 -.25 -18.954 -15.351 -.25 -18.929 -15.524 -.25 -18.148 -16.382 -.25 -18.167
4 0 -18.954 -.25 -15.479 -18.167 -.25 -15.618 -17.855 -.25 -14.818 -18.53 -.25 -14.388
4 0 -15.351 -.25 -18.929 -14.279 -.25 -18.457 -14.738 -.25 -17.802 -15.524 -.25 -18.148
4 0 -17.262 -.25 -14.198 -17.721 -.25 -13.543 -18.53 -.25 -14.388 -17.855 -.25 -14.818
4 0 -14.145 -.25 -17.182 -14.738 -.25 -17.802 -14.279 -.25 -18.457 -13.47 -.25 -17.612
4 0 -16.476 -.25 -13.852 -16.649 -.25 -13.071 -17.721 -.25 -13.543 -17.262 -.25 -14.198
4 0 -13.47 -.25 -17.612 -13.046 -.25 -16.521 -13.833 -.25 -16.382 -14.145 -.25 -17.182
4 0 -15.618 -.25 -13.833 -15.479 -.25 -13.046 -16.649 -.25 -13.071 -16.476 -.25 -13.852
4 0 -13.852 -.25 -15.524 -13.833 -.25 -16.382 -13.046 -.25 -16.521 -13.071 -.25 -15.351
4 0 -14.818 -.25 -14.145 -14.388 -.25 -13.47 -15.479 -.25 -13.046 -15.618 -.25 -13.833
4 0 -14.388 -.25 -13.47 -14.818 -.25 -14.145 -14.198 -.25 -14.738 -13.543 -.25 -14.279
4 0 -13.852 -.25 -15.524 -13.071 -.25 -15.351 -13.543 -.25 -14.279 -14.198 -.25 -14.738
4 0 -13.436 -.25 -18.737 -6.543 -.25 -19.952 -5.761 -.25 -15.521 -13.046 -.25 -16.521
4 0 -22.186 -.25 -22.909 -31.5 -.25 -22.6 -31.57 -.25 -23.397 -22.172 -.25 -23.708
4 0 -12.791 -.25 -23.065 -12.889 -.25 -22.271 -22.186 -.25 -22.909 -22.172 -.25 -23.708
4 0 -3.705 -.25 -20.613 -12.889 -.25 -22.271 -12.791 -.25 -23.065 -3.537 -.25 -21.394
4 0 5.108 -.25 -17.788 -3.705 -.25 -20.613 -3.537 -.25 -21.394 5.417 -.25 -18.524
4 0 13.728 -.25 -14.124 13.257 -.25 -13.474 5.108 -.25 -17.788 5.417 -.25 -18.524
4 0 19.9 -.25 -7.1 13.257 -.25 -13.474 13.728 -.25 -14.124 20.513 -.25 -7.614
4 0 .849 -.25 -33.101 2.054 -.25 -33.101 2.43 -.25 -28.799 1.225 -.25 -28.799
4 0 10.131 -.25 -33.3 4.942 -.25 -33.3 4.837 -.25 -34.5 10.026 -.25 -34.5
4 0 10.349 -.25 -33.101 11.554 -.25 -33.101 11.93 -.25 -28.799 10.725 -.25 -28.799
4 0 14.635 -.25 -28.799 13.43 -.25 -28.799 13.054 -.25 -33.101 14.258 -.25 -33.101
4 0 10.647 -.25 -27.4 5.458 -.25 -27.4 5.353 -.25 -28.6 10.542 -.25 -28.6
4 0 1.365 -.25 -27.201 2.57 -.25 -27.201 2.946 -.25 -22.899 1.742 -.25 -22.899
4 0 4.07 -.25 -27.201 5.275 -.25 -27.201 5.651 -.25 -22.899 4.446 -.25 -22.899
4 0 11.163 -.25 -21.5 5.974 -.25 -21.5 5.869 -.25 -22.7 11.058 -.25 -22.7
4 0 13.57 -.25 -27.201 14.775 -.25 -27.201 15.151 -.25 -22.899 13.946 -.25 -22.899
4 0 19.631 -.25 -33.3 14.442 -.25 -33.3 14.337 -.25 -34.5 19.526 -.25 -34.5
4 0 19.849 -.25 -33.101 21.054 -.25 -33.101 21.43 -.25 -28.799 20.225 -.25 -28.799
4 0 20.147 -.25 -27.4 14.958 -.25 -27.4 14.853 -.25 -28.6 20.042 -.25 -28.6
4 0 29.131 -.25 -33.3 23.942 -.25 -33.3 23.837 -.25 -34.5 29.026 -.25 -34.5
4 0 29.349 -.25 -33.101 30.554 -.25 -33.101 30.93 -.25 -28.799 29.725 -.25 -28.799
4 0 29.647 -.25 -27.4 24.458 -.25 -27.4 24.353 -.25 -28.6 29.542 -.25 -28.6
4 0 20.663 -.25 -21.5 15.474 -.25 -21.5 15.369 -.25 -22.7 20.558 -.25 -22.7
4 0 20.365 -.25 -27.201 21.57 -.25 -27.201 21.946 -.25 -22.899 20.742 -.25 -22.899
4 0 23.07 -.25 -27.201 24.275 -.25 -27.201 24.651 -.25 -22.899 23.446 -.25 -22.899
4 0 30.163 -.25 -21.5 24.974 -.25 -21.5 24.869 -.25 -22.7 30.058 -.25 -22.7
4 0 15.241 -.25 8.211 -9.516 -.25 -13.761 -8.985 -.25 -14.359 15.772 -.25 7.613
4 0 17.811 -.25 -4.788 18.581 -.25 -2.674 12.773 -.25 1.835 11.234 -.25 -2.394
4 0 18.681 -.25 -4.968 19.373 -.25 -5.912 19.914 -.25 -5.322 19.406 -.25 -4.63
4 0 19.373 -.25 -5.912 20.374 -.25 -6.519 20.648 -.25 -5.767 19.914 -.25 -5.322
4 0 18.403 -.25 -3.831 18.681 -.25 -4.968 19.406 -.25 -4.63 19.202 -.25 -3.796
4 0 20.374 -.25 -6.519 21.531 -.25 -6.697 21.496 -.25 -5.898 20.648 -.25 -5.767
4 0 18.581 -.25 -2.674 18.403 -.25 -3.831 19.202 -.25 -3.796 19.333 -.25 -2.948
4 0 22.668 -.25 -6.419 22.33 -.25 -5.694 21.496 -.25 -5.898 21.531 -.25 -6.697
4 0 19.188 -.25 -1.673 18.581 -.25 -2.674 19.333 -.25 -2.948 19.778 -.25 -2.214
4 0 23.612 -.25 -5.727 23.022 -.25 -5.186 22.33 -.25 -5.694 22.668 -.25 -6.419
4 0 19.778 -.25 -2.214 20.47 -.25 -1.706 20.132 -.25 -.981 19.188 -.25 -1.673
4 0 23.467 -.25 -4.452 23.022 -.25 -5.186 23.612 -.25 -5.727 24.219 -.25 -4.726
4 0 21.304 -.25 -1.502 21.269 -.25 -.703 20.132 -.25 -.981 20.47 -.25 -1.706
4 0 24.119 -.25 -2.432 23.394 -.25 -2.77 23.598 -.25 -3.604 24.397 -.25 -3.569
4 0 23.598 -.25 -3.604 23.467 -.25 -4.452 24.219 -.25 -4.726 24.397 -.25 -3.569
4 0 21.304 -.25 -1.502 22.152 -.25 -1.633 22.426 -.25 -.881 21.269 -.25 -.703
4 0 22.886 -.25 -2.078 23.427 -.25 -1.488 22.426 -.25 -.881 22.152 -.25 -1.633
4 0 22.886 -.25 -2.078 23.394 -.25 -2.77 24.119 -.25 -2.432 23.427 -.25 -1.488
4 0 23.45 -.25 -6.84 30.027 -.25 -9.235 31.566 -.25 -5.006 24.219 -.25 -4.726
4 0 -31.631 -.25 33.883 -21.864 -.25 -11.187 -21.083 -.25 -11.018 -30.849 -.25 34.053
4 0 -17.712 -.25 -3.612 -18.278 -.25 -4.178 -17.196 -.25 -5.127 -16.709 -.25 -4.492
4 0 -16.709 -.25 -4.492 -17.196 -.25 -5.127 -16 -.25 -5.926 -15.995 -.25 -4.969
4 0 -20.663 -.25 -.61 -20.026 -.25 -1.9 -19.333 -.25 -1.5 -19.924 -.25 -.303
4 0 -14.403 -.25 -5.824 -14.71 -.25 -6.563 -13.347 -.25 -7.025 -13.14 -.25 -6.252
4 0 -21.125 -.25 .753 -20.663 -.25 -.61 -20.352 -.25 .96 -21.406 -.25 2.164
4 0 -13.14 -.25 -6.252 -13.347 -.25 -7.025 -11.936 -.25 -7.306 -11.831 -.25 -6.513
4 0 -21.406 -.25 2.164 -20.352 -.25 .96 -20.613 -.25 2.269 -21.5 -.25 3.6
4 0 -11.831 -.25 -6.513 -11.936 -.25 -7.306 -10.5 -.25 -7.4 -10.5 -.25 -6.6
4 0 -21.5 -.25 3.6 -20.613 -.25 2.269 -20.7 -.25 3.6 -21.406 -.25 5.036
4 0 -10.5 -.25 -6.6 -10.5 -.25 -7.4 -9.064 -.25 -7.306 -9.169 -.25 -6.513
4 0 -21.406 -.25 5.036 -20.7 -.25 3.6 -20.613 -.25 4.931 -21.125 -.25 6.447
4 0 -9.169 -.25 -6.513 -9.064 -.25 -7.306 -7.653 -.25 -7.025 -7.86 -.25 -6.252
4 0 -21.125 -.25 6.447 -20.613 -.25 4.931 -20.352 -.25 6.24 -20.663 -.25 7.81
4 0 -6.597 -.25 -5.824 -7.86 -.25 -6.252 -7.653 -.25 -7.025 -6.29 -.25 -6.563
4 0 -20.663 -.25 7.81 -20.352 -.25 6.24 -19.924 -.25 7.503 -20.026 -.25 9.1
4 0 -6.597 -.25 -5.824 -6.29 -.25 -6.563 -5 -.25 -5.926 -6.056 -.25 -5.557
4 0 -5.4 -.25 -5.233 -5 -.25 -5.926 -3.804 -.25 -5.127 -4.291 -.25 -4.492
4 0 -20.026 -.25 9.1 -19.333 -.25 8.7 -18.592 -.25 9.809 -19.227 -.25 10.296
4 0 -2.722 -.25 -4.178 -3.288 -.25 -3.612 -4.291 -.25 -4.492 -3.804 -.25 -5.127
4 0 -17.712 -.25 10.812 -18.278 -.25 11.378 -19.227 -.25 10.296 -18.592 -.25 9.809
4 0 -17.196 -.25 12.327 -18.278 -.25 11.378 -17.712 -.25 10.812 -17.196 -.25 11.265
4 0 -.974 -.25 9.1 -1.667 -.25 8.7 -1.076 -.25 7.503 -.337 -.25 7.81
4 0 -1.076 -.25 7.503 -.648 -.25 6.24 .125 -.25 6.447 -.337 -.25 7.81
4 0 -6.29 -.25 13.763 -7.653 -.25 14.225 -6.597 -.25 13.024 -5.4 -.25 12.433
4 0 -5 -.25 13.126 -6.29 -.25 13.763 -5.4 -.25 12.433 -4.291 -.25 11.692
4 0 -2.408 -.25 9.809 -1.667 -.25 8.7 -.974 -.25 9.1 -1.773 -.25 10.296
4 0 -3.804 -.25 12.327 -5 -.25 13.126 -4.291 -.25 11.692 -3.288 -.25 10.812
4 0 -3.288 -.25 10.812 -2.408 -.25 9.809 -1.773 -.25 10.296 -2.722 -.25 11.378
4 0 -5.429 -.25 24.265 -6.168 -.25 24.573 -10.324 -.25 14.588 -9.481 -.25 14.533
4 0 -13.657 -.25 24.248 -7.154 -.25 27.679 -7.545 -.25 29.895 -14.439 -.25 28.679
4 0 -6.73 -.25 26.588 -5.921 -.25 25.743 -5.462 -.25 26.398 -6.055 -.25 27.018
4 0 -4.849 -.25 25.271 -4.676 -.25 26.052 -5.462 -.25 26.398 -5.921 -.25 25.743
4 0 -6.73 -.25 26.588 -6.055 -.25 27.018 -6.367 -.25 27.818 -7.154 -.25 27.679
4 0 -3.679 -.25 25.246 -3.818 -.25 26.033 -4.676 -.25 26.052 -4.849 -.25 25.271
4 0 -7.129 -.25 28.849 -7.154 -.25 27.679 -6.367 -.25 27.818 -6.348 -.25 28.676
4 0 -2.588 -.25 25.67 -3.018 -.25 26.345 -3.818 -.25 26.033 -3.679 -.25 25.246
4 0 -6.657 -.25 29.921 -7.129 -.25 28.849 -6.348 -.25 28.676 -6.002 -.25 29.462
4 0 -2.398 -.25 26.938 -3.018 -.25 26.345 -2.588 -.25 25.67 -1.743 -.25 26.479
4 0 -5.382 -.25 30.055 -5.812 -.25 30.73 -6.657 -.25 29.921 -6.002 -.25 29.462
4 0 -2.398 -.25 26.938 -1.743 -.25 26.479 -1.271 -.25 27.551 -2.052 -.25 27.724
4 0 -4.582 -.25 30.367 -4.721 -.25 31.154 -5.812 -.25 30.73 -5.382 -.25 30.055
4 0 -2.052 -.25 27.724 -1.271 -.25 27.551 -1.246 -.25 28.721 -2.033 -.25 28.582
4 0 -3.724 -.25 30.348 -3.551 -.25 31.129 -4.721 -.25 31.154 -4.582 -.25 30.367
4 0 -2.345 -.25 29.382 -2.033 -.25 28.582 -1.246 -.25 28.721 -1.67 -.25 29.812
4 0 -2.938 -.25 30.002 -2.479 -.25 30.657 -3.551 -.25 31.129 -3.724 -.25 30.348
4 0 -2.345 -.25 29.382 -1.67 -.25 29.812 -2.479 -.25 30.657 -2.938 -.25 30.002
4 0 6.565 -.25 6.787 13.459 -.25 8.003 13.138 -.25 9.825 5.784 -.25 11.219
4 0 13.138 -.25 9.825 14.693 -.25 10.099 14.554 -.25 10.887 12.999 -.25 10.613
4 0 14.97 -.25 9.388 15.779 -.25 8.543 16.238 -.25 9.198 15.645 -.25 9.818
4 0 16.851 -.25 8.071 17.024 -.25 8.852 16.238 -.25 9.198 15.779 -.25 8.543
4 0 15.352 -.25 11.476 14.554 -.25 10.887 14.693 -.25 10.099 15.333 -.25 10.618
4 0 14.97 -.25 9.388 15.645 -.25 9.818 15.333 -.25 10.618 14.693 -.25 10.099
4 0 18.021 -.25 8.046 17.882 -.25 8.833 17.024 -.25 8.852 16.851 -.25 8.071
4 0 15.698 -.25 12.262 14.571 -.25 11.649 14.554 -.25 10.887 15.352 -.25 11.476
4 0 19.112 -.25 8.47 18.682 -.25 9.145 17.882 -.25 8.833 18.021 -.25 8.046
4 0 19.112 -.25 8.47 19.957 -.25 9.279 19.302 -.25 9.738 18.682 -.25 9.145
4 0 14.571 -.25 11.649 15.698 -.25 12.262 15.888 -.25 13.53 15.043 -.25 12.721
4 0 15.698 -.25 12.262 16.318 -.25 12.855 16.359 -.25 13.713 15.888 -.25 13.53
4 0 19.302 -.25 9.738 19.957 -.25 9.279 20.429 -.25 10.351 19.648 -.25 10.524
4 0 16.318 -.25 12.855 17.118 -.25 13.167 17.123 -.25 13.951 16.359 -.25 13.713
4 0 18.149 -.25 13.929 17.123 -.25 13.951 17.118 -.25 13.167 17.976 -.25 13.148
4 0 20.429 -.25 10.351 20.446 -.25 11.113 19.667 -.25 11.382 19.648 -.25 10.524
4 0 16.007 -.25 15.027 16.359 -.25 13.713 17.123 -.25 13.951 16.798 -.25 15.167
4 0 20.446 -.25 11.113 20.307 -.25 11.901 19.355 -.25 12.182 19.667 -.25 11.382
4 0 18.149 -.25 13.929 17.976 -.25 13.148 18.762 -.25 12.802 19.221 -.25 13.457
4 0 19.221 -.25 13.457 18.762 -.25 12.802 19.355 -.25 12.182 20.307 -.25 11.901
4 0 22.001 -.25 11.387 21.862 -.25 12.175 20.307 -.25 11.901 20.446 -.25 11.113
4 0 12.762 -.25 14.455 16.007 -.25 15.027 18.874 -.25 20.102 11.98 -.25 18.887
4 0 22.322 -.25 9.566 29.216 -.25 10.781 28.435 -.25 15.213 22.001 -.25 11.387
4 0 -.577 -.25 24.869 -1.098 -.25 24.262 11.738 -.25 13.233 12.26 -.25 13.84
4 0 -.855 -.25 26.505 6.039 -.25 27.721 5.257 -.25 32.152 -1.246 -.25 28.721
4 0 -14.544 -.25 4.453 -13.805 -.25 4.146 -9.805 -.25 13.754 -10.657 -.25 13.79
4 0 -9.492 -.25 5.415 -10.26 -.25 6.1 -10.461 -.25 5.979 -9.556 -.25 5.315
4 0 -17.196 -.25 11.265 -16.396 -.25 11.329 -16.396 -.25 11.899 -17.196 -.25 12.327
4 0 -16 -.25 13.126 -17.196 -.25 12.327 -16.396 -.25 11.899 -15.599 -.25 12.432
4 0 -14.71 -.25 13.763 -16 -.25 13.126 -15.599 -.25 12.432 -14.403 -.25 13.024
4 0 -13.347 -.25 14.225 -14.71 -.25 13.763 -14.403 -.25 13.024 -13.14 -.25 13.452
4 0 -11.936 -.25 14.506 -13.347 -.25 14.225 -13.14 -.25 13.452 -11.831 -.25 13.713
4 0 -10.5 -.25 14.6 -11.936 -.25 14.506 -11.831 -.25 13.713 -10.657 -.25 13.79
4 0 -10.324 -.25 14.588 -10.5 -.25 14.6 -10.657 -.25 13.79 -9.805 -.25 13.754
4 0 -9.481 -.25 14.533 -10.324 -.25 14.588 -9.805 -.25 13.754 -9.169 -.25 13.713
4 0 -9.064 -.25 14.506 -9.481 -.25 14.533 -9.169 -.25 13.713 -8.521 -.25 13.582
4 0 -4.45 -.25 1.08 -4.652 -.25 1.449 -5.816 -.25 1.077 -5.391 -.25 .389
4 0 -6.286 -.25 2.202 -6.832 -.25 1.593 -5.816 -.25 1.077 -4.652 -.25 1.449
4 0 -2.976 -.25 -3.258 -3.288 -.25 -3.612 -2.722 -.25 -4.178 -1.773 -.25 -3.096
4 0 -2.238 -.25 -2.351 -2.976 -.25 -3.258 -1.773 -.25 -3.096 -.974 -.25 -1.9
4 0 -1.667 -.25 -1.5 -2.238 -.25 -2.351 -.974 -.25 -1.9 -.337 -.25 -.61
4 0 -1.076 -.25 -.303 -1.667 -.25 -1.5 -.337 -.25 -.61 .125 -.25 .753
4 0 -.648 -.25 .96 -1.076 -.25 -.303 .125 -.25 .753 .406 -.25 2.164
4 0 -.389 -.25 2.269 -.648 -.25 .96 .406 -.25 2.164 .5 -.25 3.6
4 0 -.3 -.25 3.6 -.389 -.25 2.269 .5 -.25 3.6 .406 -.25 5.036
4 0 .125 -.25 6.447 -.648 -.25 6.24 -.616 -.25 6.079 .406 -.25 5.036
4 0 -.616 -.25 6.079 -1.105 -.25 5.435 -.373 -.25 4.688 .406 -.25 5.036
4 0 -15.36 -.25 -4.51 -15.77 -.25 -4.73 -15.26 -.25 -5.22 -14.74 -.25 -4.44
4 0 -14.74 -.25 -4.44 -15.26 -.25 -5.22 -14.41 -.25 -5.04 -14.17 -.25 -4.38
4 0 -14.17 -.25 -4.38 -14.41 -.25 -5.04 -13.72 -.25 -4.96 -13.87 -.25 -4.25
4 0 -13.87 -.25 -4.25 -13.72 -.25 -4.96 -13.41 -.25 -4.81 -13.26 -.25 -4.45
4 0 -13.68 -.25 -3.83 -13.87 -.25 -4.25 -13.26 -.25 -4.45 -13 -.25 -4
4 0 -13.3 -.25 -3.42 -13.68 -.25 -3.83 -13 -.25 -4 -12.72 -.25 -3.9
4 0 -12.68 -.25 -3.28 -13.3 -.25 -3.42 -12.72 -.25 -3.9 -12.31 -.25 -3.36
4 0 -12.01 -.25 -3.54 -12.31 -.25 -3.36 -12.72 -.25 -3.9 -12.4 -.25 -4.09
4 0 -12.01 -.25 -3.54 -12.4 -.25 -4.09 -11.95 -.25 -4.16 -11.69 -.25 -3.43
4 0 -11.17 -.25 -3.41 -11.69 -.25 -3.43 -11.95 -.25 -4.16 -11.45 -.25 -4.1
4 0 -10.6 -.25 -4.46 -11.17 -.25 -4.71 -11.06 -.25 -5.24 -10.54 -.25 -4.84
4 0 -10.54 -.25 -4.84 -11.06 -.25 -5.24 -10.82 -.25 -5.49 -10.34 -.25 -5.01
4 0 -10.34 -.25 -5.01 -10.82 -.25 -5.49 -10.41 -.25 -5.6 -9.99 -.25 -5.03
4 0 -9.99 -.25 -5.03 -10.41 -.25 -5.6 -9.86 -.25 -5.55 -9.55 -.25 -4.87
4 0 -9.1 -.25 -4.9 -9.55 -.25 -4.87 -9.86 -.25 -5.55 -9.29 -.25 -5.49
4 0 -8.76 -.25 -5.05 -9.1 -.25 -4.9 -9.29 -.25 -5.49 -8.74 -.25 -5.68
4 0 -8.43 -.25 -5.15 -8.76 -.25 -5.05 -8.74 -.25 -5.68 -8.2 -.25 -5.68
4 0 -8.12 -.25 -5.13 -8.43 -.25 -5.15 -8.2 -.25 -5.68 -7.61 -.25 -5.51
4 0 -7.66 -.25 -4.92 -8.12 -.25 -5.13 -7.61 -.25 -5.51 -7.29 -.25 -4.86
4 0 -6.85 -.25 -4.92 -7.29 -.25 -4.86 -7.61 -.25 -5.51 -6.43 -.25 -5.12
4 0 -10.91 -.25 -3.62 -11.17 -.25 -3.41 -11.45 -.25 -4.1 -10.76 -.25 -3.94
4 0 -10.76 -.25 -3.94 -11.45 -.25 -4.1 -11.17 -.25 -4.71 -10.6 -.25 -4.46
4 0 -15.367 -.25 -5.348 -15.995 -.25 -4.969 -16 -.25 -5.926 -14.71 -.25 -6.563
4 0 -15.367 -.25 -5.348 -15.26 -.25 -5.22 -15.77 -.25 -4.73 -15.995 -.25 -4.969
4 0 -6.597 -.25 -5.824 -6.056 -.25 -5.557 -6.43 -.25 -5.12 -7 -.25 -5.59
4 0 -19.73 -.25 .46 -19.924 -.25 -.303 -19.56 -.25 -.17 -18.99 -.25 .59
4 0 -18.99 -.25 .59 -19.56 -.25 -.17 -19.02 -.25 -.11 -18.21 -.25 .51
4 0 -18.21 -.25 .51 -19.02 -.25 -.11 -18.41 -.25 -.19 -17.66 -.25 .1
4 0 -17.66 -.25 .1 -18.41 -.25 -.19 -18.06 -.25 -.63 -17.42 -.25 -.34
4 0 -17.42 -.25 -.34 -18.06 -.25 -.63 -17.75 -.25 -1.05 -17.06 -.25 -1.58
4 0 -16.89 -.25 -.86 -17.42 -.25 -.34 -17.06 -.25 -1.58 -16.54 -.25 -1.91
4 0 -16.22 -.25 -1.25 -16.54 -.25 -1.91 -16.44 -.25 -2.24 -15.87 -.25 -2.61
4 0 -15.9 -.25 -1.63 -16.22 -.25 -1.25 -15.87 -.25 -2.61 -15.72 -.25 -2.14
4 0 -16.45 -.25 -2.81 -15.87 -.25 -2.61 -16.44 -.25 -2.24 -17.1 -.25 -2.81
4 0 -17.1 -.25 -2.81 -16.44 -.25 -2.24 -17.55 -.25 -2.13 -17.83 -.25 -2.68
4 0 -17.83 -.25 -2.68 -17.55 -.25 -2.13 -18.13 -.25 -2.04 -18.66 -.25 -2.12
4 0 -18.18 -.25 -2.68 -17.83 -.25 -2.68 -18.66 -.25 -2.12 -18.854 -.25 -2.217
4 0 -20.155 -.25 .378 -20.663 -.25 -.61 -19.924 -.25 -.303 -19.73 -.25 .46
4 0 -18.854 -.25 -2.217 -19.333 -.25 -1.5 -20.026 -.25 -1.9 -19.227 -.25 -3.096
4 0 -18.315 -.25 -2.925 -18.18 -.25 -2.68 -18.854 -.25 -2.217 -19.227 -.25 -3.096
4 0 -18.278 -.25 -4.178 -17.712 -.25 -3.612 -18.315 -.25 -2.925 -19.227 -.25 -3.096

0 // Colour 1 Blue
3 1 -16.709 -.25 -4.492 -15.995 -.25 -4.969 -15.77 -.25 -4.73
3 1 -7.875 -.25 12.867 -8.104 -.25 12.419 -7.571 -.25 10.106
3 1 -7.735 -.25 13.41 -7.875 -.25 12.867 -6.597 -.25 13.024
3 1 -8.104 -.25 12.419 -8.476 -.25 12.017 -7.571 -.25 10.106
3 1 -9.492 -.25 5.415 -9.556 -.25 5.315 -7.157 -.25 4.203
3 1 -6.832 -.25 1.593 -6.532 -.25 .373 -5.816 -.25 1.077
3 1 -6.832 -.25 1.593 -6.876 -.25 -.235 -6.532 -.25 .373
3 1 -6.829 -.25 -2.74 -7.29 -.25 -4.86 -6.85 -.25 -4.92
3 1 -6.43 -.25 -5.12 -6.056 -.25 -5.557 -5.4 -.25 -5.233
3 1 -6.829 -.25 -2.74 -9.1 -.25 -4.9 -8.76 -.25 -5.05
3 1 -10.6 -.25 -4.46 -9.99 -.25 -5.03 -9.55 -.25 -4.87
3 1 -6.829 -.25 -2.74 -10.76 -.25 -3.94 -10.6 -.25 -4.46
3 1 -12.31 -.25 -3.36 -12.01 -.25 -3.54 -11.69 -.25 -3.43
3 1 -14.401 -.25 1.708 -11.69 -.25 -3.43 -11.17 -.25 -3.41
3 1 -6.829 -.25 -2.74 -11.17 -.25 -3.41 -10.91 -.25 -3.62
3 1 -6.829 -.25 -2.74 -10.91 -.25 -3.62 -10.76 -.25 -3.94
3 1 -15.731 -.25 8.124 -15.881 -.25 5.601 -15.116 -.25 6.845
3 1 -15.699 -.25 3.523 -20.613 -.25 2.269 -15.298 -.25 2.773
3 1 -17.83 -.25 -2.68 -17.712 -.25 -3.612 -17.1 -.25 -2.81
3 1 -16.45 -.25 -2.81 -17.1 -.25 -2.81 -17.712 -.25 -3.612
3 1 -15.87 -.25 -2.61 -16.45 -.25 -2.81 -13.3 -.25 -3.42
3 1 -15.72 -.25 -2.14 -15.87 -.25 -2.61 -13.3 -.25 -3.42
3 1 -14.401 -.25 1.708 -15.9 -.25 -1.63 -15.72 -.25 -2.14
3 1 -14.827 -.25 2.044 -17.66 -.25 .1 -17.42 -.25 -.34
3 1 -14.827 -.25 2.044 -18.21 -.25 .51 -17.66 -.25 .1
3 1 -20.613 -.25 2.269 -19.73 -.25 .46 -18.99 -.25 .59
3 1 -14.827 -.25 2.044 -18.99 -.25 .59 -18.21 -.25 .51
4 1 -16.709 -.25 -4.492 -15.77 -.25 -4.73 -15.36 -.25 -4.51 -17.712 -.25 -3.612
4 1 -1.549 -.25 6.431 -.616 -.25 6.079 -.648 -.25 6.24 -1.076 -.25 7.503
4 1 -2.49 -.25 6.516 -1.549 -.25 6.431 -1.076 -.25 7.503 -1.667 -.25 8.7
4 1 -3.844 -.25 6.386 -2.49 -.25 6.516 -1.667 -.25 8.7 -2.408 -.25 9.809
4 1 -2.408 -.25 9.809 -3.288 -.25 10.812 -4.907 -.25 6.037 -3.844 -.25 6.386
4 1 -7.45 -.25 9.613 -7.497 -.25 9.387 -4.907 -.25 6.037 -3.288 -.25 10.812
4 1 -7.45 -.25 9.613 -3.288 -.25 10.812 -4.291 -.25 11.692 -7.475 -.25 9.854
4 1 -4.291 -.25 11.692 -5.4 -.25 12.433 -7.571 -.25 10.106 -7.475 -.25 9.854
4 1 -7.571 -.25 10.106 -5.4 -.25 12.433 -6.597 -.25 13.024 -7.875 -.25 12.867
4 1 -8.605 -.25 11.796 -8.585 -.25 11.557 -7.571 -.25 10.106 -8.476 -.25 12.017
4 1 -4.907 -.25 6.037 -7.497 -.25 9.387 -7.606 -.25 9.186 -5.935 -.25 5.342
4 1 -5.935 -.25 5.342 -7.606 -.25 9.186 -7.855 -.25 8.925 -7.157 -.25 4.203
4 1 -7.157 -.25 4.203 -7.855 -.25 8.925 -9.209 -.25 7.882 -9.331 -.25 7.688
4 1 -7.157 -.25 4.203 -9.331 -.25 7.688 -9.387 -.25 7.481 -9.492 -.25 5.415
4 1 -7.157 -.25 4.203 -9.556 -.25 5.315 -9.705 -.25 5.235 -7.714 -.25 3.424
4 1 -7.835 -.25 3.035 -7.714 -.25 3.424 -9.705 -.25 5.235 -11.878 -.25 5.259
4 1 -7.835 -.25 3.035 -11.878 -.25 5.259 -12.174 -.25 5.207 -12.413 -.25 4.97
4 1 -7.835 -.25 3.035 -12.413 -.25 4.97 -12.57 -.25 4.503 -7.829 -.25 2.672
4 1 -7.721 -.25 2.37 -7.829 -.25 2.672 -12.57 -.25 4.503 -12.622 -.25 2.863
4 1 -7.432 -.25 2.02 -7.721 -.25 2.37 -12.622 -.25 2.863 -12.924 -.25 2.028
4 1 -6.832 -.25 1.593 -7.432 -.25 2.02 -12.924 -.25 2.028 -6.876 -.25 -.235
4 1 -6.876 -.25 -.235 -12.924 -.25 2.028 -13.321 -.25 1.689 -7.086 -.25 -1.095
4 1 -7.086 -.25 -1.095 -13.321 -.25 1.689 -13.848 -.25 1.584 -7.116 -.25 -2.086
4 1 -6.981 -.25 -2.504 -7.116 -.25 -2.086 -13.848 -.25 1.584 -14.401 -.25 1.708
4 1 -6.829 -.25 -2.74 -6.981 -.25 -2.504 -14.401 -.25 1.708 -11.17 -.25 -3.41
4 1 -3.288 -.25 -3.612 -2.976 -.25 -3.258 -4.985 -.25 -3.351 -4.291 -.25 -4.492
4 1 -5.4 -.25 -5.233 -4.291 -.25 -4.492 -4.985 -.25 -3.351 -6.308 -.25 -3.113
4 1 -6.43 -.25 -5.12 -5.4 -.25 -5.233 -6.308 -.25 -3.113 -6.609 -.25 -2.948
4 1 -6.85 -.25 -4.92 -6.43 -.25 -5.12 -6.609 -.25 -2.948 -6.829 -.25 -2.74
4 1 -7.66 -.25 -4.92 -7.29 -.25 -4.86 -6.829 -.25 -2.74 -8.76 -.25 -5.05
4 1 -8.76 -.25 -5.05 -8.43 -.25 -5.15 -8.12 -.25 -5.13 -7.66 -.25 -4.92
4 1 -9.55 -.25 -4.87 -9.1 -.25 -4.9 -6.829 -.25 -2.74 -10.6 -.25 -4.46
4 1 -10.6 -.25 -4.46 -10.54 -.25 -4.84 -10.34 -.25 -5.01 -9.99 -.25 -5.03
4 1 -13.3 -.25 -3.42 -12.68 -.25 -3.28 -14.401 -.25 1.708 -15.72 -.25 -2.14
4 1 -14.401 -.25 1.708 -12.68 -.25 -3.28 -12.31 -.25 -3.36 -11.69 -.25 -3.43
4 1 -14.17 -.25 -4.38 -13.87 -.25 -4.25 -13.68 -.25 -3.83 -14.74 -.25 -4.44
4 1 -15.36 -.25 -4.51 -14.74 -.25 -4.44 -13.68 -.25 -3.83 -13.3 -.25 -3.42
4 1 -17.712 -.25 -3.612 -15.36 -.25 -4.51 -13.3 -.25 -3.42 -16.45 -.25 -2.81
4 1 -16.524 -.25 9.03 -17.196 -.25 11.265 -17.712 -.25 10.812 -18.592 -.25 9.809
4 1 -16.524 -.25 9.03 -18.592 -.25 9.809 -19.333 -.25 8.7 -16.192 -.25 8.531
4 1 -16.192 -.25 8.531 -19.333 -.25 8.7 -19.924 -.25 7.503 -15.731 -.25 8.124
4 1 -15.881 -.25 5.601 -15.731 -.25 8.124 -19.924 -.25 7.503 -20.352 -.25 6.24
4 1 -15.993 -.25 5.046 -15.881 -.25 5.601 -20.352 -.25 6.24 -20.613 -.25 4.931
4 1 -15.357 -.25 7.846 -15.731 -.25 8.124 -15.116 -.25 6.845 -15.052 -.25 7.039
4 1 -15.357 -.25 7.846 -15.052 -.25 7.039 -15.044 -.25 7.261 -15.129 -.25 7.529
4 1 -15.919 -.25 4.167 -15.993 -.25 5.046 -20.613 -.25 4.931 -20.7 -.25 3.6
4 1 -15.699 -.25 3.523 -15.919 -.25 4.167 -20.7 -.25 3.6 -20.613 -.25 2.269
4 1 -14.827 -.25 2.044 -15.298 -.25 2.773 -20.613 -.25 2.269 -18.99 -.25 .59
4 1 -17.83 -.25 -2.68 -18.18 -.25 -2.68 -18.315 -.25 -2.925 -17.712 -.25 -3.612
4 1 -16.22 -.25 -1.25 -15.9 -.25 -1.63 -14.401 -.25 1.708 -14.827 -.25 2.044
4 1 -16.89 -.25 -.86 -16.22 -.25 -1.25 -14.827 -.25 2.044 -17.42 -.25 -.34
4 1 -20.352 -.25 .96 -20.155 -.25 .378 -19.73 -.25 .46 -20.613 -.25 2.269

0 // Colour 2 Green
3 2 -11.45 -.25 -4.1 -11.95 -.25 -4.16 -11.17 -.25 -4.71
3 2 -7 -.25 -5.59 -7.86 -.25 -6.252 -6.597 -.25 -5.824
3 2 -9.805 -.25 13.754 -13.805 -.25 4.146 -13.174 -.25 5.259
3 2 -9.805 -.25 13.754 -13.174 -.25 5.259 -12.953 -.25 5.601
3 2 -9.805 -.25 13.754 -12.953 -.25 5.601 -12.644 -.25 5.867
3 2 -9.367 -.25 12.068 -12.223 -.25 6.036 -9.416 -.25 11.719
3 2 -9.364 -.25 11.372 -10.074 -.25 7.985 -9.845 -.25 8.368
3 2 -9.169 -.25 13.713 -8.65 -.25 13.081 -8.521 -.25 13.582
3 2 -13.174 -.25 5.259 -13.805 -.25 4.146 -13.357 -.25 4.574
3 2 -13.537 -.25 2.532 -13.992 -.25 2.404 -13.73 -.25 2.394
3 2 -14.677 -.25 6.034 -15.088 -.25 5.44 -14.544 -.25 4.453
3 2 -14.313 -.25 6.705 -14.677 -.25 6.034 -14.544 -.25 4.453
3 2 -15.599 -.25 12.432 -16.396 -.25 11.899 -16.396 -.25 11.329
4 2 -15.26 -.25 -5.22 -15.367 -.25 -5.348 -14.403 -.25 -5.824 -14.41 -.25 -5.04
4 2 -13.72 -.25 -4.96 -14.41 -.25 -5.04 -14.403 -.25 -5.824 -13.14 -.25 -6.252
4 2 -12.4 -.25 -4.09 -12.72 -.25 -3.9 -13 -.25 -4 -13.26 -.25 -4.45
4 2 -12.4 -.25 -4.09 -13.26 -.25 -4.45 -13.41 -.25 -4.81 -11.06 -.25 -5.24
4 2 -11.95 -.25 -4.16 -12.4 -.25 -4.09 -11.06 -.25 -5.24 -11.17 -.25 -4.71
4 2 -13.41 -.25 -4.81 -13.72 -.25 -4.96 -13.14 -.25 -6.252 -11.831 -.25 -6.513
4 2 -11.06 -.25 -5.24 -13.41 -.25 -4.81 -11.831 -.25 -6.513 -10.82 -.25 -5.49
4 2 -10.82 -.25 -5.49 -11.831 -.25 -6.513 -10.5 -.25 -6.6 -10.41 -.25 -5.6
4 2 -10.41 -.25 -5.6 -10.5 -.25 -6.6 -9.169 -.25 -6.513 -9.86 -.25 -5.55
4 2 -9.29 -.25 -5.49 -9.86 -.25 -5.55 -9.169 -.25 -6.513 -8.74 -.25 -5.68
4 2 -8.74 -.25 -5.68 -9.169 -.25 -6.513 -7.86 -.25 -6.252 -8.2 -.25 -5.68
4 2 -7.61 -.25 -5.51 -8.2 -.25 -5.68 -7.86 -.25 -6.252 -7 -.25 -5.59
4 2 -6.648 -.25 3.573 -7.029 -.25 2.978 -7.012 -.25 2.766 -6.286 -.25 2.202
4 2 -6.648 -.25 3.573 -6.286 -.25 2.202 -4.652 -.25 1.449 -5.061 -.25 5.009
4 2 -4.494 -.25 5.348 -5.061 -.25 5.009 -4.652 -.25 1.449 -3.875 -.25 5.56
4 2 -2.652 -.25 5.712 -3.875 -.25 5.56 -4.652 -.25 1.449 -1.859 -.25 5.675
4 2 -1.105 -.25 5.435 -1.859 -.25 5.675 -4.652 -.25 1.449 -.373 -.25 4.688
4 2 -.3 -.25 3.6 -.373 -.25 4.688 -4.652 -.25 1.449 -.389 -.25 2.269
4 2 -.389 -.25 2.269 -4.652 -.25 1.449 -4.45 -.25 1.08 -.648 -.25 .96
4 2 -1.076 -.25 -.303 -.648 -.25 .96 -4.45 -.25 1.08 -5.391 -.25 .389
4 2 -1.076 -.25 -.303 -5.391 -.25 .389 -5.838 -.25 -.043 -6.084 -.25 -.413
4 2 -1.667 -.25 -1.5 -1.076 -.25 -.303 -6.084 -.25 -.413 -6.288 -.25 -1.168
4 2 -1.667 -.25 -1.5 -6.288 -.25 -1.168 -6.334 -.25 -1.9 -6.276 -.25 -2.124
4 2 -1.667 -.25 -1.5 -6.276 -.25 -2.124 -6.064 -.25 -2.346 -5.696 -.25 -2.46
4 2 -1.667 -.25 -1.5 -5.696 -.25 -2.46 -3.104 -.25 -2.468 -2.238 -.25 -2.351
4 2 -9.805 -.25 13.754 -12.644 -.25 5.867 -12.223 -.25 6.036 -9.367 -.25 12.068
4 2 -9.364 -.25 11.372 -9.416 -.25 11.719 -12.223 -.25 6.036 -10.074 -.25 7.985
4 2 -9.45 -.25 8.767 -9.232 -.25 11.046 -9.364 -.25 11.372 -9.845 -.25 8.368
4 2 -10.074 -.25 7.985 -12.223 -.25 6.036 -11.722 -.25 6.051 -10.181 -.25 7.576
4 2 -10.181 -.25 7.576 -11.722 -.25 6.051 -10.461 -.25 5.979 -10.26 -.25 6.1
4 2 -9.45 -.25 8.767 -8.319 -.25 9.577 -8.289 -.25 9.714 -9.232 -.25 11.046
4 2 -9.805 -.25 13.754 -9.367 -.25 12.068 -9.194 -.25 12.417 -9.169 -.25 13.713
4 2 -9.169 -.25 13.713 -9.194 -.25 12.417 -8.843 -.25 12.777 -8.65 -.25 13.081
4 2 -13.376 -.25 3.343 -13.357 -.25 4.574 -13.805 -.25 4.146 -14.595 -.25 3.159
4 2 -13.376 -.25 3.343 -14.595 -.25 3.159 -14.282 -.25 2.644 -13.433 -.25 2.755
4 2 -13.433 -.25 2.755 -14.282 -.25 2.644 -13.992 -.25 2.404 -13.537 -.25 2.532
4 2 -14.595 -.25 3.159 -13.805 -.25 4.146 -14.544 -.25 4.453 -15.137 -.25 4.339
4 2 -15.196 -.25 4.976 -15.137 -.25 4.339 -14.544 -.25 4.453 -15.088 -.25 5.44
4 2 -14.313 -.25 6.705 -14.544 -.25 4.453 -10.657 -.25 13.79 -14.238 -.25 7.201
4 2 -14.337 -.25 7.708 -14.238 -.25 7.201 -10.657 -.25 13.79 -11.831 -.25 13.713
4 2 -14.337 -.25 7.708 -11.831 -.25 13.713 -13.14 -.25 13.452 -14.551 -.25 8.12
4 2 -14.551 -.25 8.12 -13.14 -.25 13.452 -14.403 -.25 13.024 -14.854 -.25 8.473
4 2 -15.227 -.25 8.75 -14.854 -.25 8.473 -14.403 -.25 13.024 -15.599 -.25 12.432
4 2 -15.546 -.25 9.007 -15.227 -.25 8.75 -15.599 -.25 12.432 -15.851 -.25 9.47
4 2 -16.111 -.25 10.109 -15.851 -.25 9.47 -15.599 -.25 12.432 -16.396 -.25 11.329
4 2 -16.44 -.25 -2.24 -16.54 -.25 -1.91 -17.06 -.25 -1.58 -17.55 -.25 -2.13
4 2 -17.55 -.25 -2.13 -17.06 -.25 -1.58 -17.75 -.25 -1.05 -18.13 -.25 -2.04
4 2 -18.13 -.25 -2.04 -17.75 -.25 -1.05 -18.06 -.25 -.63 -18.66 -.25 -2.12
4 2 -18.66 -.25 -2.12 -18.06 -.25 -.63 -19.333 -.25 -1.5 -18.854 -.25 -2.217
4 2 -19.333 -.25 -1.5 -18.06 -.25 -.63 -18.41 -.25 -.19 -19.02 -.25 -.11
4 2 -19.333 -.25 -1.5 -19.02 -.25 -.11 -19.56 -.25 -.17 -19.924 -.25 -.303

0 BFC CLIP
0 // Colour 16 Main Colour
3 16 -18.929 -.25 -16.649 -19.345 -.25 -17.695 -18.457 -.25 -17.721
3 16 -18.954 -.25 -15.479 -19.345 -.25 -17.695 -18.929 -.25 -16.649
3 16 -15.351 -.25 -18.929 -16.521 -.25 -18.954 -12.889 -.25 -22.271
3 16 -18.564 -.25 -13.263 -18.53 -.25 -14.388 -17.721 -.25 -13.543
3 16 -13.47 -.25 -17.612 -14.279 -.25 -18.457 -13.436 -.25 -18.737
3 16 -13.046 -.25 -16.521 -13.47 -.25 -17.612 -13.436 -.25 -18.737
3 16 -5.054 -.25 -22.899 -12.791 -.25 -23.065 -5.43 -.25 -27.201
3 16 1.225 -.25 -28.799 -4.365 -.25 -28.799 -4.558 -.25 -33.3
3 16 -18.278 -.25 -4.178 -21.083 -.25 -11.018 -17.196 -.25 -5.127
3 16 -19.227 -.25 -3.096 -21.083 -.25 -11.018 -18.278 -.25 -4.178
3 16 -14.71 -.25 -6.563 -15.479 -.25 -13.046 -13.347 -.25 -7.025
3 16 -11.936 -.25 -7.306 -14.388 -.25 -13.47 -13.543 -.25 -14.279
3 16 -9.064 -.25 -7.306 -10.5 -.25 -7.4 -9.516 -.25 -13.761
3 16 5.869 -.25 -22.7 4.446 -.25 -22.899 5.651 -.25 -22.899
3 16 -7.653 -.25 -7.025 -9.064 -.25 -7.306 -9.516 -.25 -13.761
3 16 14.775 -.25 -27.201 14.635 -.25 -28.799 14.853 -.25 -28.6
3 16 29.026 -.25 -34.5 23.837 -.25 -34.5 34 -.25 -36
3 16 23.837 -.25 -34.5 19.526 -.25 -34.5 34 -.25 -36
3 16 14.337 -.25 -34.5 10.026 -.25 -34.5 34 -.25 -36
3 16 10.026 -.25 -34.5 4.837 -.25 -34.5 34 -.25 -36
3 16 30.554 -.25 -33.101 29.026 -.25 -34.5 34 -.25 -36
3 16 19.526 -.25 -34.5 14.337 -.25 -34.5 34 -.25 -36
3 16 13.728 -.25 -14.124 5.974 -.25 -21.5 11.163 -.25 -21.5
3 16 30.93 -.25 -28.799 30.554 -.25 -33.101 34 -.25 -36
3 16 -34 -.25 36 -31.631 -.25 33.883 -30.849 -.25 34.053
3 16 24.869 -.25 -22.7 23.446 -.25 -22.899 24.651 -.25 -22.899
3 16 30.058 -.25 -22.7 29.647 -.25 -27.4 30.93 -.25 -28.799
3 16 30.163 -.25 -21.5 30.058 -.25 -22.7 30.93 -.25 -28.799
3 16 -13.657 -.25 24.248 -16 -.25 13.126 -14.71 -.25 13.763
3 16 -13.657 -.25 24.248 -14.71 -.25 13.763 -13.347 -.25 14.225
3 16 -13.657 -.25 24.248 -13.347 -.25 14.225 -11.936 -.25 14.506
3 16 -6.168 -.25 24.573 -10.5 -.25 14.6 -10.324 -.25 14.588
3 16 -30.849 -.25 34.053 -18.278 -.25 11.378 -17.196 -.25 12.327
3 16 20.513 -.25 -7.614 15.474 -.25 -21.5 20.663 -.25 -21.5
3 16 6.565 -.25 6.787 .125 -.25 6.447 .406 -.25 5.036
3 16 -30.849 -.25 34.053 -13.657 -.25 24.248 -14.439 -.25 28.679
3 16 18.403 -.25 -3.831 17.811 -.25 -4.788 18.681 -.25 -4.968
3 16 20.374 -.25 -6.519 20.513 -.25 -7.614 21.531 -.25 -6.697
3 16 18.581 -.25 -2.674 17.811 -.25 -4.788 18.403 -.25 -3.831
3 16 5.784 -.25 11.219 -1.773 -.25 10.296 -.974 -.25 9.1
3 16 5.784 -.25 11.219 -.974 -.25 9.1 -.337 -.25 7.81
3 16 23.612 -.25 -5.727 22.668 -.25 -6.419 23.45 -.25 -6.84
3 16 19.35 -.25 -.56 18.581 -.25 -2.674 19.188 -.25 -1.673
3 16 19.35 -.25 -.56 19.188 -.25 -1.673 20.132 -.25 -.981
3 16 24.219 -.25 -4.726 23.612 -.25 -5.727 23.45 -.25 -6.84
3 16 -6.73 -.25 26.588 -6.764 -.25 25.463 -5.921 -.25 25.743
3 16 -5.921 -.25 25.743 -6.764 -.25 25.463 -4.849 -.25 25.271
3 16 -7.154 -.25 27.679 -6.764 -.25 25.463 -6.73 -.25 26.588
3 16 -7.545 -.25 29.895 -7.154 -.25 27.679 -7.129 -.25 28.849
3 16 24.989 -.25 -2.612 24.397 -.25 -3.569 24.219 -.25 -4.726
3 16 -1.098 -.25 24.262 -7.653 -.25 14.225 -6.29 -.25 13.763
3 16 -1.098 -.25 24.262 -6.29 -.25 13.763 -5 -.25 13.126
3 16 -1.098 -.25 24.262 -5 -.25 13.126 -3.804 -.25 12.327
3 16 -1.098 -.25 24.262 -3.804 -.25 12.327 -2.722 -.25 11.378
3 16 -6.657 -.25 29.921 -7.545 -.25 29.895 -7.129 -.25 28.849
3 16 -5.812 -.25 30.73 -7.545 -.25 29.895 -6.657 -.25 29.921
3 16 16.851 -.25 8.071 15.772 -.25 7.613 18.021 -.25 8.046
3 16 31.566 -.25 -5.006 30.027 -.25 -9.235 30.163 -.25 -21.5
3 16 -1.246 -.25 28.721 -1.271 -.25 27.551 -.855 -.25 26.505
3 16 19.112 -.25 8.47 18.021 -.25 8.046 19.35 -.25 -.56
3 16 15.043 -.25 12.721 12.678 -.25 12.434 14.571 -.25 11.649
3 16 -3.551 -.25 31.129 -2.479 -.25 30.657 -1.636 -.25 30.937
3 16 -1.636 -.25 30.937 -2.479 -.25 30.657 -1.67 -.25 29.812
3 16 -1.636 -.25 30.937 -1.67 -.25 29.812 -1.246 -.25 28.721
3 16 16.007 -.25 15.027 15.043 -.25 12.721 15.888 -.25 13.53
3 16 16.007 -.25 15.027 15.888 -.25 13.53 16.359 -.25 13.713
3 16 19.112 -.25 8.47 21.269 -.25 -.703 22.426 -.25 -.881
3 16 22.001 -.25 11.387 20.446 -.25 11.113 20.429 -.25 10.351
3 16 6.039 -.25 27.721 -.855 -.25 26.505 -.577 -.25 24.869
3 16 21.541 -.25 13.997 19.221 -.25 13.457 20.03 -.25 12.612
3 16 29.216 -.25 10.781 23.427 -.25 -1.488 24.119 -.25 -2.432
3 16 29.216 -.25 10.781 24.989 -.25 -2.612 31.566 -.25 -5.006
3 16 34 -.25 36 29.216 -.25 10.781 31.566 -.25 -5.006
3 16 34 -.25 36 5.257 -.25 32.152 6.039 -.25 27.721
3 16 34 -.25 36 28.435 -.25 15.213 29.216 -.25 10.781
3 16 34 -.25 36 -34 -.25 36 5.257 -.25 32.152
3 16 -34 -.25 36 -4.721 -.25 31.154 -3.551 -.25 31.129
3 16 4.837 -.25 -34.5 .526 -.25 -34.5 34 -.25 -36
3 16 34 -.25 36 31.566 -.25 -5.006 34 -.25 -36
3 16 -18.564 -.25 -13.263 -18.954 -.25 -15.479 -18.53 -.25 -14.388
3 16 -12.655 -.25 -14.305 -13.071 -.25 -15.351 -13.046 -.25 -16.521
3 16 -12.655 -.25 -14.305 -5.761 -.25 -15.521 -8.985 -.25 -14.359
3 16 13.459 -.25 8.003 -1.773 -.25 -3.096 -2.722 -.25 -4.178
3 16 13.459 -.25 8.003 -.974 -.25 -1.9 -1.773 -.25 -3.096
3 16 13.459 -.25 8.003 -.337 -.25 -.61 -.974 -.25 -1.9
3 16 13.459 -.25 8.003 .125 -.25 .753 -.337 -.25 -.61
3 16 13.459 -.25 8.003 .406 -.25 2.164 .125 -.25 .753
3 16 13.459 -.25 8.003 .5 -.25 3.6 .406 -.25 2.164
3 16 -2.722 -.25 -4.178 -3.804 -.25 -5.127 -9.516 -.25 -13.761
3 16 -3.804 -.25 -5.127 -5 -.25 -5.926 -9.516 -.25 -13.761
3 16 -5 -.25 -5.926 -6.29 -.25 -6.563 -9.516 -.25 -13.761
3 16 -6.29 -.25 -6.563 -7.653 -.25 -7.025 -9.516 -.25 -13.761
3 16 12.773 -.25 1.835 -5.761 -.25 -15.521 11.234 -.25 -2.394
3 16 -21.125 -.25 .753 -21.083 -.25 -11.018 -20.663 -.25 -.61
3 16 -20.663 -.25 -.61 -21.083 -.25 -11.018 -20.026 -.25 -1.9
3 16 -20.026 -.25 -1.9 -21.083 -.25 -11.018 -19.227 -.25 -3.096
3 16 -30.849 -.25 34.053 -21.406 -.25 2.164 -21.5 -.25 3.6
3 16 -30.849 -.25 34.053 -21.5 -.25 3.6 -21.406 -.25 5.036
3 16 -30.849 -.25 34.053 -21.406 -.25 5.036 -21.125 -.25 6.447
3 16 -30.849 -.25 34.053 -21.125 -.25 6.447 -20.663 -.25 7.81
3 16 -30.849 -.25 34.053 -20.663 -.25 7.81 -20.026 -.25 9.1
3 16 -30.849 -.25 34.053 -20.026 -.25 9.1 -19.227 -.25 10.296
3 16 -30.849 -.25 34.053 -19.227 -.25 10.296 -18.278 -.25 11.378
3 16 -5.429 -.25 24.265 -9.481 -.25 14.533 -9.064 -.25 14.506
3 16 11.738 -.25 13.233 5.784 -.25 11.219 12.678 -.25 12.434
3 16 -1.098 -.25 24.262 5.784 -.25 11.219 11.738 -.25 13.233
3 16 -9.516 -.25 -13.761 -12.655 -.25 -14.305 -8.985 -.25 -14.359
3 16 -14.198 -.25 -14.738 -13.833 -.25 -16.382 -13.852 -.25 -15.524
3 16 -16.476 -.25 -13.852 -17.262 -.25 -14.198 -14.198 -.25 -14.738
3 16 23.394 -.25 -2.77 19.406 -.25 -4.63 23.598 -.25 -3.604
3 16 21.304 -.25 -1.502 22.886 -.25 -2.078 22.152 -.25 -1.633
3 16 -5.382 -.25 30.055 -6.002 -.25 29.462 -2.938 -.25 30.002
3 16 -2.938 -.25 30.002 -2.033 -.25 28.582 -2.345 -.25 29.382
3 16 16.318 -.25 12.855 15.698 -.25 12.262 15.352 -.25 11.476
3 16 18.762 -.25 12.802 19.667 -.25 11.382 19.355 -.25 12.182
4 16 -31.57 -.25 -23.397 -34 -.25 -36 -5.946 -.25 -33.101 -22.172 -.25 -23.708
4 16 -4.365 -.25 -28.799 -4.742 -.25 -33.101 -4.663 -.25 -34.5 -4.558 -.25 -33.3
4 16 -34 -.25 -36 -4.663 -.25 -34.5 -4.742 -.25 -33.101 -5.946 -.25 -33.101
4 16 -34 -.25 36 -31.5 -.25 -22.6 -26.239 -.25 -16.479 -25.457 -.25 -12.048
4 16 -31.5 -.25 -22.6 -22.186 -.25 -22.909 -19.345 -.25 -17.695 -26.239 -.25 -16.479
4 16 -18.457 -.25 -17.721 -19.345 -.25 -17.695 -22.186 -.25 -22.909 -17.612 -.25 -18.53
4 16 -5.57 -.25 -28.799 -12.791 -.25 -23.065 -22.172 -.25 -23.708 -5.946 -.25 -33.101
4 16 -12.889 -.25 -22.271 -16.521 -.25 -18.954 -17.612 -.25 -18.53 -22.186 -.25 -22.909
4 16 -12.791 -.25 -23.065 -5.57 -.25 -28.799 -4.365 -.25 -28.799 -5.43 -.25 -27.201
4 16 -12.889 -.25 -22.271 -13.436 -.25 -18.737 -14.279 -.25 -18.457 -15.351 -.25 -18.929
4 16 -25.457 -.25 -12.048 -18.564 -.25 -13.263 -21.083 -.25 -11.018 -21.864 -.25 -11.187
4 16 1.225 -.25 -28.799 -4.225 -.25 -27.201 -5.43 -.25 -27.201 -4.365 -.25 -28.799
4 16 .631 -.25 -33.3 .526 -.25 -34.5 2.054 -.25 -33.101 .849 -.25 -33.101
4 16 -18.564 -.25 -13.263 -17.721 -.25 -13.543 -16.649 -.25 -13.071 -16 -.25 -5.926
4 16 .526 -.25 -34.5 4.837 -.25 -34.5 4.942 -.25 -33.3 2.054 -.25 -33.101
4 16 .631 -.25 -33.3 .849 -.25 -33.101 1.225 -.25 -28.799 -4.558 -.25 -33.3
4 16 -13.543 -.25 -14.279 -13.071 -.25 -15.351 -12.655 -.25 -14.305 -11.936 -.25 -7.306
4 16 -3.705 -.25 -20.613 -6.543 -.25 -19.952 -13.436 -.25 -18.737 -12.889 -.25 -22.271
4 16 5.353 -.25 -28.6 2.43 -.25 -28.799 2.054 -.25 -33.101 4.942 -.25 -33.3
4 16 2.57 -.25 -27.201 1.365 -.25 -27.201 1.225 -.25 -28.799 2.43 -.25 -28.799
4 16 -4.225 -.25 -27.201 1.225 -.25 -28.799 1.365 -.25 -27.201 -3.849 -.25 -22.899
4 16 -3.631 -.25 -22.7 -3.849 -.25 -22.899 1.365 -.25 -27.201 1.742 -.25 -22.899
4 16 -5.054 -.25 -22.899 -3.849 -.25 -22.899 -3.631 -.25 -22.7 -3.526 -.25 -21.5
4 16 10.542 -.25 -28.6 5.353 -.25 -28.6 4.942 -.25 -33.3 10.131 -.25 -33.3
4 16 2.57 -.25 -27.201 2.43 -.25 -28.799 5.353 -.25 -28.6 4.07 -.25 -27.201
4 16 -16 -.25 -5.926 -17.196 -.25 -5.127 -21.083 -.25 -11.018 -18.564 -.25 -13.263
4 16 4.07 -.25 -27.201 5.353 -.25 -28.6 5.458 -.25 -27.4 5.275 -.25 -27.201
4 16 10.131 -.25 -33.3 10.026 -.25 -34.5 11.554 -.25 -33.101 10.349 -.25 -33.101
4 16 -15.479 -.25 -13.046 -14.71 -.25 -6.563 -16 -.25 -5.926 -16.649 -.25 -13.071
4 16 1.558 -.25 -22.7 -3.631 -.25 -22.7 1.742 -.25 -22.899 2.946 -.25 -22.899
4 16 13.054 -.25 -33.101 11.554 -.25 -33.101 10.026 -.25 -34.5 14.337 -.25 -34.5
4 16 4.446 -.25 -22.899 2.946 -.25 -22.899 2.57 -.25 -27.201 4.07 -.25 -27.201
4 16 1.663 -.25 -21.5 1.558 -.25 -22.7 2.946 -.25 -22.899 5.974 -.25 -21.5
4 16 -15.479 -.25 -13.046 -14.388 -.25 -13.47 -11.936 -.25 -7.306 -13.347 -.25 -7.025
4 16 14.442 -.25 -33.3 14.258 -.25 -33.101 13.054 -.25 -33.101 14.337 -.25 -34.5
4 16 10.131 -.25 -33.3 10.349 -.25 -33.101 10.725 -.25 -28.799 10.542 -.25 -28.6
4 16 -12.655 -.25 -14.305 -9.516 -.25 -13.761 -10.5 -.25 -7.4 -11.936 -.25 -7.306
4 16 13.43 -.25 -28.799 11.93 -.25 -28.799 11.554 -.25 -33.101 13.054 -.25 -33.101
4 16 5.275 -.25 -27.201 5.458 -.25 -27.4 5.869 -.25 -22.7 5.651 -.25 -22.899
4 16 11.93 -.25 -28.799 10.647 -.25 -27.4 10.542 -.25 -28.6 10.725 -.25 -28.799
4 16 11.058 -.25 -22.7 5.869 -.25 -22.7 5.458 -.25 -27.4 10.647 -.25 -27.4
4 16 5.974 -.25 -21.5 2.946 -.25 -22.899 4.446 -.25 -22.899 5.869 -.25 -22.7
4 16 14.258 -.25 -33.101 14.442 -.25 -33.3 14.853 -.25 -28.6 14.635 -.25 -28.799
4 16 10.647 -.25 -27.4 11.93 -.25 -28.799 13.43 -.25 -28.799 13.57 -.25 -27.201
4 16 13.57 -.25 -27.201 13.43 -.25 -28.799 14.635 -.25 -28.799 14.775 -.25 -27.201
4 16 5.417 -.25 -18.524 1.663 -.25 -21.5 5.974 -.25 -21.5 13.728 -.25 -14.124
4 16 -6.543 -.25 -19.952 -3.705 -.25 -20.613 5.108 -.25 -17.788 -5.761 -.25 -15.521
4 16 15.151 -.25 -22.899 14.775 -.25 -27.201 14.853 -.25 -28.6 14.958 -.25 -27.4
4 16 19.631 -.25 -33.3 19.526 -.25 -34.5 21.054 -.25 -33.101 19.849 -.25 -33.101
4 16 19.526 -.25 -34.5 23.837 -.25 -34.5 23.942 -.25 -33.3 21.054 -.25 -33.101
4 16 10.647 -.25 -27.4 13.57 -.25 -27.201 13.946 -.25 -22.899 11.058 -.25 -22.7
4 16 15.474 -.25 -21.5 11.163 -.25 -21.5 11.058 -.25 -22.7 13.946 -.25 -22.899
4 16 20.225 -.25 -28.799 20.042 -.25 -28.6 19.631 -.25 -33.3 19.849 -.25 -33.101
4 16 14.442 -.25 -33.3 19.631 -.25 -33.3 20.042 -.25 -28.6 14.853 -.25 -28.6
4 16 24.353 -.25 -28.6 21.43 -.25 -28.799 21.054 -.25 -33.101 23.942 -.25 -33.3
4 16 20.042 -.25 -28.6 20.225 -.25 -28.799 21.43 -.25 -28.799 20.147 -.25 -27.4
4 16 15.151 -.25 -22.899 14.958 -.25 -27.4 20.147 -.25 -27.4 15.369 -.25 -22.7
4 16 13.946 -.25 -22.899 15.151 -.25 -22.899 15.369 -.25 -22.7 15.474 -.25 -21.5
4 16 20.147 -.25 -27.4 21.43 -.25 -28.799 21.57 -.25 -27.201 20.365 -.25 -27.201
4 16 29.542 -.25 -28.6 24.353 -.25 -28.6 23.942 -.25 -33.3 29.131 -.25 -33.3
4 16 21.57 -.25 -27.201 21.43 -.25 -28.799 24.353 -.25 -28.6 23.07 -.25 -27.201
4 16 24.458 -.25 -27.4 24.275 -.25 -27.201 23.07 -.25 -27.201 24.353 -.25 -28.6
4 16 29.131 -.25 -33.3 29.026 -.25 -34.5 30.554 -.25 -33.101 29.349 -.25 -33.101
4 16 20.365 -.25 -27.201 20.558 -.25 -22.7 15.369 -.25 -22.7 20.147 -.25 -27.4
4 16 20.663 -.25 -21.5 20.558 -.25 -22.7 20.365 -.25 -27.201 20.742 -.25 -22.899
4 16 20.663 -.25 -21.5 20.742 -.25 -22.899 21.946 -.25 -22.899 24.974 -.25 -21.5
4 16 13.728 -.25 -14.124 11.163 -.25 -21.5 15.474 -.25 -21.5 20.513 -.25 -7.614
4 16 24.974 -.25 -21.5 21.946 -.25 -22.899 23.446 -.25 -22.899 24.869 -.25 -22.7
4 16 21.57 -.25 -27.201 23.07 -.25 -27.201 23.446 -.25 -22.899 21.946 -.25 -22.899
4 16 29.131 -.25 -33.3 29.349 -.25 -33.101 29.725 -.25 -28.799 29.542 -.25 -28.6
4 16 24.275 -.25 -27.201 24.458 -.25 -27.4 24.869 -.25 -22.7 24.651 -.25 -22.899
4 16 30.93 -.25 -28.799 29.647 -.25 -27.4 29.542 -.25 -28.6 29.725 -.25 -28.799
4 16 24.458 -.25 -27.4 29.647 -.25 -27.4 30.058 -.25 -22.7 24.869 -.25 -22.7
4 16 31.566 -.25 -5.006 30.163 -.25 -21.5 30.93 -.25 -28.799 34 -.25 -36
4 16 -17.196 -.25 12.327 -16 -.25 13.126 -13.657 -.25 24.248 -30.849 -.25 34.053
4 16 -13.657 -.25 24.248 -11.936 -.25 14.506 -10.5 -.25 14.6 -6.168 -.25 24.573
4 16 23.45 -.25 -6.84 20.513 -.25 -7.614 20.663 -.25 -21.5 24.974 -.25 -21.5
4 16 11.234 -.25 -2.394 13.257 -.25 -13.474 19.9 -.25 -7.1 17.811 -.25 -4.788
4 16 5.784 -.25 11.219 -.337 -.25 7.81 .125 -.25 6.447 6.565 -.25 6.787
4 16 6.565 -.25 6.787 .406 -.25 5.036 .5 -.25 3.6 13.459 -.25 8.003
4 16 18.681 -.25 -4.968 17.811 -.25 -4.788 19.9 -.25 -7.1 19.373 -.25 -5.912
4 16 19.373 -.25 -5.912 19.9 -.25 -7.1 20.513 -.25 -7.614 20.374 -.25 -6.519
4 16 22.668 -.25 -6.419 21.531 -.25 -6.697 20.513 -.25 -7.614 23.45 -.25 -6.84
4 16 -1.098 -.25 24.262 -2.722 -.25 11.378 -1.773 -.25 10.296 5.784 -.25 11.219
4 16 -6.764 -.25 25.463 -13.657 -.25 24.248 -6.168 -.25 24.573 -4.849 -.25 25.271
4 16 -5.429 -.25 24.265 -9.064 -.25 14.506 -7.653 -.25 14.225 -1.098 -.25 24.262
4 16 -3.679 -.25 25.246 -4.849 -.25 25.271 -6.168 -.25 24.573 -5.429 -.25 24.265
4 16 19.112 -.25 8.47 19.35 -.25 -.56 20.132 -.25 -.981 21.269 -.25 -.703
4 16 30.163 -.25 -21.5 30.027 -.25 -9.235 23.45 -.25 -6.84 24.974 -.25 -21.5
4 16 24.119 -.25 -2.432 24.397 -.25 -3.569 24.989 -.25 -2.612 29.216 -.25 10.781
4 16 -2.588 -.25 25.67 -3.679 -.25 25.246 -5.429 -.25 24.265 -1.098 -.25 24.262
4 16 18.021 -.25 8.046 15.772 -.25 7.613 12.773 -.25 1.835 19.35 -.25 -.56
4 16 -1.743 -.25 26.479 -2.588 -.25 25.67 -1.098 -.25 24.262 -.577 -.25 24.869
4 16 16.851 -.25 8.071 15.779 -.25 8.543 15.241 -.25 8.211 15.772 -.25 7.613
4 16 15.779 -.25 8.543 14.97 -.25 9.388 13.459 -.25 8.003 15.241 -.25 8.211
4 16 13.459 -.25 8.003 14.97 -.25 9.388 14.693 -.25 10.099 13.138 -.25 9.825
4 16 -30.849 -.25 34.053 -14.439 -.25 28.679 -7.545 -.25 29.895 -5.812 -.25 30.73
4 16 -1.271 -.25 27.551 -1.743 -.25 26.479 -.577 -.25 24.869 -.855 -.25 26.505
4 16 12.26 -.25 13.84 11.738 -.25 13.233 12.678 -.25 12.434 15.043 -.25 12.721
4 16 12.678 -.25 12.434 12.999 -.25 10.613 14.554 -.25 10.887 14.571 -.25 11.649
4 16 -34 -.25 36 -30.849 -.25 34.053 -5.812 -.25 30.73 -4.721 -.25 31.154
4 16 12.762 -.25 14.455 12.26 -.25 13.84 15.043 -.25 12.721 16.007 -.25 15.027
4 16 22.322 -.25 9.566 19.957 -.25 9.279 19.112 -.25 8.47 22.426 -.25 -.881
4 16 19.957 -.25 9.279 22.322 -.25 9.566 22.001 -.25 11.387 20.429 -.25 10.351
4 16 18.874 -.25 20.102 6.039 -.25 27.721 -.577 -.25 24.869 11.98 -.25 18.887
4 16 17.123 -.25 13.951 18.149 -.25 13.929 19.655 -.25 15.67 16.798 -.25 15.167
4 16 20.307 -.25 11.901 21.862 -.25 12.175 21.541 -.25 13.997 20.03 -.25 12.612
4 16 18.149 -.25 13.929 19.221 -.25 13.457 21.541 -.25 13.997 19.655 -.25 15.67
4 16 -3.551 -.25 31.129 -1.636 -.25 30.937 5.257 -.25 32.152 -34 -.25 36
4 16 22.426 -.25 -.881 23.427 -.25 -1.488 29.216 -.25 10.781 22.322 -.25 9.566
4 16 19.655 -.25 15.67 21.541 -.25 13.997 28.435 -.25 15.213 18.874 -.25 20.102
4 16 18.874 -.25 20.102 28.435 -.25 15.213 34 -.25 36 6.039 -.25 27.721
4 16 -31.57 -.25 -23.397 -31.5 -.25 -22.6 -34 -.25 36 -34 -.25 -36
4 16 34 -.25 -36 .526 -.25 -34.5 -4.663 -.25 -34.5 -34 -.25 -36
4 16 -3.526 -.25 -21.5 1.663 -.25 -21.5 5.417 -.25 -18.524 -3.537 -.25 -21.394
4 16 -3.526 -.25 -21.5 -3.537 -.25 -21.394 -12.791 -.25 -23.065 -5.054 -.25 -22.899
4 16 15.241 -.25 8.211 13.459 -.25 8.003 -2.722 -.25 -4.178 -9.516 -.25 -13.761
4 16 12.773 -.25 1.835 15.772 -.25 7.613 -8.985 -.25 -14.359 -5.761 -.25 -15.521
4 16 13.257 -.25 -13.474 11.234 -.25 -2.394 -5.761 -.25 -15.521 5.108 -.25 -17.788
4 16 -31.631 -.25 33.883 -34 -.25 36 -25.457 -.25 -12.048 -21.864 -.25 -11.187
4 16 -21.406 -.25 2.164 -30.849 -.25 34.053 -21.083 -.25 -11.018 -21.125 -.25 .753
4 16 12.762 -.25 14.455 11.98 -.25 18.887 -.577 -.25 24.869 12.26 -.25 13.84
4 16 -16.382 -.25 -18.167 -15.524 -.25 -18.148 -14.738 -.25 -17.802 -17.182 -.25 -17.855
4 16 -18.148 -.25 -16.476 -17.262 -.25 -14.198 -17.855 -.25 -14.818 -18.167 -.25 -15.618
4 16 -18.148 -.25 -16.476 -17.802 -.25 -17.262 -17.182 -.25 -17.855 -17.262 -.25 -14.198
4 16 -14.198 -.25 -14.738 -14.818 -.25 -14.145 -15.618 -.25 -13.833 -16.476 -.25 -13.852
4 16 -14.738 -.25 -17.802 -14.145 -.25 -17.182 -13.833 -.25 -16.382 -14.198 -.25 -14.738
4 16 -17.182 -.25 -17.855 -14.738 -.25 -17.802 -14.198 -.25 -14.738 -17.262 -.25 -14.198
4 16 19.914 -.25 -5.322 20.648 -.25 -5.767 23.022 -.25 -5.186 19.406 -.25 -4.63
4 16 21.496 -.25 -5.898 22.33 -.25 -5.694 23.022 -.25 -5.186 20.648 -.25 -5.767
4 16 23.598 -.25 -3.604 19.406 -.25 -4.63 23.022 -.25 -5.186 23.467 -.25 -4.452
4 16 23.394 -.25 -2.77 19.333 -.25 -2.948 19.202 -.25 -3.796 19.406 -.25 -4.63
4 16 20.47 -.25 -1.706 19.778 -.25 -2.214 22.886 -.25 -2.078 21.304 -.25 -1.502
4 16 19.333 -.25 -2.948 23.394 -.25 -2.77 22.886 -.25 -2.078 19.778 -.25 -2.214
4 16 -3.818 -.25 26.033 -3.018 -.25 26.345 -2.398 -.25 26.938 -4.676 -.25 26.052
4 16 -5.462 -.25 26.398 -4.676 -.25 26.052 -2.398 -.25 26.938 -2.052 -.25 27.724
4 16 -6.055 -.25 27.018 -5.462 -.25 26.398 -2.052 -.25 27.724 -6.367 -.25 27.818
4 16 -6.367 -.25 27.818 -2.052 -.25 27.724 -2.033 -.25 28.582 -2.938 -.25 30.002
4 16 -2.938 -.25 30.002 -3.724 -.25 30.348 -4.582 -.25 30.367 -5.382 -.25 30.055
4 16 -6.002 -.25 29.462 -6.348 -.25 28.676 -6.367 -.25 27.818 -2.938 -.25 30.002
4 16 16.318 -.25 12.855 15.352 -.25 11.476 15.333 -.25 10.618 15.645 -.25 9.818
4 16 17.118 -.25 13.167 16.318 -.25 12.855 15.645 -.25 9.818 16.238 -.25 9.198
4 16 16.238 -.25 9.198 17.024 -.25 8.852 17.976 -.25 13.148 17.118 -.25 13.167
4 16 18.762 -.25 12.802 17.882 -.25 8.833 18.682 -.25 9.145 19.302 -.25 9.738
4 16 18.762 -.25 12.802 19.302 -.25 9.738 19.648 -.25 10.524 19.667 -.25 11.382
4 16 17.882 -.25 8.833 18.762 -.25 12.802 17.976 -.25 13.148 17.024 -.25 8.852