0 Sticker  3.5 x  5.9 with Launch Command Logo, Blue V and Red Lines
0 Name: 169665j.dat
0 Author: Chris Böhnke [KnightOfTarenta]
0 !LDRAW_ORG Part UPDATE 2026-06
0 !LICENSE Licensed under CC BY 4.0 : see CAreadme.txt

0 !HELP place on back 3009.dat at 0 -12 -10

0 BFC CERTIFY CCW

0 !KEYWORDS Bricklink 6339stk01, Brickowl 588738, Launch Command
0 !KEYWORDS Rebrickable 169665, set 6339, Shuttle Launch Pad, Sign Board
0 !KEYWORDS space port, stamp, town

0 !HISTORY 2026-06-28 [OrionP] Official Update 2026-06

0 // Sticker Base
1 16 0 -.25 0 59 0 0 0 .25 0 0 0 35 box5-12.dat

0 // Pattern
0 BFC NOCLIP
1 16 -28.5 -.25 -.8 1.8 0 0 0 1 0 0 0 1.8 logo-launchcommand.dat

0 // Colour 1 Blue
3 1 44.85 -.25 -17.3 41.7 -.25 -10 39.398 -.25 -13.5
4 1 57.5 -.25 -13.5 57.5 -.25 -10 48 -.25 -10 50.302 -.25 -13.5
4 1 46.677 -.25 -21.9 50.302 -.25 -13.5 48 -.25 -10 44.85 -.25 -17.3
4 1 46.677 -.25 -21.9 44.85 -.25 -17.3 39.398 -.25 -13.5 43.023 -.25 -21.9
4 1 41.7 -.25 -10 0 -.25 -10 -2.021 -.25 -13.5 39.398 -.25 -13.5

0 // Colour 4 Red
4 4 57.5 -.25 -14.8 51.157 -.25 -14.8 49.646 -.25 -18.3 57.5 -.25 -18.3
4 4 38.543 -.25 -14.8 -2.771 -.25 -14.8 -4.792 -.25 -18.3 40.054 -.25 -18.3

0 BFC CLIP
0 // Colour 16 Main Colour
1 16 -28.5 -.25 -.8 1.8 0 0 0 1 0 0 0 1.8 logo-launchcommand-bg.dat
3 16 -32.2584 -.25 -29.3534 -59 -.25 -35 -28.5 -.25 -29.6
3 16 -35.9538 -.25 -28.619 -59 -.25 -35 -32.2584 -.25 -29.3534
3 16 -39.5214 -.25 -27.4076 -59 -.25 -35 -35.9538 -.25 -28.619
3 16 -21.0462 -.25 -28.619 -24.7416 -.25 -29.3534 59 -.25 -35
3 16 46.677 -.25 -21.9 43.023 -.25 -21.9 59 -.25 -35
3 16 -17.4786 -.25 -27.4076 -21.0462 -.25 -28.619 59 -.25 -35
3 16 -14.1 -.25 -25.7408 -17.4786 -.25 -27.4076 59 -.25 -35
3 16 -10.968 -.25 -23.6492 -14.1 -.25 -25.7408 59 -.25 -35
3 16 -4.792 -.25 -18.3 -5.6508 -.25 -18.332 -8.1348 -.25 -21.1652
3 16 -4.792 -.25 -18.3 59 -.25 -35 43.023 -.25 -21.9
3 16 40.054 -.25 -18.3 -4.792 -.25 -18.3 43.023 -.25 -21.9
3 16 57.5 -.25 -14.8 57.5 -.25 -18.3 59 -.25 -35
3 16 57.5 -.25 -13.5 57.5 -.25 -14.8 59 -.25 -35
3 16 59 -.25 35 48 -.25 -10 57.5 -.25 -10
3 16 59 -.25 35 -.681 -.25 6.6538 .0534 -.25 2.9584
3 16 59 -.25 35 -1.8924 -.25 10.2214 -.681 -.25 6.6538
3 16 59 -.25 35 -3.5592 -.25 13.6 -1.8924 -.25 10.2214
3 16 .3 -.25 -.8 .0534 -.25 -4.5584 41.7 -.25 -10
3 16 59 -.25 35 -59 -.25 35 -12.4224 -.25 32.806
3 16 59 -.25 35 -12.4224 -.25 32.806 -7.4346 -.25 29.926
3 16 59 -.25 35 -5.6508 -.25 16.732 -3.5592 -.25 13.6
3 16 -59 -.25 35 -57.3 -.25 -.8 -57.0534 -.25 2.9584
3 16 -59 -.25 35 -59 -.25 -35 -57.3 -.25 -.8
3 16 -57.3 -.25 -.8 -59 -.25 -35 -57.0534 -.25 -4.5584
3 16 -57.0534 -.25 -4.5584 -59 -.25 -35 -56.319 -.25 -8.2538
3 16 -56.319 -.25 -8.2538 -59 -.25 -35 -55.1076 -.25 -11.8214
3 16 -55.1076 -.25 -11.8214 -59 -.25 -35 -53.4408 -.25 -15.2
3 16 -53.4408 -.25 -15.2 -59 -.25 -35 -51.3492 -.25 -18.332
3 16 -51.3492 -.25 -18.332 -59 -.25 -35 -48.8652 -.25 -21.1652
3 16 -46.032 -.25 -23.6492 -59 -.25 -35 -43.6722 -.25 -25.28
3 16 -42.1134 -.25 -26.18 -59 -.25 -35 -39.5214 -.25 -27.4076
3 16 -43.6722 -.25 -25.28 -59 -.25 -35 -42.1134 -.25 -26.18
3 16 -48.8652 -.25 -21.1652 -59 -.25 -35 -46.032 -.25 -23.6492
3 16 -59 -.25 35 -57.0534 -.25 2.9584 -56.319 -.25 6.6538
3 16 -59 -.25 35 -56.319 -.25 6.6538 -55.1076 -.25 10.2214
3 16 -59 -.25 35 -55.1076 -.25 10.2214 -53.4408 -.25 13.6
3 16 -59 -.25 35 -53.4408 -.25 13.6 -51.3492 -.25 16.732
3 16 -59 -.25 35 -51.3492 -.25 16.732 -48.8652 -.25 19.5652
3 16 -59 -.25 35 -48.8652 -.25 19.5652 -46.032 -.25 22.0492
3 16 -59 -.25 35 -46.032 -.25 22.0492 -42.9 -.25 24.1408
3 16 -59 -.25 35 -42.9 -.25 24.1408 -39.5214 -.25 25.8076
3 16 -59 -.25 35 -39.5214 -.25 25.8076 -35.9538 -.25 27.019
3 16 -12.4224 -.25 32.806 -24.7416 -.25 27.7534 -21.0462 -.25 27.019
3 16 -59 -.25 35 -32.2584 -.25 27.7534 -28.5 -.25 28
3 16 -59 -.25 35 -35.9538 -.25 27.019 -32.2584 -.25 27.7534
4 16 -28.5 -.25 -29.6 -59 -.25 -35 59 -.25 -35 -24.7416 -.25 -29.3534
4 16 -8.1348 -.25 -21.1652 -10.968 -.25 -23.6492 59 -.25 -35 -4.792 -.25 -18.3
4 16 40.054 -.25 -18.3 43.023 -.25 -21.9 39.398 -.25 -13.5 38.543 -.25 -14.8
4 16 -3.5592 -.25 -15.2 -5.6508 -.25 -18.332 -4.792 -.25 -18.3 -2.771 -.25 -14.8
4 16 -3.5592 -.25 -15.2 -2.771 -.25 -14.8 -2.021 -.25 -13.5 -1.8924 -.25 -11.8214
4 16 -1.8924 -.25 -11.8214 -2.021 -.25 -13.5 0 -.25 -10 -.681 -.25 -8.2538
4 16 -2.021 -.25 -13.5 -2.771 -.25 -14.8 38.543 -.25 -14.8 39.398 -.25 -13.5
4 16 41.7 -.25 -10 44.85 -.25 -17.3 48 -.25 -10 59 -.25 35
4 16 51.157 -.25 -14.8 57.5 -.25 -14.8 57.5 -.25 -13.5 50.302 -.25 -13.5
4 16 49.646 -.25 -18.3 51.157 -.25 -14.8 50.302 -.25 -13.5 46.677 -.25 -21.9
4 16 57.5 -.25 -18.3 49.646 -.25 -18.3 46.677 -.25 -21.9 59 -.25 -35
4 16 59 -.25 -35 59 -.25 35 57.5 -.25 -10 57.5 -.25 -13.5
4 16 .3 -.25 -.8 41.7 -.25 -10 59 -.25 35 .0534 -.25 2.9584
4 16 .0534 -.25 -4.5584 -.681 -.25 -8.2538 0 -.25 -10 41.7 -.25 -10
4 16 -9.1644 -.25 22.6108 -9.1284 -.25 20.512 -8.1348 -.25 19.5652 -7.4346 -.25 29.926
4 16 59 -.25 35 -7.4346 -.25 29.926 -8.1348 -.25 19.5652 -5.6508 -.25 16.732
4 16 -21.0462 -.25 27.019 -19.7286 -.25 26.632 -17.8944 -.25 27.6508 -12.4224 -.25 32.806
4 16 -28.5 -.25 28 -24.7416 -.25 27.7534 -12.4224 -.25 32.806 -59 -.25 35