0 Minifig Leg Left with Stripes, Kneepad and Bright Pink Boots Pattern
0 Name: 20460bpde1.dat
0 Author: Magnus Forsberg [MagFors]
0 !LDRAW_ORG Part UPDATE 2026-06
0 !LICENSE Licensed under CC BY 4.0 : see CAreadme.txt

0 !HELP Move down 12 units to align with hips
0 !HELP Move at z=1.25 relative to stud grid
0 !HELP 1 16 0 0 1.25 1 0 0 0 1 0 0 0 1 20460b.dat
0 !HELP 1 16 0 28 0 1 0 0 0 1 0 0 0 1 stug-1x2.dat

0 BFC CERTIFY CCW

0 !KEYWORDS Bricklink 970c00pb1207, CMF, Lola Bunny, Looney Tunes, Set 71030

0 !HISTORY 2024-08-26 [OrionP] Official Update 2024-07
0 !HISTORY 2026-06-08 [MagFors] Corrected set number
0 !HISTORY 2026-06-28 [OrionP] Official Update 2026-06

1 16 0 0 0 1 0 0 0 1 0 0 0 1 s\20460bs04.dat
1 29 0 0 0 1 0 0 0 1 0 0 0 1 s\20460bs03.dat
4 29 1.25 20 -5.75 1.25 20 -11.25 18.978 20 -11.25 18.978 20 -5.75
4 16 2 -3.349 -8.084 18.184 -3.349 -8.084 18.087 -6.187 -6.187 2 -6.187 -6.187
4 16 2 0 -8.75 18.298 0 -8.75 18.184 -3.349 -8.084 2 -3.349 -8.084
4 16 2 3.349 -8.084 18.412 3.349 -8.084 18.298 0 -8.75 2 0 -8.75
0 // Front
3 15 5.841 14.107 -5.75 5.808 14.272 -5.75 5.841 14.437 -5.75
4 15 6.239 13.841 -5.75 6.074 13.874 -5.75 6.074 14.67 -5.75 6.239 14.686 -5.75
4 15 6.074 14.67 -5.75 6.074 13.874 -5.75 5.934 13.967 -5.75 5.934 14.577 -5.75
4 15 5.934 14.577 -5.75 5.934 13.967 -5.75 5.841 14.107 -5.75 5.841 14.437 -5.75
4 0 5.808 14.272 -5.75 5.841 14.107 -5.75 5.276 13.873 -5.75 5.196 14.272 -5.75
4 0 5.841 14.437 -5.75 5.808 14.272 -5.75 5.196 14.272 -5.75 5.276 14.671 -5.75
4 0 5.934 14.577 -5.75 5.841 14.437 -5.75 5.276 14.671 -5.75 5.502 14.991 -5.75
3 0 5.934 14.577 -5.75 5.502 14.991 -5.75 6.074 14.67 -5.75
4 0 6.074 13.874 -5.75 6.239 13.841 -5.75 6.513 13.229 -5.75 5.84 13.309 -5.75
4 0 5.934 13.967 -5.75 6.074 13.874 -5.75 5.84 13.309 -5.75 5.502 13.535 -5.75
4 0 5.841 14.107 -5.75 5.934 13.967 -5.75 5.502 13.535 -5.75 5.276 13.873 -5.75
4 15 14.061 13.841 -5.75 14.061 14.694 -5.75 14.226 14.67 -5.75 14.226 13.874 -5.75
4 15 14.366 13.967 -5.75 14.366 14.577 -5.75 14.459 14.437 -5.75 14.459 14.107 -5.75
3 15 14.459 14.107 -5.75 14.459 14.437 -5.75 14.492 14.272 -5.75
4 15 14.226 14.67 -5.75 14.366 14.577 -5.75 14.366 13.967 -5.75 14.226 13.874 -5.75
4 15 6.239 14.686 -5.75 14.061 14.694 -5.75 14.061 13.841 -5.75 6.239 13.841 -5.75
3 0 14.366 14.577 -5.75 14.226 14.67 -5.75 14.798 15 -5.75
4 0 14.459 14.437 -5.75 14.366 14.577 -5.75 14.798 15 -5.75 15.024 14.671 -5.75
4 0 14.061 15.306 -5.75 14.226 15.33 -5.75 14.226 14.67 -5.75 14.061 14.694 -5.75

4 0 14.492 14.272 -5.75 14.459 14.437 -5.75 15.024 14.671 -5.75 15.104 14.272 -5.75
4 0 14.459 14.107 -5.75 14.492 14.272 -5.75 15.104 14.272 -5.75 15.024 13.873 -5.75
4 0 14.366 13.967 -5.75 14.459 14.107 -5.75 15.024 13.873 -5.75 14.798 13.535 -5.75
4 0 14.226 13.874 -5.75 14.366 13.967 -5.75 14.798 13.535 -5.75 14.46 13.309 -5.75
4 0 14.061 13.841 -5.75 14.226 13.874 -5.75 14.46 13.309 -5.75 13.785 13.229 -5.75
3 15 14.459 15.893 -5.75 14.492 15.728 -5.75 14.459 15.563 -5.75
4 15 14.366 16.033 -5.75 14.459 15.893 -5.75 14.459 15.563 -5.75 14.366 15.423 -5.75
4 15 14.226 16.126 -5.75 14.366 16.033 -5.75 14.366 15.423 -5.75 14.226 15.33 -5.75
4 15 14.226 16.126 -5.75 14.226 15.33 -5.75 14.061 15.306 -5.75 14.061 16.159 -5.75
4 0 14.226 16.126 -5.75 14.061 16.159 -5.75 14.061 16.771 -5.75 14.46 16.691 -5.75
4 0 14.366 16.033 -5.75 14.226 16.126 -5.75 14.46 16.691 -5.75 14.798 16.465 -5.75
4 0 14.459 15.893 -5.75 14.366 16.033 -5.75 14.798 16.465 -5.75 15.024 16.127 -5.75
4 0 14.492 15.728 -5.75 14.459 15.893 -5.75 15.024 16.127 -5.75 15.104 15.728 -5.75
4 0 14.459 15.563 -5.75 14.492 15.728 -5.75 15.104 15.728 -5.75 15.024 15.329 -5.75
4 0 14.366 15.423 -5.75 14.459 15.563 -5.75 15.024 15.329 -5.75 14.798 15 -5.75
4 0 14.366 15.423 -5.75 14.798 15 -5.75 14.226 14.67 -5.75 14.226 15.33 -5.75
3 15 5.841 15.563 -5.75 5.808 15.728 -5.75 5.841 15.893 -5.75
4 15 6.239 15.297 -5.75 6.074 15.33 -5.75 6.074 16.126 -5.75 6.239 16.159 -5.75
4 15 6.074 16.126 -5.75 6.074 15.33 -5.75 5.934 15.423 -5.75 5.934 16.033 -5.75
4 15 5.934 16.033 -5.75 5.934 15.423 -5.75 5.841 15.563 -5.75 5.841 15.893 -5.75
4 0 5.808 15.728 -5.75 5.841 15.563 -5.75 5.276 15.329 -5.75 5.196 15.728 -5.75
4 0 5.841 15.893 -5.75 5.808 15.728 -5.75 5.196 15.728 -5.75 5.276 16.127 -5.75
4 0 5.934 16.033 -5.75 5.841 15.893 -5.75 5.276 16.127 -5.75 5.502 16.465 -5.75
4 0 6.074 16.126 -5.75 5.934 16.033 -5.75 5.502 16.465 -5.75 5.84 16.691 -5.75
4 0 6.239 16.159 -5.75 6.074 16.126 -5.75 5.84 16.691 -5.75 6.239 16.771 -5.75
4 0 6.074 14.67 -5.75 6.074 15.33 -5.75 6.239 15.297 -5.75 6.239 14.686 -5.75
4 0 6.074 14.67 -5.75 5.502 14.991 -5.75 5.934 15.423 -5.75 6.074 15.33 -5.75
4 0 5.841 15.563 -5.75 5.934 15.423 -5.75 5.502 14.991 -5.75 5.276 15.329 -5.75
4 15 14.061 16.159 -5.75 14.061 15.306 -5.75 6.239 15.297 -5.75 6.239 16.159 -5.75
4 0 14.061 16.771 -5.75 14.061 16.159 -5.75 6.239 16.159 -5.75 6.239 16.771 -5.75
4 0 14.061 14.694 -5.75 6.239 14.686 -5.75 6.239 15.297 -5.75 14.061 15.306 -5.75
4 0 6.239 13.841 -5.75 14.061 13.841 -5.75 13.785 13.229 -5.75 6.513 13.229 -5.75
4 0 6.2 10.75 -5.75 5.5 10.45 -5.75 5.682 12 -5.75 6.513 13.229 -5.75
4 0 14.613 12 -5.75 14.795 10.45 -5.75 14.095 10.75 -5.75 13.785 13.229 -5.75
3 0 5.779 12.8 -5.75 5.84 13.309 -5.75 6.513 13.229 -5.75
3 0 5.682 12 -5.75 5.779 12.8 -5.75 6.513 13.229 -5.75
3 0 14.517 12.8 -5.75 13.785 13.229 -5.75 14.46 13.309 -5.75
3 0 14.613 12 -5.75 13.785 13.229 -5.75 14.517 12.8 -5.75
4 0 5.682 12 -5.75 1.25 12 -5.75 1.25 12.8 -5.75 5.779 12.8 -5.75
4 0 18.706 12 -5.75 14.613 12 -5.75 14.517 12.8 -5.75 18.734 12.8 -5.75
4 0 13.284 10.338 -5.75 14.095 10.75 -5.75 14.795 10.45 -5.75 14.161 10.011 -5.75
4 0 6.2 10.75 -5.75 7.016 10.338 -5.75 6.773 9.672 -5.75 6.136 10.011 -5.75
3 0 6.136 10.011 -5.75 5.5 10.45 -5.75 6.2 10.75 -5.75
4 0 7.016 10.338 -5.75 7.787 10.082 -5.75 7.604 9.399 -5.75 6.773 9.672 -5.75
4 0 8.559 9.925 -5.75 9.354 9.805 -5.75 9.293 9.101 -5.75 8.435 9.226 -5.75
4 0 10.15 9.786 -5.75 10.946 9.805 -5.75 11.007 9.101 -5.75 10.15 9.076 -5.75
4 0 11.741 9.925 -5.75 12.513 10.082 -5.75 12.696 9.399 -5.75 11.865 9.226 -5.75
4 0 13.284 10.338 -5.75 14.161 10.011 -5.75 13.527 9.672 -5.75 12.513 10.082 -5.75
3 0 12.696 9.399 -5.75 12.513 10.082 -5.75 13.527 9.672 -5.75
4 0 10.946 9.805 -5.75 11.741 9.925 -5.75 11.865 9.226 -5.75 11.007 9.101 -5.75
4 0 9.354 9.805 -5.75 10.15 9.786 -5.75 10.15 9.076 -5.75 9.293 9.101 -5.75
4 0 7.787 10.082 -5.75 8.559 9.925 -5.75 8.435 9.226 -5.75 7.604 9.399 -5.75
4 0 3.448 6.479 -5.75 2 6.7 -5.75 2 7.5 -5.75 10.847 6.479 -5.75
4 0 18.468 5.001 -6.98 6.397 6.187 -6.187 14.248 6.187 -6.187 18.495 5.8 -6.446
4 0 14.248 6.187 -6.187 6.397 6.187 -6.187 3.448 6.479 -5.75 10.847 6.479 -5.75
3 16 3.448 6.479 -5.75 2 6.479 -5.75 2 6.7 -5.75
4 16 2 6.187 -6.187 2 6.479 -5.75 3.448 6.479 -5.75 6.397 6.187 -6.187
4 16 2 3.349 -8.084 2 6.187 -6.187 6.397 6.187 -6.187 18.412 3.349 -8.084
3 16 18.412 3.349 -8.084 6.397 6.187 -6.187 18.468 5.001 -6.98
4 92 2 7.5 -5.75 2 8 -5.75 5.5 10.45 -5.75 6.136 10.011 -5.75
3 92 2 7.5 -5.75 6.136 10.011 -5.75 6.773 9.672 -5.75
3 92 2 7.5 -5.75 6.773 9.672 -5.75 7.604 9.399 -5.75
3 92 2 7.5 -5.75 7.604 9.399 -5.75 8.435 9.226 -5.75
4 92 2 7.5 -5.75 8.435 9.226 -5.75 9.293 9.101 -5.75 10.847 6.479 -5.75
3 92 10.847 6.479 -5.75 9.293 9.101 -5.75 10.15 9.076 -5.75
3 92 10.847 6.479 -5.75 10.15 9.076 -5.75 11.007 9.101 -5.75
3 92 10.847 6.479 -5.75 11.007 9.101 -5.75 11.865 9.226 -5.75
3 92 10.847 6.479 -5.75 11.865 9.226 -5.75 12.696 9.399 -5.75
4 92 10.847 6.479 -5.75 12.696 9.399 -5.75 13.527 9.672 -5.75 18.518 6.479 -5.75
4 92 10.847 6.479 -5.75 18.518 6.479 -5.75 18.508 6.187 -6.187 14.248 6.187 -6.187
3 92 18.495 5.8 -6.446 14.248 6.187 -6.187 18.508 6.187 -6.187
3 92 18.518 6.479 -5.75 13.527 9.672 -5.75 14.161 10.011 -5.75
4 92 18.518 6.479 -5.75 14.161 10.011 -5.75 14.795 10.45 -5.75 18.706 12 -5.75
3 92 14.795 10.45 -5.75 14.613 12 -5.75 18.706 12 -5.75
4 92 5.682 12 -5.75 5.5 10.45 -5.75 2 8 -5.75 1.25 12 -5.75
3 92 2 8 -5.75 1.25 8 -5.75 1.25 12 -5.75
4 15 3.023 24.718 -11.25 2.6 25.6 -11.25 10.6 25.6 -11.25 3.68 23.759 -11.25
4 15 4.488 23.001 -11.25 3.68 23.759 -11.25 10.6 25.6 -11.25 5.548 22.345 -11.25
4 15 6.508 21.991 -11.25 5.548 22.345 -11.25 10.6 25.6 -11.25 7.518 21.739 -11.25
4 15 8.528 21.537 -11.25 7.518 21.739 -11.25 10.6 25.6 -11.25 9.538 21.436 -11.25
3 15 10.598 21.436 -11.25 9.538 21.436 -11.25 10.6 25.6 -11.25
4 15 11.558 21.436 -11.25 10.598 21.436 -11.25 10.6 25.6 -11.25 12.568 21.587 -11.25
4 15 13.578 21.789 -11.25 12.568 21.587 -11.25 10.6 25.6 -11.25 14.588 22.143 -11.25
4 15 15.598 22.648 -11.25 14.588 22.143 -11.25 10.6 25.6 -11.25 16.408 23.256 -11.25
4 15 17.164 24.062 -11.25 16.408 23.256 -11.25 10.6 25.6 -11.25 17.668 24.818 -11.25
3 15 17.668 24.818 -11.25 10.6 25.6 -11.25 18 25.6 -11.25
3 0 2.6 25.6 -11.25 1.25 25.6 -11.25 1.25 26.4 -11.25
4 0 10.6 25.6 -11.25 2.6 25.6 -11.25 1.25 26.4 -11.25 19.196 26.4 -11.25
3 0 18 25.6 -11.25 10.6 25.6 -11.25 19.196 26.4 -11.25
3 0 19.15 25.6 -11.25 18 25.6 -11.25 19.196 26.4 -11.25
4 15 1.25 26.4 -11.25 1.25 28 -11.25 19.25 28 -11.25 19.196 26.4 -11.25
4 29 1.25 20 -11.25 1.25 25.6 -11.25 2.6 25.6 -11.25 3.023 24.718 -11.25
3 29 1.25 20 -11.25 3.023 24.718 -11.25 3.68 23.759 -11.25
3 29 1.25 20 -11.25 3.68 23.759 -11.25 4.488 23.001 -11.25
3 29 1.25 20 -11.25 4.488 23.001 -11.25 5.548 22.345 -11.25
3 29 1.25 20 -11.25 5.548 22.345 -11.25 6.508 21.991 -11.25
3 29 1.25 20 -11.25 6.508 21.991 -11.25 7.518 21.739 -11.25
3 29 1.25 20 -11.25 7.518 21.739 -11.25 8.528 21.537 -11.25
3 29 1.25 20 -11.25 8.528 21.537 -11.25 9.538 21.436 -11.25
4 29 1.25 20 -11.25 9.538 21.436 -11.25 10.598 21.436 -11.25 18.978 20 -11.25
3 29 18.978 20 -11.25 10.598 21.436 -11.25 11.558 21.436 -11.25
3 29 18.978 20 -11.25 11.558 21.436 -11.25 12.568 21.587 -11.25
3 29 18.978 20 -11.25 12.568 21.587 -11.25 13.578 21.789 -11.25
3 29 18.978 20 -11.25 13.578 21.789 -11.25 14.588 22.143 -11.25
3 29 18.978 20 -11.25 14.588 22.143 -11.25 15.598 22.648 -11.25
3 29 18.978 20 -11.25 15.598 22.648 -11.25 16.408 23.256 -11.25
3 29 18.978 20 -11.25 16.408 23.256 -11.25 17.164 24.062 -11.25
3 29 18.978 20 -11.25 17.164 24.062 -11.25 17.668 24.818 -11.25
4 29 18.978 20 -11.25 17.668 24.818 -11.25 18 25.6 -11.25 19.15 25.6 -11.25
4 29 14.517 12.8 -5.75 14.46 13.309 -5.75 14.798 13.535 -5.75 18.734 12.8 -5.75
3 29 18.734 12.8 -5.75 14.798 13.535 -5.75 15.024 13.873 -5.75
3 29 18.734 12.8 -5.75 15.024 13.873 -5.75 15.104 14.272 -5.75
4 29 18.734 12.8 -5.75 15.104 14.272 -5.75 15.024 14.671 -5.75 15.024 15.329 -5.75
4 29 18.734 12.8 -5.75 15.024 15.329 -5.75 15.104 15.728 -5.75 18.978 20 -5.75
3 29 15.104 15.728 -5.75 15.024 16.127 -5.75 18.978 20 -5.75
3 29 15.024 16.127 -5.75 14.798 16.465 -5.75 18.978 20 -5.75
3 29 14.798 16.465 -5.75 14.46 16.691 -5.75 18.978 20 -5.75
3 29 14.46 16.691 -5.75 14.061 16.771 -5.75 18.978 20 -5.75
4 29 18.978 20 -5.75 14.061 16.771 -5.75 6.239 16.771 -5.75 1.25 20 -5.75
3 29 5.84 16.691 -5.75 1.25 20 -5.75 6.239 16.771 -5.75
3 29 5.502 16.465 -5.75 1.25 20 -5.75 5.84 16.691 -5.75
3 29 5.276 16.127 -5.75 1.25 20 -5.75 5.502 16.465 -5.75
4 29 1.25 20 -5.75 5.276 16.127 -5.75 5.196 15.728 -5.75 1.25 12.8 -5.75
4 29 1.25 12.8 -5.75 5.196 15.728 -5.75 5.276 15.329 -5.75 5.276 14.671 -5.75
3 29 1.25 12.8 -5.75 5.276 14.671 -5.75 5.196 14.272 -5.75
3 29 1.25 12.8 -5.75 5.196 14.272 -5.75 5.276 13.873 -5.75
4 29 1.25 12.8 -5.75 5.276 13.873 -5.75 5.502 13.535 -5.75 5.779 12.8 -5.75
3 29 5.779 12.8 -5.75 5.502 13.535 -5.75 5.84 13.309 -5.75
3 29 5.276 14.671 -5.75 5.276 15.329 -5.75 5.502 14.991 -5.75
3 29 15.024 14.671 -5.75 14.798 15 -5.75 15.024 15.329 -5.75
4 30 7.016 10.338 -5.75 6.2 10.75 -5.75 6.513 13.229 -5.75 7.787 10.082 -5.75
4 30 8.559 9.925 -5.75 7.787 10.082 -5.75 6.513 13.229 -5.75 9.354 9.805 -5.75
4 30 10.15 9.786 -5.75 9.354 9.805 -5.75 6.513 13.229 -5.75 13.785 13.229 -5.75
4 30 10.946 9.805 -5.75 10.15 9.786 -5.75 13.785 13.229 -5.75 11.741 9.925 -5.75
4 30 12.513 10.082 -5.75 11.741 9.925 -5.75 13.785 13.229 -5.75 13.284 10.338 -5.75
3 30 13.284 10.338 -5.75 13.785 13.229 -5.75 14.095 10.75 -5.75
0 // Side
1 15 19.029 21.5 4.2 0 -1 .06794 0 0 2 -2 0 0 4-4disc.dat
1 0 19.029 21.5 4.2 0 -1 .01699 0 0 .5 -.5 0 0 4-4ring4.dat
1 29 19.029 21.5 4.2 0 -1 .08493 0 0 2.5 -2.5 0 0 4-4ndis.dat
4 0 18.734 12.8 8.75 18.706 12 8.75 18.706 12 -5.75 18.734 12.8 -5.75
4 15 19.168 25.6 8.75 19.168 25.6 -11.25 19.25 28 -11.25 19.25 28 8.75
4 29 18.978 20 -5.75 18.978 20 -11.25 19.168 25.6 -11.25 19.114 24 1.7
3 29 18.978 20 -5.75 19.114 24 1.7 19.029 21.5 1.7
4 29 18.978 20 -5.75 19.029 21.5 1.7 18.944 19 1.7 18.734 12.8 -5.75
4 29 18.734 12.8 8.75 18.734 12.8 -5.75 18.944 19 1.7 18.944 19 4.2
3 29 18.734 12.8 8.75 18.944 19 4.2 18.944 19 6.7
4 29 19.168 25.6 8.75 18.734 12.8 8.75 18.944 19 6.7 19.029 21.5 6.7
3 29 19.029 21.5 6.7 19.114 24 6.7 19.168 25.6 8.75
3 29 19.114 24 6.7 19.114 24 4.2 19.168 25.6 8.75
4 29 19.168 25.6 8.75 19.114 24 4.2 19.114 24 1.7 19.168 25.6 -11.25
4 0 18.469 5 -1.3 18.008 -8.491 -1.3 18.014 -8.333 -2.1 18.468 5 -2.1
4 0 18.014 -8.333 2.1 18.008 -8.491 1.3 18.469 5 1.3 18.468 5 2.1
3 0 18.468 5 -2.1 18.468 5 -7 18.495 5.8 -6.444
3 0 18.469 5 -1.3 18.468 5 -2.1 18.495 5.8 -6.444
4 0 18.469 5 1.3 18.469 5 -1.3 18.495 5.8 -6.444 18.495 5.8 8.75
3 0 18.468 5 2.1 18.469 5 1.3 18.495 5.8 8.75
3 0 18.468 5 2.1 18.495 5.8 8.75 18.468 5 8.75
4 226 17.999 -8.75 0 18.008 -8.491 -1.3 18.469 5 -1.3 18.469 5 1.3
3 226 17.999 -8.75 0 18.469 5 1.3 18.008 -8.491 1.3
4 16 18.468 5 -2.1 18.014 -8.333 -2.1 18.022 -8.084 -3.349 18.087 -6.187 -6.187
4 16 18.468 5 -2.1 18.087 -6.187 -6.187 18.184 -3.349 -8.084 18.298 0 -8.75
4 16 18.468 5 -2.1 18.298 0 -8.75 18.412 3.349 -8.084 18.468 5 -7
4 16 18.022 -8.084 3.349 18.014 -8.333 2.1 18.468 5 2.1 18.087 -6.187 6.187
4 16 18.184 -3.349 8.084 18.087 -6.187 6.187 18.468 5 2.1 18.298 0 8.75
3 16 18.298 0 8.75 18.468 5 2.1 18.468 5 8.75
4 92 18.495 5.8 -6.444 18.508 6.187 -6.187 18.518 6.479 -5.75 18.495 5.8 8.75
4 92 18.706 12 8.75 18.495 5.8 8.75 18.518 6.479 -5.75 18.706 12 -5.75