0 Minifig Leg Right with Black Lower Leg, Cargo Pocket, Orange and Silver Lines Pattern
0 Name: 20461bpx4.dat
0 Author: Evert-Jan Boer [ejboer]
0 !LDRAW_ORG Part UPDATE 2026-07
0 !LICENSE Licensed under CC BY 4.0 : see CAreadme.txt

0 !HELP Move down 12 units to align with hips
0 !HELP Move at z=1.25 relative to stud grid
0 !HELP 1 16 0 0 1.25 1 0 0 0 1 0 0 0 1 20461b.dat
0 !HELP 1 16 0 28 0 1 0 0 0 1 0 0 0 1 stug-1x2.dat

0 BFC CERTIFY CCW

0 !CATEGORY Minifig Leg
0 !KEYWORDS Bricklink 970c00pb0556, Ghostbusters, Set 71242, Set 75828

0 !HISTORY 2026-07-30 [OrionP] Official Update 2026-07

1 16 0 0 0 -1 0 0 0 1 0 0 0 1 s\20460bs04.dat
3 16 -18.298 0 -8.75 -18.298 0 8.75 -18.518 6.479 -5.75
4 16 -18.298 0 8.75 -18.72 12.4 8.75 -18.72 12.4 -5.75 -18.518 6.479 -5.75
3 16 -18.023 -8.084 -3.349 -18 -8.75 0 -18.023 -8.084 3.349
4 16 -18.023 -8.084 3.349 -18.087 -6.187 6.187 -18.087 -6.187 -6.187 -18.023 -8.084 -3.349
4 16 -18.087 -6.187 6.187 -18.184 -3.349 8.084 -18.184 -3.349 -8.084 -18.087 -6.187 -6.187
4 16 -18.184 -3.349 8.084 -18.298 0 8.75 -18.298 0 -8.75 -18.184 -3.349 -8.084
4 16 -18.518 6.479 -5.75 -18.508 6.187 -6.187 -18.412 3.349 -8.084 -18.298 0 -8.75

1 0 0 0 0 -1 0 0 0 1 0 0 0 1 s\20460bs02.dat

4 0 -5.95 6.25 -6.0927 -5.74 6.187 -6.187 -14.8846 6.187 -6.187 -7.2 6.35 -5.9431
4 0 -10.945 6.479 -5.75 -9.35 6.45 -5.7934 -14.8846 6.187 -6.187 -12.0622 6.479 -5.75
3 0 -14.8846 6.187 -6.187 -14.2 6.35 -5.9431 -12.0622 6.479 -5.75
3 0 -14.8846 6.187 -6.187 -9.35 6.45 -5.7934 -7.2 6.35 -5.9431
4 0 -14.55 -3.65 -7.8828 -14.9 -3.55 -7.9496 -15.101 -3.349 -8.084 -14.15 -3.6 -7.9162
3 0 -14.15 -3.6 -7.9162 -15.101 -3.349 -8.084 -13.25 -3.55 -7.9496
4 0 -10.65 -3.5 -7.9831 -13.25 -3.55 -7.9496 -15.101 -3.349 -8.084 -5.5327 -3.349 -8.084
4 0 -8.8 -3.55 -7.9496 -10.65 -3.5 -7.9831 -5.5327 -3.349 -8.084 -5.6 -3.45 -8.0165
4 0 -7.05 -3.65 -7.8828 -8.8 -3.55 -7.9496 -5.6 -3.45 -8.0165 -6.3 -3.65 -7.8828
3 0 -6.3 -3.65 -7.8828 -5.6 -3.45 -8.0165 -5.9 -3.6 -7.9162
4 0 -15.65 -2.5 -8.2528 -16 -1.55 -8.4418 -15.55 -1.45 -8.4616 -15.2 -2.25 -8.3026
4 0 -15.25 -3.2 -8.1136 -15.65 -2.5 -8.2528 -15.2 -2.25 -8.3026 -14.9 -2.8 -8.1932
4 0 -15.25 -3.2 -8.1136 -14.9 -2.8 -8.1932 -14.6 -3.05 -8.1435 -15.101 -3.349 -8.084
4 0 -15.55 -1.45 -8.4616 -16 -1.55 -8.4418 -16.2 -.95 -8.5611 -15.6 -1.05 -8.5412
4 0 -15.6 -1.05 -8.5412 -16.2 -.95 -8.5611 -16.2 -.65 -8.6207 -15.55 -.85 -8.581
4 0 -15.55 -.85 -8.581 -16.2 -.65 -8.6207 -16.1 -.4 -8.6705 -15.8 -.2 -8.7102
4 0 -15.55 -.85 -8.581 -15.8 -.2 -8.7102 -15.35 -.15 -8.7202 -15.4 -.8 -8.5909
4 0 -5.35 -3 -8.1534 -5.9 -2.9 -8.1733 -5.85 -2.5 -8.2528 -5.3 -2.5 -8.2528
4 0 -5.3 -2.5 -8.2528 -5.85 -2.5 -8.2528 -5.75 -2.05 -8.3423 -5.2 -2.2 -8.3125
4 0 -5.2 -2.2 -8.3125 -5.75 -2.05 -8.3423 -5.5 -1.45 -8.4616 -4.95 -1.65 -8.4219
4 0 -4.95 -1.65 -8.4219 -5.5 -1.45 -8.4616 -5.4 -1.2 -8.5114 -4.65 -1.15 -8.5213
4 0 -4.6 -.85 -8.581 -4.65 -1.15 -8.5213 -5.4 -1.2 -8.5114 -5.4 -1 -8.5511
4 0 -4.7 -.55 -8.6406 -4.6 -.85 -8.581 -5.4 -1 -8.5511 -4.95 -.4 -8.6705
4 0 -5.2 -.3 -8.6903 -4.95 -.4 -8.6705 -5.4 -1 -8.5511 -5.55 -.85 -8.581
4 0 -14.1 -.75 -8.6009 -13.2 -.1 -8.7301 -12.8 -.1 -8.7301 -11.4 -.7 -8.6108
4 0 -11.4 -.7 -8.6108 -12.8 -.1 -8.7301 -12.35 0 -8.75 -11.55 -.1 -8.7301
4 0 -11.4 -.7 -8.6108 -11.55 -.1 -8.7301 -9.45 -.05 -8.7401 -8.8 -.7 -8.6108
4 0 -8.8 -.7 -8.6108 -8.45 0 -8.75 -8.05 -.1 -8.7301 -7.3 -.75 -8.6009
4 0 -7.3 -.75 -8.6009 -8.05 -.1 -8.7301 -7.6 -.05 -8.7401 -6.55 -.8 -8.5909
4 0 -6.55 -.8 -8.5909 -7.6 -.05 -8.7401 -7.525 0 -8.75 -5.175 0 -8.75
3 0 -15.101 -3.349 -8.084 -14.6 -3.05 -8.1435 -14.2 -3.1 -8.1335
4 0 -15.101 -3.349 -8.084 -14.2 -3.1 -8.1335 -13.1 -3.05 -8.1435 -10.5 -3 -8.1534
4 0 -15.101 -3.349 -8.084 -10.5 -3 -8.1534 -8.4 -3.05 -8.1435 -5.5327 -3.349 -8.084
3 0 -5.5327 -3.349 -8.084 -8.4 -3.05 -8.1435 -6.8 -3.1 -8.1335
3 0 -5.5327 -3.349 -8.084 -6.8 -3.1 -8.1335 -6.25 -3.1 -8.1335
4 0 -5.5327 -3.349 -8.084 -6.25 -3.1 -8.1335 -6 -3.05 -8.1435 -5.35 -3 -8.1534
3 0 -6 -3.05 -8.1435 -5.9 -2.9 -8.1733 -5.35 -3 -8.1534
4 0 -15.35 -.15 -8.7202 -15.386 0 -8.75 -13.3667 0 -8.75 -13.2 -.1 -8.7301
4 0 -15.35 -.15 -8.7202 -13.2 -.1 -8.7301 -14.1 -.75 -8.6009 -15.4 -.8 -8.5909
3 0 -11.5547 0 -8.75 -11.55 -.1 -8.7301 -12.35 0 -8.75
4 0 -9.45 -.05 -8.7401 -9.4523 0 -8.75 -8.45 0 -8.75 -8.8 -.7 -8.6108
4 0 -6.55 -.8 -8.5909 -5.175 0 -8.75 -5.2 -.3 -8.6903 -5.55 -.85 -8.581
4 0 -11.0139 .95 -8.5611 -10.9786 .7725 -8.5964 -11.3436 .6213 -8.6265 -11.409 .95 -8.5611
4 0 -10.9786 1.1275 -8.5258 -11.0139 .95 -8.5611 -11.409 .95 -8.5611 -11.3436 1.2787 -8.4957
4 0 -10.878 1.278 -8.4959 -10.9786 1.1275 -8.5258 -11.3436 1.2787 -8.4957 -11.1574 1.5574 -8.4403
4 0 -10.7275 1.3786 -8.4759 -10.878 1.278 -8.4959 -11.1574 1.5574 -8.4403 -10.8787 1.7436 -8.4033
4 0 -10.55 1.4139 -8.4688 -10.7275 1.3786 -8.4759 -10.8787 1.7436 -8.4033 -10.55 1.809 -8.3903
4 0 -10.3725 1.3786 -8.4759 -10.55 1.4139 -8.4688 -10.55 1.809 -8.3903 -10.2213 1.7436 -8.4033
4 0 -10.222 1.278 -8.4959 -10.3725 1.3786 -8.4759 -10.2213 1.7436 -8.4033 -9.9426 1.5574 -8.4403
4 0 -10.1215 1.1275 -8.5258 -10.222 1.278 -8.4959 -9.9426 1.5574 -8.4403 -9.7564 1.2787 -8.4957
4 0 -10.0861 .95 -8.5611 -10.1215 1.1275 -8.5258 -9.7564 1.2787 -8.4957 -9.691 .95 -8.5611
4 0 -10.1215 .7725 -8.5964 -10.0861 .95 -8.5611 -9.691 .95 -8.5611 -9.7564 .6213 -8.6265
4 0 -10.222 .622 -8.6263 -10.1215 .7725 -8.5964 -9.7564 .6213 -8.6265 -9.9426 .3426 -8.6819
4 0 -10.3725 .5214 -8.6463 -10.222 .622 -8.6263 -9.9426 .3426 -8.6819 -10.2213 .1564 -8.7189
4 0 -10.55 .4861 -8.6533 -10.3725 .5214 -8.6463 -10.2213 .1564 -8.7189 -10.55 .091 -8.7319
4 0 -10.7275 .5214 -8.6463 -10.55 .4861 -8.6533 -10.55 .091 -8.7319 -10.8787 .1564 -8.7189
4 0 -10.878 .622 -8.6263 -10.7275 .5214 -8.6463 -10.8787 .1564 -8.7189 -11.1574 .3426 -8.6819
4 0 -10.9786 .7725 -8.5964 -10.878 .622 -8.6263 -11.1574 .3426 -8.6819 -11.3436 .6213 -8.6265
4 0 -15.65 1.1 -8.5312 -15.2 1.4 -8.4716 -14.95 .25 -8.7003 -15.386 0 -8.75
4 0 -15.2 1.4 -8.4716 -15.65 1.1 -8.5312 -15.85 2.6 -8.233 -15.4 2.75 -8.2031
4 0 -15.4 2.75 -8.2031 -15.85 2.6 -8.233 -15.9035 3.349 -8.084 -15.4461 3.349 -8.084
4 0 -5.55 3.35 -8.0836 -4.9915 3.349 -8.084 -5.05 2.15 -8.3224 -5.55 1.75 -8.402
4 0 -5.55 1.75 -8.402 -5.05 2.15 -8.3224 -5.1 .9 -8.571 -5.6 .35 -8.6804
3 0 -13.45 .05 -8.7401 -14.7 .2 -8.7102 -14.4 .3 -8.6903
4 0 -13.45 .05 -8.7401 -14.4 .3 -8.6903 -14.1 .55 -8.6406 -13.55 .5 -8.6506
4 0 -13.55 .5 -8.6506 -14.1 .55 -8.6406 -14 .8 -8.5909 -13.65 1.3 -8.4915
4 0 -13.65 1.3 -8.4915 -14 .8 -8.5909 -14.15 2.2 -8.3125 -13.75 2.35 -8.2827
4 0 -13.75 2.35 -8.2827 -14.15 2.2 -8.3125 -14.15 2.95 -8.1633 -13.8 2.95 -8.1633
4 0 -13.8 2.95 -8.1633 -14.15 2.95 -8.1633 -14.0579 3.349 -8.084 -13.8 3.349 -8.084
4 0 -9.55 2.1 -8.3324 -11.65 2.05 -8.3423 -12.15 2.6 -8.233 -9.05 2.65 -8.223
4 0 -9.55 2.1 -8.3324 -9.05 2.65 -8.223 -8.95 .6 -8.6307 -9.4523 0 -8.75
4 0 -12.1 .2 -8.7102 -12.15 2.6 -8.233 -11.65 2.05 -8.3423 -11.5547 0 -8.75
4 0 -6.35 .2 -8.7102 -7.525 0 -8.75 -7.3 .15 -8.7202 -6.55 .45 -8.6605
4 0 -6.55 .45 -8.6605 -7.3 .15 -8.7202 -7.15 .5 -8.6506 -6.65 .8 -8.5909
4 0 -6.65 .8 -8.5909 -7.15 .5 -8.6506 -7.1 .9 -8.571 -6.7 3 -8.1534
3 0 -7.1 .9 -8.571 -6.95 3 -8.1534 -6.7 3 -8.1534
3 0 -15.386 0 -8.75 -14.95 .25 -8.7003 -14.7 .2 -8.7102
4 0 -15.386 0 -8.75 -14.7 .2 -8.7102 -13.45 .05 -8.7401 -13.3667 0 -8.75
3 0 -12.1 .2 -8.7102 -11.5547 0 -8.75 -12.35 0 -8.75
3 0 -8.45 0 -8.75 -9.4523 0 -8.75 -8.8 .25 -8.7003
3 0 -9.4523 0 -8.75 -8.95 .6 -8.6307 -8.8 .25 -8.7003
3 0 -7.525 0 -8.75 -6.35 .2 -8.7102 -6.05 .05 -8.7401
3 0 -5.175 0 -8.75 -6.05 .05 -8.7401 -5.75 .15 -8.7202
4 0 -5.175 0 -8.75 -5.75 .15 -8.7202 -5.6 .35 -8.6804 -5.1 .9 -8.571
3 0 -5.175 0 -8.75 -7.525 0 -8.75 -6.05 .05 -8.7401
4 0 -15.9035 3.349 -8.084 -15.95 4 -7.6489 -15.5 4.05 -7.6154 -15.4461 3.349 -8.084
4 0 -15.5 4.05 -7.6154 -15.95 4 -7.6489 -15.95 4.95 -7.0138 -15.45 4.85 -7.0807
4 0 -15.45 4.85 -7.0807 -15.95 4.95 -7.0138 -15.7 5.7 -6.5125 -15.25 5.4 -6.7131
4 0 -15.25 5.4 -6.7131 -15.7 5.7 -6.5125 -15.25 6.1 -6.2452 -14.95 5.65 -6.5459
4 0 -5.75 5.55 -6.6128 -5.95 5.7 -6.5125 -5.74 6.187 -6.187 -5.45 6.1 -6.2452
4 0 -5.75 5.55 -6.6128 -5.45 6.1 -6.2452 -5.2 5.95 -6.3454 -5 5.65 -6.5459
4 0 -5.65 5.3 -6.7799 -5.75 5.55 -6.6128 -5 5.65 -6.5459 -4.95 5.2 -6.8467
4 0 -5.6 4.85 -7.0807 -5.65 5.3 -6.7799 -4.95 5.2 -6.8467 -4.95 4.2 -7.5152
4 0 -4.95 4.2 -7.5152 -4.9915 3.349 -8.084 -5.55 3.35 -8.0836 -5.6 4.85 -7.0807
4 0 -14.0579 3.349 -8.084 -14 3.6 -7.9162 -13.8 3.55 -7.9496 -13.8 3.349 -8.084
4 0 -14.95 5.65 -6.5459 -15.25 6.1 -6.2452 -14.8846 6.187 -6.187 -13.7 5.9 -6.3788
3 0 -13.7 5.9 -6.3788 -14.8846 6.187 -6.187 -11.2 6 -6.312
3 0 -5.95 5.7 -6.5125 -6.65 5.8 -6.4457 -5.74 6.187 -6.187
3 0 -6.65 5.8 -6.4457 -8.35 5.95 -6.3454 -5.74 6.187 -6.187
4 0 -5.74 6.187 -6.187 -8.35 5.95 -6.3454 -11.2 6 -6.312 -14.8846 6.187 -6.187
4 16 -5.95 6.25 -6.0927 -2 6.479 -5.75 -2 6.187 -6.187 -5.74 6.187 -6.187
3 16 -14.2 6.35 -5.9431 -18.518 6.479 -5.75 -12.0622 6.479 -5.75
3 16 -9.35 6.45 -5.7934 -10.945 6.479 -5.75 -2 6.479 -5.75
3 16 -7.2 6.35 -5.9431 -9.35 6.45 -5.7934 -2 6.479 -5.75
3 16 -5.95 6.25 -6.0927 -7.2 6.35 -5.9431 -2 6.479 -5.75
4 16 -14.8846 6.187 -6.187 -18.508 6.187 -6.187 -18.518 6.479 -5.75 -14.2 6.35 -5.9431
4 16 -18.087 -6.187 -6.187 -18.184 -3.349 -8.084 -15.101 -3.349 -8.084 -14.9 -3.55 -7.9496
3 16 -18.087 -6.187 -6.187 -14.9 -3.55 -7.9496 -14.55 -3.65 -7.8828
4 16 -18.087 -6.187 -6.187 -14.55 -3.65 -7.8828 -14.15 -3.6 -7.9162 -13.25 -3.55 -7.9496
4 16 -18.087 -6.187 -6.187 -13.25 -3.55 -7.9496 -10.65 -3.5 -7.9831 -8.8 -3.55 -7.9496
4 16 -2 -6.187 -6.187 -18.087 -6.187 -6.187 -8.8 -3.55 -7.9496 -7.05 -3.65 -7.8828
3 16 -2 -6.187 -6.187 -7.05 -3.65 -7.8828 -6.3 -3.65 -7.8828
3 16 -2 -6.187 -6.187 -6.3 -3.65 -7.8828 -5.9 -3.6 -7.9162
4 16 -2 -6.187 -6.187 -5.9 -3.6 -7.9162 -5.6 -3.45 -8.0165 -2 -3.349 -8.084
3 16 -5.6 -3.45 -8.0165 -5.5327 -3.349 -8.084 -2 -3.349 -8.084
4 16 -13.2 -.1 -8.7301 -13.3667 0 -8.75 -12.35 0 -8.75 -12.8 -.1 -8.7301
4 16 -7.6 -.05 -8.7401 -8.05 -.1 -8.7301 -8.45 0 -8.75 -7.525 0 -8.75
4 16 -15.6 -1.05 -8.5412 -15.55 -.85 -8.581 -15.4 -.8 -8.5909 -15.55 -1.45 -8.4616
4 16 -15.55 -1.45 -8.4616 -15.4 -.8 -8.5909 -14.1 -.75 -8.6009 -14.3 -2.2 -8.3125
4 16 -15.2 -2.25 -8.3026 -15.55 -1.45 -8.4616 -14.3 -2.2 -8.3125 -14.9 -2.8 -8.1932
4 16 -14.6 -3.05 -8.1435 -14.9 -2.8 -8.1932 -14.3 -2.2 -8.3125 -14.2 -3.1 -8.1335
4 16 -13.1 -3.05 -8.1435 -14.2 -3.1 -8.1335 -14.3 -2.2 -8.3125 -13.1 -2.1 -8.3324
4 16 -13.1 -3.05 -8.1435 -13.1 -2.1 -8.3324 -11.8 -2 -8.3523 -10.5 -3 -8.1534
4 16 -10.5 -3 -8.1534 -11.8 -2 -8.3523 -10.1 -1.95 -8.3622 -8.4 -3.05 -8.1435
4 16 -8.4 -3.05 -8.1435 -10.1 -1.95 -8.3622 -8.6 -2 -8.3523 -7.8 -2.1 -8.3324
4 16 -6.8 -3.1 -8.1335 -8.4 -3.05 -8.1435 -7.8 -2.1 -8.3324 -6.9 -2.15 -8.3224
4 16 -6.25 -3.1 -8.1335 -6.8 -3.1 -8.1335 -6.9 -2.15 -8.3224 -6 -3.05 -8.1435
4 16 -5.9 -2.9 -8.1733 -6 -3.05 -8.1435 -6.9 -2.15 -8.3224 -5.85 -2.5 -8.2528
4 16 -5.75 -2.05 -8.3423 -5.85 -2.5 -8.2528 -6.9 -2.15 -8.3224 -7.4 -1.75 -8.402
4 16 -5.5 -1.45 -8.4616 -5.75 -2.05 -8.3423 -7.4 -1.75 -8.402 -5.55 -.85 -8.581
4 16 -5.4 -1.2 -8.5114 -5.5 -1.45 -8.4616 -5.55 -.85 -8.581 -5.4 -1 -8.5511
3 16 -14.3 -2.2 -8.3125 -14.1 -.75 -8.6009 -13.6 -1.8 -8.392
4 16 -12.5 -1.5 -8.4517 -13.6 -1.8 -8.392 -14.1 -.75 -8.6009 -11.4 -.7 -8.6108
4 16 -10.9 -1.35 -8.4815 -12.5 -1.5 -8.4517 -11.4 -.7 -8.6108 -8.8 -.7 -8.6108
3 16 -9.3 -1.35 -8.4815 -10.9 -1.35 -8.4815 -8.8 -.7 -8.6108
4 16 -8.1 -1.5 -8.4517 -9.3 -1.35 -8.4815 -8.8 -.7 -8.6108 -7.3 -.75 -8.6009
4 16 -7.4 -1.75 -8.402 -8.1 -1.5 -8.4517 -7.3 -.75 -8.6009 -6.55 -.8 -8.5909
3 16 -7.4 -1.75 -8.402 -6.55 -.8 -8.5909 -5.55 -.85 -8.581
4 16 -15.386 0 -8.75 -15.35 -.15 -8.7202 -15.8 -.2 -8.7102 -18.298 0 -8.75
4 16 -11.55 -.1 -8.7301 -11.5547 0 -8.75 -9.4523 0 -8.75 -9.45 -.05 -8.7401
3 16 -2 -3.349 -8.084 -5.5327 -3.349 -8.084 -5.35 -3 -8.1534
4 16 -2 -3.349 -8.084 -5.35 -3 -8.1534 -5.3 -2.5 -8.2528 -5.2 -2.2 -8.3125
4 16 -2 -3.349 -8.084 -5.2 -2.2 -8.3125 -4.95 -1.65 -8.4219 -4.65 -1.15 -8.5213
4 16 -2 0 -8.75 -2 -3.349 -8.084 -4.65 -1.15 -8.5213 -4.6 -.85 -8.581
3 16 -4.6 -.85 -8.581 -4.7 -.55 -8.6406 -2 0 -8.75
4 16 -2 0 -8.75 -4.7 -.55 -8.6406 -4.95 -.4 -8.6705 -5.175 0 -8.75
3 16 -4.95 -.4 -8.6705 -5.2 -.3 -8.6903 -5.175 0 -8.75
3 16 -16.1 -.4 -8.6705 -18.298 0 -8.75 -15.8 -.2 -8.7102
3 16 -16.2 -.65 -8.6207 -18.298 0 -8.75 -16.1 -.4 -8.6705
4 16 -18.298 0 -8.75 -16.2 -.65 -8.6207 -16.2 -.95 -8.5611 -18.184 -3.349 -8.084
3 16 -18.184 -3.349 -8.084 -16.2 -.95 -8.5611 -16 -1.55 -8.4418
3 16 -18.184 -3.349 -8.084 -16 -1.55 -8.4418 -15.65 -2.5 -8.2528
3 16 -18.184 -3.349 -8.084 -15.65 -2.5 -8.2528 -15.25 -3.2 -8.1136
3 16 -15.101 -3.349 -8.084 -18.184 -3.349 -8.084 -15.25 -3.2 -8.1136
4 16 -14.7 .2 -8.7102 -14.95 .25 -8.7003 -15.2 1.4 -8.4716 -14.4 .3 -8.6903
4 16 -14.1 .55 -8.6406 -14.4 .3 -8.6903 -15.2 1.4 -8.4716 -14 .8 -8.5909
4 16 -14.15 2.2 -8.3125 -14 .8 -8.5909 -15.2 1.4 -8.4716 -15.4 2.75 -8.2031
4 16 -13.65 1.3 -8.4915 -13.75 2.35 -8.2827 -12.15 2.6 -8.233 -13.55 .5 -8.6506
4 16 -13.55 .5 -8.6506 -12.15 2.6 -8.233 -12.1 .2 -8.7102 -13.45 .05 -8.7401
4 16 -12.35 0 -8.75 -13.3667 0 -8.75 -13.45 .05 -8.7401 -12.1 .2 -8.7102
4 16 -6.7 3 -8.1534 -5.55 3.35 -8.0836 -5.55 1.75 -8.402 -6.65 .8 -8.5909
4 16 -6.65 .8 -8.5909 -5.55 1.75 -8.402 -5.6 .35 -8.6804 -6.55 .45 -8.6605
4 16 -6.35 .2 -8.7102 -6.55 .45 -8.6605 -5.6 .35 -8.6804 -5.75 .15 -8.7202
3 16 -6.05 .05 -8.7401 -6.35 .2 -8.7102 -5.75 .15 -8.7202
4 16 -7.3 .15 -8.7202 -7.525 0 -8.75 -8.45 0 -8.75 -8.8 .25 -8.7003
4 16 -7.15 .5 -8.6506 -7.3 .15 -8.7202 -8.8 .25 -8.7003 -8.95 .6 -8.6307
4 16 -7.1 .9 -8.571 -7.15 .5 -8.6506 -8.95 .6 -8.6307 -9.05 2.65 -8.223
3 16 -7.1 .9 -8.571 -9.05 2.65 -8.223 -6.95 3 -8.1534
4 16 -11.5547 0 -8.75 -11.65 2.05 -8.3423 -11.409 .95 -8.5611 -11.3436 .6213 -8.6265
3 16 -11.409 .95 -8.5611 -11.65 2.05 -8.3423 -11.3436 1.2787 -8.4957
3 16 -11.3436 1.2787 -8.4957 -11.65 2.05 -8.3423 -11.1574 1.5574 -8.4403
3 16 -11.1574 1.5574 -8.4403 -11.65 2.05 -8.3423 -10.8787 1.7436 -8.4033
4 16 -10.55 1.809 -8.3903 -10.8787 1.7436 -8.4033 -11.65 2.05 -8.3423 -9.55 2.1 -8.3324
3 16 -10.2213 1.7436 -8.4033 -10.55 1.809 -8.3903 -9.55 2.1 -8.3324
3 16 -9.9426 1.5574 -8.4403 -10.2213 1.7436 -8.4033 -9.55 2.1 -8.3324
3 16 -9.7564 1.2787 -8.4957 -9.9426 1.5574 -8.4403 -9.55 2.1 -8.3324
4 16 -9.691 .95 -8.5611 -9.7564 1.2787 -8.4957 -9.55 2.1 -8.3324 -9.4523 0 -8.75
4 16 -10.9786 .7725 -8.5964 -11.0139 .95 -8.5611 -10.9786 1.1275 -8.5258 -10.878 1.278 -8.4959
4 16 -10.878 .622 -8.6263 -10.9786 .7725 -8.5964 -10.878 1.278 -8.4959 -10.7275 .5214 -8.6463
4 16 -10.7275 .5214 -8.6463 -10.878 1.278 -8.4959 -10.7275 1.3786 -8.4759 -10.55 1.4139 -8.4688
4 16 -10.55 .4861 -8.6533 -10.7275 .5214 -8.6463 -10.55 1.4139 -8.4688 -10.3725 .5214 -8.6463
4 16 -10.3725 .5214 -8.6463 -10.55 1.4139 -8.4688 -10.3725 1.3786 -8.4759 -10.222 1.278 -8.4959
4 16 -10.222 .622 -8.6263 -10.3725 .5214 -8.6463 -10.222 1.278 -8.4959 -10.1215 .7725 -8.5964
4 16 -10.1215 .7725 -8.5964 -10.222 1.278 -8.4959 -10.1215 1.1275 -8.5258 -10.0861 .95 -8.5611
3 16 -9.4523 0 -8.75 -11.5547 0 -8.75 -10.55 .091 -8.7319
3 16 -9.4523 0 -8.75 -10.55 .091 -8.7319 -10.2213 .1564 -8.7189
3 16 -9.4523 0 -8.75 -10.2213 .1564 -8.7189 -9.9426 .3426 -8.6819
3 16 -9.4523 0 -8.75 -9.9426 .3426 -8.6819 -9.7564 .6213 -8.6265
3 16 -11.5547 0 -8.75 -10.8787 .1564 -8.7189 -10.55 .091 -8.7319
3 16 -11.5547 0 -8.75 -11.1574 .3426 -8.6819 -10.8787 .1564 -8.7189
3 16 -11.5547 0 -8.75 -11.3436 .6213 -8.6265 -11.1574 .3426 -8.6819
3 16 -9.4523 0 -8.75 -9.7564 .6213 -8.6265 -9.691 .95 -8.5611
4 16 -14.15 2.95 -8.1633 -15.4 2.75 -8.2031 -15.4461 3.349 -8.084 -14.0579 3.349 -8.084
3 16 -14.15 2.2 -8.3125 -15.4 2.75 -8.2031 -14.15 2.95 -8.1633
4 16 -12.15 2.6 -8.233 -13.75 2.35 -8.2827 -13.8 2.95 -8.1633 -13.8 3.349 -8.084
4 16 -9.05 2.65 -8.223 -12.15 2.6 -8.233 -13.8 3.349 -8.084 -6.95 3 -8.1534
4 16 -6.95 3 -8.1534 -13.8 3.349 -8.084 -5.55 3.35 -8.0836 -6.7 3 -8.1534
4 16 -2 0 -8.75 -5.175 0 -8.75 -5.1 .9 -8.571 -2 3.349 -8.084
4 16 -2 3.349 -8.084 -5.1 .9 -8.571 -5.05 2.15 -8.3224 -4.9915 3.349 -8.084
4 16 -18.412 3.349 -8.084 -15.9035 3.349 -8.084 -15.85 2.6 -8.233 -18.298 0 -8.75
3 16 -18.298 0 -8.75 -15.85 2.6 -8.233 -15.65 1.1 -8.5312
3 16 -15.386 0 -8.75 -18.298 0 -8.75 -15.65 1.1 -8.5312
4 16 -14 3.6 -7.9162 -15.5 4.05 -7.6154 -15.45 4.85 -7.0807 -15.25 5.4 -6.7131
4 16 -14 3.6 -7.9162 -15.25 5.4 -6.7131 -14.95 5.65 -6.5459 -13.7 5.9 -6.3788
4 16 -13.8 3.55 -7.9496 -14 3.6 -7.9162 -13.7 5.9 -6.3788 -11.2 6 -6.312
4 16 -15.4461 3.349 -8.084 -15.5 4.05 -7.6154 -14 3.6 -7.9162 -14.0579 3.349 -8.084
4 16 -5.55 3.35 -8.0836 -13.8 3.349 -8.084 -13.8 3.55 -7.9496 -5.6 4.85 -7.0807
4 16 -13.8 3.55 -7.9496 -11.2 6 -6.312 -8.35 5.95 -6.3454 -6.65 5.8 -6.4457
4 16 -13.8 3.55 -7.9496 -6.65 5.8 -6.4457 -5.95 5.7 -6.5125 -5.75 5.55 -6.6128
4 16 -13.8 3.55 -7.9496 -5.75 5.55 -6.6128 -5.65 5.3 -6.7799 -5.6 4.85 -7.0807
4 16 -2 3.349 -8.084 -4.9915 3.349 -8.084 -4.95 4.2 -7.5152 -2 6.187 -6.187
3 16 -4.95 4.2 -7.5152 -4.95 5.2 -6.8467 -2 6.187 -6.187
3 16 -4.95 5.2 -6.8467 -5 5.65 -6.5459 -2 6.187 -6.187
3 16 -5 5.65 -6.5459 -5.2 5.95 -6.3454 -2 6.187 -6.187
3 16 -5.2 5.95 -6.3454 -5.45 6.1 -6.2452 -2 6.187 -6.187
3 16 -2 6.187 -6.187 -5.45 6.1 -6.2452 -5.74 6.187 -6.187
3 16 -15.25 6.1 -6.2452 -18.508 6.187 -6.187 -14.8846 6.187 -6.187
3 16 -15.7 5.7 -6.5125 -18.508 6.187 -6.187 -15.25 6.1 -6.2452
4 16 -18.508 6.187 -6.187 -15.7 5.7 -6.5125 -15.95 4.95 -7.0138 -18.412 3.349 -8.084
3 16 -18.412 3.349 -8.084 -15.95 4.95 -7.0138 -15.95 4 -7.6489
3 16 -15.9035 3.349 -8.084 -18.412 3.349 -8.084 -15.95 4 -7.6489
3 16 -18.518 6.479 -5.75 -18.5817 8.35 -5.75 -12.0622 6.479 -5.75
4 25 -1.25 9.75 -5.75 -1.25 8.35 -5.75 -18.5817 8.35 -5.75 -18.6293 9.75 -5.75
4 25 -1.25 12.4 -5.75 -1.25 11.15 -5.75 -18.6769 11.15 -5.75 -18.72 12.4 -5.75
4 72 -13.1 -2.1 -8.3324 -14.3 -2.2 -8.3125 -13.6 -1.8 -8.392 -12.5 -1.5 -8.4517
4 72 -11.8 -2 -8.3523 -13.1 -2.1 -8.3324 -12.5 -1.5 -8.4517 -10.9 -1.35 -8.4815
4 72 -10.1 -1.95 -8.3622 -11.8 -2 -8.3523 -10.9 -1.35 -8.4815 -9.3 -1.35 -8.4815
4 72 -8.6 -2 -8.3523 -10.1 -1.95 -8.3622 -9.3 -1.35 -8.4815 -8.1 -1.5 -8.4517
4 72 -7.8 -2.1 -8.3324 -8.6 -2 -8.3523 -8.1 -1.5 -8.4517 -7.4 -1.75 -8.402
3 72 -6.9 -2.15 -8.3224 -7.8 -2.1 -8.3324 -7.4 -1.75 -8.402
4 80 -1.25 11.15 -5.75 -1.25 9.75 -5.75 -18.6293 9.75 -5.75 -18.6769 11.15 -5.75
4 16 -1.25 8 -5.75 -2 8 -5.75 -18.5817 8.35 -5.75 -1.25 8.35 -5.75
3 16 -12.0622 6.479 -5.75 -18.5817 8.35 -5.75 -10.945 6.479 -5.75
4 16 -18.5817 8.35 -5.75 -2 8 -5.75 -2 6.479 -5.75 -10.945 6.479 -5.75
