0 Boat Cargo Loading Plate 10 x 12 x  3.333
0 Name: 2374b.dat
0 Author: Chris Böhnke [KnightOfTarenta]
0 !LDRAW_ORG Part UPDATE 2026-06
0 !LICENSE Licensed under CC BY 4.0 : see CAreadme.txt

0 BFC CERTIFY CCW

0 !KEYWORDS BrickLink 2374, Brickowl 612036, Rebrickable 2374

0 !HISTORY 2026-06-28 [OrionP] Official Update 2026-06

0 // Based on 2374.dat by Michael Heidemann [mikeheide]

0 // Corners
1 16 0 0 0 1 0 0 0 1 0 0 0 1 s\2374bs01.dat
1 16 0 0 0 1 0 0 0 1 0 0 0 -1 s\2374bs01.dat
1 16 0 0 0 -1 0 0 0 1 0 0 0 1 s\2374bs01.dat
1 16 0 0 0 -1 0 0 0 1 0 0 0 -1 s\2374bs01.dat

0 // Centre Geometry
0 BFC INVERTNEXT
1 16 0 80 0 56 0 0 0 -4 0 0 0 56 box5.dat
0 BFC INVERTNEXT
1 16 0 4 0 96 0 0 0 4 0 0 0 116 box4.dat
1 16 0 0 0 100 0 0 0 8 0 0 0 120 box4.dat
1 16 -60 20 0 0 1 0 -12 0 0 0 0 60 rect1.dat
1 16 -60 56 0 0 1 0 24 0 0 0 0 -60 rect1.dat
1 16 0 16 78 -20 0 0 0 1 0 0 0 -2 rect2p.dat
1 16 60 20 0 0 -1 0 -12 0 0 0 0 -60 rect1.dat
1 16 60 56 0 0 -1 0 24 0 0 0 0 60 rect1.dat
1 16 0 16 -78 20 0 0 0 1 0 0 0 2 rect2p.dat
1 16 0 5.5 -82 40 0 0 0 1.5 0 0 0 -2 box2-5.dat
1 16 0 5.5 82 40 0 0 0 1.5 0 0 0 2 box2-5.dat
1 16 62 5.5 0 0 0 2 0 1.5 0 60 0 0 box2-5.dat
1 16 -62 5.5 0 0 0 -2 0 1.5 0 60 0 0 box2-5.dat
4 16 -56 72 63 56 72 63 56 56 76 -56 56 76
4 16 -60 80 60 -60 56 80 60 56 80 60 80 60
4 16 -56 56 -76 56 56 -76 56 72 -63 -56 72 -63
4 16 -60 80 -60 60 80 -60 60 56 -80 -60 56 -80
4 16 -90 0 -44 -84 0 -44 -84 0 44 -90 0 44
4 16 24 0 104 -24 0 104 -60 0 80 60 0 80
4 16 24 0 110 24 0 116 -24 0 116 -24 0 110
4 16 -90 4 -46 -90 4 46 -86 4 46 -86 4 -46
4 16 26 4 106 40 4 84 -40 4 84 -26 4 106
4 16 26 4 110 -26 4 110 -26 4 114 26 4 114
4 16 26 4 110 26 4 106 -26 4 106 -26 4 110
4 16 -60 0 -80 -60 0 80 -84 0 44 -84 0 -44
4 16 100 0 -120 24 0 -116 -24 0 -116 -100 0 -120
4 16 -86 4 46 -64 4 60 -64 4 -60 -86 4 -46
4 16 -94 4 46 -90 4 46 -90 4 -46 -94 4 -46
4 16 -96 4 116 -94 4 46 -94 4 -46 -96 4 -116
4 16 84 0 -44 84 0 44 60 0 80 60 0 -80
4 16 -100 0 120 -24 0 116 24 0 116 100 0 120
4 16 94 4 -46 94 4 46 96 4 116 96 4 -116
4 16 90 4 -46 90 4 46 94 4 46 94 4 -46
4 16 -26 4 114 -96 4 116 96 4 116 26 4 114
4 16 90 0 44 84 0 44 84 0 -44 90 0 -44
4 16 64 4 60 86 4 46 86 4 -46 64 4 -60
4 16 90 4 46 90 4 -46 86 4 -46 86 4 46
4 16 -26 4 -114 26 4 -114 96 4 -116 -96 4 -116
4 16 -26 4 -106 -40 4 -84 40 4 -84 26 4 -106
4 16 -26 4 -110 26 4 -110 26 4 -114 -26 4 -114
4 16 -26 4 -110 -26 4 -106 26 4 -106 26 4 -110
4 16 60 0 80 -60 0 80 -40 7 80 40 7 80
4 16 60 56 80 -60 56 80 -20 16 80 20 16 80
4 16 56 72 -63 56 72 63 -56 72 63 -56 72 -63
4 16 60 80 60 56 80 56 -56 80 56 -60 80 60
4 16 -90 0 -44 -90 0 44 -96 0 44 -96 0 -44
4 16 -100 0 -120 -96 0 -44 -96 0 44 -100 0 120
4 16 100 8 -120 -100 8 -120 -96 8 -116 96 8 -116
4 16 -96 8 116 -96 8 -116 -100 8 -120 -100 8 120
4 16 -60 7 60 -60 0 80 -60 0 -80 -60 7 -60
4 16 -60 8 -60 -56 8 -76 -56 8 76 -60 8 60
4 16 -56 72 63 -56 8 76 -56 8 -76 -56 72 -63
4 16 60 56 -80 20 16 -80 -20 16 -80 -60 56 -80
4 16 60 80 -60 -60 80 -60 -56 80 -56 56 80 -56
4 16 -60 80 60 -56 80 56 -56 80 -56 -60 80 -60
4 16 24 0 -110 -24 0 -110 -24 0 -116 24 0 -116
4 16 24 0 -104 -24 0 -104 -24 0 -110 24 0 -110
4 16 -96 8 116 -100 8 120 100 8 120 96 8 116
4 16 100 8 -120 96 8 -116 96 8 116 100 8 120
4 16 60 7 -60 60 0 -80 60 0 80 60 7 60
4 16 56 8 -76 60 8 -60 60 8 60 56 8 76
4 16 20 16 76 -20 16 76 -56 56 76 56 56 76
4 16 56 8 -76 56 8 76 56 72 63 56 72 -63
4 16 60 80 -60 56 80 -56 56 80 56 60 80 60
4 16 -24 0 104 24 0 104 24 0 110 -24 0 110
4 16 -60 0 -80 60 0 -80 40 7 -80 -40 7 -80
4 16 -56 56 -76 -20 16 -76 20 16 -76 56 56 -76
4 16 90 0 44 90 0 -44 96 0 -44 96 0 44
4 16 100 0 120 96 0 44 96 0 -44 100 0 -120
4 16 60 0 -80 -60 0 -80 -24 0 -104 24 0 -104

0 // Edge Lines
2 24 -60 0 80 60 0 80
2 24 -60 0 -80 -60 0 80
2 24 -56 8 -76 -56 8 76
2 24 -60 80 -60 60 80 -60
2 24 60 0 80 60 0 -80
2 24 56 8 76 56 8 -76
2 24 60 80 60 -60 80 60
2 24 60 0 -80 -60 0 -80
2 24 -56 72 63 -56 72 -63
2 24 56 72 -63 56 72 63
2 24 -56 56 -76 56 56 -76
2 24 -60 56 80 60 56 80
2 24 56 72 -63 -56 72 -63
2 24 56 56 76 -56 56 76
2 24 -56 72 63 56 72 63
2 24 60 56 -80 -60 56 -80

0 // Top Studs
1 16 0 0 -100 0 0 1 0 1 0 -1 0 0 stug-2x2.dat
1 16 80 0 -100 0 0 1 0 1 0 -1 0 0 stug-2x2.dat
1 16 -80 0 -100 0 0 1 0 1 0 -1 0 0 stug-2x2.dat
1 16 -80 0 -20 0 0 1 0 1 0 -1 0 0 stug-2x2.dat
1 16 -80 0 20 0 0 1 0 1 0 -1 0 0 stug-2x2.dat
1 16 -80 0 100 0 0 1 0 1 0 -1 0 0 stug-2x2.dat
1 16 0 0 100 0 0 1 0 1 0 -1 0 0 stug-2x2.dat
1 16 80 0 100 0 0 1 0 1 0 -1 0 0 stug-2x2.dat
1 16 80 0 20 0 0 1 0 1 0 -1 0 0 stug-2x2.dat
1 16 80 0 -20 0 0 1 0 1 0 -1 0 0 stug-2x2.dat
1 16 -90 0 70 0 0 1 0 1 0 -1 0 0 stud.dat
1 16 90 0 70 0 0 1 0 1 0 -1 0 0 stud.dat
1 16 90 0 -70 0 0 1 0 1 0 -1 0 0 stud.dat
1 16 -90 0 -70 0 0 1 0 1 0 -1 0 0 stud.dat
1 16 -70 0 70 0 0 1 0 1 0 -1 0 0 stud.dat
1 16 70 0 70 0 0 1 0 1 0 -1 0 0 stud.dat
1 16 70 0 -70 0 0 1 0 1 0 -1 0 0 stud.dat
1 16 -70 0 -70 0 0 1 0 1 0 -1 0 0 stud.dat
1 16 70 0 50 0 0 1 0 1 0 -1 0 0 stud.dat
1 16 70 0 -50 0 0 1 0 1 0 -1 0 0 stud.dat
1 16 -70 0 -50 0 0 1 0 1 0 -1 0 0 stud.dat
1 16 -70 0 50 0 0 1 0 1 0 -1 0 0 stud.dat
1 16 50 0 90 0 0 1 0 1 0 -1 0 0 stud.dat
1 16 50 0 -90 0 0 1 0 1 0 -1 0 0 stud.dat
1 16 -50 0 90 0 0 1 0 1 0 -1 0 0 stud.dat
1 16 -50 0 -90 0 0 1 0 1 0 -1 0 0 stud.dat
1 16 50 0 110 0 0 1 0 1 0 -1 0 0 stud.dat
1 16 -50 0 110 0 0 1 0 1 0 -1 0 0 stud.dat
1 16 50 0 -110 0 0 1 0 1 0 -1 0 0 stud.dat
1 16 -50 0 -110 0 0 1 0 1 0 -1 0 0 stud.dat
1 16 -30 0 -90 0 0 1 0 1 0 -1 0 0 stud.dat
1 16 -30 0 90 0 0 1 0 1 0 -1 0 0 stud.dat
1 16 30 0 90 0 0 1 0 1 0 -1 0 0 stud.dat
1 16 30 0 -90 0 0 1 0 1 0 -1 0 0 stud.dat

0 // Main Plate Anti Studs
1 16 0 4 100 1 0 0 0 -1 0 0 0 1 stug4-1x3.dat
1 16 0 4 -100 1 0 0 0 -1 0 0 0 1 stug4-1x3.dat
1 16 80 4 0 0 0 1 0 -1 0 1 0 0 stug4-1x5.dat
1 16 -80 4 0 0 0 1 0 -1 0 1 0 0 stug4-1x5.dat

0 // Container Anti Studs
1 16 -40 76 -40 -1 0 0 0 -1 0 0 0 1 stud4.dat
1 16 0 76 -40 -1 0 0 0 -1 0 0 0 1 stud4.dat
1 16 40 76 -40 -1 0 0 0 -1 0 0 0 1 stud4.dat
1 16 20 76 -20 -1 0 0 0 -1 0 0 0 1 stud4.dat
1 16 -20 76 -20 -1 0 0 0 -1 0 0 0 1 stud4.dat
1 16 -40 76 0 -1 0 0 0 -1 0 0 0 1 stud4.dat
1 16 0 76 0 -1 0 0 0 -1 0 0 0 1 stud4.dat
1 16 40 76 0 -1 0 0 0 -1 0 0 0 1 stud4.dat
1 16 -40 76 40 -1 0 0 0 -1 0 0 0 1 stud4.dat
1 16 0 76 40 -1 0 0 0 -1 0 0 0 1 stud4.dat
1 16 40 76 40 -1 0 0 0 -1 0 0 0 1 stud4.dat
1 16 20 76 20 -1 0 0 0 -1 0 0 0 1 stud4.dat
1 16 -20 76 20 -1 0 0 0 -1 0 0 0 1 stud4.dat