0 Tile  2 x  3 with Silver Ghost Pattern
0 Name: 26603pt1.dat
0 Author: Jens Brühl [jb70]
0 !LDRAW_ORG Part UPDATE 2026-07
0 !LICENSE Licensed under CC BY 4.0 : see CAreadme.txt

0 BFC CERTIFY CCW

0 !CATEGORY Tile
0 !KEYWORDS Brickowl 109432, Brickset 116219, Koenigsegg
0 !KEYWORDS Rebrickable 26603pr0072, Set 42232

0 !HISTORY 2026-07-30 [OrionP] Official Update 2026-07

1 16 0 0 0 1 0 0 0 1 0 0 0 1 s\26603s01.dat
4 80 -1.77 0 10.43 -2.35 0 9.89 -2.72 0 9.19 -2.13 0 8.44
4 80 5.09 0 8.99 8.15 0 6.32 7.49 0 7.89 7.16 0 8.42
4 80 3.44 0 2.71 3.93 0 2.79 5.09 0 8.99 4.67 0 8.54
3 80 4.67 0 8.54 4.07 0 8.11 3.44 0 2.71
4 80 3.37 0 7.71 3.2 0 2.27 3.44 0 2.71 4.07 0 8.11
4 80 2.62 0 7.55 3.09 0 1.79 3.2 0 2.27 3.37 0 7.71
4 80 2.97 0 .24 -1.73 0 -.26 -1 0 -1.53 3.06 0 -.99
4 80 3.27 0 -2.3 3.06 0 -.99 -1 0 -1.53 -.25 0 -2.69
4 80 3.54 0 -3.59 3.27 0 -2.3 -.25 0 -2.69 .51 0 -3.82
4 80 3.54 0 -3.59 .51 0 -3.82 1.31 0 -4.95 3.88 0 -4.86
4 80 3.88 0 -4.86 1.31 0 -4.95 2.11 0 -6.06 4.3 0 -6.12
4 80 4.3 0 -6.12 2.11 0 -6.06 2.93 0 -7.18 4.77 0 -7.34
4 80 4.77 0 -7.34 2.93 0 -7.18 3.76 0 -8.28 5.31 0 -8.53
4 80 5.31 0 -8.53 3.76 0 -8.28 4.59 0 -9.36 5.97 0 -9.76
4 80 5.37 0 -10.36 5.65 0 -10.53 6.13 0 -10.44 5.97 0 -9.76
3 80 4.59 0 -9.36 5.37 0 -10.36 5.97 0 -9.76
4 80 8.1 0 -.32 7.35 0 -.43 7.41 0 -1.33 7.67 0 -1.86
4 80 7.29 0 .55 7.35 0 -.43 8.1 0 -.32 8.37 0 1.01
4 80 7.22 0 1.44 7.29 0 .55 8.37 0 1.01 8.52 0 2.33
3 80 8.52 0 2.33 7.07 0 2.14 7.22 0 1.44
4 80 4.76 0 1.49 4.99 0 1.06 5.77 0 2.21 5.95 0 2.75
3 80 6.83 0 2.66 7.07 0 2.14 8.52 0 2.33
4 80 6.43 0 3.07 6.83 0 2.66 8.52 0 2.33 8.56 0 3.68
3 80 5.95 0 2.75 4.57 0 2.14 4.76 0 1.49
4 80 4.57 0 2.14 5.95 0 2.75 6.43 0 3.07 4.31 0 2.48
4 80 4.31 0 2.48 6.43 0 3.07 8.44 0 5.02 3.93 0 2.79
3 80 8.44 0 5.02 6.43 0 3.07 8.56 0 3.68
4 80 3.93 0 2.79 8.44 0 5.02 8.15 0 6.32 5.09 0 8.99
4 80 5.09 0 8.99 7.16 0 8.42 6.76 0 8.89 6.25 0 9.24
3 80 5.63 0 9.29 5.09 0 8.99 6.25 0 9.24
4 80 3.09 0 1.79 2.62 0 7.55 1.94 0 7.93 .07 0 8.04
4 80 2.99 0 .79 -2.36 0 .94 -2.02 0 .35 2.97 0 .24
3 80 -2.02 0 .35 -1.73 0 -.26 2.97 0 .24
3 80 3.02 0 1.3 -2.36 0 .94 2.99 0 .79
4 80 -3.42 0 -.93 -3.33 0 -.56 -4.24 0 -.69 -4.01 0 -1
4 80 -3.28 0 -.1 -4.43 0 -.36 -4.24 0 -.69 -3.33 0 -.56
3 80 -4.73 0 -.05 -4.43 0 -.36 -3.28 0 -.1
3 80 -3.42 0 -.93 -4.01 0 -1 -3.69 0 -1.21
4 80 -5.12 0 .17 -3.28 0 -.1 -3.18 0 .57 -3.65 0 6.46
4 80 -7.78 0 .67 -7.26 0 -.51 -5.71 0 -.71 -8.2 0 1.89
4 80 -5.53 0 -1.56 -5.63 0 -1.14 -7.26 0 -.51 -6.66 0 -1.67
4 80 -5.35 0 -2.24 -5.53 0 -1.56 -6.66 0 -1.67 -6 0 -2.78
3 80 -7.26 0 -.51 -5.63 0 -1.14 -5.71 0 -.71
3 80 -8.2 0 1.89 -5.71 0 -.71 -5.72 0 -.27
3 80 -8.2 0 1.89 -5.72 0 -.27 -5.55 0 .14
4 80 -8.2 0 1.89 -5.55 0 .14 -5.12 0 .17 -8.48 0 3.15
4 80 -5.05 0 -3.07 -5.35 0 -2.24 -6 0 -2.78 -5.33 0 -3.76
4 80 -4.83 0 -3.56 -5.05 0 -3.07 -5.33 0 -3.76 -5.14 0 -3.98
3 80 -4.83 0 -3.56 -5.14 0 -3.98 -4.76 0 -3.97
4 80 -8.56 0 4.46 -8.48 0 3.15 -5.12 0 .17 -3.65 0 6.46
4 80 -8.29 0 6.19 -8.53 0 5.44 -8.56 0 4.46 -7.8 0 6.82
4 80 -7.05 0 7.07 -7.8 0 6.82 -8.56 0 4.46 -6.27 0 6.94
3 80 -6.27 0 6.94 -8.56 0 4.46 -5.53 0 6.64
3 80 -5.53 0 6.64 -8.56 0 4.46 -4.93 0 6.41
3 80 -4.93 0 6.41 -8.56 0 4.46 -4.28 0 6.33
3 80 -3.65 0 6.46 -4.28 0 6.33 -8.56 0 4.46
4 80 -3.65 0 6.46 -3.18 0 .57 -2.94 0 1.2 -3.23 0 7.04
4 80 -.24 0 10.21 -.97 0 10.53 -1.77 0 10.43 .39 0 9.72
4 80 .95 0 9.17 .39 0 9.72 -1.77 0 10.43 .57 0 8.94
3 80 -1.77 0 10.43 .07 0 8.84 .57 0 8.94
3 80 -1.77 0 10.43 -.23 0 8.54 .07 0 8.84
4 80 -.43 0 8.04 -.23 0 8.54 -1.77 0 10.43 -1.13 0 8.24
3 80 -1.77 0 10.43 -1.53 0 8.54 -1.13 0 8.24
3 80 -1.77 0 10.43 -2.13 0 8.44 -1.53 0 8.54
4 80 -2.13 0 8.44 -2.72 0 9.19 -2.97 0 8.42 -2.23 0 8.04
3 80 -2.97 0 8.42 -3.13 0 7.64 -2.23 0 8.04
4 80 -1.73 0 7.84 -2.23 0 8.04 -3.13 0 7.64 -3.23 0 7.04
4 80 -1.23 0 7.84 -1.73 0 7.84 -3.23 0 7.04 3.09 0 1.79
3 80 -3.23 0 7.04 -2.94 0 1.2 3.09 0 1.79
4 80 .07 0 8.04 -.43 0 8.04 -1.23 0 7.84 3.09 0 1.79
4 80 .57 0 8.34 .07 0 8.04 1.94 0 7.93 1.47 0 8.54
4 80 .57 0 8.94 .57 0 8.34 1.47 0 8.54 .95 0 9.17
3 80 -1.13 0 8.24 -1.23 0 7.84 -.43 0 8.04
4 80 4.99 0 1.06 5.36 0 .73 5.59 0 1.16 5.67 0 1.64
3 80 5.77 0 2.21 4.99 0 1.06 5.67 0 1.64
3 80 -5.12 0 .17 -4.73 0 -.05 -3.28 0 -.1
4 80 -2.94 0 1.2 -2.36 0 .94 3.02 0 1.3 3.09 0 1.79

4 16 -1.53 0 8.54 -2.13 0 8.44 -2.23 0 8.04 -1.13 0 8.24
4 16 -1.13 0 8.24 -2.23 0 8.04 -1.73 0 7.84 -1.23 0 7.84
4 16 .57 0 8.94 .07 0 8.84 -.23 0 8.54 .57 0 8.34
4 16 .07 0 8.04 .57 0 8.34 -.23 0 8.54 -.43 0 8.04
4 16 3.93 0 2.79 3.44 0 2.71 3.2 0 2.27 4.31 0 2.48
4 16 4.31 0 2.48 3.2 0 2.27 3.09 0 1.79 4.57 0 2.14
4 16 4.76 0 1.49 4.57 0 2.14 3.09 0 1.79 3.02 0 1.3
4 16 4.99 0 1.06 4.76 0 1.49 3.02 0 1.3 2.99 0 .79
4 16 5.36 0 .73 4.99 0 1.06 2.99 0 .79 2.97 0 .24
4 16 6.43 0 3.07 5.95 0 2.75 5.77 0 2.21 6.83 0 2.66
4 16 7.07 0 2.14 6.83 0 2.66 5.77 0 2.21 5.67 0 1.64
4 16 7.22 0 1.44 7.07 0 2.14 5.67 0 1.64 5.59 0 1.16
4 16 7.29 0 .55 7.22 0 1.44 5.59 0 1.16 5.36 0 .73
4 16 7.35 0 -.43 7.29 0 .55 5.36 0 .73 2.97 0 .24
4 16 7.41 0 -1.33 7.35 0 -.43 2.97 0 .24 3.06 0 -.99
4 16 7.67 0 -1.86 7.41 0 -1.33 3.06 0 -.99 3.27 0 -2.3
4 16 7.67 0 -1.86 3.27 0 -2.3 3.54 0 -3.59 3.88 0 -4.86
4 16 7.67 0 -1.86 3.88 0 -4.86 4.3 0 -6.12 4.77 0 -7.34
4 16 7.67 0 -1.86 4.77 0 -7.34 5.31 0 -8.53 5.97 0 -9.76
4 16 -2.36 0 .94 -2.94 0 1.2 -3.18 0 .57 -2.02 0 .35
4 16 -2.02 0 .35 -3.18 0 .57 -3.28 0 -.1 -1.73 0 -.26
4 16 -1.73 0 -.26 -3.28 0 -.1 -3.33 0 -.56 -1 0 -1.53
4 16 -1 0 -1.53 -3.33 0 -.56 -3.42 0 -.93 -.25 0 -2.69
4 16 -.25 0 -2.69 -3.42 0 -.93 -3.69 0 -1.21 .51 0 -3.82
4 16 -5.12 0 .17 -5.55 0 .14 -5.72 0 -.27 -4.73 0 -.05
4 16 -4.73 0 -.05 -5.72 0 -.27 -5.71 0 -.71 -4.43 0 -.36
4 16 -4.24 0 -.69 -4.43 0 -.36 -5.71 0 -.71 -5.63 0 -1.14
4 16 -4.01 0 -1 -4.24 0 -.69 -5.63 0 -1.14 -5.53 0 -1.56
4 16 -3.69 0 -1.21 -4.01 0 -1 -5.53 0 -1.56 -5.35 0 -2.24
4 16 -3.69 0 -1.21 -5.35 0 -2.24 -5.05 0 -3.07 .51 0 -3.82
4 16 .51 0 -3.82 -5.05 0 -3.07 -4.83 0 -3.56 1.31 0 -4.95
4 16 2.11 0 -6.06 1.31 0 -4.95 -4.83 0 -3.56 -4.76 0 -3.97
4 16 2.11 0 -6.06 -4.76 0 -3.97 -5.14 0 -3.98 2.93 0 -7.18
3 16 2.93 0 -7.18 -5.14 0 -3.98 3.76 0 -8.28
3 16 3.76 0 -8.28 -5.14 0 -3.98 4.59 0 -9.36
4 16 -4.93 0 6.41 -4.28 0 6.33 -3.65 0 6.46 -3.23 0 7.04
4 16 -5.53 0 6.64 -4.93 0 6.41 -3.23 0 7.04 -3.13 0 7.64
4 16 -3.13 0 7.64 -2.97 0 8.42 -6.27 0 6.94 -5.53 0 6.64
4 16 -2.97 0 8.42 -2.72 0 9.19 -7.05 0 7.07 -6.27 0 6.94
4 16 -7.8 0 6.82 -7.05 0 7.07 -2.72 0 9.19 -2.35 0 9.89
4 16 1.47 0 8.54 1.94 0 7.93 2.62 0 7.55 3.37 0 7.71
4 16 1.47 0 8.54 3.37 0 7.71 4.07 0 8.11 .95 0 9.17
4 16 .95 0 9.17 4.07 0 8.11 4.67 0 8.54 .39 0 9.72
4 16 .39 0 9.72 4.67 0 8.54 5.09 0 8.99 -.24 0 10.21
4 16 -.24 0 10.21 5.09 0 8.99 5.63 0 9.29 -.97 0 10.53
4 16 -1.77 0 10.43 -30 0 20 -7.8 0 6.82 -2.35 0 9.89
3 16 -30 0 20 -1.77 0 10.43 -.97 0 10.53
4 16 -30 0 20 -.97 0 10.53 5.63 0 9.29 30 0 20
3 16 30 0 20 5.63 0 9.29 6.25 0 9.24
3 16 30 0 20 6.25 0 9.24 6.76 0 8.89
3 16 30 0 20 6.76 0 8.89 7.16 0 8.42
3 16 30 0 20 7.16 0 8.42 7.49 0 7.89
3 16 30 0 20 7.49 0 7.89 8.15 0 6.32
3 16 30 0 20 8.15 0 6.32 8.44 0 5.02
3 16 30 0 20 8.44 0 5.02 8.56 0 3.68
4 16 30 0 -20 30 0 20 8.56 0 3.68 8.52 0 2.33
3 16 30 0 -20 8.52 0 2.33 8.37 0 1.01
3 16 30 0 -20 8.37 0 1.01 8.1 0 -.32
4 16 5.97 0 -9.76 30 0 -20 8.1 0 -.32 7.67 0 -1.86
3 16 30 0 -20 5.97 0 -9.76 6.13 0 -10.44
4 16 -30 0 -20 30 0 -20 6.13 0 -10.44 5.65 0 -10.53
3 16 -30 0 -20 5.65 0 -10.53 5.37 0 -10.36
4 16 4.59 0 -9.36 -5.14 0 -3.98 -30 0 -20 5.37 0 -10.36
3 16 -30 0 -20 -5.14 0 -3.98 -5.33 0 -3.76
3 16 -30 0 -20 -5.33 0 -3.76 -6 0 -2.78
3 16 -30 0 -20 -6 0 -2.78 -6.66 0 -1.67
3 16 -30 0 -20 -6.66 0 -1.67 -7.26 0 -.51
3 16 -30 0 -20 -7.26 0 -.51 -7.78 0 .67
3 16 -30 0 -20 -7.78 0 .67 -8.2 0 1.89
3 16 -30 0 -20 -8.2 0 1.89 -8.48 0 3.15
4 16 -8.48 0 3.15 -8.56 0 4.46 -30 0 20 -30 0 -20
3 16 -30 0 20 -8.56 0 4.46 -8.53 0 5.44
3 16 -30 0 20 -8.53 0 5.44 -8.29 0 6.19
3 16 -30 0 20 -8.29 0 6.19 -7.8 0 6.82