0 Minifig Sword Elvish
0 Name: 2674a.dat
0 Author: Philippe Hurbain [Philo]
0 !LDRAW_ORG Part UPDATE 2026-06
0 !LICENSE Licensed under CC BY 4.0 : see CAreadme.txt

0 BFC CERTIFY CCW

0 !CATEGORY Minifig Accessory

0 !KEYWORDS BrickLink 2674e, Brickowl 937284, Elf, Lord of the Rings, LOTR
0 !KEYWORDS Rivendell, Set 10316

0 !HISTORY 2026-06-28 [OrionP] Official Update 2026-06


1 16 0 0 0 1 0 0 0 1 0 0 0 1 s\2674as01.dat
1 16 0 0 0 -1 0 0 0 1 0 0 0 1 s\2674as01.dat

1 16 0 1.54 0 0 0 1 0 0.8 0 1 0 0 s\11156s03.dat
1 16 0 0.29 0 -1 0 0 0 0.8 0 0 0 1 s\11156s03.dat
1 16 0 -0.96 0 0 0 -1 0 0.8 0 -1 0 0 s\11156s03.dat
1 16 0 -2.21 0 1 0 0 0 0.8 0 0 0 -1 s\11156s03.dat
1 16 0 5.29 0 -1 0 0 0 0.8 0 0 0 1 s\11156s03.dat
1 16 0 4.04 0 0 0 -1 0 0.8 0 -1 0 0 s\11156s03.dat
1 16 0 2.79 0 1 0 0 0 0.8 0 0 0 -1 s\11156s03.dat
1 16 0 -3.46 0 0 0 1 0 0.8 0 1 0 0 s\11156s03.dat
1 16 0 -4.71 0 -1 0 0 0 0.8 0 0 0 1 s\11156s03.dat
1 16 0 -5.96 0 0 0 -1 0 0.8 0 -1 0 0 s\11156s03.dat
1 16 0 9.25 0 0 0 4 0 -2.71 0 -4 0 0 1-4cyli.dat
1 16 0 6.54 0 0 0 4 0 -1.25 0 -4 0 0 1-4cylh.dat
1 16 0 6.54 0 0 0 4 0 -1.25 0 -4 0 0 1-4edgh.dat
5 24 0 10.5 -4 0 6.54 -4 1.5308 6.54 -3.6956 -1.5308 6.54 -3.6956
5 24 4 9.25 0 4 5.29 0 3.6956 9.25 -1.5308 3.6956 9.25 1.5308
3 16 0 6.54 -4 1.5308 6.2278 -3.6956 1.3777 5.7075 -3.326
3 16 0 6.54 -4 1.3777 5.7075 -3.326 0 6.02 -3.6
3 16 1.5308 6.2278 -3.6956 2.8284 5.915 -2.8284 2.5456 5.395 -2.5456
3 16 1.5308 6.2278 -3.6956 2.5456 5.395 -2.5456 1.3777 5.7075 -3.326
3 16 2.8285 5.915 -2.8284 3.6956 5.6025 -1.5308 3.326 5.0825 -1.3777
3 16 2.8285 5.915 -2.8284 3.326 5.0825 -1.3777 2.5456 5.395 -2.5456
3 16 3.6956 5.6025 -1.5308 4 5.29 0 3.6 4.77 0
3 16 3.6956 5.6025 -1.5308 3.6 4.77 0 3.326 5.0825 -1.3777
5 24 0 6.54 -4 0 6.02 -3.6 -1.3777 6.3325 -3.326 1.3777 5.7075 -3.326
5 24 1.3777 5.7075 -3.326 0 6.54 -4 0 6.02 -3.6 1.5308 6.2275 -3.6956
5 24 1.5308 6.2275 -3.6956 1.3777 5.7075 -3.326 0 6.02 -3.6 2.5456 5.395 -2.5456
5 24 2.5456 5.395 -2.5456 1.5308 6.2275 -3.6956 1.3777 5.7075 -3.326 2.8284 5.915 -2.8284
5 24 2.8284 5.915 -2.8284 2.5456 5.395 -2.5456 1.3777 5.7075 -3.326 3.326 5.0825 -1.3777
5 24 3.326 5.0825 -1.3777 2.8284 5.915 -2.8284 2.5456 5.395 -2.5456 3.6956 5.6025 -1.5308
5 24 3.6956 5.6025 -1.5308 3.326 5.0825 -1.3777 2.5456 5.395 -2.5456 3.6 4.77 0
5 24 3.6 4.77 0 3.6956 5.6025 -1.5308 3.326 5.0825 -1.3777 4 5.29 0
5 24 4 5.29 0 3.6 4.77 0 3.326 5.0825 -1.3777 3.326 4.4575 1.3777
1 16 0 12.29 0 4 0 0 0 -2 0 0 0 4 1-4cyli.dat
1 16 0 10.29 0 4 0 0 0 -1.25 0 0 0 4 1-4cylh.dat
1 16 0 10.29 0 4 0 0 0 -1.25 0 0 0 4 1-4edgh.dat
3 16 4 10.29 0 3.6956 9.9778 1.5308 3.326 9.4575 1.3777
3 16 4 10.29 0 3.326 9.4575 1.3777 3.6 9.77 0
3 16 3.6956 9.9778 1.5308 2.8284 9.665 2.8284 2.5456 9.145 2.5456
3 16 3.6956 9.9778 1.5308 2.5456 9.145 2.5456 3.326 9.4575 1.3777
3 16 2.8284 9.665 2.8285 1.5308 9.3525 3.6956 1.3777 8.8325 3.326
3 16 2.8284 9.665 2.8285 1.3777 8.8325 3.326 2.5456 9.145 2.5456
3 16 1.5308 9.3525 3.6956 0 9.04 4 0 8.52 3.6
3 16 1.5308 9.3525 3.6956 0 8.52 3.6 1.3777 8.8325 3.326
5 24 4 10.29 0 3.6 9.77 0 3.326 10.0825 -1.3777 3.326 9.4575 1.3777
5 24 3.326 9.4575 1.3777 4 10.29 0 3.6 9.77 0 3.6956 9.9775 1.5308
5 24 3.6956 9.9775 1.5308 3.326 9.4575 1.3777 3.6 9.77 0 2.5456 9.145 2.5456
5 24 2.5456 9.145 2.5456 3.6956 9.9775 1.5308 3.326 9.4575 1.3777 2.8284 9.665 2.8284
5 24 2.8284 9.665 2.8284 2.5456 9.145 2.5456 3.326 9.4575 1.3777 1.3777 8.8325 3.326
5 24 1.3777 8.8325 3.326 2.8284 9.665 2.8284 2.5456 9.145 2.5456 1.5308 9.3525 3.6956
5 24 1.5308 9.3525 3.6956 1.3777 8.8325 3.326 2.5456 9.145 2.5456 0 8.52 3.6
5 24 0 8.52 3.6 1.5308 9.3525 3.6956 1.3777 8.8325 3.326 0 9.04 4
5 24 0 9.04 4 0 8.52 3.6 1.3777 8.8325 3.326 -1.3777 8.2075 3.326
2 24 3.8478 9.9263 -0.7654 3.6 9.77 0
2 24 3.8478 9.9263 -0.7654 4 9.25 0
2 24 3.8478 9.9263 -0.7654 4 10.29 0
1 16 0 9.25 0 0 0 4 0 3.7 0 -4 0 0 3-16cyls.dat
3 16 3.8478 9.9263 -0.7654 3.6956 9.25 -1.5308 3.6956 11.534 -1.5308
3 16 3.6956 9.25 -1.5308 3.8478 9.9263 -0.7654 4 9.25 0
4 16 4 12.29 0 4 10.29 0 3.8478 9.9263 -0.7654 3.6956 11.534 -1.5308
3 16 3.8478 9.9263 -0.7654 3.6 9.77 0 4 9.25 0
3 16 3.6 9.77 0 3.8478 9.9263 -0.7654 4 10.29 0
3 16 0 8.1338 -4.4291 1.6631 8.4454 -4.0829 -1.6631 8.4454 -4.0829
3 16 1.5031 10.0442 4.1226 0 9.8289 4.4553 -1.5031 10.0442 4.1226
4 16 -2.9661 10.6986 3.1112 2.9661 10.6986 3.1112 1.5031 10.0442 4.1226 -1.5031 10.0442 4.1226
4 16 -3.9414 11.9418 1.5538 3.9414 11.9418 1.5538 2.9661 10.6986 3.1112 -2.9661 10.6986 3.1112
4 16 -4.3088 12.0521 -0.1785 4.3088 12.0521 -0.1785 3.9414 11.9418 1.5538 -3.9414 11.9418 1.5538
4 16 -4.0092 11.1991 -1.838 4.0092 11.1991 -1.838 4.3088 12.0521 -0.1785 -4.3088 12.0521 -0.1785
4 16 -3.0894 9.4304 -3.1649 3.0894 9.4304 -3.1649 4.0092 11.1991 -1.838 -4.0092 11.1991 -1.838
4 16 -1.6631 8.4454 -4.0829 1.6631 8.4454 -4.0829 3.0894 9.4304 -3.1649 -3.0894 9.4304 -3.1649
5 24 -2.9661 10.6986 3.1112 2.9661 10.6986 3.1112 3.9414 11.9418 1.5538 1.5031 10.0442 4.1226
5 24 -3.9414 11.9418 1.5538 3.9414 11.9418 1.5538 4.3088 12.0521 -0.1785 2.9661 10.6986 3.1112
5 24 -4.3088 12.0521 -0.1785 4.3088 12.0521 -0.1785 4.0092 11.1991 -1.838 3.9414 11.9418 1.5538
5 24 -4.0092 11.1991 -1.838 4.0092 11.1991 -1.838 3.0894 9.4304 -3.1649 4.3088 12.0521 -0.1785
5 24 -3.0894 9.4304 -3.1649 3.0894 9.4304 -3.1649 1.6631 8.4454 -4.0829 4.0092 11.1991 -1.838
5 24 -1.6631 8.4454 -4.0829 1.6631 8.4454 -4.0829 0 8.1338 -4.4291 3.0894 9.4304 -3.1649
1 16 0 12.35 0 0 0 -4 0 -3.31 0 4 0 0 1-4cyli.dat
1 16 0 9.04 0 0 0 -4 0 -1.25 0 4 0 0 1-4cylh.dat
1 16 0 9.04 0 0 0 -4 0 -1.25 0 4 0 0 1-4edgh.dat
3 16 0 9.04 4 -1.5308 8.7278 3.6956 -1.3777 8.2075 3.326
3 16 0 9.04 4 -1.3777 8.2075 3.326 0 8.52 3.6
3 16 -1.5308 8.7278 3.6956 -2.8284 8.415 2.8284 -2.5456 7.895 2.5456
3 16 -1.5308 8.7278 3.6956 -2.5456 7.895 2.5456 -1.3777 8.2075 3.326
3 16 -2.8285 8.415 2.8284 -3.6956 8.1025 1.5308 -3.326 7.5825 1.3777
3 16 -2.8285 8.415 2.8284 -3.326 7.5825 1.3777 -2.5456 7.895 2.5456
3 16 -3.6956 8.1025 1.5308 -4 7.79 0 -3.6 7.27 0
3 16 -3.6956 8.1025 1.5308 -3.6 7.27 0 -3.326 7.5825 1.3777
5 24 -1.3777 8.2075 3.326 0 9.04 4 0 8.52 3.6 -1.5308 8.7275 3.6956
5 24 -1.5308 8.7275 3.6956 -1.3777 8.2075 3.326 0 8.52 3.6 -2.5456 7.895 2.5456
5 24 -2.5456 7.895 2.5456 -1.5308 8.7275 3.6956 -1.3777 8.2075 3.326 -2.8284 8.415 2.8284
5 24 -2.8284 8.415 2.8284 -2.5456 7.895 2.5456 -1.3777 8.2075 3.326 -3.326 7.5825 1.3777
5 24 -3.326 7.5825 1.3777 -2.8284 8.415 2.8284 -2.5456 7.895 2.5456 -3.6956 8.1025 1.5308
5 24 -3.6956 8.1025 1.5308 -3.326 7.5825 1.3777 -2.5456 7.895 2.5456 -3.6 7.27 0
5 24 -3.6 7.27 0 -3.6956 8.1025 1.5308 -3.326 7.5825 1.3777 -4 7.79 0
5 24 -4 7.79 0 -3.6 7.27 0 -3.326 7.5825 1.3777 -3.326 6.9575 -1.3777
1 16 0 12.35 0 -4 0 0 0 -4.56 0 0 0 -4 1-4cyli.dat
1 16 0 7.79 0 -4 0 0 0 -1.25 0 0 0 -4 1-4cylh.dat
1 16 0 7.79 0 -4 0 0 0 -1.25 0 0 0 -4 1-4edgh.dat
3 16 -4 7.79 0 -3.6956 7.4778 -1.5308 -3.326 6.9575 -1.3777
3 16 -4 7.79 0 -3.326 6.9575 -1.3777 -3.6 7.27 0
3 16 -3.6956 7.4778 -1.5308 -2.8284 7.165 -2.8284 -2.5456 6.645 -2.5456
3 16 -3.6956 7.4778 -1.5308 -2.5456 6.645 -2.5456 -3.326 6.9575 -1.3777
3 16 -2.8284 7.165 -2.8285 -1.5308 6.8525 -3.6956 -1.3777 6.3325 -3.326
3 16 -2.8284 7.165 -2.8285 -1.3777 6.3325 -3.326 -2.5456 6.645 -2.5456
3 16 -1.5308 6.8525 -3.6956 0 6.54 -4 0 6.02 -3.6
3 16 -1.5308 6.8525 -3.6956 0 6.02 -3.6 -1.3777 6.3325 -3.326
5 24 -3.326 6.9575 -1.3777 -4 7.79 0 -3.6 7.27 0 -3.6956 7.4775 -1.5308
5 24 -3.6956 7.4775 -1.5308 -3.326 6.9575 -1.3777 -3.6 7.27 0 -2.5456 6.645 -2.5456
5 24 -2.5456 6.645 -2.5456 -3.6956 7.4775 -1.5308 -3.326 6.9575 -1.3777 -2.8284 7.165 -2.8284
5 24 -2.8284 7.165 -2.8284 -2.5456 6.645 -2.5456 -3.326 6.9575 -1.3777 -1.3777 6.3325 -3.326
5 24 -1.3777 6.3325 -3.326 -2.8284 7.165 -2.8284 -2.5456 6.645 -2.5456 -1.5308 6.8525 -3.6956
5 24 -1.5308 6.8525 -3.6956 -1.3777 6.3325 -3.326 -2.5456 6.645 -2.5456 0 6.02 -3.6
5 24 0 6.02 -3.6 -1.5308 6.8525 -3.6956 -1.3777 6.3325 -3.326 0 6.54 -4
1 16 0 -3.98 0 0 0 3.6 0 -1.25 0 -3.6 0 0 1-4edgh.dat
1 16 0 -4.5 0 0 0 4 0 -1.25 0 -4 0 0 1-4edgh.dat
3 16 1.3777 -4.2925 -3.326 1.5308 -4.8125 -3.6956 0 -3.98 -3.6
3 16 0 -3.98 -3.6 1.5308 -4.8125 -3.6956 0 -4.5 -4
3 16 2.5456 -4.605 -2.5456 2.8284 -5.125 -2.8284 1.3777 -4.2925 -3.326
3 16 1.3777 -4.2925 -3.326 2.8284 -5.125 -2.8284 1.5308 -4.8125 -3.6956
3 16 3.326 -4.9175 -1.3777 3.6956 -5.4375 -1.5308 2.5456 -4.605 -2.5456
3 16 2.5456 -4.605 -2.5456 3.6956 -5.4375 -1.5308 2.8285 -5.125 -2.8284
3 16 3.6 -5.23 0 4 -5.75 0 3.326 -4.9175 -1.3777
3 16 3.326 -4.9175 -1.3777 4 -5.75 0 3.6956 -5.4375 -1.5308
5 24 0 -3.98 -3.6 0 -4.5 -4 -1.3777 -3.6675 -3.326 1.3777 -4.2925 -3.326
5 24 1.5308 -4.8125 -3.6956 0 -3.98 -3.6 0 -4.5 -4 1.3777 -4.2925 -3.326
5 24 1.3777 -4.2925 -3.326 1.5308 -4.8125 -3.6956 0 -3.98 -3.6 2.5456 -4.605 -2.5456
5 24 2.8284 -5.125 -2.8284 1.3777 -4.2925 -3.326 1.5308 -4.8125 -3.6956 2.5456 -4.605 -2.5456
5 24 2.5456 -4.605 -2.5456 2.8284 -5.125 -2.8284 1.3777 -4.2925 -3.326 3.326 -4.9175 -1.3777
5 24 3.6956 -5.4375 -1.5308 2.5456 -4.605 -2.5456 2.8284 -5.125 -2.8284 3.326 -4.9175 -1.3777
5 24 3.326 -4.9175 -1.3777 3.6956 -5.4375 -1.5308 2.5456 -4.605 -2.5456 3.6 -5.23 0
5 24 4 -5.75 0 3.326 -4.9175 -1.3777 3.6956 -5.4375 -1.5308 3.6 -5.23 0
5 24 3.6 -5.23 0 4 -5.75 0 3.326 -4.9175 -1.3777 3.326 -5.5425 1.3777
1 16 0 -5.75 0 4 0 0 0 -1.25 0 0 0 4 1-4edgh.dat
3 16 3.326 -5.5425 1.3777 3.6956 -6.0625 1.5308 3.6 -5.23 0
3 16 3.6 -5.23 0 3.6956 -6.0625 1.5308 4 -5.75 0
3 16 2.5456 -5.855 2.5456 2.8284 -6.375 2.8284 3.326 -5.5425 1.3777
3 16 3.326 -5.5425 1.3777 2.8284 -6.375 2.8284 3.6956 -6.0625 1.5308
3 16 1.3777 -6.1675 3.326 1.5308 -6.6875 3.6956 2.5456 -5.855 2.5456
3 16 2.5456 -5.855 2.5456 1.5308 -6.6875 3.6956 2.8284 -6.375 2.8285
3 16 0 -6.48 3.6 0 -7 4 1.3777 -6.1675 3.326
3 16 1.3777 -6.1675 3.326 0 -7 4 1.5308 -6.6875 3.6956
5 24 3.6956 -6.0625 1.5308 3.6 -5.23 0 4 -5.75 0 3.326 -5.5425 1.3777
5 24 3.326 -5.5425 1.3777 3.6956 -6.0625 1.5308 3.6 -5.23 0 2.5456 -5.855 2.5456
5 24 2.8284 -6.375 2.8284 3.326 -5.5425 1.3777 3.6956 -6.0625 1.5308 2.5456 -5.855 2.5456
5 24 2.5456 -5.855 2.5456 2.8284 -6.375 2.8284 3.326 -5.5425 1.3777 1.3777 -6.1675 3.326
5 24 1.5308 -6.6875 3.6956 2.5456 -5.855 2.5456 2.8284 -6.375 2.8284 1.3777 -6.1675 3.326
5 24 1.3777 -6.1675 3.326 1.5308 -6.6875 3.6956 2.5456 -5.855 2.5456 0 -6.48 3.6
5 24 0 -7 4 1.3777 -6.1675 3.326 1.5308 -6.6875 3.6956 0 -6.48 3.6
5 24 0 -6.48 3.6 0 -7 4 1.3777 -6.1675 3.326 -1.3777 -6.7925 3.326
1 16 0 -7 0 0 0 -4 0 -1.25 0 4 0 0 1-4edgh.dat
3 16 -1.3777 -6.7925 3.326 -1.5308 -7.3125 3.6956 0 -6.48 3.6
3 16 0 -6.48 3.6 -1.5308 -7.3125 3.6956 0 -7 4
3 16 -2.5456 -7.105 2.5456 -2.8284 -7.625 2.8284 -1.3777 -6.7925 3.326
3 16 -1.3777 -6.7925 3.326 -2.8284 -7.625 2.8284 -1.5308 -7.3125 3.6956
3 16 -3.326 -7.4175 1.3777 -3.6956 -7.9375 1.5308 -2.5456 -7.105 2.5456
3 16 -2.5456 -7.105 2.5456 -3.6956 -7.9375 1.5308 -2.8285 -7.625 2.8284
3 16 -3.6 -7.73 0 -4 -8.25 0 -3.326 -7.4175 1.3777
3 16 -3.326 -7.4175 1.3777 -4 -8.25 0 -3.6956 -7.9375 1.5308
5 24 -1.5308 -7.3125 3.6956 0 -6.48 3.6 0 -7 4 -1.3777 -6.7925 3.326
5 24 -1.3777 -6.7925 3.326 -1.5308 -7.3125 3.6956 0 -6.48 3.6 -2.5456 -7.105 2.5456
5 24 -2.8284 -7.625 2.8284 -1.3777 -6.7925 3.326 -1.5308 -7.3125 3.6956 -2.5456 -7.105 2.5456
5 24 -2.5456 -7.105 2.5456 -2.8284 -7.625 2.8284 -1.3777 -6.7925 3.326 -3.326 -7.4175 1.3777
5 24 -3.6956 -7.9375 1.5308 -2.5456 -7.105 2.5456 -2.8284 -7.625 2.8284 -3.326 -7.4175 1.3777
5 24 -3.326 -7.4175 1.3777 -3.6956 -7.9375 1.5308 -2.5456 -7.105 2.5456 -3.6 -7.73 0
5 24 -4 -8.25 0 -3.326 -7.4175 1.3777 -3.6956 -7.9375 1.5308 -3.6 -7.73 0
5 24 -3.6 -7.73 0 -4 -8.25 0 -3.326 -7.4175 1.3777 -3.326 -8.0425 -1.3777
1 16 0 -2.73 0 -3.6 0 0 0 -1.25 0 0 0 -3.6 1-4edgh.dat
1 16 0 -3.25 0 -4 0 0 0 -1.25 0 0 0 -4 1-4edgh.dat
5 24 -4 -3.25 0 -4 -7.21 0 -3.6956 -7.21 -1.5308 -3.6956 -7.21 1.5308
3 16 -3.326 -3.0425 -1.3777 -3.6956 -3.5625 -1.5308 -3.6 -2.73 0
3 16 -3.6 -2.73 0 -3.6956 -3.5625 -1.5308 -4 -3.25 0
3 16 -2.5456 -3.355 -2.5456 -2.8284 -3.875 -2.8284 -3.326 -3.0425 -1.3777
3 16 -3.326 -3.0425 -1.3777 -2.8284 -3.875 -2.8284 -3.6956 -3.5625 -1.5308
3 16 -1.3777 -3.6675 -3.326 -1.5308 -4.1875 -3.6956 -2.5456 -3.355 -2.5456
3 16 -2.5456 -3.355 -2.5456 -1.5308 -4.1875 -3.6956 -2.8284 -3.875 -2.8285
3 16 0 -3.98 -3.6 0 -4.5 -4 -1.3777 -3.6675 -3.326
3 16 -1.3777 -3.6675 -3.326 0 -4.5 -4 -1.5308 -4.1875 -3.6956
5 24 -3.6 -2.73 0 -4 -3.25 0 -3.326 -2.4175 1.3777 -3.326 -3.0425 -1.3777
5 24 -3.6956 -3.5625 -1.5308 -3.6 -2.73 0 -4 -3.25 0 -3.326 -3.0425 -1.3777
5 24 -3.326 -3.0425 -1.3777 -3.6956 -3.5625 -1.5308 -3.6 -2.73 0 -2.5456 -3.355 -2.5456
5 24 -2.8284 -3.875 -2.8284 -3.326 -3.0425 -1.3777 -3.6956 -3.5625 -1.5308 -2.5456 -3.355 -2.5456
5 24 -2.5456 -3.355 -2.5456 -2.8284 -3.875 -2.8284 -3.326 -3.0425 -1.3777 -1.3777 -3.6675 -3.326
5 24 -1.5308 -4.1875 -3.6956 -2.5456 -3.355 -2.5456 -2.8284 -3.875 -2.8284 -1.3777 -3.6675 -3.326
5 24 -1.3777 -3.6675 -3.326 -1.5308 -4.1875 -3.6956 -2.5456 -3.355 -2.5456 0 -3.98 -3.6
5 24 0 -4.5 -4 -1.3777 -3.6675 -3.326 -1.5308 -4.1875 -3.6956 0 -3.98 -3.6
2 24 -4 -7.21 0 -3.8478 -7.8863 -0.7654
2 24 -3.6 -7.73 0 -3.8478 -7.8863 -0.7654
2 24 -4 -8.25 0 -3.8478 -7.8863 -0.7654
4 16 -4 -11.3824 0 -4 -8.25 0 -3.8478 -7.8863 -0.7654 -3.6956 -9.4373 -1.5308
3 16 -3.8478 -7.8863 -0.7654 -4 -8.25 0 -3.6 -7.73 0
3 16 -3.8478 -7.8863 -0.7654 -3.6 -7.73 0 -4 -7.21 0
3 16 -3.6956 -9.4373 -1.5308 -3.8478 -7.8863 -0.7654 -3.6956 -3.5625 -1.5308
4 16 -3.8478 -7.8863 -0.7654 -4 -7.21 0 -4 -3.25 0 -3.6956 -3.5625 -1.5308
4 16 -3.6956 -7.9375 1.5308 -4 -8.25 0 -4 -11.3824 0 -3.6956 -13.3274 1.5308
4 16 -3.6956 -7.9375 1.5308 -3.6956 -13.3274 1.5308 -2.8284 -14.9761 2.8284 -2.8285 -7.625 2.8284
4 16 -1.5308 -7.3125 3.6956 -2.8285 -7.625 2.8284 -2.8284 -14.9761 2.8284 -1.5308 -16.0779 3.6956
4 16 -1.5308 -16.0779 3.6956 0 -16.4647 4 0 -7 4 -1.5308 -7.3125 3.6956
4 16 1.5308 -6.6875 3.6956 0 -7 4 0 -16.4647 4 1.5308 -16.0779 3.6956
4 16 1.5308 -6.6875 3.6956 1.5308 -16.0779 3.6956 2.8284 -14.9761 2.8284 2.8284 -6.375 2.8284
4 16 2.8284 -6.375 2.8284 2.8284 -14.9761 2.8284 3.6956 -13.3274 1.5308 3.6956 -6.0625 1.5308
4 16 3.6956 -6.0625 1.5308 3.6956 -13.3274 1.5308 4 -11.3824 0 4 -5.75 0
4 16 3.6956 -9.4373 -1.5308 3.6956 -5.4375 -1.5308 4 -5.75 0 4 -11.3824 0
4 16 2.8284 -7.7886 -2.8284 2.8284 -5.125 -2.8284 3.6956 -5.4375 -1.5308 3.6956 -9.4373 -1.5308
4 16 2.8284 -7.7886 -2.8284 1.5308 -6.6868 -3.6956 1.5308 -4.8125 -3.6956 2.8284 -5.125 -2.8284
4 16 1.5308 -6.6868 -3.6956 0 -6.3 -4 0 -4.5 -4 1.5308 -4.8125 -3.6956
4 16 -2.8284 -3.875 -2.8285 -2.8284 -7.7886 -2.8284 -3.6956 -9.4373 -1.5308 -3.6956 -3.5625 -1.5308
4 16 -2.8284 -7.7886 -2.8284 -2.8284 -3.875 -2.8285 -1.5308 -4.1875 -3.6956 -1.5308 -6.6868 -3.6956
4 16 -1.5308 -6.6868 -3.6956 -1.5308 -4.1875 -3.6956 0 -4.5 -4 0 -6.3 -4
2 24 -2.8284 -7.7886 -2.8284 2.8284 -7.7886 -2.8284
2 24 -1.3 -28.2 -8.4 1.3 -28.2 -8.4
1 16 0 -18.8 3.3 2.8284 0 0 0 1 0 0 0 1.7 rect2p.dat
1 16 0 -17.95 5 0 0 -2.8284 0.85 0 0 0 -1 0 rect1.dat
4 16 -2.8284 -56.2 -3 2.8284 -56.2 -3 2.8284 -31.3 0.1 -2.8284 -31.3 0.1
4 16 -2.8284 -31.3 0.1 2.8284 -31.3 0.1 2.8284 -18.8 1.6 -2.8284 -18.8 1.6
4 16 -2.8284 -72.9 -2.5 2.8284 -72.9 -2.5 2.8284 -63.4 -3.1 -2.8284 -63.4 -3.1
4 16 -2.8284 -63.4 -3.1 2.8284 -63.4 -3.1 2.8284 -56.2 -3 -2.8284 -56.2 -3
4 16 -2.4 -85.3 0.1 2.4 -85.3 0.1 2.8284 -81.4 -1 -2.8284 -81.4 -1
4 16 -2.8284 -81.4 -1 2.8284 -81.4 -1 2.8284 -72.9 -2.5 -2.8284 -72.9 -2.5
4 16 -2 -87 -0.4 2 -87 -0.4 2.2 -86.3 0 -2.2 -86.3 0
4 16 -2.2 -86.3 0 2.2 -86.3 0 2.4 -85.3 0.1 -2.4 -85.3 0.1
4 16 -1.5 -87.4 -2.4 1.5 -87.4 -2.4 1.8 -87.5 -1.1 -1.8 -87.5 -1.1
4 16 -1.8 -87.5 -1.1 1.8 -87.5 -1.1 2 -87 -0.4 -2 -87 -0.4
4 16 -1.3 -77.5 -7.1 1.3 -77.5 -7.1 1.3 -86.6 -3.4 -1.3 -86.6 -3.4
4 16 -1.3 -86.6 -3.4 1.3 -86.6 -3.4 1.5 -87.4 -2.4 -1.5 -87.4 -2.4
4 16 -1.3 -63.1 -10.1 1.3 -63.1 -10.1 1.3 -69.9 -9.3 -1.3 -69.9 -9.3
4 16 -1.3 -69.9 -9.3 1.3 -69.9 -9.3 1.3 -77.5 -7.1 -1.3 -77.5 -7.1
4 16 -1.3 -29.6 -7.1 1.3 -29.6 -7.1 1.3 -54.9 -9.9 -1.3 -54.9 -9.9
4 16 -1.3 -54.9 -9.9 1.3 -54.9 -9.9 1.3 -63.1 -10.1 -1.3 -63.1 -10.1
4 16 -1.3 -28.2 -8.4 1.3 -28.2 -8.4 1.3 -28.6 -7.6 -1.3 -28.6 -7.6
4 16 -1.3 -28.6 -7.6 1.3 -28.6 -7.6 1.3 -29.6 -7.1 -1.3 -29.6 -7.1
4 16 -2.8284 -24.3 -6.2 2.8284 -24.3 -6.2 2.8284 -27.3 -7.4 -2.8284 -27.3 -7.4
4 16 -2.8284 -27.3 -7.4 2.8284 -27.3 -7.4 1.3 -28.2 -8.4 -1.3 -28.2 -8.4
4 16 -2.8284 -7.7886 -2.8284 2.8284 -7.7886 -2.8284 2.8284 -19.4 -4.9 -2.8284 -19.4 -4.9
4 16 -2.8284 -19.4 -4.9 2.8284 -19.4 -4.9 2.8284 -24.3 -6.2 -2.8284 -24.3 -6.2
5 24 -2.8284 -72.9 -2.5 2.8284 -72.9 -2.5 2.8284 -81.4 -1 2.8284 -63.4 -3.1
5 24 -2.8284 -63.4 -3.1 2.8284 -63.4 -3.1 2.8284 -72.9 -2.5 2.8284 -56.2 -3
5 24 -2.4 -85.3 0.1 2.4 -85.3 0.1 2.2 -86.3 0 2.8284 -81.4 -1
5 24 -2.8284 -81.4 -1 2.8284 -81.4 -1 2.4 -85.3 0.1 2.8284 -72.9 -2.5
5 24 -2 -87 -0.4 2 -87 -0.4 1.8 -87.5 -1.1 2.2 -86.3 0
5 24 -2.2 -86.3 0 2.2 -86.3 0 2 -87 -0.4 2.4 -85.3 0.1
5 24 -1.5 -87.4 -2.4 1.5 -87.4 -2.4 1.3 -86.6 -3.4 1.8 -87.5 -1.1
5 24 -1.8 -87.5 -1.1 1.8 -87.5 -1.1 1.5 -87.4 -2.4 2 -87 -0.4
5 24 -1.3 -77.5 -7.1 1.3 -77.5 -7.1 1.3 -69.9 -9.3 1.3 -86.6 -3.4
5 24 -1.3 -86.6 -3.4 1.3 -86.6 -3.4 1.3 -77.5 -7.1 1.5 -87.4 -2.4
5 24 -1.3 -63.1 -10.1 1.3 -63.1 -10.1 1.3 -54.9 -9.9 1.3 -69.9 -9.3
5 24 -1.3 -69.9 -9.3 1.3 -69.9 -9.3 1.3 -63.1 -10.1 1.3 -77.5 -7.1
5 24 -1.3 -29.6 -7.1 1.3 -29.6 -7.1 1.3 -28.6 -7.6 1.3 -54.9 -9.9
5 24 -1.3 -54.9 -9.9 1.3 -54.9 -9.9 1.3 -29.6 -7.1 1.3 -63.1 -10.1
5 24 -1.3 -28.6 -7.6 1.3 -28.6 -7.6 1.3 -28.2 -8.4 1.3 -29.6 -7.1
5 24 -2.8284 -24.3 -6.2 2.8284 -24.3 -6.2 2.8284 -19.4 -4.9 2.8284 -27.3 -7.4
5 24 -2.8284 -27.3 -7.4 2.8284 -27.3 -7.4 2.8284 -24.3 -6.2 1.3 -28.2 -8.4
5 24 -2.8284 -19.4 -4.9 2.8284 -19.4 -4.9 2.8284 -7.7886 -2.8284 2.8284 -24.3 -6.2
5 24 -2.8284 -56.2 -3 2.8284 -56.2 -3 2.8284 -63.4 -3.1 2.8284 -31.3 0.1
5 24 -2.8284 -31.3 0.1 2.8284 -31.3 0.1 2.8284 -56.2 -3 2.8284 -18.8 1.6
3 16 2.8284 -17.1 5 0 -16.4647 4 -2.8284 -17.1 5
5 24 1.5308 -4.8125 -3.6956 1.5308 -6.6868 -3.6956 2.8284 -5.125 -2.8284 0 -6.3 -4
5 24 2.8284 -14.9761 2.8284 2.8284 -6.375 2.8284 3.6956 -13.3274 1.5308 1.5308 -6.6875 3.6956
5 24 -3.6956 -3.5625 -1.5308 -3.6956 -9.4373 -1.5308 -2.8284 -3.875 -2.8285 -3.8478 -7.8863 -0.7654
5 24 0 -16.4647 4 2.8284 -17.1 5 1.5308 -16.0779 3.6956 -2.8284 -17.1 5
5 24 0 17.9368 3.0842 0 12.8777 4.1612 -1.445 12.8614 3.8488 1.445 12.8614 3.8488
5 24 0 11.5451 -4.755 0 11.9452 -4.8402 1.5887 12.1954 -4.5093 -1.5887 12.1954 -4.5093
5 24 4 -11.3824 0 4 -5.75 0 3.6956 -6.0625 1.5308 3.6956 -9.4373 -1.5308
5 24 0 -16.4647 4 0 -7 4 -1.5308 -7.3125 3.6956 1.5308 -16.0779 3.6956
5 24 3.6956 -5.4375 -1.5308 3.6956 -9.4373 -1.5308 4 -5.75 0 2.8284 -7.7886 -2.8284
5 24 3.6956 -6.0625 1.5308 3.6956 -13.3274 1.5308 2.8284 -6.375 2.8284 4 -11.3824 0
5 24 -1.5308 -7.3125 3.6956 -1.5308 -16.0779 3.6956 0 -16.4647 4 -2.8285 -7.625 2.8284
5 24 1.5308 -6.6875 3.6956 1.5308 -16.0779 3.6956 0 -7 4 2.8284 -14.9761 2.8284
5 24 0 8.1338 -4.4291 0 11.5451 -4.755 -1.5982 11.6302 -4.3889 1.5982 11.6302 -4.3889
5 24 -1.5308 -4.1875 -3.6956 -1.5308 -6.6868 -3.6956 0 -4.5 -4 -2.8284 -7.7886 -2.8284
5 24 -2.8284 -7.7886 -2.8284 -2.8284 -3.875 -2.8285 -1.5308 -4.1875 -3.6956 -3.6956 -9.4373 -1.5308
5 24 0 12.8777 4.1612 0 9.8289 4.4553 1.5031 10.0442 4.1226 -1.5031 10.0442 4.1226
5 24 -2.8284 -14.9761 2.8284 -2.8285 -7.625 2.8284 -1.5308 -16.0779 3.6956 -3.6956 -7.9375 1.5308
5 24 -3.6956 -7.9375 1.5308 -3.6956 -13.3274 1.5308 -4 -8.25 0 -2.8284 -14.9761 2.8284
5 24 2.8284 -7.7886 -2.8284 2.8284 -5.125 -2.8284 3.6956 -5.4375 -1.5308 1.5308 -6.6868 -3.6956
5 24 -4 -11.3824 0 -4 -8.25 0 -3.6956 -13.3274 1.5308 -3.8478 -7.8863 -0.7654
5 24 0 -6.3 -4 0 -4.5 -4 1.5308 -4.8125 -3.6956 -1.5308 -6.6868 -3.6956
5 24 0 -16.4647 4 -2.8284 -17.1 5 -1.5308 -16.0779 3.6956 2.8284 -17.1 5
5 24 4 12.29 0 4 10.29 0 3.6956 10.29 1.5308 3.8478 9.9263 -0.7654
5 24 3.6956 11.534 -1.5308 3.6956 9.25 -1.5308 2.8284 9.25 -2.8284 3.8478 9.9263 -0.7654
