0 Duplo Brick Gear  8 Tooth  4 x  4
0 Name: 26832.dat
0 Author: Philippe Hurbain [Philo]
0 !LDRAW_ORG Part UPDATE 2024-03
0 !LICENSE Licensed under CC BY 4.0 : see CAreadme.txt

0 BFC CERTIFY CCW

0 !CATEGORY Brick

0 !HISTORY 2020-12-12 {LEGO/Unity Microgame} Original part shape
0 !HISTORY 2021-01-13 [Philo] File preparation for LDraw Parts Tracker
0 !HISTORY 2024-03-23 [OrionP] Updated ring primitives
0 !HISTORY 2024-04-28 [OrionP] Official Update 2024-03


1 16 0 0 0 1 0 0 0 1 0 0 0 1 s\26832s01.dat
1 16 0 0 0 0.70711 0 0.70711 0 1 0 -0.70711 0 0.70711 s\26832s01.dat
1 16 0 0 0 0 0 1 0 1 0 -1 0 0 s\26832s01.dat
1 16 0 0 0 -0.70711 0 0.70711 0 1 0 -0.70711 0 -0.70711 s\26832s01.dat
1 16 0 0 0 -1 0 0 0 1 0 0 0 -1 s\26832s01.dat
1 16 0 0 0 -0.70711 0 -0.70711 0 1 0 0.70711 0 -0.70711 s\26832s01.dat
1 16 0 0 0 0 0 -1 0 1 0 1 0 0 s\26832s01.dat
1 16 0 0 0 0.70711 0 -0.70711 0 1 0 0.70711 0 0.70711 s\26832s01.dat
4 16 14.5967 4 45.6922 42.6307 4 21.9878 45.6922 4 -14.5967 -21.9878 4 42.6307
4 16 -45.6922 4 14.5967 -21.9878 4 42.6307 45.6922 4 -14.5967 21.9878 4 -42.6307
4 16 -45.6922 4 14.5967 21.9878 4 -42.6307 -14.5967 4 -45.6922 -42.6307 4 -21.9878
4 16 -40.5891 0 16.8126 -40.5891 0 -16.8126 -16.8126 0 -40.5891 16.8126 0 -40.5891
4 16 -16.8126 0 40.5891 -40.5891 0 16.8126 16.8126 0 -40.5891 40.5891 0 -16.8126
4 16 16.8126 0 40.5891 -16.8126 0 40.5891 40.5891 0 -16.8126 40.5891 0 16.8126
1 16 0 0 0 1 0 0 0 2.75 0 0 0 1 stug7-2x2.dat
0 BFC INVERTNEXT
1 16 0 4 0 40.3 0 0 0 44 0 0 0 40.3 48\4-4cylo.dat
1 16 0 48 0 4.03 0 0 0 -1 0 0 0 4.03 48\4-4ring10.dat
1 16 0 4 0 44.33 0 0 0 44 0 0 0 44.33 48\4-4cylo.dat
1 16 0 4 0 23 0 0 0 8 0 0 0 23 4-4cylo.dat
1 16 0 12 0 3.83333 0 0 0 -1 0 0 0 3.83333 4-4ring5.dat
0 BFC INVERTNEXT
1 16 0 4 0 19.16667 0 0 0 8 0 0 0 19.16667 4-4cylo.dat
1 16 31.4 4 0 9 0 0 0 7 0 0 0 2 box3u8p.dat
2 24 22.6023 11 -2 22.6023 4 -2
2 24 40.1682 11 -2 40.1682 4 -2
2 24 22.6023 11 2 23 11 0
2 24 23 11 0 22.6023 11 -2
2 24 40.1682 11 -2 40.3 11 0
2 24 40.3 11 0 40.1682 11 2
2 24 22.6023 11 2 22.6023 4 2
2 24 40.1682 11 2 40.1682 4 2
1 16 0 4 -31.4 0 0 2 0 7 0 -9 0 0 box3u8p.dat
2 24 -2 11 -22.6023 -2 4 -22.6023
2 24 -2 11 -40.1682 -2 4 -40.1682
2 24 2 11 -22.6023 0 11 -23
2 24 0 11 -23 -2 11 -22.6023
2 24 -2 11 -40.1682 0 11 -40.3
2 24 0 11 -40.3 2 11 -40.1682
2 24 2 11 -22.6023 2 4 -22.6023
2 24 2 11 -40.1682 2 4 -40.1682
1 16 -31.4 4 0 -9 0 0 0 7 0 0 0 -2 box3u8p.dat
2 24 -22.6023 11 2 -22.6023 4 2
2 24 -40.1682 11 2 -40.1682 4 2
2 24 -22.6023 11 -2 -23 11 0
2 24 -23 11 0 -22.6023 11 2
2 24 -40.1682 11 2 -40.3 11 0
2 24 -40.3 11 0 -40.1682 11 -2
2 24 -22.6023 11 -2 -22.6023 4 -2
2 24 -40.1682 11 -2 -40.1682 4 -2
1 16 0 4 31.4 0 0 -2 0 7 0 9 0 0 box3u8p.dat
2 24 2 11 22.6023 2 4 22.6023
2 24 2 11 40.1682 2 4 40.1682
2 24 -2 11 22.6023 0 11 23
2 24 0 11 23 2 11 22.6023
2 24 2 11 40.1682 0 11 40.3
2 24 0 11 40.3 -2 11 40.1682
2 24 -2 11 22.6023 -2 4 22.6023
2 24 -2 11 40.1682 -2 4 40.1682
