0 Technic Engine Crankshaft with Hole and Blocker
0 Name: 2853c.dat
0 Author: Magnus Forsberg [MagFors]
0 !LDRAW_ORG Part UPDATE 2026-07
0 !LICENSE Licensed under CC BY 4.0 : see CAreadme.txt

0 BFC CERTIFY CCW

0 !CATEGORY Technic
0 !KEYWORDS BrickLink 2853, Brickowl 867477, Brickset 2853, Rebrickable 2853

0 !HISTORY 2026-07-30 [OrionP] Official Update 2026-07

1 16 0 0 0 1 0 0 0 1 0 0 0 1 s\2853s01.dat
0 // axlehole
1 16 -1 -5.8012 -15.25 0 0 -1 0 -1 .1989 -4.75 0 0 rect3.dat
1 16 1 -5.8012 -15.25 0 0 1 0 -1 .1989 -4.75 0 0 rect3.dat
1 16 -1 5.8012 -15.25 0 0 -1 0 1 -.1989 -4.75 0 0 rect3.dat
1 16 1 5.8012 -15.25 0 0 1 0 1 -.1989 -4.75 0 0 rect3.dat
0 BFC INVERTNEXT
1 16 0 0 -10 4 0 0 0 0 4 0 -.2 0 4-4cylo.dat
1 16 0 0 -10 4 0 0 0 0 4 0 -1 0 4-4ndis.dat

5 24 0 6 -20 0 6 -10.5 2 5.6023 -20 -2 5.6023 -20
5 24 0 -6 -20 0 -6 -10.5 -2 -5.6023 -20 2 -5.6023 -20
4 16 -2 -4 -10.2 -2 -5.6023 -10.5 -2 -5.6023 -20 -2 -4 -20
4 16 -2 -4 -10.2 -2 -4 -20 -2.5 -2.5 -20 -2.5 -2.5 -10.2
4 16 -2.5 -2.5 -10.2 -2.5 -2.5 -20 -4 -2 -20 -4 -2 -10.2
4 16 -4 -2 -10.2 -4 -2 -20 -5.6023 -2 -13 -5.6023 -2 -10.5
4 16 -5.6023 2 -10.5 -5.6023 2 -13 -4 2 -20 -4 2 -10.2
4 16 -4 2 -10.2 -4 2 -20 -2.5 2.5 -20 -2.5 2.5 -10.2
4 16 -2.5 2.5 -10.2 -2.5 2.5 -20 -2 4 -20 -2 4 -10.2
4 16 -2 4 -10.2 -2 4 -20 -2 5.6023 -20 -2 5.6023 -10.5
4 16 2 5.6023 -10.5 2 5.6023 -20 2 4 -20 2 4 -10.2
4 16 2 4 -10.2 2 4 -20 2.5 2.5 -20 2.5 2.5 -10.2
4 16 2.5 2.5 -10.2 2.5 2.5 -20 4 2 -20 4 2 -10.2
4 16 4 2 -10.2 4 2 -20 5.6023 2 -20 5.6023 2 -10.5
4 16 5.6023 -2 -10.5 5.6023 -2 -20 4 -2 -20 4 -2 -10.2
4 16 4 -2 -10.2 4 -2 -20 2.5 -2.5 -20 2.5 -2.5 -10.2
4 16 2.5 -2.5 -10.2 2.5 -2.5 -20 2 -4 -20 2 -4 -10.2
4 16 2 -4 -10.2 2 -4 -20 2 -5.6023 -20 2 -5.6023 -10.5
5 24 -2 -4 -10.2 -2 -4 -20 -2 -5.6023 -10.5 -2.5 -2.5 -10.2
5 24 -2.5 -2.5 -10.2 -2.5 -2.5 -20 -4 -2 -10.2 -2 -4 -10.2
5 24 -4 -2 -10.2 -4 -2 -20 -2.5 -2.5 -10.2 -5.6023 -2 -10.5
5 24 -4 2 -10.2 -4 2 -20 -5.6023 2 -10.5 -2.5 2.5 -10.2
5 24 -2.5 2.5 -10.2 -2.5 2.5 -20 -4 2 -10.2 -2 4 -10.2
5 24 -2 4 -10.2 -2 4 -20 -2.5 2.5 -10.2 -2 5.6023 -10.5
5 24 2 4 -10.2 2 4 -20 2 5.6023 -10.5 2.5 2.5 -10.2
5 24 2.5 2.5 -10.2 2.5 2.5 -20 2 4 -10.2 4 2 -10.2
5 24 4 2 -10.2 4 2 -20 2.5 2.5 -10.2 5.6023 2 -10.5
5 24 4 -2 -10.2 4 -2 -20 5.6023 -2 -10.5 2.5 -2.5 -10.2
5 24 2.5 -2.5 -10.2 2.5 -2.5 -20 2 -4 -10.2 4 -2 -10.2
5 24 2 -4 -10.2 2 -4 -20 2 -5.6023 -10.5 2.5 -2.5 -10.2

0 // body
0 BFC INVERTNEXT
1 16 0 0 -10.5 2 0 0 0 0 2 0 .3 0 4-4con2.dat
4 16 -4 -4 -10 -4 4 -10 -10 9 -10 -10 -9 -10
4 16 0 9 -10 -10 9 -10 -4 4 -10 4 4 -10
4 16 4 -4 -10 -4 -4 -10 -10 -9 -10 0 -9 -10
3 16 0 9 -10 4 4 -10 9 0 -10
3 16 9 0 -10 4 4 -10 4 -4 -10
3 16 9 0 -10 4 -4 -10 0 -9 -10
2 24 -2 4 -10.2786 -2.265 3.2049 -10.2
2 24 -2 4.8283 -10.3839 -2 4 -10.2786
2 24 -2 5.6023 -10.5 -2 4.8283 -10.3839
2 24 -3.2049 2.265 -10.2 -4 2 -10.2786
2 24 -4 2 -10.2786 -4.8283 2 -10.3839
2 24 -4.8283 2 -10.3839 -5.6023 2 -10.5
3 16 -4 2 -10.2 -2.5 2.5 -10.2 -2 4 -10.2
2 24 -3.2049 2.265 -10.2 -2.5 2.5 -10.2
2 24 -2.5 2.5 -10.2 -2.265 3.2049 -10.2
2 24 -4 -2 -10.2786 -3.2049 -2.265 -10.2
2 24 -4.8283 -2 -10.3839 -4 -2 -10.2786
2 24 -5.6023 -2 -10.5 -4.8283 -2 -10.3839
2 24 -2.265 -3.2049 -10.2 -2 -4 -10.2786
2 24 -2 -4 -10.2786 -2 -4.8283 -10.3839
2 24 -2 -4.8283 -10.3839 -2 -5.6023 -10.5
3 16 -2 -4 -10.2 -2.5 -2.5 -10.2 -4 -2 -10.2
2 24 -2.265 -3.2049 -10.2 -2.5 -2.5 -10.2
2 24 -2.5 -2.5 -10.2 -3.2049 -2.265 -10.2
2 24 2 -4 -10.2786 2.265 -3.2049 -10.2
2 24 2 -4.8283 -10.3839 2 -4 -10.2786
2 24 2 -5.6023 -10.5 2 -4.8283 -10.3839
2 24 3.2049 -2.265 -10.2 4 -2 -10.2786
2 24 4 -2 -10.2786 4.8283 -2 -10.3839
2 24 4.8283 -2 -10.3839 5.6023 -2 -10.5
3 16 4 -2 -10.2 2.5 -2.5 -10.2 2 -4 -10.2
2 24 3.2049 -2.265 -10.2 2.5 -2.5 -10.2
2 24 2.5 -2.5 -10.2 2.265 -3.2049 -10.2
2 24 4 2 -10.2786 3.2049 2.265 -10.2
2 24 4.8283 2 -10.3839 4 2 -10.2786
2 24 5.6023 2 -10.5 4.8283 2 -10.3839
2 24 2.265 3.2049 -10.2 2 4 -10.2786
2 24 2 4 -10.2786 2 4.8283 -10.3839
2 24 2 4.8283 -10.3839 2 5.6023 -10.5
3 16 2 4 -10.2 2.5 2.5 -10.2 4 2 -10.2
2 24 2.265 3.2049 -10.2 2.5 2.5 -10.2
2 24 2.5 2.5 -10.2 3.2049 2.265 -10.2

0 // blocker
1 16 -10 0 -20 -6.75 0 0 0 0 -6.75 0 1 0 1-16chrd.dat
1 16 -10 0 -20 -6.75 0 0 0 0 6.75 0 1 0 1-16chrd.dat
1 16 -16.4517 0 -16.5 0 4.4517 0 1.5 0 0 0 0 -3.5 box4-2p.dat
4 16 -16.4517 -1.5 -13 -16.2363 -2.5832 -13 -16.2363 -2.5832 -20 -16.4517 -1.5 -20
4 16 -16.2363 2.5832 -20 -16.2363 2.5832 -13 -16.4517 1.5 -13 -16.4517 1.5 -20
3 16 -16.4517 -1.5 -20 -16.75 0 -20 -16.4517 1.5 -20
2 24 -16.2363 -2.5832 -13 -16.4517 -1.5 -13
2 24 -16.2363 -2.5832 -20 -16.4517 -1.5 -20
2 24 -16.4517 1.5 -13 -16.2363 2.5832 -13
2 24 -16.2363 2.5832 -20 -16.4517 1.5 -20
5 24 -16.2363 2.5832 -13 -16.2363 2.5832 -20 -16.4517 1.5 -13 -14.7729 4.7729 -13
5 24 -16.2363 -2.5832 -13 -16.2363 -2.5832 -20 -16.4517 -1.5 -13 -14.7729 -4.7729 -13