0 Minifig Head with Dark Brown Eyebrows and Full Beard, Open Mouth Smile / Neutral 2-Sided Pattern
0 Name: 28621p11.dat
0 Author: Chris Böhnke [KnightOfTarenta]
0 !LDRAW_ORG Part UPDATE 2026-03
0 !LICENSE Licensed under CC BY 4.0 : see CAreadme.txt

0 BFC CERTIFY CCW

0 !KEYWORDS Bricklink 3626pb4030, BrickOwl 780825, Brickset 111861
0 !KEYWORDS Commander William T. Riker, Rebrickable 28621pr9531, Set 10356
0 !KEYWORDS Star Trek, U.S.S. Enterprise NCC-1701-D

0 !HISTORY 2026-03-31 [OrionP] Official Update 2026-03

0 // Base Part
1 16 0 0 0 1 0 0 0 1 0 0 0 1 s\28621s01.dat
1 16 0 4 0 -13 0 0 0 13 0 0 0 13 1-16cyli.dat
1 16 0 4 0 -13 0 0 0 13 0 0 0 -13 1-16cyli.dat
1 16 0 4 0 13 0 0 0 13 0 0 0 13 1-16cyli.dat
1 16 0 4 0 13 0 0 0 13 0 0 0 -13 1-16cyli.dat
0 // Top Torus Primitives
1 16 0 4 0 0 0 8 0 -6.4 0 8 0 0 t04o6250.dat
1 16 0 4 0 8 0 0 0 -6.4 0 0 0 -8 t04o6250.dat
1 16 0 4 0 0 0 -8 0 -6.4 0 8 0 0 t04o6250.dat
1 16 0 4 0 -8 0 0 0 -6.4 0 0 0 -8 t04o6250.dat
0 // Bottom Torus Primitives
1 16 0 17 0 8 0 0 0 6.4 0 0 0 -8 t16o6250.dat
1 16 0 17 0 -8 0 0 0 6.4 0 0 0 -8 t16o6250.dat
1 16 0 17 0 -8 0 0 0 6.4 0 0 0 8 t16o6250.dat
1 16 0 17 0 8 0 0 0 6.4 0 0 0 8 t16o6250.dat

0 // Pattern
0 // Front Side
1 16 0 0 0 1 0 0 0 1 0 0 0 1 s\28621p11s01.dat
1 16 0 0 0 -1 0 0 0 1 0 0 0 1 s\28621p11s01.dat

0 // Backside
0 // Colour 0 Black
3 0 -3.439 14.982 12.31566 -3.073 15.028 12.38849 -3.29 15.374 12.34531
3 0 2.718 14.627 12.45913 2.366 15.009 12.52918 2.511 14.656 12.50032
3 0 .747 15.898 12.85135 1.724 16.42 12.65693 .879 16.683 12.82508
3 0 -2.358 15.318 12.53077 -3.05 15.717 12.39307 -3.29 15.374 12.34531
4 0 2.718 14.627 12.45913 3.321 14.472 12.33914 3.267 14.916 12.34988 2.366 15.009 12.52918
4 0 .879 16.683 12.82508 0 16.789 13 0 15.988 13 .747 15.898 12.85135
4 0 -3.073 15.028 12.38849 -2.578 15.032 12.48699 -2.358 15.318 12.53077 -3.29 15.374 12.34531
4 0 2.366 15.009 12.52918 3.267 14.916 12.34988 3.09 15.326 12.38511 2.111 15.292 12.57992
4 0 2.111 15.292 12.57992 3.09 15.326 12.38511 2.492 15.979 12.5041 1.466 15.679 12.70827
4 0 1.466 15.679 12.70827 2.492 15.979 12.5041 1.724 16.42 12.65693 .747 15.898 12.85135
4 0 -.715 15.964 12.85772 0 15.988 13 0 16.789 13 -.831 16.752 12.83464
4 0 -1.416 15.824 12.71822 -.715 15.964 12.85772 -.831 16.752 12.83464 -1.643 16.575 12.67305
4 0 -2.072 15.537 12.58768 -1.416 15.824 12.71822 -1.643 16.575 12.67305 -2.404 16.241 12.52162
4 0 -2.358 15.318 12.53077 -2.072 15.537 12.58768 -2.404 16.241 12.52162 -3.05 15.717 12.39307

0 // Colour 15 White
3 15 .907 14.778 12.81951 1.466 15.679 12.70827 .747 15.898 12.85135
3 15 -2.038 15.037 12.59445 -1.416 15.824 12.71822 -2.072 15.537 12.58768
4 15 .747 15.898 12.85135 0 15.988 13 0 14.7 13 .907 14.778 12.81951
4 15 -2.358 15.318 12.53077 -2.578 15.032 12.48699 -2.038 15.037 12.59445 -2.072 15.537 12.58768
4 15 1.817 14.753 12.63843 2.511 14.656 12.50032 2.366 15.009 12.52918 2.111 15.292 12.57992
4 15 1.817 14.753 12.63843 2.111 15.292 12.57992 1.466 15.679 12.70827 .907 14.778 12.81951
4 15 0 14.7 13 0 15.988 13 -.715 15.964 12.85772 -1.01 14.927 12.79902
4 15 -1.01 14.927 12.79902 -.715 15.964 12.85772 -1.416 15.824 12.71822 -2.038 15.037 12.59445

0 // Colour 16 Main Colour
3 16 -5.4 14.6 11.72599 -5.4 16.2 11.72599 -9.192 16.52609 9.192
3 16 0 17 13 -1.1 17.6 12.63205 -1.311 17.607 12.58837
3 16 5.4 14.4 11.72599 9.192 16.52609 9.192 5.4 16.2 11.72599
3 16 9.1923 4 9.1923 9.192 16.52609 9.192 6.33182 6.77913 11.10331
3 16 9.1923 4 9.1923 5.87322 5.85966 11.40977 5.63074 5.61359 11.5718
3 16 9.1923 4 9.1923 6.07344 6.14118 11.27597 5.87322 5.85966 11.40977
3 16 9.1923 4 9.1923 6.22813 6.44984 11.1726 6.07344 6.14118 11.27597
3 16 9.1923 4 9.1923 6.33182 6.77913 11.10331 6.22813 6.44984 11.1726
3 16 4.9752 4 12.0104 4.975 5.23112 12.01 4.74238 5.15442 12.05629
3 16 4.9752 4 12.0104 4.74238 5.15442 12.05629 4.41074 5.10131 12.12228
3 16 4.9752 4 12.0104 4.41074 5.10131 12.12228 4.07449 5.101 12.1892
3 16 0 4 13 2.82244 5.25346 12.43835 2.0945 5.40459 12.58321
3 16 0 4 13 2.0945 5.40459 12.58321 1.38142 5.61524 12.7251
3 16 0 4 13 1.38142 5.61524 12.7251 .68838 5.88386 12.86302
3 16 0 4 13 .68838 5.88386 12.86302 .54893 5.9861 12.89077
3 16 0 4 13 .54893 5.9861 12.89077 .46443 6.13731 12.90758
3 16 0 4 13 -1.27 6.914 12.74728 -1.4 6.8 12.72141
3 16 0 4 13 -1.4 6.8 12.72141 -2.067 6.472 12.58868
3 16 0 4 13 -2.067 6.472 12.58868 -2.759 6.2 12.45097
3 16 0 4 13 -2.759 6.2 12.45097 -3.471 5.986 12.30929
3 16 -4.9751 4 12.0107 -4.975 5.70163 12.01 -5.375 5.72 11.7427
3 16 -9.192 4 9.192 -6.013 5.925 11.31636 -6.3 6.1 11.12457
3 16 -9.192 4 9.192 -6.3 6.1 11.12457 -6.563 6.324 10.94882
3 16 -9.192 4 9.192 -6.563 6.324 10.94882 -6.787 6.587 10.79914
3 16 -9.192 4 9.192 -6.787 6.587 10.79914 -6.968 6.881 10.67818
3 16 -9.192 4 9.192 -6.968 6.881 10.67818 -7.1 7.2 10.58997
3 16 -4.9751 4 12.0107 -4.705 5.725 12.06373 -4.975 5.70163 12.01
3 16 -4.701 10.499 12.06452 -4.562 10.858 12.09218 -4.602 10.968 12.08423
3 16 -4.77 10.12 12.05079 -4.701 10.499 12.06452 -4.975 13.71308 12.01
3 16 -4.7 8.6 12.06472 -4.438 8.857 12.11686 -4.544 9.002 12.09577
3 16 -4.7 8.6 12.06472 -4.544 9.002 12.09577 -4.694 9.357 12.06592
3 16 -2 8.9 12.60201 -2.099 9.501 12.58231 -2.238 9.142 12.55465
3 16 -2.03 9.88 12.59604 0 13.485 13 -2.032 10.265 12.59564
3 16 -2.032 10.265 12.59564 0 13.485 13 -2.106 10.643 12.58092
3 16 -2.106 10.643 12.58092 0 13.485 13 -2.256 10.998 12.55107
3 16 0 4 13 -1.199 7.072 12.76141 -1.27 6.914 12.74728
3 16 -1.202 7.244 12.76081 0 13.485 13 -1.278 7.4 12.74568
3 16 0 4 13 .46443 6.13731 12.90758 .45243 6.30892 12.90997
3 16 0 4 13 .45243 6.30892 12.90997 0 13.485 13
3 16 .45243 6.30892 12.90997 .51455 6.47095 12.89761 0 13.485 13
3 16 .51455 6.47095 12.89761 .72549 6.79055 12.85563 0 13.485 13
3 16 .72549 6.79055 12.85563 .829 6.904 12.83503 0 13.485 13
3 16 .829 6.904 12.83503 .96271 6.98195 12.80843 0 13.485 13
3 16 4.975 6.46672 12.01 4.7 8.6 12.06472 4.456 8.409 12.11328
3 16 4.7 8.6 12.06472 4.544 9.002 12.09577 4.438 8.857 12.11686
3 16 4.7 8.6 12.06472 4.694 9.357 12.06592 4.544 9.002 12.09577
3 16 4.701 10.499 12.06452 4.602 10.968 12.08423 4.562 10.858 12.09218
3 16 4.77 10.12 12.05079 4.975 13.60428 12.01 4.701 10.499 12.06452
3 16 2.484 11.309 12.5057 2.706 11.498 12.46152 2.706 11.638 12.46152
3 16 2.032 10.265 12.59564 2.106 10.643 12.58092 .933 13.165 12.81434
3 16 2 8.9 12.60201 2.238 9.142 12.55465 2.099 9.501 12.58231
3 16 -9.192 4 9.192 -7.1 7.2 10.58997 -9.192 16.52609 9.192
3 16 3.09 15.326 12.38511 3.839 16.2 12.23606 2.492 15.979 12.5041
3 16 .879 16.683 12.82508 0 17 13 0 16.789 13
3 16 3.78614 17 12.24658 1.189 18.307 12.43825 1.045 18.126 12.51184
3 16 -1.643 16.575 12.67305 -.831 16.752 12.83464 -4.23383 17 12.15749
3 16 -3.29 15.374 12.34531 -3.05 15.717 12.39307 -4.225 15.645 12.15925
3 16 5.326 14.023 11.77545 9.192 16.52609 9.192 5.4 14.4 11.72599
3 16 4.9752 4 12.0104 5.36008 5.41424 11.75267 4.975 5.23112 12.01
3 16 4.9752 4 12.0104 4.07449 5.101 12.1892 3.44657 5.16452 12.31415
3 16 0 4 13 -3.471 5.986 12.30929 -4.085 5.843 12.18711
3 16 -4.9751 4 12.0107 -5.375 5.72 11.7427 -5.702 5.797 11.52418
3 16 -2.706 11.638 12.46152 -.217 13.621 12.95682 -2.737 11.775 12.45535
3 16 -4.614 11.084 12.08184 -4.6 11.2 12.08462 -4.975 13.71308 12.01
3 16 -3.902 7.241 12.22352 -3.9 8.138 12.22392 -4.188 8.253 12.16661
3 16 3.67567 6.45841 12.26856 3.353 8.061 12.33277 3.077 8.094 12.38769
3 16 4.75335 6.44027 12.05411 4.188 8.253 12.16661 3.9 8.138 12.22392
3 16 4.614 11.084 12.08184 4.975 13.60428 12.01 4.6 11.2 12.08462
3 16 2.256 10.998 12.55107 2.484 11.309 12.5057 1.906 13.003 12.62072
3 16 2.03 9.88 12.59604 2.032 10.265 12.59564 .933 13.165 12.81434
4 16 -5.345 14.186 11.76275 -5.4 14.6 11.72599 -9.192 16.52609 9.192 -7.1 7.2 10.58997
4 16 3.78614 17 12.24658 1.724 16.42 12.65693 2.492 15.979 12.5041 3.839 16.2 12.23606
4 16 .879 16.683 12.82508 1.724 16.42 12.65693 3.78614 17 12.24658 0 17 13
4 16 1 17.9 12.57703 .956 17.671 12.64278 3.78614 17 12.24658 1.045 18.126 12.51184
4 16 -4.268 16.4 12.15069 -2.404 16.241 12.52162 -1.643 16.575 12.67305 -4.23383 17 12.15749
4 16 -4.1 14.9 12.18412 -3.439 14.982 12.31566 -3.29 15.374 12.34531 -4.225 15.645 12.15925
4 16 5.326 14.023 11.77545 5.116 13.702 11.91578 6.33182 6.77913 11.10331 9.192 16.52609 9.192
4 16 9.1923 4 9.1923 5.63074 5.61359 11.5718 5.36008 5.41424 11.75267 4.9752 4 12.0104
4 16 3.44657 5.16452 12.31415 2.82244 5.25346 12.43835 0 4 13 4.9752 4 12.0104
4 16 -4.085 5.843 12.18711 -4.705 5.725 12.06373 -4.9751 4 12.0107 0 4 13
4 16 -4.266 13.421 12.15109 -4.975 13.71308 12.01 -4.6 11.2 12.08462 -4.211 11.249 12.16203
4 16 -5.702 5.797 11.52418 -6.013 5.925 11.31636 -9.192 4 9.192 -4.9751 4 12.0107
4 16 -.217 13.621 12.95682 -2.706 11.638 12.46152 -2.706 11.498 12.46152 -2.484 11.309 12.5057
4 16 -.217 13.621 12.95682 -.4 13.8 12.9204 -1.32 13.421 12.73733 -2.737 11.775 12.45535
4 16 -3.465 11.488 12.31048 -3.12 11.673 12.37914 -3.29 13.228 12.34531 -4.266 13.421 12.15109
4 16 -4.701 10.499 12.06452 -4.602 10.968 12.08423 -4.614 11.084 12.08184 -4.975 13.71308 12.01
4 16 -3.392 7.418 12.32501 -3.63 8.075 12.27765 -3.9 8.138 12.22392 -3.902 7.241 12.22352
4 16 -2.03 9.88 12.59604 -2.099 9.501 12.58231 -2 8.9 12.60201 0 13.485 13
4 16 -2.484 11.309 12.5057 -2.256 10.998 12.55107 0 13.485 13 -.217 13.621 12.95682
4 16 -1.516 7.7 12.69832 -1.278 7.4 12.74568 0 13.485 13 -2 8.9 12.60201
4 16 4.2137 6.42417 12.16149 3.63 8.075 12.27765 3.353 8.061 12.33277 3.67567 6.45841 12.26856
4 16 4.975 6.46672 12.01 4.456 8.409 12.11328 4.188 8.253 12.16661 4.75335 6.44027 12.05411
4 16 4.614 11.084 12.08184 4.602 10.968 12.08423 4.701 10.499 12.06452 4.975 13.60428 12.01
4 16 .933 13.165 12.81434 2.106 10.643 12.58092 2.256 10.998 12.55107 1.906 13.003 12.62072
4 16 2 8.9 12.60201 2.099 9.501 12.58231 2.03 9.88 12.59604 .933 13.165 12.81434
4 16 3.267 14.916 12.34988 3.321 14.472 12.33914 3.6 14.4 12.28362 3.779 15.292 12.248
4 16 3.09 15.326 12.38511 3.267 14.916 12.34988 3.779 15.292 12.248 3.839 16.2 12.23606
4 16 3.78614 17 12.24658 3.6 18 12.03521 2.906 18.308 12.09673 2.158 18.444 12.21166
4 16 3.78614 17 12.24658 2.158 18.444 12.21166 1.4 18.4 12.37324 1.189 18.307 12.43825
4 16 .956 17.671 12.64278 .727 17.667 12.68934 0 17 13 3.78614 17 12.24658
4 16 0 17 13 .727 17.667 12.68934 .5 17.7 12.7263 0 17.769 12.80863
4 16 0 17 13 0 17.769 12.80863 -.558 17.74 12.70494 -1.1 17.6 12.63205
4 16 -.831 16.752 12.83464 0 16.789 13 0 17 13 -4.23383 17 12.15749
4 16 -4.1 17.9 11.96082 -4.23383 17 12.15749 0 17 13 -1.311 17.607 12.58837
4 16 -4.1 17.9 11.96082 -1.311 17.607 12.58837 -1.5 17.7 12.52766 -3.379 18.238 12.02044
4 16 -2.593 18.375 12.14244 -3.379 18.238 12.02044 -1.5 17.7 12.52766 -1.469 17.95 12.47161
4 16 -1.8 18.3 12.31872 -2.593 18.375 12.14244 -1.469 17.95 12.47161 -1.582 18.175 12.39316
4 16 -3.05 15.717 12.39307 -2.404 16.241 12.52162 -4.268 16.4 12.15069 -4.225 15.645 12.15925
4 16 6.33182 6.77913 11.10331 5.116 13.702 11.91578 4.975 13.60428 12.01 5.81694 6.61764 11.44738
4 16 5.28882 6.50418 11.80029 5.81694 6.61764 11.44738 4.975 13.60428 12.01 4.975 6.46672 12.01
4 16 4.6 11.2 12.08462 4.975 13.60428 12.01 4.8 13.483 12.04482 4.211 11.249 12.16203
4 16 4.211 11.249 12.16203 4.8 13.483 12.04482 3.866 13.165 12.23069 3.831 11.346 12.23765
4 16 3.465 11.488 12.31048 3.831 11.346 12.23765 3.866 13.165 12.23069 3.12 11.673 12.37914
4 16 2.8 11.9 12.44281 3.12 11.673 12.37914 3.866 13.165 12.23069 2.893 13.003 12.42431
4 16 2.8 11.9 12.44281 2.893 13.003 12.42431 1.906 13.003 12.62072 2.737 11.775 12.45535
4 16 -3.831 11.346 12.23765 -3.465 11.488 12.31048 -4.266 13.421 12.15109 -4.211 11.249 12.16203
4 16 -5.186 13.8 11.869 -5.345 14.186 11.76275 -7.1 7.2 10.58997 -6.573 7.084 10.94214
4 16 -5.186 13.8 11.869 -6.573 7.084 10.94214 -6.037 7.017 11.30032 -5.498 7 11.66051
4 16 -4.975 13.71308 12.01 -5.186 13.8 11.869 -5.498 7 11.66051 -4.975 7.03008 12.01
4 16 -2.737 11.775 12.45535 -1.32 13.421 12.73733 -2.295 13.228 12.54331 -2.8 11.9 12.44281
4 16 -2.8 11.9 12.44281 -2.295 13.228 12.54331 -3.29 13.228 12.34531 -3.12 11.673 12.37914
4 16 -4.7 8.6 12.06472 -4.694 9.357 12.06592 -4.768 9.735 12.05119 -4.975 7.03008 12.01
4 16 -4.456 8.409 12.11328 -4.7 8.6 12.06472 -4.975 7.03008 12.01 -4.426 7.112 12.11925
4 16 -4.188 8.253 12.16661 -4.456 8.409 12.11328 -4.426 7.112 12.11925 -3.902 7.241 12.22352
4 16 -3.353 8.061 12.33277 -3.63 8.075 12.27765 -3.392 7.418 12.32501 -2.9 7.64 12.42291
4 16 -3.077 8.094 12.38769 -3.353 8.061 12.33277 -2.9 7.64 12.42291 -2.587 7.771 12.4852
4 16 -2.812 8.175 12.44043 -3.077 8.094 12.38769 -2.587 7.771 12.4852 -2.259 7.855 12.55047
4 16 -2.565 8.3 12.48958 -2.812 8.175 12.44043 -2.259 7.855 12.55047 -1.922 7.889 12.61753
4 16 -2.342 8.466 12.53395 -2.565 8.3 12.48958 -1.922 7.889 12.61753 -1.769 7.87 12.64798
4 16 -2.152 8.668 12.57176 -2.342 8.466 12.53395 -1.769 7.87 12.64798 -1.629 7.804 12.67584
4 16 -2 8.9 12.60201 -2.152 8.668 12.57176 -1.629 7.804 12.67584 -1.516 7.7 12.69832
4 16 -4.77 10.12 12.05079 -4.975 13.71308 12.01 -4.975 7.03008 12.01 -4.768 9.735 12.05119
4 16 -1.202 7.244 12.76081 -1.199 7.072 12.76141 0 4 13 0 13.485 13
4 16 0 13.485 13 .96271 6.98195 12.80843 1.11348 7.01421 12.77842 .933 13.165 12.81434
4 16 2 8.9 12.60201 .933 13.165 12.81434 1.11348 7.01421 12.77842 1.45216 7.00971 12.71103
4 16 2.152 8.668 12.57176 2 8.9 12.60201 1.45216 7.00971 12.71103 1.78623 6.95462 12.64455
4 16 2.342 8.466 12.53395 2.152 8.668 12.57176 1.78623 6.95462 12.64455 2.10946 6.8514 12.58023
4 16 2.565 8.3 12.48958 2.342 8.466 12.53395 2.10946 6.8514 12.58023 2.61893 6.67312 12.47885
4 16 2.812 8.175 12.44043 2.565 8.3 12.48958 2.61893 6.67312 12.47885 3.14242 6.54125 12.37467
4 16 3.077 8.094 12.38769 2.812 8.175 12.44043 3.14242 6.54125 12.37467 3.67567 6.45841 12.26856
4 16 3.9 8.138 12.22392 3.63 8.075 12.27765 4.2137 6.42417 12.16149 4.75335 6.44027 12.05411
4 16 4.694 9.357 12.06592 4.7 8.6 12.06472 4.975 6.46672 12.01 4.768 9.735 12.05119
4 16 4.975 6.46672 12.01 4.975 13.60428 12.01 4.77 10.12 12.05079 4.768 9.735 12.05119
4 16 2.737 11.775 12.45535 1.906 13.003 12.62072 2.484 11.309 12.5057 2.706 11.638 12.46152

0 // Colour 308 Dark Brown
3 308 3.6 18 12.03521 4.8296 18.5309 11.6592 2.906 18.308 12.09673
3 308 2.158 18.444 12.21166 4.8296 18.5309 11.6592 0 18.5309 12.6192
3 308 2.906 18.308 12.09673 4.8296 18.5309 11.6592 2.158 18.444 12.21166
3 308 1.4 18.4 12.37324 2.158 18.444 12.21166 0 18.5309 12.6192
3 308 1.189 18.307 12.43825 1.4 18.4 12.37324 0 18.5309 12.6192
3 308 -1.8 18.3 12.31872 0 18.5309 12.6192 -2.593 18.375 12.14244
3 308 -2.593 18.375 12.14244 0 18.5309 12.6192 -4.8296 18.5309 11.6592
3 308 -3.379 18.238 12.02044 -2.593 18.375 12.14244 -4.8296 18.5309 11.6592
3 308 -4.1 17.9 11.96082 -3.379 18.238 12.02044 -4.8296 18.5309 11.6592
3 308 -4.268 16.4 12.15069 -4.23383 17 12.15749 -4.9751 17 12.0107
3 308 -1.1 17.6 12.63205 -.558 17.74 12.70494 -1.469 17.95 12.47161
3 308 -3.29 13.228 12.34531 -3.073 15.028 12.38849 -3.439 14.982 12.31566
3 308 -.4 13.8 12.9204 0 14.7 13 -1.01 14.927 12.79902
3 308 3.866 13.165 12.23069 4.8 13.483 12.04482 3.6 14.4 12.28362
3 308 4.975 13.60428 12.01 3.839 16.2 12.23606 3.779 15.292 12.248
3 308 -5.375 5.72 11.7427 -5.498 7 11.66051 -5.702 5.797 11.52418
4 308 -1.469 17.95 12.47161 -1.5 17.7 12.52766 -1.311 17.607 12.58837 -1.1 17.6 12.63205
4 308 -2.295 13.228 12.54331 -2.578 15.032 12.48699 -3.073 15.028 12.38849 -3.29 13.228 12.34531
4 308 -.217 13.621 12.95682 0 13.485 13 0 14.7 13 -.4 13.8 12.9204
4 308 4.975 13.60428 12.01 3.779 15.292 12.248 3.6 14.4 12.28362 4.8 13.483 12.04482
4 308 4.9751 17 12.0107 3.78614 17 12.24658 3.839 16.2 12.23606 4.975 13.60428 12.01
4 308 -4.975 5.70163 12.01 -4.975 7.03008 12.01 -5.498 7 11.66051 -5.375 5.72 11.7427
4 308 3.6 18 12.03521 3.78614 17 12.24658 4.9751 17 12.0107 4.8296 18.5309 11.6592
4 308 1.045 18.126 12.51184 1.189 18.307 12.43825 0 18.5309 12.6192 0 17.769 12.80863
4 308 1.045 18.126 12.51184 0 17.769 12.80863 .5 17.7 12.7263 1 17.9 12.57703
4 308 1 17.9 12.57703 .5 17.7 12.7263 .727 17.667 12.68934 .956 17.671 12.64278
4 308 0 18.5309 12.6192 -1.8 18.3 12.31872 -1.582 18.175 12.39316 0 17.769 12.80863
4 308 -.558 17.74 12.70494 0 17.769 12.80863 -1.582 18.175 12.39316 -1.469 17.95 12.47161
4 308 -4.1 17.9 11.96082 -4.8296 18.5309 11.6592 -4.9751 17 12.0107 -4.23383 17 12.15749
4 308 -4.225 15.645 12.15925 -4.268 16.4 12.15069 -4.9751 17 12.0107 -4.975 13.71308 12.01
4 308 -5.345 14.186 11.76275 -5.186 13.8 11.869 -4.975 13.71308 12.01 -5.4 14.6 11.72599
4 308 -5.4 16.2 11.72599 -5.4 14.6 11.72599 -4.975 13.71308 12.01 -4.9751 17 12.0107
4 308 -4.1 14.9 12.18412 -4.225 15.645 12.15925 -4.975 13.71308 12.01 -4.266 13.421 12.15109
4 308 -3.439 14.982 12.31566 -4.1 14.9 12.18412 -4.266 13.421 12.15109 -3.29 13.228 12.34531
4 308 -2.038 15.037 12.59445 -2.578 15.032 12.48699 -2.295 13.228 12.54331 -1.32 13.421 12.73733
4 308 -1.01 14.927 12.79902 -2.038 15.037 12.59445 -1.32 13.421 12.73733 -.4 13.8 12.9204
4 308 .907 14.778 12.81951 0 14.7 13 0 13.485 13 .933 13.165 12.81434
4 308 1.817 14.753 12.63843 .907 14.778 12.81951 .933 13.165 12.81434 2.511 14.656 12.50032
4 308 2.511 14.656 12.50032 .933 13.165 12.81434 1.906 13.003 12.62072 2.893 13.003 12.42431
4 308 2.718 14.627 12.45913 2.511 14.656 12.50032 2.893 13.003 12.42431 3.321 14.472 12.33914
4 308 3.6 14.4 12.28362 3.321 14.472 12.33914 2.893 13.003 12.42431 3.866 13.165 12.23069
4 308 4.9751 17 12.0107 4.975 13.60428 12.01 5.116 13.702 11.91578 5.4 16.2 11.72599
4 308 5.4 14.4 11.72599 5.4 16.2 11.72599 5.116 13.702 11.91578 5.326 14.023 11.77545
4 308 1.45216 7.00971 12.71103 1.11348 7.01421 12.77842 .96271 6.98195 12.80843 .829 6.904 12.83503
4 308 1.45216 7.00971 12.71103 .829 6.904 12.83503 .72549 6.79055 12.85563 .51455 6.47095 12.89761
4 308 1.45216 7.00971 12.71103 .51455 6.47095 12.89761 .45243 6.30892 12.90997 .46443 6.13731 12.90758
4 308 1.45216 7.00971 12.71103 .46443 6.13731 12.90758 .54893 5.9861 12.89077 .68838 5.88386 12.86302
4 308 1.45216 7.00971 12.71103 .68838 5.88386 12.86302 1.38142 5.61524 12.7251 1.78623 6.95462 12.64455
4 308 2.10946 6.8514 12.58023 1.78623 6.95462 12.64455 1.38142 5.61524 12.7251 2.0945 5.40459 12.58321
4 308 2.61893 6.67312 12.47885 2.10946 6.8514 12.58023 2.0945 5.40459 12.58321 2.82244 5.25346 12.43835
4 308 3.14242 6.54125 12.37467 2.61893 6.67312 12.47885 2.82244 5.25346 12.43835 3.44657 5.16452 12.31415
4 308 3.67567 6.45841 12.26856 3.14242 6.54125 12.37467 3.44657 5.16452 12.31415 4.07449 5.101 12.1892
4 308 4.2137 6.42417 12.16149 3.67567 6.45841 12.26856 4.07449 5.101 12.1892 4.41074 5.10131 12.12228
4 308 4.2137 6.42417 12.16149 4.41074 5.10131 12.12228 4.74238 5.15442 12.05629 4.75335 6.44027 12.05411
4 308 4.75335 6.44027 12.05411 4.74238 5.15442 12.05629 4.975 5.23112 12.01 4.975 6.46672 12.01
4 308 4.975 6.46672 12.01 4.975 5.23112 12.01 5.36008 5.41424 11.75267 5.28882 6.50418 11.80029
4 308 5.28882 6.50418 11.80029 5.36008 5.41424 11.75267 5.63074 5.61359 11.5718 5.87322 5.85966 11.40977
4 308 5.28882 6.50418 11.80029 5.87322 5.85966 11.40977 6.07344 6.14118 11.27597 5.81694 6.61764 11.44738
4 308 5.81694 6.61764 11.44738 6.07344 6.14118 11.27597 6.22813 6.44984 11.1726 6.33182 6.77913 11.10331
4 308 -6.573 7.084 10.94214 -7.1 7.2 10.58997 -6.968 6.881 10.67818 -6.787 6.587 10.79914
4 308 -6.037 7.017 11.30032 -6.573 7.084 10.94214 -6.787 6.587 10.79914 -6.563 6.324 10.94882
4 308 -6.037 7.017 11.30032 -6.563 6.324 10.94882 -6.3 6.1 11.12457 -6.013 5.925 11.31636
4 308 -5.498 7 11.66051 -6.037 7.017 11.30032 -6.013 5.925 11.31636 -5.702 5.797 11.52418
4 308 -4.975 7.03008 12.01 -4.975 5.70163 12.01 -4.705 5.725 12.06373 -4.426 7.112 12.11925
4 308 -4.426 7.112 12.11925 -4.705 5.725 12.06373 -4.085 5.843 12.18711 -3.902 7.241 12.22352
4 308 -3.902 7.241 12.22352 -4.085 5.843 12.18711 -3.471 5.986 12.30929 -3.392 7.418 12.32501
4 308 -3.392 7.418 12.32501 -3.471 5.986 12.30929 -2.759 6.2 12.45097 -2.9 7.64 12.42291
4 308 -2.9 7.64 12.42291 -2.759 6.2 12.45097 -2.067 6.472 12.58868 -2.587 7.771 12.4852
4 308 -2.259 7.855 12.55047 -2.587 7.771 12.4852 -2.067 6.472 12.58868 -1.4 6.8 12.72141
4 308 -2.259 7.855 12.55047 -1.4 6.8 12.72141 -1.27 6.914 12.74728 -1.922 7.889 12.61753
4 308 -1.769 7.87 12.64798 -1.922 7.889 12.61753 -1.27 6.914 12.74728 -1.629 7.804 12.67584
4 308 -1.516 7.7 12.69832 -1.629 7.804 12.67584 -1.27 6.914 12.74728 -1.278 7.4 12.74568
4 308 -1.202 7.244 12.76081 -1.278 7.4 12.74568 -1.27 6.914 12.74728 -1.199 7.072 12.76141