0 Tyre 17/ 70 x 62 Motorcycle Offroad
0 Name: 2902.dat
0 Author: Damien Duquennoy
0 !LDRAW_ORG Part UPDATE 2023-02
0 !LICENSE Licensed under CC BY 2.0 and CC BY 4.0 : see CAreadme.txt

0 BFC CERTIFY CCW

0 !KEYWORDS 81.6 x 15

0 !HISTORY 2000-09-30 [PTadmin] Official Update 2000-02
0 !HISTORY 2007-05-20 [PTadmin] Header formatted for Contributor Agreement
0 !HISTORY 2008-07-01 [PTadmin] Official Update 2008-01
0 !HISTORY 2017-07-22 [MagFors] bfc'd, increased precision
0 !HISTORY 2023-04-17 [OrionP] Official Update 2023-02


1 16 0 0 0 0 0 1 0 1 0 -1 0 0 s\2902s01.dat
1 16 0 0 0 0 -0.258819 0.965926 0 0.965926 0.258819 -1 0 0 s\2902s01.dat
1 16 0 0 0 0 -0.5 0.866026 0 0.866026 0.5 -1 0 0 s\2902s01.dat
1 16 0 0 0 0 -0.707107 0.707107 0 0.707107 0.707107 -1 0 0 s\2902s01.dat
1 16 0 0 0 0 -0.866026 0.5 0 0.5 0.866026 -1 0 0 s\2902s01.dat
1 16 0 0 0 0 -0.965926 0.258819 0 0.258819 0.965926 -1 0 0 s\2902s01.dat
1 16 0 0 0 0 -1 0 0 0 1 -1 0 0 s\2902s01.dat
1 16 0 0 0 0 -0.965926 -0.258819 0 -0.258819 0.965926 -1 0 0 s\2902s01.dat
1 16 0 0 0 0 -0.866026 -0.5 0 -0.5 0.866026 -1 0 0 s\2902s01.dat
1 16 0 0 0 0 -0.707107 -0.707107 0 -0.707107 0.707107 -1 0 0 s\2902s01.dat
1 16 0 0 0 0 -0.5 -0.866026 0 -0.866026 0.5 -1 0 0 s\2902s01.dat
1 16 0 0 0 0 -0.258819 -0.965926 0 -0.965926 0.258819 -1 0 0 s\2902s01.dat
1 16 0 0 0 0 0 -1 0 -1 0 -1 0 0 s\2902s01.dat
1 16 0 0 0 0 0.258819 -0.965926 0 -0.965926 -0.258819 -1 0 0 s\2902s01.dat
1 16 0 0 0 0 0.5 -0.866026 0 -0.866026 -0.5 -1 0 0 s\2902s01.dat
1 16 0 0 0 0 0.707107 -0.707107 0 -0.707107 -0.707107 -1 0 0 s\2902s01.dat
1 16 0 0 0 0 0.866026 -0.5 0 -0.5 -0.866026 -1 0 0 s\2902s01.dat
1 16 0 0 0 0 0.965926 -0.258819 0 -0.258819 -0.965926 -1 0 0 s\2902s01.dat
1 16 0 0 0 0 1 0 0 0 -1 -1 0 0 s\2902s01.dat
1 16 0 0 0 0 0.965926 0.258819 0 0.258819 -0.965926 -1 0 0 s\2902s01.dat
1 16 0 0 0 0 0.866026 0.5 0 0.5 -0.866026 -1 0 0 s\2902s01.dat
1 16 0 0 0 0 0.707107 0.707107 0 0.707107 -0.707107 -1 0 0 s\2902s01.dat
1 16 0 0 0 0 0.5 0.866026 0 0.866026 -0.5 -1 0 0 s\2902s01.dat
1 16 0 0 0 0 0.258819 0.965926 0 0.965926 -0.258819 -1 0 0 s\2902s01.dat

1 16 0 0 0 0 0 -1 0 1 0 1 0 0 s\2902s01.dat
1 16 0 0 0 0 0.258819 -0.965926 0 0.965926 0.258819 1 0 0 s\2902s01.dat
1 16 0 0 0 0 0.5 -0.866026 0 0.866026 0.5 1 0 0 s\2902s01.dat
1 16 0 0 0 0 0.707107 -0.707107 0 0.707107 0.707107 1 0 0 s\2902s01.dat
1 16 0 0 0 0 0.866026 -0.5 0 0.5 0.866026 1 0 0 s\2902s01.dat
1 16 0 0 0 0 0.965926 -0.258819 0 0.258819 0.965926 1 0 0 s\2902s01.dat
1 16 0 0 0 0 1 0 0 0 1 1 0 0 s\2902s01.dat
1 16 0 0 0 0 0.965926 0.258819 0 -0.258819 0.965926 1 0 0 s\2902s01.dat
1 16 0 0 0 0 0.866026 0.5 0 -0.5 0.866026 1 0 0 s\2902s01.dat
1 16 0 0 0 0 0.707107 0.707107 0 -0.707107 0.707107 1 0 0 s\2902s01.dat
1 16 0 0 0 0 0.5 0.866026 0 -0.866026 0.5 1 0 0 s\2902s01.dat
1 16 0 0 0 0 0.258819 0.965926 0 -0.965926 0.258819 1 0 0 s\2902s01.dat
1 16 0 0 0 0 0 1 0 -1 0 1 0 0 s\2902s01.dat
1 16 0 0 0 0 -0.258819 0.965926 0 -0.965926 -0.258819 1 0 0 s\2902s01.dat
1 16 0 0 0 0 -0.5 0.866026 0 -0.866026 -0.5 1 0 0 s\2902s01.dat
1 16 0 0 0 0 -0.707107 0.707107 0 -0.707107 -0.707107 1 0 0 s\2902s01.dat
1 16 0 0 0 0 -0.866026 0.5 0 -0.5 -0.866026 1 0 0 s\2902s01.dat
1 16 0 0 0 0 -0.965926 0.258819 0 -0.258819 -0.965926 1 0 0 s\2902s01.dat
1 16 0 0 0 0 -1 0 0 0 -1 1 0 0 s\2902s01.dat
1 16 0 0 0 0 -0.965926 -0.258819 0 0.258819 -0.965926 1 0 0 s\2902s01.dat
1 16 0 0 0 0 -0.866026 -0.5 0 0.5 -0.866026 1 0 0 s\2902s01.dat
1 16 0 0 0 0 -0.707107 -0.707107 0 0.707107 -0.707107 1 0 0 s\2902s01.dat
1 16 0 0 0 0 -0.5 -0.866026 0 0.866026 -0.5 1 0 0 s\2902s01.dat
1 16 0 0 0 0 -0.258819 -0.965926 0 0.965926 -0.258819 1 0 0 s\2902s01.dat
