0 Technic Ball with Grooves
0 Name: 2907.dat
0 Author: Jeff Boen
0 !LDRAW_ORG Part UPDATE 2020-01
0 !LICENSE Redistributable under CCAL version 2.0 : see CAreadme.txt

0 BFC CERTIFY CCW

0 !HISTORY 1998-02-12 [PTadmin] Official Update 1998-02
0 !HISTORY 2007-05-20 [PTadmin] Header formatted for Contributor Agreement
0 !HISTORY 2008-07-01 [PTadmin] Official Update 2008-01
0 !HISTORY 2014-11-21 [roland] Auto-corrected with libfix version of LDCad 1.4
0 !HISTORY 2015-01-01 [Philo] Rebuilt with subpart
0 !HISTORY 2020-06-28 [PTadmin] Official Update 2020-01

1 16 0 -12 0 1 0 0 0 23 0 0 0 1 axlehole.dat
1 16 0 -12 0 1 0 0 0 1 0 0 0 1 axlehol2.dat
1 16 0 11 0 1 0 0 0 1 0 0 0 1 axlehol2.dat
1 16 0 -12 0 2 0 0 0 1 0 0 0 2 4-4ring3.dat
1 16 0 11 0 1 0 0 0 -1 0 0 0 1 4-4ring6.dat
1 16 0 12 0 1 0 0 0 -1 0 0 0 1 4-4ring7.dat
0 BFC INVERTNEXT
1 16 0 11 0 7 0 0 0 1 0 0 0 7 4-4cylo.dat
1 16 0 12 0 8 0 0 0 1 0 0 0 8 4-4edge.dat
1 16 0 -12 0 8 0 0 0 1 0 0 0 8 4-4edge.dat
1 16 0 0 0 1 0 0 0 1 0 0 0 1 s\2907s01.dat
1 16 0 0 0 0.70711 0 0.70711 0 1 0 -0.70711 0 0.70711 s\2907s01.dat
1 16 0 0 0 0 0 1 0 1 0 -1 0 0 s\2907s01.dat
1 16 0 0 0 -0.70711 0 0.70711 0 1 0 -0.70711 0 -0.70711 s\2907s01.dat
1 16 0 0 0 0 0 -1 0 1 0 1 0 0 s\2907s01.dat
1 16 0 0 0 0.70711 0 -0.70711 0 1 0 0.70711 0 0.70711 s\2907s01.dat
1 16 0 0 0 -1 0 0 0 1 0 0 0 -1 s\2907s01.dat
1 16 0 0 0 -0.70711 0 -0.70711 0 1 0 0.70711 0 -0.70711 s\2907s01.dat
