0 Tyre 81.6 x 34 ZR for Large Wheel Hub
0 Name: 2997.dat
0 Author: Donald Sutter [technog]
0 !LDRAW_ORG Part UPDATE 2004-02
0 !LICENSE Redistributable under CCAL version 2.0 : see CAreadme.txt

0 !KEYWORDS Technic Super Car 8880, 4 wheel steering
0 !CMDLINE -c256

0 !HISTORY 2004-04-22 [PTadmin] Official Update 2004-02
0 !HISTORY 2007-05-23 [PTadmin] Header formatted for Contributor Agreement
0 !HISTORY 2008-07-01 [PTadmin] Official Update 2008-01

1 16 0 -87 0 1 0 0 0 1 0 0 0 1 s\2997a.dat
1 16 15.11 -85.68 0 0.985 -0.174 0 0.174 0.985 0 0 0 1 s\2997a.dat
1 16 29.76 -81.75 0 0.94 -0.342 0 0.342 0.94 0 0 0 1 s\2997a.dat
1 16 43.5 -75.35 0 0.866 -0.501 0 0.501 0.866 0 0 0 1 s\2997a.dat
1 16 55.92 -66.65 0 0.766 -0.643 0 0.643 0.766 0 0 0 1 s\2997a.dat
1 16 66.65 -55.92 0 0.643 -0.766 0 0.766 0.643 0 0 0 1 s\2997a.dat
1 16 81.75 -29.75 0 0.342 -0.94 0 0.94 0.342 0 0 0 1 s\2997a.dat
1 16 85.68 -15.11 0 0.173 -0.985 0 0.985 0.173 0 0 0 1 s\2997a.dat
1 16 87 0 0 0 -1 0 1 0 0 0 0 1 s\2997a.dat
1 16 85.68 15.11 0 -0.174 -0.985 0 0.985 -0.174 0 0 0 1 s\2997a.dat
1 16 81.75 29.76 0 -0.342 -0.94 0 0.94 -0.342 0 0 0 1 s\2997a.dat
1 16 75.35 43.5 0 -0.501 -0.866 0 0.866 -0.501 0 0 0 1 s\2997a.dat
1 16 66.64 55.92 0 -0.643 -0.766 0 0.766 -0.643 0 0 0 1 s\2997a.dat
1 16 55.92 66.65 0 -0.766 -0.643 0 0.643 -0.766 0 0 0 1 s\2997a.dat
1 16 43.5 75.35 0 -0.866 -0.5 0 0.5 -0.866 0 0 0 1 s\2997a.dat
1 16 29.75 81.75 0 -0.94 -0.342 0 0.342 -0.94 0 0 0 1 s\2997a.dat
1 16 15.11 85.68 0 -0.985 -0.173 0 0.173 -0.985 0 0 0 1 s\2997a.dat
1 16 0 87 0 -1 0 0 0 -1 0 0 0 1 s\2997a.dat
1 16 -15.11 85.68 0 -0.985 0.174 0 -0.174 -0.985 0 0 0 1 s\2997a.dat
1 16 -29.76 81.75 0 -0.94 0.342 0 -0.342 -0.94 0 0 0 1 s\2997a.dat
1 16 -43.5 75.35 0 -0.866 0.501 0 -0.501 -0.866 0 0 0 1 s\2997a.dat
1 16 -55.92 66.65 0 -0.766 0.643 0 -0.643 -0.766 0 0 0 1 s\2997a.dat
1 16 -66.65 55.92 0 -0.643 0.766 0 -0.766 -0.643 0 0 0 1 s\2997a.dat
1 16 -75.35 43.5 0 -0.5 0.866 0 -0.866 -0.5 0 0 0 1 s\2997a.dat
1 16 -81.75 29.75 0 -0.342 0.94 0 -0.94 -0.342 0 0 0 1 s\2997a.dat
1 16 -85.68 15.11 0 -0.173 0.985 0 -0.985 -0.173 0 0 0 1 s\2997a.dat
1 16 -87 0 0 0 1 0 -1 0 0 0 0 1 s\2997a.dat
1 16 -85.68 -15.11 0 0.174 0.985 0 -0.985 0.174 0 0 0 1 s\2997a.dat
1 16 -81.75 -29.76 0 0.342 0.94 0 -0.94 0.342 0 0 0 1 s\2997a.dat
1 16 -75.35 -43.5 0 0.501 0.866 0 -0.866 0.501 0 0 0 1 s\2997a.dat
1 16 -66.64 -55.92 0 0.643 0.766 0 -0.766 0.643 0 0 0 1 s\2997a.dat
1 16 -55.92 -66.65 0 0.766 0.643 0 -0.643 0.766 0 0 0 1 s\2997a.dat
1 16 -43.5 -75.35 0 0.866 0.5 0 -0.5 0.866 0 0 0 1 s\2997a.dat
1 16 -29.75 -81.75 0 0.94 0.342 0 -0.342 0.94 0 0 0 1 s\2997a.dat
1 16 -15.11 -85.68 0 0.985 0.173 0 -0.173 0.985 0 0 0 1 s\2997a.dat
1 16 75.35 -43.5 0 0.5 -0.866 0 0.866 0.5 0 0 0 1 s\2997a.dat
0
