0 Brick  1 x  2 with Black and Light Bluish Grey Castle Windows Pattern
0 Name: 3004p0i.dat
0 Author: Philippe Hurbain [Philo]
0 !LDRAW_ORG Part UPDATE 2026-03
0 !LICENSE Licensed under CC BY 4.0 : see CAreadme.txt

0 BFC CERTIFY CCW

0 !KEYWORDS Architecture, Bricklink 3004pb341, Brickowl 989032, Brickset 113284
0 !KEYWORDS Neuschwanstein Castle, Rebrickable 3004pr0120, Set 21063

0 !HISTORY 2026-03-31 [OrionP] Official Update 2026-03

1 16 0 0 0 1 0 0 0 1 0 0 0 1 s\3004s01.dat

1 71 0 8 -10 -.684 0 0 0 0 -.684 0 1 0 2-4ring5.dat
1 16 0 8 -10 -1.14 0 0 0 0 -1.14 0 1 0 2-4ring2.dat
1 71 0 8 -10 -.76 0 0 0 0 -.76 0 1 0 2-4ring2.dat
1 0 0 8 -10 -1.52 0 0 0 0 -1.52 0 1 0 2-4chrd.dat
4 16 3.42 18.5 -10 3.42 8 -10 2.28 8 -10 2.28 18.5 -10
4 16 -2.28 18.5 -10 -2.28 8 -10 -3.42 8 -10 -3.42 18.5 -10
4 0 1.52 8 -10 -1.52 8 -10 -1.52 18.5 -10 1.52 18.5 -10
4 71 1.52 18.5 -10 2.28 18.5 -10 2.28 8 -10 1.52 8 -10
4 71 -2.28 18.5 -10 -1.52 18.5 -10 -1.52 8 -10 -2.28 8 -10
4 71 -4.104 19.2 -10 -3.42 18.5 -10 -3.42 8 -10 -4.104 8 -10
3 71 -4.104 19.2 -10 -2.28 18.5 -10 -3.42 18.5 -10
3 71 -4.104 19.2 -10 -1.52 18.5 -10 -2.28 18.5 -10
4 71 1.52 18.5 -10 -1.52 18.5 -10 -4.104 19.2 -10 4.104 19.2 -10
3 71 4.104 19.2 -10 2.28 18.5 -10 1.52 18.5 -10
3 71 4.104 19.2 -10 3.42 18.5 -10 2.28 18.5 -10
4 71 4.104 8 -10 3.42 8 -10 3.42 18.5 -10 4.104 19.2 -10
1 16 0 8 -10 -4.104 0 0 0 0 -4.104 0 1 0 2-4ndis.dat
3 16 -4.104 3.896 -10 0 3.896 -10 -20 0 -10
4 16 -20 24 -10 -4.104 8 -10 -4.104 3.896 -10 -20 0 -10
3 16 -4.104 19.2 -10 -4.104 8 -10 -20 24 -10
4 16 -20 0 -10 0 3.896 -10 4.104 3.896 -10 20 0 -10
4 16 4.104 3.896 -10 4.104 8 -10 20 24 -10 20 0 -10
3 16 20 24 -10 4.104 8 -10 4.104 19.2 -10
4 16 20 24 -10 4.104 19.2 -10 -4.104 19.2 -10 -20 24 -10