0 Slope Brick 45  2 x  2 with Black and Green Control Screen with Radar, Dinosaur and Warning Sign Pattern
0 Name: 3039p0b.dat
0 Author: Fredrik Hareide [fhareide]
0 !LDRAW_ORG Part UPDATE 2026-07
0 !LICENSE Licensed under CC BY 4.0 : see CAreadme.txt

0 BFC CERTIFY CCW

0 !CATEGORY Slope
0 !KEYWORDS Bricklink 3039pb152, Brickowl 891714, Brickset 103615
0 !KEYWORDS Jurassic world, Rebrickable 3039pr0031, Set 76957, Velociraptor

0 !HISTORY 2026-07-30 [OrionP] Official Update 2026-07

1 16 0 0 0 1 0 0 0 1 0 0 0 1 s\3039s01.dat

0 // Black
4 0 -17.651 0.97 -10.97 17.521 0.97 -10.97 18.647 0.444 -10.444 -18.85 0.469 -10.469
3 0 -17.544 19.066 -29.066 -17.911 19.014 -29.014 -18.673 19.597 -29.597
4 0 -7.007 17.758 -27.758 -7.034 17.838 -27.838 -5.88 17.827 -27.827 -5.902 17.745 -27.746
3 0 -1.769 15.938 -25.938 -3.63 17.612 -27.612 -3.557 17.675 -27.675
4 0 -14.432 15.885 -25.885 -13.223 15.938 -25.938 -13.297 15.872 -25.872 -14.404 15.804 -25.804
4 0 12.772 17.381 -27.381 13.657 12.224 -22.224 12.46 12.224 -22.224 9.529 13.338 -23.338
4 0 -14.875 12.153 -22.153 -13.016 11.681 -21.681 -13.457 11.237 -21.237 -15.465 11.388 -21.388
4 0 16.096 4.704 -14.704 16.262 4.908 -14.908 16.596 3.052 -13.052 16.428 3.102 -13.102
4 0 13.812 2.005 -12.005 12.657 1.985 -11.985 12.815 2.027 -12.027 13.648 2.044 -12.044
4 0 12.019 2.311 -12.311 -16.882 2.779 -12.779 16.428 2.776 -12.776 12.658 2.31 -12.31
4 0 7.901 8.662 -18.662 7.942 8.765 -18.765 9.516 8.983 -18.983 9.712 8.852 -18.852
3 0 16.059 10.905 -20.905 17.967 18.245 -28.245 16.243 10.727 -20.727
4 0 -4.8 12.834 -22.834 -5.804 11.62 -21.62 -6.49 12.123 -22.123 -5.735 13.403 -23.403
4 0 -3.276 7.938 -17.938 -5.024 7.897 -17.897 -4.937 8.616 -18.616 -3.014 8.631 -18.631
4 0 -7.5 8.461 -18.461 -6.394 8.142 -18.142 -6.623 7.891 -17.891 -7.976 8.124 -18.124
4 0 -8.692 8.192 -18.192 -9.209 8.12 -18.12 -9.209 9.32 -19.32 -8.235 8.383 -18.383
4 0 -10.713 8.416 -18.416 -11.066 8.724 -18.724 -9.688 9.357 -19.357 -10.228 8.209 -18.209
4 0 -10.378 7.899 -17.899 -11.367 6.807 -16.807 -11.903 7.047 -17.047 -10.983 8.16 -18.16
4 0 -11.374 6.45 -16.45 -10.555 6.253 -16.253 -11.05 4.956 -14.956 -12.153 5.24 -15.24
4 0 -5.999 5.5 -15.5 -7.108 5.119 -15.119 -7.577 6.473 -16.473 -6.814 6.742 -16.742
4 0 -7.511 12.218 -22.218 -7.974 10.912 -20.912 -8.566 11.137 -21.137 -8.337 12.444 -22.444
4 0 -11.388 10.57 -20.57 -11.69 10.149 -20.149 -13.302 10.749 -20.749 -12.931 11.229 -21.229
4 0 -10.199 10.833 -20.833 -9.688 10.915 -20.915 -9.688 9.691 -19.691 -10.655 10.644 -20.644
4 0 -7.607 10.054 -20.054 -7.503 9.691 -19.691 -9.209 9.691 -19.691 -7.868 10.376 -20.376
3 0 9.057 15.051 -25.051 9.432 15.052 -25.052 9.229 13.955 -23.955
4 0 8.908 16.122 -26.122 8.837 15.68 -25.68 6.619 17.23 -27.23 8.908 16.381 -26.381
4 0 6.619 17.23 -27.23 11.847 17.23 -27.23 9.547 16.837 -26.837 8.908 16.837 -26.837
3 0 18.504 1.381 -11.381 18.639 1.643 -11.643 19.37 0.855 -10.855
4 0 19.37 0.855 -10.855 19.216 0.651 -10.651 18.248 1.169 -11.169 18.504 1.381 -11.381
4 0 18.248 1.169 -11.169 19.216 0.651 -10.651 18.961 0.508 -10.508 18.647 0.444 -10.444
4 0 -18.379 1.23 -11.23 -18.85 0.469 -10.469 -19.139 0.578 -10.578 -19.34 0.758 -10.758
3 0 -18.046 1.056 -11.056 -17.651 0.97 -10.97 -18.85 0.469 -10.469
4 0 -18.379 1.23 -11.23 -19.34 0.758 -10.758 -19.43 0.98 -10.98 -18.584 1.483 -11.483
3 0 -19.43 0.98 -10.98 -18.67 1.769 -11.769 -18.584 1.483 -11.483
3 0 -18.85 0.469 -10.469 -18.379 1.23 -11.23 -18.046 1.056 -11.056
3 0 18.647 0.444 -10.444 17.906 1.03 -11.03 18.248 1.169 -11.169
3 0 18.647 0.444 -10.444 17.521 0.97 -10.97 17.906 1.03 -11.03
4 0 -19.396 19.186 -29.186 -18.62 18.456 -28.456 -18.67 1.769 -11.769 -19.43 0.98 -10.98
4 0 -18.252 18.907 -28.907 -19.396 19.186 -29.186 -19.241 19.391 -29.391 -18.987 19.533 -29.533
3 0 -18.495 18.706 -28.706 -18.62 18.456 -28.456 -19.396 19.186 -29.186
4 0 -18.252 18.907 -28.907 -18.987 19.533 -29.533 -18.673 19.597 -29.597 -17.911 19.014 -29.014
4 0 -18.673 19.597 -29.597 18.823 19.573 -29.573 17.521 19.031 -29.031 -17.544 19.066 -29.066
4 0 18.316 18.829 -28.829 18.823 19.573 -29.573 19.111 19.464 -29.464 19.313 19.284 -29.284
4 0 18.316 18.829 -28.829 19.313 19.284 -29.284 19.403 19.062 -29.062 18.533 18.566 -28.566
4 0 19.403 19.062 -29.062 19.37 0.855 -10.855 18.639 1.643 -11.643 18.639 18.271 -28.271
3 0 17.521 19.031 -29.031 18.823 19.573 -29.573 17.946 18.983 -28.983
3 0 -18.495 18.706 -28.706 -19.396 19.186 -29.186 -18.252 18.907 -28.907
3 0 19.403 19.062 -29.062 18.639 18.271 -28.271 18.533 18.566 -28.566
3 0 18.823 19.573 -29.573 18.316 18.829 -28.829 17.946 18.983 -28.983
4 0 -16.679 16.766 -26.766 -17.967 18.323 -28.323 -16.678 17.745 -27.745 -16.656 16.848 -26.848
4 0 -17.967 18.323 -28.323 -17.839 18.477 -28.477 -17.719 18.538 -28.538 -17.512 18.582 -28.582
4 0 -16.656 17.827 -27.827 -16.678 17.745 -27.745 -17.967 18.323 -28.323 -17.512 18.582 -28.582
4 0 -3.647 17.892 -27.892 -17.512 18.582 -28.582 17.602 18.567 -28.567 5.894 17.703 -27.703
4 0 17.602 18.567 -28.567 17.792 18.493 -28.493 17.906 18.392 -28.392 17.967 18.245 -28.245
3 0 5.894 17.703 -27.703 17.602 18.567 -28.567 12.464 17.718 -27.718
4 0 17.602 18.567 -28.567 17.967 18.245 -28.245 12.799 17.512 -27.512 12.684 17.659 -27.659
3 0 12.684 17.659 -27.659 12.464 17.718 -27.718 17.602 18.567 -28.567
3 0 -16.656 17.827 -27.827 -17.512 18.582 -28.582 -16.582 17.89 -27.89
4 0 -3.647 17.892 -27.892 5.894 17.703 -27.703 5.748 17.623 -27.623 -3.562 17.837 -27.837
4 0 -3.562 17.837 -27.837 5.748 17.623 -27.623 5.666 17.518 -27.518 -3.535 17.756 -27.756
3 0 -16.582 17.89 -27.89 -17.512 18.582 -28.582 -14.42 17.892 -27.892
4 0 -13.258 17.827 -27.827 -13.285 17.744 -27.744 -14.308 17.756 -27.756 -14.336 17.837 -27.837
4 0 -14.336 17.837 -27.837 -14.42 17.892 -27.892 -13.185 17.888 -27.888 -13.258 17.827 -27.827
4 0 -13.185 17.888 -27.888 -14.42 17.892 -27.892 -17.512 18.582 -28.582 -7.118 17.893 -27.893
4 0 -17.512 18.582 -28.582 -3.647 17.892 -27.892 -5.807 17.89 -27.89 -7.118 17.893 -27.893
4 0 -5.807 17.89 -27.89 -5.88 17.827 -27.827 -7.034 17.838 -27.838 -7.118 17.893 -27.893
4 0 -16.656 16.848 -26.848 -16.678 17.745 -27.745 -16.65 17.665 -27.665 -16.582 16.915 -26.915
3 0 -16.65 17.665 -27.665 -16.565 17.61 -27.61 -16.582 16.915 -26.915
4 0 -14.404 17.612 -27.612 -11.936 16.915 -26.915 -16.582 16.915 -26.915 -16.565 17.61 -27.61
4 0 -10.932 16.766 -26.766 -11.833 16.781 -26.781 -11.845 16.86 -26.86 -10.909 16.848 -26.848
4 0 -11.936 16.915 -26.915 -14.404 17.612 -27.612 -13.168 17.609 -27.609 -10.835 16.915 -26.915
4 0 -14.404 17.612 -27.612 -14.33 17.675 -27.675 -13.252 17.663 -27.663 -13.168 17.609 -27.609
4 0 -11.845 16.86 -26.86 -11.936 16.915 -26.915 -10.835 16.915 -26.915 -10.909 16.848 -26.848
4 0 -14.33 17.675 -27.675 -14.308 17.756 -27.756 -13.285 17.744 -27.744 -13.252 17.663 -27.663
4 0 -7.101 17.613 -27.613 -4.742 16.915 -26.915 -10.835 16.915 -26.915 -13.168 17.609 -27.609
4 0 -3.63 17.612 -27.612 -1.769 15.938 -25.938 -4.627 16.78 -26.78 -4.655 16.861 -26.861
4 0 -5.79 17.609 -27.609 -4.742 16.915 -26.915 -7.101 17.613 -27.613 -5.875 17.665 -27.665
4 0 -5.875 17.665 -27.665 -7.101 17.613 -27.613 -7.028 17.677 -27.677 -5.902 17.745 -27.746
4 0 -3.63 17.612 -27.612 -4.655 16.861 -26.861 -4.742 16.915 -26.915 -5.79 17.609 -27.609
4 0 5.668 17.378 -27.378 -1.654 15.804 -25.804 -1.683 15.885 -25.885 5.666 17.518 -27.518
4 0 5.666 17.518 -27.518 -1.683 15.885 -25.885 -1.769 15.938 -25.938 -3.535 17.756 -27.756
3 0 -3.535 17.756 -27.756 -1.769 15.938 -25.938 -3.557 17.675 -27.675
3 0 -7.028 17.677 -27.677 -7.007 17.758 -27.758 -5.902 17.745 -27.746
4 0 -11.844 16.702 -26.702 -11.833 16.781 -26.781 -10.932 16.766 -26.766 -10.903 16.685 -26.685
4 0 -11.918 16.632 -26.632 -11.844 16.702 -26.702 -10.903 16.685 -26.685 -10.817 16.632 -26.632
4 0 -9.798 15.938 -25.938 -11.918 16.632 -26.632 -10.817 16.632 -26.632 -8.752 15.938 -25.938
4 0 -7.12 15.938 -25.938 -10.817 16.632 -26.632 -4.724 16.632 -26.632 -5.806 15.938 -25.938
3 0 -4.627 16.78 -26.78 -1.769 15.938 -25.938 -4.649 16.699 -26.699
3 0 -4.649 16.699 -26.699 -1.769 15.938 -25.938 -4.724 16.632 -26.632
3 0 -1.769 15.938 -25.938 -5.806 15.938 -25.938 -4.724 16.632 -26.632
4 0 -5.88 15.872 -25.872 -5.903 15.789 -25.789 -7.007 15.803 -25.803 -7.034 15.885 -25.885
3 0 -10.817 16.632 -26.632 -7.12 15.938 -25.938 -8.752 15.938 -25.938
4 0 -5.806 15.938 -25.938 -5.88 15.872 -25.872 -7.034 15.885 -25.885 -7.12 15.938 -25.938
4 0 -16.564 16.632 -26.632 -11.918 16.632 -26.632 -14.518 15.938 -25.938 -16.582 15.938 -25.938
4 0 -16.677 15.79 -25.79 -17.967 18.323 -28.323 -16.679 16.766 -26.766 -16.656 15.872 -25.872
4 0 -16.656 15.872 -25.872 -16.679 16.766 -26.766 -16.65 16.685 -26.685 -16.582 15.938 -25.938
3 0 -9.798 15.938 -25.938 -13.223 15.938 -25.938 -11.918 16.632 -26.632
4 0 -8.752 15.938 -25.938 -8.826 15.872 -25.872 -9.712 15.885 -25.885 -9.798 15.938 -25.938
3 0 -16.582 15.938 -25.938 -16.65 16.685 -26.685 -16.564 16.632 -26.632
4 0 -8.826 15.872 -25.872 -8.847 15.79 -25.79 -9.683 15.804 -25.804 -9.712 15.885 -25.885
4 0 -14.518 15.938 -25.938 -11.918 16.632 -26.632 -13.223 15.938 -25.938 -14.432 15.885 -25.885
4 0 -14.404 15.804 -25.804 -13.297 15.872 -25.872 -13.319 15.789 -25.789 -14.426 15.721 -25.721
4 0 -14.426 15.721 -25.721 -13.319 15.789 -25.789 -13.291 15.708 -25.708 -14.5 15.655 -25.655
4 0 -14.5 15.655 -25.655 -13.291 15.708 -25.708 -13.205 15.655 -25.655 -13.598 13.768 -23.768
4 0 -11.272 14.542 -24.542 -13.205 15.655 -25.655 -9.78 15.655 -25.655 -10 14.704 -24.704
4 0 -8.71 14.686 -24.686 -10 14.704 -24.704 -9.78 15.655 -25.655 -8.735 15.655 -25.655
4 0 -9.706 15.721 -25.721 -9.683 15.804 -25.804 -8.847 15.79 -25.79 -8.82 15.708 -25.708
4 0 -9.78 15.655 -25.655 -9.706 15.721 -25.721 -8.82 15.708 -25.708 -8.735 15.655 -25.655
4 0 -8.71 14.686 -24.686 -8.735 15.655 -25.655 -7.102 15.655 -25.655 -7.447 14.493 -24.493
4 0 -7.028 15.721 -25.721 -7.007 15.803 -25.803 -5.903 15.789 -25.789 -5.874 15.708 -25.708
4 0 -7.102 15.655 -25.655 -7.028 15.721 -25.721 -5.874 15.708 -25.708 -5.788 15.655 -25.655
4 0 -7.102 15.655 -25.655 -5.788 15.655 -25.655 -6.24 14.166 -24.166 -7.447 14.493 -24.493
4 0 -5.788 15.655 -25.655 -1.751 15.655 -25.655 -5.136 13.696 -23.696 -6.24 14.166 -24.166
4 0 2.793 12.224 -22.224 -1.677 15.721 -25.721 -1.654 15.804 -25.804 5.668 17.378 -27.378
4 0 5.668 17.378 -27.378 8.957 13.319 -23.319 5.624 12.221 -22.221 2.793 12.224 -22.224
4 0 2.633 12.174 -22.174 -1.751 15.655 -25.655 -1.677 15.721 -25.721 2.793 12.224 -22.224
4 0 8.957 13.319 -23.319 9.104 13.235 -23.235 7.273 12.224 -22.224 5.624 12.221 -22.221
4 0 -16.564 15.655 -25.655 -14.5 15.655 -25.655 -14.581 13.171 -23.171 -15.392 12.463 -22.463
4 0 -16.449 10.801 -20.801 -17.967 18.323 -28.323 -16.677 15.79 -25.79 -16.65 15.708 -25.708
4 0 -17.988 1.796 -11.796 -17.967 18.323 -28.323 -16.664 9.901 -19.901 -16.65 8.987 -18.987
3 0 -17.967 18.323 -28.323 -16.449 10.801 -20.801 -16.664 9.901 -19.901
4 0 -16.005 11.658 -21.658 -16.449 10.801 -20.801 -16.65 15.708 -25.708 -16.564 15.655 -25.655
3 0 -15.392 12.463 -22.463 -16.005 11.658 -21.658 -16.564 15.655 -25.655
3 0 -14.5 15.655 -25.655 -13.598 13.768 -23.768 -14.581 13.171 -23.171
3 0 -13.205 15.655 -25.655 -12.489 14.234 -24.234 -13.598 13.768 -23.768
3 0 -13.205 15.655 -25.655 -11.272 14.542 -24.542 -12.489 14.234 -24.234
3 0 -4.18 13.079 -23.079 -5.136 13.696 -23.696 -1.751 15.655 -25.655
4 0 -3.383 12.36 -22.36 -4.18 13.079 -23.079 -1.751 15.655 -25.655 2.633 12.174 -22.174
4 0 2.566 12.072 -22.072 -2.8 11.545 -21.545 -3.383 12.36 -22.36 2.633 12.174 -22.174
4 0 9.104 13.235 -23.235 9.345 13.231 -23.231 11.056 12.224 -22.224 7.273 12.224 -22.224
4 0 5.773 12.163 -22.163 5.624 12.221 -22.221 7.107 12.17 -22.17 7.045 12.059 -22.059
4 0 5.815 12.049 -22.049 5.773 12.163 -22.163 7.045 12.059 -22.059 7.106 11.946 -21.946
3 0 7.273 12.224 -22.224 7.107 12.17 -22.17 5.624 12.221 -22.221
4 0 12.234 12.062 -22.062 11.284 12.061 -22.061 11.224 12.174 -22.174 12.297 12.18 -22.18
4 0 12.297 12.18 -22.18 11.224 12.174 -22.174 11.056 12.224 -22.224 12.46 12.224 -22.224
4 0 11.056 12.224 -22.224 9.345 13.231 -23.231 9.529 13.338 -23.338 12.46 12.224 -22.224
4 0 12.772 17.381 -27.381 12.799 17.512 -27.512 17.967 18.245 -28.245 13.819 12.177 -22.177
4 0 13.881 12.06 -22.06 13.819 12.177 -22.177 17.967 18.245 -28.245 15.814 11.041 -21.041
3 0 13.819 12.177 -22.177 13.657 12.224 -22.224 12.772 17.381 -27.381
4 0 -14.127 9.691 -19.691 -16.002 9.691 -19.691 -15.829 10.554 -20.554 -13.998 10.225 -20.225
4 0 -15.829 10.554 -20.554 -15.465 11.388 -21.388 -13.78 10.745 -20.745 -13.998 10.225 -20.225
4 0 -13.016 11.681 -21.681 -14.875 12.153 -22.153 -14.09 12.826 -22.826 -12.475 12.065 -22.065
4 0 -12.475 12.065 -22.065 -14.09 12.826 -22.826 -13.161 13.4 -23.4 -11.864 12.393 -22.393
4 0 -11.864 12.393 -22.393 -13.161 13.4 -23.4 -12.079 13.818 -23.818 -11.176 12.632 -22.632
4 0 -11.176 12.632 -22.632 -12.079 13.818 -23.818 -10.908 14.092 -24.092 -10.444 12.794 -22.794
4 0 -10.908 14.092 -24.092 -9.688 14.218 -24.218 -9.688 12.884 -22.884 -10.444 12.794 -22.794
3 0 -13.457 11.237 -21.237 -13.78 10.745 -20.745 -15.465 11.388 -21.388
3 0 -4.05 6.057 -16.057 -3.277 6.789 -16.789 -0.38 5.996 -15.996
3 0 -0.301 5.982 -15.982 2.14 5.976 -15.976 2.166 5.14 -15.14
4 0 -4.978 5.419 -15.419 -4.05 6.057 -16.057 -0.38 5.996 -15.996 2.424 4.668 -14.668
4 0 2.424 4.668 -14.668 -0.38 5.996 -15.996 -0.301 5.982 -15.982 2.232 4.887 -14.887
3 0 -0.301 5.982 -15.982 2.166 5.14 -15.14 2.232 4.887 -14.887
4 0 -6.06 4.922 -14.922 -4.978 5.419 -15.419 2.424 4.668 -14.668 2.735 4.544 -14.544
3 0 -6.06 4.922 -14.922 2.735 4.544 -14.544 -7.249 4.559 -14.559
4 0 -8.507 4.354 -14.354 -7.249 4.559 -14.559 2.735 4.544 -14.544 3.104 4.514 -14.514
4 0 -16.846 3.102 -13.102 -9.799 4.332 -14.332 -8.507 4.354 -14.354 3.104 4.514 -14.514
4 0 3.104 4.514 -14.514 15.503 4.505 -14.505 16.428 3.102 -13.102 -16.846 3.102 -13.102
4 0 -17.006 3.062 -13.062 -17.074 2.952 -12.952 -17.988 1.796 -11.796 -16.391 8.094 -18.094
3 0 -16.65 8.987 -18.987 -16.391 8.094 -18.094 -17.988 1.796 -11.796
4 0 -15.291 6.449 -16.449 -16.846 3.102 -13.102 -17.006 3.062 -13.062 -15.939 7.239 -17.239
3 0 -17.006 3.062 -13.062 -16.391 8.094 -18.094 -15.939 7.239 -17.239
3 0 -14.426 5.771 -15.771 -16.846 3.102 -13.102 -15.291 6.449 -16.449
3 0 -13.431 5.189 -15.189 -16.846 3.102 -13.102 -14.426 5.771 -15.771
3 0 -12.309 4.736 -14.736 -16.846 3.102 -13.102 -13.431 5.189 -15.189
3 0 -11.077 4.463 -14.463 -16.846 3.102 -13.102 -12.309 4.736 -14.736
3 0 -9.799 4.332 -14.332 -16.846 3.102 -13.102 -11.077 4.463 -14.463
4 0 17.946 1.717 -11.717 16.655 2.94 -12.94 16.596 3.052 -13.052 16.323 5.14 -15.14
3 0 15.824 4.568 -14.568 16.428 3.102 -13.102 15.503 4.505 -14.505
3 0 16.096 4.704 -14.704 16.428 3.102 -13.102 15.824 4.568 -14.568
3 0 16.323 5.14 -15.14 16.596 3.052 -13.052 16.262 4.908 -14.908
4 0 -17.988 1.796 -11.796 -17.03 2.837 -12.837 -16.882 2.779 -12.779 -16.366 2.16 -12.16
4 0 -16.366 2.16 -12.16 -16.325 2.046 -12.046 -17.623 1.474 -11.474 -17.988 1.796 -11.796
3 0 -17.988 1.796 -11.796 -17.074 2.952 -12.952 -17.03 2.837 -12.837
4 0 -17.623 1.474 -11.474 -17.805 1.543 -11.543 -17.931 1.656 -11.656 -17.988 1.796 -11.796
4 0 12.017 1.986 -11.986 17.491 1.459 -11.459 -17.623 1.474 -11.474 -14.787 1.985 -11.985
3 0 -14.787 1.985 -11.985 -17.623 1.474 -11.474 -16.177 1.988 -11.988
4 0 17.946 1.717 -11.717 17.849 1.589 -11.589 17.689 1.499 -11.499 17.491 1.459 -11.459
4 0 16.59 2.819 -12.819 16.655 2.94 -12.94 17.946 1.717 -11.717 17.491 1.459 -11.459
4 0 17.491 1.459 -11.459 15.775 2.147 -12.147 16.428 2.776 -12.776 16.59 2.819 -12.819
3 0 17.491 1.459 -11.459 15.714 2.03 -12.03 15.775 2.147 -12.147
3 0 -17.623 1.474 -11.474 -16.325 2.046 -12.046 -16.177 1.988 -11.988
3 0 17.491 1.459 -11.459 15.55 1.985 -11.985 15.714 2.03 -12.03
4 0 13.812 2.005 -12.005 15.55 1.985 -11.985 17.491 1.459 -11.459 12.657 1.985 -11.985
4 0 11.856 2.035 -12.035 -14.632 2.024 -12.024 -14.563 2.136 -12.136 11.795 2.15 -12.15
3 0 12.657 1.985 -11.985 17.491 1.459 -11.459 12.017 1.986 -11.986
4 0 12.017 1.986 -11.986 -14.787 1.985 -11.985 -14.632 2.024 -12.024 11.856 2.035 -12.035
4 0 12.878 2.147 -12.147 13.585 2.156 -12.156 13.648 2.044 -12.044 12.815 2.027 -12.027
4 0 12.822 2.26 -12.26 13.651 2.269 -12.269 13.585 2.156 -12.156 12.878 2.147 -12.147
4 0 12.658 2.31 -12.31 13.812 2.311 -12.311 13.651 2.269 -12.269 12.822 2.26 -12.26
3 0 12.658 2.31 -12.31 16.428 2.776 -12.776 13.812 2.311 -12.311
4 0 -14.605 2.25 -12.25 11.857 2.267 -12.267 11.795 2.15 -12.15 -14.563 2.136 -12.136
3 0 13.812 2.311 -12.311 16.428 2.776 -12.776 15.55 2.311 -12.311
4 0 -14.752 2.308 -12.308 12.019 2.311 -12.311 11.857 2.267 -12.267 -14.605 2.25 -12.25
4 0 -16.882 2.779 -12.779 12.019 2.311 -12.311 -14.752 2.308 -12.308 -16.142 2.311 -12.311
3 0 -16.297 2.272 -12.272 -16.366 2.16 -12.16 -16.882 2.779 -12.779
3 0 16.428 2.776 -12.776 15.775 2.147 -12.147 15.713 2.264 -12.264
3 0 16.428 2.776 -12.776 15.713 2.264 -12.264 15.55 2.311 -12.311
3 0 -16.142 2.311 -12.311 -16.297 2.272 -12.272 -16.882 2.779 -12.779
4 0 15.415 6.759 -16.759 15.527 6.704 -16.704 15.53 6.605 -16.605 15.461 6.541 -16.541
4 0 15.415 6.759 -16.759 15.461 6.541 -16.541 15.378 6.506 -16.506 14.57 6.752 -16.752
4 0 14.57 6.752 -16.752 15.378 6.506 -16.506 14.652 6.407 -16.407 14.25 6.389 -16.389
4 0 14.25 6.389 -16.389 13.64 6.402 -16.402 13.901 6.811 -16.811 14.57 6.752 -16.752
4 0 13.24 6.977 -16.977 13.64 6.402 -16.402 13.152 6.462 -16.462 12.232 6.646 -16.646
4 0 12.232 6.646 -16.646 10.539 7.116 -17.116 12.631 7.244 -17.244 13.24 6.977 -16.977
3 0 13.901 6.811 -16.811 13.64 6.402 -16.402 13.24 6.977 -16.977
4 0 9.712 8.852 -18.852 10.29 7.12 -17.12 9.828 7.049 -17.049 9.02 6.943 -16.943
4 0 7.659 6.989 -16.989 7.83 8.616 -18.616 8.354 7.001 -17.001 7.781 6.923 -16.923
4 0 8.444 6.986 -16.986 8.354 7.001 -17.001 7.83 8.616 -18.616 7.901 8.662 -18.662
4 0 8.444 6.986 -16.986 9.02 6.943 -16.943 8.631 6.906 -16.906 8.513 6.938 -16.938
3 0 8.354 7.001 -17.001 8.146 6.901 -16.901 7.781 6.923 -16.923
4 0 9.02 6.943 -16.943 8.444 6.986 -16.986 7.901 8.662 -18.662 9.712 8.852 -18.852
3 0 7.83 8.616 -18.616 7.659 6.989 -16.989 7.628 8.588 -18.588
4 0 7.659 6.989 -16.989 6.742 8.539 -18.539 7.484 8.603 -18.603 7.628 8.588 -18.588
4 0 7.659 6.989 -16.989 6.728 6.989 -16.989 6.517 8.452 -18.452 6.742 8.539 -18.539
4 0 5.434 6.762 -16.762 6.572 6.821 -16.821 6.654 6.151 -16.151 5.059 6.546 -16.546
4 0 5.059 6.546 -16.546 6.654 6.151 -16.151 6.622 5.97 -15.97 6.14 5.549 -15.549
4 0 6.622 5.97 -15.97 6.552 5.812 -15.812 6.368 5.65 -15.65 6.14 5.549 -15.549
4 0 5.059 6.546 -16.546 6.14 5.549 -15.549 5.945 5.496 -15.496 5.294 5.429 -15.429
4 0 5.059 6.546 -16.546 5.294 5.429 -15.429 5.075 5.438 -15.438 4.873 5.468 -15.468
4 0 4.346 6.455 -16.455 4.873 5.468 -15.468 3.645 5.784 -15.784 3.669 6.406 -16.406
4 0 3.645 5.784 -15.784 3.499 5.854 -15.854 3.404 5.956 -15.956 3.669 6.406 -16.406
4 0 3.425 6.289 -16.289 3.404 5.956 -15.956 3.352 6.047 -16.047 3.339 6.154 -16.154
4 0 3.404 5.956 -15.956 3.425 6.289 -16.289 3.54 6.366 -16.366 3.669 6.406 -16.406
4 0 4.873 5.468 -15.468 4.346 6.455 -16.455 4.682 6.513 -16.513 5.059 6.546 -16.546
4 0 6.572 6.821 -16.821 5.434 6.762 -16.762 5.472 7.283 -17.283 6.617 6.918 -16.918
4 0 5.472 7.283 -17.283 5.58 7.681 -17.681 6.728 6.989 -16.989 6.617 6.918 -16.918
4 0 6.728 6.989 -16.989 5.58 7.681 -17.681 5.802 7.994 -17.994 6.019 8.199 -18.199
4 0 6.728 6.989 -16.989 6.019 8.199 -18.199 6.118 8.272 -18.272 6.317 8.377 -18.377
3 0 6.317 8.377 -18.377 6.517 8.452 -18.452 6.728 6.989 -16.989
4 0 6.742 8.539 -18.539 6.414 8.686 -18.686 6.607 9.028 -19.028 7.432 8.789 -18.789
4 0 7.484 8.603 -18.603 6.742 8.539 -18.539 7.432 8.789 -18.789 7.489 8.676 -18.676
4 0 10.539 7.116 -17.116 10.29 7.12 -17.12 9.712 8.852 -18.852 12.631 7.244 -17.244
4 0 6.607 9.028 -19.028 6.414 8.686 -18.686 6.185 8.757 -18.757 6.219 9.084 -19.084
4 0 5.643 9.062 -19.062 5.995 8.769 -18.769 5.554 8.659 -18.659 5.314 8.642 -18.642
4 0 5.643 9.062 -19.062 5.314 8.642 -18.642 5.057 8.712 -18.712 5.376 9.202 -19.202
4 0 5.376 9.202 -19.202 5.057 8.712 -18.712 4.915 8.848 -18.848 4.899 9.034 -19.034
4 0 5.376 9.202 -19.202 4.899 9.034 -19.034 4.953 9.137 -19.137 5.107 9.242 -19.242
4 0 5.376 9.202 -19.202 5.107 9.242 -19.242 5.245 9.294 -19.294 5.401 9.309 -19.309
4 0 5.978 9.062 -19.062 6.185 8.757 -18.757 5.995 8.769 -18.769 5.838 9.052 -19.052
3 0 5.643 9.062 -19.062 5.838 9.052 -19.052 5.995 8.769 -18.769
4 0 9.797 9.5 -19.5 9.816 9.4 -19.4 9.787 9.335 -19.335 9.634 9.192 -19.192
4 0 8.889 9.576 -19.576 9.375 9.924 -19.924 9.797 9.5 -19.5 8.9 9.395 -19.395
4 0 8.9 9.395 -19.395 9.797 9.5 -19.5 9.634 9.192 -19.192 9.516 8.983 -18.983
4 0 7.613 9.981 -19.981 6.861 10.484 -20.484 9.178 10.484 -20.484 8.34 9.836 -19.836
4 0 8.34 9.836 -19.836 9.178 10.484 -20.484 9.257 10.152 -20.152 8.679 9.717 -19.717
4 0 8.679 9.717 -19.717 9.257 10.152 -20.152 9.375 9.924 -19.924 8.82 9.635 -19.635
4 0 6.958 10.184 -20.184 6.874 10.262 -20.262 6.852 10.352 -20.352 6.861 10.484 -20.484
3 0 6.958 10.184 -20.184 6.861 10.484 -20.484 7.613 9.981 -19.981
4 0 7.617 9.915 -19.915 7.613 9.981 -19.981 8.34 9.836 -19.836 7.826 9.587 -19.587
4 0 7.56 9.835 -19.835 7.617 9.915 -19.915 7.826 9.587 -19.587 7.563 9.566 -19.566
4 0 7.306 9.628 -19.628 7.142 9.773 -19.773 7.56 9.835 -19.835 7.563 9.566 -19.566
3 0 6.185 8.757 -18.757 5.978 9.062 -19.062 6.219 9.084 -19.084
3 0 9.375 9.924 -19.924 8.889 9.576 -19.576 8.82 9.635 -19.635
3 0 9.516 8.983 -18.983 8.814 9.302 -19.302 8.9 9.395 -19.395
3 0 8.69 9.217 -19.217 8.814 9.302 -19.302 9.516 8.983 -18.983
3 0 9.516 8.983 -18.983 7.942 8.765 -18.765 8.69 9.217 -19.217
4 0 2.174 10.626 -20.626 2.126 6.305 -16.305 -0.127 6.304 -16.304 -2.269 8.859 -18.859
4 0 -2.269 8.859 -18.859 -0.127 6.304 -16.304 -0.262 6.317 -16.317 -2.548 7.968 -17.968
3 0 -2.548 7.968 -17.968 -0.262 6.317 -16.317 -3.023 7.12 -17.12
4 0 -2.418 10.673 -20.673 2.293 10.83 -20.83 2.174 10.626 -20.626 -2.212 9.771 -19.771
3 0 -2.212 9.771 -19.771 2.174 10.626 -20.626 -2.269 8.859 -18.859
4 0 2.609 11.958 -21.958 2.507 10.989 -20.989 2.293 10.83 -20.83 2.566 12.072 -22.072
4 0 2.293 10.83 -20.83 -2.418 10.673 -20.673 -2.8 11.545 -21.545 2.566 12.072 -22.072
4 0 2.757 11.9 -21.9 2.794 11.075 -21.075 2.507 10.989 -20.989 2.609 11.958 -21.958
4 0 3.104 11.096 -21.096 2.794 11.075 -21.075 2.757 11.9 -21.9 5.588 11.898 -21.898
4 0 5.745 11.936 -21.936 5.815 12.049 -22.049 7.106 11.946 -21.946 7.273 11.897 -21.897
4 0 7.273 11.897 -21.897 3.104 11.096 -21.096 5.588 11.898 -21.898 5.745 11.936 -21.936
4 0 11.056 11.897 -21.897 15.503 11.09 -21.09 3.104 11.096 -21.096 7.273 11.897 -21.897
4 0 13.881 12.06 -22.06 15.814 11.041 -21.041 15.503 11.09 -21.09 13.821 11.943 -21.943
4 0 12.46 11.897 -21.897 15.503 11.09 -21.09 11.056 11.897 -21.897 11.219 11.94 -21.94
4 0 12.292 11.953 -21.953 11.219 11.94 -21.94 11.284 12.061 -22.061 12.234 12.062 -22.062
3 0 15.503 11.09 -21.09 12.46 11.897 -21.897 13.657 11.899 -21.899
3 0 12.46 11.897 -21.897 11.219 11.94 -21.94 12.292 11.953 -21.953
3 0 13.821 11.943 -21.943 15.503 11.09 -21.09 13.657 11.899 -21.899
4 0 16.307 10.506 -20.506 17.967 18.245 -28.245 17.946 1.717 -11.717 16.323 5.14 -15.14
3 0 15.814 11.041 -21.041 17.967 18.245 -28.245 16.059 10.905 -20.905
3 0 16.307 10.506 -20.506 16.243 10.727 -20.727 17.967 18.245 -28.245
4 0 -9.209 12.893 -22.893 -9.209 14.229 -24.229 -7.988 14.099 -24.099 -8.243 12.748 -22.748
4 0 -8.243 12.748 -22.748 -7.988 14.099 -24.099 -6.822 13.816 -23.816 -7.321 12.499 -22.499
4 0 -7.321 12.499 -22.499 -6.822 13.816 -23.816 -5.735 13.403 -23.403 -6.49 12.123 -22.123
4 0 -5.804 11.62 -21.62 -4.8 12.834 -22.834 -4.038 12.148 -22.148 -5.266 11.035 -21.035
4 0 -5.266 11.035 -21.035 -4.038 12.148 -22.148 -3.428 11.389 -21.389 -4.923 10.38 -20.38
4 0 -4.923 10.38 -20.38 -3.428 11.389 -21.389 -3.057 10.558 -20.558 -4.763 9.691 -19.691
3 0 -4.763 9.691 -19.691 -3.057 10.558 -20.558 -2.918 9.691 -19.691
4 0 -4.764 9.345 -19.345 -2.894 9.344 -19.344 -3.014 8.631 -18.631 -4.937 8.616 -18.616
4 0 -3.276 7.938 -17.938 -3.676 7.279 -17.279 -4.982 7.675 -17.675 -5.024 7.897 -17.897
3 0 -4.937 8.616 -18.616 -5.024 7.897 -17.897 -5.181 8.096 -18.096
4 0 -6.652 7.599 -17.599 -6.527 7.312 -17.312 -6.99 7.046 -17.046 -7.976 8.124 -18.124
4 0 -7.976 8.124 -18.124 -6.99 7.046 -17.046 -7.497 6.825 -16.825 -8.567 7.897 -17.897
4 0 -8.567 7.897 -17.897 -7.497 6.825 -16.825 -8.039 6.648 -16.648 -8.614 6.537 -16.537
4 0 -8.614 6.537 -16.537 -9.209 6.499 -16.499 -9.209 7.742 -17.742 -8.567 7.897 -17.897
3 0 -6.623 7.891 -17.891 -6.652 7.599 -17.599 -7.976 8.124 -18.124
4 0 -5.298 8.942 -18.942 -7.182 8.882 -18.882 -7.009 9.342 -19.342 -5.228 9.339 -19.339
4 0 -6.394 8.142 -18.142 -7.5 8.461 -18.461 -7.182 8.882 -18.882 -6.027 8.288 -18.288
4 0 -5.298 8.942 -18.942 -5.611 8.282 -18.282 -6.027 8.288 -18.288 -7.182 8.882 -18.882
4 0 -9.209 9.32 -19.32 -7.48 9.341 -19.341 -7.612 8.98 -18.98 -7.87 8.653 -18.653
3 0 -9.209 9.32 -19.32 -7.87 8.653 -18.653 -8.235 8.383 -18.383
3 0 -9.688 8.097 -18.097 -10.228 8.209 -18.209 -9.688 9.357 -19.357
4 0 -12.702 7.577 -17.577 -12.942 7.803 -17.803 -11.496 8.515 -18.515 -10.983 8.16 -18.16
4 0 -10.337 6.549 -16.549 -10.378 7.899 -17.899 -9.688 7.771 -17.771 -9.688 6.498 -16.498
3 0 -12.702 7.577 -17.577 -10.983 8.16 -18.16 -11.903 7.047 -17.047
3 0 -11.367 6.807 -16.807 -10.378 7.899 -17.899 -10.337 6.549 -16.549
4 0 -14.158 6.244 -16.244 -14.862 6.848 -16.848 -13.356 7.612 -17.612 -12.766 7.164 -17.164
4 0 -14.158 6.244 -16.244 -12.766 7.164 -17.164 -12.118 6.76 -16.76 -13.173 5.634 -15.634
4 0 -11.374 6.45 -16.45 -12.153 5.24 -15.24 -13.173 5.634 -15.634 -12.118 6.76 -16.76
4 0 -9.688 6.156 -16.156 -9.688 4.808 -14.808 -11.05 4.956 -14.956 -10.555 6.253 -16.253
4 0 -6.814 6.742 -16.742 -6.141 7.121 -17.121 -5.856 7.081 -17.081 -5.266 5.895 -15.895
4 0 -5.266 5.895 -15.895 -5.856 7.081 -17.081 -5.597 7.112 -17.112 -4.588 6.36 -16.36
4 0 -4.588 6.36 -16.36 -5.358 7.189 -17.189 -5.148 7.331 -17.331 -3.92 6.996 -16.996
3 0 -5.266 5.895 -15.895 -5.999 5.5 -15.5 -6.814 6.742 -16.742
3 0 -5.358 7.189 -17.189 -4.588 6.36 -16.36 -5.597 7.112 -17.112
4 0 -8.131 4.908 -14.908 -9.209 4.826 -14.826 -9.209 6.127 -16.127 -8.366 6.244 -16.244
4 0 -8.366 6.244 -16.244 -7.577 6.473 -16.473 -7.108 5.119 -15.119 -8.131 4.908 -14.908
4 0 -8.337 12.444 -22.444 -8.566 11.137 -21.137 -9.209 11.283 -21.283 -9.209 12.548 -22.548
4 0 -7.974 10.912 -20.912 -7.511 12.218 -22.218 -6.779 11.868 -21.868 -6.154 11.424 -21.424
4 0 -7.507 10.569 -20.569 -7.974 10.912 -20.912 -6.154 11.424 -21.424 -5.69 10.892 -20.892
4 0 -7.177 10.152 -20.152 -5.69 10.892 -20.892 -5.383 10.306 -20.306 -7.013 9.691 -19.691
3 0 -5.383 10.306 -20.306 -5.224 9.691 -19.691 -7.013 9.691 -19.691
3 0 -7.507 10.569 -20.569 -5.69 10.892 -20.892 -7.177 10.152 -20.152
4 0 -10.449 12.455 -22.455 -9.688 12.549 -22.549 -9.688 11.269 -21.269 -10.33 11.137 -21.137
4 0 -10.33 11.137 -21.137 -10.914 10.903 -20.903 -11.854 12.009 -22.009 -11.18 12.276 -22.276
3 0 -10.449 12.455 -22.455 -10.33 11.137 -21.137 -11.18 12.276 -22.276
4 0 -12.438 11.65 -21.65 -11.854 12.009 -22.009 -10.914 10.903 -20.903 -11.388 10.57 -20.57
3 0 -11.388 10.57 -20.57 -12.931 11.229 -21.229 -12.438 11.65 -21.65
4 0 -11.876 9.691 -19.691 -13.666 9.691 -19.691 -13.55 10.231 -20.231 -11.69 10.149 -20.149
3 0 -13.302 10.749 -20.749 -11.69 10.149 -20.149 -13.55 10.231 -20.231
4 0 -9.688 9.691 -19.691 -11.41 9.691 -19.691 -11.273 10.049 -20.049 -11.016 10.375 -20.375
3 0 -11.016 10.375 -20.375 -10.655 10.644 -20.644 -9.688 9.691 -19.691
4 0 -9.209 9.691 -19.691 -9.209 10.905 -20.905 -8.698 10.823 -20.823 -8.242 10.639 -20.639
3 0 -8.242 10.639 -20.639 -7.868 10.376 -20.376 -9.209 9.691 -19.691
3 0 9.229 13.955 -23.955 9.667 15.084 -25.084 11.847 17.23 -27.23
3 0 8.831 15.084 -25.084 9.229 13.955 -23.955 6.619 17.23 -27.23
3 0 9.057 15.051 -25.051 9.229 13.955 -23.955 8.831 15.084 -25.084
3 0 9.229 13.955 -23.955 9.432 15.052 -25.052 9.667 15.084 -25.084
4 0 9.637 15.68 -25.68 9.547 16.122 -26.122 9.547 16.381 -26.381 11.847 17.23 -27.23
4 0 8.908 16.381 -26.381 9.547 16.381 -26.381 9.547 16.122 -26.122 8.908 16.122 -26.122
3 0 8.908 16.381 -26.381 6.619 17.23 -27.23 8.908 16.837 -26.837
3 0 6.619 17.23 -27.23 8.837 15.68 -25.68 8.831 15.084 -25.084
3 0 11.847 17.23 -27.23 9.667 15.084 -25.084 9.637 15.68 -25.68
3 0 11.847 17.23 -27.23 9.547 16.381 -26.381 9.547 16.837 -26.837

0 // Green
4 2 -17.651 0.97 -10.97 -17.623 1.474 -11.474 17.491 1.459 -11.459 17.521 0.97 -10.97
4 2 -17.911 19.014 -29.014 -17.512 18.582 -28.582 -17.719 18.538 -28.538 -18.252 18.907 -28.907
4 2 -11.833 16.781 -26.781 -11.918 16.632 -26.632 -11.936 16.915 -26.915 -11.845 16.86 -26.86
4 2 -14.518 15.938 -25.938 -14.5 15.655 -25.655 -16.564 15.655 -25.655 -16.582 15.938 -25.938
4 2 -11.864 12.393 -22.393 -11.18 12.276 -22.276 -11.854 12.009 -22.009 -12.475 12.065 -22.065
4 2 -6.394 8.142 -18.142 -6.027 8.288 -18.288 -5.611 8.282 -18.282 -5.181 8.096 -18.096
4 2 16.428 3.102 -13.102 16.655 2.94 -12.94 16.428 2.776 -12.776 -16.846 3.102 -13.102
4 2 13.585 2.156 -12.156 13.812 2.311 -12.311 13.812 2.005 -12.005 13.648 2.044 -12.044
4 2 -16.142 2.311 -12.311 -16.177 1.988 -11.988 -16.366 2.16 -12.16 -16.297 2.272 -12.272
4 2 12.878 2.147 -12.147 12.657 1.985 -11.985 12.658 2.31 -12.31 12.822 2.26 -12.26
4 2 6.654 6.151 -16.151 7.781 6.923 -16.923 8.146 6.901 -16.901 6.622 5.97 -15.97
4 2 -0.38 5.996 -15.996 -0.127 6.304 -16.304 2.126 6.305 -16.305 3.339 6.154 -16.154
4 2 13.657 11.899 -21.899 13.657 12.224 -22.224 13.881 12.06 -22.06 13.821 11.943 -21.943
4 2 11.056 11.897 -21.897 11.056 12.224 -22.224 11.284 12.061 -22.061 11.219 11.94 -21.94
4 2 5.588 11.898 -21.898 5.624 12.221 -22.221 5.815 12.049 -22.049 5.745 11.936 -21.936
4 2 -4.8 12.834 -22.834 -5.735 13.403 -23.403 -5.136 13.696 -23.696 -4.18 13.079 -23.079
4 2 -7.577 6.473 -16.473 -8.039 6.648 -16.648 -7.497 6.825 -16.825 -6.814 6.742 -16.742
4 2 -9.688 7.771 -17.771 -9.688 8.097 -18.097 -9.209 8.12 -18.12 -9.209 7.742 -17.742
4 2 -10.199 10.833 -20.833 -10.655 10.644 -20.644 -10.914 10.903 -20.903 -10.33 11.137 -21.137
4 2 8.957 13.319 -23.319 9.229 13.955 -23.955 9.529 13.338 -23.338 9.345 13.231 -23.231
4 2 8.837 15.68 -25.68 9.547 16.122 -26.122 9.637 15.68 -25.68 9.057 15.051 -25.051
4 2 9.547 16.837 -26.837 9.547 16.381 -26.381 8.908 16.381 -26.381 8.908 16.837 -26.837
4 2 12.684 17.659 -27.659 12.799 17.512 -27.512 12.772 17.381 -27.381 12.464 17.718 -27.718
4 2 -1.769 15.938 -25.938 -1.683 15.885 -25.885 -1.654 15.804 -25.804 -1.677 15.721 -25.721
4 2 -7.12 15.938 -25.938 -7.034 15.885 -25.885 -7.007 15.803 -25.803 -7.028 15.721 -25.721
4 2 -9.798 15.938 -25.938 -9.712 15.885 -25.885 -9.683 15.804 -25.804 -9.706 15.721 -25.721
4 2 -4.742 16.915 -26.915 -4.655 16.861 -26.861 -4.627 16.78 -26.78 -4.649 16.699 -26.699
4 2 -3.63 17.612 -27.612 -3.647 17.892 -27.892 -3.535 17.756 -27.756 -3.557 17.675 -27.675
4 2 -7.101 17.613 -27.613 -7.118 17.893 -27.893 -7.007 17.758 -27.758 -7.028 17.677 -27.677
4 2 -14.404 17.612 -27.612 -14.42 17.892 -27.892 -14.308 17.756 -27.756 -14.33 17.675 -27.675
4 2 17.946 1.717 -11.717 18.639 18.271 -28.271 18.639 1.643 -11.643 18.504 1.381 -11.381
4 2 17.849 1.589 -11.589 18.504 1.381 -11.381 18.248 1.169 -11.169 17.689 1.499 -11.499
4 2 17.689 1.499 -11.499 18.248 1.169 -11.169 17.906 1.03 -11.03 17.491 1.459 -11.459
3 2 17.491 1.459 -11.459 17.906 1.03 -11.03 17.521 0.97 -10.97
4 2 -17.623 1.474 -11.474 -17.651 0.97 -10.97 -18.046 1.056 -11.056 -17.805 1.543 -11.543
4 2 -17.805 1.543 -11.543 -18.046 1.056 -11.056 -18.379 1.23 -11.23 -17.931 1.656 -11.656
4 2 -17.931 1.656 -11.656 -18.379 1.23 -11.23 -18.584 1.483 -11.483 -17.988 1.796 -11.796
4 2 -17.988 1.796 -11.796 -18.584 1.483 -11.483 -18.67 1.769 -11.769 -17.967 18.323 -28.323
4 2 18.639 18.271 -28.271 17.946 1.717 -11.717 17.967 18.245 -28.245 18.533 18.566 -28.566
3 2 17.849 1.589 -11.589 17.946 1.717 -11.717 18.504 1.381 -11.381
4 2 18.533 18.566 -28.566 17.967 18.245 -28.245 17.906 18.392 -28.392 18.316 18.829 -28.829
4 2 17.946 18.983 -28.983 18.316 18.829 -28.829 17.792 18.493 -28.493 17.602 18.567 -28.567
4 2 -17.544 19.066 -29.066 17.521 19.031 -29.031 -17.512 18.582 -28.582 -17.911 19.014 -29.014
4 2 17.521 19.031 -29.031 17.946 18.983 -28.983 17.602 18.567 -28.567 -17.512 18.582 -28.582
4 2 -18.252 18.907 -28.907 -17.719 18.538 -28.538 -17.839 18.477 -28.477 -18.495 18.706 -28.706
4 2 -17.967 18.323 -28.323 -18.62 18.456 -28.456 -18.495 18.706 -28.706 -17.839 18.477 -28.477
3 2 -18.62 18.456 -28.456 -17.967 18.323 -28.323 -18.67 1.769 -11.769
3 2 17.906 18.392 -28.392 17.792 18.493 -28.493 18.316 18.829 -28.829
4 2 -16.564 16.632 -26.632 -16.679 16.766 -26.766 -16.656 16.848 -26.848 -16.582 16.915 -26.915
4 2 -16.564 16.632 -26.632 -16.582 16.915 -26.915 -11.936 16.915 -26.915 -11.918 16.632 -26.632
3 2 -11.844 16.702 -26.702 -11.918 16.632 -26.632 -11.833 16.781 -26.781
3 2 -16.65 16.685 -26.685 -16.679 16.766 -26.766 -16.564 16.632 -26.632
4 2 -16.564 15.655 -25.655 -16.65 15.708 -25.708 -16.677 15.79 -25.79 -16.656 15.872 -25.872
3 2 -16.564 15.655 -25.655 -16.656 15.872 -25.872 -16.582 15.938 -25.938
4 2 -14.518 15.938 -25.938 -14.432 15.885 -25.885 -14.404 15.804 -25.804 -14.426 15.721 -25.721
3 2 -14.518 15.938 -25.938 -14.426 15.721 -25.721 -14.5 15.655 -25.655
4 2 -15.829 10.554 -20.554 -16.002 9.691 -19.691 -16.664 9.901 -19.901 -16.449 10.801 -20.801
4 2 -16.449 10.801 -20.801 -16.005 11.658 -21.658 -15.465 11.388 -21.388 -15.829 10.554 -20.554
4 2 -16.005 11.658 -21.658 -15.392 12.463 -22.463 -14.875 12.153 -22.153 -15.465 11.388 -21.388
4 2 -14.09 12.826 -22.826 -15.392 12.463 -22.463 -14.581 13.171 -23.171 -13.598 13.768 -23.768
4 2 -9.209 12.548 -22.548 -9.209 12.893 -22.893 -8.243 12.748 -22.748 -8.337 12.444 -22.444
4 2 -8.337 12.444 -22.444 -8.243 12.748 -22.748 -7.321 12.499 -22.499 -7.511 12.218 -22.218
4 2 -7.511 12.218 -22.218 -7.321 12.499 -22.499 -6.49 12.123 -22.123 -6.779 11.868 -21.868
4 2 -6.779 11.868 -21.868 -6.49 12.123 -22.123 -5.804 11.62 -21.62 -6.154 11.424 -21.424
4 2 -5.804 11.62 -21.62 -5.266 11.035 -21.035 -5.69 10.892 -20.892 -6.154 11.424 -21.424
4 2 -5.383 10.306 -20.306 -5.266 11.035 -21.035 -4.923 10.38 -20.38 -5.224 9.691 -19.691
4 2 -5.224 9.691 -19.691 -4.923 10.38 -20.38 -4.763 9.691 -19.691 -4.764 9.345 -19.345
3 2 -5.69 10.892 -20.892 -5.266 11.035 -21.035 -5.383 10.306 -20.306
4 2 -13.598 13.768 -23.768 -12.489 14.234 -24.234 -13.161 13.4 -23.4 -14.09 12.826 -22.826
3 2 -14.875 12.153 -22.153 -15.392 12.463 -22.463 -14.09 12.826 -22.826
4 2 -9.688 12.884 -22.884 -9.209 12.893 -22.893 -9.209 12.548 -22.548 -9.688 12.549 -22.549
4 2 -9.688 12.549 -22.549 -10.449 12.455 -22.455 -10.444 12.794 -22.794 -9.688 12.884 -22.884
4 2 -11.176 12.632 -22.632 -10.449 12.455 -22.455 -11.18 12.276 -22.276 -11.864 12.393 -22.393
3 2 -13.161 13.4 -23.4 -12.489 14.234 -24.234 -12.079 13.818 -23.818
3 2 -12.079 13.818 -23.818 -12.489 14.234 -24.234 -10.908 14.092 -24.092
4 2 -13.998 10.225 -20.225 -13.55 10.231 -20.231 -13.666 9.691 -19.691 -14.127 9.691 -19.691
4 2 -13.55 10.231 -20.231 -13.998 10.225 -20.225 -13.78 10.745 -20.745 -13.302 10.749 -20.749
4 2 -13.302 10.749 -20.749 -13.78 10.745 -20.745 -13.457 11.237 -21.237 -12.931 11.229 -21.229
4 2 -12.931 11.229 -21.229 -13.457 11.237 -21.237 -13.016 11.681 -21.681 -12.438 11.65 -21.65
4 2 -12.438 11.65 -21.65 -13.016 11.681 -21.681 -12.475 12.065 -22.065 -11.854 12.009 -22.009
3 2 -10.444 12.794 -22.794 -10.449 12.455 -22.455 -11.176 12.632 -22.632
3 2 -12.489 14.234 -24.234 -9.688 14.218 -24.218 -10.908 14.092 -24.092
4 2 -9.209 14.229 -24.229 -9.688 14.218 -24.218 -12.489 14.234 -24.234 -11.272 14.542 -24.542
4 2 -9.209 12.893 -22.893 -9.688 12.884 -22.884 -9.688 14.218 -24.218 -9.209 14.229 -24.229
4 2 -16.391 8.094 -18.094 -14.127 9.691 -19.691 -13.666 9.691 -19.691 -11.066 8.724 -18.724
3 2 -13.666 9.691 -19.691 -11.876 9.691 -19.691 -11.066 8.724 -18.724
3 2 -16.65 8.987 -18.987 -16.664 9.901 -19.901 -16.002 9.691 -19.691
4 2 -14.127 9.691 -19.691 -16.391 8.094 -18.094 -16.65 8.987 -18.987 -16.002 9.691 -19.691
4 2 -7.503 9.691 -19.691 -7.48 9.341 -19.341 -9.209 9.32 -19.32 -9.209 9.691 -19.691
4 2 -9.209 9.691 -19.691 -9.209 9.32 -19.32 -9.688 9.357 -19.357 -9.688 9.691 -19.691
4 2 -11.41 9.691 -19.691 -9.688 9.357 -19.357 -11.066 8.724 -18.724 -11.876 9.691 -19.691
4 2 -7.013 9.691 -19.691 -7.009 9.342 -19.342 -7.48 9.341 -19.341 -7.503 9.691 -19.691
4 2 -5.224 9.691 -19.691 -5.228 9.339 -19.339 -7.009 9.342 -19.342 -7.013 9.691 -19.691
3 2 -11.41 9.691 -19.691 -9.688 9.691 -19.691 -9.688 9.357 -19.357
4 2 -9.688 9.691 -19.691 -9.688 10.915 -20.915 -9.209 10.905 -20.905 -9.209 9.691 -19.691
4 2 -4.764 9.345 -19.345 -4.763 9.691 -19.691 -2.918 9.691 -19.691 -2.894 9.344 -19.344
3 2 -5.224 9.691 -19.691 -4.764 9.345 -19.345 -5.228 9.339 -19.339
4 2 -5.298 8.942 -18.942 -5.228 9.339 -19.339 -4.764 9.345 -19.345 -4.937 8.616 -18.616
4 2 -4.937 8.616 -18.616 -5.181 8.096 -18.096 -5.611 8.282 -18.282 -5.298 8.942 -18.942
4 2 -16.882 2.779 -12.779 -17.03 2.837 -12.837 -17.074 2.952 -12.952 -16.846 3.102 -13.102
3 2 -17.074 2.952 -12.952 -17.006 3.062 -13.062 -16.846 3.102 -13.102
3 2 16.655 2.94 -12.94 16.428 3.102 -13.102 16.596 3.052 -13.052
3 2 16.428 2.776 -12.776 16.655 2.94 -12.94 16.59 2.819 -12.819
3 2 -16.846 3.102 -13.102 16.428 2.776 -12.776 -16.882 2.779 -12.779
4 2 15.55 2.311 -12.311 15.713 2.264 -12.264 15.775 2.147 -12.147 15.55 1.985 -11.985
3 2 15.775 2.147 -12.147 15.714 2.03 -12.03 15.55 1.985 -11.985
4 2 15.55 2.311 -12.311 15.55 1.985 -11.985 13.812 2.005 -12.005 13.812 2.311 -12.311
3 2 13.651 2.269 -12.269 13.812 2.311 -12.311 13.585 2.156 -12.156
4 2 -14.787 1.985 -11.985 -16.142 2.311 -12.311 -14.752 2.308 -12.308 -14.563 2.136 -12.136
3 2 -14.752 2.308 -12.308 -14.605 2.25 -12.25 -14.563 2.136 -12.136
3 2 -14.787 1.985 -11.985 -14.563 2.136 -12.136 -14.632 2.024 -12.024
3 2 -16.142 2.311 -12.311 -14.787 1.985 -11.985 -16.177 1.988 -11.988
3 2 -16.366 2.16 -12.16 -16.177 1.988 -11.988 -16.325 2.046 -12.046
4 2 11.795 2.15 -12.15 11.857 2.267 -12.267 12.019 2.311 -12.311 12.017 1.986 -11.986
4 2 12.017 1.986 -11.986 12.019 2.311 -12.311 12.658 2.31 -12.31 12.657 1.985 -11.985
3 2 12.815 2.027 -12.027 12.657 1.985 -11.985 12.878 2.147 -12.147
3 2 11.856 2.035 -12.035 11.795 2.15 -12.15 12.017 1.986 -11.986
3 2 15.53 6.605 -16.605 16.323 5.14 -15.14 15.461 6.541 -16.541
4 2 15.503 4.505 -14.505 16.323 5.14 -15.14 16.262 4.908 -14.908 15.824 4.568 -14.568
3 2 16.096 4.704 -14.704 15.824 4.568 -14.568 16.262 4.908 -14.908
4 2 15.503 4.505 -14.505 3.104 4.514 -14.514 5.945 5.496 -15.496 6.14 5.549 -15.549
4 2 12.232 6.646 -16.646 13.152 6.462 -16.462 15.503 4.505 -14.505 6.368 5.65 -15.65
4 2 2.232 4.887 -14.887 3.104 4.514 -14.514 2.735 4.544 -14.544 2.424 4.668 -14.668
4 2 3.104 4.514 -14.514 2.232 4.887 -14.887 2.166 5.14 -15.14 3.645 5.784 -15.784
4 2 2.14 5.976 -15.976 -0.301 5.982 -15.982 -0.38 5.996 -15.996 3.339 6.154 -16.154
4 2 3.499 5.854 -15.854 2.166 5.14 -15.14 2.14 5.976 -15.976 3.404 5.956 -15.956
3 2 3.404 5.956 -15.956 2.14 5.976 -15.976 3.352 6.047 -16.047
3 2 15.503 4.505 -14.505 13.152 6.462 -16.462 13.64 6.402 -16.402
3 2 15.378 6.506 -16.506 15.461 6.541 -16.541 16.323 5.14 -15.14
4 2 14.652 6.407 -16.407 15.378 6.506 -16.506 16.323 5.14 -15.14 15.503 4.505 -14.505
3 2 2.14 5.976 -15.976 3.339 6.154 -16.154 3.352 6.047 -16.047
3 2 15.503 4.505 -14.505 14.25 6.389 -16.389 14.652 6.407 -16.407
3 2 15.503 4.505 -14.505 13.64 6.402 -16.402 14.25 6.389 -16.389
3 2 3.499 5.854 -15.854 3.645 5.784 -15.784 2.166 5.14 -15.14
3 2 5.945 5.496 -15.496 3.104 4.514 -14.514 5.294 5.429 -15.429
3 2 3.645 5.784 -15.784 4.873 5.468 -15.468 3.104 4.514 -14.514
3 2 4.873 5.468 -15.468 5.075 5.438 -15.438 3.104 4.514 -14.514
4 2 9.828 7.049 -17.049 10.29 7.12 -17.12 10.539 7.116 -17.116 12.232 6.646 -16.646
3 2 5.075 5.438 -15.438 5.294 5.429 -15.429 3.104 4.514 -14.514
4 2 9.02 6.943 -16.943 9.828 7.049 -17.049 12.232 6.646 -16.646 6.552 5.812 -15.812
4 2 8.631 6.906 -16.906 9.02 6.943 -16.943 6.552 5.812 -15.812 6.622 5.97 -15.97
3 2 15.503 4.505 -14.505 6.14 5.549 -15.549 6.368 5.65 -15.65
3 2 12.232 6.646 -16.646 6.368 5.65 -15.65 6.552 5.812 -15.812
4 2 8.354 7.001 -17.001 8.444 6.986 -16.986 8.513 6.938 -16.938 8.146 6.901 -16.901
4 2 8.146 6.901 -16.901 8.513 6.938 -16.938 8.631 6.906 -16.906 6.622 5.97 -15.97
4 2 6.654 6.151 -16.151 6.572 6.821 -16.821 7.659 6.989 -16.989 7.781 6.923 -16.923
4 2 6.572 6.821 -16.821 6.617 6.918 -16.918 6.728 6.989 -16.989 7.659 6.989 -16.989
4 2 16.307 10.506 -20.506 15.415 6.759 -16.759 14.57 6.752 -16.752 13.901 6.811 -16.811
4 2 16.307 10.506 -20.506 13.901 6.811 -16.811 13.24 6.977 -16.977 12.631 7.244 -17.244
4 2 9.816 9.4 -19.4 12.631 7.244 -17.244 9.712 8.852 -18.852 9.787 9.335 -19.335
4 2 9.712 8.852 -18.852 9.516 8.983 -18.983 9.634 9.192 -19.192 9.787 9.335 -19.335
4 2 16.323 5.14 -15.14 15.53 6.605 -16.605 15.527 6.704 -16.704 16.307 10.506 -20.506
4 2 12.631 7.244 -17.244 9.816 9.4 -19.4 15.503 11.09 -21.09 16.307 10.506 -20.506
3 2 15.415 6.759 -16.759 16.307 10.506 -20.506 15.527 6.704 -16.704
4 2 16.059 10.905 -20.905 16.243 10.727 -20.727 16.307 10.506 -20.506 15.503 11.09 -21.09
3 2 15.814 11.041 -21.041 16.059 10.905 -20.905 15.503 11.09 -21.09
4 2 2.794 11.075 -21.075 3.104 11.096 -21.096 2.174 10.626 -20.626 2.293 10.83 -20.83
4 2 3.104 11.096 -21.096 15.503 11.09 -21.09 9.178 10.484 -20.484 6.861 10.484 -20.484
3 2 2.507 10.989 -20.989 2.794 11.075 -21.075 2.293 10.83 -20.83
4 2 4.915 8.848 -18.848 2.126 6.305 -16.305 2.174 10.626 -20.626 4.899 9.034 -19.034
4 2 2.174 10.626 -20.626 3.104 11.096 -21.096 4.953 9.137 -19.137 4.899 9.034 -19.034
4 2 3.104 11.096 -21.096 6.861 10.484 -20.484 5.245 9.294 -19.294 5.107 9.242 -19.242
3 2 9.816 9.4 -19.4 9.797 9.5 -19.5 15.503 11.09 -21.09
4 2 9.797 9.5 -19.5 9.375 9.924 -19.924 9.257 10.152 -20.152 9.178 10.484 -20.484
4 2 -3.277 6.789 -16.789 -3.92 6.996 -16.996 -3.023 7.12 -17.12 -0.262 6.317 -16.317
3 2 9.797 9.5 -19.5 9.178 10.484 -20.484 15.503 11.09 -21.09
4 2 -9.688 4.808 -14.808 -9.688 6.156 -16.156 -9.209 6.127 -16.127 -9.209 4.826 -14.826
4 2 -15.291 6.449 -16.449 -14.862 6.848 -16.848 -14.158 6.244 -16.244 -14.426 5.771 -15.771
4 2 -13.173 5.634 -15.634 -13.431 5.189 -15.189 -14.426 5.771 -15.771 -14.158 6.244 -16.244
4 2 -11.05 4.956 -14.956 -11.077 4.463 -14.463 -12.309 4.736 -14.736 -12.153 5.24 -15.24
4 2 -12.153 5.24 -15.24 -12.309 4.736 -14.736 -13.431 5.189 -15.189 -13.173 5.634 -15.634
4 2 -9.209 4.826 -14.826 -8.507 4.354 -14.354 -9.799 4.332 -14.332 -9.688 4.808 -14.808
4 2 -9.688 4.808 -14.808 -9.799 4.332 -14.332 -11.077 4.463 -14.463 -11.05 4.956 -14.956
4 2 -7.108 5.119 -15.119 -6.06 4.922 -14.922 -7.249 4.559 -14.559 -8.131 4.908 -14.908
4 2 -8.131 4.908 -14.908 -7.249 4.559 -14.559 -8.507 4.354 -14.354 -9.209 4.826 -14.826
4 2 -5.266 5.895 -15.895 -4.05 6.057 -16.057 -4.978 5.419 -15.419 -5.999 5.5 -15.5
4 2 -5.999 5.5 -15.5 -4.978 5.419 -15.419 -6.06 4.922 -14.922 -7.108 5.119 -15.119
4 2 -3.92 6.996 -16.996 -3.277 6.789 -16.789 -4.05 6.057 -16.057 -4.588 6.36 -16.36
3 2 3.339 6.154 -16.154 2.126 6.305 -16.305 3.425 6.289 -16.289
3 2 3.54 6.366 -16.366 3.425 6.289 -16.289 2.126 6.305 -16.305
4 2 3.669 6.406 -16.406 3.54 6.366 -16.366 2.126 6.305 -16.305 4.915 8.848 -18.848
4 2 5.472 7.283 -17.283 4.682 6.513 -16.513 4.346 6.455 -16.455 3.669 6.406 -16.406
4 2 3.669 6.406 -16.406 4.915 8.848 -18.848 5.057 8.712 -18.712 5.58 7.681 -17.681
4 2 5.472 7.283 -17.283 5.434 6.762 -16.762 5.059 6.546 -16.546 4.682 6.513 -16.513
3 2 3.669 6.406 -16.406 5.58 7.681 -17.681 5.472 7.283 -17.283
4 2 5.802 7.994 -17.994 5.58 7.681 -17.681 5.314 8.642 -18.642 5.554 8.659 -18.659
4 2 6.414 8.686 -18.686 6.742 8.539 -18.539 6.517 8.452 -18.452 6.317 8.377 -18.377
4 2 6.185 8.757 -18.757 6.414 8.686 -18.686 6.317 8.377 -18.377 5.995 8.769 -18.769
4 2 6.118 8.272 -18.272 5.554 8.659 -18.659 5.995 8.769 -18.769 6.317 8.377 -18.377
3 2 5.554 8.659 -18.659 6.118 8.272 -18.272 6.019 8.199 -18.199
3 2 5.057 8.712 -18.712 5.314 8.642 -18.642 5.58 7.681 -17.681
3 2 5.554 8.659 -18.659 6.019 8.199 -18.199 5.802 7.994 -17.994
3 2 -4.05 6.057 -16.057 -5.266 5.895 -15.895 -4.588 6.36 -16.36
4 2 6.861 10.484 -20.484 6.852 10.352 -20.352 5.401 9.309 -19.309 5.245 9.294 -19.294
3 2 6.852 10.352 -20.352 6.874 10.262 -20.262 5.401 9.309 -19.309
4 2 7.142 9.773 -19.773 6.958 10.184 -20.184 7.613 9.981 -19.981 7.56 9.835 -19.835
3 2 7.56 9.835 -19.835 7.613 9.981 -19.981 7.617 9.915 -19.915
4 2 5.401 9.309 -19.309 6.874 10.262 -20.262 6.958 10.184 -20.184 6.219 9.084 -19.084
4 2 6.219 9.084 -19.084 6.958 10.184 -20.184 7.142 9.773 -19.773 6.607 9.028 -19.028
4 2 6.607 9.028 -19.028 7.142 9.773 -19.773 7.306 9.628 -19.628 7.432 8.789 -18.789
4 2 5.643 9.062 -19.062 5.376 9.202 -19.202 5.401 9.309 -19.309 5.838 9.052 -19.052
4 2 5.978 9.062 -19.062 5.838 9.052 -19.052 5.401 9.309 -19.309 6.219 9.084 -19.084
4 2 7.628 8.588 -18.588 7.484 8.603 -18.603 7.489 8.676 -18.676 7.83 8.616 -18.616
4 2 7.942 8.765 -18.765 7.901 8.662 -18.662 7.83 8.616 -18.616 7.489 8.676 -18.676
4 2 8.679 9.717 -19.717 8.814 9.302 -19.302 8.69 9.217 -19.217 7.826 9.587 -19.587
4 2 7.826 9.587 -19.587 8.69 9.217 -19.217 7.942 8.765 -18.765 7.563 9.566 -19.566
4 2 7.942 8.765 -18.765 7.489 8.676 -18.676 7.432 8.789 -18.789 7.563 9.566 -19.566
4 2 8.9 9.395 -19.395 8.814 9.302 -19.302 8.82 9.635 -19.635 8.889 9.576 -19.576
3 2 8.34 9.836 -19.836 8.679 9.717 -19.717 7.826 9.587 -19.587
3 2 8.679 9.717 -19.717 8.82 9.635 -19.635 8.814 9.302 -19.302
3 2 7.432 8.789 -18.789 7.306 9.628 -19.628 7.563 9.566 -19.566
3 2 3.104 11.096 -21.096 5.107 9.242 -19.242 4.953 9.137 -19.137
3 2 -0.38 5.996 -15.996 -3.277 6.789 -16.789 -0.262 6.317 -16.317
3 2 -0.38 5.996 -15.996 -0.262 6.317 -16.317 -0.127 6.304 -16.304
4 2 12.46 12.224 -22.224 13.657 11.899 -21.899 12.46 11.897 -21.897 12.292 11.953 -21.953
3 2 13.657 11.899 -21.899 12.46 12.224 -22.224 13.657 12.224 -22.224
4 2 12.46 12.224 -22.224 12.292 11.953 -21.953 12.234 12.062 -22.062 12.297 12.18 -22.18
3 2 13.819 12.177 -22.177 13.881 12.06 -22.06 13.657 12.224 -22.224
4 2 11.056 12.224 -22.224 11.056 11.897 -21.897 7.273 11.897 -21.897 7.273 12.224 -22.224
4 2 7.273 11.897 -21.897 7.106 11.946 -21.946 7.045 12.059 -22.059 7.107 12.17 -22.17
3 2 7.273 11.897 -21.897 7.107 12.17 -22.17 7.273 12.224 -22.224
3 2 11.284 12.061 -22.061 11.056 12.224 -22.224 11.224 12.174 -22.174
4 2 2.793 12.224 -22.224 5.588 11.898 -21.898 2.757 11.9 -21.9 2.633 12.174 -22.174
4 2 2.757 11.9 -21.9 2.609 11.958 -21.958 2.566 12.072 -22.072 2.633 12.174 -22.174
3 2 2.793 12.224 -22.224 5.624 12.221 -22.221 5.588 11.898 -21.898
3 2 5.624 12.221 -22.221 5.773 12.163 -22.163 5.815 12.049 -22.049
4 2 -3.057 10.558 -20.558 -2.8 11.545 -21.545 -2.418 10.673 -20.673 -2.212 9.771 -19.771
4 2 -2.8 11.545 -21.545 -3.057 10.558 -20.558 -3.428 11.389 -21.389 -3.383 12.36 -22.36
4 2 -2.894 9.344 -19.344 -2.918 9.691 -19.691 -2.212 9.771 -19.771 -2.269 8.859 -18.859
3 2 -3.057 10.558 -20.558 -2.212 9.771 -19.771 -2.918 9.691 -19.691
4 2 -4.18 13.079 -23.079 -3.383 12.36 -22.36 -4.038 12.148 -22.148 -4.8 12.834 -22.834
4 2 -6.822 13.816 -23.816 -7.447 14.493 -24.493 -6.24 14.166 -24.166 -5.735 13.403 -23.403
3 2 -5.136 13.696 -23.696 -5.735 13.403 -23.403 -6.24 14.166 -24.166
4 2 -10 14.704 -24.704 -8.71 14.686 -24.686 -9.209 14.229 -24.229 -11.272 14.542 -24.542
4 2 -8.71 14.686 -24.686 -7.447 14.493 -24.493 -7.988 14.099 -24.099 -9.209 14.229 -24.229
3 2 -3.383 12.36 -22.36 -3.428 11.389 -21.389 -4.038 12.148 -22.148
3 2 -6.822 13.816 -23.816 -7.988 14.099 -24.099 -7.447 14.493 -24.493
4 2 -3.014 8.631 -18.631 -2.269 8.859 -18.859 -2.548 7.968 -17.968 -3.276 7.938 -17.938
4 2 -3.276 7.938 -17.938 -2.548 7.968 -17.968 -3.023 7.12 -17.12 -3.676 7.279 -17.279
3 2 -3.676 7.279 -17.279 -3.023 7.12 -17.12 -3.92 6.996 -16.996
4 2 -3.92 6.996 -16.996 -5.148 7.331 -17.331 -4.982 7.675 -17.675 -3.676 7.279 -17.279
4 2 -5.148 7.331 -17.331 -5.358 7.189 -17.189 -5.597 7.112 -17.112 -6.652 7.599 -17.599
4 2 -5.597 7.112 -17.112 -5.856 7.081 -17.081 -6.141 7.121 -17.121 -6.652 7.599 -17.599
4 2 -6.141 7.121 -17.121 -6.814 6.742 -16.742 -6.99 7.046 -17.046 -6.527 7.312 -17.312
4 2 -8.039 6.648 -16.648 -7.577 6.473 -16.473 -8.366 6.244 -16.244 -8.614 6.537 -16.537
4 2 -8.614 6.537 -16.537 -8.366 6.244 -16.244 -9.209 6.127 -16.127 -9.209 6.499 -16.499
4 2 -9.209 6.499 -16.499 -9.209 6.127 -16.127 -9.688 6.156 -16.156 -9.688 6.498 -16.498
4 2 -10.337 6.549 -16.549 -9.688 6.156 -16.156 -10.555 6.253 -16.253 -11.374 6.45 -16.45
4 2 -11.374 6.45 -16.45 -12.118 6.76 -16.76 -11.367 6.807 -16.807 -10.337 6.549 -16.549
4 2 -11.903 7.047 -17.047 -12.118 6.76 -16.76 -12.766 7.164 -17.164 -12.702 7.577 -17.577
4 2 -12.702 7.577 -17.577 -12.766 7.164 -17.164 -13.356 7.612 -17.612 -12.942 7.803 -17.803
3 2 -15.291 6.449 -16.449 -15.939 7.239 -17.239 -14.862 6.848 -16.848
3 2 -11.367 6.807 -16.807 -12.118 6.76 -16.76 -11.903 7.047 -17.047
3 2 -13.356 7.612 -17.612 -14.862 6.848 -16.848 -15.939 7.239 -17.239
4 2 -9.688 6.498 -16.498 -9.688 7.771 -17.771 -9.209 7.742 -17.742 -9.209 6.499 -16.499
3 2 -6.652 7.599 -17.599 -6.141 7.121 -17.121 -6.527 7.312 -17.312
4 2 -6.652 7.599 -17.599 -6.623 7.891 -17.891 -6.394 8.142 -18.142 -4.982 7.675 -17.675
4 2 -6.394 8.142 -18.142 -5.181 8.096 -18.096 -5.024 7.897 -17.897 -4.982 7.675 -17.675
3 2 -6.652 7.599 -17.599 -4.982 7.675 -17.675 -5.148 7.331 -17.331
3 2 -6.99 7.046 -17.046 -6.814 6.742 -16.742 -7.497 6.825 -16.825
4 2 -12.942 7.803 -17.803 -13.356 7.612 -17.612 -15.939 7.239 -17.239 -16.391 8.094 -18.094
3 2 -3.014 8.631 -18.631 -2.894 9.344 -19.344 -2.269 8.859 -18.859
3 2 -9.688 6.498 -16.498 -9.688 6.156 -16.156 -10.337 6.549 -16.549
4 2 -7.48 9.341 -19.341 -7.009 9.342 -19.342 -7.182 8.882 -18.882 -7.612 8.98 -18.98
4 2 -7.612 8.98 -18.98 -7.182 8.882 -18.882 -7.5 8.461 -18.461 -7.87 8.653 -18.653
4 2 -8.235 8.383 -18.383 -7.5 8.461 -18.461 -7.976 8.124 -18.124 -8.692 8.192 -18.192
4 2 -8.692 8.192 -18.192 -7.976 8.124 -18.124 -8.567 7.897 -17.897 -9.209 8.12 -18.12
3 2 -9.209 8.12 -18.12 -8.567 7.897 -17.897 -9.209 7.742 -17.742
4 2 -9.688 8.097 -18.097 -9.688 7.771 -17.771 -10.378 7.899 -17.899 -10.228 8.209 -18.209
4 2 -10.228 8.209 -18.209 -10.378 7.899 -17.899 -10.983 8.16 -18.16 -10.713 8.416 -18.416
3 2 -12.942 7.803 -17.803 -16.391 8.094 -18.094 -11.496 8.515 -18.515
4 2 -10.713 8.416 -18.416 -10.983 8.16 -18.16 -11.496 8.515 -18.515 -11.066 8.724 -18.724
4 2 -9.688 8.097 -18.097 -9.688 9.357 -19.357 -9.209 9.32 -19.32 -9.209 8.12 -18.12
3 2 -11.496 8.515 -18.515 -16.391 8.094 -18.094 -11.066 8.724 -18.724
3 2 -7.5 8.461 -18.461 -8.235 8.383 -18.383 -7.87 8.653 -18.653
4 2 -7.177 10.152 -20.152 -7.013 9.691 -19.691 -7.503 9.691 -19.691 -7.607 10.054 -20.054
4 2 -8.242 10.639 -20.639 -7.974 10.912 -20.912 -7.507 10.569 -20.569 -7.868 10.376 -20.376
4 2 -7.507 10.569 -20.569 -7.177 10.152 -20.152 -7.607 10.054 -20.054 -7.868 10.376 -20.376
4 2 -9.209 11.283 -21.283 -8.566 11.137 -21.137 -9.209 10.905 -20.905 -9.688 11.269 -21.269
4 2 -8.698 10.823 -20.823 -8.566 11.137 -21.137 -7.974 10.912 -20.912 -8.242 10.639 -20.639
4 2 -9.688 12.549 -22.549 -9.209 12.548 -22.548 -9.209 11.283 -21.283 -9.688 11.269 -21.269
4 2 -10.33 11.137 -21.137 -9.688 11.269 -21.269 -9.688 10.915 -20.915 -10.199 10.833 -20.833
4 2 -11.273 10.049 -20.049 -11.69 10.149 -20.149 -11.388 10.57 -20.57 -11.016 10.375 -20.375
4 2 -11.388 10.57 -20.57 -10.914 10.903 -20.903 -10.655 10.644 -20.644 -11.016 10.375 -20.375
4 2 -11.41 9.691 -19.691 -11.876 9.691 -19.691 -11.69 10.149 -20.149 -11.273 10.049 -20.049
3 2 -9.209 10.905 -20.905 -8.566 11.137 -21.137 -8.698 10.823 -20.823
3 2 -9.688 10.915 -20.915 -9.688 11.269 -21.269 -9.209 10.905 -20.905
4 2 11.847 17.23 -27.23 12.772 17.381 -27.381 9.529 13.338 -23.338 9.229 13.955 -23.955
3 2 8.957 13.319 -23.319 9.345 13.231 -23.231 9.104 13.235 -23.235
4 2 9.229 13.955 -23.955 8.957 13.319 -23.319 5.668 17.378 -27.378 6.619 17.23 -27.23
4 2 9.637 15.68 -25.68 9.667 15.084 -25.084 9.432 15.052 -25.052 9.057 15.051 -25.051
3 2 9.057 15.051 -25.051 8.831 15.084 -25.084 8.837 15.68 -25.68
3 2 9.547 16.122 -26.122 8.837 15.68 -25.68 8.908 16.122 -26.122
4 2 12.464 17.718 -27.718 12.772 17.381 -27.381 11.847 17.23 -27.23 6.619 17.23 -27.23
4 2 5.894 17.703 -27.703 6.619 17.23 -27.23 5.668 17.378 -27.378 5.748 17.623 -27.623
3 2 5.668 17.378 -27.378 5.666 17.518 -27.518 5.748 17.623 -27.623
3 2 6.619 17.23 -27.23 5.894 17.703 -27.703 12.464 17.718 -27.718
4 2 -1.769 15.938 -25.938 -1.677 15.721 -25.721 -1.751 15.655 -25.655 -5.788 15.655 -25.655
4 2 -5.788 15.655 -25.655 -5.874 15.708 -25.708 -5.903 15.789 -25.789 -5.88 15.872 -25.872
4 2 -5.806 15.938 -25.938 -1.769 15.938 -25.938 -5.788 15.655 -25.655 -5.88 15.872 -25.872
4 2 -7.12 15.938 -25.938 -7.028 15.721 -25.721 -7.102 15.655 -25.655 -8.735 15.655 -25.655
4 2 -8.735 15.655 -25.655 -8.82 15.708 -25.708 -8.847 15.79 -25.79 -8.826 15.872 -25.872
4 2 -8.752 15.938 -25.938 -7.12 15.938 -25.938 -8.735 15.655 -25.655 -8.826 15.872 -25.872
4 2 -9.798 15.938 -25.938 -9.706 15.721 -25.721 -9.78 15.655 -25.655 -13.205 15.655 -25.655
4 2 -13.205 15.655 -25.655 -13.291 15.708 -25.708 -13.319 15.789 -25.789 -13.297 15.872 -25.872
4 2 -13.223 15.938 -25.938 -9.798 15.938 -25.938 -13.205 15.655 -25.655 -13.297 15.872 -25.872
4 2 -4.742 16.915 -26.915 -4.649 16.699 -26.699 -4.724 16.632 -26.632 -10.817 16.632 -26.632
4 2 -10.817 16.632 -26.632 -10.903 16.685 -26.685 -10.932 16.766 -26.766 -10.909 16.848 -26.848
4 2 -10.835 16.915 -26.915 -4.742 16.915 -26.915 -10.817 16.632 -26.632 -10.909 16.848 -26.848
4 2 -3.647 17.892 -27.892 -3.63 17.612 -27.612 -5.79 17.609 -27.609 -5.807 17.89 -27.89
4 2 -5.79 17.609 -27.609 -5.875 17.665 -27.665 -5.902 17.745 -27.746 -5.807 17.89 -27.89
3 2 -5.902 17.745 -27.746 -5.88 17.827 -27.827 -5.807 17.89 -27.89
3 2 -3.535 17.756 -27.756 -3.647 17.892 -27.892 -3.562 17.837 -27.837
4 2 -7.118 17.893 -27.893 -7.101 17.613 -27.613 -13.168 17.609 -27.609 -13.185 17.888 -27.888
4 2 -13.168 17.609 -27.609 -13.252 17.663 -27.663 -13.285 17.744 -27.744 -13.258 17.827 -27.827
3 2 -13.258 17.827 -27.827 -13.185 17.888 -27.888 -13.168 17.609 -27.609
3 2 -7.118 17.893 -27.893 -7.034 17.838 -27.838 -7.007 17.758 -27.758
4 2 -14.42 17.892 -27.892 -14.404 17.612 -27.612 -16.565 17.61 -27.61 -16.582 17.89 -27.89
4 2 -16.565 17.61 -27.61 -16.65 17.665 -27.665 -16.678 17.745 -27.745 -16.582 17.89 -27.89
3 2 -16.582 17.89 -27.89 -16.678 17.745 -27.745 -16.656 17.827 -27.827
3 2 -14.336 17.837 -27.837 -14.308 17.756 -27.756 -14.42 17.892 -27.892

0 // Main_Colour
3 16 -18.673 19.597 -29.597 -18.987 19.533 -29.533 -20 20 -30
3 16 18.961 0.508 -10.508 20 0 -10 18.647 0.444 -10.444
3 16 19.403 19.062 -29.062 19.313 19.284 -29.284 20 20 -30
3 16 19.313 19.284 -29.284 19.111 19.464 -29.464 20 20 -30
4 16 -19.43 0.98 -10.98 -20 0 -10 -20 20 -30 -19.396 19.186 -29.186
3 16 18.823 19.573 -29.573 20 20 -30 19.111 19.464 -29.464
4 16 20 20 -30 18.823 19.573 -29.573 -18.673 19.597 -29.597 -20 20 -30
3 16 -19.396 19.186 -29.186 -20 20 -30 -19.241 19.391 -29.391
3 16 -19.241 19.391 -29.391 -20 20 -30 -18.987 19.533 -29.533
3 16 -20 0 -10 -19.43 0.98 -10.98 -19.34 0.758 -10.758
3 16 -20 0 -10 -19.34 0.758 -10.758 -19.139 0.578 -10.578
4 16 19.403 19.062 -29.062 20 20 -30 20 0 -10 19.37 0.855 -10.855
3 16 -19.139 0.578 -10.578 -18.85 0.469 -10.469 -20 0 -10
4 16 -20 0 -10 -18.85 0.469 -10.469 18.647 0.444 -10.444 20 0 -10
3 16 19.216 0.651 -10.651 19.37 0.855 -10.855 20 0 -10
3 16 18.961 0.508 -10.508 19.216 0.651 -10.651 20 0 -10
