0 Slope Brick 45  2 x  1 with 3 Buttons 3 Lamps Reissue Pattern
0 Name: 3040bp08.dat
0 Author: Gabriel Läufer [Dr.Bricktacular]
0 !LDRAW_ORG Part UPDATE 2025-02
0 !LICENSE Licensed under CC BY 4.0 : see CAreadme.txt

0 BFC CERTIFY CCW

0 !KEYWORDS Blacktron I, Blacktron Renegade, Bricklink 3040pb033
0 !KEYWORDS Brickowl 371733, Rebrickable 3040bpr9998, Set 10355

0 !HISTORY 2025-02-27 [OrionP] Official Update 2025-02

0 // Sticker-Basepart
1 16 0 0 0 1 0 0 0 1 0 0 0 1 s\3040s01.dat

0 // Pattern
4 4 -2 5.757 -15.757 -2 2.929 -12.929 -6 2.929 -12.929 -6 5.757 -15.757
4 4 -2 11.414 -21.414 -2 8.586 -18.586 -6 8.586 -18.586 -6 11.414 -21.414
4 4 -2 17.071 -27.071 -2 14.243 -24.242 -6 14.243 -24.242 -6 17.071 -27.071
1 14 8 1.464 -11.464 1 0 0 0 1 -.70711 0 0 .70711 1-4disc.dat
1 14 -8 1.464 -11.464 -1 0 0 0 1 -.70711 0 0 .70711 1-4disc.dat
1 14 -8 18.535 -28.535 -1 0 0 0 1 .70711 0 0 -.70711 1-4disc.dat
1 14 8 18.535 -28.535 1 0 0 0 1 .70711 0 0 -.70711 1-4disc.dat
1 14 4 4.343 -14.343 2 0 0 0 1 -1.41421 0 0 1.41421 4-4disc.dat
1 14 4 10 -20 2 0 0 0 1 -1.41421 0 0 1.41421 4-4disc.dat
1 14 4 15.657 -25.657 2 0 0 0 1 -1.41421 0 0 1.41421 4-4disc.dat
4 14 -8 18.535 -28.535 -8 1.464 -11.464 -9 1.464 -11.464 -9 18.535 -28.535
4 14 8 18.535 -28.535 -8 18.535 -28.535 -8 19.242 -29.242 8 19.242 -29.242
4 14 -8 .757 -10.757 -8 1.464 -11.464 8 1.464 -11.464 8 .757 -10.757
4 14 8 18.535 -28.535 9 18.535 -28.535 9 1.464 -11.464 8 1.464 -11.464
1 16 8 1.464 -11.464 1 0 0 0 1 -.70711 0 0 .70711 1-4ndis.dat
1 16 -8 18.535 -28.535 -1 0 0 0 1 .70711 0 0 -.70711 1-4ndis.dat
1 16 -8 1.464 -11.464 -1 0 0 0 1 -.70711 0 0 .70711 1-4ndis.dat
1 16 8 18.535 -28.535 1 0 0 0 1 .70711 0 0 -.70711 1-4ndis.dat
1 16 4 4.343 -14.343 2 0 0 0 1 -1.41421 0 0 1.41421 4-4ndis.dat
1 16 4 10 -20 2 0 0 0 1 -1.41421 0 0 1.41421 4-4ndis.dat
1 16 4 15.657 -25.657 2 0 0 0 1 -1.41421 0 0 1.41421 4-4ndis.dat
3 16 10 0 -10 8 .757 -10.757 9 .757 -10.757
4 16 10 0 -10 9 .757 -10.757 9 1.464 -11.464 10 20 -30
4 16 -9 1.464 -11.464 -9 .757 -10.757 -10 0 -10 -10 20 -30
4 16 -10 0 -10 -9 .757 -10.757 -8 .757 -10.757 10 0 -10
3 16 -9 18.535 -28.535 -10 20 -30 -9 19.242 -29.242
3 16 -8 19.242 -29.242 -9 19.242 -29.242 -10 20 -30
3 16 9 18.535 -28.535 9 19.242 -29.242 10 20 -30
4 16 10 20 -30 9 19.242 -29.242 8 19.242 -29.242 -10 20 -30
3 16 10 0 -10 -8 .757 -10.757 8 .757 -10.757
3 16 8 19.242 -29.242 -8 19.242 -29.242 -10 20 -30
3 16 9 1.464 -11.464 9 18.535 -28.535 10 20 -30
3 16 -9 1.464 -11.464 -10 20 -30 -9 18.535 -28.535
4 16 2 5.757 -15.757 -2 5.757 -15.757 -2 8.586 -18.586 2 8.586 -18.586
4 16 2 14.243 -24.243 2 11.414 -21.414 -2 11.414 -21.414 -2 14.243 -24.242
4 16 -2 5.757 -15.757 -6 5.757 -15.757 -6 8.586 -18.586 -2 8.586 -18.586
4 16 -2 11.414 -21.414 -6 11.414 -21.414 -6 14.243 -24.242 -2 14.243 -24.242
4 16 -2 2.929 -12.929 -2 5.757 -15.757 2 5.757 -15.757 2 4.343 -14.343
4 16 2 10 -20 -2 8.586 -18.586 -2 11.414 -21.414 2 11.414 -21.414
4 16 2 15.657 -25.657 -2 14.243 -24.242 -2 17.071 -27.071 2 17.071 -27.071
3 16 2 14.243 -24.243 -2 14.243 -24.242 2 15.657 -25.657
3 16 2 8.586 -18.586 -2 8.586 -18.586 2 10 -20
3 16 2 2.929 -12.929 -2 2.929 -12.929 2 4.343 -14.343
4 16 2 5.757 -15.757 2 8.586 -18.586 4 8.586 -18.586 4 5.757 -15.757
4 16 6 5.757 -15.757 4 5.757 -15.757 4 8.586 -18.586 6 8.586 -18.586
4 16 4 11.414 -21.414 2 11.414 -21.414 2 14.243 -24.243 4 14.243 -24.243
4 16 4 11.414 -21.414 4 14.243 -24.243 6 14.243 -24.243 6 11.414 -21.414
4 16 8 1.464 -11.464 -8 1.464 -11.464 -2 2.929 -12.929 2 2.929 -12.929
3 16 2 2.929 -12.929 4 2.929 -12.929 8 1.464 -11.464
3 16 8 1.464 -11.464 4 2.929 -12.929 6 2.929 -12.929
3 16 8 1.464 -11.464 6 2.929 -12.929 6 4.343 -14.343
3 16 8 1.464 -11.464 6 4.343 -14.343 6 5.757 -15.757
4 16 6 10 -20 6 11.414 -21.414 8 18.535 -28.535 8 1.464 -11.464
3 16 8 1.464 -11.464 6 5.757 -15.757 6 8.586 -18.586
3 16 8 1.464 -11.464 6 8.586 -18.586 6 10 -20
3 16 8 18.535 -28.535 6 11.414 -21.414 6 14.243 -24.243
3 16 8 18.535 -28.535 6 14.243 -24.243 6 15.657 -25.657
3 16 8 18.535 -28.535 6 15.657 -25.657 6 17.071 -27.071
3 16 8 18.535 -28.535 6 17.071 -27.071 4 17.071 -27.071
3 16 8 18.535 -28.535 4 17.071 -27.071 2 17.071 -27.071
4 16 2 17.071 -27.071 -2 17.071 -27.071 -8 18.535 -28.535 8 18.535 -28.535
3 16 -6 17.071 -27.071 -8 18.535 -28.535 -2 17.071 -27.071
3 16 -8 1.464 -11.464 -6 2.929 -12.929 -2 2.929 -12.929
4 16 -8 18.535 -28.535 -6 11.414 -21.414 -6 8.586 -18.586 -8 1.464 -11.464
3 16 -6 2.929 -12.929 -8 1.464 -11.464 -6 5.757 -15.757
3 16 -6 5.757 -15.757 -8 1.464 -11.464 -6 8.586 -18.586
3 16 -8 18.535 -28.535 -6 17.071 -27.071 -6 14.243 -24.242
3 16 -8 18.535 -28.535 -6 14.243 -24.242 -6 11.414 -21.414
