0 Tile  2 x  2 with Strawberry Preserves Pattern
0 Name: 3068bpfz.dat
0 Author: Takeshi Takahashi [RainbowDolphin]
0 !LDRAW_ORG Part UPDATE 2026-05
0 !LICENSE Licensed under CC BY 4.0 : see CAreadme.txt

0 BFC CERTIFY CCW

0 !KEYWORDS Bricklink 3068pb0818, Brickowl 495167, Brickset 16394, Food market
0 !KEYWORDS Friends, Fruit, Jam, Rebrickable 3068bpr0224, set 41026, Set 41108
0 !KEYWORDS Set 561506, Sunshine harvest

0 !HISTORY 2026-05-31 [OrionP] Official Update 2026-05

1 16 0 0 0 1 0 0 0 1 0 0 0 1 s\3068bs01.dat
4 16 -8.7 0 -12.4 -9.1 0 -11.7 -9.5 0 -11.7 -9.4 0 -12.3
4 16 -9.8 0 -11.4 -10.1 0 -10.9 -10.5 0 -10.9 -10.3 0 -11.4
4 16 -9.9 0 -13.1 -10.3 0 -12.5 -10.7 0 -12.5 -10.6 0 -13
4 16 -11.2 0 -13.5 -11.4 0 -12.8 -12 0 -12.8 -11.8 0 -13.3
4 16 -9.9 0 -13.9 -10.3 0 -13.9 -10.1 0 -14.4 -9.6 0 -14.5
4 16 -8.5 0 -13.8 -9.1 0 -13.8 -8.8 0 -14.4 -8.3 0 -14.5
4 16 -7.5 0 -12.9 -8 0 -12.9 -7.8 0 -13.4 -7.2 0 -13.4
4 16 -6.3 0 -12.6 -6.6 0 -12 -7 0 -12 -6.9 0 -12.5
4 16 -5.1 0 -13.8 -5.4 0 -13.3 -5.9 0 -13.3 -5.7 0 -13.8
4 16 -6.3 0 -14.6 -6.7 0 -14 -7.2 0 -14 -7 0 -14.4
4 16 -6 0 -9.3 -6.4 0 -8.8 -6.7 0 -8.8 -6.5 0 -9.2
4 16 -3 0 -12.6 -3.2 0 -12.2 -3.6 0 -12.5 -3.5 0 -13.2
4 16 -2.2 0 -13.4 -2.2 0 -13 -2.6 0 -13.3 -2.5 0 -13.9
4 16 -0.7 0 -14 -0.9 0 -13.6 -1.2 0 -13.9 -1 0 -14.5
4 16 0.6 0 -14.1 0.4 0 -13.7 0.1 0 -14 0.4 0 -14.6
4 16 1.8 0 -13.8 1.5 0 -13.6 1.4 0 -14.1 1.9 0 -14.3
4 16 0.7 0 -9.1 -0.1 0 -8.9 -0.1 0 -9.4 0.5 0 -9.6
4 16 1.6 0 -9.7 0.7 0 -9.1 0.5 0 -9.6 1.5 0 -10.6
4 16 2.8 0 -11 1.6 0 -9.7 1.5 0 -10.6 2.4 0 -11.6
4 16 3.2 0 -11.7 2.8 0 -11 2.4 0 -11.6 2.5 0 -12
4 16 3.3 0 -12.2 3.2 0 -11.7 2.5 0 -12 3.1 0 -12.7
4 16 3.1 0 -12.7 2.5 0 -12 2.2 0 -12.3 2.5 0 -13
4 16 2.5 0 -13 2.2 0 -12.3 0.7 0 -12 0.6 0 -13
4 16 0.6 0 -13 0.7 0 -12 -0.9 0 -11.9 -0.7 0 -12.6
4 16 -0.7 0 -12.6 -0.9 0 -11.9 -1.4 0 -11.8 -1.8 0 -12.1
4 16 -1.8 0 -12.1 -1.4 0 -11.8 -1.8 0 -11.5 -2.2 0 -11.5
4 16 -2.2 0 -11.5 -1.8 0 -11.5 -1.9 0 -11.1 -2.4 0 -11
4 16 -2.3 0 -10.6 -2.4 0 -11 -1.9 0 -11.1 -1.6 0 -10.6
4 16 -1.9 0 -10.2 -2.3 0 -10.6 -1.6 0 -10.6 -1 0 -10.5
4 16 -1.4 0 -10 -1.9 0 -10.2 -1 0 -10.5 -0.6 0 -10.3
4 16 -1.2 0 -9.4 -1.4 0 -10 -0.6 0 -10.3 -0.5 0 -9.7
4 16 -0.7 0 -9 -1.2 0 -9.4 -0.5 0 -9.7 -0.1 0 -9.4
3 16 -0.1 0 -8.9 -0.7 0 -9 -0.1 0 -9.4
4 4 -10.6 0 -9.9 -10.5 0 -10.9 -10.1 0 -10.9 -9.3 0 -10.7
4 4 -9.3 0 -10.7 -10.1 0 -10.9 -9.8 0 -11.4 -9.5 0 -11.7
4 4 -9.3 0 -10.7 -9.5 0 -11.7 -9.1 0 -11.7 -8 0 -11.2
4 4 -8 0 -11.2 -9.1 0 -11.7 -8.7 0 -12.4 -7 0 -12
4 4 -6.7 0 -11.3 -8 0 -11.2 -7 0 -12 -6.6 0 -12
4 4 -6.2 0 -11.9 -6.7 0 -11.3 -6.6 0 -12 -6.3 0 -12.6
4 4 -5.6 0 -12.3 -6.2 0 -11.9 -6.3 0 -12.6 -5.4 0 -13.3
4 4 -5 0 -12.5 -5.6 0 -12.3 -5.4 0 -13.3 -4.8 0 -13.4
4 4 -4.8 0 -13.4 -5.4 0 -13.3 -5.1 0 -13.8 -4.3 0 -14.1
4 4 -4.7 0 -14.7 -4.3 0 -14.1 -5.1 0 -13.8 -5.7 0 -13.8
4 4 -4.7 0 -14.7 -5.7 0 -13.8 -6.3 0 -14.6 -5.7 0 -15.1
4 4 -7.6 0 -15.3 -5.7 0 -15.1 -6.3 0 -14.6 -7 0 -14.4
4 4 -7.6 0 -15.3 -7 0 -14.4 -8.3 0 -14.5 -9.6 0 -15.3
4 4 -9.6 0 -15.3 -8.3 0 -14.5 -8.8 0 -14.4 -9.6 0 -14.5
4 4 -10.8 0 -14.9 -9.6 0 -15.3 -9.6 0 -14.5 -10.1 0 -14.4
4 4 -11.9 0 -14.2 -10.8 0 -14.9 -10.1 0 -14.4 -10.3 0 -13.9
4 4 -11.9 0 -14.2 -10.3 0 -13.9 -11.2 0 -13.5 -11.8 0 -13.3
4 4 -12.6 0 -13.5 -11.9 0 -14.2 -11.8 0 -13.3 -12 0 -12.8
4 4 -12.9 0 -12.7 -12.6 0 -13.5 -12 0 -12.8 -12.9 0 -12.2
4 4 -12.1 0 -12 -12.9 0 -12.2 -12 0 -12.8 -11.4 0 -12.8
4 4 -12.1 0 -12 -11.4 0 -12.8 -10.7 0 -12.5 -11.3 0 -11.4
4 4 -11.3 0 -11.4 -10.7 0 -12.5 -10.3 0 -11.4 -10.5 0 -10.9
3 4 -10.6 0 -9.9 -11.3 0 -11.4 -10.5 0 -10.9
4 4 -10.3 0 -11.4 -10.7 0 -12.5 -10.3 0 -12.5 -9.8 0 -11.4
4 4 -9.5 0 -11.7 -9.8 0 -11.4 -10.3 0 -12.5 -9.9 0 -13.1
3 4 -9.5 0 -11.7 -9.9 0 -13.1 -9.4 0 -12.3
4 4 -9.1 0 -13.8 -9.4 0 -12.3 -9.9 0 -13.1 -9.9 0 -13.9
4 4 -9.1 0 -13.8 -9.9 0 -13.9 -9.6 0 -14.5 -8.8 0 -14.4
4 4 -10.3 0 -13.9 -9.9 0 -13.9 -9.9 0 -13.1 -10.6 0 -13
4 4 -11.2 0 -13.5 -10.3 0 -13.9 -10.6 0 -13 -11.4 0 -12.8
3 4 -10.7 0 -12.5 -11.4 0 -12.8 -10.6 0 -13
4 4 -8.7 0 -12.4 -9.4 0 -12.3 -9.1 0 -13.8 -8.5 0 -13.8
4 4 -8 0 -12.9 -8.7 0 -12.4 -8.5 0 -13.8 -7.8 0 -13.4
4 4 -7.8 0 -13.4 -8.5 0 -13.8 -8.3 0 -14.5 -7.2 0 -14
3 4 -7.2 0 -14 -8.3 0 -14.5 -7 0 -14.4
4 4 -7.2 0 -13.4 -7.8 0 -13.4 -7.2 0 -14 -6.7 0 -14
4 4 -5.9 0 -13.3 -7.2 0 -13.4 -6.7 0 -14 -5.7 0 -13.8
3 4 -5.7 0 -13.8 -6.7 0 -14 -6.3 0 -14.6
4 4 -7.2 0 -13.4 -5.9 0 -13.3 -6.3 0 -12.6 -6.9 0 -12.5
3 4 -6.3 0 -12.6 -5.9 0 -13.3 -5.4 0 -13.3
4 4 -7.5 0 -12.9 -7.2 0 -13.4 -6.9 0 -12.5 -7 0 -12
4 4 -8 0 -12.9 -7.5 0 -12.9 -7 0 -12 -8.7 0 -12.4
4 4 -6.7 0 -8.8 -7.5 0 -7.9 -6.9 0 -9.1 -6.5 0 -9.2
4 4 -6.5 0 -9.2 -6.9 0 -9.1 -6.8 0 -10.1 -6.3 0 -10.2
4 4 -6 0 -9.3 -6.5 0 -9.2 -6.3 0 -10.2 -5.2 0 -9.6
4 4 -6 0 -9.3 -5.2 0 -9.6 -5.8 0 -8.8 -6.4 0 -8.8
3 4 -6 0 -7.9 -6.4 0 -8.8 -5.8 0 -8.8
4 4 -6.7 0 -8.8 -6.4 0 -8.8 -6 0 -7.9 -7.5 0 -7.9
4 4 -6.7 0 -7.3 -7.5 0 -7.9 -6 0 -7.9 -5.7 0 -6.8
3 4 -6.1 0 -6.6 -6.7 0 -7.3 -5.7 0 -6.8
4 4 -1.6 0 -10.6 -1.9 0 -11.1 -1.8 0 -11.5 -1 0 -10.5
4 4 -1 0 -10.5 -1.8 0 -11.5 -1.4 0 -11.8 -0.9 0 -11.9
4 4 -0.6 0 -10.3 -1 0 -10.5 -0.9 0 -11.9 0.7 0 -12
4 4 -0.6 0 -10.3 0.7 0 -12 1.5 0 -10.6 0.5 0 -9.6
4 4 -0.5 0 -9.7 -0.6 0 -10.3 0.5 0 -9.6 -0.1 0 -9.4
4 4 2.4 0 -11.6 1.5 0 -10.6 0.7 0 -12 2.2 0 -12.3
3 4 2.4 0 -11.6 2.2 0 -12.3 2.5 0 -12
4 4 -2.4 0 -11 -2.3 0 -10.6 -3 0 -10.8 -3.2 0 -12.2
4 4 -3.2 0 -12.2 -3 0 -10.8 -3.6 0 -11.3 -3.6 0 -12.5
4 4 -3.6 0 -12.5 -3.6 0 -11.3 -4.1 0 -11.9 -4.1 0 -12.8
4 4 -3.5 0 -13.2 -3.6 0 -12.5 -4.1 0 -12.8 -3.7 0 -13.6
4 4 -2.5 0 -13.9 -3.5 0 -13.2 -3.7 0 -13.6 -2.8 0 -14.4
4 4 -1 0 -14.5 -2.5 0 -13.9 -2.8 0 -14.4 -1.5 0 -14.9
4 4 0.4 0 -14.6 -1 0 -14.5 -1.5 0 -14.9 0 0 -15
4 4 0.4 0 -14.6 0 0 -15 1.6 0 -14.8 1.9 0 -14.3
3 4 3.3 0 -14.1 1.9 0 -14.3 1.6 0 -14.8
4 4 2.5 0 -13 1.9 0 -14.3 3.3 0 -14.1 3.1 0 -12.7
4 4 3.1 0 -12.7 3.3 0 -14.1 4.3 0 -13.2 4.4 0 -12.7
4 4 3.3 0 -12.2 3.1 0 -12.7 4.4 0 -12.7 4 0 -11.7
4 4 3.2 0 -11.7 3.3 0 -12.2 4 0 -11.7 3.2 0 -10.5
4 4 2.8 0 -11 3.2 0 -11.7 3.2 0 -10.5 2.1 0 -9.2
4 4 1.6 0 -9.7 2.8 0 -11 2.1 0 -9.2 1 0 -8.6
4 4 0.7 0 -9.1 1.6 0 -9.7 1 0 -8.6 0.2 0 -8.4
4 4 -0.1 0 -8.9 0.7 0 -9.1 0.2 0 -8.4 -0.6 0 -8.5
4 4 -0.7 0 -9 -0.1 0 -8.9 -0.6 0 -8.5 -1.2 0 -8.9
4 4 -1.2 0 -9.4 -0.7 0 -9 -1.2 0 -8.9 -1.7 0 -9.6
4 4 -1.4 0 -10 -1.2 0 -9.4 -1.7 0 -9.6 -1.9 0 -10.2
4 4 -2.2 0 -11.5 -2.4 0 -11 -3.2 0 -12.2 -3 0 -12.6
4 4 -2.2 0 -13 -2.2 0 -11.5 -3 0 -12.6 -2.6 0 -13.3
4 4 -2.6 0 -13.3 -3 0 -12.6 -3.5 0 -13.2 -2.5 0 -13.9
4 4 -1.8 0 -12.1 -2.2 0 -11.5 -2.2 0 -13 -0.9 0 -13.6
4 4 -0.9 0 -13.6 -2.2 0 -13 -2.2 0 -13.4 -1.2 0 -13.9
4 4 -1.2 0 -13.9 -2.2 0 -13.4 -2.5 0 -13.9 -1 0 -14.5
4 4 -0.7 0 -12.6 -1.8 0 -12.1 -0.9 0 -13.6 0.4 0 -13.7
4 4 0.1 0 -14 0.4 0 -13.7 -0.9 0 -13.6 -0.7 0 -14
4 4 0.4 0 -14.6 0.1 0 -14 -0.7 0 -14 -1 0 -14.5
4 4 0.6 0 -13 -0.7 0 -12.6 0.4 0 -13.7 1.5 0 -13.6
4 4 1.4 0 -14.1 1.5 0 -13.6 0.4 0 -13.7 0.6 0 -14.1
4 4 1.9 0 -14.3 1.4 0 -14.1 0.6 0 -14.1 0.4 0 -14.6
3 4 2.5 0 -13 0.6 0 -13 1.5 0 -13.6
3 4 2.5 0 -13 1.5 0 -13.6 1.8 0 -13.8
3 4 2.5 0 -13 1.8 0 -13.8 1.9 0 -14.3
3 27 -11.3 0 -9 -11.9 0 -9.4 -11.3 0 -9.9
4 27 -11.3 0 -9.9 -11.9 0 -9.4 -12.6 0 -9.7 -11.8 0 -10.8
4 27 -11.8 0 -10.8 -12.6 0 -9.7 -12.9 0 -10.6 -12.4 0 -11.4
3 27 -12.9 0 -10.6 -13.1 0 -11.5 -12.4 0 -11.4
4 27 -13.7 0 -7.7 -14.3 0 -8.5 -13.7 0 -8.9 -12.4 0 -8.9
4 27 -12.5 0 -7 -13.7 0 -7.7 -12.4 0 -8.9 -11.5 0 -8.4
4 27 -11.2 0 -6.8 -12.5 0 -7 -11.5 0 -8.4 -11 0 -7.9
4 27 -11.2 0 -6.8 -11 0 -7.9 -9.9 0 -7.2 -10.9 0 -5.5
4 27 -10.9 0 -5.5 -9.9 0 -7.2 -9.2 0 -6.4 -10.2 0 -4.4
4 27 -10.2 0 -4.4 -9.2 0 -6.4 -9.1 0 -5 -9.4 0 -3.7
4 27 -8.9 0 -7.7 -9.9 0 -7.2 -11 0 -7.9 -10.1 0 -9.1
4 27 -8.1 0 -8.5 -8.9 0 -7.7 -10.1 0 -9.1 -8.9 0 -9.8
4 27 -7.7 0 -9.3 -8.1 0 -8.5 -8.9 0 -9.8 -7.7 0 -10.3
4 27 -7.9 0 -5.8 -8.7 0 -6.3 -8.5 0 -7.1 -7.5 0 -6.9
4 27 -7.1 0 -5.6 -7.9 0 -5.8 -7.5 0 -6.9 -6.8 0 -6.4
3 27 -6.4 0 -5.4 -7.1 0 -5.6 -6.8 0 -6.4
4 27 -4 0 -7.9 -4.8 0 -7.4 -4.8 0 -8.3 -4.4 0 -9.1
4 27 -3.5 0 -8.9 -4 0 -7.9 -4.4 0 -9.1 -3.8 0 -9.7
4 27 -2.9 0 -10 -3.5 0 -8.9 -3.8 0 -9.7 -3.9 0 -10.1
4 27 -3.9 0 -10.4 -2.9 0 -10 -3.9 0 -10.1 -5 0 -10.3
4 27 -4.5 0 -11 -3.9 0 -10.4 -5 0 -10.3 -6 0 -10.9
4 27 -4.5 0 -11 -6 0 -10.9 -5.4 0 -11.6 -5 0 -11.7
4 27 -1.4 0 -7.2 -1.3 0 -6.5 -2 0 -6.8 -2.6 0 -7.5
4 27 -1.1 0 -7.9 -1.4 0 -7.2 -2.6 0 -7.5 -1.7 0 -8.5
4 27 -1.7 0 -8.5 -2.6 0 -7.5 -2.5 0 -8.5 -2.2 0 -9.2
4 27 5.5 0 -9.3 5.1 0 -8.5 4.1 0 -9.1 4.3 0 -9.5
4 27 5.6 0 -10.1 5.5 0 -9.3 4.3 0 -9.5 4.2 0 -10
4 27 5.5 0 -10.9 5.6 0 -10.1 4.2 0 -10 3.9 0 -10.3
3 27 3.9 0 -10.3 4.9 0 -11.6 5.5 0 -10.9
4 27 7.8 0 -10.8 6.8 0 -11.4 6.9 0 -12 7.8 0 -12.1
4 27 8.8 0 -10.8 7.8 0 -10.8 7.8 0 -12.1 8.6 0 -12.6
4 27 8.8 0 -10.8 8.6 0 -12.6 9.1 0 -12 9.7 0 -11
4 27 6.5 0 -12.6 5.3 0 -12.6 5.2 0 -13.3 7.5 0 -12.8
4 27 5.9 0 -14.7 7.5 0 -12.8 5.2 0 -13.3 4.9 0 -14.1
4 27 7.5 0 -12.8 5.9 0 -14.7 7 0 -14.6 8.1 0 -13.3
4 27 8.1 0 -13.3 7 0 -14.6 8.1 0 -14.3 8.5 0 -13.9
4 29 -11.1 0 -4.4 -10.4 0 -3.5 -10.4 0 -2.7 -11.1 0 -1.8
4 29 -9.1 0 -2.2 -11.1 0 -1.8 -10.4 0 -2.7 -9.8 0 -2.8
4 29 -5.5 0 -2.8 -9.1 0 -2.2 -8.6 0 -3.1 -5.3 0 -3.5
4 29 0 0 -3 -5.5 0 -2.8 -5.3 0 -3.5 0 0 -3.6
4 29 3.8 0 -2.8 0 0 -3 0 0 -3.6 3.9 0 -3
3 29 3.9 0 -3 0 0 -3.6 3.9 0 -3.5
4 29 7.8 0 -2.3 8 0 -2.9 9.4 0 -2.7 9.9 0 -1.9
4 29 10.1 0 -2.2 9.9 0 -1.9 9.4 0 -2.7 9.4 0 -3.3
4 29 10.1 0 -3.6 10.1 0 -2.2 9.4 0 -3.3 9 0 -4.3
4 29 9 0 -4.3 9.4 0 -3.3 8.5 0 -3.8 8.5 0 -4.2
4 29 8.9 0 -4.9 9 0 -4.3 8.5 0 -4.2 8.1 0 -4.4
4 29 8.9 0 -4.9 8.1 0 -4.4 8.6 0 -5.7 9.4 0 -5.8
4 29 9.8 0 -5.5 8.9 0 -4.9 9.4 0 -5.8 10.1 0 -6
4 29 10.1 0 -6 9.4 0 -5.8 9.4 0 -6.9 10.2 0 -7.3
4 29 9.9 0 -7.6 10.2 0 -7.3 9.4 0 -6.9 6.2 0 -8.3
3 29 9.4 0 -6.9 6.1 0 -7.9 6.2 0 -8.3
3 29 9.4 0 -6.9 5.6 0 -7.7 6.1 0 -7.9
3 29 4.8 0 -7.9 1.8 0 -8.1 4 0 -8.4
3 29 1.8 0 -8.1 3.3 0 -8.9 4 0 -8.4
4 29 -0.2 0 -6.8 -0.3 0 -7.2 0.1 0 -7.8 0.9 0 -7.6
4 29 1 0 -6.6 -0.2 0 -6.8 0.9 0 -7.6 1.7 0 -7.1
4 29 1.6 0 -6.1 1 0 -6.6 1.7 0 -7.1 2.3 0 -6.5
4 29 1.6 0 -6.1 2.3 0 -6.5 2.5 0 -5.8 1.7 0 -5.4
4 29 1.7 0 -5.4 2.5 0 -5.8 2.3 0 -5 1.4 0 -5
4 29 1.4 0 -5 2.3 0 -5 1.8 0 -4.5 0.9 0 -4.7
4 29 0.9 0 -4.7 1.8 0 -4.5 0.9 0 -4.2 0.2 0 -4.3
4 29 0.2 0 -4.9 0.9 0 -4.7 0.2 0 -4.3 -0.4 0 -4.6
4 29 -0.1 0 -5.2 0.2 0 -4.9 -0.4 0 -4.6 -0.7 0 -5
4 29 -0.2 0 -5.6 -0.1 0 -5.2 -0.7 0 -5 -0.4 0 -5.8
3 29 -0.7 0 -5 -0.8 0 -5.8 -0.4 0 -5.8
4 29 0.1 0 -5.9 -0.2 0 -5.6 -0.4 0 -5.8 -0.2 0 -6.3
4 29 0.1 0 -5.9 -0.2 0 -6.3 0.3 0 -6.4 0.5 0 -5.8
4 29 0.5 0 -5.8 0.3 0 -6.4 0.8 0 -6.2 0.9 0 -5.5
4 29 4.1 0 -4.8 3.9 0 -4.5 3.5 0 -4.8 4 0 -5.3
4 29 4 0 -5.3 3.5 0 -4.8 3.3 0 -5.4 4 0 -5.8
4 29 4 0 -5.8 3.3 0 -5.4 3.4 0 -6.2 4.3 0 -6.1
4 29 4.3 0 -6.1 3.4 0 -6.2 3.9 0 -6.6 4.5 0 -6.8
4 29 4.8 0 -6.1 4.3 0 -6.1 4.5 0 -6.8 5.2 0 -6.6
4 29 5.1 0 -5.7 4.8 0 -6.1 5.2 0 -6.6 5.6 0 -6.2
4 29 5.1 0 -5.7 5.6 0 -6.2 5.8 0 -5.6 5.1 0 -5.3
4 29 5.1 0 -5.3 5.8 0 -5.6 5.6 0 -4.9 5.2 0 -4.5
4 29 4.8 0 -5 5.1 0 -5.3 5.2 0 -4.5 4.6 0 -4.4
4 29 4.8 0 -5 4.6 0 -4.4 4.1 0 -4.8 4.3 0 -5
3 29 4.1 0 -4.8 4 0 -5.3 4.3 0 -5
4 29 -1.9 0 -5.8 -1.9 0 -6 -1.2 0 -5.8 -1.1 0 -5.1
4 29 -1.8 0 -5.2 -1.9 0 -5.8 -1.1 0 -5.1 -1.6 0 -4.4
4 29 -2.1 0 -4.8 -1.8 0 -5.2 -1.6 0 -4.4 -2.2 0 -4.2
4 29 -2.1 0 -4.8 -2.2 0 -4.2 -2.9 0 -4.2 -2.9 0 -4.8
4 29 -2.9 0 -4.8 -2.9 0 -4.2 -3.7 0 -4.5 -3.5 0 -5.1
4 29 -3.5 0 -5.1 -3.7 0 -4.5 -4.1 0 -5.1 -3.6 0 -5.6
4 29 -3.6 0 -5.6 -4.1 0 -5.1 -4.2 0 -5.7 -3.5 0 -6.1
4 29 -3.5 0 -6.1 -4.2 0 -5.7 -4.1 0 -6.4 -3.2 0 -7
3 29 -3.5 0 -6.1 -3.2 0 -7 -2.8 0 -6.5
4 29 -2.5 0 -6.2 -1.9 0 -6 -1.9 0 -5.8 -2.8 0 -6
3 29 -2.6 0 -5.7 -2.8 0 -6 -1.9 0 -5.8
4 29 -7.5 0 -5.1 -6.4 0 -4.4 -6.8 0 -4.4 -7.4 0 -4.7
4 29 -5.3 0 -5 -5.6 0 -4.8 -5.6 0 -5.3 -5.1 0 -5.5
3 29 -5.6 0 -5.3 -5.2 0 -5.8 -5.1 0 -5.5
3 16 -10.4 0 -2.7 -10.4 0 -3.5 -9.8 0 -2.8
4 16 -2.8 0 -6.5 -2.5 0 -6.2 -2.8 0 -6 -3.5 0 -6.1
4 16 -3.6 0 -5.6 -3.5 0 -6.1 -2.8 0 -6 -2.6 0 -5.7
4 16 -3.5 0 -5.1 -3.6 0 -5.6 -2.6 0 -5.7 -2.9 0 -4.8
4 16 -2.1 0 -4.8 -2.9 0 -4.8 -2.6 0 -5.7 -1.8 0 -5.2
3 16 -1.8 0 -5.2 -2.6 0 -5.7 -1.9 0 -5.8
4 16 0.3 0 -6.4 -0.2 0 -6.3 -0.2 0 -6.8 1 0 -6.6
4 16 0.8 0 -6.2 0.3 0 -6.4 1 0 -6.6 1.6 0 -6.1
4 16 0.9 0 -5.5 0.8 0 -6.2 1.6 0 -6.1 1.7 0 -5.4
4 16 0.9 0 -5.5 1.7 0 -5.4 1.4 0 -5 0.9 0 -4.7
4 16 0.9 0 -5.5 0.9 0 -4.7 0.2 0 -4.9 0.5 0 -5.8
4 16 0.5 0 -5.8 0.2 0 -4.9 -0.1 0 -5.2 0.1 0 -5.9
3 16 -0.1 0 -5.2 -0.2 0 -5.6 0.1 0 -5.9
4 16 4.8 0 -5 4.3 0 -5 4 0 -5.3 5.1 0 -5.3
4 16 5.1 0 -5.3 4 0 -5.3 4 0 -5.8 5.1 0 -5.7
4 16 5.1 0 -5.7 4 0 -5.8 4.3 0 -6.1 4.8 0 -6.1
4 16 8 0 -2.9 8.5 0 -3.8 9.4 0 -3.3 9.4 0 -2.7
4 16 -6.8 0 -4.4 -8.6 0 -3.1 -8.2 0 -3.9 -7.4 0 -4.7
4 16 -7.4 0 -4.7 -8.2 0 -3.9 -8.1 0 -4.5 -7.8 0 -5.1
3 16 -7.4 0 -4.7 -7.8 0 -5.1 -7.5 0 -5.1
4 16 -8.6 0 -3.1 -6.8 0 -4.4 -6.4 0 -4.4 -6 0 -4.1
3 16 -8.6 0 -3.1 -6 0 -4.1 -5.3 0 -3.5
4 16 -5.3 0 -3.5 -6 0 -4.1 -5.6 0 -4.5 -3.7 0 -4.5
4 16 -4.1 0 -5.1 -3.7 0 -4.5 -5.6 0 -4.5 -5.3 0 -5
3 16 -5.6 0 -4.5 -5.6 0 -4.8 -5.3 0 -5
4 16 -4.1 0 -5.1 -5.3 0 -5 -5.1 0 -5.5 -4.2 0 -5.7
4 16 -4.2 0 -5.7 -5.1 0 -5.5 -5.2 0 -5.8 -4.1 0 -6.4
3 16 -5.3 0 -3.5 -3.7 0 -4.5 -2.9 0 -4.2
4 16 -5.3 0 -3.5 -2.9 0 -4.2 -2.2 0 -4.2 0 0 -3.6
4 16 0 0 -3.6 -2.2 0 -4.2 -1.6 0 -4.4 0.2 0 -4.3
3 16 0.2 0 -4.3 -1.6 0 -4.4 -0.4 0 -4.6
4 16 -0.7 0 -5 -0.4 0 -4.6 -1.6 0 -4.4 -1.1 0 -5.1
4 16 -0.8 0 -5.8 -0.7 0 -5 -1.1 0 -5.1 -1.2 0 -5.8
4 16 0 0 -3.6 0.2 0 -4.3 0.9 0 -4.2 3.9 0 -3.5
4 16 3.9 0 -4.5 3.9 0 -3.5 0.9 0 -4.2 1.8 0 -4.5
4 16 3.5 0 -4.8 3.9 0 -4.5 1.8 0 -4.5 2.3 0 -5
4 16 3.3 0 -5.4 3.5 0 -4.8 2.3 0 -5 2.5 0 -5.8
4 16 3.4 0 -6.2 3.3 0 -5.4 2.5 0 -5.8 2.3 0 -6.5
4 16 3.9 0 -6.6 3.4 0 -6.2 2.3 0 -6.5 1.7 0 -7.1
4 16 4.8 0 -7.9 3.9 0 -6.6 1.7 0 -7.1 1.8 0 -8.1
4 16 1.8 0 -8.1 1.7 0 -7.1 0.9 0 -7.6 1 0 -7.9
3 16 0.9 0 -7.6 0.1 0 -7.8 1 0 -7.9
4 16 4.5 0 -6.8 3.9 0 -6.6 4.8 0 -7.9 5.6 0 -7.7
4 16 5.2 0 -6.6 4.5 0 -6.8 5.6 0 -7.7 9.4 0 -6.9
4 16 5.6 0 -6.2 5.2 0 -6.6 9.4 0 -6.9 8.6 0 -5.7
3 16 8.6 0 -5.7 9.4 0 -6.9 9.4 0 -5.8
4 16 5.6 0 -6.2 8.6 0 -5.7 7.5 0 -5.2 5.8 0 -5.6
3 16 7.9 0 -4.9 7.5 0 -5.2 8.6 0 -5.7
4 16 7.9 0 -4.9 8.6 0 -5.7 8.1 0 -4.4 7.9 0 -4.4
4 16 5.8 0 -5.6 7.5 0 -5.2 6.5 0 -4.4 5.6 0 -4.9
4 16 5.6 0 -4.9 6.5 0 -4.4 5.8 0 -3.5 5.5 0 -3.3
4 16 5.2 0 -4.5 5.6 0 -4.9 5.5 0 -3.3 5.2 0 -3.5
3 16 5.2 0 -3.5 4.6 0 -4.4 5.2 0 -4.5
4 16 -12.4 0 -5.2 -11.6 0 -5 -11.1 0 -4.4 -11.1 0 -1.8
4 16 -11.8 0 -5.7 -11.6 0 -5 -12.4 0 -5.2 -12.3 0 -5.7
3 16 -11.8 0 -5.7 -12.3 0 -5.7 -12.2 0 -5.9
4 16 -12.4 0 -1.1 -12.4 0 -5.2 -11.1 0 -1.8 -12.3 0 -0.5
4 16 -9.5 0 -1 -12.3 0 -0.5 -11.1 0 -1.8 -9.1 0 -2.2
4 16 -5.1 0 -1.6 -9.5 0 -1 -9.1 0 -2.2 -5.5 0 -2.8
4 16 0 0 -1.8 -5.1 0 -1.6 -5.5 0 -2.8 0 0 -3
4 16 0 0 -1.8 0 0 -3 3.8 0 -2.8 3.7 0 -2.2
3 16 3.7 0 -1.6 0 0 -1.8 3.7 0 -2.2
4 26 6.4 0 -10.2 6.3 0 -10.8 6.8 0 -10.8 7.9 0 -10.3
4 26 8 0 -10 6.4 0 -10.2 7.9 0 -10.3 9 0 -10.3
4 26 9.8 0 -9.6 8 0 -10 9 0 -10.3 10.1 0 -10.5
4 26 10.6 0 -9.3 9.8 0 -9.6 10.1 0 -10.5 11.6 0 -9.2
4 26 11.4 0 -10.5 11.6 0 -9.2 10.1 0 -10.5 10.6 0 -10.9
4 26 11.1 0 -11.1 11.4 0 -10.5 10.6 0 -10.9 10.5 0 -11.3
3 26 -10.9 0 2.6 -11.5 0 1.4 -10.1 0 2.2
4 26 -9.1 0 1.9 -10.1 0 2.2 -11.5 0 1.4 -12.2 0 0.3
4 26 -9.1 0 1.9 -12.2 0 0.3 -10 0 -0.2 -8.5 0 2
4 26 -8.5 0 2 -10 0 -0.2 -4.9 0 1.6 -5.4 0 2.1
4 26 -8.3 0 2.5 -8.5 0 2 -5.4 0 2.1 -7.5 0 2.7
3 26 -7.5 0 2.7 -5.4 0 2.1 -6.4 0 2.5
4 26 -4.9 0 1.6 -10 0 -0.2 -5.9 0 -0.7 -3.1 0 1.6
4 26 -3.1 0 1.6 -5.9 0 -0.7 0 0 -1 1.4 0 1.9
4 26 -3.1 0 1.6 1.4 0 1.9 1.1 0 2.2 -2.6 0 2
4 26 -2.6 0 2 1.1 0 2.2 0.6 0 2.7 -1.9 0 2.6
3 26 -0.7 0 2.8 -1.9 0 2.6 0.6 0 2.7
4 26 2.1 0 1.7 1.4 0 1.9 0 0 -1 3.5 0 -0.8
4 26 2.1 0 1.7 3.5 0 -0.8 3.9 0 -0.6 3.1 0 1.6
3 26 3.9 0 1.8 3.1 0 1.6 3.9 0 -0.6
4 26 3.9 0 1.8 3.9 0 -0.6 4.6 0 2 4.5 0 2.3
4 26 9.9 0 2 7.1 0 1.9 7.1 0 0.7 10.9 0 0.4
4 26 9.1 0 -0.1 10.9 0 0.4 7.1 0 0.7 7.4 0 -0.5
4 16 7.4 0 -1.2 7.5 0 -1.8 7.8 0 -2.3 9.4 0 -0.8
4 16 9.4 0 -0.8 7.8 0 -2.3 9.9 0 -1.9 10.9 0 -0.4
4 16 11.3 0 -1 10.9 0 -0.4 9.9 0 -1.9 10.1 0 -2.2
4 16 11.4 0 -2.3 11.3 0 -1 10.1 0 -2.2 10.1 0 -3.6
4 16 11.4 0 -7.4 11.4 0 -2.3 10.1 0 -3.6 10.1 0 -6
3 16 10.1 0 -3.6 9.8 0 -5.5 10.1 0 -6
4 16 9.8 0 -5.5 10.1 0 -3.6 9 0 -4.3 8.9 0 -4.9
4 16 11.4 0 -7.4 10.1 0 -6 10.2 0 -7.3 11.2 0 -8.2
4 16 10.7 0 -8.6 11.2 0 -8.2 10.2 0 -7.3 9.9 0 -7.6
4 16 9.4 0 -8.8 10.7 0 -8.6 9.9 0 -7.6 6.2 0 -8.3
4 16 7.9 0 -9.3 9.4 0 -8.8 6.2 0 -8.3 6.7 0 -9.4
4 4 -9.8 0 7 -10.6 0 6.3 -9 0 5.8 -7.5 0 6.7
4 4 -8.8 0 3.6 -7.5 0 6.7 -9 0 5.8 -10.2 0 4.1
3 4 -10.2 0 4.1 -9.2 0 3.3 -8.8 0 3.6
3 4 -7.2 0 6.6 -7.3 0 6.4 -6.4 0 6.5
3 4 -4 0 6.6 -7.2 0 6.6 -6.4 0 6.5
3 4 -4 0 6.6 -6.4 0 6.5 -5.4 0 6.3
4 4 -4.1 0 5.2 -4 0 6.6 -5.4 0 6.3 -5.2 0 5.8
4 4 -4.4 0 3.7 -4.1 0 5.2 -5.2 0 5.8 -6 0 3.7
3 4 -4.4 0 3.7 -6 0 3.7 -4.7 0 2.9
4 4 -4.2 0 3.4 -4.5 0 2.7 -4.1 0 2.4 -3.4 0 2.6
3 4 -3.7 0 3.4 -4.2 0 3.4 -3.4 0 2.6
3 4 -3 0 4.1 -3.7 0 3.4 -3.4 0 2.6
4 4 -2.5 0 4.3 -2.6 0 3.9 -2.3 0 3.4 -1.3 0 3.7
4 4 -1.8 0 4.7 -2.5 0 4.3 -1.3 0 3.7 -0.3 0 4.8
3 4 -0.3 0 4.8 -1.3 0 3.7 -0.2 0 3.9
4 4 -0.3 0 4.8 -0.2 0 3.9 0.6 0 3.9 1.3 0 4.5
4 4 1.3 0 3.8 1.3 0 4.5 0.6 0 3.9 1 0 3.6
4 4 -0.3 0 4.8 1.3 0 4.5 1 0 5.4 -0.4 0 6.4
3 4 1 0 6.5 -0.4 0 6.4 1 0 5.4
4 4 2.3 0 3.1 1.9 0 3.8 2.1 0 3 2.4 0 2.5
4 4 2.3 0 3.1 2.4 0 2.5 2.8 0 2.4 3 0 2.6
3 4 2.7 0 3.2 2.3 0 3.1 3 0 2.6
3 4 2.9 0 3.5 2.7 0 3.2 3 0 2.6
4 4 3.8 0 4.4 3.3 0 3.8 3.4 0 3.1 3.7 0 3
4 4 3.8 0 4.4 3.7 0 3 4.4 0 3.4 5 0 4.1
4 4 3.8 0 4.4 5 0 4.1 5.2 0 5 3.4 0 5.9
3 4 4 0 5.9 3.4 0 5.9 5.2 0 5
4 4 4 0 5.9 5.2 0 5 5.1 0 6 4.8 0 6.4
4 4 -9.3 0 11.5 -9.4 0 10.8 -9.1 0 10.9 -8.8 0 11.9
4 4 -8.1 0 11.7 -8.8 0 11.9 -9.1 0 10.9 -8.3 0 9.2
3 4 -8.1 0 11.7 -8.3 0 9.2 -6.5 0 10.2
4 4 -6.5 0 10.2 -8.3 0 9.2 -4.7 0 8.9 -4.4 0 9.4
4 4 -5.3 0 11 -6.5 0 10.2 -4.4 0 9.4 -2.7 0 10.9
4 4 -3.9 0 11.4 -5.3 0 11 -2.7 0 10.9 -2.3 0 11.7
4 4 -3.9 0 11.4 -2.3 0 11.7 -4 0 12.2 -4.4 0 11.7
4 4 -8.8 0 11.9 -8.1 0 11.7 -6.7 0 11.9 -7.1 0 12.1
4 4 -1 0 11.6 -2.3 0 11.7 -2.7 0 10.9 -1.1 0 8.8
4 4 0 0 11.2 -1 0 11.6 -1.1 0 8.8 0.8 0 10.4
4 4 0.8 0 10.4 -1.1 0 8.8 2.8 0 8.8 3.6 0 10.3
4 4 1.7 0 11.1 0.8 0 10.4 3.6 0 10.3 2.4 0 11.4
4 4 2.4 0 11.4 3.6 0 10.3 4.5 0 11.3 3.4 0 11.6
4 4 3.4 0 11.6 4.5 0 11.3 5.1 0 11.8 2.9 0 12.2
4 4 1.2 0 12 3.4 0 11.6 2.9 0 12.2 0.7 0 12.2
4 4 -1 0 11.6 1.2 0 12 0.7 0 12.2 -2.3 0 11.7
4 4 -7.1 0 12.1 -6.7 0 11.9 -5.5 0 12 -4 0 12.2
3 4 -4 0 12.2 -5.5 0 12 -4.4 0 11.7
4 4 6.1 0 11.6 5.1 0 11.8 4.5 0 11.3 5.3 0 10.6
4 4 6.7 0 11.2 6.1 0 11.6 5.3 0 10.6 5.6 0 10.2
4 4 6 0 12 5.1 0 11.8 6.1 0 11.6 6.6 0 11.9
3 4 6.6 0 11.9 6.1 0 11.6 6.9 0 11.7
4 16 -10.2 0 4.1 -9 0 5.8 -10.6 0 6.3 -12.1 0 5.1
3 16 -12.1 0 5.1 -11.8 0 4.7 -10.2 0 4.1
3 16 -12.1 0 5.1 -12.2 0 4.8 -11.8 0 4.7
4 16 -6.4 0 6.5 -7.3 0 6.4 -8.2 0 4.3 -7.9 0 3.9
4 16 -6.4 0 6.5 -7.9 0 3.9 -6.5 0 3.8 -5.4 0 6.3
4 16 -5.2 0 5.8 -5.4 0 6.3 -6.5 0 3.8 -6 0 3.7
4 16 -4 0 6.6 -4.1 0 5.2 -3.9 0 5.2 -2.6 0 6.5
4 16 -3 0 4.1 -2.6 0 6.5 -3.9 0 5.2 -4 0 4
4 16 -3.7 0 3.4 -3 0 4.1 -4 0 4 -4.2 0 3.4
4 16 -2.2 0 6.5 -2.5 0 4.3 -1.8 0 4.7 -0.4 0 6.4
3 16 -0.4 0 6.4 -1.8 0 4.7 -0.3 0 4.8
4 16 3 0 6.1 2.8 0 6.5 1.3 0 6.5 2.5 0 5.5
4 16 3 0 6.1 2.5 0 5.5 2.7 0 5.5 3.4 0 5.9
4 16 3.8 0 4.4 3.4 0 5.9 2.7 0 5.5 2.9 0 4.8
3 16 2.9 0 4.8 3.3 0 3.8 3.8 0 4.4
4 16 2.5 0 5.5 1.3 0 6.5 1.4 0 5.3 2.6 0 4.4
4 16 2.6 0 4.4 1.4 0 5.3 1.8 0 4.3 2.9 0 3.5
4 16 2.9 0 3.5 1.8 0 4.3 1.9 0 3.8 2.7 0 3.2
3 16 1.9 0 3.8 2.3 0 3.1 2.7 0 3.2
4 16 6.4 0 7.4 5.8 0 8 5.5 0 8 5.4 0 7.3
4 16 6.4 0 7.4 5.4 0 7.3 5.4 0 6.8 5.8 0 6.1
4 16 6.7 0 6.2 6.4 0 7.4 5.8 0 6.1 5.9 0 5
4 16 6.8 0 4.8 6.7 0 6.2 5.9 0 5 5.7 0 3.7
4 16 6.5 0 2.9 6.8 0 4.8 5.7 0 3.7 5.4 0 2.3
4 16 6.3 0 0.6 6.5 0 2.9 5.4 0 2.3 4.9 0 0.5
4 16 6.5 0 -0.7 6.3 0 0.6 4.9 0 0.5 4.7 0 -1
4 16 5.6 0 -1.7 6.5 0 -0.7 4.7 0 -1 5.2 0 -1.9
4 16 5.2 0 -1.9 4.7 0 -1 4.7 0 -2 4.8 0 -2.3
4 16 6.5 0 -0.7 5.6 0 -1.7 6.1 0 -1.9 6.7 0 -1.6
3 16 6.7 0 -1.6 6.1 0 -1.9 6.5 0 -2.1
4 4 9.8 0 5.2 9.5 0 5.7 9.1 0 5.4 9.4 0 4.8
3 4 9.8 0 5.2 9.4 0 4.8 9.7 0 4.6
3 16 7.8 0 5.7 7.8 0 4.2 8.4 0 4.5
4 16 9 0 3.7 8.4 0 4.5 7.8 0 4.2 8.3 0 3.4
4 16 9.7 0 3.5 9 0 3.7 8.3 0 3.4 9.1 0 2.8
4 16 9.7 0 3.5 9.1 0 2.8 9.9 0 2.7 10.4 0 2.9
4 16 10.3 0 3.6 9.7 0 3.5 10.4 0 2.9 10.9 0 3.4
4 16 10.7 0 4.2 10.3 0 3.6 10.9 0 3.4 11.3 0 4.1
4 16 10.7 0 5.4 10.7 0 4.2 11.3 0 4.1 11.4 0 5.7
4 16 10.3 0 6.3 10.7 0 5.4 11.4 0 5.7 10.9 0 6.8
4 16 9.6 0 7.1 10.3 0 6.3 10.9 0 6.8 10.1 0 7.8
4 16 8.8 0 7.7 9.6 0 7.1 10.1 0 7.8 9.1 0 8.6
4 16 8 0 8.1 8.8 0 7.7 9.1 0 8.6 8.2 0 9
4 16 8 0 8.1 8.2 0 9 7.1 0 9 7.1 0 8.1
4 16 6.7 0 8.6 7.1 0 8.1 7.1 0 9 6.6 0 8.9
4 16 10.4 0 9.4 9.9 0 8.9 10.5 0 8.6 11.6 0 9.8
4 16 10.4 0 9.4 11.6 0 9.8 11.6 0 10.6 10.3 0 10.1
4 16 10.3 0 10.1 11.6 0 10.6 11.2 0 11.1 9.9 0 10.6
4 16 9.9 0 10.6 11.2 0 11.1 10.6 0 11.6 9.9 0 11.8
4 16 9.4 0 10.8 9.9 0 10.6 9.9 0 11.8 9.1 0 11.8
4 16 8.8 0 10.7 9.4 0 10.8 9.1 0 11.8 8.3 0 11.6
4 16 8.1 0 10.6 8.8 0 10.7 8.3 0 11.6 7.6 0 11.1
4 16 7.1 0 9.7 8.1 0 10.6 7.6 0 11.1 6.6 0 10.2
4 16 6.8 0 9.5 7.1 0 9.7 6.6 0 10.2 6.4 0 9.8
4 16 4.7 0 7.6 4.7 0 8.8 3.9 0 8.8 4.2 0 7.1
4 16 4.2 0 7.1 3.9 0 8.8 3.3 0 8.5 3.8 0 6.9
4 16 3.6 0 7.2 3.8 0 6.9 3.3 0 8.5 3.4 0 7.7
4 16 2.3 0 7.4 2.8 0 8 0 0 8 0 0 7.2
4 16 -4.6 0 7.3 0 0 7.2 0 0 8 -4.6 0 8.1
4 16 -8.8 0 7.6 -4.6 0 7.3 -4.6 0 8.1 -8.8 0 8.5
4 16 -9.2 0 7.7 -8.8 0 7.6 -8.8 0 8.5 -9.4 0 8.6
3 16 -9.4 0 8.6 -9.4 0 7.9 -9.2 0 7.7
4 16 -9.1 0 10.9 -9.4 0 10.8 -9.4 0 10 -9.1 0 9.4
3 16 -9.1 0 10.9 -9.1 0 9.4 -8.3 0 9.2
4 16 -6.7 0 11.9 -8.1 0 11.7 -6.5 0 10.2 -5.3 0 11
4 16 -5.5 0 12 -6.7 0 11.9 -5.3 0 11 -4.4 0 11.7
3 16 -4.4 0 11.7 -5.3 0 11 -3.9 0 11.4
4 16 -4.4 0 9.4 -4.7 0 8.9 -1.1 0 8.8 -2.7 0 10.9
3 16 0.7 0 12.2 -4 0 12.2 -2.3 0 11.7
4 16 1.2 0 12 -1 0 11.6 0 0 11.2 1.7 0 11.1
3 16 0 0 11.2 0.8 0 10.4 1.7 0 11.1
3 16 1.2 0 12 1.7 0 11.1 2.4 0 11.4
3 16 1.2 0 12 2.4 0 11.4 3.4 0 11.6
3 16 2.9 0 12.2 5.1 0 11.8 6 0 12
3 16 6.9 0 11.7 6.1 0 11.6 6.7 0 11.2
4 16 5.3 0 10.6 4.5 0 11.3 3.6 0 10.3 5 0 9.6
3 16 5.3 0 10.6 5 0 9.6 5.6 0 10.2
3 16 3.6 0 10.3 3.9 0 9.5 5 0 9.6
3 16 3.6 0 10.3 3.3 0 9.3 3.9 0 9.5
3 16 3.6 0 10.3 2.8 0 8.8 3.3 0 9.3
4 320 -9 0 12.5 -8.8 0 11.9 -7.1 0 12.1 -4 0 12.9
3 320 -4 0 12.9 -7.1 0 12.1 -4 0 12.2
4 320 -4 0 12.9 -4 0 12.2 .7 0 12.2 3.1 0 12.9
4 320 3.1 0 12.9 .7 0 12.2 2.9 0 12.2 5.2 0 12.8
4 320 5.2 0 12.8 2.9 0 12.2 6 0 12 6.9 0 12.6
4 320 6.9 0 12.6 6 0 12 6.6 0 11.9 7.5 0 12.3
4 320 7.5 0 12.3 6.6 0 11.9 6.9 0 11.7 7.9 0 12
4 320 7.9 0 12 6.9 0 11.7 7.6 0 11.1 8.3 0 11.6
4 320 8.7 0 12.4 7.9 0 12 8.3 0 11.6 9.1 0 11.8
4 320 9.7 0 12.5 8.7 0 12.4 9.1 0 11.8 9.9 0 11.8
4 320 10.6 0 12.3 9.7 0 12.5 9.9 0 11.8 10.6 0 11.6
4 320 11.4 0 11.8 10.6 0 12.3 10.6 0 11.6 11.2 0 11.1
4 320 12.2 0 11.2 11.4 0 11.8 11.2 0 11.1 11.6 0 10.6
4 320 12.6 0 10.4 12.2 0 11.2 11.6 0 10.6 11.6 0 9.8
4 320 12.4 0 9.5 12.6 0 10.4 11.6 0 9.8 11.7 0 8.5
4 320 11.7 0 8.5 11.6 0 9.8 10.5 0 8.6 11 0 7.8
4 320 11 0 7.8 10.5 0 8.6 10.1 0 7.8 10.9 0 6.8
4 320 11.9 0 6.7 11 0 7.8 10.9 0 6.8 11.4 0 5.7
4 320 12.2 0 5.9 11.9 0 6.7 11.4 0 5.7 12.2 0 4.4
4 320 12.2 0 4.4 11.4 0 5.7 11.3 0 4.1 12 0 3.4
4 320 12 0 3.4 11.3 0 4.1 10.9 0 3.4 11.7 0 2.6
4 320 11.1 0 2.2 11.7 0 2.6 10.9 0 3.4 10.4 0 2.9
4 320 10.6 0 2.2 11.1 0 2.2 10.4 0 2.9 9.9 0 2.7
4 320 10.6 0 2.2 9.9 0 2.7 9.9 0 2 11.4 0 1
4 320 11.4 0 1 9.9 0 2 10.9 0 .4 12.2 0 -.3
4 320 12.2 0 -.3 10.9 0 .4 10.9 0 -.4 11.3 0 -1
4 320 12.2 0 -.3 11.3 0 -1 11.4 0 -2.3 12.5 0 -2.1
4 320 12.5 0 -2.1 11.4 0 -2.3 11.4 0 -7.4 12.6 0 -7.4
4 320 12.6 0 -7.4 11.4 0 -7.4 11.2 0 -8.2 11.6 0 -9.2
4 320 12.3 0 -10.6 12.6 0 -7.4 11.6 0 -9.2 11.4 0 -10.5
4 320 11.9 0 -11.5 12.3 0 -10.6 11.4 0 -10.5 11.1 0 -11.1
4 320 11.4 0 -11.9 11.9 0 -11.5 11.1 0 -11.1 10.5 0 -11.3
4 320 9.9 0 -12.3 11.4 0 -11.9 10.5 0 -11.3 9.1 0 -12
4 320 9.9 0 -12.3 9.1 0 -12 8.6 0 -12.6 9.1 0 -13.2
4 320 9.1 0 -13.2 8.6 0 -12.6 8.1 0 -13.3 8.5 0 -13.9
4 320 9.6 0 -13.7 9.1 0 -13.2 8.5 0 -13.9 9.6 0 -14.3
4 320 9.6 0 -14.3 8.5 0 -13.9 8.1 0 -14.3 9.8 0 -14.6
4 320 9.7 0 -14.9 9.8 0 -14.6 8.1 0 -14.3 8.5 0 -14.9
4 320 8.5 0 -14.9 8.1 0 -14.3 7 0 -14.6 7 0 -15.3
4 320 7 0 -15.3 7 0 -14.6 5.9 0 -14.7 5.5 0 -15.4
4 320 5.5 0 -15.4 5.9 0 -14.7 4.9 0 -14.1 4.8 0 -15.3
3 320 4.9 0 -14.1 4.2 0 -14.8 4.8 0 -15.3
4 320 4.2 0 -14.8 4.9 0 -14.1 3.3 0 -14.1 2.5 0 -15.4
4 320 2.5 0 -15.4 3.3 0 -14.1 1.6 0 -14.8 .6 0 -16
4 320 .6 0 -16 1.6 0 -14.8 0 0 -15 -.5 0 -16.1
4 320 -.5 0 -16.1 0 0 -15 -1.5 0 -14.9 -1.6 0 -16
4 320 -1.6 0 -16 -1.5 0 -14.9 -2.8 0 -14.4 -2.9 0 -15.6
4 320 -3.8 0 -15 -2.9 0 -15.6 -2.8 0 -14.4 -4.3 0 -14.1
4 320 -3.8 0 -15 -4.3 0 -14.1 -4.7 0 -14.7 -4.7 0 -15.6
4 320 -4.7 0 -15.6 -4.7 0 -14.7 -5.7 0 -15.1 -6.4 0 -16.1
4 320 -6.4 0 -16.1 -5.7 0 -15.1 -7.6 0 -15.3 -8.6 0 -16.2
4 320 -8.6 0 -16.2 -7.6 0 -15.3 -9.6 0 -15.3 -10.5 0 -16.1
4 320 -10.5 0 -16.1 -9.6 0 -15.3 -10.8 0 -14.9 -11.8 0 -15.6
4 320 -11.8 0 -15.6 -10.8 0 -14.9 -11.9 0 -14.2 -12.7 0 -14.9
4 320 -12.7 0 -14.9 -11.9 0 -14.2 -12.6 0 -13.5 -13.5 0 -13.8
4 320 -13.5 0 -13.8 -12.6 0 -13.5 -12.9 0 -12.7 -13.9 0 -12.4
4 320 -13.9 0 -12.4 -12.9 0 -12.7 -12.9 0 -12.2 -13.9 0 -11.9
3 320 -13.9 0 -11.9 -14.3 0 -12.5 -13.9 0 -12.4
4 320 -13.9 0 -11.9 -12.9 0 -12.2 -13.1 0 -11.5 -13.9 0 -10.9
4 320 -13.9 0 -10.9 -13.1 0 -11.5 -12.9 0 -10.6 -13.8 0 -10.1
4 320 -13.8 0 -10.1 -12.9 0 -10.6 -12.6 0 -9.7 -13.7 0 -8.9
4 320 -14.8 0 -9.8 -13.8 0 -10.1 -13.7 0 -8.9 -14.3 0 -8.5
4 320 -15.4 0 -9.4 -14.8 0 -9.8 -14.3 0 -8.5 -15.4 0 -9.1
4 320 -15.4 0 -9.1 -14.3 0 -8.5 -14.7 0 -7.4 -15.8 0 -8.8
3 320 -15.8 0 -8.8 -15.8 0 -9.1 -15.4 0 -9.1
4 320 -14.7 0 -7.4 -14.3 0 -8.5 -13.7 0 -7.7 -13.5 0 -6.4
4 320 -13.5 0 -6.4 -13.7 0 -7.7 -12.5 0 -7 -12.2 0 -5.9
3 320 -12.3 0 -5.7 -13.5 0 -6.4 -12.2 0 -5.9
4 320 -13.5 0 -6.4 -12.3 0 -5.7 -12.4 0 -5.2 -13.5 0 -1.3
4 320 -13.5 0 -1.3 -12.4 0 -5.2 -12.4 0 -1.1 -13.4 0 -.4
4 320 -13.4 0 -.4 -12.4 0 -1.1 -12.3 0 -.5 -12.2 0 .3
4 320 -13.1 0 .4 -13.4 0 -.4 -12.2 0 .3 -11.5 0 1.4
4 320 -12.3 0 1.4 -13.1 0 .4 -11.5 0 1.4 -10.9 0 2.6
4 320 -11.5 0 2.8 -12.3 0 1.4 -10.9 0 2.6 -10.2 0 4.1
4 320 -11.6 0 3 -11.5 0 2.8 -10.2 0 4.1 -11.8 0 4.7
4 320 -11.9 0 3.1 -11.6 0 3 -11.8 0 4.7 -12.2 0 4.8
4 320 -12.4 0 2.9 -11.9 0 3.1 -12.2 0 4.8 -12.9 0 2.9
4 320 -13.5 0 3.5 -12.9 0 2.9 -12.2 0 4.8 -13.6 0 4.4
4 320 -13.4 0 5 -13.6 0 4.4 -12.2 0 4.8 -12.1 0 5.1
4 320 -12.9 0 5.3 -13.4 0 5 -12.1 0 5.1 -10.6 0 6.3
4 320 -10.2 0 7.4 -12.9 0 5.3 -10.6 0 6.3 -9.8 0 7
4 320 -10.2 0 7.4 -9.8 0 7 -9.4 0 7.9 -9.4 0 8.6
4 320 -10.3 0 9.4 -10.2 0 7.4 -9.4 0 8.6 -9.1 0 9.4
4 320 -10.3 0 9.4 -9.1 0 9.4 -9.4 0 10 -10.1 0 10.7
4 320 -10.1 0 10.7 -9.4 0 10 -9.4 0 10.8 -9.7 0 11.8
3 320 -9.7 0 11.8 -9.4 0 10.8 -9.3 0 11.5
4 320 -9 0 12.5 -9.7 0 11.8 -9.3 0 11.5 -8.8 0 11.9
4 320 -9.1 0 9.4 -9.4 0 8.6 -8.8 0 8.5 -8.3 0 9.2
4 320 -8.3 0 9.2 -8.8 0 8.5 -4.6 0 8.1 -4.7 0 8.9
4 320 -1.1 0 8.8 -4.7 0 8.9 -4.6 0 8.1 0 0 8
4 320 2.8 0 8.8 -1.1 0 8.8 0 0 8 2.8 0 8
4 320 2.8 0 8.8 2.8 0 8 3.3 0 8.5 3.3 0 9.3
4 320 3.3 0 9.3 3.3 0 8.5 3.9 0 8.8 3.9 0 9.5
4 320 3.9 0 9.5 3.9 0 8.8 4.7 0 8.8 5 0 9.6
4 320 5 0 9.6 4.7 0 8.8 5.5 0 8 5.8 0 8
4 320 5 0 9.6 5.8 0 8 6.6 0 8.9 6.4 0 9.8
4 320 5.6 0 10.2 5 0 9.6 6.4 0 9.8 6.6 0 10.2
4 320 6.7 0 11.2 5.6 0 10.2 6.6 0 10.2 7.6 0 11.1
3 320 6.9 0 11.7 6.7 0 11.2 7.6 0 11.1
4 320 6.8 0 9.5 6.4 0 9.8 6.6 0 8.9 7.1 0 9
4 320 7.1 0 9.7 6.8 0 9.5 7.1 0 9 8.3 0 9.7
4 320 8.1 0 10.6 7.1 0 9.7 8.3 0 9.7 8.9 0 10
3 320 8.8 0 10.7 8.1 0 10.6 8.9 0 10
4 320 9.4 0 10.8 8.8 0 10.7 8.9 0 10 9.4 0 10.1
4 320 9.9 0 10.6 9.4 0 10.8 9.4 0 10.1 10.3 0 10.1
4 320 10.3 0 10.1 9.4 0 10.1 9.5 0 9.8 10.4 0 9.4
4 320 10.4 0 9.4 9.5 0 9.8 9.1 0 9.5 9.9 0 8.9
4 320 9.9 0 8.9 9.1 0 9.5 9.1 0 8.6 10.1 0 7.8
3 320 9.9 0 8.9 10.1 0 7.8 10.5 0 8.6
4 320 8.2 0 9 9.1 0 8.6 9.1 0 9.5 8.3 0 9.7
3 320 8.3 0 9.7 7.1 0 9 8.2 0 9
4 29 8.9 0 10 8.3 0 9.7 9.1 0 9.5 9.5 0 9.8
3 29 9.4 0 10.1 8.9 0 10 9.5 0 9.8
4 16 9 0 6.5 8.3 0 6.8 9.1 0 5.4 9.5 0 5.7
4 320 6.7 0 8.6 6.6 0 8.9 5.8 0 8 6.4 0 7.4
4 320 7.1 0 8.1 6.7 0 8.6 6.4 0 7.4 6.7 0 6.2
4 320 7.1 0 8.1 6.7 0 6.2 8.3 0 6.8 8 0 8.1
4 320 8.8 0 7.7 8 0 8.1 8.3 0 6.8 9 0 6.5
4 320 9.6 0 7.1 8.8 0 7.7 9 0 6.5 10.3 0 6.3
4 320 10.3 0 6.3 9 0 6.5 9.5 0 5.7 10.7 0 5.4
4 320 10.7 0 5.4 9.5 0 5.7 9.8 0 5.2 10.7 0 4.2
4 320 10.7 0 4.2 9.8 0 5.2 9.7 0 4.6 10.3 0 3.6
4 320 9.7 0 3.5 10.3 0 3.6 9.7 0 4.6 9.4 0 4.8
4 320 9 0 3.7 9.7 0 3.5 9.4 0 4.8 8.4 0 4.5
4 320 8.4 0 4.5 9.4 0 4.8 9.1 0 5.4 7.8 0 5.7
4 320 7.8 0 5.7 9.1 0 5.4 8.3 0 6.8 6.7 0 6.2
4 320 7.8 0 5.7 6.7 0 6.2 6.8 0 4.8 7.8 0 4.2
4 320 7.8 0 4.2 6.8 0 4.8 6.5 0 2.9 8.3 0 3.4
4 320 8.3 0 3.4 6.5 0 2.9 7.1 0 1.9 9.1 0 2.8
4 320 9.1 0 2.8 7.1 0 1.9 9.9 0 2 9.9 0 2.7
4 320 7.1 0 .7 7.1 0 1.9 6.5 0 2.9 6.3 0 .6
4 320 7.4 0 -.5 7.1 0 .7 6.3 0 .6 6.5 0 -.7
4 320 7.4 0 -1.2 7.4 0 -.5 6.5 0 -.7 6.7 0 -1.6
4 320 9.1 0 -.1 7.4 0 -.5 7.4 0 -1.2 9.4 0 -.8
4 320 9.1 0 -.1 9.4 0 -.8 10.9 0 -.4 10.9 0 .4
4 320 7.5 0 -1.8 7.4 0 -1.2 6.7 0 -1.6 6.5 0 -2.1
4 320 7.8 0 -2.3 7.5 0 -1.8 6.5 0 -2.1 8 0 -2.9
4 320 8 0 -2.9 6.5 0 -2.1 7.9 0 -4.4 8.1 0 -4.4
4 320 8.5 0 -3.8 8 0 -2.9 8.1 0 -4.4 8.5 0 -4.2
4 320 7.9 0 -4.4 6.5 0 -2.1 6.5 0 -4.4 7.9 0 -4.9
3 320 6.5 0 -4.4 7.5 0 -5.2 7.9 0 -4.9
4 320 5.8 0 -3.5 6.5 0 -4.4 6.5 0 -2.1 6.1 0 -1.9
4 320 5.5 0 -3.3 5.8 0 -3.5 6.1 0 -1.9 5.6 0 -1.7
4 320 5.5 0 -3.3 5.6 0 -1.7 5.2 0 -1.9 5.2 0 -3.5
4 320 5.2 0 -3.5 5.2 0 -1.9 4.8 0 -2.3 4.6 0 -4.4
4 320 4.6 0 -4.4 4.8 0 -2.3 3.9 0 -4.5 4.1 0 -4.8
4 320 3.9 0 -3.5 3.9 0 -4.5 4.8 0 -2.3 4.7 0 -2
3 320 4.7 0 -2 3.9 0 -3 3.9 0 -3.5
4 320 3.8 0 -2.8 3.9 0 -3 4.7 0 -2 3.7 0 -2.2
4 320 3.7 0 -2.2 4.7 0 -2 4.7 0 -1 3.7 0 -1.6
4 320 3.7 0 -1.6 4.7 0 -1 3.9 0 -.6 3.5 0 -.8
4 320 3.7 0 -1.6 3.5 0 -.8 0 0 -1 0 0 -1.8
4 320 -5.1 0 -1.6 0 0 -1.8 0 0 -1 -5.9 0 -.7
4 320 -9.5 0 -1 -5.1 0 -1.6 -5.9 0 -.7 -10 0 -.2
4 320 -12.3 0 -.5 -9.5 0 -1 -10 0 -.2 -12.2 0 .3
4 320 3.9 0 -.6 4.7 0 -1 4.9 0 .5 4.6 0 2
3 320 5.4 0 2.3 4.6 0 2 4.9 0 .5
4 320 4.5 0 2.3 4.6 0 2 5.4 0 2.3 5.7 0 3.7
4 320 4.5 0 2.3 5.7 0 3.7 4.4 0 3.4 3.7 0 3
4 320 3.9 0 1.8 4.5 0 2.3 3.7 0 3 3.4 0 3.1
4 320 3 0 2.6 3.9 0 1.8 3.4 0 3.1 2.9 0 3.5
4 320 2.9 0 3.5 3.4 0 3.1 3.3 0 3.8 2.6 0 4.4
4 320 2.6 0 4.4 3.3 0 3.8 2.9 0 4.8 2.5 0 5.5
3 320 2.7 0 5.5 2.5 0 5.5 2.9 0 4.8
4 320 3.9 0 1.8 3 0 2.6 2.8 0 2.4 3.1 0 1.6
4 320 3.1 0 1.6 2.8 0 2.4 2.4 0 2.5 2.1 0 1.7
4 320 2.1 0 1.7 2.4 0 2.5 2.1 0 3 1.4 0 1.9
4 320 1.1 0 2.2 1.4 0 1.9 2.1 0 3 1 0 3.6
4 320 .6 0 2.7 1.1 0 2.2 1 0 3.6 .6 0 3.9
4 320 .6 0 2.7 .6 0 3.9 -.2 0 3.9 -.7 0 2.8
4 320 -.7 0 2.8 -.2 0 3.9 -1.3 0 3.7 -1.9 0 2.6
4 320 -1.9 0 2.6 -1.3 0 3.7 -2.3 0 3.4 -3.4 0 2.6
4 320 -2.6 0 2 -1.9 0 2.6 -3.4 0 2.6 -3.1 0 1.6
4 320 -3.1 0 1.6 -3.4 0 2.6 -4.1 0 2.4 -4.9 0 1.6
4 320 -4.9 0 1.6 -4.1 0 2.4 -4.5 0 2.7 -5.4 0 2.1
4 320 -4.7 0 2.9 -5.4 0 2.1 -4.5 0 2.7 -4.2 0 3.4
4 320 -4.4 0 3.7 -4.7 0 2.9 -4.2 0 3.4 -4 0 4
4 320 -4.1 0 5.2 -4.4 0 3.7 -4 0 4 -3.9 0 5.2
4 320 -6.4 0 2.5 -5.4 0 2.1 -4.7 0 2.9 -6 0 3.7
4 320 -6.4 0 2.5 -6 0 3.7 -6.5 0 3.8 -7.5 0 2.7
4 320 -7.5 0 2.7 -6.5 0 3.8 -7.9 0 3.9 -8.3 0 2.5
4 320 -8.3 0 2.5 -7.9 0 3.9 -8.8 0 3.6 -9.2 0 3.3
4 320 -8.5 0 2 -8.3 0 2.5 -9.2 0 3.3 -9.1 0 1.9
4 320 -10.1 0 2.2 -9.1 0 1.9 -9.2 0 3.3 -10.2 0 4.1
3 320 -10.2 0 4.1 -10.9 0 2.6 -10.1 0 2.2
3 320 -8.2 0 4.3 -8.8 0 3.6 -7.9 0 3.9
4 320 -7.5 0 6.7 -8.8 0 3.6 -8.2 0 4.3 -7.3 0 6.4
3 320 -7.5 0 6.7 -7.3 0 6.4 -7.2 0 6.6
4 320 -8.8 0 7.6 -7.5 0 6.7 -7.2 0 6.6 -4.6 0 7.3
4 320 -9.8 0 7 -7.5 0 6.7 -8.8 0 7.6 -9.2 0 7.7
3 320 -9.4 0 7.9 -9.8 0 7 -9.2 0 7.7
3 320 -4.6 0 7.3 -7.2 0 6.6 -4 0 6.6
4 320 -4.6 0 7.3 -4 0 6.6 -2.6 0 6.5 -2.2 0 6.5
4 320 -2.5 0 4.3 -2.2 0 6.5 -2.6 0 6.5 -3 0 4.1
3 320 -2.5 0 4.3 -3 0 4.1 -2.6 0 3.9
4 320 -2.3 0 3.4 -2.6 0 3.9 -3 0 4.1 -3.4 0 2.6
4 320 -4.6 0 7.3 -2.2 0 6.5 -.4 0 6.4 0 0 7.2
3 320 0 0 7.2 -.4 0 6.4 1 0 6.5
4 320 0 0 7.2 1 0 6.5 1.3 0 6.5 2.3 0 7.4
4 320 1.3 0 6.5 1 0 6.5 1 0 5.4 1.4 0 5.3
4 320 1.4 0 5.3 1 0 5.4 1.3 0 4.5 1.8 0 4.3
4 320 1.8 0 4.3 1.3 0 4.5 1.3 0 3.8 1.9 0 3.8
4 320 2.1 0 3 1.9 0 3.8 1.3 0 3.8 1 0 3.6
4 320 2.3 0 7.4 1.3 0 6.5 2.8 0 6.5 3.6 0 7.2
4 320 2.3 0 7.4 3.6 0 7.2 3.4 0 7.7 2.8 0 8
3 320 3.3 0 8.5 2.8 0 8 3.4 0 7.7
4 320 3.8 0 6.9 3.6 0 7.2 2.8 0 6.5 3 0 6.1
4 320 3.8 0 6.9 3 0 6.1 3.4 0 5.9 4 0 5.9
4 320 4.2 0 7.1 3.8 0 6.9 4 0 5.9 4.8 0 6.4
4 320 4.7 0 7.6 4.2 0 7.1 4.8 0 6.4 5.4 0 6.8
3 320 4.7 0 7.6 5.4 0 6.8 5.4 0 7.3
4 320 4.7 0 7.6 5.4 0 7.3 5.5 0 8 4.7 0 8.8
4 320 5.4 0 6.8 4.8 0 6.4 5.1 0 6 5.8 0 6.1
4 320 5.8 0 6.1 5.1 0 6 5.2 0 5 5.9 0 5
4 320 5.9 0 5 5.2 0 5 5 0 4.1 5.7 0 3.7
3 320 5 0 4.1 4.4 0 3.4 5.7 0 3.7
4 26 0 0 18 0 0 19 -3 0 18.9 -3 0 17.9
4 26 -3 0 17.9 -3 0 18.9 -7 0 18.4 -6.8 0 17.4
4 26 -6.8 0 17.4 -7 0 18.4 -10.2 0 17.5 -10 0 16.6
4 26 -10 0 16.6 -10.2 0 17.5 -12.5 0 16.4 -12.5 0 15.3
4 26 -12.5 0 15.3 -12.5 0 16.4 -13.2 0 15.9 -13.5 0 15.5
4 26 -12.8 0 14.5 -12.5 0 15.3 -13.5 0 15.5 -13.7 0 14.9
4 26 -13.6 0 13.4 -12.8 0 14.5 -13.7 0 14.9 -14.3 0 14
4 26 -14.9 0 12.5 -13.6 0 13.4 -14.3 0 14 -15.7 0 13.2
4 26 -16.2 0 12.1 -14.9 0 12.5 -15.7 0 13.2 -17.2 0 12.9
4 26 -16.2 0 8 -16.2 0 12.1 -17.2 0 12.9 -17.2 0 9
4 26 -18 0 8 -16.2 0 8 -17.2 0 9 -19 0 9
4 26 -18 0 -18 -18 0 8 -19 0 9 -19 0 -19
4 16 0 0 17 0 0 18 -3 0 17.9 -3 0 16.9
4 16 -3 0 16.9 -3 0 17.9 -6.8 0 17.4 -6.6 0 16.5
4 16 -6.6 0 16.5 -6.8 0 17.4 -10 0 16.6 -9.7 0 15.7
4 16 -11.1 0 15.2 -9.7 0 15.7 -10 0 16.6 -12.5 0 15.3
4 16 -11.6 0 14.7 -11.1 0 15.2 -12.5 0 15.3 -12.8 0 14.5
4 16 -12.1 0 13.6 -11.6 0 14.7 -12.8 0 14.5 -13.6 0 13.4
4 16 -13.1 0 12.5 -12.1 0 13.6 -13.6 0 13.4 -14.9 0 12.5
4 16 -15.2 0 11.4 -13.1 0 12.5 -14.9 0 12.5 -16.2 0 12.1
4 16 -15.2 0 11.4 -16.2 0 12.1 -16.2 0 8 -15.2 0 7
4 16 -17 0 7 -15.2 0 7 -16.2 0 8 -18 0 8
4 16 -17 0 -17 -17 0 7 -18 0 8 -18 0 -18
4 16 6.6 0 16.5 9.7 0 15.7 10 0 16.6 6.8 0 17.4
4 16 10 0 16.6 9.7 0 15.7 11.1 0 15.2 12.5 0 15.3
4 26 10.2 0 17.5 6.8 0 17.4 10 0 16.6 12.5 0 16.4
4 26 12.5 0 16.4 10 0 16.6 12.5 0 15.3 13.2 0 15.9
4 16 3 0 16.9 6.6 0 16.5 6.8 0 17.4 3 0 17.9
4 16 12.5 0 15.3 11.1 0 15.2 11.6 0 14.7 12.8 0 14.5
4 26 6.8 0 17.4 10.2 0 17.5 7 0 18.4 3 0 17.9
4 26 13.5 0 15.5 13.2 0 15.9 12.5 0 15.3 12.8 0 14.5
4 16 0 0 17 3 0 16.9 3 0 17.9 0 0 18
4 16 12.8 0 14.5 11.6 0 14.7 12.1 0 13.6 13.6 0 13.4
4 26 3 0 17.9 7 0 18.4 3 0 18.9 0 0 18
4 26 13.7 0 14.9 13.5 0 15.5 12.8 0 14.5 13.6 0 13.4
4 16 13.6 0 13.4 12.1 0 13.6 13.1 0 12.5 14.9 0 12.5
3 26 0 0 19 0 0 18 3 0 18.9
4 26 14.3 0 14 13.7 0 14.9 13.6 0 13.4 14.9 0 12.5
4 16 14.9 0 12.5 13.1 0 12.5 15.2 0 11.4 16.2 0 12.1
4 26 15.7 0 13.2 14.3 0 14 14.9 0 12.5 16.2 0 12.1
4 16 16.2 0 8 16.2 0 12.1 15.2 0 11.4 15.2 0 7
3 26 15.7 0 13.2 16.2 0 12.1 17.2 0 12.9
4 26 17.2 0 12.9 16.2 0 12.1 16.2 0 8 17.2 0 9
4 26 17.2 0 9 16.2 0 8 18 0 8 19 0 9
4 16 16.2 0 8 15.2 0 7 17 0 7 18 0 8
4 26 19 0 9 18 0 8 18 0 -18 19 0 -19
4 16 18 0 8 17 0 7 17 0 -17 18 0 -18
4 16 17 0 -17 -17 0 -17 -18 0 -18 18 0 -18
4 26 18 0 -18 -18 0 -18 -19 0 -19 19 0 -19
4 29 0 0 17 -4 0 12.9 3.1 0 12.9 3 0 16.9
4 29 3 0 16.9 3.1 0 12.9 5.2 0 12.8 6.6 0 16.5
4 29 6.6 0 16.5 5.2 0 12.8 6.9 0 12.6 9.7 0 15.7
4 29 9.7 0 15.7 6.9 0 12.6 7.5 0 12.3 8.7 0 12.4
3 29 8.7 0 12.4 7.5 0 12.3 7.9 0 12
4 29 9.7 0 15.7 8.7 0 12.4 9.7 0 12.5 11.1 0 15.2
4 29 11.1 0 15.2 9.7 0 12.5 10.6 0 12.3 11.6 0 14.7
4 29 12.1 0 13.6 11.6 0 14.7 10.6 0 12.3 11.4 0 11.8
4 29 13.1 0 12.5 12.1 0 13.6 11.4 0 11.8 12.2 0 11.2
4 29 15.2 0 11.4 13.1 0 12.5 12.2 0 11.2 12.6 0 10.4
4 29 15.2 0 7 15.2 0 11.4 12.6 0 10.4 12.4 0 9.5
4 29 11.9 0 6.7 15.2 0 7 12.4 0 9.5 11.7 0 8.5
3 29 11.7 0 8.5 11 0 7.8 11.9 0 6.7
3 29 15.2 0 7 11.9 0 6.7 12.2 0 5.9
3 29 15.2 0 7 12.2 0 5.9 12.2 0 4.4
4 29 15.2 0 7 12.2 0 4.4 12 0 3.4 17 0 7
4 29 12.2 0 -0.3 17 0 7 12 0 3.4 11.7 0 2.6
4 29 11.4 0 1 12.2 0 -0.3 11.7 0 2.6 11.1 0 2.2
3 29 11.1 0 2.2 10.6 0 2.2 11.4 0 1
3 29 17 0 7 12.2 0 -0.3 12.5 0 -2.1
4 29 17 0 7 12.5 0 -2.1 12.6 0 -7.4 17 0 -17
3 29 12.6 0 -7.4 12.3 0 -10.6 17 0 -17
3 29 12.3 0 -10.6 11.9 0 -11.5 17 0 -17
3 29 11.9 0 -11.5 11.4 0 -11.9 17 0 -17
4 29 17 0 -17 11.4 0 -11.9 9.9 0 -12.3 9.8 0 -14.6
4 29 9.6 0 -14.3 9.8 0 -14.6 9.9 0 -12.3 9.6 0 -13.7
3 29 9.9 0 -12.3 9.1 0 -13.2 9.6 0 -13.7
3 29 9.8 0 -14.6 9.7 0 -14.9 17 0 -17
4 29 17 0 -17 9.7 0 -14.9 8.5 0 -14.9 7 0 -15.3
4 29 17 0 -17 7 0 -15.3 5.5 0 -15.4 0.6 0 -16
4 29 0.6 0 -16 5.5 0 -15.4 4.8 0 -15.3 2.5 0 -15.4
3 29 4.2 0 -14.8 2.5 0 -15.4 4.8 0 -15.3
3 29 0.6 0 -16 -0.5 0 -16.1 17 0 -17
4 29 -17 0 -17 17 0 -17 -0.5 0 -16.1 -6.4 0 -16.1
3 29 -1.6 0 -16 -6.4 0 -16.1 -0.5 0 -16.1
4 29 -4.7 0 -15.6 -6.4 0 -16.1 -1.6 0 -16 -2.9 0 -15.6
3 29 -3.8 0 -15 -4.7 0 -15.6 -2.9 0 -15.6
3 29 -6.4 0 -16.1 -8.6 0 -16.2 -17 0 -17
3 29 -10.5 0 -16.1 -17 0 -17 -8.6 0 -16.2
3 29 -11.8 0 -15.6 -17 0 -17 -10.5 0 -16.1
3 29 -12.7 0 -14.9 -17 0 -17 -11.8 0 -15.6
3 29 -13.5 0 -13.8 -17 0 -17 -12.7 0 -14.9
4 29 -17 0 -17 -13.5 0 -13.8 -13.9 0 -12.4 -14.3 0 -12.5
4 29 -15.4 0 -9.4 -17 0 -17 -14.3 0 -12.5 -14.8 0 -9.8
4 29 -14.8 0 -9.8 -14.3 0 -12.5 -13.9 0 -11.9 -13.9 0 -10.9
3 29 -14.8 0 -9.8 -13.9 0 -10.9 -13.8 0 -10.1
4 29 -15.8 0 -9.1 -17 0 -17 -15.4 0 -9.4 -15.4 0 -9.1
4 29 -17 0 -17 -15.8 0 -9.1 -15.8 0 -8.8 -17 0 7
3 29 -17 0 7 -15.8 0 -8.8 -14.7 0 -7.4
4 29 -17 0 7 -14.7 0 -7.4 -13.5 0 -6.4 -13.5 0 -1.3
3 29 -17 0 7 -13.5 0 -1.3 -13.4 0 -0.4
4 29 -17 0 7 -13.4 0 -0.4 -13.1 0 0.4 -13.5 0 3.5
4 29 -12.9 0 2.9 -13.5 0 3.5 -13.1 0 0.4 -12.3 0 1.4
4 29 -12.4 0 2.9 -12.9 0 2.9 -12.3 0 1.4 -11.5 0 2.8
4 29 -11.9 0 3.1 -12.4 0 2.9 -11.5 0 2.8 -11.6 0 3
3 29 -17 0 7 -13.5 0 3.5 -13.6 0 4.4
4 29 -17 0 7 -13.6 0 4.4 -13.4 0 5 -15.2 0 7
4 29 -15.2 0 7 -13.4 0 5 -12.9 0 5.3 -15.2 0 11.4
4 29 -15.2 0 11.4 -12.9 0 5.3 -10.2 0 7.4 -10.3 0 9.4
4 29 -13.1 0 12.5 -15.2 0 11.4 -10.3 0 9.4 -10.1 0 10.7
4 29 -12.1 0 13.6 -13.1 0 12.5 -10.1 0 10.7 -9.7 0 11.8
4 29 -11.6 0 14.7 -12.1 0 13.6 -9.7 0 11.8 -9 0 12.5
4 29 -11.1 0 15.2 -11.6 0 14.7 -9 0 12.5 -9.7 0 15.7
4 29 -9.7 0 15.7 -9 0 12.5 -4 0 12.9 -6.6 0 16.5
4 29 -3 0 16.9 -6.6 0 16.5 -4 0 12.9 0 0 17
4 320 -12.4 0 -11.4 -13.1 0 -11.5 -12.9 0 -12.2 -12.1 0 -12
4 320 -12.4 0 -11.4 -12.1 0 -12 -11.3 0 -11.4 -11.8 0 -10.8
4 320 -11.8 0 -10.8 -11.3 0 -11.4 -10.6 0 -9.9 -11.3 0 -9.9
4 320 -11.3 0 -9.9 -10.6 0 -9.9 -10.1 0 -9.1 -11.3 0 -9
4 320 -11.3 0 -9 -10.1 0 -9.1 -11 0 -7.9 -11.5 0 -8.4
4 320 -11.9 0 -9.4 -11.3 0 -9 -11.5 0 -8.4 -12.4 0 -8.9
4 320 -12.6 0 -9.7 -11.9 0 -9.4 -12.4 0 -8.9 -13.7 0 -8.9
4 320 -8.9 0 -9.8 -10.1 0 -9.1 -10.6 0 -9.9 -9.3 0 -10.7
4 320 -7.7 0 -10.3 -8.9 0 -9.8 -9.3 0 -10.7 -8 0 -11.2
4 320 -7.7 0 -10.3 -8 0 -11.2 -6.7 0 -11.3 -6.8 0 -10.1
4 320 -7.7 0 -9.3 -7.7 0 -10.3 -6.8 0 -10.1 -6.9 0 -9.1
4 320 -7.7 0 -9.3 -6.9 0 -9.1 -7.5 0 -7.9 -8.1 0 -8.5
4 320 -8.1 0 -8.5 -7.5 0 -7.9 -8.5 0 -7.1 -8.9 0 -7.7
4 320 -8.9 0 -7.7 -8.5 0 -7.1 -9.2 0 -6.4 -9.9 0 -7.2
4 320 -9.2 0 -6.4 -8.5 0 -7.1 -8.7 0 -6.3 -9.1 0 -5
4 320 -9.1 0 -5 -8.7 0 -6.3 -7.9 0 -5.8 -7.8 0 -5.1
4 320 -9.1 0 -5 -7.8 0 -5.1 -8.1 0 -4.5 -9.4 0 -3.7
4 320 -9.4 0 -3.7 -8.1 0 -4.5 -8.2 0 -3.9 -8.6 0 -3.1
4 320 -9.4 0 -3.7 -8.6 0 -3.1 -9.1 0 -2.2 -9.8 0 -2.8
4 320 -9.4 0 -3.7 -9.8 0 -2.8 -10.4 0 -3.5 -10.2 0 -4.4
4 320 -10.2 0 -4.4 -10.4 0 -3.5 -11.1 0 -4.4 -10.9 0 -5.5
4 320 -10.9 0 -5.5 -11.1 0 -4.4 -11.6 0 -5 -11.8 0 -5.7
4 320 -11.2 0 -6.8 -10.9 0 -5.5 -11.8 0 -5.7 -12.2 0 -5.9
3 320 -12.2 0 -5.9 -12.5 0 -7 -11.2 0 -6.8
4 320 -7.5 0 -5.1 -7.8 0 -5.1 -7.9 0 -5.8 -7.1 0 -5.6
4 320 -7.5 0 -5.1 -7.1 0 -5.6 -6.4 0 -5.4 -6.4 0 -4.4
4 320 -6.4 0 -4.4 -6.4 0 -5.4 -5.6 0 -4.5 -6 0 -4.1
3 320 -5.6 0 -4.5 -6.4 0 -5.4 -5.6 0 -4.8
4 320 -5.6 0 -5.3 -5.6 0 -4.8 -6.4 0 -5.4 -6.1 0 -6.6
4 320 -6.1 0 -6.6 -6.4 0 -5.4 -6.8 0 -6.4 -6.7 0 -7.3
4 320 -6.7 0 -7.3 -6.8 0 -6.4 -7.5 0 -6.9 -7.5 0 -7.9
3 320 -7.5 0 -6.9 -8.5 0 -7.1 -7.5 0 -7.9
4 320 -5.2 0 -5.8 -5.6 0 -5.3 -6.1 0 -6.6 -5.7 0 -6.8
4 320 -4.1 0 -6.4 -5.2 0 -5.8 -5.7 0 -6.8 -4.8 0 -7.4
4 320 -4.8 0 -7.4 -5.7 0 -6.8 -6 0 -7.9 -4.8 0 -8.3
4 320 -4.8 0 -8.3 -6 0 -7.9 -5.8 0 -8.8 -4.4 0 -9.1
4 320 -4.4 0 -9.1 -5.8 0 -8.8 -5.2 0 -9.6 -3.8 0 -9.7
4 320 -3.9 0 -10.1 -3.8 0 -9.7 -5.2 0 -9.6 -5 0 -10.3
4 320 -5 0 -10.3 -5.2 0 -9.6 -6.3 0 -10.2 -6 0 -10.9
4 320 -6 0 -10.9 -6.3 0 -10.2 -6.8 0 -10.1 -6.7 0 -11.3
4 320 -6 0 -10.9 -6.7 0 -11.3 -6.2 0 -11.9 -5.4 0 -11.6
4 320 -5.4 0 -11.6 -6.2 0 -11.9 -5.6 0 -12.3 -5 0 -11.7
4 320 -5 0 -11.7 -5.6 0 -12.3 -5 0 -12.5 -4.1 0 -11.9
4 320 -4.1 0 -12.8 -4.1 0 -11.9 -5 0 -12.5 -4.8 0 -13.4
4 320 -3.7 0 -13.6 -4.1 0 -12.8 -4.8 0 -13.4 -4.3 0 -14.1
3 320 -3.7 0 -13.6 -4.3 0 -14.1 -2.8 0 -14.4
4 320 -4.5 0 -11 -5 0 -11.7 -4.1 0 -11.9 -3.6 0 -11.3
4 320 -3.9 0 -10.4 -4.5 0 -11 -3.6 0 -11.3 -3 0 -10.8
4 320 -2.9 0 -10 -3.9 0 -10.4 -3 0 -10.8 -2.3 0 -10.6
4 320 -2.9 0 -10 -2.3 0 -10.6 -1.9 0 -10.2 -2.2 0 -9.2
4 320 -2.9 0 -10 -2.2 0 -9.2 -2.5 0 -8.5 -3.5 0 -8.9
4 320 -3.5 0 -8.9 -2.5 0 -8.5 -2.6 0 -7.5 -3.2 0 -7
4 320 -4 0 -7.9 -3.5 0 -8.9 -3.2 0 -7 -4.1 0 -6.4
3 320 -4.1 0 -6.4 -4.8 0 -7.4 -4 0 -7.9
4 320 -2.8 0 -6.5 -3.2 0 -7 -2.6 0 -7.5 -2 0 -6.8
4 320 -2.5 0 -6.2 -2.8 0 -6.5 -2 0 -6.8 -1.9 0 -6
4 320 -1.9 0 -6 -2 0 -6.8 -1.3 0 -6.5 -1.2 0 -5.8
3 320 -.8 0 -5.8 -1.2 0 -5.8 -1.3 0 -6.5
4 320 -.4 0 -5.8 -.8 0 -5.8 -1.3 0 -6.5 -.2 0 -6.3
4 320 -.2 0 -6.8 -.2 0 -6.3 -1.3 0 -6.5 -1.4 0 -7.2
4 320 -.3 0 -7.2 -.2 0 -6.8 -1.4 0 -7.2 -1.1 0 -7.9
4 320 .1 0 -7.8 -.3 0 -7.2 -1.1 0 -7.9 -.6 0 -8.5
4 320 -.6 0 -8.5 -1.1 0 -7.9 -1.7 0 -8.5 -1.2 0 -8.9
4 320 -1.7 0 -9.6 -1.2 0 -8.9 -1.7 0 -8.5 -2.2 0 -9.2
3 320 -2.2 0 -9.2 -1.9 0 -10.2 -1.7 0 -9.6
4 320 .1 0 -7.8 -.6 0 -8.5 .2 0 -8.4 1 0 -7.9
4 320 1 0 -7.9 .2 0 -8.4 1 0 -8.6 1.8 0 -8.1
4 320 1.8 0 -8.1 1 0 -8.6 2.1 0 -9.2 3.3 0 -8.9
4 320 3.3 0 -8.9 2.1 0 -9.2 3.2 0 -10.5 3.9 0 -10.3
4 320 3.9 0 -10.3 3.2 0 -10.5 4 0 -11.7 4.9 0 -11.6
4 320 4.9 0 -11.6 4 0 -11.7 4.4 0 -12.7 5.3 0 -12.6
4 320 5.2 0 -13.3 5.3 0 -12.6 4.4 0 -12.7 4.3 0 -13.2
4 320 4.9 0 -14.1 5.2 0 -13.3 4.3 0 -13.2 3.3 0 -14.1
4 320 5.5 0 -10.9 4.9 0 -11.6 5.3 0 -12.6 6.3 0 -10.8
4 320 6.8 0 -11.4 6.3 0 -10.8 5.3 0 -12.6 6.9 0 -12
4 320 6.9 0 -12 5.3 0 -12.6 6.5 0 -12.6 7.8 0 -12.1
4 320 7.8 0 -12.1 6.5 0 -12.6 7.5 0 -12.8 8.6 0 -12.6
3 320 8.6 0 -12.6 7.5 0 -12.8 8.1 0 -13.3
3 320 6.8 0 -10.8 6.3 0 -10.8 6.8 0 -11.4
4 320 6.8 0 -10.8 6.8 0 -11.4 7.8 0 -10.8 7.9 0 -10.3
4 320 7.9 0 -10.3 7.8 0 -10.8 8.8 0 -10.8 9 0 -10.3
4 320 9 0 -10.3 8.8 0 -10.8 9.7 0 -11 10.1 0 -10.5
4 320 10.6 0 -10.9 10.1 0 -10.5 9.7 0 -11 10.5 0 -11.3
3 320 9.7 0 -11 9.1 0 -12 10.5 0 -11.3
4 320 5.5 0 -10.9 6.3 0 -10.8 6.4 0 -10.2 5.6 0 -10.1
4 320 5.6 0 -10.1 6.4 0 -10.2 6.7 0 -9.4 5.5 0 -9.3
4 320 5.5 0 -9.3 6.7 0 -9.4 6.2 0 -8.3 5.1 0 -8.5
4 320 5.1 0 -8.5 6.2 0 -8.3 6.1 0 -7.9 5.6 0 -7.7
4 320 5.1 0 -8.5 5.6 0 -7.7 4.8 0 -7.9 4 0 -8.4
4 320 4.1 0 -9.1 5.1 0 -8.5 4 0 -8.4 3.3 0 -8.9
4 320 4.3 0 -9.5 4.1 0 -9.1 3.3 0 -8.9 4.2 0 -10
3 320 3.3 0 -8.9 3.9 0 -10.3 4.2 0 -10
4 320 6.7 0 -9.4 6.4 0 -10.2 8 0 -10 7.9 0 -9.3
4 320 7.9 0 -9.3 8 0 -10 9.8 0 -9.6 9.4 0 -8.8
4 320 9.4 0 -8.8 9.8 0 -9.6 10.6 0 -9.3 10.7 0 -8.6
4 320 10.7 0 -8.6 10.6 0 -9.3 11.6 0 -9.2 11.2 0 -8.2
4 16 20 0 20 -20 0 20 0 0 19 3 0 18.9
3 16 20 0 20 3 0 18.9 7 0 18.4
3 16 20 0 20 7 0 18.4 10.2 0 17.5
3 16 20 0 20 10.2 0 17.5 12.5 0 16.4
3 16 20 0 20 12.5 0 16.4 13.2 0 15.9
3 16 20 0 20 13.2 0 15.9 13.5 0 15.5
4 16 20 0 20 13.5 0 15.5 13.7 0 14.9 14.3 0 14
4 16 20 0 20 14.3 0 14 15.7 0 13.2 17.2 0 12.9
4 16 19 0 9 20 0 20 17.2 0 12.9 17.2 0 9
4 16 20 0 20 19 0 9 19 0 -19 20 0 -20
4 16 20 0 -20 19 0 -19 -19 0 -19 -20 0 -20
4 16 -20 0 -20 -19 0 -19 -19 0 9 -20 0 20
4 16 -20 0 20 -19 0 9 -17.2 0 9 -17.2 0 12.9
4 16 -20 0 20 -17.2 0 12.9 -15.7 0 13.2 -14.3 0 14
4 16 -20 0 20 -14.3 0 14 -13.7 0 14.9 -13.5 0 15.5
3 16 -20 0 20 -13.5 0 15.5 -13.2 0 15.9
3 16 -20 0 20 -13.2 0 15.9 -12.5 0 16.4
3 16 -20 0 20 -12.5 0 16.4 -10.2 0 17.5
3 16 -20 0 20 -10.2 0 17.5 -7 0 18.4
3 16 -20 0 20 -7 0 18.4 -3 0 18.9
3 16 -20 0 20 -3 0 18.9 0 0 19