0 Tile  1 x  2 with Black Triangle, Line, and Circle Symbol, Dark Tan and Light Bluish Grey Splatters and Stains Pattern
0 Name: 3069bpzl.dat
0 Author: Gabriel Läufer [Dr.Bricktacular]
0 !LDRAW_ORG Part UPDATE 2026-05
0 !LICENSE Licensed under CC BY 4.0 : see CAreadme.txt

0 BFC CERTIFY CCW

0 !KEYWORDS BrickLink 3069pb1451, Brickowl 782977, Brickset 115098
0 !KEYWORDS Deathly Hallows, Harry Potter, Luna Lovegood's House
0 !KEYWORDS Rebrickable 3069bpr0217, Set 76467

0 !HISTORY 2026-05-31 [OrionP] Official Update 2026-05

0 // Pattern-Basepart
1 16 0 0 0 1 0 0 0 1 0 0 0 1 s\3069bs01.dat

0 // Pattern
4 0 -4.3 0 3.75 -5 0 3.2 -3.8 0 2.9 -3.55 0 4.1
4 0 -1.1 0 4.15 7.55 0 0 -7.15 0 9.1 -6.2 0 7.325
3 0 -1.1 0 4.15 .65 0 3.15 7.55 0 0
4 0 -2.55 0 3.35 -1.1 0 4.15 -1.65 0 4.3 -2.6131 0 4.3245
4 0 -3.15 0 3.2 -2.6131 0 4.3245 -3.55 0 4.1 -3.8 0 2.9
4 0 -5 0 3.2 -5.55 0 2.55 -6 0 1.65 -4.4 0 2.45
4 0 -6.2 0 -.95 -5.3 0 -.5 -5.35 0 .5 -6.2 0 .95
4 0 -6.2 0 .95 -6.2 0 7.325 -7.15 0 9.1 -7.15 0 -9.05
3 0 -4.4 0 2.45 -6 0 1.65 -4.85 0 1.85
3 0 -1.1 0 4.15 -1.95 0 3.35 -1.3 0 3.2
4 0 -1.1 0 4.15 -1.3 0 3.2 -.55 0 2.85 .65 0 3.15
4 0 1.35 0 2.1 .85 0 2.85 .15 0 2.2 .55 0 1.55
4 0 .65 0 3.15 -.55 0 2.85 .15 0 2.2 .85 0 2.85
4 0 .55 0 1.55 .8 0 .9 1.65 0 1.3 1.35 0 2.1
4 0 .85 0 -.5 .85 0 .5 -5.35 0 .5 -5.3 0 -.5
4 0 -6.2 0 .95 -5.35 0 .5 -5.2 0 1.1 -6 0 1.65
3 0 -4.85 0 1.85 -6 0 1.65 -5.2 0 1.1
3 0 -5 0 3.2 -4.4 0 2.45 -3.8 0 2.9
3 0 -2.6131 0 4.3245 -3.15 0 3.2 -2.55 0 3.35
3 0 -1.1 0 4.15 -2.55 0 3.35 -1.95 0 3.35
4 0 4.9 0 -.5 7.55 0 0 4.9 0 .5 1.8 0 -.5
4 0 .7 0 -3.15 -1.05 0 -4.15 -7.15 0 -9.05 7.55 0 0
4 0 .85 0 .5 1.8 0 .5 1.65 0 1.3 .8 0 .9
3 0 .65 0 3.15 4.9 0 .5 7.55 0 0
4 0 1.8 0 .5 .85 0 .5 .85 0 -.5 1.8 0 -.5
3 0 4.9 0 .5 1.8 0 .5 1.8 0 -.5
4 0 -1.05 0 -4.15 .7 0 -3.15 -.55 0 -2.85 -1.3 0 -3.2
4 0 -1.65 0 -4.3 -1.3 0 -3.2 -2 0 -3.35 -2.605 0 -4.3157
4 0 -2.605 0 -4.3157 -2 0 -3.35 -2.8 0 -3.3 -3.5383 0 -4.1121
4 0 -3.5383 0 -4.1121 -2.8 0 -3.3 -3.45 0 -3.1 -4.4 0 -3.7
4 0 -4.4 0 -3.7 -3.45 0 -3.1 -4.05 0 -2.75 -5 0 -3.2
4 0 -5 0 -3.2 -4.05 0 -2.75 -4.7 0 -2.1 -5.6 0 -2.45
4 0 -5.6 0 -2.45 -4.7 0 -2.1 -5 0 -1.55 -6 0 -1.65
4 0 -5.25 0 -.95 -5.3 0 -.5 -6.2 0 -.95 -6 0 -1.65
4 0 1.8 0 -.5 .85 0 -.5 .8 0 -.9 1.55 0 -1.6
3 0 7.55 0 0 4.9 0 -.5 .7 0 -3.15
4 0 .15 0 -2.2 -.55 0 -2.85 .7 0 -3.15 1.25 0 -2.25
4 0 .55 0 -1.55 .15 0 -2.2 1.25 0 -2.25 1.55 0 -1.6
3 0 .8 0 -.9 .55 0 -1.55 1.55 0 -1.6
3 0 -5.25 0 -.95 -6 0 -1.65 -5 0 -1.55
3 0 -6.2 0 -.95 -7.15 0 -9.05 -6.2 0 -7.35
3 0 -1.3 0 -3.2 -1.65 0 -4.3 -1.05 0 -4.15
3 0 -1.05 0 -4.15 -6.2 0 -7.35 -7.15 0 -9.05
3 0 -6.2 0 .95 -7.15 0 -9.05 -6.2 0 -.95
4 16 -13.6 0 6.85 -16.25 0 1.35 -16.15 0 .8 -12.75 0 7.4
4 16 -11.85 0 9.55 20 0 10 -20 0 10 -15.15 0 9.55
4 16 -19.55 0 -.6 -19.55 0 9.55 -20 0 10 -20 0 -10
3 16 -20 0 10 -19.55 0 9.55 -15.15 0 9.55
4 16 20 0 -10 20 0 10 19.55 0 0 19.55 0 -9.55
4 16 -15 0 -2.6 -12.25 0 7.9 -12.75 0 7.4 -16.15 0 .8
4 16 -16.15 0 4.5 -16.45 0 3.45 -13.6 0 6.85 -15.5 0 5.9
3 16 -15.5 0 5.9 -15.75 0 5.6 -16.15 0 4.5
4 16 -16.25 0 1.35 -13.6 0 6.85 -16.45 0 3.45 -16.6 0 2.7
3 16 -16.6 0 2.7 -16.6 0 2.15 -16.25 0 1.35
4 16 10.7 0 3.9 7.55 0 0 15 0 2.85 13.9 0 3.65
4 16 -4.85 0 1.85 -5.2 0 1.1 .55 0 1.55 -3.8 0 2.9
4 16 -15.15 0 -2.4 -16.15 0 .8 -16.3 0 .25 -15.5 0 -2.25
4 16 -16.1 0 -2.25 -15.5 0 -2.25 -16.6 0 0 -17.4 0 -.4
4 16 -16.1 0 -2.25 -17.4 0 -.4 -17.9 0 -.95 -16.4 0 -2.45
3 16 -19.55 0 -.6 -20 0 -10 -19.5 0 -3.3
3 16 20 0 10 18.25 0 9.55 19.55 0 9.55
4 16 5.9 0 7.15 7.55 0 0 8.55 0 4.5 6.25 0 7.15
4 16 17 0 1.45 15 0 2.85 12.2 0 -6.85 17.75 0 -4.55
3 16 -11.8 0 9.15 -11.9 0 8.55 -7.15 0 -9.05
4 16 -7.15 0 -9.05 -11.9 0 8.55 -12.25 0 7.9 -15 0 -2.6
4 16 12.45 0 -7.05 17.1 0 -6.4 17.4 0 -5.35 12.2 0 -6.85
3 16 19.55 0 -9.55 17.7 0 -9.55 20 0 -10
4 16 11.15 0 -8.85 9.65 0 -9.3 9.7 0 -9.55 12.05 0 -8.9
4 16 12.4 0 -8.75 17.7 0 -9.55 17.25 0 -8.95 12.6 0 -8.5
4 16 12.6 0 -8.5 17.05 0 -8.55 16.9 0 -7.95 12.6 0 -7.55
4 16 16.9 0 -7.35 17.1 0 -6.4 12.45 0 -7.05 12.6 0 -7.55
4 16 18.7 0 -1.25 18.4 0 -.25 18 0 .4 17.75 0 -4.55
4 16 17.75 0 -4.55 18.5 0 -3.2 18.75 0 -2.25 18.7 0 -1.25
3 16 17.75 0 -4.55 12.2 0 -6.85 17.4 0 -5.35
3 16 17 0 1.45 17.75 0 -4.55 18 0 .4
4 16 -11.85 0 9.55 -11.8 0 9.15 -7.15 0 -9.05 -7.15 0 9.1
4 16 -11.85 0 9.55 -7.15 0 9.1 12.8 0 9.55 20 0 10
4 16 10.95 0 4.8 12.35 0 5.05 11.95 0 5.6 10.8 0 5.15
4 16 10.05 0 5.75 11.7 0 6.35 11.6 0 7.1 9.55 0 5.95
4 16 7.2 0 8.4 7.25 0 7.95 11.65 0 7.65 11.9 0 8.4
4 16 7.2 0 8.4 11.9 0 8.4 12.3 0 9 6.9 0 8.7
4 16 6.9 0 8.7 12.3 0 9 12.8 0 9.55 6.5 0 8.7
3 16 20 0 10 12.8 0 9.55 18.25 0 9.55
3 16 20 0 10 19.55 0 9.55 19.55 0 0
4 16 10.8 0 5.15 11.95 0 5.6 11.7 0 6.35 10.5 0 5.45
4 16 .15 0 2.2 -.55 0 2.85 -1.3 0 3.2 -3.8 0 2.9
4 16 13 0 4.35 12.35 0 5.05 10.95 0 4.15 10.7 0 3.9
3 16 16.9 0 -7.35 12.6 0 -7.55 16.9 0 -7.95
3 16 13 0 4.35 10.7 0 3.9 13.9 0 3.65
3 16 -7.15 0 9.1 5.75 0 7.95 5.85 0 8.15
4 16 11.65 0 7.65 7.25 0 7.95 9.55 0 5.95 11.6 0 7.1
4 16 9.3 0 5.95 9.55 0 5.95 7.25 0 7.95 7.15 0 7.7
4 16 8.7 0 5.1 6.75 0 7.5 6.25 0 7.15 8.55 0 4.5
4 16 7.55 0 0 5.9 0 7.15 5.8 0 7.25 -7.15 0 9.1
3 16 -7.15 0 9.1 5.85 0 8.15 6.5 0 8.7
3 16 12.8 0 9.55 -7.15 0 9.1 6.5 0 8.7
3 16 -6.2 0 7.325 -5.55 0 2.55 -5 0 3.2
3 16 -6.2 0 7.325 -3.55 0 4.1 -2.6131 0 4.3245
3 16 -6.2 0 7.325 -4.3 0 3.75 -3.55 0 4.1
3 16 -6.2 0 7.325 -5 0 3.2 -4.3 0 3.75
3 16 -6.2 0 7.325 -6 0 1.65 -5.55 0 2.55
3 16 -6.2 0 7.325 -6.2 0 .95 -6 0 1.65
4 16 8.95 0 5.6 7.15 0 7.7 6.75 0 7.5 8.7 0 5.1
3 16 11.7 0 6.35 10.05 0 5.75 10.5 0 5.45
3 16 12.35 0 5.05 10.95 0 4.8 10.95 0 4.15
3 16 10.7 0 3.9 10.45 0 3.85 7.55 0 0
4 16 9.1 0 4.05 7.55 0 0 10.45 0 3.85 10 0 4.05
3 16 8.7 0 4.2 7.55 0 0 9.1 0 4.05
3 16 8.55 0 4.5 7.55 0 0 8.7 0 4.2
3 16 7.15 0 7.7 8.95 0 5.6 9.3 0 5.95
3 16 .85 0 2.85 1.35 0 2.1 4.9 0 .5
4 16 .8 0 .9 .55 0 1.55 -5.2 0 1.1 .85 0 .5
3 16 -5.2 0 1.1 -5.35 0 .5 .85 0 .5
4 16 .85 0 -.5 -4.7 0 -2.1 .55 0 -1.55 .8 0 -.9
3 16 -3.8 0 2.9 .55 0 1.55 .15 0 2.2
3 16 -3.8 0 2.9 -4.4 0 2.45 -4.85 0 1.85
4 16 -3.15 0 3.2 -3.8 0 2.9 -1.3 0 3.2 -1.95 0 3.35
3 16 -1.95 0 3.35 -2.55 0 3.35 -3.15 0 3.2
3 16 1.65 0 1.3 1.8 0 .5 4.9 0 .5
3 16 1.35 0 2.1 1.65 0 1.3 4.9 0 .5
3 16 .65 0 3.15 .85 0 2.85 4.9 0 .5
4 16 .15 0 -2.2 .55 0 -1.55 -4.7 0 -2.1 -4.05 0 -2.75
4 16 -2.8 0 -3.3 -1.3 0 -3.2 -4.05 0 -2.75 -3.45 0 -3.1
4 16 -1.3 0 -3.2 -.55 0 -2.85 .15 0 -2.2 -4.05 0 -2.75
3 16 -1.3 0 -3.2 -2.8 0 -3.3 -2 0 -3.35
4 16 -4.7 0 -2.1 .85 0 -.5 -5.3 0 -.5 -5 0 -1.55
3 16 -6.2 0 -.95 -6.2 0 -7.35 -6 0 -1.65
3 16 -5.3 0 -.5 -5.25 0 -.95 -5 0 -1.55
3 16 4.9 0 -.5 1.25 0 -2.25 .7 0 -3.15
3 16 4.9 0 -.5 1.55 0 -1.6 1.25 0 -2.25
3 16 4.9 0 -.5 1.8 0 -.5 1.55 0 -1.6
3 16 -6 0 -1.65 -6.2 0 -7.35 -5.6 0 -2.45
3 16 -5.6 0 -2.45 -6.2 0 -7.35 -5 0 -3.2
3 16 -5 0 -3.2 -6.2 0 -7.35 -4.4 0 -3.7
3 16 -3.5383 0 -4.1121 -6.2 0 -7.35 -2.605 0 -4.3157
3 16 -4.4 0 -3.7 -6.2 0 -7.35 -3.5383 0 -4.1121
3 16 -16.3 0 .25 -16.6 0 0 -15.5 0 -2.25
4 16 -16.4 0 -2.45 -17.9 0 -.95 -18.2 0 -1.4 -16.6 0 -2.85
3 16 -16.15 0 .8 -15.15 0 -2.4 -15 0 -2.6
4 16 -14.2 0 -5.75 -7.15 0 -9.05 -15 0 -2.6 -15 0 -3.15
4 16 -14.45 0 -5.45 -15 0 -3.15 -15.3 0 -3.8 -14.9 0 -5.45
4 16 -16.95 0 -6.4 -15.05 0 -6.6 -15.2 0 -6.2 -16.75 0 -5.9
4 16 -16.7 0 -5.25 -15.9 0 -4.3 -16.15 0 -4.25 -16.95 0 -5
3 16 -15.3 0 -3.8 -15.6 0 -4.15 -14.9 0 -5.45
4 16 -16.65 0 -3.45 -17.75 0 -4.35 -17.7 0 -4.35 -16.5 0 -3.95
4 16 -16.6 0 -2.85 -18.2 0 -1.4 -18.9 0 -2.75 -16.65 0 -3.45
4 16 -16.95 0 -5 -16.15 0 -4.25 -16.5 0 -3.95 -17.7 0 -4.35
4 16 -17.75 0 -4.35 -16.65 0 -3.45 -18.9 0 -2.75 -18 0 -4.45
4 16 -17.7 0 -4.35 -17.55 0 -4.9 -17.3 0 -5 -16.95 0 -5
4 16 -14.9 0 -5.45 -15.6 0 -4.15 -15.9 0 -4.3 -15.2 0 -5.75
4 16 -18.55 0 -7.2 -20 0 -10 -17.15 0 -6.55 -17.9 0 -6.75
3 16 -18.55 0 -7.2 -19 0 -7.25 -20 0 -10
3 16 -19.2 0 -7.05 -20 0 -10 -19 0 -7.25
3 16 -19.3 0 -6.7 -20 0 -10 -19.2 0 -7.05
4 16 -20 0 -10 -19.3 0 -6.7 -19.3 0 -5.55 -19.5 0 -3.3
3 16 -19.5 0 -3.3 -19.3 0 -5.55 -19.2 0 -5.2
4 16 -19.5 0 -3.3 -19.2 0 -5.2 -18.95 0 -5.05 -18 0 -4.45
3 16 -18.9 0 -2.75 -19.5 0 -3.3 -18 0 -4.45
4 16 -15.2 0 -5.75 -15.9 0 -4.3 -16.7 0 -5.25 -16.75 0 -5.9
3 16 -15 0 -3.15 -14.45 0 -5.45 -14.2 0 -5.75
3 16 -14.2 0 -5.75 -14.05 0 -6.15 -7.15 0 -9.05
3 16 -14.05 0 -6.15 -14.05 0 -6.55 -7.15 0 -9.05
3 16 -14.05 0 -6.55 -14.2 0 -6.65 -7.15 0 -9.05
4 16 -7.15 0 -9.05 -14.2 0 -6.65 -14.8 0 -6.8 -20 0 -10
4 16 -14.8 0 -6.8 -15.05 0 -6.6 -17.15 0 -6.55 -20 0 -10
3 16 -16.95 0 -6.4 -17.15 0 -6.55 -15.05 0 -6.6
3 16 -15.2 0 -5.75 -16.75 0 -5.9 -15.2 0 -6.2
3 16 12.6 0 -8.5 17.25 0 -8.95 17.05 0 -8.55
4 16 12.2 0 -6.85 15 0 2.85 7.55 0 0 12 0 -6.85
3 16 11.65 0 -8.8 11.15 0 -8.85 12.05 0 -8.9
3 16 12.4 0 -8.75 12.05 0 -8.9 17.7 0 -9.55
4 16 9.35 0 -8.5 9.65 0 -9.3 11.15 0 -8.85 10.7 0 -8.7
4 16 9.7 0 -9.55 20 0 -10 17.7 0 -9.55 12.05 0 -8.9
4 16 10.7 0 -7.7 8.5 0 -7.5 8.85 0 -7.8 10.55 0 -8.05
4 16 8.5 0 -7.5 10.7 0 -7.7 11.05 0 -7.4 8.05 0 -7.2
4 16 12 0 -6.85 8.05 0 -7.2 11.05 0 -7.4 11.7 0 -7.1
3 16 10.55 0 -8.4 9.35 0 -8.5 10.7 0 -8.7
4 16 8.05 0 -7.2 12 0 -6.85 7.55 0 0 7.4 0 -7
4 16 9.35 0 -8.5 10.55 0 -8.4 10.55 0 -8.05 8.85 0 -7.8
4 16 20 0 -10 9.7 0 -9.55 .3 0 -9.45 -20 0 -10
4 16 -7.15 0 -9.05 -20 0 -10 .3 0 -9.45 1.15 0 -9.05
4 16 7.55 0 0 -7.15 0 -9.05 1.15 0 -9.05 2.3 0 -8.65
4 16 7.55 0 0 2.3 0 -8.65 4.45 0 -8 5.15 0 -7.7
3 16 7.55 0 0 6.6 0 -7 7.4 0 -7
3 16 7.55 0 0 5.15 0 -7.7 6.05 0 -7.2
3 16 7.55 0 0 6.05 0 -7.2 6.6 0 -7
3 16 -1.65 0 -4.3 -2.605 0 -4.3157 -6.2 0 -7.35
3 16 -1.05 0 -4.15 -1.65 0 -4.3 -6.2 0 -7.35
3 16 -6.2 0 7.325 -2.6131 0 4.3245 -1.65 0 4.3
3 16 -6.2 0 7.325 -1.65 0 4.3 -1.1 0 4.15
3 16 -7.15 0 9.1 5.7 0 7.45 5.75 0 7.95
3 16 -7.15 0 9.1 5.8 0 7.25 5.7 0 7.45
4 28 -17.5 0 .8 -16.6 0 0 -16.15 0 .8 -17.5 0 1
4 28 -11.8 0 9.15 -11.85 0 9.55 -15.15 0 9.55 -11.9 0 8.55
4 28 -11.9 0 8.55 -15.15 0 9.55 -15.4 0 9.25 -15.5 0 5.9
4 28 -15.5 0 5.9 -16.75 0 8.35 -17.15 0 8 -17.7 0 7.25
3 28 -15.4 0 9.25 -16.75 0 8.35 -15.5 0 5.9
4 28 -18.25 0 5.15 -16.15 0 4.5 -15.75 0 5.6 -18 0 6.5
4 28 -16.45 0 3.45 -18.35 0 4 -18.3 0 2.65 -16.6 0 2.7
4 28 -15.75 0 5.6 -15.5 0 5.9 -17.7 0 7.25 -18 0 6.5
4 28 -17.5 0 .8 -18 0 .45 -17.4 0 -.4 -16.6 0 0
4 28 17.25 0 8.9 18.25 0 9.55 12.3 0 9 15.65 0 8.1
4 28 -11.9 0 8.55 -13.6 0 6.85 -12.75 0 7.4 -12.25 0 7.9
4 28 14.95 0 7.35 15.15 0 7.7 12.3 0 9 11.9 0 8.4
4 28 -18.1 0 1.85 -16.6 0 2.15 -16.6 0 2.7 -18.3 0 2.65
4 28 15.15 0 6.3 12.35 0 5.05 13 0 4.35 13.9 0 3.65
4 28 -18.35 0 4 -16.45 0 3.45 -16.15 0 4.5 -18.25 0 5.15
3 28 -11.9 0 8.55 -15.5 0 5.9 -13.6 0 6.85
4 28 -16.6 0 2.15 -18.1 0 1.85 -17.85 0 1.4 -17.5 0 1
4 28 -16.25 0 1.35 -16.6 0 2.15 -17.5 0 1 -16.15 0 .8
3 28 -16.15 0 .8 -16.6 0 0 -16.3 0 .25
4 28 -17.9 0 -.95 -17.4 0 -.4 -18 0 .45 -18.9 0 -.05
4 28 -18.2 0 -1.4 -17.9 0 -.95 -18.9 0 -.05 -19.55 0 -.6
4 28 -18.9 0 -2.75 -18.2 0 -1.4 -19.55 0 -.6 -19.5 0 -3.3
4 28 -15 0 -2.6 -15.15 0 -2.4 -15.5 0 -2.25 -15 0 -3.15
4 28 14.95 0 7.35 11.65 0 7.65 11.6 0 7.1 14.95 0 6.85
4 28 14.95 0 6.85 11.7 0 6.35 11.95 0 5.6 12.35 0 5.05
4 28 17 0 4.45 15.15 0 6.3 13.9 0 3.65 15 0 2.85
4 28 17.05 0 -8.55 17.25 0 -8.95 19.55 0 -9.55 17.4 0 -5.35
4 28 19.55 0 0 18.7 0 -1.25 18.75 0 -2.25 19.55 0 -9.55
4 28 17 0 1.45 18 0 .4 18.9 0 1.1 18 0 3.05
3 28 17.25 0 -8.95 17.7 0 -9.55 19.55 0 -9.55
4 28 19.55 0 0 18.9 0 1.1 18.4 0 -.25 18.7 0 -1.25
4 28 16.9 0 -7.35 16.9 0 -7.95 17.05 0 -8.55 17.1 0 -6.4
4 28 17 0 1.45 18 0 3.05 17.45 0 3.9 15 0 2.85
3 28 17.4 0 -5.35 17.1 0 -6.4 17.05 0 -8.55
4 28 17.75 0 -4.55 17.4 0 -5.35 19.55 0 -9.55 18.5 0 -3.2
3 28 18.75 0 -2.25 18.5 0 -3.2 19.55 0 -9.55
3 28 18.9 0 1.1 18 0 .4 18.4 0 -.25
3 28 17 0 4.45 15 0 2.85 17.45 0 3.9
3 28 14.95 0 6.85 12.35 0 5.05 15.15 0 6.3
3 28 11.6 0 7.1 11.7 0 6.35 14.95 0 6.85
4 28 6.25 0 7.15 5.75 0 7.95 5.7 0 7.45 5.8 0 7.25
3 28 11.9 0 8.4 11.65 0 7.65 14.95 0 7.35
3 28 12.3 0 9 15.15 0 7.7 15.65 0 8.1
3 28 18.25 0 9.55 12.8 0 9.55 12.3 0 9
4 28 11.15 0 -8.85 11.65 0 -8.8 10.7 0 -7.7 10.55 0 -8.05
4 28 -15.3 0 -3.8 -16.6 0 -2.85 -16.65 0 -3.45 -16.5 0 -3.95
4 28 12.6 0 -7.55 12.45 0 -7.05 11.7 0 -7.1 11.65 0 -8.8
4 28 6.5 0 8.7 5.85 0 8.15 6.75 0 7.5 7.25 0 7.95
3 28 7.25 0 7.95 6.75 0 7.5 7.15 0 7.7
3 28 5.8 0 7.25 5.9 0 7.15 6.25 0 7.15
4 28 5.75 0 7.95 6.25 0 7.15 6.75 0 7.5 5.85 0 8.15
4 28 6.5 0 8.7 7.25 0 7.95 7.2 0 8.4 6.9 0 8.7
4 28 10.05 0 5.75 8.7 0 5.1 10 0 4.05 10.5 0 5.45
4 28 10.95 0 4.15 10 0 4.05 10.45 0 3.85 10.7 0 3.9
4 28 10 0 4.05 10.95 0 4.15 10.95 0 4.8 10.8 0 5.15
3 28 10.5 0 5.45 10 0 4.05 10.8 0 5.15
4 28 9.1 0 4.05 10 0 4.05 8.7 0 5.1 8.55 0 4.5
3 28 8.55 0 4.5 8.7 0 4.2 9.1 0 4.05
4 28 8.95 0 5.6 8.7 0 5.1 10.05 0 5.75 9.55 0 5.95
3 28 9.55 0 5.95 9.3 0 5.95 8.95 0 5.6
4 28 -16.5 0 -3.95 -15.9 0 -4.3 -15.6 0 -4.15 -15.3 0 -3.8
3 28 -16.5 0 -3.95 -16.15 0 -4.25 -15.9 0 -4.3
4 28 -18.95 0 -5.05 -19.2 0 -5.2 -19.3 0 -5.55 -17.55 0 -4.9
4 28 -16.6 0 -2.85 -15.3 0 -3.8 -15 0 -3.15 -16.1 0 -2.25
3 28 -16.1 0 -2.25 -16.4 0 -2.45 -16.6 0 -2.85
3 28 -15.5 0 -2.25 -16.1 0 -2.25 -15 0 -3.15
4 28 -17.3 0 -5 -17.55 0 -4.9 -17.9 0 -6.75 -17.15 0 -6.55
4 28 -17.15 0 -6.55 -16.95 0 -6.4 -16.75 0 -5.9 -17.3 0 -5
4 28 -16.7 0 -5.25 -16.95 0 -5 -17.3 0 -5 -16.75 0 -5.9
4 28 -15.2 0 -6.2 -14.05 0 -6.55 -14.05 0 -6.15 -14.2 0 -5.75
4 28 -19.2 0 -7.05 -19 0 -7.25 -18.55 0 -7.2 -17.9 0 -6.75
4 28 -19.2 0 -7.05 -17.9 0 -6.75 -17.55 0 -4.9 -19.3 0 -6.7
3 28 -17.55 0 -4.9 -19.3 0 -5.55 -19.3 0 -6.7
4 28 -18 0 -4.45 -18.95 0 -5.05 -17.55 0 -4.9 -17.75 0 -4.35
3 28 -17.7 0 -4.35 -17.75 0 -4.35 -17.55 0 -4.9
4 28 -14.2 0 -6.65 -14.05 0 -6.55 -15.2 0 -6.2 -15.05 0 -6.6
3 28 -15.05 0 -6.6 -14.8 0 -6.8 -14.2 0 -6.65
4 28 -15.2 0 -5.75 -15.2 0 -6.2 -14.2 0 -5.75 -14.9 0 -5.45
3 28 -14.45 0 -5.45 -14.9 0 -5.45 -14.2 0 -5.75
4 28 11.65 0 -8.8 12.05 0 -8.9 12.4 0 -8.75 12.6 0 -8.5
3 28 12.6 0 -7.55 11.65 0 -8.8 12.6 0 -8.5
4 28 10.7 0 -8.7 11.15 0 -8.85 10.55 0 -8.05 10.55 0 -8.4
4 28 9.7 0 -9.55 9.65 0 -9.3 5.15 0 -7.7 4.45 0 -8
4 28 6.05 0 -7.2 5.15 0 -7.7 9.35 0 -8.5 8.85 0 -7.8
4 28 11.05 0 -7.4 10.7 0 -7.7 11.65 0 -8.8 11.7 0 -7.1
4 28 12 0 -6.85 11.7 0 -7.1 12.45 0 -7.05 12.2 0 -6.85
4 28 8.5 0 -7.5 8.05 0 -7.2 7.4 0 -7 6.05 0 -7.2
4 28 1.15 0 -9.05 .3 0 -9.45 9.7 0 -9.55 2.3 0 -8.65
3 28 4.45 0 -8 2.3 0 -8.65 9.7 0 -9.55
3 28 5.15 0 -7.7 9.65 0 -9.3 9.35 0 -8.5
3 28 6.05 0 -7.2 8.85 0 -7.8 8.5 0 -7.5
3 28 7.4 0 -7 6.6 0 -7 6.05 0 -7.2
4 71 -18.35 0 4 -18.25 0 5.15 -19.55 0 -.6 -18.9 0 -.05
4 71 -15.4 0 9.25 -15.15 0 9.55 -19.55 0 9.55 -16.75 0 8.35
3 71 -19.55 0 9.55 -17.15 0 8 -16.75 0 8.35
3 71 -19.55 0 9.55 -18 0 6.5 -17.7 0 7.25
4 71 -18 0 6.5 -19.55 0 9.55 -19.55 0 -.6 -18.25 0 5.15
3 71 -18.35 0 4 -18.9 0 -.05 -18.3 0 2.65
3 71 -18.3 0 2.65 -18.9 0 -.05 -18.1 0 1.85
4 71 -17.85 0 1.4 -18.1 0 1.85 -18.9 0 -.05 -18 0 .45
4 71 -18 0 .45 -17.5 0 .8 -17.5 0 1 -17.85 0 1.4
3 71 -19.55 0 9.55 -17.7 0 7.25 -17.15 0 8
4 71 19.55 0 9.55 18.25 0 9.55 17.25 0 8.9 17 0 4.45
4 71 17 0 4.45 17.25 0 8.9 15.65 0 8.1 15.15 0 6.3
4 71 14.95 0 6.85 15.65 0 8.1 15.15 0 7.7 14.95 0 7.35
3 71 15.65 0 8.1 14.95 0 6.85 15.15 0 6.3
3 71 19.55 0 9.55 17 0 4.45 17.45 0 3.9
4 71 19.55 0 0 19.55 0 9.55 18 0 3.05 18.9 0 1.1
3 71 19.55 0 9.55 17.45 0 3.9 18 0 3.05