0 Tyre 14/ 43 x 30 with Grooved Tread
0 Name: 30699.dat
0 Author: Philippe Hurbain [Philo]
0 !LDRAW_ORG Part UPDATE 2018-02
0 !LICENSE Redistributable under CCAL version 2.0 : see CAreadme.txt

0 BFC CERTIFY CCW

0 !HISTORY 2018-01-28 {LEGO Digital Designer} Original part shape
0 !HISTORY 2018-02-06 [Philo] File preparation for LDraw Parts Tracker
0 !HISTORY 2018-12-08 [PTadmin] Official Update 2018-02

0 BFC INVERTNEXT
1 16 0 0 2 34.2 0 0 0 0 34.2 0 -4 0 48\4-4cylo.dat
1 16 0 0 -0.5 54 0 0 0 0 54 0 1 0 48\4-4cylo.dat
0 BFC INVERTNEXT
1 16 0 0 18 38 0 0 0 0 38 0 -14 0 48\4-4cylo.dat
0 BFC INVERTNEXT
1 16 0 0 4 3.8 0 0 0 0 3.8 0 -2 0 48\4-4con9.dat
1 16 0 0 1 54.5 0 0 0 0 54.5 0 6 0 48\4-4cylo.dat
1 16 0 0 1 0.5 0 0 0 0 0.5 0 -0.5 0 48\4-4con108.dat
1 16 0 0 7 0.5 0 0 0 0 0.5 0 0.5 0 48\4-4con108.dat
1 16 0 0 7.5 54 0 0 0 0 54 0 1.25 0 48\4-4cylo.dat
1 16 0 0 0 1 0 0 0 1 0 0 0 1 s\30699s01.dat
1 16 0 0 0 0.96593 -0.25882 0 0.25882 0.96593 0 0 0 1 s\30699s01.dat
1 16 0 0 0 0.86603 -0.5 0 0.5 0.86603 0 0 0 1 s\30699s01.dat
1 16 0 0 0 0.70711 -0.70711 0 0.70711 0.70711 0 0 0 1 s\30699s01.dat
1 16 0 0 0 0.5 -0.86603 0 0.86603 0.5 0 0 0 1 s\30699s01.dat
1 16 0 0 0 0.25882 -0.96593 0 0.96593 0.25882 0 0 0 1 s\30699s01.dat
1 16 0 0 0 0 -1 0 1 0 0 0 0 1 s\30699s01.dat
1 16 0 0 0 -0.25882 -0.96593 0 0.96593 -0.25882 0 0 0 1 s\30699s01.dat
1 16 0 0 0 -0.5 -0.86603 0 0.86603 -0.5 0 0 0 1 s\30699s01.dat
1 16 0 0 0 -0.70711 -0.70711 0 0.70711 -0.70711 0 0 0 1 s\30699s01.dat
1 16 0 0 0 -0.86603 -0.5 0 0.5 -0.86603 0 0 0 1 s\30699s01.dat
1 16 0 0 0 -0.96593 -0.25882 0 0.25882 -0.96593 0 0 0 1 s\30699s01.dat
1 16 0 0 0 -1 0 0 0 -1 0 0 0 1 s\30699s01.dat
1 16 0 0 0 -0.96593 0.25882 0 -0.25882 -0.96593 0 0 0 1 s\30699s01.dat
1 16 0 0 0 -0.86603 0.5 0 -0.5 -0.86603 0 0 0 1 s\30699s01.dat
1 16 0 0 0 -0.70711 0.70711 0 -0.70711 -0.70711 0 0 0 1 s\30699s01.dat
1 16 0 0 0 -0.5 0.86603 0 -0.86603 -0.5 0 0 0 1 s\30699s01.dat
1 16 0 0 0 -0.25882 0.96593 0 -0.96593 -0.25882 0 0 0 1 s\30699s01.dat
1 16 0 0 0 0 1 0 -1 0 0 0 0 1 s\30699s01.dat
1 16 0 0 0 0.25882 0.96593 0 -0.96593 0.25882 0 0 0 1 s\30699s01.dat
1 16 0 0 0 0.5 0.86603 0 -0.86603 0.5 0 0 0 1 s\30699s01.dat
1 16 0 0 0 0.70711 0.70711 0 -0.70711 0.70711 0 0 0 1 s\30699s01.dat
1 16 0 0 0 0.86603 0.5 0 -0.5 0.86603 0 0 0 1 s\30699s01.dat
1 16 0 0 0 0.96593 0.25882 0 -0.25882 0.96593 0 0 0 1 s\30699s01.dat
0 BFC INVERTNEXT
1 16 0 0 -18 38 0 0 0 0 38 0 14 0 48\4-4cylo.dat
0 BFC INVERTNEXT
1 16 0 0 -4 3.8 0 0 0 0 3.8 0 2 0 48\4-4con9.dat
1 16 0 0 -1 54.5 0 0 0 0 54.5 0 -6 0 48\4-4cylo.dat
1 16 0 0 -1 0.5 0 0 0 0 0.5 0 0.5 0 48\4-4con108.dat
1 16 0 0 -7 0.5 0 0 0 0 0.5 0 -0.5 0 48\4-4con108.dat
1 16 0 0 -7.5 54 0 0 0 0 54 0 -1.25 0 48\4-4cylo.dat
1 16 0 0 0 1 0 0 0 1 0 0 0 -1 s\30699s01.dat
1 16 0 0 0 0.96593 -0.25882 0 0.25882 0.96593 0 0 0 -1 s\30699s01.dat
1 16 0 0 0 0.86603 -0.5 0 0.5 0.86603 0 0 0 -1 s\30699s01.dat
1 16 0 0 0 0.70711 -0.70711 0 0.70711 0.70711 0 0 0 -1 s\30699s01.dat
1 16 0 0 0 0.5 -0.86603 0 0.86603 0.5 0 0 0 -1 s\30699s01.dat
1 16 0 0 0 0.25882 -0.96593 0 0.96593 0.25882 0 0 0 -1 s\30699s01.dat
1 16 0 0 0 0 -1 0 1 0 0 0 0 -1 s\30699s01.dat
1 16 0 0 0 -0.25882 -0.96593 0 0.96593 -0.25882 0 0 0 -1 s\30699s01.dat
1 16 0 0 0 -0.5 -0.86603 0 0.86603 -0.5 0 0 0 -1 s\30699s01.dat
1 16 0 0 0 -0.70711 -0.70711 0 0.70711 -0.70711 0 0 0 -1 s\30699s01.dat
1 16 0 0 0 -0.86603 -0.5 0 0.5 -0.86603 0 0 0 -1 s\30699s01.dat
1 16 0 0 0 -0.96593 -0.25882 0 0.25882 -0.96593 0 0 0 -1 s\30699s01.dat
1 16 0 0 0 -1 0 0 0 -1 0 0 0 -1 s\30699s01.dat
1 16 0 0 0 -0.96593 0.25882 0 -0.25882 -0.96593 0 0 0 -1 s\30699s01.dat
1 16 0 0 0 -0.86603 0.5 0 -0.5 -0.86603 0 0 0 -1 s\30699s01.dat
1 16 0 0 0 -0.70711 0.70711 0 -0.70711 -0.70711 0 0 0 -1 s\30699s01.dat
1 16 0 0 0 -0.5 0.86603 0 -0.86603 -0.5 0 0 0 -1 s\30699s01.dat
1 16 0 0 0 -0.25882 0.96593 0 -0.96593 -0.25882 0 0 0 -1 s\30699s01.dat
1 16 0 0 0 0 1 0 -1 0 0 0 0 -1 s\30699s01.dat
1 16 0 0 0 0.25882 0.96593 0 -0.96593 0.25882 0 0 0 -1 s\30699s01.dat
1 16 0 0 0 0.5 0.86603 0 -0.86603 0.5 0 0 0 -1 s\30699s01.dat
1 16 0 0 0 0.70711 0.70711 0 -0.70711 0.70711 0 0 0 -1 s\30699s01.dat
1 16 0 0 0 0.86603 0.5 0 -0.5 0.86603 0 0 0 -1 s\30699s01.dat
1 16 0 0 0 0.96593 0.25882 0 -0.25882 0.96593 0 0 0 -1 s\30699s01.dat
