0 Tile  1 x  2 with Tricorder Data Screen Pattern
0 Name: 3069bp1k.dat
0 Author: Philippe Hurbain [Philo]
0 !LDRAW_ORG Part UPDATE 2026-03
0 !LICENSE Licensed under CC BY 4.0 : see CAreadme.txt

0 BFC CERTIFY CCW

0 !KEYWORDS Bricklink 3069pb1449, Brickowl 859552, Brickset 114630
0 !KEYWORDS Rebrickable 3069bpr9892, Set 10356, Star Trek
0 !KEYWORDS U.S.S. Enterprise NCC-1701-D

0 !HISTORY 2026-03-31 [OrionP] Official Update 2026-03

1 16 0 0 0 1 0 0 0 1 0 0 0 1 s\3069bs01.dat
4 0 -8.31 0 -.05 -8.37 0 3.19 -8.43 0 3.36 -8.37 0 -.22
4 0 2.5 0 -2.64 3.84 0 -4.61 3.99 0 -4.73 3.57 0 -2.64
3 0 2.5 0 .01 1.54 0 -3.46 2.5 0 -.81
4 0 -8.95 0 -8.18 -8.17 0 -7.26 -8.31 0 -7.17 -9.11 0 -7.87
3 0 -2.42 0 -4.73 -1.59 0 -4.73 -6.76 0 -4.66
4 0 -8.37 0 4.91 -8.37 0 5.67 -8.43 0 5.85 -8.43 0 4.73
4 0 -6.98 0 6.16 -7.41 0 6.6 -7.66 0 6.61 -8.03 0 6.16
4 0 -11.1 0 -2.19 -11.37 0 -2.07 -12.74 0 -2.88 -11.52 0 -2.88
4 0 -12.16 0 -6.43 -10.85 0 -6.56 -11.54 0 -4.28 -12.15 0 -5.09
3 0 12.67 0 .47 12.85 0 .4 13.01 0 1.18
4 0 9.07 0 7 8.71 0 6.64 9.5 0 5.84 9.82 0 6.17
4 0 11.83 0 -.37 11.82 0 -3.57 12.21 0 -3.58 12.22 0 -.37
4 0 10.73 0 -.37 10.72 0 -3.57 11.14 0 -3.57 11.15 0 -.38
4 0 11.82 0 -5.64 11.82 0 -6.31 12.22 0 -6.33 12.24 0 -5.64
4 0 11.18 0 -5.64 10.77 0 -5.64 10.76 0 -6.32 11.17 0 -6.32
4 0 14.77 0 -8.12 18.44 0 -8.12 18.12 0 -7.33 16.21 0 -7.33
4 0 15.19 0 -4.33 15.19 0 -3.25 14.78 0 -3.25 14.78 0 -4.33
4 0 18.41 0 .12 18.41 0 1.69 18.31 0 1.51 18.31 0 .3
3 0 14.78 0 2.66 14.78 0 3.29 14.11 0 7.34
3 0 14.78 0 5.58 14.11 0 7.34 14.78 0 3.29
4 0 -4.82 0 7.5 -5.41 0 7.03 -5.53 0 6.56 -4.71 0 6.13
4 0 -2.43 0 3.75 -2.43 0 3.25 -1.93 0 3.25 -1.93 0 3.75
3 0 -.9 0 4.69 -.1 0 6.13 -.89 0 5.19
3 0 -2.19 0 5.72 -1.36 0 5.9 -3 0 5.9
3 0 -3.22 0 .8 -3.41 0 .98 -3.69 0 -.02
4 0 -6.76 0 -2.08 -5.88 0 -3.45 -6.7 0 3.36 -6.76 0 -.22
4 0 -6.7 0 4.73 -6.7 0 3.36 -5.88 0 -3.45 -5.9 0 7.43
4 0 -6.7 0 3.36 -6.76 0 3.19 -6.81 0 -.05 -6.76 0 -.22
4 0 -6.81 0 -.05 -6.76 0 3.19 -6.91 0 3.1 -6.95 0 .04
4 0 -6.95 0 .04 -6.91 0 3.1 -8.22 0 3.1 -8.17 0 .04
4 0 -8.31 0 -.05 -8.17 0 .04 -8.22 0 3.1 -8.37 0 3.19
3 0 -8.43 0 3.36 -9.13 0 8.03 -8.37 0 -.22
4 0 -8.37 0 -2.08 -8.37 0 -.22 -9.13 0 8.03 -9.11 0 -7.87
4 0 -9.11 0 -7.87 -8.37 0 -4.66 -8.31 0 -2.25 -8.37 0 -2.08
3 0 -9.11 0 -7.87 -8.37 0 -7 -8.37 0 -4.66
3 0 -8.31 0 -2.25 -8.37 0 -4.66 -8.31 0 -4.49
4 0 -8.31 0 -2.25 -8.31 0 -4.49 -8.17 0 -4.39 -8.17 0 -2.35
4 0 -6.95 0 -4.39 -5.88 0 -3.45 -6.81 0 -2.25 -6.95 0 -2.35
4 0 -8.17 0 -2.35 -8.17 0 -4.39 -6.95 0 -4.39 -6.95 0 -2.35
3 0 -6.76 0 -2.08 -6.81 0 -2.25 -5.88 0 -3.45
3 0 -6.95 0 -4.39 -6.81 0 -4.49 -5.88 0 -3.45
4 0 1.13 0 -4.73 1.74 0 -4.73 1.54 0 -3.46 -5.48 0 -3.45
4 0 -6.81 0 -4.49 -6.76 0 -4.66 -5.48 0 -3.45 -5.88 0 -3.45
3 0 1.74 0 -4.73 1.88 0 -4.61 1.54 0 -3.46
4 0 3.84 0 -4.61 2.5 0 -2.64 1.54 0 -3.46 1.88 0 -4.61
4 0 4.78 0 -6.84 3.57 0 -.81 3.57 0 -2.64 3.99 0 -4.73
3 0 1.54 0 -3.46 2.5 0 -2.64 2.5 0 -.81
4 0 2.5 0 -.81 3.57 0 -.81 3.57 0 .01 2.5 0 .01
3 0 3.57 0 1.84 3.57 0 .01 4.82 0 7.04
4 0 3.57 0 -.81 4.78 0 -6.84 4.82 0 7.04 3.57 0 .01
4 0 3.74 0 5.39 3.57 0 4.38 3.57 0 2.55 4.82 0 7.04
3 0 4.82 0 7.04 3.57 0 2.55 3.57 0 1.84
3 0 2.5 0 2.55 1.58 0 7.04 2.5 0 1.84
4 0 2.5 0 .01 2.5 0 1.84 1.58 0 7.04 1.54 0 -3.46
4 0 2.5 0 2.55 2.5 0 1.84 3.57 0 1.84 3.57 0 2.55
4 0 2.33 0 5.39 2.5 0 4.38 3.57 0 4.38 2.79 0 5.39
3 0 3.57 0 4.38 3.74 0 5.39 3.27 0 5.39
4 0 2.5 0 2.55 2.5 0 4.38 2.33 0 5.39 1.58 0 7.04
4 321 2.33 0 6.78 2.33 0 5.39 2.79 0 5.39 2.79 0 6.78
4 0 2.79 0 6.78 2.79 0 5.39 3.57 0 4.38 3.27 0 5.39
4 0 3.74 0 5.39 4.82 0 7.04 4.75 0 7.51 3.74 0 6.78
3 0 3.27 0 5.39 3.27 0 6.78 2.79 0 6.78
3 0 3.74 0 6.78 4.75 0 7.51 4.53 0 7.87
4 0 3.27 0 6.78 3.74 0 6.78 4.53 0 7.87 4.19 0 8.03
4 0 2.79 0 6.78 3.27 0 6.78 4.19 0 8.03 2.2 0 8.03
4 0 1.86 0 7.87 2.33 0 6.78 2.79 0 6.78 2.2 0 8.03
3 0 1.86 0 7.87 1.65 0 7.51 2.33 0 6.78
4 0 1.65 0 7.51 1.58 0 7.04 2.33 0 5.39 2.33 0 6.78
4 321 3.27 0 6.78 3.27 0 5.39 3.74 0 5.39 3.74 0 6.78
3 0 3.05 0 -5.66 3.6 0 -5.35 3.04 0 -5.53
4 0 3.04 0 -5.53 3.04 0 -5.16 2.21 0 -5.16 2.21 0 -5.53
4 0 3.05 0 -5.02 3.04 0 -5.16 3.04 0 -5.53 3.6 0 -5.35
4 0 1.2 0 -4.83 1.2 0 -6.67 1.74 0 -6.89 1.74 0 -4.73
4 0 1.88 0 -7 1.74 0 -6.89 1.2 0 -6.67 1.13 0 -6.76
4 0 3.68 0 -8.05 1.88 0 -7 1.13 0 -6.76 .18 0 -6.76
4 0 -.56 0 -6.67 .11 0 -6.67 .11 0 -4.83 -.56 0 -4.83
4 0 -.56 0 -6.67 -.63 0 -6.76 .18 0 -6.76 .11 0 -6.67
3 0 .18 0 -6.76 -.63 0 -6.76 3.68 0 -8.05
4 0 -1.59 0 -6.76 -5.46 0 -8.14 3.68 0 -8.05 -.63 0 -6.76
4 0 -1.66 0 -4.83 -2.35 0 -4.83 -2.35 0 -6.67 -1.66 0 -6.67
4 0 -2.42 0 -6.76 -1.59 0 -6.76 -1.66 0 -6.67 -2.35 0 -6.67
3 0 -1.59 0 -6.76 -2.42 0 -6.76 -5.46 0 -8.14
3 0 -2.42 0 -6.76 -3.37 0 -6.76 -5.46 0 -8.14
4 0 -4.17 0 -6.67 -3.44 0 -6.67 -3.44 0 -4.83 -4.17 0 -4.83
4 0 -4.17 0 -6.67 -4.24 0 -6.76 -3.37 0 -6.76 -3.44 0 -6.67
3 0 -3.37 0 -6.76 -4.24 0 -6.76 -5.46 0 -8.14
3 0 -4.24 0 -6.76 -5.2 0 -6.76 -5.46 0 -8.14
4 0 -5.27 0 -6.67 -6.76 0 -7 -5.46 0 -8.14 -5.2 0 -6.76
3 0 -6.76 0 -7 -6.81 0 -7.17 -5.46 0 -8.14
3 0 3.84 0 -7 1.88 0 -7 3.68 0 -8.05
4 0 4.61 0 -7.69 3.84 0 -7 3.68 0 -8.05 4.33 0 -7.94
4 0 4.76 0 -7.2 4.78 0 -6.84 3.99 0 -4.73 3.99 0 -6.89
4 0 3.84 0 -7 4.61 0 -7.69 4.76 0 -7.2 3.99 0 -6.89
4 0 -8.95 0 -8.18 -8.68 0 -8.38 -8.34 0 -8.45 -8.17 0 -7.26
4 0 -6.81 0 -7.17 -6.95 0 -7.26 -8.34 0 -8.45 -5.46 0 -8.14
3 0 -8.17 0 -7.26 -8.34 0 -8.45 -6.95 0 -7.26
3 0 -8.31 0 -7.17 -8.37 0 -7 -9.11 0 -7.87
4 0 -6.76 0 -7 -5.27 0 -6.67 -5.27 0 -4.83 -6.76 0 -4.66
3 0 1.13 0 -4.73 1.2 0 -4.83 1.74 0 -4.73
3 0 -6.76 0 -4.66 -5.27 0 -4.83 -5.2 0 -4.73
4 0 -3.37 0 -4.73 -4.24 0 -4.73 -4.17 0 -4.83 -3.44 0 -4.83
3 0 -6.76 0 -4.66 -5.2 0 -4.73 -4.24 0 -4.73
3 0 -5.48 0 -3.45 .18 0 -4.73 1.13 0 -4.73
4 0 -6.76 0 -4.66 -.63 0 -4.73 .18 0 -4.73 -5.48 0 -3.45
4 0 .11 0 -4.83 .18 0 -4.73 -.63 0 -4.73 -.56 0 -4.83
4 0 -2.42 0 -4.73 -2.35 0 -4.83 -1.66 0 -4.83 -1.59 0 -4.73
3 0 -1.59 0 -4.73 -.63 0 -4.73 -6.76 0 -4.66
3 0 -4.24 0 -4.73 -3.37 0 -4.73 -6.76 0 -4.66
3 0 -3.37 0 -4.73 -2.42 0 -4.73 -6.76 0 -4.66
4 0 2.73 0 -6.1 2.17 0 -6.27 2.72 0 -6.61 2.73 0 -6.47
3 0 2.73 0 -6.1 2.72 0 -5.96 2.17 0 -6.27
4 0 3.56 0 -6.47 3.56 0 -6.1 2.73 0 -6.1 2.73 0 -6.47
4 0 -8.03 0 3.81 -6.98 0 3.82 -6.98 0 4.25 -8.03 0 4.24
3 0 -6.7 0 4.73 -5.9 0 7.43 -6.7 0 5.85
3 0 -5.9 0 7.43 -6.7 0 7.22 -6.7 0 5.85
4 0 -6.7 0 4.73 -6.7 0 5.85 -6.76 0 5.67 -6.76 0 4.91
4 0 -6.76 0 4.91 -6.76 0 5.67 -6.91 0 5.58 -6.91 0 5
4 0 -6.91 0 5 -6.91 0 5.58 -8.22 0 5.58 -8.22 0 5
4 0 -8.22 0 5 -8.22 0 5.58 -8.37 0 5.67 -8.37 0 4.91
3 0 -9.13 0 8.03 -8.43 0 3.36 -8.43 0 4.73
3 0 -8.43 0 5.85 -9.13 0 8.03 -8.43 0 4.73
4 0 -6.98 0 6.16 -6.98 0 6.98 -7.4 0 6.98 -7.41 0 6.6
4 0 -8.03 0 6.16 -7.66 0 6.61 -7.67 0 6.98 -8.03 0 6.98
3 0 -6.76 0 7.39 -6.7 0 7.22 -5.9 0 7.43
4 0 -6.23 0 8.2 -6.76 0 7.39 -5.9 0 7.43 -6 0 7.91
4 0 -6.76 0 7.39 -6.23 0 8.2 -6.56 0 8.37 -6.91 0 7.48
4 0 -8.22 0 7.48 -6.91 0 7.48 -6.56 0 8.37 -8.17 0 8.67
4 0 -8.93 0 8.4 -8.22 0 7.48 -8.17 0 8.67 -8.58 0 8.64
3 0 -9.13 0 8.03 -8.43 0 5.85 -8.43 0 7.22
3 0 -9.13 0 8.03 -8.43 0 7.22 -8.37 0 7.39
4 0 -8.93 0 8.4 -9.13 0 8.03 -8.37 0 7.39 -8.22 0 7.48
4 0 -10.85 0 -2.7 -10.92 0 -2.41 -11.1 0 -2.19 -11.52 0 -2.88
4 0 -11.37 0 -2.07 -13.14 0 -2.07 -13.41 0 -2.19 -12.74 0 -2.88
4 0 -13.66 0 -2.7 -12.74 0 -2.88 -13.41 0 -2.19 -13.58 0 -2.41
3 0 -13.66 0 -2.7 -12.76 0 -4.28 -12.74 0 -2.88
4 0 -13.66 0 -6.56 -12.88 0 -5.09 -12.76 0 -4.28 -13.66 0 -2.7
4 0 -11.54 0 -4.28 -12.76 0 -4.28 -12.88 0 -5.09 -12.15 0 -5.09
4 0 -11.52 0 -2.88 -11.54 0 -4.28 -10.85 0 -6.56 -10.85 0 -2.7
4 0 -12.88 0 -5.09 -13.66 0 -6.56 -13.58 0 -6.85 -12.89 0 -6.43
4 0 -13.14 0 -7.19 -12.89 0 -6.43 -13.58 0 -6.85 -13.41 0 -7.08
4 0 -12.89 0 -6.43 -13.14 0 -7.19 -11.37 0 -7.19 -12.16 0 -6.43
3 0 -11.37 0 -7.19 -11.1 0 -7.08 -10.92 0 -6.85
4 0 -11.37 0 -7.19 -10.92 0 -6.85 -10.85 0 -6.56 -12.16 0 -6.43
4 0 8.41 0 -7.96 8.69 0 -6.82 8.05 0 -7.26 8.16 0 -7.65
4 0 13.51 0 -7.65 12.85 0 -6.94 12.67 0 -7.01 13.26 0 -7.96
3 0 13.61 0 -7.26 12.95 0 -5.18 12.95 0 -6.76
4 0 13.51 0 -7.65 13.61 0 -7.26 12.95 0 -6.76 12.85 0 -6.94
4 0 12.88 0 -8.12 10.16 0 -7.01 9.98 0 -6.94 8.78 0 -8.12
4 0 13.26 0 -7.96 12.67 0 -7.01 10.16 0 -7.01 12.88 0 -8.12
3 0 8.69 0 -5.28 8.05 0 -7.26 8.69 0 -6.82
4 0 8.41 0 -7.96 8.78 0 -8.12 9.09 0 -6.82 8.69 0 -6.82
4 0 9.09 0 -6.82 9.88 0 -6.76 9.88 0 -5.18 9.09 0 -5.28
4 0 9.88 0 -6.76 9.09 0 -6.82 8.78 0 -8.12 9.98 0 -6.94
4 0 9.98 0 -4.28 9.88 0 -4.09 8.69 0 -5.28 9.09 0 -5.28
4 0 9.98 0 -4.28 9.09 0 -5.28 9.88 0 -5.18 9.98 0 -5
3 0 8.69 0 -3.27 8.05 0 -7.26 8.69 0 -5.28
4 0 9.88 0 .22 9.09 0 -.65 9.09 0 -3.27 9.88 0 -4.09
4 0 8.69 0 -5.28 9.88 0 -4.09 9.09 0 -3.27 8.69 0 -3.27
4 0 10.16 0 -4.34 9.98 0 -4.28 9.98 0 -5 10.16 0 -4.93
3 0 12.95 0 -5.18 13.61 0 -7.26 12.95 0 -4.09
4 0 13.61 0 7.34 12.95 0 .22 12.95 0 -4.09 13.61 0 -7.26
4 0 12.85 0 -4.28 12.85 0 -5 12.95 0 -5.18 12.95 0 -4.09
4 0 12.67 0 -4.34 12.67 0 -4.93 12.85 0 -5 12.85 0 -4.28
4 0 10.16 0 -4.34 10.16 0 -4.93 12.67 0 -4.93 12.67 0 -4.34
3 0 8.69 0 -.64 9.09 0 -.65 8.85 0 1.2
4 0 9.09 0 -.65 9.88 0 .22 9.98 0 .4 8.85 0 1.2
3 0 8.05 0 -7.26 8.69 0 -3.27 8.69 0 -.64
4 0 8.85 0 1.2 8.05 0 7.34 8.05 0 -7.26 8.69 0 -.64
4 0 13.03 0 2.79 13.01 0 1.63 13.01 0 1.18 13.61 0 7.34
3 0 12.95 0 .22 13.61 0 7.34 13.01 0 1.18
3 0 8.85 0 1.2 9.98 0 .4 10.16 0 .47
4 0 8.85 0 1.2 10.16 0 .47 12.67 0 .47 13.01 0 1.18
3 0 12.85 0 .4 12.95 0 .22 13.01 0 1.18
4 0 9.07 0 2.42 8.85 0 1.64 13.01 0 1.63 12.67 0 2.42
3 0 13.61 0 7.34 13.03 0 6.64 13.03 0 2.79
4 0 11.54 0 3.99 12.24 0 3.59 12.24 0 5.84 11.55 0 5.44
3 0 13.01 0 1.63 13.03 0 2.79 12.67 0 2.42
4 0 12.24 0 3.59 11.92 0 3.26 12.67 0 2.42 13.03 0 2.79
3 0 12.24 0 3.59 11.54 0 3.99 11.92 0 3.26
4 0 10.19 0 3.99 9.82 0 3.26 11.92 0 3.26 11.54 0 3.99
4 0 9.07 0 2.42 9.82 0 3.26 9.5 0 3.59 8.71 0 2.79
4 0 8.05 0 7.34 8.85 0 1.2 8.85 0 1.64 8.71 0 2.79
3 0 8.71 0 2.79 8.85 0 1.64 9.07 0 2.42
4 0 12.67 0 7 11.92 0 6.17 12.24 0 5.84 13.03 0 6.64
4 0 13.51 0 7.73 12.67 0 7 13.03 0 6.64 13.61 0 7.34
4 0 12.24 0 5.84 11.92 0 6.17 9.82 0 6.17 9.5 0 5.84
3 0 8.05 0 7.34 8.71 0 2.79 8.71 0 6.64
4 0 8.71 0 6.64 9.07 0 7 8.16 0 7.73 8.05 0 7.34
4 0 8.78 0 8.19 9.07 0 7 12.67 0 7 12.88 0 8.19
4 0 8.16 0 7.73 9.07 0 7 8.78 0 8.19 8.41 0 8.03
4 0 13.51 0 7.73 13.26 0 8.03 12.88 0 8.19 12.67 0 7
4 0 9.82 0 3.26 10.19 0 3.99 9.5 0 5.84 9.5 0 3.59
4 0 9.5 0 5.84 10.19 0 5.44 11.55 0 5.44 12.24 0 5.84
3 0 9.5 0 5.84 10.19 0 3.99 10.19 0 5.44
4 0 14.43 0 -7.96 14.78 0 -6.94 14.11 0 -7.26 14.21 0 -7.65
4 0 15.19 0 -6.94 14.78 0 -6.94 14.43 0 -7.96 14.77 0 -8.12
4 0 18.12 0 -7.33 18.44 0 -8.12 18.78 0 -7.96 18.31 0 -7.26
4 0 18.78 0 -7.96 19 0 -7.65 19.09 0 -7.26 18.31 0 -7.26
4 0 18.41 0 1.69 18.41 0 .12 19.09 0 -7.26 19.09 0 7.34
3 0 18.41 0 -7.08 19.09 0 -7.26 18.41 0 .12
3 0 19.09 0 -7.26 18.41 0 -7.08 18.31 0 -7.26
4 0 15.19 0 -6.94 14.77 0 -8.12 16.21 0 -7.33 16.03 0 -7.26
3 0 15.93 0 -7.08 15.19 0 -4.33 15.19 0 -6.94
3 0 15.93 0 -7.08 15.19 0 -6.94 16.03 0 -7.26
4 0 15.93 0 .12 15.19 0 -3.25 15.19 0 -4.33 15.93 0 -7.08
3 0 15.93 0 .12 15.19 0 -.64 15.19 0 -3.25
3 0 14.11 0 -7.26 14.78 0 -6.94 14.78 0 -4.33
3 0 14.78 0 -3.25 14.11 0 -7.26 14.78 0 -4.33
4 0 15.19 0 -.64 15.93 0 .12 14.78 0 1.72 14.78 0 -.64
4 0 16.03 0 .3 15.19 0 1.72 14.78 0 1.72 15.93 0 .12
3 0 14.11 0 -7.26 14.78 0 -3.25 14.78 0 -.64
4 0 14.11 0 -7.26 14.78 0 -.64 14.78 0 1.72 14.11 0 7.34
4 0 15.82 0 1.69 15.19 0 1.72 16.03 0 .3 15.92 0 1.51
4 0 16.21 0 .37 16.1 0 1.44 15.92 0 1.51 16.03 0 .3
4 0 18.12 0 .37 18.12 0 1.44 16.1 0 1.44 16.21 0 .37
4 0 18.31 0 1.51 18.12 0 1.44 18.12 0 .37 18.31 0 .3
4 0 15.19 0 1.72 15.82 0 1.69 15.82 0 3.94 15.19 0 2.64
4 0 15.82 0 3.94 15.19 0 3.3 14.78 0 2.66 15.19 0 2.64
4 0 15.19 0 3.3 15.82 0 3.94 15.82 0 4.99 15.19 0 5.56
4 0 15.92 0 4.12 15.92 0 4.81 15.82 0 4.99 15.82 0 3.94
3 0 18.41 0 3.94 18.41 0 1.69 19.09 0 7.34
4 0 19 0 7.73 18.41 0 7.24 18.41 0 4.99 19.09 0 7.34
3 0 18.41 0 3.94 19.09 0 7.34 18.41 0 4.99
4 0 18.31 0 4.12 18.41 0 3.94 18.41 0 4.99 18.31 0 4.81
4 0 18.12 0 4.74 18.12 0 4.19 18.31 0 4.12 18.31 0 4.81
4 0 18.12 0 4.19 18.12 0 4.74 16.1 0 4.74 16.1 0 4.19
4 0 15.92 0 4.81 15.92 0 4.12 16.1 0 4.19 16.1 0 4.74
3 0 14.78 0 2.66 15.19 0 3.3 14.78 0 3.29
4 0 15.82 0 7.24 15.19 0 6.16 15.19 0 5.56 15.82 0 4.99
4 0 15.19 0 5.56 15.19 0 6.16 14.78 0 6.16 14.78 0 5.58
3 0 14.11 0 7.34 14.78 0 1.72 14.78 0 2.66
3 0 14.78 0 5.58 14.78 0 6.16 14.11 0 7.34
4 0 14.78 0 6.16 14.78 0 7.08 14.21 0 7.73 14.11 0 7.34
4 0 15.19 0 6.16 15.82 0 7.24 15.92 0 7.42 15.19 0 7.06
4 0 14.77 0 8.19 14.43 0 8.03 14.21 0 7.73 14.78 0 7.08
4 0 14.78 0 7.08 15.19 0 7.06 15.92 0 7.42 14.77 0 8.19
4 0 18.12 0 7.49 18.44 0 8.19 14.77 0 8.19 16.1 0 7.49
3 0 16.1 0 7.49 14.77 0 8.19 15.92 0 7.42
4 0 18.44 0 8.19 18.31 0 7.42 19 0 7.73 18.78 0 8.03
3 0 18.31 0 7.42 18.44 0 8.19 18.12 0 7.49
3 0 18.31 0 7.42 18.41 0 7.24 19 0 7.73
4 0 17.28 0 6.65 17.27 0 6.04 17.68 0 5.56 17.7 0 6.64
4 0 16.96 0 6.62 16.56 0 6.63 16.55 0 5.58 16.98 0 6.4
4 0 16.55 0 5.58 17.16 0 6.03 17.16 0 6.39 16.98 0 6.4
4 0 17.27 0 6.04 17.16 0 6.03 16.55 0 5.58 17.68 0 5.56
4 0 17.69 0 2.99 16.56 0 2.99 16.56 0 2.56 17.69 0 2.54
4 0 17.54 0 -2.67 17.55 0 -.55 16.85 0 -.54 16.84 0 -2.66
4 0 17.88 0 -3.47 16.6 0 -3.46 16.59 0 -3.89 17.88 0 -3.91
4 0 17.55 0 -4.56 16.87 0 -4.55 16.84 0 -6.68 17.54 0 -6.69
3 0 -4.73 0 -.1 -5.52 0 -1.17 -4.64 0 -.49
4 0 -5.48 0 -1.59 -4.42 0 -.82 -4.64 0 -.49 -5.52 0 -1.17
4 0 -5.48 0 -1.59 -5.28 0 -1.96 -4.92 0 -2.16 -4.42 0 -.82
4 0 -.25 0 -.96 -4.04 0 -.96 -4.5 0 -2.21 -.04 0 -2.21
4 0 -.04 0 -2.21 .43 0 -2.17 .14 0 -.82 -.25 0 -.96
4 0 .43 0 -2.17 .85 0 -1.97 1.06 0 -1.55 .14 0 -.82
4 0 1.1 0 6.51 .37 0 -.1 .33 0 -.49 1.11 0 -1.09
4 0 1.06 0 -1.55 1.11 0 -1.09 .33 0 -.49 .14 0 -.82
4 0 -4.92 0 -2.16 -4.5 0 -2.21 -4.04 0 -.96 -4.42 0 -.82
3 0 -4.24 0 6.12 -3.47 0 3.67 -3.47 0 5.9
4 0 -4.24 0 6.12 -3.47 0 5.9 -3 0 5.9 -4.42 0 7.53
4 0 -.1 0 6.13 -.04 0 7.54 -4.42 0 7.53 -3 0 5.9
4 0 .35 0 6.13 .4 0 7.49 -.04 0 7.54 -.1 0 6.13
4 0 -5.52 0 -1.17 -4.73 0 -.1 -4.71 0 6.13 -5.53 0 6.56
4 0 .37 0 -.1 1.1 0 6.51 1.04 0 6.95 .35 0 6.13
4 0 1.04 0 6.95 .81 0 7.32 .4 0 7.49 .35 0 6.13
4 0 -4.24 0 6.12 -4.42 0 7.53 -4.82 0 7.5 -4.71 0 6.13
3 0 -4.82 0 7.5 -5.2 0 7.36 -5.41 0 7.03
4 0 -4.23 0 .44 -3.47 0 3.16 -3.47 0 3.67 -4.24 0 6.12
4 0 -3 0 3.17 -2.43 0 3.25 -2.43 0 3.75 -3 0 3.66
4 0 -3 0 3.17 -3 0 3.66 -3.47 0 3.67 -3.47 0 3.16
4 0 -1.35 0 1.79 -1.36 0 4.69 -1.93 0 3.75 -1.93 0 3.25
4 0 -1.91 0 5.09 -1.93 0 4.74 -1.93 0 3.75 -1.36 0 4.69
4 0 -.1 0 6.13 -.9 0 4.69 -.88 0 1.2 -.09 0 .53
4 0 -1.37 0 5.2 -1.36 0 4.69 -.9 0 4.69 -.89 0 5.19
4 0 -2.43 0 3.75 -2.43 0 4.74 -3 0 5.9 -3 0 3.66
3 0 -2.46 0 5.1 -2.48 0 5.47 -3 0 5.9
3 0 -2.46 0 5.1 -3 0 5.9 -2.43 0 4.74
4 0 -2.46 0 5.1 -2.43 0 4.74 -1.93 0 4.74 -1.91 0 5.09
3 0 -.1 0 6.13 -.89 0 5.9 -.89 0 5.19
4 0 -1.36 0 4.69 -1.37 0 5.2 -1.92 0 5.47 -1.91 0 5.09
3 0 -1.36 0 5.9 -.89 0 5.9 -.1 0 6.13
4 0 -1.37 0 5.2 -1.36 0 5.9 -2 0 5.66 -1.92 0 5.47
3 0 -1.36 0 5.9 -.1 0 6.13 -3 0 5.9
3 0 -3 0 5.9 -2.48 0 5.47 -2.38 0 5.65
3 0 -2.19 0 5.72 -2 0 5.66 -1.36 0 5.9
3 0 -3 0 5.9 -2.38 0 5.65 -2.19 0 5.72
3 0 -3.47 0 1.25 -3.47 0 3.16 -4.23 0 .44
4 0 -3.69 0 -.02 -4.23 0 .44 -4.15 0 .19 -3.95 0 .03
4 0 -.56 0 0 -1.39 0 .74 -2.94 0 .74 -3.69 0 -.02
4 0 -.32 0 .08 -.15 0 .28 -.09 0 .53 -.56 0 0
3 0 -.09 0 .53 -.88 0 1.2 -.96 0 .96
3 0 -3.69 0 -.02 -2.94 0 .74 -3.22 0 .8
4 0 -3.47 0 1.25 -4.23 0 .44 -3.69 0 -.02 -3.41 0 .98
4 0 -.09 0 .53 -.96 0 .96 -1.14 0 .8 -.56 0 0
3 0 -1.14 0 .8 -1.39 0 .74 -.56 0 0
4 0 -2.43 0 3.25 -3 0 3.17 -3 0 1.81 -2.43 0 2.27
3 0 -3 0 1.81 -2.92 0 1.68 -2.43 0 2.27
4 0 -2.43 0 2.27 -2.92 0 1.68 -1.45 0 1.68 -1.93 0 2.26
4 0 -1.93 0 3.25 -1.93 0 2.26 -1.45 0 1.68 -1.35 0 1.79
4 5 -12.89 0 -6.43 -12.16 0 -6.43 -12.15 0 -5.09 -12.88 0 -5.09
4 5 10.19 0 3.99 11.54 0 3.99 11.55 0 5.44 10.19 0 5.44
4 5 -4.42 0 -.82 -4.04 0 -.96 -3.69 0 -.02 -3.95 0 .03
4 5 -18.1 0 5.09 -16.66 0 5.09 -16.66 0 5.75 -18.1 0 5.75
4 5 -18.1 0 3.84 -16.66 0 3.85 -16.66 0 4.51 -18.1 0 4.51
4 5 -18.1 0 6.27 -16.66 0 6.27 -16.66 0 6.94 -18.1 0 6.94
4 5 -18.55 0 -6.09 -17.74 0 -6.09 -17.73 0 -4.47 -18.54 0 -4.47
4 5 -7.8 0 -5.2 -7.8 0 -6.39 -7.35 0 -6.39 -7.35 0 -5.2
4 5 -4.64 0 -.49 -4.15 0 .19 -4.23 0 .44 -4.73 0 -.1
4 5 -.56 0 0 -.25 0 -.96 .14 0 -.82 -.32 0 .08
4 5 .37 0 -.1 -.32 0 .08 .14 0 -.82 .33 0 -.49
4 5 .37 0 -.1 .35 0 6.13 -.1 0 6.13 -.09 0 .53
4 5 -4.04 0 -.96 -.25 0 -.96 -.56 0 0 -3.69 0 -.02
4 5 -4.73 0 -.1 -4.23 0 .44 -4.24 0 6.12 -4.71 0 6.13
3 5 .37 0 -.1 -.09 0 .53 -.15 0 .28
3 5 .37 0 -.1 -.15 0 .28 -.32 0 .08
4 5 -4.42 0 -.82 -3.95 0 .03 -4.15 0 .19 -4.64 0 -.49
3 16 -16.84 0 3.09 -16.67 0 2.95 -16.66 0 3.85
4 16 -18.1 0 4.51 -16.66 0 4.51 -16.66 0 5.09 -18.1 0 5.09
4 16 -16.66 0 6.27 -18.1 0 6.27 -18.1 0 5.75 -16.66 0 5.75
4 16 -18.61 0 7.63 -18.97 0 7.19 -18.1 0 6.27 -18.1 0 6.94
4 16 -20 0 -10 -9.2 0 -9.52 -9.45 0 -9.36 -13.76 0 -9.54
4 16 -18.89 0 -4.08 -18.94 0 -4.24 -18.54 0 -4.47 -18.75 0 -4
4 16 -14.37 0 3.91 -11.37 0 -2.07 -11.1 0 -2.19 -10.09 0 7.6
4 16 6.84 0 2.89 6.84 0 3.95 6.53 0 4.06 6.53 0 3
4 16 9.09 0 -3.27 9.09 0 -.65 8.69 0 -.64 8.69 0 -3.27
4 16 15.19 0 1.72 15.19 0 2.64 14.78 0 2.66 14.78 0 1.72
4 16 -19.42 0 -4.1 -19.42 0 1.98 -20 0 10 -20 0 -10
3 16 -20 0 -10 -19.42 0 -6.54 -19.42 0 -4.1
4 16 -19.42 0 -4.1 -19.35 0 -3.84 -19.31 0 1.59 -19.42 0 1.98
4 16 -19.35 0 -3.84 -19.19 0 -3.64 -19.06 0 1.29 -19.31 0 1.59
4 16 -18.69 0 1.13 -19.06 0 1.29 -19.19 0 -3.64 -18.94 0 -3.53
4 16 -18.94 0 -3.53 -17.28 0 -3.53 -16.18 0 1.13 -18.69 0 1.13
3 16 -15.81 0 1.29 -16.18 0 1.13 -14.89 0 0
4 16 -17.04 0 -3.64 -14.89 0 0 -16.18 0 1.13 -17.28 0 -3.53
3 16 -15.56 0 1.59 -15.81 0 1.29 -14.89 0 0
3 16 -16.87 0 -3.84 -16.8 0 -4.1 -14.81 0 -3.83
4 16 -16.87 0 -3.84 -14.81 0 -3.83 -14.89 0 0 -17.04 0 -3.64
4 16 -15.45 0 1.98 -14.81 0 3.82 -14.63 0 7.47 -15.45 0 7.25
4 16 -14.81 0 3.82 -15.45 0 1.98 -15.56 0 1.59 -14.89 0 0
3 16 -18.22 0 2.87 -18.97 0 2.04 -18.18 0 2.66
3 16 -18.97 0 2.04 -18.87 0 1.76 -18.61 0 1.6
3 16 -16.27 0 1.6 -16 0 1.76 -15.9 0 2.04
3 16 -15.9 0 2.04 -16.65 0 2.73 -16.78 0 2.56
4 16 -15.9 0 2.04 -16.78 0 2.56 -16.99 0 2.53 -16.27 0 1.6
4 16 -16.27 0 1.6 -16.99 0 2.53 -17.8 0 2.57 -18.61 0 1.6
4 16 -18.18 0 2.66 -18.97 0 2.04 -18.61 0 1.6 -18.01 0 2.54
3 16 -18.61 0 1.6 -17.8 0 2.57 -18.01 0 2.54
4 16 -17.69 0 2.75 -17.8 0 2.57 -16.99 0 2.53 -17.15 0 2.67
4 16 -17.15 0 2.67 -17.18 0 2.88 -17.72 0 2.96 -17.69 0 2.75
4 16 -17.18 0 2.88 -17.05 0 3.05 -17.88 0 3.09 -17.72 0 2.96
3 16 -17.88 0 3.09 -17.05 0 3.05 -18.1 0 3.84
4 16 -18.97 0 2.04 -18.22 0 2.87 -18.09 0 3.05 -18.1 0 3.84
4 16 -16.84 0 3.09 -16.66 0 3.85 -18.1 0 3.84 -17.05 0 3.05
3 16 -18.1 0 3.84 -18.09 0 3.05 -17.88 0 3.09
4 16 -16.66 0 3.85 -16.67 0 2.95 -16.65 0 2.73 -15.9 0 2.04
4 16 -16.66 0 3.85 -15.9 0 2.04 -15.9 0 7.19 -16.66 0 4.51
3 16 -15.9 0 7.19 -16.66 0 5.75 -16.66 0 5.09
4 16 -18.97 0 2.04 -18.1 0 4.51 -18.1 0 5.09 -18.97 0 7.19
3 16 -16.66 0 4.51 -15.9 0 7.19 -16.66 0 5.09
3 16 -18.97 0 2.04 -18.1 0 3.84 -18.1 0 4.51
3 16 -18.97 0 7.19 -18.1 0 5.09 -18.1 0 5.75
3 16 -18.1 0 6.27 -18.97 0 7.19 -18.1 0 5.75
3 16 -16.66 0 5.75 -15.9 0 7.19 -16.66 0 6.27
4 16 -16.66 0 6.27 -15.9 0 7.19 -16 0 7.48 -16.66 0 6.94
4 16 -18.1 0 6.94 -16.66 0 6.94 -16 0 7.48 -16.27 0 7.63
3 16 -16.27 0 7.63 -18.61 0 7.63 -18.1 0 6.94
3 16 -18.61 0 7.63 -18.87 0 7.48 -18.97 0 7.19
4 16 -14.46 0 8.78 -15.56 0 7.64 -15.45 0 7.25 -14.63 0 7.47
3 16 -15.81 0 7.95 -15.56 0 7.64 -14.46 0 8.78
4 16 -9.35 0 9.53 -20 0 10 -14.23 0 9.54 -13.76 0 9.53
4 16 -14.23 0 9.54 -16.18 0 8.11 -15.81 0 7.95 -14.46 0 8.78
4 16 20 0 10 -20 0 10 -9.35 0 9.53 -5.47 0 9.54
3 16 -5.47 0 9.54 -5.53 0 6.56 -5.41 0 7.03
3 16 -5.47 0 9.54 -5.41 0 7.03 -5.2 0 7.36
4 16 -18.69 0 8.11 -16.18 0 8.11 -14.23 0 9.54 -20 0 10
3 16 -5.47 0 9.54 -5.2 0 7.36 -4.82 0 7.5
3 16 -5.47 0 9.54 -4.82 0 7.5 -4.42 0 7.53
4 16 -4.42 0 7.53 -.04 0 7.54 2.2 0 8.03 -5.47 0 9.54
4 16 .4 0 7.49 1.86 0 7.87 2.2 0 8.03 -.04 0 7.54
3 16 -20 0 10 -19.42 0 1.98 -19.42 0 7.25
4 16 20 0 -10 20 0 10 19.09 0 7.34 19.09 0 -7.26
3 16 -20 0 10 -19.42 0 7.25 -19.31 0 7.64
3 16 -20 0 10 -19.31 0 7.64 -19.06 0 7.95
3 16 19 0 7.73 19.09 0 7.34 20 0 10
3 16 18.78 0 8.03 19 0 7.73 20 0 10
3 16 -20 0 10 -19.06 0 7.95 -18.69 0 8.11
3 16 18.44 0 8.19 18.78 0 8.03 20 0 10
3 16 14.77 0 8.19 18.44 0 8.19 20 0 10
3 16 -5.48 0 -1.59 -5.52 0 -1.17 -5.48 0 -3.45
4 16 5.5 0 2.75 5.49 0 7.33 4.75 0 7.51 4.82 0 7.04
4 16 4.19 0 8.03 4.53 0 7.87 5.61 0 7.79 5.61 0 9.51
4 16 5.49 0 7.33 5.61 0 7.79 4.53 0 7.87 4.75 0 7.51
4 16 8.78 0 8.19 7.05 0 9.51 7.04 0 7.75 8.41 0 8.03
4 16 7.21 0 7.59 8.16 0 7.73 8.41 0 8.03 7.04 0 7.75
4 16 7.27 0 7.38 8.05 0 7.34 8.16 0 7.73 7.21 0 7.59
4 16 -5.47 0 9.54 2.2 0 8.03 4.19 0 8.03 5.61 0 9.51
3 16 -5.28 0 -1.96 -5.48 0 -1.59 -5.48 0 -3.45
3 16 -4.92 0 -2.16 -5.28 0 -1.96 -5.48 0 -3.45
4 16 7.21 0 2.46 7.04 0 2.31 7.04 0 -2.35 7.21 0 -2.49
4 16 7.21 0 2.46 7.21 0 -2.49 7.26 0 -2.7 7.26 0 2.67
4 16 8.05 0 -7.26 8.05 0 7.34 7.27 0 7.38 7.26 0 2.67
4 16 7.27 0 -7.41 8.05 0 -7.26 7.26 0 2.67 7.26 0 -2.7
3 16 7.05 0 9.51 8.78 0 8.19 12.88 0 8.19
3 16 -4.92 0 -2.16 -5.48 0 -3.45 -4.5 0 -2.21
3 16 -4.5 0 -2.21 -5.48 0 -3.45 -.04 0 -2.21
4 16 -5.48 0 -3.45 1.54 0 -3.46 .43 0 -2.17 -.04 0 -2.21
3 16 .85 0 -1.97 .43 0 -2.17 1.54 0 -3.46
3 16 1.06 0 -1.55 .85 0 -1.97 1.54 0 -3.46
3 16 1.11 0 -1.09 1.06 0 -1.55 1.54 0 -3.46
4 16 1.54 0 -3.46 1.58 0 7.04 1.1 0 6.51 1.11 0 -1.09
3 16 1.04 0 6.95 1.1 0 6.51 1.58 0 7.04
4 16 1.58 0 7.04 1.65 0 7.51 .81 0 7.32 1.04 0 6.95
4 16 1.65 0 7.51 1.86 0 7.87 .4 0 7.49 .81 0 7.32
4 16 14.11 0 7.34 13.61 0 7.34 13.61 0 -7.26 14.11 0 -7.26
4 16 14.11 0 7.34 14.21 0 7.73 13.51 0 7.73 13.61 0 7.34
4 16 14.21 0 7.73 14.43 0 8.03 13.26 0 8.03 13.51 0 7.73
4 16 14.43 0 8.03 14.77 0 8.19 12.88 0 8.19 13.26 0 8.03
4 16 7.05 0 9.51 12.88 0 8.19 14.77 0 8.19 20 0 10
4 16 7.05 0 9.51 20 0 10 -5.47 0 9.54 5.61 0 9.51
3 16 20 0 -10 19.09 0 -7.26 19 0 -7.65
3 16 20 0 -10 19 0 -7.65 18.78 0 -7.96
3 16 -19.35 0 -6.8 -19.42 0 -6.54 -20 0 -10
3 16 -19.19 0 -7 -19.35 0 -6.8 -20 0 -10
3 16 20 0 -10 18.78 0 -7.96 18.44 0 -8.12
3 16 20 0 -10 18.44 0 -8.12 14.77 0 -8.12
3 16 -18.94 0 -7.11 -19.19 0 -7 -20 0 -10
4 16 14.11 0 -7.26 13.61 0 -7.26 13.51 0 -7.65 14.21 0 -7.65
4 16 14.21 0 -7.65 13.51 0 -7.65 13.26 0 -7.96 14.43 0 -7.96
4 16 14.43 0 -7.96 13.26 0 -7.96 12.88 0 -8.12 14.77 0 -8.12
4 16 -14.23 0 -9.55 -14.46 0 -8.78 -17.04 0 -7 -17.28 0 -7.11
4 16 -18.94 0 -7.11 -20 0 -10 -14.23 0 -9.55 -17.28 0 -7.11
4 16 14.77 0 -8.12 12.88 0 -8.12 7.05 0 -9.54 20 0 -10
3 16 12.88 0 -8.12 8.78 0 -8.12 7.05 0 -9.54
3 16 -14.81 0 -3.83 -16.8 0 -4.1 -16.8 0 -6.54
4 16 -14.81 0 -3.83 -16.8 0 -6.54 -16.87 0 -6.8 -14.63 0 -7.48
4 16 -16.87 0 -6.8 -17.04 0 -7 -14.46 0 -8.78 -14.63 0 -7.48
4 16 8.05 0 -7.26 7.27 0 -7.41 7.21 0 -7.62 8.16 0 -7.65
4 16 7.21 0 -7.62 7.04 0 -7.78 8.41 0 -7.96 8.16 0 -7.65
4 16 7.04 0 -7.78 7.05 0 -9.54 8.78 0 -8.12 8.41 0 -7.96
4 16 3.68 0 -8.05 5.61 0 -9.54 5.61 0 -7.82 4.33 0 -7.94
4 16 -20 0 -10 20 0 -10 7.05 0 -9.54 5.61 0 -9.54
4 16 -14.16 0 -7.84 -14.01 0 -8.83 -13.76 0 -9.54 -13.14 0 -7.19
3 16 -13.76 0 -9.54 -14.23 0 -9.55 -20 0 -10
3 16 -20 0 -10 5.61 0 -9.54 -5.47 0 -9.54
3 16 -13.66 0 -6.56 -14.16 0 -7.84 -13.58 0 -6.85
3 16 -13.58 0 -6.85 -14.16 0 -7.84 -13.41 0 -7.08
3 16 -13.41 0 -7.08 -14.16 0 -7.84 -13.14 0 -7.19
4 16 5.5 0 -2.78 5.6 0 -2.38 5.6 0 2.35 5.5 0 2.75
4 16 5.5 0 -2.78 4.78 0 -6.84 4.76 0 -7.2 5.49 0 -7.36
4 16 5.5 0 -2.78 5.5 0 2.75 4.82 0 7.04 4.78 0 -6.84
4 16 5.61 0 -7.82 5.49 0 -7.36 4.76 0 -7.2 4.61 0 -7.69
3 16 5.61 0 -7.82 4.61 0 -7.69 4.33 0 -7.94
4 16 -13.14 0 -7.19 -13.76 0 -9.54 -10 0 -8.33 -11.37 0 -7.19
3 16 -10 0 -8.33 -13.76 0 -9.54 -9.74 0 -9.01
4 16 -5.46 0 -8.14 -5.47 0 -9.54 5.61 0 -9.54 3.68 0 -8.05
4 16 -10.09 0 7.6 -10.85 0 -2.7 -10.85 0 -6.56 -10.08 0 -7.57
4 16 -11.1 0 -7.08 -11.37 0 -7.19 -10 0 -8.33 -10.08 0 -7.57
3 16 -10.08 0 -7.57 -10.85 0 -6.56 -10.92 0 -6.85
3 16 -10.08 0 -7.57 -10.92 0 -6.85 -11.1 0 -7.08
3 16 -20 0 -10 -5.47 0 -9.54 -9.2 0 -9.52
3 16 -9.45 0 -9.36 -9.74 0 -9.01 -13.76 0 -9.54
4 16 -17.53 0 -4 -17.73 0 -4.47 -17.34 0 -4.31 -17.34 0 -4.24
3 16 -17.53 0 -4 -17.34 0 -4.24 -17.39 0 -4.08
4 16 -17.73 0 -4.47 -17.53 0 -4 -18.75 0 -4 -18.54 0 -4.47
4 16 -18.94 0 -4.24 -18.94 0 -6.29 -18.55 0 -6.09 -18.54 0 -4.47
4 16 -14.01 0 8.82 -14.16 0 7.84 -14.37 0 3.91 -10.09 0 7.6
4 16 -13.14 0 -2.07 -11.37 0 -2.07 -14.37 0 3.91 -14.45 0 0
4 16 -13.58 0 -2.41 -14.45 0 0 -14.37 0 -3.92 -13.66 0 -2.7
4 16 -14.16 0 -7.84 -13.66 0 -6.56 -13.66 0 -2.7 -14.37 0 -3.92
4 16 -13.76 0 9.53 -14.01 0 8.82 -10.09 0 7.6 -10.02 0 8.38
3 16 -9.61 0 9.3 -9.35 0 9.53 -13.76 0 9.53
3 16 -9.87 0 8.87 -9.61 0 9.3 -13.76 0 9.53
3 16 -14.45 0 0 -13.58 0 -2.41 -13.41 0 -2.19
3 16 -10.02 0 8.38 -9.87 0 8.87 -13.76 0 9.53
3 16 -14.45 0 0 -13.41 0 -2.19 -13.14 0 -2.07
3 16 -10.85 0 -2.7 -10.09 0 7.6 -10.92 0 -2.41
3 16 -10.92 0 -2.41 -10.09 0 7.6 -11.1 0 -2.19
4 16 5.92 0 2.89 6.23 0 3 6.23 0 4.06 5.92 0 3.95
4 16 6.23 0 3 6.53 0 3 6.53 0 4.06 6.23 0 4.06
4 16 6.53 0 5.95 6.53 0 4.54 6.84 0 4.43 6.84 0 5.84
4 16 5.92 0 4.43 6.23 0 4.54 6.23 0 5.95 5.92 0 5.84
4 16 6.53 0 5.95 6.23 0 5.95 6.23 0 4.54 6.53 0 4.54
4 16 6.53 0 7.48 6.53 0 6.42 6.84 0 6.31 6.84 0 7.37
4 16 5.92 0 6.31 6.23 0 6.42 6.23 0 7.48 5.92 0 7.37
4 16 6.23 0 6.42 6.53 0 6.42 6.53 0 7.48 6.23 0 7.48
3 16 6.84 0 -3.98 6.84 0 -2.92 6.53 0 -3.03
4 16 6.23 0 -4.09 6.23 0 -3.03 5.92 0 -2.92 5.92 0 -3.98
4 16 6.84 0 -3.98 6.53 0 -3.03 6.23 0 -3.03 6.53 0 -4.09
3 16 6.23 0 -4.09 6.53 0 -4.09 6.23 0 -3.03
4 16 6.23 0 -5.98 6.23 0 -4.57 5.92 0 -4.46 5.92 0 -5.87
4 16 6.84 0 -4.46 6.53 0 -4.57 6.53 0 -5.98 6.84 0 -5.87
4 16 6.53 0 -4.57 6.23 0 -4.57 6.23 0 -5.98 6.53 0 -5.98
4 16 6.23 0 -7.51 6.23 0 -6.45 5.92 0 -6.34 5.92 0 -7.4
4 16 6.84 0 -6.34 6.53 0 -6.45 6.53 0 -7.51 6.84 0 -7.4
4 16 6.53 0 -6.45 6.23 0 -6.45 6.23 0 -7.51 6.53 0 -7.51
4 16 9.09 0 -5.28 8.69 0 -5.28 8.69 0 -6.82 9.09 0 -6.82
4 16 8.85 0 1.64 8.85 0 1.2 13.01 0 1.18 13.01 0 1.63
4 16 14.78 0 -4.33 14.78 0 -6.94 15.19 0 -6.94 15.19 0 -4.33
4 16 14.78 0 -.64 14.78 0 -3.25 15.19 0 -3.25 15.19 0 -.64
4 16 14.78 0 5.58 14.78 0 3.29 15.19 0 3.3 15.19 0 5.56
4 16 14.78 0 7.08 14.78 0 6.16 15.19 0 6.16 15.19 0 7.06
4 16 -18.75 0 -6.63 -18.55 0 -6.09 -18.94 0 -6.29 -18.94 0 -6.39
3 16 -18.94 0 -6.39 -18.89 0 -6.54 -18.75 0 -6.63
4 16 -17.39 0 -6.54 -17.34 0 -6.39 -17.74 0 -6.09 -17.53 0 -6.63
4 16 -17.34 0 -6.39 -17.34 0 -4.31 -17.73 0 -4.47 -17.74 0 -6.09
4 16 -17.53 0 -6.63 -17.74 0 -6.09 -18.55 0 -6.09 -18.75 0 -6.63
4 19 -6.95 0 .04 -8.17 0 .04 -8.37 0 -.22 -6.76 0 -.22
4 19 2.73 0 -6.47 2.72 0 -6.61 3.84 0 -7 3.56 0 -6.47
4 19 -7.35 0 -6.39 -7.8 0 -6.39 -8.37 0 -7 -8.17 0 -7.26
4 19 -8.37 0 -7 -7.8 0 -6.39 -7.8 0 -5.2 -8.37 0 -4.66
4 19 .11 0 -4.83 .11 0 -6.67 1.2 0 -6.67 1.2 0 -4.83
4 19 -1.66 0 -4.83 -1.66 0 -6.67 -.56 0 -6.67 -.56 0 -4.83
4 19 -8.43 0 4.73 -8.43 0 3.36 -8.03 0 3.81 -8.03 0 4.24
4 19 11.82 0 -3.57 12.67 0 -4.34 12.95 0 -4.09 12.21 0 -3.58
4 19 11.82 0 -5.64 12.24 0 -5.64 12.95 0 -5.18 12.67 0 -4.93
4 19 11.82 0 -6.31 12.67 0 -7.01 12.95 0 -6.76 12.22 0 -6.33
4 19 16.98 0 6.4 17.16 0 6.39 17.28 0 6.65 16.96 0 6.62
4 19 18.41 0 7.24 17.7 0 6.64 17.68 0 5.56 18.41 0 4.99
4 19 15.92 0 4.12 15.82 0 3.94 16.56 0 2.99 16.1 0 4.19
4 19 16.85 0 -.54 17.55 0 -.55 18.41 0 .12 18.12 0 .37
4 19 17.54 0 -6.69 18.41 0 -7.08 17.88 0 -3.91 17.55 0 -4.56
3 19 -6.76 0 -.22 -6.81 0 -.05 -6.95 0 .04
3 19 -8.17 0 .04 -8.31 0 -.05 -8.37 0 -.22
4 19 -6.76 0 -.22 -8.37 0 -.22 -8.37 0 -2.08 -6.76 0 -2.08
3 19 -8.37 0 -2.08 -8.31 0 -2.25 -8.17 0 -2.35
4 19 -6.76 0 -2.08 -8.37 0 -2.08 -8.17 0 -2.35 -6.95 0 -2.35
3 19 -6.95 0 -2.35 -6.81 0 -2.25 -6.76 0 -2.08
4 19 2.5 0 -2.64 3.57 0 -2.64 3.57 0 -.81 2.5 0 -.81
4 19 2.5 0 .01 3.57 0 .01 3.57 0 1.84 2.5 0 1.84
4 19 2.5 0 2.55 3.57 0 2.55 3.57 0 4.38 2.5 0 4.38
4 19 3.05 0 -5.02 3.6 0 -5.35 3.99 0 -4.73 3.84 0 -4.61
4 19 2.21 0 -5.16 3.05 0 -5.02 3.84 0 -4.61 1.88 0 -4.61
3 19 2.21 0 -5.16 3.04 0 -5.16 3.05 0 -5.02
4 19 3.05 0 -5.66 3.04 0 -5.53 2.21 0 -5.53 2.72 0 -5.96
4 19 1.88 0 -4.61 1.74 0 -4.73 2.21 0 -5.53 2.21 0 -5.16
4 19 1.74 0 -4.73 1.74 0 -6.89 2.17 0 -6.27 2.21 0 -5.53
4 19 2.72 0 -5.96 2.73 0 -6.1 3.56 0 -6.1 3.05 0 -5.66
3 19 2.21 0 -5.53 2.17 0 -6.27 2.72 0 -5.96
4 19 3.99 0 -6.89 3.99 0 -4.73 3.6 0 -5.35 3.56 0 -6.1
3 19 3.6 0 -5.35 3.05 0 -5.66 3.56 0 -6.1
4 19 3.56 0 -6.1 3.56 0 -6.47 3.84 0 -7 3.99 0 -6.89
4 19 2.72 0 -6.61 2.17 0 -6.27 1.74 0 -6.89 1.88 0 -7
3 19 1.88 0 -7 3.84 0 -7 2.72 0 -6.61
3 19 -8.37 0 -7 -8.31 0 -7.17 -8.17 0 -7.26
3 19 -6.95 0 -7.26 -6.81 0 -7.17 -6.76 0 -7
4 19 -8.17 0 -7.26 -6.95 0 -7.26 -6.76 0 -7 -7.35 0 -6.39
4 19 -6.76 0 -7 -6.76 0 -4.66 -7.35 0 -5.2 -7.35 0 -6.39
4 19 -7.35 0 -5.2 -6.76 0 -4.66 -6.81 0 -4.49 -6.95 0 -4.39
4 19 -7.8 0 -5.2 -7.35 0 -5.2 -6.95 0 -4.39 -8.17 0 -4.39
4 19 -8.31 0 -4.49 -8.37 0 -4.66 -7.8 0 -5.2 -8.17 0 -4.39
4 19 1.13 0 -4.73 .18 0 -4.73 .11 0 -4.83 1.2 0 -4.83
4 19 .18 0 -6.76 1.13 0 -6.76 1.2 0 -6.67 .11 0 -6.67
4 19 -.63 0 -4.73 -1.59 0 -4.73 -1.66 0 -4.83 -.56 0 -4.83
4 19 -1.59 0 -6.76 -.63 0 -6.76 -.56 0 -6.67 -1.66 0 -6.67
4 321 -2.42 0 -4.73 -3.37 0 -4.73 -3.44 0 -4.83 -2.35 0 -4.83
4 321 -2.35 0 -6.67 -2.35 0 -4.83 -3.44 0 -4.83 -3.44 0 -6.67
4 321 -2.35 0 -6.67 -3.44 0 -6.67 -3.37 0 -6.76 -2.42 0 -6.76
4 19 -4.24 0 -4.73 -5.2 0 -4.73 -5.27 0 -4.83 -4.17 0 -4.83
4 19 -4.17 0 -6.67 -4.17 0 -4.83 -5.27 0 -4.83 -5.27 0 -6.67
4 19 -5.2 0 -6.76 -4.24 0 -6.76 -4.17 0 -6.67 -5.27 0 -6.67
4 19 -8.03 0 3.81 -8.43 0 3.36 -8.37 0 3.19 -8.22 0 3.1
4 19 -6.98 0 3.82 -6.91 0 3.1 -6.76 0 3.19 -6.7 0 3.36
4 19 -8.22 0 3.1 -6.91 0 3.1 -6.98 0 3.82 -8.03 0 3.81
4 19 -6.7 0 4.73 -6.98 0 4.25 -6.98 0 3.82 -6.7 0 3.36
4 19 -6.98 0 4.25 -6.7 0 4.73 -6.76 0 4.91 -6.91 0 5
4 19 -6.98 0 4.25 -6.91 0 5 -8.22 0 5 -8.03 0 4.24
4 19 -8.37 0 4.91 -8.43 0 4.73 -8.03 0 4.24 -8.22 0 5
4 19 -8.03 0 6.16 -8.43 0 5.85 -8.37 0 5.67 -8.22 0 5.58
4 19 -6.98 0 6.16 -6.91 0 5.58 -6.76 0 5.67 -6.7 0 5.85
4 19 -6.7 0 5.85 -6.7 0 7.22 -6.98 0 6.98 -6.98 0 6.16
4 19 -8.22 0 5.58 -6.91 0 5.58 -6.98 0 6.16 -8.03 0 6.16
3 19 -7.4 0 6.98 -6.98 0 6.98 -6.91 0 7.48
4 19 -6.7 0 7.22 -6.76 0 7.39 -6.91 0 7.48 -6.98 0 6.98
4 19 -7.66 0 6.61 -7.41 0 6.6 -7.4 0 6.98 -7.67 0 6.98
4 19 -8.03 0 6.98 -8.43 0 7.22 -8.43 0 5.85 -8.03 0 6.16
3 19 -8.03 0 6.98 -7.67 0 6.98 -8.22 0 7.48
4 19 -7.4 0 6.98 -6.91 0 7.48 -8.22 0 7.48 -7.67 0 6.98
4 19 -8.03 0 6.98 -8.22 0 7.48 -8.37 0 7.39 -8.43 0 7.22
3 19 12.95 0 .22 12.85 0 .4 12.67 0 .47
3 19 10.16 0 .47 9.98 0 .4 9.88 0 .22
4 19 9.88 0 .22 9.88 0 -4.09 10.72 0 -3.57 10.73 0 -.37
4 19 9.88 0 .22 10.73 0 -.37 11.15 0 -.38 10.16 0 .47
4 19 10.16 0 .47 11.15 0 -.38 11.83 0 -.37 12.67 0 .47
4 19 12.95 0 .22 12.67 0 .47 11.83 0 -.37 12.22 0 -.37
4 19 11.14 0 -3.57 11.82 0 -3.57 11.83 0 -.37 11.15 0 -.38
4 19 9.88 0 -4.09 10.16 0 -4.34 11.14 0 -3.57 10.72 0 -3.57
3 19 10.16 0 -4.34 9.88 0 -4.09 9.98 0 -4.28
4 19 12.95 0 .22 12.22 0 -.37 12.21 0 -3.58 12.95 0 -4.09
4 19 11.82 0 -3.57 11.14 0 -3.57 10.16 0 -4.34 12.67 0 -4.34
3 19 12.67 0 -4.34 12.85 0 -4.28 12.95 0 -4.09
3 19 12.95 0 -5.18 12.85 0 -5 12.67 0 -4.93
3 19 10.16 0 -4.93 9.98 0 -5 9.88 0 -5.18
4 19 11.18 0 -5.64 10.16 0 -4.93 9.88 0 -5.18 10.77 0 -5.64
4 19 9.88 0 -6.76 10.76 0 -6.32 10.77 0 -5.64 9.88 0 -5.18
4 19 10.16 0 -4.93 11.18 0 -5.64 11.82 0 -5.64 12.67 0 -4.93
4 19 11.17 0 -6.32 10.76 0 -6.32 9.88 0 -6.76 10.16 0 -7.01
3 19 10.16 0 -7.01 9.88 0 -6.76 9.98 0 -6.94
4 19 11.82 0 -5.64 11.18 0 -5.64 11.17 0 -6.32 11.82 0 -6.31
4 19 12.95 0 -5.18 12.24 0 -5.64 12.22 0 -6.33 12.95 0 -6.76
4 19 11.82 0 -6.31 11.17 0 -6.32 10.16 0 -7.01 12.67 0 -7.01
3 19 12.67 0 -7.01 12.85 0 -6.94 12.95 0 -6.76
4 19 17.7 0 6.64 18.41 0 7.24 18.31 0 7.42 18.12 0 7.49
4 19 16.96 0 6.62 17.28 0 6.65 18.12 0 7.49 16.1 0 7.49
4 19 15.82 0 7.24 15.82 0 4.99 16.55 0 5.58 16.56 0 6.63
4 19 15.92 0 7.42 15.82 0 7.24 16.56 0 6.63 16.1 0 7.49
3 19 16.56 0 6.63 16.96 0 6.62 16.1 0 7.49
3 19 17.28 0 6.65 17.7 0 6.64 18.12 0 7.49
4 19 17.16 0 6.03 17.27 0 6.04 17.28 0 6.65 17.16 0 6.39
4 19 16.55 0 5.58 15.82 0 4.99 15.92 0 4.81 16.1 0 4.74
4 19 16.55 0 5.58 16.1 0 4.74 18.12 0 4.74 17.68 0 5.56
4 19 18.31 0 4.81 18.41 0 4.99 17.68 0 5.56 18.12 0 4.74
4 19 17.69 0 2.99 18.41 0 3.94 18.31 0 4.12 18.12 0 4.19
4 19 15.82 0 3.94 15.82 0 1.69 16.56 0 2.56 16.56 0 2.99
4 19 16.1 0 4.19 16.56 0 2.99 17.69 0 2.99 18.12 0 4.19
4 19 16.56 0 2.56 15.82 0 1.69 15.92 0 1.51 16.1 0 1.44
4 19 16.56 0 2.56 16.1 0 1.44 18.12 0 1.44 17.69 0 2.54
4 19 18.31 0 1.51 18.41 0 1.69 17.69 0 2.54 18.12 0 1.44
4 19 17.69 0 2.54 18.41 0 1.69 18.41 0 3.94 17.69 0 2.99
3 19 18.41 0 .12 18.31 0 .3 18.12 0 .37
3 19 16.21 0 .37 16.03 0 .3 15.93 0 .12
4 19 18.12 0 .37 16.21 0 .37 15.93 0 .12 16.85 0 -.54
4 19 16.6 0 -3.46 15.93 0 .12 15.93 0 -7.08 16.59 0 -3.89
4 19 16.85 0 -.54 15.93 0 .12 16.6 0 -3.46 16.84 0 -2.66
4 19 17.88 0 -3.47 18.41 0 .12 17.55 0 -.55 17.54 0 -2.67
4 19 17.88 0 -3.47 17.54 0 -2.67 16.84 0 -2.66 16.6 0 -3.46
4 19 16.59 0 -3.89 15.93 0 -7.08 16.84 0 -6.68 16.87 0 -4.55
4 19 18.41 0 .12 17.88 0 -3.47 17.88 0 -3.91 18.41 0 -7.08
4 19 16.87 0 -4.55 17.55 0 -4.56 17.88 0 -3.91 16.59 0 -3.89
4 19 16.84 0 -6.68 15.93 0 -7.08 16.03 0 -7.26 16.21 0 -7.33
4 19 17.54 0 -6.69 16.84 0 -6.68 16.21 0 -7.33 18.12 0 -7.33
4 19 18.31 0 -7.26 18.41 0 -7.08 17.54 0 -6.69 18.12 0 -7.33
4 72 -18.69 0 8.11 -18.61 0 7.63 -16.27 0 7.63 -16.18 0 8.11
4 72 -19.42 0 -4.1 -19.42 0 -6.54 -18.94 0 -6.39 -18.94 0 -6.29
4 72 -14.89 0 0 -14.81 0 -3.83 -14.37 0 -3.92 -14.45 0 0
4 72 5.6 0 2.35 5.6 0 -2.38 7.04 0 -2.35 7.04 0 2.31
4 72 6.23 0 4.54 5.92 0 4.43 5.92 0 3.95 6.23 0 4.06
4 72 6.23 0 6.42 5.92 0 6.31 5.92 0 5.84 6.23 0 5.95
4 72 5.49 0 7.33 5.92 0 7.37 6.23 0 7.48 5.61 0 7.79
4 72 7.21 0 -7.62 6.84 0 -7.4 6.53 0 -7.51 7.04 0 -7.78
4 72 12.67 0 2.42 11.92 0 3.26 9.82 0 3.26 9.07 0 2.42
4 72 9.82 0 6.17 11.92 0 6.17 12.67 0 7 9.07 0 7
4 72 -18.87 0 1.76 -18.97 0 2.04 -19.42 0 1.98 -19.31 0 1.59
3 72 -19.31 0 1.59 -19.06 0 1.29 -18.87 0 1.76
4 72 -18.87 0 1.76 -19.06 0 1.29 -18.69 0 1.13 -18.61 0 1.6
4 72 -18.61 0 1.6 -18.69 0 1.13 -16.18 0 1.13 -16.27 0 1.6
3 72 -15.81 0 1.29 -15.56 0 1.59 -16 0 1.76
4 72 -15.45 0 1.98 -15.9 0 2.04 -16 0 1.76 -15.56 0 1.59
4 72 -16.18 0 1.13 -15.81 0 1.29 -16 0 1.76 -16.27 0 1.6
4 72 -15.9 0 2.04 -15.45 0 1.98 -15.45 0 7.25 -15.9 0 7.19
3 72 -15.45 0 7.25 -15.56 0 7.64 -15.9 0 7.19
3 72 -18.69 0 8.11 -19.06 0 7.95 -18.61 0 7.63
4 72 -18.61 0 7.63 -19.06 0 7.95 -19.31 0 7.64 -18.87 0 7.48
4 72 -18.87 0 7.48 -19.31 0 7.64 -19.42 0 7.25 -18.97 0 7.19
4 72 -19.42 0 1.98 -18.97 0 2.04 -18.97 0 7.19 -19.42 0 7.25
4 72 -16.18 0 8.11 -16.27 0 7.63 -16 0 7.48 -15.81 0 7.95
4 72 -15.81 0 7.95 -16 0 7.48 -15.9 0 7.19 -15.56 0 7.64
4 72 -19.35 0 -6.8 -18.89 0 -6.54 -18.94 0 -6.39 -19.42 0 -6.54
4 72 -19.35 0 -6.8 -19.19 0 -7 -18.94 0 -7.11 -18.89 0 -6.54
4 72 -17.28 0 -7.11 -17.53 0 -6.63 -18.75 0 -6.63 -18.94 0 -7.11
3 72 -17.04 0 -7 -16.87 0 -6.8 -17.39 0 -6.54
4 72 -17.04 0 -7 -17.39 0 -6.54 -17.53 0 -6.63 -17.28 0 -7.11
4 72 -16.8 0 -4.1 -17.34 0 -4.31 -17.34 0 -6.39 -16.8 0 -6.54
4 72 -16.87 0 -6.8 -16.8 0 -6.54 -17.34 0 -6.39 -17.39 0 -6.54
3 72 -18.94 0 -7.11 -18.75 0 -6.63 -18.89 0 -6.54
4 72 -14.81 0 -3.83 -14.63 0 -7.48 -14.16 0 -7.84 -14.37 0 -3.92
4 72 -14.46 0 -8.78 -14.23 0 -9.55 -13.76 0 -9.54 -14.01 0 -8.83
4 72 -14.89 0 0 -14.45 0 0 -14.37 0 3.91 -14.81 0 3.82
4 72 -14.46 0 8.78 -14.01 0 8.82 -13.76 0 9.53 -14.23 0 9.54
4 72 -14.63 0 7.47 -14.16 0 7.84 -14.01 0 8.82 -14.46 0 8.78
4 72 -14.81 0 3.82 -14.37 0 3.91 -14.16 0 7.84 -14.63 0 7.47
4 72 -14.63 0 -7.48 -14.46 0 -8.78 -14.01 0 -8.83 -14.16 0 -7.84
4 72 -9.61 0 9.3 -8.93 0 8.4 -8.58 0 8.64 -9.35 0 9.53
4 72 -9.61 0 9.3 -9.87 0 8.87 -10.02 0 8.38 -8.93 0 8.4
4 72 -9.13 0 8.03 -10.09 0 7.6 -10.08 0 -7.57 -9.11 0 -7.87
3 72 -10.08 0 -7.57 -10 0 -8.33 -9.11 0 -7.87
4 72 -9.45 0 -9.36 -9.2 0 -9.52 -8.34 0 -8.45 -8.68 0 -8.38
4 72 -9.2 0 -9.52 -5.47 0 -9.54 -5.46 0 -8.14 -8.34 0 -8.45
4 72 -9.45 0 -9.36 -8.68 0 -8.38 -8.95 0 -8.18 -9.74 0 -9.01
4 72 -10.09 0 7.6 -9.13 0 8.03 -8.93 0 8.4 -10.02 0 8.38
4 72 -8.58 0 8.64 -8.17 0 8.67 -5.47 0 9.54 -9.35 0 9.53
4 72 -5.48 0 -3.45 -5.52 0 -1.17 -5.9 0 7.43 -5.88 0 -3.45
3 72 -5.9 0 7.43 -5.52 0 -1.17 -5.53 0 6.56
4 72 -6 0 7.91 -5.9 0 7.43 -5.53 0 6.56 -5.47 0 9.54
4 72 -9.74 0 -9.01 -8.95 0 -8.18 -9.11 0 -7.87 -10 0 -8.33
3 72 -6.23 0 8.2 -6 0 7.91 -5.47 0 9.54
3 72 -6.56 0 8.37 -6.23 0 8.2 -5.47 0 9.54
3 72 -8.17 0 8.67 -6.56 0 8.37 -5.47 0 9.54
4 72 5.92 0 -3.98 5.92 0 -2.92 5.6 0 -2.38 5.5 0 -2.78
4 72 6.84 0 2.89 6.53 0 3 6.23 0 3 7.04 0 2.31
4 72 5.92 0 2.89 5.6 0 2.35 7.04 0 2.31 6.23 0 3
4 72 5.92 0 -2.92 6.23 0 -3.03 7.04 0 -2.35 5.6 0 -2.38
4 72 6.23 0 -3.03 6.53 0 -3.03 6.84 0 -2.92 7.04 0 -2.35
4 72 7.26 0 -2.7 7.21 0 -2.49 7.04 0 -2.35 6.84 0 -2.92
3 72 7.04 0 2.31 7.21 0 2.46 6.84 0 2.89
4 72 6.84 0 3.95 6.84 0 2.89 7.21 0 2.46 7.26 0 2.67
3 72 6.84 0 3.95 7.26 0 2.67 6.84 0 4.43
4 72 7.26 0 2.67 7.27 0 7.38 6.84 0 5.84 6.84 0 4.43
4 72 6.84 0 3.95 6.84 0 4.43 6.53 0 4.54 6.53 0 4.06
4 72 6.53 0 4.06 6.53 0 4.54 6.23 0 4.54 6.23 0 4.06
4 72 5.49 0 7.33 5.5 0 2.75 5.92 0 3.95 5.92 0 4.43
4 72 5.6 0 2.35 5.92 0 2.89 5.92 0 3.95 5.5 0 2.75
4 72 6.84 0 6.31 6.53 0 6.42 6.23 0 6.42 6.53 0 5.95
3 72 5.92 0 6.31 5.49 0 7.33 5.92 0 5.84
3 72 6.53 0 5.95 6.23 0 6.42 6.23 0 5.95
3 72 6.84 0 5.84 7.27 0 7.38 6.84 0 6.31
3 72 6.53 0 5.95 6.84 0 5.84 6.84 0 6.31
3 72 5.49 0 7.33 5.92 0 4.43 5.92 0 5.84
4 72 7.21 0 7.59 7.04 0 7.75 6.53 0 7.48 6.84 0 7.37
4 72 6.84 0 6.31 7.27 0 7.38 7.21 0 7.59 6.84 0 7.37
4 72 7.04 0 7.75 7.05 0 9.51 5.61 0 9.51 5.61 0 7.79
3 72 5.49 0 7.33 5.92 0 6.31 5.92 0 7.37
4 72 6.53 0 7.48 7.04 0 7.75 5.61 0 7.79 6.23 0 7.48
4 72 5.5 0 -2.78 5.49 0 -7.36 5.92 0 -5.87 5.92 0 -4.46
4 72 5.92 0 -3.98 5.92 0 -4.46 6.23 0 -4.57 6.23 0 -4.09
3 72 5.92 0 -3.98 5.5 0 -2.78 5.92 0 -4.46
4 72 6.84 0 -3.98 6.53 0 -4.09 6.53 0 -4.57 6.84 0 -4.46
4 72 6.23 0 -4.57 6.53 0 -4.57 6.53 0 -4.09 6.23 0 -4.09
3 72 7.26 0 -2.7 6.84 0 -2.92 6.84 0 -3.98
3 72 6.84 0 -6.34 7.27 0 -7.41 6.84 0 -5.87
4 72 6.84 0 -3.98 6.84 0 -4.46 7.27 0 -7.41 7.26 0 -2.7
3 72 6.84 0 -5.87 7.27 0 -7.41 6.84 0 -4.46
4 72 6.53 0 -6.45 6.53 0 -5.98 6.23 0 -5.98 6.23 0 -6.45
4 72 6.84 0 -5.87 6.53 0 -5.98 6.53 0 -6.45 6.84 0 -6.34
3 72 5.92 0 -5.87 5.49 0 -7.36 5.92 0 -6.34
4 72 6.23 0 -6.45 6.23 0 -5.98 5.92 0 -5.87 5.92 0 -6.34
3 72 6.23 0 -7.51 5.92 0 -7.4 5.61 0 -7.82
4 72 5.92 0 -6.34 5.49 0 -7.36 5.61 0 -7.82 5.92 0 -7.4
4 72 7.04 0 -7.78 5.61 0 -7.82 5.61 0 -9.54 7.05 0 -9.54
4 72 5.61 0 -7.82 7.04 0 -7.78 6.53 0 -7.51 6.23 0 -7.51
4 72 7.21 0 -7.62 7.27 0 -7.41 6.84 0 -6.34 6.84 0 -7.4
4 72 8.71 0 2.79 9.5 0 3.59 9.5 0 5.84 8.71 0 6.64
4 72 12.24 0 5.84 12.24 0 3.59 13.03 0 2.79 13.03 0 6.64
3 72 -18.94 0 -6.29 -18.94 0 -4.24 -19.42 0 -4.1
4 72 -19.35 0 -3.84 -19.42 0 -4.1 -18.94 0 -4.24 -18.89 0 -4.08
4 72 -18.75 0 -4 -17.53 0 -4 -17.28 0 -3.53 -18.94 0 -3.53
4 72 -19.35 0 -3.84 -18.89 0 -4.08 -18.94 0 -3.53 -19.19 0 -3.64
3 72 -18.75 0 -4 -18.94 0 -3.53 -18.89 0 -4.08
4 72 -16.87 0 -3.84 -17.04 0 -3.64 -17.28 0 -3.53 -17.39 0 -4.08
3 72 -17.39 0 -4.08 -17.28 0 -3.53 -17.53 0 -4
3 72 -17.34 0 -4.31 -16.8 0 -4.1 -17.34 0 -4.24
4 72 -16.87 0 -3.84 -17.39 0 -4.08 -17.34 0 -4.24 -16.8 0 -4.1
4 321 -17.69 0 2.75 -17.72 0 2.96 -17.88 0 3.09 -18.09 0 3.05
4 321 -12.76 0 -4.28 -11.54 0 -4.28 -11.52 0 -2.88 -12.74 0 -2.88
4 321 -3.47 0 5.9 -3.47 0 3.67 -3 0 3.66 -3 0 5.9
4 321 -1.93 0 3.75 -1.93 0 4.74 -2.43 0 4.74 -2.43 0 3.75
4 321 -2 0 5.66 -2.19 0 5.72 -2.38 0 5.65 -1.92 0 5.47
4 321 -3.22 0 .8 -2.92 0 1.68 -3 0 1.81 -3.47 0 1.25
4 321 -1.93 0 2.26 -1.93 0 3.25 -2.43 0 3.25 -2.43 0 2.27
3 321 -18.09 0 3.05 -18.22 0 2.87 -17.69 0 2.75
4 321 -18.22 0 2.87 -18.18 0 2.66 -18.01 0 2.54 -17.69 0 2.75
3 321 -18.01 0 2.54 -17.8 0 2.57 -17.69 0 2.75
4 321 -2.38 0 5.65 -2.48 0 5.47 -2.46 0 5.1 -1.92 0 5.47
3 321 -2.46 0 5.1 -1.91 0 5.09 -1.92 0 5.47
4 321 -.89 0 5.9 -1.36 0 5.9 -1.37 0 5.2 -.89 0 5.19
4 321 -1.35 0 1.79 -1.45 0 1.68 -.96 0 .96 -.88 0 1.2
4 321 -.88 0 1.2 -.9 0 4.69 -1.36 0 4.69 -1.35 0 1.79
4 321 -1.39 0 .74 -1.14 0 .8 -.96 0 .96 -1.45 0 1.68
3 321 -3.22 0 .8 -2.94 0 .74 -2.92 0 1.68
4 321 -1.39 0 .74 -1.45 0 1.68 -2.92 0 1.68 -2.94 0 .74
3 321 -3.47 0 1.25 -3.41 0 .98 -3.22 0 .8
4 321 -3 0 3.17 -3.47 0 3.16 -3.47 0 1.25 -3 0 1.81
3 321 -16.67 0 2.95 -16.84 0 3.09 -17.05 0 3.05
4 321 -16.65 0 2.73 -16.67 0 2.95 -17.05 0 3.05 -17.18 0 2.88
3 321 -17.18 0 2.88 -17.15 0 2.67 -16.65 0 2.73
4 321 -16.78 0 2.56 -16.65 0 2.73 -17.15 0 2.67 -16.99 0 2.53