0 Tile  1 x  2 with Personal Access Display Device Pattern
0 Name: 3069bp1j.dat
0 Author: Philippe Hurbain [Philo]
0 !LDRAW_ORG Part UPDATE 2026-03
0 !LICENSE Licensed under CC BY 4.0 : see CAreadme.txt

0 BFC CERTIFY CCW

0 !KEYWORDS Bricklink 3069pb1448, Brickowl 229985, Brickset 114627, PADD
0 !KEYWORDS Rebrickable 3069bpr9893, Set 10356, Star Trek
0 !KEYWORDS U.S.S. Enterprise NCC-1701-D

0 !HISTORY 2026-03-31 [OrionP] Official Update 2026-03

1 16 0 0 0 1 0 0 0 1 0 0 0 1 s\3069bs01.dat
3 0 15.28 0 .21 17.5 0 6.03 14.85 0 .47
4 0 9.71 0 3.32 9.71 0 3.89 8.7 0 3.89 8.7 0 3.32
4 0 11.96 0 -4.33 12.41 0 -4.33 13.14 0 -1.88 11.24 0 -2.58
4 0 15.71 0 -5.88 17.49 0 -5.89 17.5 0 -4.39 15.72 0 -4.39
4 0 1.34 0 -8.52 4.77 0 -9.34 4.82 0 -8.52 2.06 0 -8.51
4 0 4.09 0 -7.07 4.48 0 -7.08 4.5 0 -6.1 4.09 0 -6.1
4 0 2.08 0 -5.65 3.98 0 -4.3 3.25 0 -4.3 1.01 0 -4.73
4 0 .6 0 -4.73 -8.18 0 -4.17 -8.6 0 -4.17 -11.84 0 -4.78
4 0 2.44 0 2.01 2.13 0 -.19 2.97 0 -.67 3.99 0 1.21
4 0 2.44 0 2.93 2.45 0 2.48 4.83 0 2.48 4.82 0 2.93
4 0 -7.48 0 8.38 -7.26 0 8.56 -8.32 0 8.56 -8.09 0 8.4
4 0 -14.45 0 8.56 -15.3 0 6.05 -15.3 0 5.22 -14.46 0 4.25
3 0 -17.63 0 3.98 -17.21 0 3.98 -18.92 0 8.46
3 0 -12.77 0 1.22 -11.85 0 1.22 -8.85 0 1.64
4 0 -17.64 0 -1.85 -17.62 0 -2.37 -17.22 0 -2.37 -17.21 0 -1.85
4 0 -3.11 0 5.02 -3.29 0 5.98 -5.01 0 6.36 -4.8 0 5.38
4 0 -9.67 0 2.48 -9.68 0 2.93 -11.12 0 2.93 -11.12 0 2.48
4 0 -7.58 0 1.1 -7.19 0 1.55 -8.44 0 1.73 -8.31 0 1.33
4 0 -5.77 0 1.98 -5.65 0 2.69 -6.35 0 3.2 -6.49 0 2.14
3 0 -5.26 0 3.44 -5.24 0 2.53 -4.49 0 1.39
4 0 -4.96 0 -1.59 -6.74 0 -1.21 -7.16 0 -1.6 -5.37 0 -2
4 0 -1.67 0 -.97 -3.17 0 -.63 -3.92 0 -1.32 -2.47 0 -1.62
4 0 -6.27 0 -.81 -4.51 0 -1.19 -3.74 0 -.5 -5.47 0 -.15
3 0 -10.8 0 5.49 -11.85 0 4.24 -10.6 0 5.05
3 0 2.45 0 3.49 3.98 0 4.3 3.25 0 4.31
4 0 -5.89 0 -6.09 -5.91 0 -6.94 -5.49 0 -6.94 -5.49 0 -6.11
4 0 15.57 0 -.2 15.69 0 -.69 17.49 0 -3.64 17.5 0 6.03
3 0 15.72 0 -3.64 17.49 0 -3.64 15.69 0 -.69
4 0 15.6 0 8.02 17.41 0 6.63 17.15 0 7.18 16.2 0 7.91
4 0 14.35 0 .55 17.5 0 6.03 17.41 0 6.63 15.6 0 8.02
3 0 16.73 0 7.62 16.2 0 7.91 17.15 0 7.18
4 0 11.59 0 .55 14.35 0 .55 15.6 0 8.02 11.59 0 8
3 0 14.35 0 .55 14.85 0 .47 17.5 0 6.03
3 0 15.57 0 -.2 17.5 0 6.03 15.28 0 .21
4 0 10.5 0 .78 9.71 0 1 10.2 0 .24 10.44 0 .46
4 0 8.7 0 1 8.38 0 .21 10.2 0 .24 9.71 0 1
4 0 8.7 0 1 7.94 0 .63 8.06 0 .32 8.38 0 .21
3 0 8.7 0 3.32 7.94 0 .63 8.7 0 1
4 0 7.89 0 7.41 7.94 0 .63 8.7 0 3.32 8.7 0 3.89
4 0 10.46 0 7.56 9.71 0 3.89 9.71 0 3.32 10.5 0 .78
3 0 9.71 0 1 10.5 0 .78 9.71 0 3.32
3 0 8.7 0 3.89 8.7 0 5.3 7.89 0 7.41
3 0 8.7 0 5.83 7.89 0 7.41 8.7 0 5.3
3 0 10.46 0 7.56 9.71 0 5.83 9.71 0 5.29
3 0 10.46 0 7.56 9.71 0 5.29 9.71 0 3.89
4 0 8.7 0 5.83 8.7 0 5.3 9.71 0 5.29 9.71 0 5.83
3 0 8.7 0 5.83 8.7 0 7.23 7.89 0 7.41
4 0 7.89 0 7.41 8.7 0 7.23 8.21 0 7.98 7.95 0 7.75
4 0 9.71 0 7.22 10.05 0 8 8.21 0 7.98 8.7 0 7.23
4 0 10.35 0 7.88 10.05 0 8 9.71 0 7.22 10.46 0 7.56
3 0 9.71 0 5.83 10.46 0 7.56 9.71 0 7.22
4 0 7.3 0 .52 7.31 0 7.96 6.39 0 7.98 6.37 0 .53
4 0 8.72 0 -2.58 11.24 0 -2.58 12.57 0 -1.33 8.23 0 -1.35
4 0 11.24 0 -2.58 13.14 0 -1.88 12.97 0 -1.47 12.57 0 -1.33
4 0 13.14 0 -1.88 12.41 0 -4.33 12.42 0 -6.45 13.15 0 -6.96
4 0 7.93 0 -1.58 7.86 0 -1.96 8.72 0 -2.58 8.23 0 -1.35
4 0 11.99 0 -6.45 11.96 0 -4.33 11.24 0 -2.58 11.24 0 -6.62
4 0 11.99 0 -6.45 12.41 0 -7.64 13.15 0 -6.96 12.42 0 -6.45
4 0 12.82 0 -7.61 13.09 0 -7.35 13.15 0 -6.96 12.41 0 -7.64
4 0 7.86 0 -1.96 7.88 0 -7.01 8.75 0 -6.62 8.72 0 -2.58
3 0 11.99 0 -6.45 11.24 0 -6.62 12.41 0 -7.64
4 0 8.75 0 -6.62 8.58 0 -7.65 12.41 0 -7.64 11.24 0 -6.62
4 0 7.88 0 -7.01 8.21 0 -7.61 8.58 0 -7.65 8.75 0 -6.62
3 0 7.94 0 -7.37 8.21 0 -7.61 7.88 0 -7.01
4 0 15.71 0 -7.42 17.5 0 -7.42 17.5 0 -6.63 15.71 0 -6.63
3 0 5.54 0 -8.46 4.83 0 -5.65 4.82 0 -8.52
4 0 5.54 0 -8.46 4.82 0 -8.52 5.2 0 -9.24 5.48 0 -8.9
3 0 4.77 0 -9.34 5.2 0 -9.24 4.82 0 -8.52
4 0 -4.38 0 -8.51 -5.08 0 -8.51 -17.95 0 -9.32 4.77 0 -9.34
4 0 -5.08 0 -8.51 -8.47 0 -8.51 -18.43 0 -9.28 -17.95 0 -9.32
4 0 -18.43 0 -9.28 -8.47 0 -8.51 -18.95 0 -8.57 -18.81 0 -9.02
3 0 1.34 0 -8.52 -4.38 0 -8.51 4.77 0 -9.34
4 0 2.08 0 -5.65 1.34 0 -5.65 1.34 0 -8.52 2.06 0 -8.51
4 0 4.77 0 -2.65 4.76 0 -4.31 4.83 0 -5.65 5.54 0 -8.46
4 0 .6 0 -4.73 1.34 0 -5.65 2.08 0 -5.65 1.01 0 -4.73
3 0 -4.36 0 -5.65 1.34 0 -5.65 .6 0 -4.73
4 0 2.08 0 -5.65 4.83 0 -5.65 4.76 0 -4.31 3.98 0 -4.3
4 0 -4.36 0 -5.65 .6 0 -4.73 -11.84 0 -4.78 -5.07 0 -5.66
4 0 -11.43 0 -5.57 -10.97 0 -5.65 -11.84 0 -4.78 -11.75 0 -5.25
3 0 -10.97 0 -5.65 -9.17 0 -5.65 -11.84 0 -4.78
3 0 -11.84 0 -4.78 -9.17 0 -5.65 -8.47 0 -5.65
3 0 -11.84 0 -4.78 -8.47 0 -5.65 -5.07 0 -5.66
4 0 -4.36 0 -5.65 -5.07 0 -5.66 -5.08 0 -8.51 -4.38 0 -8.51
4 0 -13.51 0 -7.33 -13.58 0 -7.71 -12.74 0 -7.75 -12.79 0 -7.36
4 0 -13.58 0 -7.71 -13.75 0 -8.05 -12.57 0 -8.11 -12.74 0 -7.75
4 0 -13.75 0 -8.05 -14.04 0 -8.3 -12.28 0 -8.37 -12.57 0 -8.11
4 0 -14.04 0 -8.3 -14.41 0 -8.4 -11.91 0 -8.5 -12.28 0 -8.37
4 0 -16.98 0 -8.41 -18.95 0 -8.57 -14.41 0 -8.4 -16.28 0 -8.4
3 0 -11.91 0 -8.5 -14.41 0 -8.4 -18.95 0 -8.57
3 0 -18.22 0 -8.4 -18.95 0 -8.57 -16.98 0 -8.41
3 0 -8.47 0 -8.51 -9.18 0 -8.51 -11.91 0 -8.5
3 0 -11.91 0 -8.5 -18.95 0 -8.57 -8.47 0 -8.51
4 0 -9.18 0 -8.51 -8.47 0 -8.51 -8.47 0 -5.65 -9.17 0 -5.65
3 0 2.47 0 -4.28 1.01 0 -4.73 3.25 0 -4.3
4 0 4 0 -2.65 3.25 0 -2.66 3.25 0 -4.3 3.98 0 -4.3
4 0 2.47 0 -2.65 1.02 0 -2.79 1.01 0 -4.73 2.47 0 -4.28
4 0 3.99 0 -1.91 3.26 0 -1.93 3.25 0 -2.66 4 0 -2.65
4 0 4.83 0 2.01 4.77 0 1.2 5.54 0 -8.46 5.57 0 8.56
4 0 4.77 0 -2.65 5.54 0 -8.46 4.77 0 1.2 4.76 0 -1.91
4 0 3.99 0 -1.91 4 0 -2.65 4.77 0 -2.65 4.76 0 -1.91
3 0 1.02 0 -2.79 2.47 0 -2.65 2.45 0 -1.92
4 0 .61 0 -2.79 1.02 0 -2.79 2.45 0 -1.92 2.44 0 -1.1
4 0 3.25 0 -2.66 3.26 0 -1.93 2.45 0 -1.92 2.47 0 -2.65
4 0 2.44 0 -1.1 2.13 0 -.19 -1.42 0 -3.27 .61 0 -2.79
4 0 .6 0 -4.73 -1.42 0 -3.27 -7.57 0 -2.04 -8.18 0 -4.17
3 0 -10.44 0 -4.17 -11.84 0 -4.78 -10.03 0 -4.18
4 0 -10.03 0 -4.18 -11.84 0 -4.78 -9.1 0 -4.17 -9.52 0 -4.17
3 0 .61 0 -2.79 -1.42 0 -3.27 .6 0 -4.73
3 0 -9.1 0 -4.17 -11.84 0 -4.78 -8.6 0 -4.17
3 0 3.26 0 -1.93 3.99 0 -1.91 3.25 0 -1.1
4 0 3.99 0 1.21 3.16 0 -.83 3.25 0 -1.1 3.99 0 -1.91
4 0 4.84 0 3.48 4.83 0 2.48 4.83 0 2.01 5.57 0 8.56
4 0 4.77 0 1.2 4.83 0 2.01 2.44 0 2.01 3.99 0 1.21
3 0 2.44 0 -1.1 2.54 0 -.84 2.13 0 -.19
3 0 2.54 0 -.84 2.73 0 -.67 2.13 0 -.19
3 0 2.73 0 -.67 2.97 0 -.67 2.13 0 -.19
3 0 3.16 0 -.83 3.99 0 1.21 2.97 0 -.67
4 0 2.45 0 2.48 .86 0 5.61 2.13 0 -.19 2.44 0 2.01
3 0 2.44 0 2.93 .86 0 5.61 2.45 0 2.48
3 0 4.84 0 3.48 4.82 0 2.93 4.83 0 2.48
4 0 3.29 0 6.65 2.48 0 6.66 2.47 0 5.92 3.25 0 5.92
4 0 4.84 0 3.48 5.57 0 8.56 4.79 0 6.65 4.77 0 5.92
4 0 3.28 0 7.91 3.29 0 6.65 3.98 0 6.66 3.96 0 7.91
4 0 3.98 0 6.66 4 0 5.92 4.77 0 5.92 4.79 0 6.65
4 0 3.25 0 5.92 4 0 5.92 3.98 0 6.66 3.29 0 6.65
4 0 .45 0 7.35 .86 0 5.61 2.48 0 6.66 .86 0 7.35
4 0 2.47 0 5.92 .86 0 5.61 2.45 0 3.49 2.47 0 4.33
4 0 -.26 0 7.69 -.26 0 7.51 .45 0 7.35 .45 0 7.69
3 0 2.47 0 5.92 2.48 0 6.66 .86 0 5.61
3 0 2.44 0 2.93 2.45 0 3.49 .86 0 5.61
4 0 -1.39 0 7.51 -.74 0 7.51 -.74 0 7.7 -1.39 0 7.7
4 0 -.74 0 7.51 .86 0 5.61 .45 0 7.35 -.26 0 7.51
3 0 -7.06 0 6.4 -5.37 0 6.88 -6.63 0 7.15
4 0 -9.88 0 7.15 -10.83 0 6.41 -7.06 0 6.4 -8.93 0 7.16
4 0 -7.97 0 7.15 -7.06 0 6.4 -6.63 0 7.15 -7.59 0 7.16
4 0 -2.57 0 7.35 -2.99 0 7.35 -5.37 0 6.88 .86 0 5.61
3 0 .86 0 5.61 -.74 0 7.51 -1.39 0 7.51
3 0 -10.85 0 8.13 -11.85 0 8.52 -10.84 0 7.16
3 0 -10.84 0 7.16 -10.83 0 6.41 -9.88 0 7.15
4 0 -9.9 0 8.13 -9.88 0 7.15 -8.93 0 7.16 -8.95 0 8.13
4 0 -2.57 0 7.35 -1.86 0 7.51 -1.86 0 7.69 -2.57 0 7.69
4 0 -6.65 0 8.13 -6.63 0 7.15 -5.37 0 6.88 -2.99 0 7.35
4 0 -2.57 0 7.35 .86 0 5.61 -1.39 0 7.51 -1.86 0 7.51
4 0 -7.59 0 7.16 -7.6 0 8.13 -8 0 8.13 -7.97 0 7.15
3 0 -7.97 0 7.15 -8.93 0 7.16 -7.06 0 6.4
4 0 4.07 0 8.17 3.19 0 8.18 3.28 0 7.91 3.96 0 7.91
4 0 3 0 8.35 3.19 0 8.18 4.07 0 8.17 4.25 0 8.34
4 0 4.5 0 8.35 4.57 0 9.32 3 0 8.35 4.25 0 8.34
3 0 4.79 0 6.65 5.57 0 8.56 4.77 0 7.91
4 0 4.57 0 9.32 4.5 0 8.35 5.43 0 9.02 5.04 0 9.28
4 0 4.5 0 8.35 4.69 0 8.18 5.57 0 8.56 5.43 0 9.02
3 0 -10.22 0 8.56 -18.14 0 9.33 -10.51 0 8.56
4 0 -17.53 0 8.37 -18.14 0 9.33 -18.58 0 9.24 -18.86 0 8.91
3 0 -18.92 0 8.46 -17.62 0 7.31 -17.62 0 8.14
4 0 -17.62 0 8.14 -17.53 0 8.37 -18.86 0 8.91 -18.92 0 8.46
3 0 -18.14 0 9.33 -10.22 0 8.56 -8.61 0 8.56
3 0 -18.14 0 9.33 -17.34 0 8.54 -17.09 0 8.54
3 0 4.77 0 7.91 5.57 0 8.56 4.69 0 8.18
3 0 -17.53 0 8.37 -17.34 0 8.54 -18.14 0 9.33
3 0 -18.14 0 9.33 -17.09 0 8.54 -15.83 0 8.54
4 0 -14.45 0 8.56 -18.14 0 9.33 -15.83 0 8.54 -15.58 0 8.54
4 0 .86 0 8.49 2.76 0 8.34 3 0 8.35 4.57 0 9.32
3 0 2.47 0 7.91 2.57 0 8.17 .86 0 8.49
4 0 2.48 0 6.66 2.47 0 7.91 .86 0 8.49 .86 0 7.35
3 0 2.57 0 8.17 2.76 0 8.34 .86 0 8.49
4 0 -16.82 0 8.14 -16.11 0 8.14 -16.02 0 8.37 -16.9 0 8.38
4 0 .45 0 8.49 -.26 0 8.33 -.26 0 8.15 .45 0 8.14
3 0 .45 0 8.49 .86 0 8.49 4.57 0 9.32
4 0 -16.02 0 8.37 -15.83 0 8.54 -17.09 0 8.54 -16.9 0 8.38
3 0 -.26 0 8.33 .45 0 8.49 -.74 0 8.33
3 0 -18.14 0 9.33 -14.45 0 8.56 -13.5 0 8.56
4 0 -2.57 0 8.49 -1.39 0 8.33 -.74 0 8.33 .45 0 8.49
4 0 -.74 0 8.14 -.74 0 8.33 -1.39 0 8.33 -1.39 0 8.14
4 0 -2.57 0 8.49 -2.57 0 8.14 -1.86 0 8.15 -1.86 0 8.33
3 0 -2.57 0 8.49 .45 0 8.49 4.57 0 9.32
3 0 -1.86 0 8.33 -1.39 0 8.33 -2.57 0 8.49
3 0 -15.3 0 8.14 -14.45 0 8.56 -15.39 0 8.38
4 0 -12.78 0 4.25 -12.78 0 8.52 -13.5 0 8.56 -13.52 0 4.24
3 0 -15.39 0 8.38 -14.45 0 8.56 -15.58 0 8.54
3 0 -12.78 0 8.52 -11.85 0 8.52 -13.5 0 8.56
4 0 -13.5 0 8.56 -11.85 0 8.52 -10.51 0 8.56 -18.14 0 9.33
4 0 -6.97 0 8.56 -2.98 0 8.49 -2.57 0 8.49 4.57 0 9.32
3 0 -10.85 0 8.13 -10.73 0 8.38 -11.85 0 8.52
3 0 -10.73 0 8.38 -10.51 0 8.56 -11.85 0 8.52
4 0 -2.99 0 7.35 -2.98 0 8.49 -6.74 0 8.4 -6.65 0 8.13
3 0 -8.32 0 8.56 -18.14 0 9.33 -8.61 0 8.56
3 0 -18.14 0 9.33 -8.32 0 8.56 -7.26 0 8.56
3 0 -6.74 0 8.4 -2.98 0 8.49 -6.97 0 8.56
4 0 -9.9 0 8.13 -8.95 0 8.13 -8.83 0 8.38 -9.99 0 8.4
4 0 4.57 0 9.32 -18.14 0 9.33 -7.26 0 8.56 -6.97 0 8.56
4 0 -7.48 0 8.38 -8.09 0 8.4 -8 0 8.13 -7.6 0 8.13
4 0 -8.83 0 8.38 -8.61 0 8.56 -10.22 0 8.56 -9.99 0 8.4
4 0 -16.82 0 8.14 -16.82 0 7.31 -16.11 0 7.31 -16.11 0 8.14
4 0 -16.89 0 7.04 -16.04 0 7.04 -16.11 0 7.31 -16.82 0 7.31
4 0 -16.02 0 6.29 -16.04 0 7.04 -16.89 0 7.04 -16.9 0 6.29
4 0 -17.09 0 6.46 -17.08 0 6.85 -17.35 0 6.85 -17.34 0 6.46
4 0 -17.62 0 6.05 -17.55 0 7.04 -17.62 0 7.31 -18.92 0 8.46
4 0 -17.35 0 6.85 -17.55 0 7.04 -17.62 0 6.05 -17.53 0 6.29
3 0 -17.53 0 6.29 -17.34 0 6.46 -17.35 0 6.85
4 0 -16.89 0 7.04 -17.08 0 6.85 -17.09 0 6.46 -16.9 0 6.29
4 0 -16.82 0 6.05 -16.11 0 6.05 -16.02 0 6.29 -16.9 0 6.29
4 0 -16.04 0 7.04 -16.02 0 6.29 -15.83 0 6.46 -15.84 0 6.85
4 0 -15.84 0 6.85 -15.83 0 6.46 -15.58 0 6.46 -15.57 0 6.85
4 0 -15.58 0 6.46 -15.39 0 6.29 -15.38 0 7.04 -15.57 0 6.85
3 0 -15.3 0 8.14 -15.3 0 7.31 -14.45 0 8.56
4 0 -15.39 0 6.29 -15.3 0 6.05 -15.3 0 7.31 -15.38 0 7.04
3 0 -14.45 0 8.56 -15.3 0 7.31 -15.3 0 6.05
4 0 -16.82 0 5.22 -16.89 0 4.96 -16.3 0 3.98 -15.78 0 3.99
3 0 -17.62 0 6.05 -18.92 0 8.46 -17.62 0 5.22
3 0 -17.62 0 5.22 -18.92 0 8.46 -17.55 0 4.96
4 0 -16.3 0 3.98 -16.89 0 4.96 -17.08 0 4.77 -16.7 0 3.98
3 0 -17.08 0 4.77 -17.35 0 4.76 -16.7 0 3.98
4 0 -16.7 0 3.98 -17.35 0 4.76 -17.55 0 4.96 -16.71 0 2.78
4 0 -17.55 0 4.96 -18.92 0 8.46 -17.21 0 3.98 -16.71 0 2.78
3 0 -17.63 0 2.78 -17.63 0 3.98 -18.92 0 8.46
4 0 -17.21 0 2.26 -16.71 0 2.78 -17.21 0 3.98 -17.22 0 2.78
4 0 -16.32 0 2.78 -15.77 0 2.78 -15.78 0 3.99 -16.3 0 3.98
3 0 -17.63 0 2.78 -18.92 0 8.46 -17.63 0 2.26
3 0 -18.92 0 8.46 -17.63 0 1.79 -17.63 0 2.26
4 0 -17.21 0 2.26 -17.22 0 2.78 -17.63 0 2.78 -17.63 0 2.26
4 0 -16.32 0 2.78 -16.3 0 2.27 -15.77 0 2.27 -15.77 0 2.78
4 0 -16.7 0 1.31 -16.71 0 1.8 -17.21 0 2.26 -17.22 0 1.79
4 0 -16.71 0 2.78 -16.69 0 2.27 -16.3 0 2.27 -16.32 0 2.78
4 0 -16.71 0 2.78 -17.21 0 2.26 -16.71 0 1.8 -16.69 0 2.27
4 0 -16.3 0 1.79 -15.8 0 1.79 -15.77 0 2.27 -16.3 0 2.27
4 0 -12.78 0 3.5 -11.83 0 3.49 -8.91 0 3.71 -15.38 0 3.98
3 0 -9.67 0 3.48 -8.91 0 3.71 -11.12 0 3.49
3 0 -11.12 0 3.49 -8.91 0 3.71 -11.83 0 3.49
4 0 -12.78 0 3.5 -13.5 0 3.49 -13.53 0 1.96 -12.78 0 1.97
4 0 -15.77 0 2.78 -15.77 0 2.27 -15.38 0 2.26 -15.39 0 2.78
4 0 -15.38 0 3.98 -15.39 0 2.78 -14.46 0 1.97 -14.46 0 3.5
3 0 -15.38 0 1.79 -14.46 0 1.97 -15.38 0 2.26
4 0 -12.78 0 3.5 -15.38 0 3.98 -14.46 0 3.5 -13.5 0 3.49
3 0 -15.39 0 2.78 -15.38 0 2.26 -14.46 0 1.97
4 0 -17.63 0 1.31 -17.21 0 1.29 -16.7 0 1.31 -17.22 0 1.79
3 0 -17.63 0 1.79 -17.63 0 1.31 -17.22 0 1.79
4 0 -15.38 0 1.3 -15.38 0 1.79 -15.8 0 1.79 -15.78 0 1.31
4 0 -16.3 0 1.79 -16.3 0 1.31 -15.78 0 1.31 -15.8 0 1.79
4 0 -17.22 0 .32 -16.71 0 .32 -16.7 0 1.31 -17.21 0 1.29
4 0 -15.78 0 1.31 -16.3 0 1.31 -16.3 0 .31 -15.79 0 .32
4 0 -16.71 0 1.8 -16.7 0 1.31 -16.3 0 1.31 -16.3 0 1.79
4 0 -15.38 0 1.79 -15.38 0 1.3 -13.53 0 1.96 -14.46 0 1.97
3 0 -12.78 0 1.97 -13.53 0 1.96 -15.38 0 1.3
4 0 -11.83 0 1.97 -8.85 0 1.64 -9.67 0 2.01 -11.13 0 2.02
4 0 -8.85 0 1.64 -11.83 0 1.97 -12.78 0 1.97 -15.38 0 1.3
4 0 -8.85 0 1.64 -8.91 0 2.14 -9.67 0 2.48 -9.67 0 2.01
4 0 -16.3 0 -.94 -16.3 0 .31 -16.71 0 .32 -16.71 0 -.93
4 0 -15.38 0 -.94 -15.38 0 .32 -15.79 0 .32 -15.79 0 -.93
4 0 -15.79 0 .32 -16.3 0 .31 -16.3 0 -.94 -15.79 0 -.93
4 0 -10.43 0 -1.75 -8.72 0 1.22 -8.85 0 1.64 -11.85 0 1.22
4 0 -10.43 0 -1.75 -10.02 0 -1.76 -8.38 0 .58 -8.72 0 1.22
4 0 -9.52 0 -1.76 -9.1 0 -1.76 -7.98 0 -1.69 -8.38 0 .58
3 0 -10.02 0 -1.76 -9.52 0 -1.76 -8.38 0 .58
4 0 -11.85 0 1.22 -11.85 0 -2.31 -10.43 0 -2.23 -10.43 0 -1.75
4 0 -18.22 0 -5.56 -17.64 0 -1.85 -17.62 0 -.93 -18.95 0 -8.57
4 0 -18.92 0 8.46 -18.95 0 -8.57 -17.62 0 -.93 -17.63 0 .33
4 0 -17.21 0 -1.85 -16.71 0 -1.85 -16.71 0 -.93 -17.22 0 -.93
4 0 -17.22 0 -.93 -17.22 0 .32 -17.63 0 .33 -17.62 0 -.93
4 0 -16.71 0 .32 -17.22 0 .32 -17.22 0 -.93 -16.71 0 -.93
4 0 -16.31 0 -1.85 -15.79 0 -1.85 -15.79 0 -.93 -16.3 0 -.94
4 0 -15.38 0 .32 -15.38 0 -.94 -14.46 0 -2.3 -14.45 0 1.22
4 0 -12.77 0 1.22 -13.52 0 1.22 -13.53 0 -2.31 -12.78 0 -2.3
3 0 -15.38 0 .32 -14.45 0 1.22 -15.38 0 1.3
4 0 -15.38 0 1.3 -13.52 0 1.22 -12.77 0 1.22 -8.85 0 1.64
3 0 -14.45 0 1.22 -13.52 0 1.22 -15.38 0 1.3
4 0 -16.71 0 -2.37 -16.71 0 -1.85 -17.21 0 -1.85 -17.22 0 -2.37
4 0 -16.3 0 -2.37 -16.31 0 -1.85 -16.71 0 -1.85 -16.71 0 -2.37
4 0 -15.79 0 -2.37 -15.79 0 -1.85 -16.31 0 -1.85 -16.3 0 -2.37
4 0 -15.38 0 -2.37 -15.38 0 -1.85 -15.79 0 -1.85 -15.79 0 -2.37
3 0 -15.38 0 -.94 -15.38 0 -1.85 -14.46 0 -2.3
3 0 -15.38 0 -2.37 -14.46 0 -2.3 -15.38 0 -1.85
4 0 -15.79 0 -2.37 -16.3 0 -2.37 -16.3 0 -2.84 -15.8 0 -2.84
4 0 -16.71 0 -2.37 -17.22 0 -2.37 -17.22 0 -2.84 -16.71 0 -2.83
4 0 -18.22 0 -5.56 -17.64 0 -2.84 -17.62 0 -2.37 -17.64 0 -1.85
4 0 -16.7 0 -3.32 -16.71 0 -2.83 -17.22 0 -2.84 -17.21 0 -3.33
4 0 -16.32 0 -3.32 -16.3 0 -2.84 -16.71 0 -2.83 -16.7 0 -3.32
4 0 -16.32 0 -3.32 -15.77 0 -3.32 -15.8 0 -2.84 -16.3 0 -2.84
3 0 -15.38 0 -2.37 -15.38 0 -2.85 -14.46 0 -2.3
4 0 -15.8 0 -2.84 -15.77 0 -3.32 -15.38 0 -3.32 -15.38 0 -2.85
4 0 -15.77 0 -3.32 -16.32 0 -3.32 -16.31 0 -4.79 -15.77 0 -4.79
4 0 -16.7 0 -3.32 -17.21 0 -3.33 -17.22 0 -4.79 -16.71 0 -4.79
3 0 -18.22 0 -8.4 -18.22 0 -5.56 -18.95 0 -8.57
4 0 -17.64 0 -2.84 -18.22 0 -5.56 -17.64 0 -4.79 -17.63 0 -3.32
4 0 -17.64 0 -2.84 -17.63 0 -3.32 -17.21 0 -3.33 -17.22 0 -2.84
4 0 -17.22 0 -4.79 -17.64 0 -4.79 -18.22 0 -5.56 -16.97 0 -5.57
3 0 -16.71 0 -4.79 -17.22 0 -4.79 -16.97 0 -5.57
4 0 -16.97 0 -5.57 -16.27 0 -5.56 -16.31 0 -4.79 -16.71 0 -4.79
4 0 -16.27 0 -5.56 -16.97 0 -5.57 -16.98 0 -8.41 -16.28 0 -8.4
4 0 -15.39 0 -4.79 -15.77 0 -4.79 -16.27 0 -5.56 -14.97 0 -5.52
3 0 -15.77 0 -4.79 -16.31 0 -4.79 -16.27 0 -5.56
4 0 -14.45 0 -3.04 -15.38 0 -3.32 -15.39 0 -4.79 -14.46 0 -4.78
4 0 -15.38 0 -2.85 -15.38 0 -3.32 -14.45 0 -3.04 -14.46 0 -2.3
4 0 -12.77 0 -3.05 -12.78 0 -2.3 -13.53 0 -2.31 -13.52 0 -3.05
4 0 -11.85 0 -3.05 -11.85 0 -2.31 -12.78 0 -2.3 -12.77 0 -3.05
3 0 -14.51 0 -5.1 -14.46 0 -4.78 -15.39 0 -4.79
4 0 -14.97 0 -5.52 -14.69 0 -5.37 -14.51 0 -5.1 -15.39 0 -4.79
4 0 -11.85 0 -3.05 -10.43 0 -2.71 -10.43 0 -2.23 -11.85 0 -2.31
4 0 -10.02 0 -2.72 -10.03 0 -2.23 -10.43 0 -2.23 -10.43 0 -2.71
4 0 -10.03 0 -2.23 -9.52 0 -2.23 -9.52 0 -1.76 -10.02 0 -1.76
4 0 -9.51 0 -2.71 -9.52 0 -2.23 -10.03 0 -2.23 -10.02 0 -2.72
4 0 -9.1 0 -1.76 -9.1 0 -2.23 -7.89 0 -1.87 -7.98 0 -1.69
4 0 -8.18 0 -4.17 -7.57 0 -2.04 -7.89 0 -1.87 -8.18 0 -2.71
4 0 -8.59 0 -2.71 -9.1 0 -2.71 -9.1 0 -4.17 -8.6 0 -4.17
4 0 -9.1 0 -2.23 -8.59 0 -2.71 -8.18 0 -2.71 -7.89 0 -1.87
4 0 -9.51 0 -2.71 -10.02 0 -2.72 -10.03 0 -4.18 -9.52 0 -4.17
3 0 -8.59 0 -2.71 -9.1 0 -2.23 -9.1 0 -2.71
4 0 -9.52 0 -2.23 -9.51 0 -2.71 -9.1 0 -2.71 -9.1 0 -2.23
4 0 -10.43 0 -2.71 -11.85 0 -3.05 -11.84 0 -4.78 -10.44 0 -4.17
4 0 -13.52 0 -3.05 -13.51 0 -7.33 -12.79 0 -7.36 -12.77 0 -3.05
4 0 -14.46 0 -2.3 -14.45 0 -3.04 -13.52 0 -3.05 -13.53 0 -2.31
4 0 -17.84 0 -6.05 -17.84 0 -6.89 -17.44 0 -6.9 -17.43 0 -6.06
4 0 -17.43 0 -7.79 -17.43 0 -7.38 -17.84 0 -7.37 -17.84 0 -7.79
4 0 -15.31 0 -6.89 -15.3 0 -6.07 -15.71 0 -6.05 -15.72 0 -6.9
4 0 -15.31 0 -7.79 -15.3 0 -7.39 -15.71 0 -7.37 -15.72 0 -7.79
4 0 -9.64 0 -6.94 -9.63 0 -6.1 -10.04 0 -6.1 -10.05 0 -6.94
4 0 -9.63 0 -7.84 -9.63 0 -7.42 -10.04 0 -7.42 -10.05 0 -7.83
4 0 -4.79 0 -2.1 -3.4 0 -2.39 -2.93 0 -2.02 -4.3 0 -1.73
4 0 -2.78 0 -2.52 -1.62 0 -2.78 -1.15 0 -2.41 -2.33 0 -2.14
4 0 .09 0 -1.32 -1.08 0 -1.09 -1.88 0 -1.75 -.71 0 -2
4 0 .01 0 1.94 .29 0 .6 1.6 0 .27 1.3 0 1.65
4 0 1.18 0 2.15 .82 0 3.69 -.43 0 3.98 -.11 0 2.42
4 0 .72 0 4.21 .51 0 5.14 -.75 0 5.45 -.54 0 4.46
4 0 -2.83 0 5.89 -2.63 0 4.91 -1.02 0 4.57 -1.26 0 5.54
4 0 -9.68 0 2.93 -8.84 0 3.08 -8.91 0 3.71 -9.67 0 3.48
4 0 -9.68 0 2.93 -9.67 0 2.48 -8.91 0 2.14 -8.84 0 3.08
4 0 -11.12 0 3.49 -11.83 0 3.49 -11.83 0 1.97 -11.12 0 2.93
4 0 -11.13 0 2.02 -11.12 0 2.48 -11.12 0 2.93 -11.83 0 1.97
3 0 -8.48 0 2.22 -8.44 0 1.73 -7.19 0 1.55
4 0 -8.43 0 2.76 -8.48 0 2.22 -7.19 0 1.55 -6.91 0 2.24
4 0 -7.81 0 4.17 -6.97 0 4.1 -7.17 0 4.35 -7.45 0 4.4
4 0 -8.1 0 3.79 -6.85 0 3.78 -6.97 0 4.1 -7.81 0 4.17
4 0 -8.3 0 3.3 -6.78 0 3.03 -6.85 0 3.78 -8.1 0 3.79
4 0 -8.3 0 3.3 -8.43 0 2.76 -6.91 0 2.24 -6.78 0 3.03
4 0 -7.58 0 1.1 -8.31 0 1.33 -8.1 0 1.07 -7.81 0 1.01
4 0 -7.18 0 .85 -6.7 0 .78 -6.4 0 .89 -6.77 0 1.44
4 0 -6.4 0 .89 -6.01 0 1.39 -6.49 0 2.14 -6.77 0 1.44
3 0 -6.01 0 1.39 -5.77 0 1.98 -6.49 0 2.14
4 0 -5.88 0 3.97 -6.35 0 3.2 -5.65 0 2.69 -5.69 0 3.45
4 0 -6.55 0 4.25 -6.35 0 3.2 -5.88 0 3.97 -6.25 0 4.19
3 0 -7.89 0 .53 -7.58 0 -1.23 -6.64 0 .33
3 0 -6.64 0 .33 -7.58 0 -1.23 -6.27 0 .46
3 0 -6.95 0 4.81 -5.99 0 4.59 -5.46 0 6.14
3 0 -5.99 0 4.59 -5.71 0 4.42 -5.46 0 6.14
4 0 -4.49 0 1.39 -6.07 0 .6 -6.27 0 .46 -7.58 0 -1.23
3 0 -5.71 0 4.42 -5.51 0 4.16 -5.46 0 6.14
3 0 -5.51 0 4.16 -5.37 0 3.86 -5.46 0 6.14
3 0 -6.07 0 .6 -4.49 0 1.39 -5.76 0 .98
3 0 -5.76 0 .98 -4.49 0 1.39 -5.49 0 1.5
4 0 -5.37 0 3.86 -5.26 0 3.44 -4.49 0 1.39 -5.46 0 6.14
3 0 -5.49 0 1.5 -4.49 0 1.39 -5.24 0 2.53
4 0 -.35 0 .16 -1.92 0 .49 -2.7 0 -.23 -1.21 0 -.56
4 0 -2.52 0 4.43 -2.2 0 2.9 -.58 0 2.54 -.94 0 4.07
4 0 -4.72 0 4.9 -4.42 0 3.35 -2.68 0 2.98 -2.99 0 4.53
4 0 -2.1 0 2.38 -1.83 0 1.01 -.18 0 .65 -.42 0 2.04
4 0 -4.3 0 2.86 -4.03 0 1.49 -2.29 0 1.12 -2.6 0 2.47
4 0 -5.01 0 .23 -3.24 0 -.1 -2.46 0 .62 -4.19 0 1.01
4 0 -.6 0 -.71 .44 0 -.96 1.38 0 -.19 .29 0 .03
4 0 -16.82 0 5.22 -15.78 0 3.99 -15.84 0 4.76 -16.04 0 4.96
4 0 -16.11 0 5.22 -16.11 0 6.05 -16.82 0 6.05 -16.82 0 5.22
4 0 -5.37 0 6.88 -7.06 0 6.4 -9.07 0 4.67 -8.91 0 3.71
3 0 -16.11 0 5.22 -16.82 0 5.22 -16.04 0 4.96
3 0 -9.07 0 4.67 -9.75 0 4.65 -8.91 0 3.71
4 0 -11.85 0 4.24 -8.91 0 3.71 -9.75 0 4.65 -10.22 0 4.76
4 0 -15.38 0 3.98 -15.57 0 4.77 -15.84 0 4.76 -15.78 0 3.99
3 0 -15.38 0 4.96 -15.57 0 4.77 -15.38 0 3.98
4 0 -15.3 0 5.22 -15.38 0 4.96 -15.38 0 3.98 -14.46 0 4.25
3 0 -10.22 0 4.76 -10.6 0 5.05 -11.85 0 4.24
4 0 -10.84 0 7.16 -11.85 0 8.52 -11.85 0 4.24 -10.83 0 6.41
3 0 -10.8 0 5.49 -10.83 0 6.41 -11.85 0 4.24
3 0 -11.85 0 4.24 -12.78 0 4.25 -8.91 0 3.71
4 0 -13.52 0 4.24 -15.38 0 3.98 -8.91 0 3.71 -12.78 0 4.25
3 0 -14.46 0 4.25 -15.38 0 3.98 -13.52 0 4.24
4 0 4.76 0 4.3 3.98 0 4.3 2.45 0 3.49 4.84 0 3.48
3 0 4.77 0 5.92 4.76 0 4.3 4.84 0 3.48
3 0 2.47 0 4.33 2.45 0 3.49 3.25 0 4.31
4 0 3.25 0 4.31 3.98 0 4.3 4 0 5.92 3.25 0 5.92
4 0 -5.91 0 -7.84 -5.5 0 -7.84 -5.49 0 -7.41 -5.89 0 -7.41
4 0 .52 0 -7.07 .91 0 -7.08 .93 0 -6.1 .52 0 -6.1
4 0 4.09 0 -7.81 4.48 0 -7.82 4.5 0 -7.35 4.1 0 -7.35
4 14 4.76 0 -1.91 4.77 0 1.2 3.99 0 1.21 3.99 0 -1.91
4 14 -13.5 0 3.49 -14.46 0 3.5 -14.46 0 1.97 -13.53 0 1.96
4 14 -9.07 0 4.67 -10.83 0 6.41 -10.8 0 5.49 -9.75 0 4.65
4 14 -5.91 0 -7.84 -5.89 0 -7.41 -5.91 0 -6.94 -8.47 0 -8.51
3 14 -9.07 0 4.67 -7.06 0 6.4 -10.83 0 6.41
4 14 -9.75 0 4.65 -10.8 0 5.49 -10.6 0 5.05 -10.22 0 4.76
4 14 -8.47 0 -5.65 -5.89 0 -6.09 -5.49 0 -6.11 -5.07 0 -5.66
3 14 -5.49 0 -6.11 -5.49 0 -6.94 -5.07 0 -5.66
4 14 -5.07 0 -5.66 -5.49 0 -6.94 -5.49 0 -7.41 -5.08 0 -8.51
4 14 -5.89 0 -6.09 -8.47 0 -5.65 -8.47 0 -8.51 -5.91 0 -6.94
4 14 -5.91 0 -6.94 -5.89 0 -7.41 -5.49 0 -7.41 -5.49 0 -6.94
3 14 -5.49 0 -7.41 -5.5 0 -7.84 -5.08 0 -8.51
4 14 -5.5 0 -7.84 -5.91 0 -7.84 -8.47 0 -8.51 -5.08 0 -8.51
4 16 -11.12 0 2.93 -9.68 0 2.93 -9.67 0 3.48 -11.12 0 3.49
4 16 -9.67 0 2.01 -9.67 0 2.48 -11.12 0 2.48 -11.13 0 2.02
4 16 -12.78 0 1.97 -11.83 0 1.97 -11.83 0 3.49 -12.78 0 3.5
4 16 -.26 0 8.15 -.26 0 7.69 .45 0 7.69 .45 0 8.14
4 16 8.72 0 -2.58 8.75 0 -6.62 11.24 0 -6.62 11.24 0 -2.58
4 16 4.83 0 2.48 2.45 0 2.48 2.44 0 2.01 4.83 0 2.01
4 16 4.84 0 3.48 2.45 0 3.49 2.44 0 2.93 4.82 0 2.93
4 16 -2.57 0 7.69 -2.57 0 8.14 -2.98 0 8.49 -2.99 0 7.35
3 16 -2.57 0 8.49 -2.98 0 8.49 -2.57 0 8.14
3 16 -2.57 0 7.35 -2.57 0 7.69 -2.99 0 7.35
4 16 -1.86 0 7.51 -1.39 0 7.51 -1.39 0 7.7 -1.86 0 7.69
4 16 -1.39 0 8.14 -1.39 0 8.33 -1.86 0 8.33 -1.86 0 8.15
4 16 -2.57 0 7.69 -1.86 0 7.69 -1.86 0 8.15 -2.57 0 8.14
4 16 -1.39 0 7.7 -1.39 0 8.14 -1.86 0 8.15 -1.86 0 7.69
4 16 -.74 0 8.14 -.26 0 8.15 -.26 0 8.33 -.74 0 8.33
4 16 -.74 0 7.7 -.74 0 8.14 -1.39 0 8.14 -1.39 0 7.7
4 16 -.26 0 7.51 -.26 0 7.69 -.74 0 7.7 -.74 0 7.51
4 16 -.26 0 8.15 -.74 0 8.14 -.74 0 7.7 -.26 0 7.69
3 16 .45 0 8.49 .45 0 8.14 .86 0 8.49
3 16 .45 0 7.35 .86 0 7.35 .45 0 7.69
4 16 .86 0 8.49 .45 0 8.14 .45 0 7.69 .86 0 7.35
4 16 .6 0 -4.73 1.01 0 -4.73 1.02 0 -2.79 .61 0 -2.79
4 16 5.48 0 -8.9 8.21 0 -7.61 7.94 0 -7.37 5.54 0 -8.46
4 16 15.71 0 -5.88 15.71 0 -6.63 17.5 0 -6.63 17.49 0 -5.89
4 30 -4.38 0 -8.51 .52 0 -7.07 .52 0 -6.1 -4.36 0 -5.65
4 30 -4.38 0 -8.51 1.34 0 -8.52 .91 0 -7.08 .52 0 -7.07
3 16 17.5 0 6.03 20 0 10 17.41 0 6.63
3 16 17.41 0 6.63 20 0 10 17.15 0 7.18
4 16 -18.95 0 -8.57 -18.92 0 8.46 -20 0 10 -20 0 -10
3 16 17.15 0 7.18 20 0 10 16.73 0 7.62
3 16 16.73 0 7.62 20 0 10 16.2 0 7.91
3 16 -18.92 0 8.46 -18.86 0 8.91 -20 0 10
3 16 -18.86 0 8.91 -18.58 0 9.24 -20 0 10
3 16 16.2 0 7.91 20 0 10 15.6 0 8.02
4 16 11.59 0 8 10.46 0 7.56 10.5 0 .78 11.59 0 .55
4 16 5.04 0 9.28 11.59 0 8 15.6 0 8.02 20 0 10
3 16 -18.58 0 9.24 -18.14 0 9.33 -20 0 10
4 16 20 0 10 -20 0 10 -18.14 0 9.33 4.57 0 9.32
3 16 10.46 0 7.56 11.59 0 8 10.35 0 7.88
3 16 4.57 0 9.32 5.04 0 9.28 20 0 10
3 16 10.35 0 7.88 11.59 0 8 10.05 0 8
4 16 11.59 0 8 5.04 0 9.28 5.43 0 9.02 10.05 0 8
3 16 5.43 0 9.02 5.57 0 8.56 6.39 0 7.98
3 16 5.43 0 9.02 8.21 0 7.98 10.05 0 8
3 16 7.89 0 7.41 7.95 0 7.75 7.31 0 7.96
4 16 6.39 0 7.98 7.31 0 7.96 8.21 0 7.98 5.43 0 9.02
3 16 7.95 0 7.75 8.21 0 7.98 7.31 0 7.96
3 16 -18.95 0 -8.57 -20 0 -10 -18.81 0 -9.02
3 16 -18.81 0 -9.02 -20 0 -10 -18.43 0 -9.28
4 16 17.49 0 -5.89 17.5 0 -6.63 20 0 -10 17.5 0 -4.39
3 16 17.5 0 -6.63 17.5 0 -7.42 20 0 -10
3 16 -18.43 0 -9.28 -20 0 -10 -17.95 0 -9.32
3 16 17.5 0 -7.42 15.71 0 -7.42 20 0 -10
4 16 13.09 0 -7.35 12.82 0 -7.61 20 0 -10 15.71 0 -7.42
4 16 -17.95 0 -9.32 -20 0 -10 20 0 -10 4.77 0 -9.34
3 16 4.77 0 -9.34 20 0 -10 5.2 0 -9.24
4 16 12.82 0 -7.61 12.41 0 -7.64 5.2 0 -9.24 20 0 -10
4 16 12.41 0 -7.64 8.58 0 -7.65 5.48 0 -8.9 5.2 0 -9.24
4 16 6.37 0 .53 5.54 0 -8.46 7.88 0 -7.01 7.86 0 -1.96
3 16 7.88 0 -7.01 5.54 0 -8.46 7.94 0 -7.37
3 16 8.58 0 -7.65 8.21 0 -7.61 5.48 0 -8.9
4 16 17.5 0 6.03 17.49 0 -3.64 20 0 -10 20 0 10
3 16 17.5 0 -4.39 20 0 -10 17.49 0 -3.64
4 16 13.14 0 -1.88 13.15 0 -6.96 15.71 0 -5.88 15.72 0 -4.39
4 16 15.72 0 -4.39 15.72 0 -3.64 15.69 0 -.69 13.14 0 -1.88
4 16 14.35 0 .55 12.97 0 -1.47 13.14 0 -1.88 15.69 0 -.69
4 16 17.5 0 -4.39 17.49 0 -3.64 15.72 0 -3.64 15.72 0 -4.39
3 16 15.57 0 -.2 15.28 0 .21 14.85 0 .47
4 16 15.69 0 -.69 15.57 0 -.2 14.85 0 .47 14.35 0 .55
3 16 10.5 0 .78 10.44 0 .46 11.59 0 .55
4 16 12.97 0 -1.47 14.35 0 .55 11.59 0 .55 12.57 0 -1.33
3 16 11.59 0 .55 10.44 0 .46 10.2 0 .24
4 16 11.59 0 .55 10.2 0 .24 8.23 0 -1.35 12.57 0 -1.33
3 16 8.23 0 -1.35 10.2 0 .24 8.38 0 .21
4 16 7.93 0 -1.58 8.23 0 -1.35 8.38 0 .21 8.06 0 .32
4 16 6.39 0 7.98 5.57 0 8.56 5.54 0 -8.46 6.37 0 .53
4 16 7.94 0 .63 7.89 0 7.41 7.31 0 7.96 7.3 0 .52
4 16 7.86 0 -1.96 7.93 0 -1.58 7.3 0 .52 6.37 0 .53
4 16 7.94 0 .63 7.3 0 .52 7.93 0 -1.58 8.06 0 .32
4 16 15.71 0 -6.63 13.15 0 -6.96 13.09 0 -7.35 15.71 0 -7.42
3 16 15.71 0 -5.88 13.15 0 -6.96 15.71 0 -6.63
4 30 -4.36 0 -5.65 .52 0 -6.1 .93 0 -6.1 1.34 0 -5.65
4 30 .93 0 -6.1 .91 0 -7.08 1.34 0 -8.52 1.34 0 -5.65
4 25 11.96 0 -4.33 11.99 0 -6.45 12.42 0 -6.45 12.41 0 -4.33
4 25 3.25 0 -4.3 3.25 0 -2.66 2.47 0 -2.65 2.47 0 -4.28
4 25 -17.22 0 .32 -17.21 0 1.29 -17.63 0 1.31 -17.63 0 .33
3 25 -11.75 0 -5.25 -12.79 0 -7.36 -11.43 0 -5.57
4 25 -10.05 0 -6.94 -12.79 0 -7.36 -12.57 0 -8.11 -10.04 0 -7.42
4 25 -14.45 0 1.22 -14.46 0 -2.3 -13.53 0 -2.31 -13.52 0 1.22
4 25 -15.78 0 1.31 -15.79 0 .32 -15.38 0 .32 -15.38 0 1.3
4 25 -16.04 0 4.96 -15.38 0 4.96 -15.3 0 5.22 -16.11 0 5.22
4 25 -15.39 0 2.78 -15.38 0 3.98 -15.78 0 3.99 -15.77 0 2.78
4 25 -16.11 0 8.14 -15.3 0 8.14 -15.39 0 8.38 -16.02 0 8.37
4 25 3.26 0 -1.93 3.25 0 -1.1 2.44 0 -1.1 2.45 0 -1.92
4 25 -16.71 0 2.78 -16.32 0 2.78 -16.3 0 3.98 -16.7 0 3.98
4 25 -17.22 0 2.78 -17.21 0 3.98 -17.63 0 3.98 -17.63 0 2.78
3 25 -11.85 0 -3.05 -12.77 0 -3.05 -11.84 0 -4.78
3 25 -12.79 0 -7.36 -10.05 0 -6.94 -11.43 0 -5.57
4 25 -9.63 0 -6.1 -9.17 0 -5.65 -10.97 0 -5.65 -10.04 0 -6.1
4 25 -12.77 0 -3.05 -12.79 0 -7.36 -11.75 0 -5.25 -11.84 0 -4.78
4 25 -10.04 0 -6.1 -10.97 0 -5.65 -11.43 0 -5.57 -10.05 0 -6.94
4 25 -9.63 0 -6.1 -9.64 0 -6.94 -9.18 0 -8.51 -9.17 0 -5.65
3 25 -9.63 0 -7.42 -9.18 0 -8.51 -9.64 0 -6.94
4 25 -11.91 0 -8.5 -10.05 0 -7.83 -10.04 0 -7.42 -12.57 0 -8.11
4 25 -9.63 0 -7.42 -9.64 0 -6.94 -10.05 0 -6.94 -10.04 0 -7.42
3 25 -12.74 0 -7.75 -12.57 0 -8.11 -12.79 0 -7.36
3 25 -9.63 0 -7.42 -9.63 0 -7.84 -9.18 0 -8.51
4 25 -9.63 0 -7.84 -10.05 0 -7.83 -11.91 0 -8.5 -9.18 0 -8.51
3 25 -12.28 0 -8.37 -11.91 0 -8.5 -12.57 0 -8.11
4 25 -16.3 0 .31 -16.3 0 1.31 -16.7 0 1.31 -16.71 0 .32
4 25 -17.63 0 1.79 -17.22 0 1.79 -17.21 0 2.26 -17.63 0 2.26
4 25 -16.71 0 1.8 -16.3 0 1.79 -16.3 0 2.27 -16.69 0 2.27
4 25 -15.8 0 1.79 -15.38 0 1.79 -15.38 0 2.26 -15.77 0 2.27
4 25 -11.85 0 4.24 -11.85 0 8.52 -12.78 0 8.52 -12.78 0 4.25
4 25 -15.38 0 4.96 -16.04 0 4.96 -15.84 0 4.76 -15.57 0 4.77
4 25 -15.3 0 5.22 -15.3 0 6.05 -16.11 0 6.05 -16.11 0 5.22
4 25 -15.39 0 6.29 -16.02 0 6.29 -16.11 0 6.05 -15.3 0 6.05
4 25 -16.02 0 6.29 -15.39 0 6.29 -15.58 0 6.46 -15.83 0 6.46
4 25 -15.38 0 7.04 -16.04 0 7.04 -15.84 0 6.85 -15.57 0 6.85
4 25 -15.3 0 7.31 -16.11 0 7.31 -16.04 0 7.04 -15.38 0 7.04
4 25 -15.3 0 7.31 -15.3 0 8.14 -16.11 0 8.14 -16.11 0 7.31
4 25 -16.02 0 8.37 -15.39 0 8.38 -15.58 0 8.54 -15.83 0 8.54
4 25 3.25 0 4.31 3.25 0 5.92 2.47 0 5.92 2.47 0 4.33
4 25 3.16 0 -.83 2.54 0 -.84 2.44 0 -1.1 3.25 0 -1.1
4 25 3.16 0 -.83 2.97 0 -.67 2.73 0 -.67 2.54 0 -.84
4 30 3.98 0 -4.3 4.76 0 -4.31 4.77 0 -2.65 4 0 -2.65
4 30 -16.82 0 5.22 -17.62 0 5.22 -17.55 0 4.96 -16.89 0 4.96
3 30 -14.51 0 -5.1 -14.69 0 -5.37 -13.51 0 -7.33
4 30 -16.27 0 -5.56 -16.28 0 -8.4 -15.71 0 -7.37 -15.72 0 -6.9
4 30 -14.41 0 -8.4 -15.31 0 -7.79 -15.72 0 -7.79 -16.28 0 -8.4
4 30 -9.1 0 -2.71 -9.51 0 -2.71 -9.52 0 -4.17 -9.1 0 -4.17
4 30 -12.77 0 1.22 -12.78 0 -2.3 -11.85 0 -2.31 -11.85 0 1.22
4 30 -7.97 0 7.15 -8 0 8.13 -8.95 0 8.13 -8.93 0 7.16
4 30 -16.82 0 7.31 -17.62 0 7.31 -17.55 0 7.04 -16.89 0 7.04
4 30 -16.82 0 8.14 -17.62 0 8.14 -17.62 0 7.31 -16.82 0 7.31
4 30 -16.9 0 8.38 -17.53 0 8.37 -17.62 0 8.14 -16.82 0 8.14
4 30 -17.53 0 8.37 -16.9 0 8.38 -17.09 0 8.54 -17.34 0 8.54
4 30 -17.35 0 6.85 -17.08 0 6.85 -16.89 0 7.04 -17.55 0 7.04
4 30 -16.82 0 5.22 -16.82 0 6.05 -17.62 0 6.05 -17.62 0 5.22
4 30 -16.9 0 6.29 -17.53 0 6.29 -17.62 0 6.05 -16.82 0 6.05
4 30 -17.53 0 6.29 -16.9 0 6.29 -17.09 0 6.46 -17.34 0 6.46
4 30 -16.89 0 4.96 -17.55 0 4.96 -17.35 0 4.76 -17.08 0 4.77
4 30 -13.51 0 -7.33 -13.52 0 -3.05 -14.45 0 -3.04 -14.46 0 -4.78
3 30 -15.72 0 -6.9 -15.71 0 -6.05 -16.27 0 -5.56
4 30 -15.3 0 -6.07 -14.97 0 -5.52 -16.27 0 -5.56 -15.71 0 -6.05
4 30 -13.51 0 -7.33 -14.69 0 -5.37 -14.97 0 -5.52 -15.3 0 -6.07
3 30 -14.46 0 -4.78 -14.51 0 -5.1 -13.51 0 -7.33
3 30 -15.3 0 -6.07 -15.31 0 -6.89 -13.51 0 -7.33
4 30 -15.31 0 -6.89 -15.3 0 -7.39 -13.58 0 -7.71 -13.51 0 -7.33
3 30 -15.72 0 -7.79 -15.71 0 -7.37 -16.28 0 -8.4
4 30 -15.3 0 -7.39 -15.31 0 -6.89 -15.72 0 -6.9 -15.71 0 -7.37
4 30 -13.58 0 -7.71 -15.3 0 -7.39 -14.04 0 -8.3 -13.75 0 -8.05
4 30 -15.31 0 -7.79 -14.41 0 -8.4 -14.04 0 -8.3 -15.3 0 -7.39
4 30 -10.43 0 -2.71 -10.44 0 -4.17 -10.03 0 -4.18 -10.02 0 -2.72
4 30 -8.59 0 -2.71 -8.6 0 -4.17 -8.18 0 -4.17 -8.18 0 -2.71
4 30 -9.1 0 -1.76 -9.52 0 -1.76 -9.52 0 -2.23 -9.1 0 -2.23
4 30 -10.02 0 -1.76 -10.43 0 -1.75 -10.43 0 -2.23 -10.03 0 -2.23
4 30 -8.09 0 8.4 -8.83 0 8.38 -8.95 0 8.13 -8 0 8.13
4 30 -8.61 0 8.56 -8.83 0 8.38 -8.09 0 8.4 -8.32 0 8.56
4 30 -7.26 0 8.56 -7.48 0 8.38 -6.74 0 8.4 -6.97 0 8.56
4 30 -7.6 0 8.13 -6.65 0 8.13 -6.74 0 8.4 -7.48 0 8.38
4 30 -7.6 0 8.13 -7.59 0 7.16 -6.63 0 7.15 -6.65 0 8.13
4 30 3.19 0 8.18 2.57 0 8.17 2.47 0 7.91 3.28 0 7.91
4 30 3.19 0 8.18 3 0 8.35 2.76 0 8.34 2.57 0 8.17
4 30 2.47 0 7.91 2.48 0 6.66 3.29 0 6.65 3.28 0 7.91
4 30 4.77 0 5.92 4 0 5.92 3.98 0 4.3 4.76 0 4.3
4 321 3.96 0 7.91 4.77 0 7.91 4.69 0 8.18 4.07 0 8.17
4 321 -17.22 0 -.93 -17.62 0 -.93 -17.64 0 -1.85 -17.21 0 -1.85
4 321 -17.22 0 -2.37 -17.62 0 -2.37 -17.64 0 -2.84 -17.22 0 -2.84
4 321 -16.97 0 -5.57 -18.22 0 -5.56 -17.84 0 -6.05 -17.43 0 -6.06
4 321 -16.98 0 -8.41 -17.43 0 -7.79 -17.84 0 -7.79 -18.22 0 -8.4
4 321 -2.47 0 -1.62 -1.88 0 -1.75 -1.08 0 -1.09 -1.67 0 -.97
3 321 -8.1 0 3.79 -7.81 0 4.17 -8.91 0 3.71
3 321 .51 0 5.14 .86 0 5.61 -.75 0 5.45
4 321 -4.51 0 -1.19 -3.92 0 -1.32 -3.17 0 -.63 -3.74 0 -.5
4 321 -15.77 0 -3.32 -15.77 0 -4.79 -15.39 0 -4.79 -15.38 0 -3.32
4 321 -17.63 0 -3.32 -17.64 0 -4.79 -17.22 0 -4.79 -17.21 0 -3.33
4 321 -16.7 0 -3.32 -16.71 0 -4.79 -16.31 0 -4.79 -16.32 0 -3.32
4 321 -15.8 0 -2.84 -15.38 0 -2.85 -15.38 0 -2.37 -15.79 0 -2.37
4 321 -16.71 0 -2.37 -16.71 0 -2.83 -16.3 0 -2.84 -16.3 0 -2.37
4 321 -15.79 0 -.93 -15.79 0 -1.85 -15.38 0 -1.85 -15.38 0 -.94
4 321 -16.71 0 -.93 -16.71 0 -1.85 -16.31 0 -1.85 -16.3 0 -.94
4 321 -14.45 0 8.56 -14.46 0 4.25 -13.52 0 4.24 -13.5 0 8.56
4 321 9.71 0 3.32 8.7 0 3.32 8.7 0 1 9.71 0 1
4 321 9.71 0 3.89 9.71 0 5.29 8.7 0 5.3 8.7 0 3.89
4 321 9.71 0 5.83 9.71 0 7.22 8.7 0 7.23 8.7 0 5.83
3 321 4.83 0 -5.65 4.5 0 -6.1 4.48 0 -7.08
4 321 4.48 0 -7.08 4.5 0 -7.35 4.82 0 -8.52 4.83 0 -5.65
3 321 4.09 0 -7.81 4.1 0 -7.35 2.06 0 -8.51
4 321 4.09 0 -7.07 4.1 0 -7.35 4.5 0 -7.35 4.48 0 -7.08
4 321 4.1 0 -7.35 4.09 0 -7.07 2.08 0 -5.65 2.06 0 -8.51
3 321 4.09 0 -7.07 4.09 0 -6.1 2.08 0 -5.65
4 321 4.5 0 -6.1 4.83 0 -5.65 2.08 0 -5.65 4.09 0 -6.1
4 321 4.79 0 6.65 4.77 0 7.91 3.96 0 7.91 3.98 0 6.66
4 321 4.25 0 8.34 4.07 0 8.17 4.69 0 8.18 4.5 0 8.35
3 321 -16.97 0 -5.57 -17.43 0 -6.06 -17.44 0 -6.9
4 321 -16.97 0 -5.57 -17.44 0 -6.9 -17.43 0 -7.38 -16.98 0 -8.41
3 321 -17.84 0 -7.79 -17.84 0 -7.37 -18.22 0 -8.4
4 321 -17.84 0 -6.89 -17.84 0 -7.37 -17.43 0 -7.38 -17.44 0 -6.9
4 321 -17.84 0 -7.37 -17.84 0 -6.89 -18.22 0 -5.56 -18.22 0 -8.4
3 321 -17.84 0 -6.89 -17.84 0 -6.05 -18.22 0 -5.56
3 321 -17.43 0 -7.38 -17.43 0 -7.79 -16.98 0 -8.41
4 321 -7.57 0 -2.04 -7.16 0 -1.6 -7.98 0 -1.69 -7.89 0 -1.87
3 321 -5.37 0 -2 -7.16 0 -1.6 -7.57 0 -2.04
4 321 -2.33 0 -2.14 -1.88 0 -1.75 -2.47 0 -1.62 -2.93 0 -2.02
4 321 -4.3 0 -1.73 -2.93 0 -2.02 -2.47 0 -1.62 -3.92 0 -1.32
4 321 -3.4 0 -2.39 -4.79 0 -2.1 -5.37 0 -2 -7.57 0 -2.04
4 321 .29 0 .6 1.38 0 -.19 2.13 0 -.19 1.6 0 .27
4 321 -5.37 0 -2 -4.79 0 -2.1 -4.3 0 -1.73 -4.96 0 -1.59
4 321 1.38 0 -.19 .44 0 -.96 .09 0 -1.32 2.13 0 -.19
4 321 .44 0 -.96 -.6 0 -.71 -1.08 0 -1.09 .09 0 -1.32
4 321 -2.33 0 -2.14 -2.93 0 -2.02 -3.4 0 -2.39 -2.78 0 -2.52
4 321 -1.15 0 -2.41 2.13 0 -.19 .09 0 -1.32 -.71 0 -2
3 321 -7.57 0 -2.04 -2.78 0 -2.52 -3.4 0 -2.39
4 321 -.71 0 -2 -1.88 0 -1.75 -2.33 0 -2.14 -1.15 0 -2.41
4 321 -1.62 0 -2.78 -1.42 0 -3.27 2.13 0 -.19 -1.15 0 -2.41
4 321 -1.62 0 -2.78 -2.78 0 -2.52 -7.57 0 -2.04 -1.42 0 -3.27
4 321 -.6 0 -.71 .29 0 .03 .29 0 .6 -.35 0 .16
4 321 -2.46 0 .62 -1.92 0 .49 -.35 0 .16 .29 0 .6
3 321 1.38 0 -.19 .29 0 .6 .29 0 .03
3 321 -7.58 0 -1.23 -6.27 0 -.81 -5.47 0 -.15
4 321 -3.17 0 -.63 -2.7 0 -.23 -3.24 0 -.1 -3.74 0 -.5
4 321 -3.24 0 -.1 -5.01 0 .23 -5.47 0 -.15 -3.74 0 -.5
4 321 -1.92 0 .49 -2.46 0 .62 -3.24 0 -.1 -2.7 0 -.23
3 321 -2.46 0 .62 .29 0 .6 -.18 0 .65
4 321 -4.49 0 1.39 -4.19 0 1.01 -2.46 0 .62 -4.03 0 1.49
3 321 -2.46 0 .62 -.18 0 .65 -1.83 0 1.01
3 321 -5.01 0 .23 -4.19 0 1.01 -4.49 0 1.39
4 321 -5.47 0 -.15 -5.01 0 .23 -4.49 0 1.39 -7.58 0 -1.23
4 321 -1.83 0 1.01 -2.1 0 2.38 -2.6 0 2.47 -2.29 0 1.12
4 321 -1.83 0 1.01 -2.29 0 1.12 -4.03 0 1.49 -2.46 0 .62
4 321 -.42 0 2.04 -.18 0 .65 .29 0 .6 .01 0 1.94
4 321 -.58 0 2.54 -.42 0 2.04 .01 0 1.94 -.11 0 2.42
4 321 -4.42 0 3.35 -4.3 0 2.86 -2.6 0 2.47 -2.68 0 2.98
4 321 -2.2 0 2.9 -2.1 0 2.38 -.42 0 2.04 -.58 0 2.54
4 321 -2.1 0 2.38 -2.2 0 2.9 -2.68 0 2.98 -2.6 0 2.47
4 321 -4.03 0 1.49 -4.3 0 2.86 -4.42 0 3.35 -4.49 0 1.39
4 321 -4.49 0 1.39 -4.42 0 3.35 -4.72 0 4.9 -5.46 0 6.14
4 321 -2.99 0 4.53 -2.68 0 2.98 -2.2 0 2.9 -2.52 0 4.43
4 321 -.94 0 4.07 -.58 0 2.54 -.11 0 2.42 -.43 0 3.98
3 321 1.6 0 .27 2.13 0 -.19 1.3 0 1.65
4 321 1.3 0 1.65 1.18 0 2.15 -.11 0 2.42 .01 0 1.94
4 321 -2.63 0 4.91 -2.52 0 4.43 -.94 0 4.07 -1.02 0 4.57
4 321 -.43 0 3.98 -.54 0 4.46 -1.02 0 4.57 -.94 0 4.07
4 321 -3.11 0 5.02 -2.99 0 4.53 -2.52 0 4.43 -2.63 0 4.91
4 321 1.3 0 1.65 2.13 0 -.19 .86 0 5.61 1.18 0 2.15
4 321 1.18 0 2.15 .86 0 5.61 .72 0 4.21 .82 0 3.69
4 321 -.54 0 4.46 -.43 0 3.98 .82 0 3.69 .72 0 4.21
4 321 -1.26 0 5.54 -1.02 0 4.57 -.54 0 4.46 -.75 0 5.45
4 321 -3.29 0 5.98 -3.11 0 5.02 -2.63 0 4.91 -2.83 0 5.89
4 321 -5.37 0 6.88 -5.46 0 6.14 -4.8 0 5.38 -5.01 0 6.36
4 321 -2.99 0 4.53 -3.11 0 5.02 -4.8 0 5.38 -4.72 0 4.9
4 321 -6.25 0 4.19 -5.99 0 4.59 -6.95 0 4.81 -6.55 0 4.25
4 321 -5.88 0 3.97 -5.71 0 4.42 -5.99 0 4.59 -6.25 0 4.19
3 321 -5.51 0 4.16 -5.71 0 4.42 -5.88 0 3.97
3 321 -5.26 0 3.44 -5.37 0 3.86 -5.69 0 3.45
4 321 -5.69 0 3.45 -5.65 0 2.69 -5.24 0 2.53 -5.26 0 3.44
4 321 -5.51 0 4.16 -5.88 0 3.97 -5.69 0 3.45 -5.37 0 3.86
4 321 -6.55 0 4.25 -6.85 0 3.78 -6.78 0 3.03 -6.35 0 3.2
3 321 -6.85 0 3.78 -6.55 0 4.25 -6.97 0 4.1
4 321 -6.95 0 4.81 -7.17 0 4.35 -6.97 0 4.1 -6.55 0 4.25
3 321 -7.17 0 4.35 -6.95 0 4.81 -7.45 0 4.4
4 321 -8.91 0 3.71 -6.95 0 4.81 -5.46 0 6.14 -5.37 0 6.88
4 321 -7.45 0 4.4 -6.95 0 4.81 -8.91 0 3.71 -7.81 0 4.17
4 321 -8.1 0 3.79 -8.91 0 3.71 -8.84 0 3.08 -8.3 0 3.3
4 321 -8.48 0 2.22 -8.43 0 2.76 -8.84 0 3.08 -8.91 0 2.14
3 321 -4.72 0 4.9 -4.8 0 5.38 -5.46 0 6.14
3 321 -8.43 0 2.76 -8.3 0 3.3 -8.84 0 3.08
4 321 -.75 0 5.45 .86 0 5.61 -2.83 0 5.89 -1.26 0 5.54
4 321 -2.83 0 5.89 -5.37 0 6.88 -5.01 0 6.36 -3.29 0 5.98
3 321 .86 0 5.61 -5.37 0 6.88 -2.83 0 5.89
3 321 .72 0 4.21 .86 0 5.61 .51 0 5.14
4 321 -6.91 0 2.24 -6.49 0 2.14 -6.35 0 3.2 -6.78 0 3.03
4 321 -7.19 0 1.55 -6.77 0 1.44 -6.49 0 2.14 -6.91 0 2.24
4 321 -7.58 0 1.1 -7.18 0 .85 -6.77 0 1.44 -7.19 0 1.55
4 321 -8.1 0 1.07 -8.38 0 .58 -7.18 0 .85 -7.81 0 1.01
3 321 -7.18 0 .85 -7.58 0 1.1 -7.81 0 1.01
4 321 -8.31 0 1.33 -8.72 0 1.22 -8.38 0 .58 -8.1 0 1.07
4 321 -8.31 0 1.33 -8.44 0 1.73 -8.85 0 1.64 -8.72 0 1.22
4 321 -8.85 0 1.64 -8.44 0 1.73 -8.48 0 2.22 -8.91 0 2.14
4 321 -5.65 0 2.69 -5.77 0 1.98 -5.49 0 1.5 -5.24 0 2.53
4 321 -5.76 0 .98 -5.49 0 1.5 -5.77 0 1.98 -6.01 0 1.39
4 321 -6.01 0 1.39 -6.4 0 .89 -6.07 0 .6 -5.76 0 .98
4 321 -6.7 0 .78 -6.27 0 .46 -6.07 0 .6 -6.4 0 .89
3 321 -6.64 0 .33 -6.27 0 .46 -6.7 0 .78
4 321 -6.7 0 .78 -7.18 0 .85 -7.89 0 .53 -6.64 0 .33
3 321 -8.38 0 .58 -7.89 0 .53 -7.18 0 .85
4 321 -7.98 0 -1.69 -7.58 0 -1.23 -7.89 0 .53 -8.38 0 .58
3 321 -.35 0 .16 -1.21 0 -.56 -.6 0 -.71
4 321 -6.74 0 -1.21 -7.58 0 -1.23 -7.98 0 -1.69 -7.16 0 -1.6
4 321 -4.3 0 -1.73 -3.92 0 -1.32 -4.51 0 -1.19 -4.96 0 -1.59
4 321 -4.51 0 -1.19 -6.27 0 -.81 -6.74 0 -1.21 -4.96 0 -1.59
4 321 -1.08 0 -1.09 -.6 0 -.71 -1.21 0 -.56 -1.67 0 -.97
4 321 -1.21 0 -.56 -2.7 0 -.23 -3.17 0 -.63 -1.67 0 -.97
3 321 -7.58 0 -1.23 -6.74 0 -1.21 -6.27 0 -.81
4 321 -9.99 0 8.4 -10.73 0 8.38 -10.85 0 8.13 -9.9 0 8.13
4 321 -9.99 0 8.4 -10.22 0 8.56 -10.51 0 8.56 -10.73 0 8.38
4 321 -10.85 0 8.13 -10.84 0 7.16 -9.88 0 7.15 -9.9 0 8.13
3 321 4.5 0 -7.35 4.48 0 -7.82 4.82 0 -8.52
4 321 4.48 0 -7.82 4.09 0 -7.81 2.06 0 -8.51 4.82 0 -8.52
3 0 -17.63 0 1.31 -17.63 0 1.79 -18.92 0 8.46
3 0 -17.63 0 1.31 -18.92 0 8.46 -17.63 0 .33