0 Minifig Helmet Pan Shaped with Hollow Stud on Front
0 Name: 3221.dat
0 Author: Gerald Lasser [GeraldLasser]
0 !LDRAW_ORG Part UPDATE 2026-07
0 !LICENSE Licensed under CC BY 4.0 : see CAreadme.txt

0 !HELP Front stud at 0 2 -30

0 BFC CERTIFY CCW

0 !CATEGORY Minifig Headwear
0 !KEYWORDS Brickowl 311911, Miner, mining

0 !HISTORY 2023-06-09 {LEGO Instructions App} Original part shape
0 !HISTORY 2023-06-09 [GeraldLasser] File preparation for LDraw Parts Tracker
0 !HISTORY 2026-07-30 [OrionP] Official Update 2026-07


1 16 0 -8 0 12.2637 0 0 0 1 0 0 0 12.2637 4-4edge.dat
1 16 0 -8 0 12.2637 0 0 0 1 0 0 0 12.2637 4-4disc.dat
1 16 0 -8 0 16 0 0 0 1 0 0 0 16 4-4edge.dat
0 BFC INVERTNEXT
1 16 0 -8 0 .5 0 0 0 .6 0 0 0 .5 4-4con31.dat
1 16 0 -7.4 0 15.5 0 0 0 1 0 0 0 15.5 4-4edge.dat
1 16 0 -7.4 0 2.2143 0 0 0 1 0 0 0 2.2143 4-4ring6.dat
1 16 0 -7.4 0 13.2857 0 0 0 1 0 0 0 13.2857 4-4edge.dat
1 16 0 -7.4 0 1.02197 0 0 0 -.6 0 0 0 1.02197 4-4con12.dat
0 BFC INVERTNEXT
1 16 0 11 0 3.55 0 0 0 -16 0 0 0 3.55 48\4-4con6.dat
1 16 0 -5 0 21.3 0 0 0 1 0 0 0 21.3 48\4-4edge.dat
1 16 0 -5 0 21.3 0 0 0 -1 0 0 0 21.3 48\4-4disc.dat

1 16 0 11 0 24.85 0 0 0 1 0 0 0 24.85 48\4-4edge.dat
1 16 0 -5 0 1 0 0 0 -1.25 0 0 0 1 stud4.dat

1 16 0 0 0 1 0 0 0 1 0 0 0 1 s\3221s01.dat
1 16 0 0 0 -1 0 0 0 1 0 0 0 1 s\3221s01.dat
1 16 0 0 0 0 0 1 0 1 0 -1 0 0 s\3221s01.dat
1 16 0 0 0 0 0 1 0 1 0 1 0 0 s\3221s01.dat
1 16 0 0 0 0 0 -1 0 1 0 -1 0 0 s\3221s01.dat
1 16 0 0 0 0 0 -1 0 1 0 1 0 0 s\3221s01.dat
1 16 0 0 0 1 0 0 0 1 0 0 0 -1 s\3221s01.dat
1 16 0 0 0 -1 0 0 0 1 0 0 0 -1 s\3221s01.dat

0 // Front Stud
1 16 0 2 -30 1 0 0 0 0 -1 0 1 0 stud2a.dat
1 16 0 2 -30 4 0 0 0 0 -4 0 1 0 4-4edge.dat
1 16 0 2 -30 6 0 0 0 0 -6 0 1 0 4-4edge.dat
1 16 0 2 -30 .5 0 0 0 0 -.5 0 1 0 4-4ring7.dat
0 BFC INVERTNEXT
1 16 0 2 -27.3 3.5 0 0 0 0 -3.5 0 -2.7 0 4-4cylc.dat

0 // Hexagona Stud Base
2 24 0 -6.305 -30 0 -6.305 -23.6303
2 24 0 10.295 -30 0 10.295 -28.4925

2 24 0 -6.305 -30 -7.2 -2.15 -30
2 24 -7.2 6.15 -30 -7.2 -2.15 -30
2 24 -7.2 6.15 -30 0 10.295 -30
4 16 0 -4 -30 0 -6.305 -30 -7.2 -2.15 -30 -5.5434 -.2962 -30
4 16 -5.5434 4.2962 -30 -5.5434 -.2962 -30 -7.2 -2.15 -30 -7.2 6.15 -30
4 16 0 8 -30 -5.5434 4.2962 -30 -7.2 6.15 -30 0 10.295 -30

3 16 0 -6.305 -23.6303 -3.1742 -4.9135 -24.1104 0 -6.305 -30
3 16 0 -6.305 -30 -3.1742 -4.9135 -24.1104 -7.2 -2.15 -30
3 16 -6.4263 -2.6811 -23.9833 -7.2 -2.15 -23.8488 -7.2 -2.15 -30
3 16 -3.1742 -4.9135 -24.1104 -6.4263 -2.6811 -23.9833 -7.2 -2.15 -30
2 24 -3.1742 -4.9135 -24.1104 0 -6.305 -23.6303
2 24 -3.1742 -4.9135 -24.1104 -6.4263 -2.6811 -23.9833
2 24 -6.4263 -2.6811 -23.9833 -7.2 -2.15 -23.8488
5 24 -7.2 -2.15 -30 -3.1742 -4.9135 -24.1104 -6.4263 -2.6811 -23.9833 0 -6.305 -30
5 24 -3.1742 -4.9135 -24.1104 0 -6.305 -30 0 -6.305 -23.6303 -7.2 -2.15 -30

4 16 -7.2 6.15 -30 -7.2 -2.15 -30 -7.2 -2.15 -23.8488 -7.2 6.15 -25.8505
2 24 -7.2 -2.15 -23.8488 -7.2 6.15 -25.8505
2 24 -7.2 -2.15 -23.8488 -7.2 -2.15 -30
2 24 -7.2 6.15 -25.8505 -7.2 6.15 -30

3 16 0 10.295 -28.4925 0 10.295 -30 -1.0271 9.7037 -28.5948
3 16 -1.0271 9.7037 -28.5948 0 10.295 -30 -2.4232 8.9 -28.4912
4 16 -7.2 6.15 -30 -3.7134 8.1572 -28.2056 -2.4232 8.9 -28.4912 0 10.295 -30
3 16 -3.7134 8.1572 -28.2056 -7.2 6.15 -30 -3.8192 8.0963 -28.1677
3 16 -3.8192 8.0963 -28.1677 -7.2 6.15 -30 -5.0025 7.4151 -27.5355
3 16 -7.2 6.15 -30 -5.7934 6.9598 -26.8665 -5.0025 7.4151 -27.5355
4 16 -6.9574 6.2897 -25.9665 -6.0709 6.8 -26.2615 -5.7934 6.9598 -26.8665 -7.2 6.15 -30
3 16 -6.9574 6.2897 -25.9665 -7.2 6.15 -30 -7.2 6.15 -25.8505
2 24 -6.0709 6.8 -26.2615 -6.9574 6.2897 -25.9665
2 24 -7.2 6.15 -25.8505 -6.9574 6.2897 -25.9665
2 24 -6.0709 6.8 -26.2615 -5.7934 6.9598 -26.8665
2 24 -5.0025 7.4151 -27.5355 -5.7934 6.9598 -26.8665
2 24 -5.0025 7.4151 -27.5355 -3.8192 8.0963 -28.1677
2 24 -3.7134 8.1572 -28.2056 -3.8192 8.0963 -28.1677
2 24 -1.0271 9.7037 -28.5948 -2.4232 8.9 -28.4912
2 24 -1.0271 9.7037 -28.5948 0 10.295 -28.4925
2 24 -3.7134 8.1572 -28.2056 -2.4232 8.9 -28.4912

2 24 7.2 -2.15 -30 0 -6.305 -30
2 24 7.2 -2.15 -30 7.2 6.15 -30
2 24 0 10.295 -30 7.2 6.15 -30
4 16 7.2 -2.15 -30 0 -6.305 -30 0 -4 -30 5.5434 -.2962 -30
4 16 7.2 -2.15 -30 5.5434 -.2962 -30 5.5434 4.2962 -30 7.2 6.15 -30
4 16 7.2 6.15 -30 5.5434 4.2962 -30 0 8 -30 0 10.295 -30

3 16 3.1742 -4.9135 -24.1104 0 -6.305 -23.6303 0 -6.305 -30
3 16 3.1742 -4.9135 -24.1104 0 -6.305 -30 7.2 -2.15 -30
3 16 7.2 -2.15 -23.8488 6.4263 -2.6811 -23.9833 7.2 -2.15 -30
3 16 6.4263 -2.6811 -23.9833 3.1742 -4.9135 -24.1104 7.2 -2.15 -30
2 24 0 -6.305 -23.6303 3.1742 -4.9135 -24.1104
2 24 6.4263 -2.6811 -23.9833 3.1742 -4.9135 -24.1104
2 24 7.2 -2.15 -23.8488 6.4263 -2.6811 -23.9833
5 24 3.1742 -4.9135 -24.1104 7.2 -2.15 -30 6.4263 -2.6811 -23.9833 0 -6.305 -30
5 24 0 -6.305 -30 3.1742 -4.9135 -24.1104 0 -6.305 -23.6303 7.2 -2.15 -30

4 16 7.2 -2.15 -23.8488 7.2 -2.15 -30 7.2 6.15 -30 7.2 6.15 -25.8505
2 24 7.2 6.15 -25.8505 7.2 -2.15 -23.8488
2 24 7.2 -2.15 -30 7.2 -2.15 -23.8488
2 24 7.2 6.15 -30 7.2 6.15 -25.8505

3 16 0 10.295 -30 0 10.295 -28.4925 1.0271 9.7037 -28.5948
3 16 0 10.295 -30 1.0271 9.7037 -28.5948 2.4232 8.9 -28.4912
4 16 2.4232 8.9 -28.4912 3.7134 8.1572 -28.2056 7.2 6.15 -30 0 10.295 -30
3 16 7.2 6.15 -30 3.7134 8.1572 -28.2056 3.8192 8.0963 -28.1677
3 16 7.2 6.15 -30 3.8192 8.0963 -28.1677 5.0025 7.4151 -27.5355
3 16 5.7934 6.9598 -26.8665 7.2 6.15 -30 5.0025 7.4151 -27.5355
4 16 5.7934 6.9598 -26.8665 6.0709 6.8 -26.2615 6.9574 6.2897 -25.9665 7.2 6.15 -30
3 16 7.2 6.15 -30 6.9574 6.2897 -25.9665 7.2 6.15 -25.8505
2 24 6.9574 6.2897 -25.9665 6.0709 6.8 -26.2615
2 24 6.9574 6.2897 -25.9665 7.2 6.15 -25.8505
2 24 5.7934 6.9598 -26.8665 6.0709 6.8 -26.2615
2 24 5.7934 6.9598 -26.8665 5.0025 7.4151 -27.5355
2 24 3.8192 8.0963 -28.1677 5.0025 7.4151 -27.5355
2 24 3.8192 8.0963 -28.1677 3.7134 8.1572 -28.2056
2 24 2.4232 8.9 -28.4912 1.0271 9.7037 -28.5948
2 24 0 10.295 -28.4925 1.0271 9.7037 -28.5948
2 24 2.4232 8.9 -28.4912 3.7134 8.1572 -28.2056
