0 Minifig Head with Uneven Eyes, Open Mouth with Missing Teeth and Pink Tonque Pattern
0 Name: 3626cp16.dat
0 Author: Evert-Jan Boer [ejboer]
0 !LDRAW_ORG Part UPDATE 2026-07
0 !LICENSE Licensed under CC BY 4.0 : see CAreadme.txt

0 BFC CERTIFY CCW

0 !CATEGORY Minifig Head
0 !KEYWORDS BrickLink 3626pb1854, Brickowl 766922, Brickset 31937, Dimensions
0 !KEYWORDS Rebrickable 3626cpr2193, Set 71267, Sloth, The Goonies

0 !HISTORY 2026-07-30 [OrionP] Official Update 2026-07

1 16 0 0 0 1 0 0 0 1 0 0 0 1 s\3626cs01.dat
1 16 0 4 0 13 0 0 0 13 0 0 0 -13 1-8cyli.dat
1 16 0 4 0 -13 0 0 0 13 0 0 0 -13 1-8cyli.dat
1 16 0 4 0 0 0 -8 0 -6.4 0 -8 0 0 t04o6250.dat
1 16 0 4 0 8 0 0 0 -6.4 0 0 0 -8 t04o6250.dat
1 16 0 17 0 8 0 0 0 6.4 0 0 0 -8 t08o6250.dat
1 16 0 17 0 -8 0 0 0 6.4 0 0 0 -8 t08o6250.dat

3 0 -5.5 10.45 -11.6599 -5.95 10.95 -11.3592 -5.3 10.7 -11.7936
4 0 -5.5 10.45 -11.6599 -5.3 10.7 -11.7936 -4.9751 10.6594 -12.0107 -4.9751 10.1625 -12.0107
4 0 -3.4 7.323 -12.3239 -3.45 7.678 -12.314 -3.212 7.7253 -12.3613 -2.8478 7.4545 -12.4337
4 0 -2.8478 7.4545 -12.4337 -3.212 7.7253 -12.3613 -3.0102 7.8602 -12.4014 -2.3796 7.8288 -12.5268
3 0 -2.3796 7.8288 -12.5268 -3.0102 7.8602 -12.4014 -2.8753 8.062 -12.4282
4 0 -2.3796 7.8288 -12.5268 -2.8753 8.062 -12.4282 -2.828 8.3 -12.4377 -2.0668 8.3891 -12.589
4 0 -2.0668 8.3891 -12.589 -2.828 8.3 -12.4377 -2.8753 8.538 -12.4282 -1.957 9.05 -12.6109
4 0 -1.957 9.05 -12.6109 -2.8753 8.538 -12.4282 -3.0102 8.7398 -12.4014 -2.0668 9.7109 -12.589
4 0 -2.0668 9.7109 -12.589 -3.0102 8.7398 -12.4014 -3.212 8.8747 -12.3613 -2.3796 10.2712 -12.5268
4 0 -2.8478 10.6455 -12.4337 -2.3796 10.2712 -12.5268 -3.212 8.8747 -12.3613 -3.45 8.922 -12.314
4 0 -3.4 10.777 -12.3239 -2.8478 10.6455 -12.4337 -3.45 8.922 -12.314 -3.688 8.8747 -12.2666
4 0 -3.9522 7.4545 -12.2141 -3.688 7.7253 -12.2666 -3.45 7.678 -12.314 -3.4 7.323 -12.3239
4 0 -3.9522 7.4545 -12.2141 -4.4204 7.8288 -12.121 -3.8898 7.8602 -12.2265 -3.688 7.7253 -12.2666
4 0 -4.0247 8.062 -12.1997 -3.8898 7.8602 -12.2265 -4.4204 7.8288 -12.121 -4.7332 8.3891 -12.0588
3 0 -4.0247 8.062 -12.1997 -4.7332 8.3891 -12.0588 -4.072 8.3 -12.1903
4 0 -4.0247 8.538 -12.1997 -4.072 8.3 -12.1903 -4.7332 8.3891 -12.0588 -4.843 9.05 -12.037
4 0 -4.0247 8.538 -12.1997 -4.843 9.05 -12.037 -4.7332 9.7109 -12.0588 -3.8898 8.7398 -12.2265
4 0 -4.6 10.05 -12.0853 -4.4 10.7 -12.1251 -3.688 8.8747 -12.2666 -3.8898 8.7398 -12.2265
3 0 -3.8898 8.7398 -12.2265 -4.7332 9.7109 -12.0588 -4.6 10.05 -12.0853
4 0 -3.688 8.8747 -12.2666 -4.4 10.7 -12.1251 -3.95 10.8 -12.2145 -3.4 10.777 -12.3239
4 0 -.15 15 -12.9702 0 15 -13 0 14.2 -13 -.45 14.15 -12.9105
4 0 -3.45 13.25 -12.314 -3.75 13.35 -12.2543 -3.45 14 -12.314 -3.2 13.9 -12.3637
4 0 -3.1 13.25 -12.3836 -3.45 13.25 -12.314 -3.2 13.9 -12.3637 -3.05 13.9 -12.3935
4 0 -2.7 13.35 -12.4631 -3.1 13.25 -12.3836 -3.05 13.9 -12.3935 -2.7 14.05 -12.4631
4 0 -2 13.65 -12.6023 -2.7 13.35 -12.4631 -2.7 14.05 -12.4631 -2 14.4 -12.6023
4 0 -1.1 14 -12.7813 -2 13.65 -12.6023 -2 14.4 -12.6023 -1.7 14.55 -12.662
4 0 -1.1 14 -12.7813 -1.7 14.55 -12.662 -1.25 14.7 -12.7514 -.95 14.75 -12.8111
4 0 -.45 14.15 -12.9105 -1.1 14 -12.7813 -.95 14.75 -12.8111 -.15 15 -12.9702
4 0 -3.45 14 -12.314 -3.75 13.35 -12.2543 -4 13.5 -12.2046 -4.1 13.7 -12.1847
4 0 -3.45 14 -12.314 -4.1 13.7 -12.1847 -4.2 14.15 -12.1648 -3.5 14.5 -12.304
4 0 -3.5 14.5 -12.304 -4.2 14.15 -12.1648 -4.25 14.7 -12.1549 -4.25 15.3 -12.1549
4 0 -3.35 14.6 -12.3339 -3.5 14.5 -12.304 -4.25 15.3 -12.1549 -4.1 16.1 -12.1847
4 0 -3.35 14.6 -12.3339 -4.1 16.1 -12.1847 -3.9 16.75 -12.2245 -2.95 14.65 -12.4134
4 0 -2.15 15.15 -12.5725 -2.95 14.65 -12.4134 -3.9 16.75 -12.2245 -1.9 15.35 -12.6222
4 0 -2.2 14.85 -12.5625 -2.8 14.55 -12.4432 -2.95 14.65 -12.4134 -2.15 15.15 -12.5725
4 0 -2.15 14.5 -12.5725 -2.7 14.05 -12.4631 -2.8 14.55 -12.4432 -2.2 14.85 -12.5625
3 0 -2.7 14.05 -12.4631 -2.15 14.5 -12.5725 -2 14.4 -12.6023
4 0 -.95 14.75 -12.8111 -1.1 15.05 -12.7813 -.25 15.1 -12.9503 -.15 15 -12.9702
4 0 -.25 15.5 -12.9503 -.25 15.1 -12.9503 -1.1 15.05 -12.7813 -1.35 15.3 -12.7316
4 0 -.1 15.85 -12.9801 -.25 15.5 -12.9503 -1.35 15.3 -12.7316 -.4 16.85 -12.9205
4 0 -.4 16.85 -12.9205 -1.35 15.3 -12.7316 -1.6 15.4 -12.6818 -1.4625 17 -12.7092
4 0 -.1 15.85 -12.9801 -.4 16.85 -12.9205 0 16.8136 -13 0 15.9833 -13
4 0 -4.9751 10.1625 -12.0107 -4.9751 10.6594 -12.0107 -4.4 10.7 -12.1251 -4.6 10.05 -12.0853
3 0 -1.6 15.4 -12.6818 -3.7636 17 -12.2516 -1.4625 17 -12.7092
4 0 -1.9 15.35 -12.6222 -3.9 16.75 -12.2245 -3.7636 17 -12.2516 -1.6 15.4 -12.6818
4 0 3.6 8.5564 -12.2841 3.7 8.928 -12.2643 3.938 8.9753 -12.2169 4.1575 8.6891 -12.1733
4 0 4.1575 8.6891 -12.1733 3.938 8.9753 -12.2169 4.1398 9.1102 -12.1768 4.6301 9.0671 -12.0793
4 0 4.6301 9.0671 -12.0793 4.1398 9.1102 -12.1768 4.2747 9.312 -12.15 4.896 9.6328 -12.0264
3 0 4.2747 9.312 -12.15 4.322 9.55 -12.1406 4.896 9.6328 -12.0264
4 0 4.896 9.6328 -12.0264 4.322 9.55 -12.1406 4.2747 9.788 -12.15 4.9568 10.25 -12.0143
4 0 4.9568 10.25 -12.0143 4.2747 9.788 -12.15 4.1398 9.9898 -12.1768 4.9 10.8 -12.0256
4 0 3.6 8.5564 -12.2841 3.0425 8.6891 -12.395 3.462 8.9753 -12.3116 3.7 8.928 -12.2643
4 0 3.2602 9.1102 -12.3517 3.462 8.9753 -12.3116 3.0425 8.6891 -12.395 2.5699 9.0671 -12.489
4 0 3.1253 9.312 -12.3785 3.2602 9.1102 -12.3517 2.5699 9.0671 -12.489 2.304 9.6328 -12.5418
4 0 3.078 9.55 -12.3879 3.1253 9.312 -12.3785 2.304 9.6328 -12.5418 2.1932 10.35 -12.5639
4 0 3.1253 9.788 -12.3785 3.078 9.55 -12.3879 2.1932 10.35 -12.5639 2.304 11.0172 -12.5418
4 0 3.2602 9.9898 -12.3517 3.1253 9.788 -12.3785 2.304 11.0172 -12.5418 2.5 11.8 -12.5029
4 0 1.8 10.8 -12.6421 1.55 10.6 -12.6918 1.7 11.05 -12.662 2.05 11.45 -12.5924
4 0 2.304 11.0172 -12.5418 1.8 10.8 -12.6421 2.05 11.45 -12.5924 2.5 11.8 -12.5029
4 0 3.462 10.1247 -12.3116 3.2602 9.9898 -12.3517 2.5 11.8 -12.5029 2.95 12.05 -12.4134
4 0 3.462 10.1247 -12.3116 2.95 12.05 -12.4134 3.45 12.15 -12.314 3.7 10.172 -12.2643
4 0 3.7 10.172 -12.2643 3.45 12.15 -12.314 3.95 12.2 -12.2145 3.938 10.1247 -12.2169
4 0 3.938 10.1247 -12.2169 3.95 12.2 -12.2145 4.5 12 -12.1052 4.9 10.8 -12.0256
3 0 4.1398 9.9898 -12.1768 3.938 10.1247 -12.2169 4.9 10.8 -12.0256
4 0 4.9 10.8 -12.0256 4.5 12 -12.1052 4.9751 11.6711 -12.0107 4.9751 10.7812 -12.0107
4 0 .6 15 -12.8807 .45 14.15 -12.9105 0 14.2 -13 0 15 -13
4 0 .45 14.15 -12.9105 .6 15 -12.8807 .75 15.05 -12.8509 1.45 14.65 -12.7117
4 0 1.1 14 -12.7813 .45 14.15 -12.9105 1.45 14.65 -12.7117 2.2 14.3 -12.5625
4 0 2 13.65 -12.6023 1.1 14 -12.7813 2.2 14.3 -12.5625 3 14 -12.4035
4 0 2.7 13.35 -12.4631 2 13.65 -12.6023 3 14 -12.4035 3.1 13.25 -12.3836
4 0 3.45 13.25 -12.314 3.1 13.25 -12.3836 3 14 -12.4035 3.5 13.95 -12.304
4 0 3.75 13.35 -12.2543 3.45 13.25 -12.314 3.5 13.95 -12.304 4 13.5 -12.2046
4 0 4 13.5 -12.2046 3.5 13.95 -12.304 3.65 14.05 -12.2742 4.1 13.7 -12.1847
4 0 4.1 13.7 -12.1847 3.65 14.05 -12.2742 3.65 14.45 -12.2742 4.2 14.15 -12.1648
4 0 4.25 14.7 -12.1549 4.2 14.15 -12.1648 3.65 14.45 -12.2742 3.55 14.6 -12.2941
4 0 4.25 15.3 -12.1549 4.25 14.7 -12.1549 3.55 14.6 -12.2941 4.1 16.1 -12.1847
4 0 4.1 16.1 -12.1847 3.55 14.6 -12.2941 3.2 14.65 -12.3637 2.65 14.8 -12.4731
4 0 3.9 16.75 -12.2245 4.1 16.1 -12.1847 2.65 14.8 -12.4731 2.05 15 -12.5924
4 0 .75 15.05 -12.8509 .8 15.25 -12.8409 1.45 15.3 -12.7117 1.45 14.65 -12.7117
4 0 1.45 15.3 -12.7117 .8 15.25 -12.8409 .75 15.55 -12.8509 .6 16.8 -12.8807
4 0 0 16.8136 -13 .15 16.8 -12.9702 .15 16.05 -12.9702 0 15.9833 -13
4 0 .35 16.05 -12.9304 .15 16.05 -12.9702 .15 16.8 -12.9702 .6 16.8 -12.8807
3 0 .55 15.9 -12.8906 .35 16.05 -12.9304 .6 16.8 -12.8807
3 0 .75 15.55 -12.8509 .55 15.9 -12.8906 .6 16.8 -12.8807
4 0 .6 16.8 -12.8807 .5 17 -12.9006 3.7636 17 -12.2516 3.9 16.75 -12.2245
4 0 1.45 15.3 -12.7117 .6 16.8 -12.8807 3.9 16.75 -12.2245 2.05 15 -12.5924
4 0 5.3 10.7 -11.7936 4.9751 10.7812 -12.0107 4.9751 11.6711 -12.0107 5.6 11 -11.5931
3 0 6 10.45 -11.3258 5.3 10.7 -11.7936 5.6 11 -11.5931
4 0 -.4 18.8 -12.3148 0 18.8 -12.3943 0 18.5309 -12.6192 -1.1 18.75 -12.2175
4 0 0 18.5309 -12.6192 -1.9803 18.5309 -12.2256 -1.75 18.6 -12.2136 -1.1 18.75 -12.2175
4 0 0 18.5309 -12.6192 0 18.8 -12.3943 .4 18.8 -12.3148 1.1 18.75 -12.2175
4 0 0 18.5309 -12.6192 1.1 18.75 -12.2175 1.75 18.6 -12.2136 1.9803 18.5309 -12.2256
4 0 -3.6 17.3 -12.2095 -3.2 17.8 -12.1648 -2.4 17.35 -12.4357 -3.7636 17 -12.2516
4 0 -2.4 17.5 -12.3984 -2.4 17.35 -12.4357 -3.2 17.8 -12.1648 -2.75 18.2 -12.1548
4 0 -2.3 17.65 -12.381 -2.4 17.5 -12.3984 -2.75 18.2 -12.1548 -2.25 18.45 -12.1921
3 0 0 18.2 -12.7015 -.4 18.2 -12.622 0 18.5309 -12.6192
4 0 -1.85 17.9 -12.4083 -2.3 17.65 -12.381 -2.25 18.45 -12.1921 -1.9803 18.5309 -12.2256
4 0 -1.05 18.1 -12.5176 -1.85 17.9 -12.4083 -1.9803 18.5309 -12.2256 0 18.5309 -12.6192
3 0 -1.05 18.1 -12.5176 0 18.5309 -12.6192 -.4 18.2 -12.622
3 0 -3.7636 17 -12.2516 -2.1 17.15 -12.5451 -1.4625 17 -12.7092
3 0 -3.7636 17 -12.2516 -2.3 17.25 -12.4805 -2.1 17.15 -12.5451
3 0 -3.7636 17 -12.2516 -2.4 17.35 -12.4357 -2.3 17.25 -12.4805
4 0 3.6 17.3 -12.2095 2.65 17.15 -12.4357 2.75 17.3 -12.3785 3.2 17.8 -12.1648
3 0 2.75 17.3 -12.3785 2.65 17.45 -12.3611 3.2 17.8 -12.1648
4 0 2 17.7 -12.4282 1.4 17.9 -12.4977 1.9803 18.5309 -12.2256 2.25 18.45 -12.1921
4 0 2.2 17.65 -12.4009 2 17.7 -12.4282 2.25 18.45 -12.1921 2.75 18.2 -12.1548
4 0 2.45 17.55 -12.376 2.2 17.65 -12.4009 2.75 18.2 -12.1548 3.2 17.8 -12.1648
3 0 2.65 17.45 -12.3611 2.45 17.55 -12.376 3.2 17.8 -12.1648
4 0 1.3 17.3 -12.6669 1.95 17.15 -12.5749 2.2 17.05 -12.5501 .5 17 -12.9006
4 0 .4 17.2 -12.8707 1.05 17.55 -12.6544 1.15 17.3 -12.6967 .5 17 -12.9006
4 0 1.05 17.55 -12.6544 .4 17.2 -12.8707 .3 17.5 -12.816 .95 17.85 -12.5997
4 0 .95 17.85 -12.5997 .3 17.5 -12.816 .25 17.85 -12.7389 .95 18 -12.5624
4 0 .95 18 -12.5624 .25 17.85 -12.7389 .25 18.15 -12.6642 1.1 18.1 -12.5077
4 0 1.3 17.3 -12.6669 1.4 17.45 -12.6097 2 17.4 -12.5028 1.95 17.15 -12.5749
4 0 2 17.4 -12.5028 1.4 17.45 -12.6097 1.45 17.7 -12.5376 2 17.7 -12.4282
3 0 2 17.7 -12.4282 1.45 17.7 -12.5376 1.4 17.9 -12.4977
4 0 .25 18.15 -12.6642 0 18.2 -12.7015 0 18.5309 -12.6192 1.1 18.1 -12.5077
3 0 1.4 17.9 -12.4977 1.25 18.05 -12.4903 1.9803 18.5309 -12.2256
4 0 1.9803 18.5309 -12.2256 1.25 18.05 -12.4903 1.1 18.1 -12.5077 0 18.5309 -12.6192
3 0 .5 17 -12.9006 1.15 17.3 -12.6967 1.3 17.3 -12.6669
4 0 3.7636 17 -12.2516 2.45 17.05 -12.5004 2.65 17.15 -12.4357 3.6 17.3 -12.2095
4 0 .5 17 -12.9006 2.2 17.05 -12.5501 2.45 17.05 -12.5004 3.7636 17 -12.2516
4 15 -3.45 8.3 -12.314 -4.0247 8.062 -12.1997 -4.072 8.3 -12.1903 -4.0247 8.538 -12.1997
4 15 -3.45 8.3 -12.314 -4.0247 8.538 -12.1997 -3.8898 8.7398 -12.2265 -3.688 8.8747 -12.2666
4 15 -3.45 8.3 -12.314 -3.688 8.8747 -12.2666 -3.45 8.922 -12.314 -3.212 8.8747 -12.3613
4 15 -3.45 8.3 -12.314 -3.212 8.8747 -12.3613 -3.0102 8.7398 -12.4014 -2.8753 8.538 -12.4282
4 15 -3.45 8.3 -12.314 -2.8753 8.538 -12.4282 -2.828 8.3 -12.4377 -2.8753 8.062 -12.4282
4 15 -3.45 8.3 -12.314 -2.8753 8.062 -12.4282 -3.0102 7.8602 -12.4014 -3.212 7.7253 -12.3613
4 15 -3.45 8.3 -12.314 -3.212 7.7253 -12.3613 -3.45 7.678 -12.314 -3.688 7.7253 -12.2666
4 15 -3.45 8.3 -12.314 -3.688 7.7253 -12.2666 -3.8898 7.8602 -12.2265 -4.0247 8.062 -12.1997
4 15 -1.7 14.55 -12.662 -2 14.4 -12.6023 -2.15 14.5 -12.5725 -2.2 14.85 -12.5625
4 15 -1.7 14.55 -12.662 -2.2 14.85 -12.5625 -2.15 15.15 -12.5725 -1.9 15.35 -12.6222
4 15 -1.25 14.7 -12.7514 -1.7 14.55 -12.662 -1.9 15.35 -12.6222 -1.6 15.4 -12.6818
4 15 -1.25 14.7 -12.7514 -1.6 15.4 -12.6818 -1.35 15.3 -12.7316 -1.1 15.05 -12.7813
3 15 -1.25 14.7 -12.7514 -1.1 15.05 -12.7813 -.95 14.75 -12.8111
4 15 0 15 -13 -.15 15 -12.9702 -.25 15.1 -12.9503 -.25 15.5 -12.9503
4 15 0 15 -13 -.25 15.5 -12.9503 -.1 15.85 -12.9801 0 15.9833 -13
4 15 3.7 9.55 -12.2643 3.1253 9.312 -12.3785 3.078 9.55 -12.3879 3.1253 9.788 -12.3785
4 15 3.7 9.55 -12.2643 3.1253 9.788 -12.3785 3.2602 9.9898 -12.3517 3.462 10.1247 -12.3116
4 15 3.7 9.55 -12.2643 3.462 10.1247 -12.3116 3.7 10.172 -12.2643 3.938 10.1247 -12.2169
4 15 3.7 9.55 -12.2643 3.938 10.1247 -12.2169 4.1398 9.9898 -12.1768 4.2747 9.788 -12.15
4 15 3.7 9.55 -12.2643 4.2747 9.788 -12.15 4.322 9.55 -12.1406 4.2747 9.312 -12.15
4 15 3.7 9.55 -12.2643 4.2747 9.312 -12.15 4.1398 9.1102 -12.1768 3.938 8.9753 -12.2169
4 15 3.7 9.55 -12.2643 3.938 8.9753 -12.2169 3.7 8.928 -12.2643 3.462 8.9753 -12.3116
4 15 3.7 9.55 -12.2643 3.462 8.9753 -12.3116 3.2602 9.1102 -12.3517 3.1253 9.312 -12.3785
4 15 .8 15.25 -12.8409 .75 15.05 -12.8509 .6 15 -12.8807 .15 16.05 -12.9702
4 15 .55 15.9 -12.8906 .75 15.55 -12.8509 .15 16.05 -12.9702 .35 16.05 -12.9304
4 15 0 15 -13 0 15.9833 -13 .15 16.05 -12.9702 .6 15 -12.8807
3 15 .8 15.25 -12.8409 .15 16.05 -12.9702 .75 15.55 -12.8509
4 15 1.4 17.45 -12.6097 1.3 17.3 -12.6669 1.15 17.3 -12.6967 1.05 17.55 -12.6544
4 15 1.45 17.7 -12.5376 1.4 17.45 -12.6097 1.05 17.55 -12.6544 1.4 17.9 -12.4977
4 15 1.4 17.9 -12.4977 1.05 17.55 -12.6544 .95 17.85 -12.5997 .95 18 -12.5624
4 15 1.25 18.05 -12.4903 1.4 17.9 -12.4977 .95 18 -12.5624 1.1 18.1 -12.5077
4 16 -4.9751 10.1625 -12.0107 -4.9751 4 -12.0107 -9.1923 4 -9.1923 -5.5 10.45 -11.6599
3 16 -9.1923 4 -9.1923 -5.95 10.95 -11.3592 -5.5 10.45 -11.6599
4 16 -5.95 10.95 -11.3592 -9.1923 4 -9.1923 -9.1923 17 -9.1923 -5.2 13.05 -11.8604
4 16 -4.9751 12.5552 -12.0107 -4.9751 10.6594 -12.0107 -5.3 10.7 -11.7936 -5.95 10.95 -11.3592
3 16 -5.95 10.95 -11.3592 -5.2 13.05 -11.8604 -4.9751 12.5552 -12.0107
3 16 -5.2 13.05 -11.8604 -9.1923 17 -9.1923 -5.3 13.7 -11.7936
3 16 -5.3 13.7 -11.7936 -9.1923 17 -9.1923 -5.3 14.6 -11.7936
3 16 -5.3 14.6 -11.7936 -9.1923 17 -9.1923 -4.9751 17 -12.0107
3 16 -4.9751 13.6002 -12.0107 -5.3 14.6 -11.7936 -4.9751 17 -12.0107
3 16 -3.9 16.75 -12.2245 -4.9751 17 -12.0107 -3.7636 17 -12.2516
3 16 -4.1 16.1 -12.1847 -4.9751 17 -12.0107 -3.9 16.75 -12.2245
4 16 -4.9751 17 -12.0107 -4.1 16.1 -12.1847 -4.25 15.3 -12.1549 -4.9751 13.6002 -12.0107
3 16 -4.9751 13.6002 -12.0107 -4.25 15.3 -12.1549 -4.25 14.7 -12.1549
4 16 -4.9751 13.6002 -12.0107 -4.25 14.7 -12.1549 -4.2 14.15 -12.1648 -4.75 13.15 -12.0555
4 16 -4.75 13.15 -12.0555 -4.2 14.15 -12.1648 -4.1 13.7 -12.1847 -4.45 12.7 -12.1151
4 16 -4.45 12.7 -12.1151 -4.1 13.7 -12.1847 -4 13.5 -12.2046 -4.2 12.45 -12.1648
4 16 -4.2 12.45 -12.1648 -4 13.5 -12.2046 -3.75 13.35 -12.2543 -4 12.25 -12.2046
4 16 -4 12.25 -12.2046 -3.75 13.35 -12.2543 -3.45 13.25 -12.314 -3.7 12.1 -12.2643
4 16 -3.7 12.1 -12.2643 -3.45 13.25 -12.314 -3.1 13.25 -12.3836 -3.4 10.777 -12.3239
4 16 -2.8478 10.6455 -12.4337 -3.4 10.777 -12.3239 -3.1 13.25 -12.3836 -2.7 13.35 -12.4631
4 16 -2.3796 10.2712 -12.5268 -2.8478 10.6455 -12.4337 -2.7 13.35 -12.4631 -2 13.65 -12.6023
4 16 -2.3796 10.2712 -12.5268 -2 13.65 -12.6023 -1.1 14 -12.7813 -.45 14.15 -12.9105
3 16 -2.0668 9.7109 -12.589 -2.3796 10.2712 -12.5268 -.45 14.15 -12.9105
4 16 -1.957 9.05 -12.6109 -2.0668 9.7109 -12.589 -.45 14.15 -12.9105 0 4 -13
3 16 0 4 -13 -2.0668 8.3891 -12.589 -1.957 9.05 -12.6109
3 16 0 4 -13 -2.3796 7.8288 -12.5268 -2.0668 8.3891 -12.589
3 16 0 4 -13 -2.8478 7.4545 -12.4337 -2.3796 7.8288 -12.5268
4 16 -3.4 7.323 -12.3239 -2.8478 7.4545 -12.4337 0 4 -13 -4.9751 4 -12.0107
3 16 -4.9751 4 -12.0107 -3.9522 7.4545 -12.2141 -3.4 7.323 -12.3239
3 16 -4.9751 4 -12.0107 -4.4204 7.8288 -12.121 -3.9522 7.4545 -12.2141
3 16 -4.9751 4 -12.0107 -4.7332 8.3891 -12.0588 -4.4204 7.8288 -12.121
3 16 -4.9751 4 -12.0107 -4.843 9.05 -12.037 -4.7332 8.3891 -12.0588
3 16 -4.9751 4 -12.0107 -4.9751 10.1625 -12.0107 -4.843 9.05 -12.037
3 16 -4.843 9.05 -12.037 -4.9751 10.1625 -12.0107 -4.7332 9.7109 -12.0588
3 16 -4.7332 9.7109 -12.0588 -4.9751 10.1625 -12.0107 -4.6 10.05 -12.0853
4 16 -4.9751 10.6594 -12.0107 -4.9751 12.5552 -12.0107 -4.65 12.15 -12.0754 -4.4 10.7 -12.1251
4 16 -4.4 10.7 -12.1251 -4.65 12.15 -12.0754 -4.2 12 -12.1648 -3.95 10.8 -12.2145
4 16 -3.95 10.8 -12.2145 -4.2 12 -12.1648 -3.9 12 -12.2245 -3.4 10.777 -12.3239
3 16 -3.4 10.777 -12.3239 -3.9 12 -12.2245 -3.7 12.1 -12.2643
3 16 0 4 -13 -.45 14.15 -12.9105 0 14.2 -13
4 16 .45 14.15 -12.9105 1.55 10.6 -12.6918 0 4 -13 0 14.2 -13
4 16 1.7 11.05 -12.662 1.55 10.6 -12.6918 .45 14.15 -12.9105 1.1 14 -12.7813
4 16 1.7 11.05 -12.662 1.1 14 -12.7813 2 13.65 -12.6023 2.05 11.45 -12.5924
4 16 2.5 11.8 -12.5029 2.05 11.45 -12.5924 2 13.65 -12.6023 2.7 13.35 -12.4631
4 16 2.95 12.05 -12.4134 2.5 11.8 -12.5029 2.7 13.35 -12.4631 3.1 13.25 -12.3836
4 16 3.45 12.15 -12.314 2.95 12.05 -12.4134 3.1 13.25 -12.3836 3.45 13.25 -12.314
4 16 3.45 12.15 -12.314 3.45 13.25 -12.314 3.9 12.85 -12.2245 3.95 12.2 -12.2145
4 16 3.95 12.2 -12.2145 3.9 12.85 -12.2245 4.45 12.8 -12.1151 4.5 12 -12.1052
4 16 4.5 12 -12.1052 4.45 12.8 -12.1151 4.85 12.9 -12.0356 4.9751 11.6711 -12.0107
3 16 4.9751 11.6711 -12.0107 4.85 12.9 -12.0356 4.9751 13.0072 -12.0107
4 16 3.9 12.85 -12.2245 3.45 13.25 -12.314 3.75 13.35 -12.2543 4.3 13.05 -12.1449
4 16 4.3 13.05 -12.1449 3.75 13.35 -12.2543 4 13.5 -12.2046 4.6 13.3 -12.0853
4 16 4.6 13.3 -12.0853 4 13.5 -12.2046 4.1 13.7 -12.1847 4.8 13.65 -12.0455
4 16 4.8 13.65 -12.0455 4.1 13.7 -12.1847 4.2 14.15 -12.1648 4.9751 14.2008 -12.0107
3 16 4.2 14.15 -12.1648 4.25 14.7 -12.1549 4.9751 14.2008 -12.0107
4 16 4.9751 14.2008 -12.0107 4.25 14.7 -12.1549 4.25 15.3 -12.1549 4.9751 17 -12.0107
3 16 4.25 15.3 -12.1549 4.1 16.1 -12.1847 4.9751 17 -12.0107
3 16 4.1 16.1 -12.1847 3.9 16.75 -12.2245 4.9751 17 -12.0107
3 16 3.9 16.75 -12.2245 3.7636 17 -12.2516 4.9751 17 -12.0107
4 16 2.1932 10.35 -12.5639 0 4 -13 1.55 10.6 -12.6918 1.8 10.8 -12.6421
3 16 2.1932 10.35 -12.5639 1.8 10.8 -12.6421 2.304 11.0172 -12.5418
3 16 0 4 -13 2.1932 10.35 -12.5639 2.304 9.6328 -12.5418
3 16 0 4 -13 2.304 9.6328 -12.5418 2.5699 9.0671 -12.489
3 16 0 4 -13 2.5699 9.0671 -12.489 3.0425 8.6891 -12.395
4 16 0 4 -13 3.0425 8.6891 -12.395 3.6 8.5564 -12.2841 4.9751 4 -12.0107
3 16 4.9751 4 -12.0107 3.6 8.5564 -12.2841 4.1575 8.6891 -12.1733
3 16 4.9751 4 -12.0107 4.1575 8.6891 -12.1733 4.6301 9.0671 -12.0793
3 16 4.9751 4 -12.0107 4.6301 9.0671 -12.0793 4.896 9.6328 -12.0264
3 16 4.9751 4 -12.0107 4.896 9.6328 -12.0264 4.9568 10.25 -12.0143
3 16 4.9568 10.25 -12.0143 4.9 10.8 -12.0256 4.9751 10.7812 -12.0107
3 16 4.9751 4 -12.0107 4.9568 10.25 -12.0143 4.9751 10.7812 -12.0107
4 16 9.1923 4 -9.1923 4.9751 4 -12.0107 4.9751 10.7812 -12.0107 5.3 10.7 -11.7936
3 16 9.1923 4 -9.1923 5.3 10.7 -11.7936 6 10.45 -11.3258
3 16 9.1923 4 -9.1923 6 10.45 -11.3258 9.1923 17 -9.1923
3 16 4.9751 14.2008 -12.0107 4.9751 17 -12.0107 5.05 14.9 -11.9606
4 16 5.05 14.9 -11.9606 4.9751 17 -12.0107 9.1923 17 -9.1923 5.2 14.6 -11.8604
3 16 5.3 14.2 -11.7936 5.2 14.6 -11.8604 9.1923 17 -9.1923
4 16 5.3 13.65 -11.7936 5.3 14.2 -11.7936 9.1923 17 -9.1923 5.6 11 -11.5931
4 16 4.9751 11.6711 -12.0107 4.9751 13.0072 -12.0107 5.2 13.2 -11.8604 5.6 11 -11.5931
3 16 5.6 11 -11.5931 5.2 13.2 -11.8604 5.3 13.65 -11.7936
3 16 6 10.45 -11.3258 5.6 11 -11.5931 9.1923 17 -9.1923
4 16 -5.6568 21 -5.6568 -3.0616 21 -7.3912 -3.7936 20.6954 -9.1592 -7.0096 20.6954 -7.0096
4 16 -7.0096 20.6954 -7.0096 -3.7936 20.6954 -9.1592 -4.4144 19.8282 -10.6576 -8.1568 19.8282 -8.1568
4 16 -8.1568 19.8282 -8.1568 -4.4144 19.8282 -10.6576 -4.8296 18.5309 -11.6592 -8.9232 18.5309 -8.9232
4 16 -3.0616 21 -7.3912 0 21 -8 0 20.6954 -9.9136 -3.7936 20.6954 -9.1592
4 16 -3.7936 20.6954 -9.1592 0 20.6954 -9.9136 0 19.8282 -11.5352 -4.4144 19.8282 -10.6576
4 16 -1.9803 18.5309 -12.2256 -4.8296 18.5309 -11.6592 -4.4144 19.8282 -10.6576 -1.75 18.6 -12.2136
4 16 -1.75 18.6 -12.2136 -4.4144 19.8282 -10.6576 0 19.8282 -11.5352 -1.1 18.75 -12.2175
3 16 -1.1 18.75 -12.2175 0 19.8282 -11.5352 -.4 18.8 -12.3148
3 16 0 18.8 -12.3943 -.4 18.8 -12.3148 0 19.8282 -11.5352
4 16 0 21 -8 3.0616 21 -7.3912 3.7936 20.6954 -9.1592 0 20.6954 -9.9136
4 16 0 20.6954 -9.9136 3.7936 20.6954 -9.1592 4.4144 19.8282 -10.6576 0 19.8282 -11.5352
3 16 4.4144 19.8282 -10.6576 4.8296 18.5309 -11.6592 1.9803 18.5309 -12.2256
4 16 .4 18.8 -12.3148 0 18.8 -12.3943 0 19.8282 -11.5352 4.4144 19.8282 -10.6576
3 16 1.1 18.75 -12.2175 .4 18.8 -12.3148 4.4144 19.8282 -10.6576
3 16 1.75 18.6 -12.2136 1.1 18.75 -12.2175 4.4144 19.8282 -10.6576
3 16 1.9803 18.5309 -12.2256 1.75 18.6 -12.2136 4.4144 19.8282 -10.6576
4 16 3.0616 21 -7.3912 5.6568 21 -5.6568 7.0096 20.6954 -7.0096 3.7936 20.6954 -9.1592
4 16 3.7936 20.6954 -9.1592 7.0096 20.6954 -7.0096 8.1568 19.8282 -8.1568 4.4144 19.8282 -10.6576
4 16 4.4144 19.8282 -10.6576 8.1568 19.8282 -8.1568 8.9232 18.5309 -8.9232 4.8296 18.5309 -11.6592
4 16 -4.9751 17 -12.0107 -9.1923 17 -9.1923 -8.9232 18.5309 -8.9232 -4.8296 18.5309 -11.6592
4 16 -3.6 17.3 -12.2095 -3.7636 17 -12.2516 -4.9751 17 -12.0107 -4.8296 18.5309 -11.6592
3 16 -3.6 17.3 -12.2095 -4.8296 18.5309 -11.6592 -3.2 17.8 -12.1648
3 16 -3.2 17.8 -12.1648 -4.8296 18.5309 -11.6592 -2.75 18.2 -12.1548
3 16 -2.75 18.2 -12.1548 -4.8296 18.5309 -11.6592 -2.25 18.45 -12.1921
3 16 -2.25 18.45 -12.1921 -4.8296 18.5309 -11.6592 -1.9803 18.5309 -12.2256
4 16 4.9751 17 -12.0107 3.7636 17 -12.2516 3.6 17.3 -12.2095 4.8296 18.5309 -11.6592
3 16 3.6 17.3 -12.2095 3.2 17.8 -12.1648 4.8296 18.5309 -11.6592
3 16 4.8296 18.5309 -11.6592 2.25 18.45 -12.1921 1.9803 18.5309 -12.2256
3 16 2.75 18.2 -12.1548 2.25 18.45 -12.1921 4.8296 18.5309 -11.6592
3 16 3.2 17.8 -12.1648 2.75 18.2 -12.1548 4.8296 18.5309 -11.6592
4 16 4.9751 17 -12.0107 4.8296 18.5309 -11.6592 8.9232 18.5309 -8.9232 9.1923 17 -9.1923
4 13 -3.45 14 -12.314 -3.5 14.5 -12.304 -3.35 14.6 -12.3339 -3.2 13.9 -12.3637
4 13 -3.05 13.9 -12.3935 -3.2 13.9 -12.3637 -3.35 14.6 -12.3339 -2.7 14.05 -12.4631
4 13 -2.8 14.55 -12.4432 -2.7 14.05 -12.4631 -3.35 14.6 -12.3339 -2.95 14.65 -12.4134
4 13 0 17 -13 0 16.8136 -13 -.4 16.85 -12.9205 -1.4625 17 -12.7092
4 13 1.45 14.65 -12.7117 1.45 15.3 -12.7117 2.05 15 -12.5924 2.2 14.3 -12.5625
4 13 2.2 14.3 -12.5625 2.05 15 -12.5924 2.65 14.8 -12.4731 3 14 -12.4035
4 13 3 14 -12.4035 2.65 14.8 -12.4731 3.2 14.65 -12.3637 3.5 13.95 -12.304
4 13 3.65 14.05 -12.2742 3.5 13.95 -12.304 3.2 14.65 -12.3637 3.55 14.6 -12.2941
3 13 3.65 14.05 -12.2742 3.55 14.6 -12.2941 3.65 14.45 -12.2742
4 13 .15 16.8 -12.9702 0 16.8136 -13 0 17 -13 .5 17 -12.9006
3 13 .6 16.8 -12.8807 .15 16.8 -12.9702 .5 17 -12.9006
4 13 -2.3 17.25 -12.4805 -2.4 17.35 -12.4357 -2.4 17.5 -12.3984 -2.3 17.65 -12.381
4 13 -2.1 17.15 -12.5451 -2.3 17.25 -12.4805 -2.3 17.65 -12.381 -1.85 17.9 -12.4083
4 13 -2.1 17.15 -12.5451 -1.85 17.9 -12.4083 -1.05 18.1 -12.5176 -1.4625 17 -12.7092
4 13 -.4 18.2 -12.622 0 18.2 -12.7015 0 17 -13 -1.05 18.1 -12.5176
3 13 0 17 -13 -1.4625 17 -12.7092 -1.05 18.1 -12.5176
4 13 2.2 17.05 -12.5501 1.95 17.15 -12.5749 2 17.4 -12.5028 2.45 17.05 -12.5004
4 13 2.65 17.15 -12.4357 2.45 17.05 -12.5004 2 17.4 -12.5028 2.75 17.3 -12.3785
4 13 2.65 17.45 -12.3611 2.75 17.3 -12.3785 2 17.4 -12.5028 2.45 17.55 -12.376
4 13 2.2 17.65 -12.4009 2.45 17.55 -12.376 2 17.4 -12.5028 2 17.7 -12.4282
3 13 .5 17 -12.9006 0 17 -13 .4 17.2 -12.8707
3 13 0 17 -13 .3 17.5 -12.816 .4 17.2 -12.8707
4 13 .25 17.85 -12.7389 .3 17.5 -12.816 0 17 -13 0 18.2 -12.7015
3 13 .25 17.85 -12.7389 0 18.2 -12.7015 .25 18.15 -12.6642
4 84 -5.3 13.7 -11.7936 -5.3 14.6 -11.7936 -4.9751 13.6002 -12.0107 -5.2 13.05 -11.8604
3 84 -4.9751 12.5552 -12.0107 -5.2 13.05 -11.8604 -4.9751 13.6002 -12.0107
4 84 -4.65 12.15 -12.0754 -4.45 12.7 -12.1151 -4.2 12.45 -12.1648 -4.2 12 -12.1648
4 84 -4.2 12 -12.1648 -4.2 12.45 -12.1648 -4 12.25 -12.2046 -3.9 12 -12.2245
3 84 -3.9 12 -12.2245 -4 12.25 -12.2046 -3.7 12.1 -12.2643
3 84 -4.75 13.15 -12.0555 -4.9751 12.5552 -12.0107 -4.9751 13.6002 -12.0107
4 84 -4.65 12.15 -12.0754 -4.9751 12.5552 -12.0107 -4.75 13.15 -12.0555 -4.45 12.7 -12.1151
4 84 4.45 12.8 -12.1151 3.9 12.85 -12.2245 4.3 13.05 -12.1449 4.85 12.9 -12.0356
4 84 4.85 12.9 -12.0356 4.3 13.05 -12.1449 4.6 13.3 -12.0853 4.9751 13.0072 -12.0107
3 84 4.9751 13.0072 -12.0107 4.6 13.3 -12.0853 4.8 13.65 -12.0455
3 84 4.9751 13.0072 -12.0107 4.8 13.65 -12.0455 4.9751 14.2008 -12.0107
3 84 5.2 13.2 -11.8604 4.9751 13.0072 -12.0107 4.9751 14.2008 -12.0107
4 84 5.3 13.65 -11.7936 5.2 13.2 -11.8604 4.9751 14.2008 -12.0107 5.3 14.2 -11.7936
4 84 5.2 14.6 -11.8604 5.3 14.2 -11.7936 4.9751 14.2008 -12.0107 5.05 14.9 -11.9606

5 24 -9.1923 17 -9.1923 -9.1923 4 -9.1923 -12.0107 17 -4.9751 -4.9751 17 -12.0107
5 24 -5.6568 21 -5.6568 -7.0096 20.6954 -7.0096 -7.3912 21 -3.0616 -3.0616 21 -7.3912
5 24 -7.0096 20.6954 -7.0096 -8.1568 19.8282 -8.1568 -9.1592 20.6954 -3.7936 -3.7936 20.6954 -9.1592
5 24 -8.1568 19.8282 -8.1568 -8.9232 18.5309 -8.9232 -10.6576 19.8282 -4.4144 -4.4144 19.8282 -10.6576
5 24 -8.9232 18.5309 -8.9232 -9.1923 17 -9.1923 -11.6592 18.5309 -4.8296 -4.8296 18.5309 -11.6592
5 24 -4.9751 17 -12.0107 -9.1923 17 -9.1923 -4.975 15.343 -12.01 -4.8296 18.5309 -11.6592
5 24 -4.8296 18.5309 -11.6592 -8.9232 18.5309 -8.9232 -4.9751 17 -12.0107 -4.4144 19.8282 -10.6576
5 24 -4.4144 19.8282 -10.6576 -8.1568 19.8282 -8.1568 -4.8296 18.5309 -11.6592 -3.7936 20.6954 -9.1592
5 24 -3.7936 20.6954 -9.1592 -7.0096 20.6954 -7.0096 -4.4144 19.8282 -10.6576 -3.0616 21 -7.3912
5 24 -3.0616 21 -7.3912 -5.6568 21 -5.6568 -3.7936 20.6954 -9.1592 -2.2962 21 -5.5434
5 24 -4.9751 17 -12.0107 -4.9751 4 -12.0107 -9.1923 17 -9.1923 0 17 -13
5 24 -3.0616 21 -7.3912 -3.7936 20.6954 -9.1592 -5.6568 21 -5.6568 0 21 -8
5 24 -3.7936 20.6954 -9.1592 -4.4144 19.8282 -10.6576 -7.0096 20.6954 -7.0096 0 20.6954 -9.9136
5 24 -4.4144 19.8282 -10.6576 -4.8296 18.5309 -11.6592 -8.1568 19.8282 -8.1568 0 19.8282 -11.5352
5 24 -4.8296 18.5309 -11.6592 -4.9751 17 -12.0107 -8.9232 18.5309 -8.9232 0 18.5309 -12.6192
5 24 0 17 -13 -4.9751 17 -12.0107 0 15.343 -13 0 18.5309 -12.6192
5 24 0 18.5309 -12.6192 -4.8296 18.5309 -11.6592 0 17 -13 0 19.8282 -11.5352
5 24 0 19.8282 -11.5352 -4.4144 19.8282 -10.6576 0 18.5309 -12.6192 0 20.6954 -9.9136
5 24 0 20.6954 -9.9136 -3.7936 20.6954 -9.1592 0 19.8282 -11.5352 0 21 -8
5 24 0 21 -8 -3.0616 21 -7.3912 0 20.6954 -9.9136 0 21 -6
5 24 0 17 -13 0 4 -13 -4.9751 17 -12.0107 4.9751 17 -12.0107
5 24 0 21 -8 0 20.6954 -9.9136 -3.0616 21 -7.3912 3.0616 21 -7.3912
5 24 0 20.6954 -9.9136 0 19.8282 -11.5352 -3.7936 20.6954 -9.1592 3.7936 20.6954 -9.1592
5 24 0 19.8282 -11.5352 0 18.5309 -12.6192 -4.4144 19.8282 -10.6576 4.4144 19.8282 -10.6576
5 24 0 18.5309 -12.6192 0 17 -13 -4.8296 18.5309 -11.6592 4.8296 18.5309 -11.6592
5 24 4.9751 17 -12.0107 0 17 -13 4.975 15.343 -12.01 4.8296 18.5309 -11.6592
5 24 4.8296 18.5309 -11.6592 0 18.5309 -12.6192 4.9751 17 -12.0107 4.4144 19.8282 -10.6576
5 24 4.4144 19.8282 -10.6576 0 19.8282 -11.5352 4.8296 18.5309 -11.6592 3.7936 20.6954 -9.1592
5 24 3.7936 20.6954 -9.1592 0 20.6954 -9.9136 4.4144 19.8282 -10.6576 3.0616 21 -7.3912
5 24 3.0616 21 -7.3912 0 21 -8 3.7936 20.6954 -9.1592 2.2962 21 -5.5434
5 24 4.9751 17 -12.0107 4.9751 4 -12.0107 0 17 -13 9.1923 17 -9.1923
5 24 3.0616 21 -7.3912 3.7936 20.6954 -9.1592 0 21 -8 5.6568 21 -5.6568
5 24 3.7936 20.6954 -9.1592 4.4144 19.8282 -10.6576 0 20.6954 -9.9136 7.0096 20.6954 -7.0096
5 24 4.4144 19.8282 -10.6576 4.8296 18.5309 -11.6592 0 19.8282 -11.5352 8.1568 19.8282 -8.1568
5 24 4.8296 18.5309 -11.6592 4.9751 17 -12.0107 0 18.5309 -12.6192 8.9232 18.5309 -8.9232
5 24 9.1923 17 -9.1923 4.9751 17 -12.0107 9.192 15.343 -9.192 8.9232 18.5309 -8.9232
5 24 8.9232 18.5309 -8.9232 4.8296 18.5309 -11.6592 9.1923 17 -9.1923 8.1568 19.8282 -8.1568
5 24 8.1568 19.8282 -8.1568 4.4144 19.8282 -10.6576 8.9232 18.5309 -8.9232 7.0096 20.6954 -7.0096
5 24 7.0096 20.6954 -7.0096 3.7936 20.6954 -9.1592 8.1568 19.8282 -8.1568 5.6568 21 -5.6568
5 24 5.6568 21 -5.6568 3.0616 21 -7.3912 7.0096 20.6954 -7.0096 4.2426 21 -4.2426
5 24 9.1923 17 -9.1923 9.1923 4 -9.1923 4.9751 17 -12.0107 12.0107 17 -4.9751
5 24 5.6568 21 -5.6568 7.0096 20.6954 -7.0096 3.0616 21 -7.3912 7.3912 21 -3.0616
5 24 7.0096 20.6954 -7.0096 8.1568 19.8282 -8.1568 3.7936 20.6954 -9.1592 9.1592 20.6954 -3.7936
5 24 8.1568 19.8282 -8.1568 8.9232 18.5309 -8.9232 4.4144 19.8282 -10.6576 10.6576 19.8282 -4.4144
5 24 8.9232 18.5309 -8.9232 9.1923 17 -9.1923 4.8296 18.5309 -11.6592 11.6592 18.5309 -4.8296
