0 Minifig Head with Black Eyebrows, Reddish Brown Freckles, Grin / Sad Frown  2-Sided Pattern
0 Name: 3626cp7s.dat
0 Author: Philippe Hurbain [Philo]
0 !LDRAW_ORG Part UPDATE 2026-04
0 !LICENSE Licensed under CC BY 4.0 : see CAreadme.txt

0 BFC CERTIFY CCW

0 !KEYWORDS BrickLink 3626pb0595, Brickowl 922521, Brickset 38826, City
0 !KEYWORDS Kingdoms, Michael "Mikey" Walsh, Mike Teevee
0 !KEYWORDS Rebrickable 3626cpr2624, Seamus Finnigan, Set 21360, Set 21363
0 !KEYWORDS set 7189, Set 76435, Tim Murphy

0 !HISTORY 2026-04-27 [OrionP] Official Update 2026-04

1 16 0 0 0 1 0 0 0 1 0 0 0 1 s\3626cs02.dat
1 16 0 4 0 0 0 8 0 -6.4 0 8 0 0 t04o6250.dat
1 16 0 4 0 0 0 -8 0 -6.4 0 8 0 0 t04o6250.dat
1 16 0 4 0 0 0 -8 0 -6.4 0 -8 0 0 t04o6250.dat
1 16 0 4 0 0 0 8 0 -6.4 0 -8 0 0 t04o6250.dat
1 16 0 17 0 -8 0 0 0 6.4 0 0 0 8 t04o6250.dat
1 16 0 17 0 8 0 0 0 6.4 0 0 0 8 t04o6250.dat
1 16 0 17 0 -8 0 0 0 6.4 0 0 0 -8 t04o6250.dat
1 16 0 17 0 8 0 0 0 6.4 0 0 0 -8 t04o6250.dat
1 16 0 4 0 13 0 0 0 13 0 0 0 -13 1-8cyli.dat
1 16 0 4 0 13 0 0 0 13 0 0 0 13 1-8cyli.dat
1 16 0 4 0 -13 0 0 0 13 0 0 0 13 1-8cyli.dat
1 16 0 4 0 -13 0 0 0 13 0 0 0 -13 1-8cyli.dat

0 // Front
5 24 4.9751 4 -12.0107 4.9751 17 -12.0107 9.1923 17 -9.1923 0 17 -13
5 24 9.1923 4 -9.1923 9.1923 17 -9.1923 12.0107 17 -4.9751 4.9751 17 -12.0107
5 24 -4.9751 4 -12.0107 -4.9751 17 -12.0107 -9.1923 17 -9.1923 0 17 -13
5 24 -9.1923 4 -9.1923 -9.1923 17 -9.1923 -12.0107 17 -4.9751 -4.9751 17 -12.0107
5 24 0 17 -13 0 4 -13 -4.9751 4 -12.0107 4.9751 4 -12.0107
4 0 -5.611 5.8156 -11.5857 -5.7554 6.0567 -11.4892 -5.5378 6.5288 -11.6347 -5.2246 6.2738 -11.8439
4 0 -4.8547 11.3719 -12.0346 -3.7043 10.0578 -12.2634 -4.0056 9.8632 -12.2035 -4.9751 11.1403 -12.0107
4 0 -2.3663 5.1768 -12.5295 -2.5689 5.0865 -12.4892 -2.3719 5.9936 -12.5284 -2.2005 5.6706 -12.5624
4 0 -1.0763 15.9034 -12.786 -2.5699 15.4342 -12.489 -2.5397 15.8205 -12.495 -2.0059 16.2141 -12.6011
4 0 0 16.7212 -13 .5625 16.6959 -12.8881 .7492 15.9408 -12.851 0 16.0098 -13
4 0 3.4005 5.4182 -12.3238 3.469 6.2869 -12.3102 4.2514 6.2847 -12.1546 3.9712 5.4065 -12.2103
4 0 4.6786 11.6104 -12.0697 4.9751 11.1952 -12.0107 4.0381 9.9066 -12.197 3.7135 10.0784 -12.2616
3 0 -5.3575 5.5453 -11.7552 -5.611 5.8156 -11.5857 -5.2246 6.2738 -11.8439
3 0 -5.7554 6.0567 -11.4892 -5.9379 6.6816 -11.3672 -5.5378 6.5288 -11.6347
4 0 -5.8733 7.1228 -11.4105 -5.5378 6.5288 -11.6347 -5.9379 6.6816 -11.3672 -5.9464 6.9454 -11.3616
4 0 -4.9751 5.2973 -12.0107 -5.3575 5.5453 -11.7552 -5.2246 6.2738 -11.8439 -4.9751 6.1564 -12.0107
4 0 -5.0958 10.9081 -11.93 -4.9751 11.1403 -12.0107 -4.9751 9.1051 -12.0107 -5.2106 10.3986 -11.8533
4 0 -5.104 9.3644 -11.9245 -5.2151 9.8755 -11.8503 -5.2106 10.3986 -11.8533 -4.9751 9.1051 -12.0107
4 0 -4.0056 9.8632 -12.2035 -4.1694 9.543 -12.1709 -4.9751 9.1051 -12.0107 -4.9751 11.1403 -12.0107
4 0 -4.033 12.0014 -12.198 -3.7043 10.0578 -12.2634 -4.8547 11.3719 -12.0346 -4.4928 11.7502 -12.1066
3 0 -4.033 12.0014 -12.198 -3.5166 12.0883 -12.3007 -3.7043 10.0578 -12.2634
4 0 -3.0046 11.987 -12.4025 -3.3491 10.0784 -12.334 -3.7043 10.0578 -12.2634 -3.5166 12.0883 -12.3007
4 0 -3.0046 11.987 -12.4025 -2.556 11.7199 -12.4917 -2.1987 11.3388 -12.5628 -3.3491 10.0784 -12.334
4 0 -3.3491 10.0784 -12.334 -2.1987 11.3388 -12.5628 -1.9526 10.8781 -12.6117 -3.0245 9.9066 -12.3986
4 0 -1.9526 10.8781 -12.6117 -1.8344 10.3689 -12.6352 -1.8452 9.8461 -12.6331 -3.0245 9.9066 -12.3986
4 0 -1.9741 9.3399 -12.6074 -2.8556 9.5943 -12.4322 -3.0245 9.9066 -12.3986 -1.8452 9.8461 -12.6331
4 0 -2.8556 9.5943 -12.4322 -1.9741 9.3399 -12.6074 -2.2194 8.8783 -12.5587 -2.9234 9.2373 -12.4187
4 0 -3.1453 8.948 -12.3746 -2.9234 9.2373 -12.4187 -2.2194 8.8783 -12.5587 -2.577 8.4959 -12.4876
3 0 -2.577 8.4959 -12.4876 -3.0338 8.2408 -12.3967 -3.1453 8.948 -12.3746
4 0 -3.5483 8.1539 -12.2944 -3.485 8.8471 -12.307 -3.1453 8.948 -12.3746 -3.0338 8.2408 -12.3967
4 0 -3.8304 8.9458 -12.2383 -3.485 8.8471 -12.307 -3.5483 8.1539 -12.2944 -4.0594 8.2591 -12.1928
3 0 -4.5149 8.5151 -12.1022 -4.8713 8.8963 -12.0313 -4.086 9.1966 -12.1875
4 0 -4.1694 9.543 -12.1709 -4.086 9.1966 -12.1875 -4.8713 8.8963 -12.0313 -4.9751 9.1051 -12.0107
4 0 -4.0594 8.2591 -12.1928 -4.5149 8.5151 -12.1022 -4.086 9.1966 -12.1875 -3.8304 8.9458 -12.2383
4 0 -4.1128 5.043 -12.1822 -4.9751 5.2973 -12.0107 -4.9751 6.1564 -12.0107 -4.1401 5.9252 -12.1767
4 0 -4.1401 5.9252 -12.1767 -3.48 5.8476 -12.308 -3.3713 4.9773 -12.3296 -4.1128 5.043 -12.1822
3 0 -2.2005 5.6706 -12.5624 -2.2304 5.3378 -12.5565 -2.3663 5.1768 -12.5295
4 0 -3.3713 4.9773 -12.3296 -3.48 5.8476 -12.308 -2.3719 5.9936 -12.5284 -2.5689 5.0865 -12.4892
4 0 0 16.7212 -13 0 16.0098 -13 -1.0763 15.9034 -12.786 -.7601 16.6552 -12.8489
4 0 -2.0059 16.2141 -12.6011 -1.3995 16.4813 -12.7217 -.7601 16.6552 -12.8489 -1.0763 15.9034 -12.786
4 0 -2.8741 15.3932 -12.4285 -2.826 15.5311 -12.438 -2.5397 15.8205 -12.495 -2.5699 15.4342 -12.489
3 0 .5625 16.6959 -12.8881 1.2144 16.5721 -12.7585 .7492 15.9408 -12.851
4 0 .7492 15.9408 -12.851 1.2144 16.5721 -12.7585 1.8342 16.3329 -12.6353 1.5764 15.6498 -12.6865
3 0 1.8342 16.3329 -12.6353 2.3739 15.9492 -12.528 1.5764 15.6498 -12.6865
4 0 2.7992 15.4413 -12.4434 2.2429 15.2992 -12.554 1.5764 15.6498 -12.6865 2.3739 15.9492 -12.528
3 0 2.9965 15.0497 -12.4042 3.0114 14.7591 -12.4012 2.8568 14.7959 -12.4319
4 0 2.9965 15.0497 -12.4042 2.8568 14.7959 -12.4319 2.2429 15.2992 -12.554 2.7992 15.4413 -12.4434
3 0 4.7532 5.473 -12.0548 3.9712 5.4065 -12.2103 4.2514 6.2847 -12.1546
4 0 2.3203 6.2318 -12.5386 2.5209 6.5167 -12.4987 2.8303 5.5167 -12.4372 2.593 5.6104 -12.4844
4 0 3.4005 5.4182 -12.3238 2.8303 5.5167 -12.4372 2.5209 6.5167 -12.4987 3.469 6.2869 -12.3102
4 0 2.593 5.6104 -12.4844 2.413 5.7401 -12.5202 2.2889 6.0031 -12.5449 2.3203 6.2318 -12.5386
4 0 4.9751 5.5389 -12.0107 4.7532 5.473 -12.0548 4.2514 6.2847 -12.1546 4.9751 6.3748 -12.0107
4 0 4.0381 9.9066 -12.197 4.9751 11.1952 -12.0107 4.9751 9.0557 -12.0107 4.207 9.5943 -12.1634
4 0 4.6786 11.6104 -12.0697 3.7135 10.0784 -12.2616 3.8829 12.052 -12.2279 4.313 11.8891 -12.1424
4 0 2.5868 11.7292 -12.4856 2.9814 11.9635 -12.4071 3.4249 12.0813 -12.319 3.3583 10.0578 -12.3322
4 0 3.8829 12.052 -12.2279 3.7135 10.0784 -12.2616 3.3583 10.0578 -12.3322 3.4249 12.0813 -12.319
4 0 2.5868 11.7292 -12.4856 3.3583 10.0578 -12.3322 2.0284 11.0068 -12.5967 2.2639 11.4022 -12.5498
3 0 1.846 10.1088 -12.6329 1.8881 10.568 -12.6246 3.057 9.8632 -12.3921
4 0 2.9766 9.1966 -12.4081 2.0578 9.2185 -12.5908 1.9041 9.6521 -12.6214 2.8932 9.543 -12.4247
4 0 1.9041 9.6521 -12.6214 1.846 10.1088 -12.6329 3.057 9.8632 -12.3921 2.8932 9.543 -12.4247
4 0 1.8881 10.568 -12.6246 2.0284 11.0068 -12.5967 3.3583 10.0578 -12.3322 3.057 9.8632 -12.3921
4 0 4.207 9.5943 -12.1634 4.9751 9.0557 -12.0107 4.7026 8.6524 -12.0649 4.1393 9.2373 -12.1769
4 0 3.9155 8.2128 -12.2214 3.9173 8.948 -12.221 4.7026 8.6524 -12.0649 4.3552 8.3557 -12.134
4 0 3.9173 8.948 -12.221 3.9155 8.2128 -12.2214 3.4572 8.1837 -12.3125 3.5777 8.8471 -12.2886
4 0 2.5997 8.484 -12.483 2.2881 8.8211 -12.545 2.0578 9.2185 -12.5908 2.9766 9.1966 -12.4081
4 0 3.008 8.2739 -12.4019 3.2322 8.9458 -12.3573 3.5777 8.8471 -12.2886 3.4572 8.1837 -12.3125
4 0 3.008 8.2739 -12.4019 2.5997 8.484 -12.483 2.9766 9.1966 -12.4081 3.2322 8.9458 -12.3573
3 0 3.9173 8.948 -12.221 4.1393 9.2373 -12.1769 4.7026 8.6524 -12.0649
4 0 5.1309 10.819 -11.9066 5.2132 10.3669 -11.8516 4.9751 9.0557 -12.0107 4.9751 11.1952 -12.0107
4 0 5.1389 9.4545 -11.9012 4.9751 9.0557 -12.0107 5.2132 10.3669 -11.8516 5.2165 9.9074 -11.8493
4 0 5.7642 6.0977 -11.4833 5.4029 5.7548 -11.7248 4.9751 6.3748 -12.0107 5.4975 6.6115 -11.6616
3 0 5.8479 6.9217 -11.4274 6.0683 7.1865 -11.2801 6.0291 6.6115 -11.3063
3 0 4.9751 6.3748 -12.0107 5.4029 5.7548 -11.7248 4.9751 5.5389 -12.0107
4 0 5.8479 6.9217 -11.4274 6.0291 6.6115 -11.3063 5.7642 6.0977 -11.4833 5.4975 6.6115 -11.6616
4 15 -3.7043 10.0578 -12.2634 -3.8304 8.9458 -12.2383 -4.086 9.1966 -12.1875 -4.0056 9.8632 -12.2035
3 15 -4.086 9.1966 -12.1875 -4.1694 9.543 -12.1709 -4.0056 9.8632 -12.2035
4 15 -3.3491 10.0784 -12.334 -3.485 8.8471 -12.307 -3.8304 8.9458 -12.2383 -3.7043 10.0578 -12.2634
4 15 -3.3491 10.0784 -12.334 -3.0245 9.9066 -12.3986 -2.8556 9.5943 -12.4322 -2.9234 9.2373 -12.4187
4 15 -3.1453 8.948 -12.3746 -3.485 8.8471 -12.307 -3.3491 10.0784 -12.334 -2.9234 9.2373 -12.4187
3 15 2.9766 9.1966 -12.4081 2.8932 9.543 -12.4247 3.057 9.8632 -12.3921
4 15 2.9766 9.1966 -12.4081 3.057 9.8632 -12.3921 3.3583 10.0578 -12.3322 3.2322 8.9458 -12.3573
4 15 3.7135 10.0784 -12.2616 3.5777 8.8471 -12.2886 3.2322 8.9458 -12.3573 3.3583 10.0578 -12.3322
4 15 3.7135 10.0784 -12.2616 4.0381 9.9066 -12.197 4.207 9.5943 -12.1634 4.1393 9.2373 -12.1769
4 15 3.9173 8.948 -12.221 3.5777 8.8471 -12.2886 3.7135 10.0784 -12.2616 4.1393 9.2373 -12.1769
3 16 -4.8713 8.8963 -12.0313 -4.5149 8.5151 -12.1022 -4.9751 6.1564 -12.0107
3 16 4.7026 8.6524 -12.0649 4.9751 9.0557 -12.0107 4.9751 6.3748 -12.0107
4 16 -9.1923 17 -9.1923 -4.9751 17 -12.0107 -5.6559 12.9525 -11.5557 -5.8302 12.9439 -11.4392
4 16 -5.9415 12.8059 -11.3649 -7.2996 13.877 -10.4572 -7.4243 13.9983 -10.3738 -9.1923 17 -9.1923
4 16 9.1923 4 -9.1923 4.9751 4 -12.0107 5.4029 5.7548 -11.7248 5.7642 6.0977 -11.4833
4 16 7.3321 11.5435 -10.4355 6.9048 13.5969 -10.7211 7.0774 13.6061 -10.6057 7.4286 11.6893 -10.371
4 16 -8.6337 11.8396 -9.5656 -8.6405 11.666 -9.5611 -9.1923 4 -9.1923 -9.1923 17 -9.1923
3 16 -4.9751 5.2973 -12.0107 -4.9751 4 -12.0107 -5.3575 5.5453 -11.7552
3 16 -5.3575 5.5453 -11.7552 -4.9751 4 -12.0107 -5.611 5.8156 -11.5857
4 16 -8.6405 11.666 -9.5611 -8.5239 11.5379 -9.639 -5.9464 6.9454 -11.3616 -9.1923 4 -9.1923
4 16 -5.2106 10.3986 -11.8533 -5.2151 9.8755 -11.8503 -8.3523 11.5171 -9.7537 -8.2177 11.6243 -9.8436
4 16 -8.5239 11.5379 -9.639 -8.3523 11.5171 -9.7537 -5.8733 7.1228 -11.4105 -5.9464 6.9454 -11.3616
4 16 -8.2107 11.7972 -9.8483 -5.9305 12.6287 -11.3722 -5.8082 12.4992 -11.4539 -8.2177 11.6243 -9.8436
4 16 -5.0958 10.9081 -11.93 -5.2106 10.3986 -11.8533 -8.2177 11.6243 -9.8436 -5.8082 12.4992 -11.4539
4 16 -4.9751 4 -12.0107 -9.1923 4 -9.1923 -5.7554 6.0567 -11.4892 -5.611 5.8156 -11.5857
3 16 -5.9379 6.6816 -11.3672 -5.7554 6.0567 -11.4892 -9.1923 4 -9.1923
3 16 -5.6308 12.4996 -11.5725 -5.523 12.6418 -11.6445 -4.9751 11.1403 -12.0107
4 16 -5.8082 12.4992 -11.4539 -5.6308 12.4996 -11.5725 -4.9751 11.1403 -12.0107 -5.0958 10.9081 -11.93
3 16 -5.9464 6.9454 -11.3616 -5.9379 6.6816 -11.3672 -9.1923 4 -9.1923
4 16 -4.9751 6.1564 -12.0107 -5.2246 6.2738 -11.8439 -5.5378 6.5288 -11.6347 -4.9751 9.1051 -12.0107
4 16 -5.104 9.3644 -11.9245 -4.9751 9.1051 -12.0107 -5.5378 6.5288 -11.6347 -5.8733 7.1228 -11.4105
4 16 -8.3523 11.5171 -9.7537 -5.2151 9.8755 -11.8503 -5.104 9.3644 -11.9245 -5.8733 7.1228 -11.4105
3 16 0 17 -13 0 16.7212 -13 -.7601 16.6552 -12.8489
3 16 -4.8547 11.3719 -12.0346 -4.9751 11.1403 -12.0107 -4.9751 17 -12.0107
3 16 -4.4928 11.7502 -12.1066 -4.8547 11.3719 -12.0346 -4.9751 17 -12.0107
4 16 -4.9751 17 -12.0107 0 17 -13 -.7601 16.6552 -12.8489 -1.3995 16.4813 -12.7217
4 16 -2.8741 15.3932 -12.4285 -4.033 12.0014 -12.198 -4.4928 11.7502 -12.1066 -4.9751 17 -12.0107
3 16 -3.5166 12.0883 -12.3007 -4.033 12.0014 -12.198 -2.8741 15.3932 -12.4285
3 16 -4.9751 17 -12.0107 -1.3995 16.4813 -12.7217 -2.0059 16.2141 -12.6011
3 16 -4.9751 17 -12.0107 -2.0059 16.2141 -12.6011 -2.5397 15.8205 -12.495
3 16 -3.0046 11.987 -12.4025 -3.5166 12.0883 -12.3007 -2.8741 15.3932 -12.4285
3 16 -4.9751 17 -12.0107 -2.5397 15.8205 -12.495 -2.826 15.5311 -12.438
3 16 -4.9751 17 -12.0107 -2.826 15.5311 -12.438 -2.8741 15.3932 -12.4285
4 16 0 16.0098 -13 -2.1987 11.3388 -12.5628 -2.556 11.7199 -12.4917 -1.0763 15.9034 -12.786
4 16 -2.556 11.7199 -12.4917 -3.0046 11.987 -12.4025 -2.8741 15.3932 -12.4285 -2.5699 15.4342 -12.489
3 16 -1.9526 10.8781 -12.6117 -2.1987 11.3388 -12.5628 0 16.0098 -13
3 16 -2.556 11.7199 -12.4917 -2.5699 15.4342 -12.489 -1.0763 15.9034 -12.786
4 16 -1.9526 10.8781 -12.6117 0 16.0098 -13 0 4 -13 -1.8344 10.3689 -12.6352
3 16 -4.9751 4 -12.0107 -4.9751 5.2973 -12.0107 -4.1128 5.043 -12.1822
3 16 -4.9751 4 -12.0107 -4.1128 5.043 -12.1822 -3.3713 4.9773 -12.3296
3 16 -1.8452 9.8461 -12.6331 -1.8344 10.3689 -12.6352 0 4 -13
4 16 -3.3713 4.9773 -12.3296 -2.5689 5.0865 -12.4892 0 4 -13 -4.9751 4 -12.0107
3 16 -1.9741 9.3399 -12.6074 -1.8452 9.8461 -12.6331 0 4 -13
3 16 0 4 -13 -2.5689 5.0865 -12.4892 -2.3663 5.1768 -12.5295
3 16 0 4 -13 -2.3663 5.1768 -12.5295 -2.2304 5.3378 -12.5565
4 16 -1.9741 9.3399 -12.6074 0 4 -13 -2.2005 5.6706 -12.5624 -2.2194 8.8783 -12.5587
4 16 -2.577 8.4959 -12.4876 -2.2194 8.8783 -12.5587 -2.2005 5.6706 -12.5624 -2.3719 5.9936 -12.5284
3 16 0 4 -13 -2.2304 5.3378 -12.5565 -2.2005 5.6706 -12.5624
4 16 -2.577 8.4959 -12.4876 -2.3719 5.9936 -12.5284 -3.48 5.8476 -12.308 -3.0338 8.2408 -12.3967
4 16 -3.0338 8.2408 -12.3967 -3.48 5.8476 -12.308 -4.1401 5.9252 -12.1767 -3.5483 8.1539 -12.2944
4 16 -4.9751 6.1564 -12.0107 -4.0594 8.2591 -12.1928 -3.5483 8.1539 -12.2944 -4.1401 5.9252 -12.1767
3 16 -4.5149 8.5151 -12.1022 -4.0594 8.2591 -12.1928 -4.9751 6.1564 -12.0107
3 16 -4.9751 6.1564 -12.0107 -4.9751 9.1051 -12.0107 -4.8713 8.8963 -12.0313
3 16 0 16.7212 -13 0 17 -13 .5625 16.6959 -12.8881
4 16 4.9751 17 -12.0107 1.2144 16.5721 -12.7585 .5625 16.6959 -12.8881 0 17 -13
3 16 4.9751 17 -12.0107 4.9751 11.1952 -12.0107 4.6786 11.6104 -12.0697
3 16 4.9751 17 -12.0107 4.6786 11.6104 -12.0697 4.313 11.8891 -12.1424
3 16 4.313 11.8891 -12.1424 3.8829 12.052 -12.2279 3.0114 14.7591 -12.4012
3 16 1.8342 16.3329 -12.6353 1.2144 16.5721 -12.7585 4.9751 17 -12.0107
3 16 2.3739 15.9492 -12.528 1.8342 16.3329 -12.6353 4.9751 17 -12.0107
3 16 3.8829 12.052 -12.2279 3.4249 12.0813 -12.319 3.0114 14.7591 -12.4012
4 16 2.8568 14.7959 -12.4319 3.0114 14.7591 -12.4012 3.4249 12.0813 -12.319 2.9814 11.9635 -12.4071
3 16 2.7992 15.4413 -12.4434 2.3739 15.9492 -12.528 4.9751 17 -12.0107
3 16 2.9965 15.0497 -12.4042 2.7992 15.4413 -12.4434 4.9751 17 -12.0107
4 16 4.313 11.8891 -12.1424 3.0114 14.7591 -12.4012 2.9965 15.0497 -12.4042 4.9751 17 -12.0107
4 16 2.2639 11.4022 -12.5498 1.5764 15.6498 -12.6865 2.2429 15.2992 -12.554 2.5868 11.7292 -12.4856
4 16 2.9814 11.9635 -12.4071 2.5868 11.7292 -12.4856 2.2429 15.2992 -12.554 2.8568 14.7959 -12.4319
3 16 2.2639 11.4022 -12.5498 2.0284 11.0068 -12.5967 0 16.0098 -13
4 16 1.5764 15.6498 -12.6865 2.2639 11.4022 -12.5498 0 16.0098 -13 .7492 15.9408 -12.851
3 16 4.9751 5.5389 -12.0107 4.9751 4 -12.0107 4.7532 5.473 -12.0548
4 16 2.593 5.6104 -12.4844 2.8303 5.5167 -12.4372 4.9751 4 -12.0107 0 4 -13
3 16 4.7532 5.473 -12.0548 4.9751 4 -12.0107 3.9712 5.4065 -12.2103
3 16 3.9712 5.4065 -12.2103 4.9751 4 -12.0107 3.4005 5.4182 -12.3238
3 16 1.8881 10.568 -12.6246 0 16.0098 -13 2.0284 11.0068 -12.5967
3 16 0 16.0098 -13 1.8881 10.568 -12.6246 1.846 10.1088 -12.6329
3 16 3.4005 5.4182 -12.3238 4.9751 4 -12.0107 2.8303 5.5167 -12.4372
4 16 0 16.0098 -13 1.846 10.1088 -12.6329 1.9041 9.6521 -12.6214 0 4 -13
3 16 0 4 -13 1.9041 9.6521 -12.6214 2.0578 9.2185 -12.5908
3 16 2.413 5.7401 -12.5202 2.593 5.6104 -12.4844 0 4 -13
3 16 2.2889 6.0031 -12.5449 2.413 5.7401 -12.5202 0 4 -13
3 16 2.2881 8.8211 -12.545 2.5997 8.484 -12.483 2.5209 6.5167 -12.4987
4 16 2.0578 9.2185 -12.5908 2.2881 8.8211 -12.545 2.5209 6.5167 -12.4987 2.3203 6.2318 -12.5386
3 16 2.5997 8.484 -12.483 3.008 8.2739 -12.4019 2.5209 6.5167 -12.4987
4 16 2.0578 9.2185 -12.5908 2.3203 6.2318 -12.5386 2.2889 6.0031 -12.5449 0 4 -13
4 16 3.4572 8.1837 -12.3125 3.9155 8.2128 -12.2214 4.2514 6.2847 -12.1546 3.469 6.2869 -12.3102
4 16 3.008 8.2739 -12.4019 3.4572 8.1837 -12.3125 3.469 6.2869 -12.3102 2.5209 6.5167 -12.4987
4 16 4.9751 6.3748 -12.0107 4.2514 6.2847 -12.1546 3.9155 8.2128 -12.2214 4.3552 8.3557 -12.134
3 16 4.3552 8.3557 -12.134 4.7026 8.6524 -12.0649 4.9751 6.3748 -12.0107
3 16 9.1923 17 -9.1923 7.7699 11.439 -10.1429 7.7352 11.6105 -10.1661
4 16 7.1691 13.913 -10.5444 9.1923 17 -9.1923 7.7352 11.6105 -10.1661 7.1874 13.7393 -10.5322
4 16 5.289 12.5639 -11.8009 4.9751 11.1952 -12.0107 4.9751 17 -12.0107 5.3069 12.7358 -11.789
4 16 4.9751 17 -12.0107 9.1923 17 -9.1923 7.1691 13.913 -10.5444 7.0447 14.037 -10.6276
3 16 5.3069 12.7358 -11.789 4.9751 17 -12.0107 5.4348 12.8508 -11.7034
4 16 5.6037 12.8225 -11.5906 5.4348 12.8508 -11.7034 4.9751 17 -12.0107 6.7668 13.8861 -10.8133
3 16 6.8728 14.0236 -10.7424 4.9751 17 -12.0107 7.0447 14.037 -10.6276
3 16 6.8728 14.0236 -10.7424 6.7668 13.8861 -10.8133 4.9751 17 -12.0107
3 16 6.7668 13.8861 -10.8133 5.7066 12.6842 -11.5219 5.6037 12.8225 -11.5906
4 16 -5.523 12.6418 -11.6445 -5.5323 12.8226 -11.6383 -4.9751 17 -12.0107 -4.9751 11.1403 -12.0107
3 16 -5.9415 12.8059 -11.3649 -9.1923 17 -9.1923 -5.8302 12.9439 -11.4392
3 16 -4.9751 17 -12.0107 -5.5323 12.8226 -11.6383 -5.6559 12.9525 -11.5557
4 16 -5.9305 12.6287 -11.3722 -7.3994 13.5697 -10.3905 -7.2889 13.7035 -10.4644 -5.9415 12.8059 -11.3649
3 16 -5.9305 12.6287 -11.3722 -8.2107 11.7972 -9.8483 -7.3994 13.5697 -10.3905
4 16 -7.3994 13.5697 -10.3905 -8.2107 11.7972 -9.8483 -8.3258 11.9277 -9.7714 -7.5724 13.5652 -10.2749
4 16 -8.4983 11.9485 -9.6561 -7.6982 13.6843 -10.1908 -7.5724 13.5652 -10.2749 -8.3258 11.9277 -9.7714
4 16 -8.4983 11.9485 -9.6561 -8.6337 11.8396 -9.5656 -9.1923 17 -9.1923 -7.7085 13.857 -10.1839
3 16 -7.7085 13.857 -10.1839 -7.6982 13.6843 -10.1908 -8.4983 11.9485 -9.6561
3 16 -7.5963 13.9882 -10.2589 -7.7085 13.857 -10.1839 -9.1923 17 -9.1923
3 16 -5.9415 12.8059 -11.3649 -7.2889 13.7035 -10.4644 -7.2996 13.877 -10.4572
3 16 -7.4243 13.9983 -10.3738 -7.5963 13.9882 -10.2589 -9.1923 17 -9.1923
4 16 5.8479 6.9217 -11.4274 4.9751 9.0557 -12.0107 5.1389 9.4545 -11.9012 6.0683 7.1865 -11.2801
4 16 7.6723 11.2955 -10.2082 6.0683 7.1865 -11.2801 5.1389 9.4545 -11.9012 7.5007 11.2708 -10.3228
4 16 4.9751 6.3748 -12.0107 4.9751 9.0557 -12.0107 5.8479 6.9217 -11.4274 5.4975 6.6115 -11.6616
3 16 5.2165 9.9074 -11.8493 5.2132 10.3669 -11.8516 7.3591 11.3709 -10.4174
4 16 6.9048 13.5969 -10.7211 7.3321 11.5435 -10.4355 5.1309 10.819 -11.9066 4.9751 11.1952 -12.0107
4 16 5.2132 10.3669 -11.8516 5.1309 10.819 -11.9066 7.3321 11.5435 -10.4355 7.3591 11.3709 -10.4174
4 16 5.1389 9.4545 -11.9012 5.2165 9.9074 -11.8493 7.3591 11.3709 -10.4174 7.5007 11.2708 -10.3228
4 16 7.6723 11.2955 -10.2082 9.1923 4 -9.1923 6.0291 6.6115 -11.3063 6.0683 7.1865 -11.2801
3 16 7.7699 11.439 -10.1429 9.1923 17 -9.1923 9.1923 4 -9.1923
3 16 7.6723 11.2955 -10.2082 7.7699 11.439 -10.1429 9.1923 4 -9.1923
3 16 4.9751 4 -12.0107 4.9751 5.5389 -12.0107 5.4029 5.7548 -11.7248
3 16 5.7642 6.0977 -11.4833 6.0291 6.6115 -11.3063 9.1923 4 -9.1923
4 16 5.6905 12.5125 -11.5326 6.7668 13.8861 -10.8133 6.7763 13.7108 -10.8069 4.9751 11.1952 -12.0107
3 16 4.9751 11.1952 -12.0107 6.7763 13.7108 -10.8069 6.9048 13.5969 -10.7211
4 16 7.7352 11.6105 -10.1661 7.5993 11.7189 -10.2569 7.0774 13.6061 -10.6057 7.1874 13.7393 -10.5322
3 16 7.5993 11.7189 -10.2569 7.4286 11.6893 -10.371 7.0774 13.6061 -10.6057
3 16 4.9751 11.1952 -12.0107 5.289 12.5639 -11.8009 5.3873 12.4228 -11.7352
3 16 4.9751 11.1952 -12.0107 5.3873 12.4228 -11.7352 5.5578 12.4032 -11.6213
3 16 5.6905 12.5125 -11.5326 5.7066 12.6842 -11.5219 6.7668 13.8861 -10.8133
3 16 4.9751 11.1952 -12.0107 5.5578 12.4032 -11.6213 5.6905 12.5125 -11.5326
4 70 7.5007 11.2708 -10.3228 7.5993 11.7189 -10.2569 7.7352 11.6105 -10.1661 7.6723 11.2955 -10.2082
4 70 5.3873 12.4228 -11.7352 5.4348 12.8508 -11.7034 5.6037 12.8225 -11.5906 5.5578 12.4032 -11.6213
4 70 -5.8082 12.4992 -11.4539 -5.9305 12.6287 -11.3722 -5.9415 12.8059 -11.3649 -5.8302 12.9439 -11.4392
4 70 -5.523 12.6418 -11.6445 -5.6308 12.4996 -11.5725 -5.6559 12.9525 -11.5557 -5.5323 12.8226 -11.6383
4 70 -5.8302 12.9439 -11.4392 -5.6559 12.9525 -11.5557 -5.6308 12.4996 -11.5725 -5.8082 12.4992 -11.4539
4 70 -7.4243 13.9983 -10.3738 -7.2996 13.877 -10.4572 -7.2889 13.7035 -10.4644 -7.3994 13.5697 -10.3905
4 70 -7.5963 13.9882 -10.2589 -7.4243 13.9983 -10.3738 -7.3994 13.5697 -10.3905 -7.5724 13.5652 -10.2749
4 70 -7.7085 13.857 -10.1839 -7.5963 13.9882 -10.2589 -7.5724 13.5652 -10.2749 -7.6982 13.6843 -10.1908
4 70 -8.5239 11.5379 -9.639 -8.6405 11.666 -9.5611 -8.6337 11.8396 -9.5656 -8.4983 11.9485 -9.6561
4 70 -8.3523 11.5171 -9.7537 -8.5239 11.5379 -9.639 -8.4983 11.9485 -9.6561 -8.3258 11.9277 -9.7714
4 70 -8.3258 11.9277 -9.7714 -8.2107 11.7972 -9.8483 -8.2177 11.6243 -9.8436 -8.3523 11.5171 -9.7537
3 70 7.7699 11.439 -10.1429 7.6723 11.2955 -10.2082 7.7352 11.6105 -10.1661
4 70 7.5007 11.2708 -10.3228 7.3591 11.3709 -10.4174 7.3321 11.5435 -10.4355 7.4286 11.6893 -10.371
3 70 7.4286 11.6893 -10.371 7.5993 11.7189 -10.2569 7.5007 11.2708 -10.3228
4 70 7.0447 14.037 -10.6276 7.1691 13.913 -10.5444 7.1874 13.7393 -10.5322 7.0774 13.6061 -10.6057
4 70 6.7763 13.7108 -10.8069 6.7668 13.8861 -10.8133 6.8728 14.0236 -10.7424 6.9048 13.5969 -10.7211
4 70 7.0774 13.6061 -10.6057 6.9048 13.5969 -10.7211 6.8728 14.0236 -10.7424 7.0447 14.037 -10.6276
4 70 5.5578 12.4032 -11.6213 5.6037 12.8225 -11.5906 5.7066 12.6842 -11.5219 5.6905 12.5125 -11.5326
4 70 5.289 12.5639 -11.8009 5.3069 12.7358 -11.789 5.4348 12.8508 -11.7034 5.3873 12.4228 -11.7352

0 // Back
5 24 4.9751 17 12.0107 4.9751 4 12.0107 9.1923 17 9.1923 0 17 13
5 24 9.1923 17 9.1923 9.1923 4 9.1923 12.0107 17 4.9751 4.9751 17 12.0107
5 24 -4.9751 17 12.0107 -4.9751 4 12.0107 -9.1923 17 9.1923 0 17 13
5 24 -9.1923 17 9.1923 -9.1923 4 9.1923 -12.0107 17 4.9751 -4.9751 17 12.0107
5 24 0 4 13 0 17 13 -4.9751 4 12.0107 4.9751 4 12.0107

4 0 4.8547 11.3719 12.0346 3.7043 10.0578 12.2634 4.0056 9.8632 12.2035 4.9751 11.1403 12.0107
4 0 2.2194 8.8783 12.5587 2.577 8.4959 12.4876 3.1453 8.948 12.3746 2.9234 9.2373 12.4187
4 0 -3.4572 8.1837 12.3125 -3.5777 8.8471 12.2886 -3.9173 8.948 12.221 -3.9155 8.2128 12.2214
4 0 5.9818 6.7509 11.3379 6 6.9438 11.3257 5.9184 7.1266 11.3803 5.5205 6.8855 11.6462
4 0 4.9751 9.1051 12.0107 5.2106 10.3986 11.8533 5.0958 10.9081 11.93 4.9751 11.1403 12.0107
4 0 4.0056 9.8632 12.2035 4.1694 9.543 12.1709 4.9751 9.1051 12.0107 4.9751 11.1403 12.0107
4 0 4.033 12.0014 12.198 3.7043 10.0578 12.2634 4.8547 11.3719 12.0346 4.4928 11.7502 12.1066
4 0 3.3491 10.0784 12.334 3.7043 10.0578 12.2634 4.033 12.0014 12.198 3.5166 12.0883 12.3007
4 0 2.556 11.7199 12.4917 3.3491 10.0784 12.334 3.5166 12.0883 12.3007 3.0046 11.987 12.4025
3 0 2.1987 11.3388 12.5628 1.9526 10.8781 12.6117 3.0245 9.9066 12.3986
4 0 1.8452 9.8461 12.6331 3.0245 9.9066 12.3986 1.9526 10.8781 12.6117 1.8344 10.3689 12.6352
4 0 2.556 11.7199 12.4917 2.1987 11.3388 12.5628 3.0245 9.9066 12.3986 3.3491 10.0784 12.334
4 0 1.9741 9.3399 12.6074 2.8556 9.5943 12.4322 3.0245 9.9066 12.3986 1.8452 9.8461 12.6331
4 0 2.2194 8.8783 12.5587 2.9234 9.2373 12.4187 2.8556 9.5943 12.4322 1.9741 9.3399 12.6074
4 0 3.485 8.8471 12.307 3.1453 8.948 12.3746 2.577 8.4959 12.4876 3.0338 8.2408 12.3967
4 0 4.0594 8.2591 12.1928 3.485 8.8471 12.307 3.0338 8.2408 12.3967 3.5483 8.1539 12.2944
3 0 3.485 8.8471 12.307 4.0594 8.2591 12.1928 3.8304 8.9458 12.2383
4 0 4.5149 8.5151 12.1022 4.8713 8.8963 12.0313 4.9751 9.1051 12.0107 4.086 9.1966 12.1875
3 0 4.9751 9.1051 12.0107 4.1694 9.543 12.1709 4.086 9.1966 12.1875
4 0 4.0594 8.2591 12.1928 4.5149 8.5151 12.1022 4.086 9.1966 12.1875 3.8304 8.9458 12.2383
3 0 4.9751 6.9153 12.0107 4.9751 7.5126 12.0107 4.7126 6.9003 12.0629
4 0 4.7126 6.9003 12.0629 4.9751 7.5126 12.0107 3.8818 7.5349 12.2281 4.2126 6.778 12.1623
4 0 4.2126 6.778 12.1623 3.8818 7.5349 12.2281 3.0555 7.3549 12.3924 3.5225 6.4851 12.2996
4 0 2.495 7.1139 12.5039 3.0552 6.1454 12.3925 3.5225 6.4851 12.2996 3.0555 7.3549 12.3924
4 0 2.2748 6.0642 12.5477 3.0552 6.1454 12.3925 2.1388 6.539 12.5747 2.1601 6.2878 12.5705
4 0 2.6847 5.7881 12.4662 3.0552 6.1454 12.3925 2.2748 6.0642 12.5477 2.4529 5.8777 12.5122
4 0 2.1744 6.7927 12.5676 2.1388 6.539 12.5747 3.0552 6.1454 12.3925 2.495 7.1139 12.5039
4 0 0 16.3106 13 0 15.66 13 1.5179 16.0054 12.6982 .788 16.4624 12.8433
4 0 1.9585 16.28 12.6106 1.6984 16.8043 12.6623 .788 16.4624 12.8433 1.5179 16.0054 12.6982
3 0 1.9585 16.28 12.6106 2.2449 16.6322 12.5536 1.6984 16.8043 12.6623
4 0 2.3396 16.8425 12.5348 2.1763 16.9178 12.5672 1.6984 16.8043 12.6623 2.2449 16.6322 12.5536
4 0 -1.1443 16.2431 12.7725 -.6269 15.5958 12.8753 0 15.66 13 0 16.3106 13
3 0 -1.8797 15.6474 12.6262 -.6269 15.5958 12.8753 -1.1443 16.2431 12.7725
4 0 -3.031 16.6733 12.3973 -2.8773 16.0447 12.4279 -2.3986 15.7643 12.523 -2.1091 16.3645 12.5806
4 0 -1.1443 16.2431 12.7725 -2.1091 16.3645 12.5806 -2.3986 15.7643 12.523 -1.8797 15.6474 12.6262
4 0 -2.8773 16.0447 12.4279 -3.031 16.6733 12.3973 -3.2245 16.6102 12.3588 -3.1435 16.3866 12.3749
4 0 -4.0812 6.7565 12.1884 -4.6089 7.563 12.0835 -4.9751 7.5332 12.0107 -4.9751 6.9202 12.0107
4 0 -2.4094 7.0056 12.5209 -2.9557 7.2903 12.4123 -3.5975 7.4745 12.2846 -3.3741 6.3979 12.3291
3 0 -2.0591 6.3856 12.5906 -2.1223 6.7297 12.578 -2.4094 7.0056 12.5209
3 0 -2.1024 6.1528 12.5819 -2.0591 6.3856 12.5906 -2.6265 5.7333 12.4777
4 0 -2.1024 6.1528 12.5819 -2.6265 5.7333 12.4777 -2.3959 5.7822 12.5236 -2.218 5.9436 12.5589
4 0 -4.6089 7.563 12.0835 -4.0812 6.7565 12.1884 -3.3741 6.3979 12.3291 -3.5975 7.4745 12.2846
4 0 -2.4094 7.0056 12.5209 -3.3741 6.3979 12.3291 -2.6265 5.7333 12.4777 -2.0591 6.3856 12.5906
4 0 -4.0381 9.9066 12.197 -4.9751 11.1952 12.0107 -4.9751 9.0557 12.0107 -4.207 9.5943 12.1634
4 0 -4.0381 9.9066 12.197 -3.7135 10.0784 12.2616 -4.6786 11.6104 12.0697 -4.9751 11.1952 12.0107
4 0 -4.6786 11.6104 12.0697 -3.7135 10.0784 12.2616 -3.8829 12.052 12.2279 -4.313 11.8891 12.1424
4 0 -3.7135 10.0784 12.2616 -3.3583 10.0578 12.3322 -2.9814 11.9635 12.4071 -3.4249 12.0813 12.319
3 0 -3.4249 12.0813 12.319 -3.8829 12.052 12.2279 -3.7135 10.0784 12.2616
4 0 -2.2639 11.4022 12.5498 -2.5868 11.7292 12.4856 -2.9814 11.9635 12.4071 -3.3583 10.0578 12.3322
4 0 -2.0284 11.0068 12.5967 -3.057 9.8632 12.3921 -1.846 10.1088 12.6329 -1.8881 10.568 12.6246
4 0 -2.9766 9.1966 12.4081 -2.0578 9.2185 12.5908 -1.9041 9.6521 12.6214 -2.8932 9.543 12.4247
4 0 -1.9041 9.6521 12.6214 -1.846 10.1088 12.6329 -3.057 9.8632 12.3921 -2.8932 9.543 12.4247
4 0 -2.2639 11.4022 12.5498 -3.3583 10.0578 12.3322 -3.057 9.8632 12.3921 -2.0284 11.0068 12.5967
4 0 -4.207 9.5943 12.1634 -4.9751 9.0557 12.0107 -4.7026 8.6524 12.0649 -4.1393 9.2373 12.1769
4 0 -4.1393 9.2373 12.1769 -4.7026 8.6524 12.0649 -4.3552 8.3557 12.134 -3.9173 8.948 12.221
3 0 -4.3552 8.3557 12.134 -3.9155 8.2128 12.2214 -3.9173 8.948 12.221
4 0 -3.008 8.2739 12.4019 -3.2322 8.9458 12.3573 -3.5777 8.8471 12.2886 -3.4572 8.1837 12.3125
4 0 -2.0578 9.2185 12.5908 -2.9766 9.1966 12.4081 -2.5997 8.484 12.483 -2.2881 8.8211 12.545
4 0 -3.008 8.2739 12.4019 -2.5997 8.484 12.483 -2.9766 9.1966 12.4081 -3.2322 8.9458 12.3573
4 0 -5.1309 10.819 11.9066 -5.2132 10.3669 11.8516 -4.9751 9.0557 12.0107 -4.9751 11.1952 12.0107
4 0 -5.1389 9.4545 11.9012 -4.9751 9.0557 12.0107 -5.2132 10.3669 11.8516 -5.2165 9.9074 11.8493
4 0 -5.5227 6.9158 11.6447 -4.9751 6.9202 12.0107 -4.9751 7.5332 12.0107 -5.4789 7.4188 11.674
3 0 -5.4789 7.4188 11.674 -5.7121 7.2942 11.5181 -5.5227 6.9158 11.6447
4 0 -5.8882 6.8436 11.4005 -5.5227 6.9158 11.6447 -5.7121 7.2942 11.5181 -5.8816 7.0469 11.4049
4 0 5.5205 6.8855 11.6462 5.3983 7.452 11.7278 4.9751 7.5126 12.0107 4.9751 6.9153 12.0107
3 0 5.9184 7.1266 11.3803 5.3983 7.452 11.7278 5.5205 6.8855 11.6462
4 0 5.104 9.3644 11.9245 5.2151 9.8755 11.8503 5.2106 10.3986 11.8533 4.9751 9.1051 12.0107
4 15 3.7043 10.0578 12.2634 3.8304 8.9458 12.2383 4.086 9.1966 12.1875 4.0056 9.8632 12.2035
4 15 -3.3583 10.0578 12.3322 -3.2322 8.9458 12.3573 -2.9766 9.1966 12.4081 -3.057 9.8632 12.3921
3 15 4.086 9.1966 12.1875 4.1694 9.543 12.1709 4.0056 9.8632 12.2035
4 15 3.3491 10.0784 12.334 3.485 8.8471 12.307 3.8304 8.9458 12.2383 3.7043 10.0578 12.2634
4 15 2.8556 9.5943 12.4322 2.9234 9.2373 12.4187 3.3491 10.0784 12.334 3.0245 9.9066 12.3986
4 15 3.1453 8.948 12.3746 3.485 8.8471 12.307 3.3491 10.0784 12.334 2.9234 9.2373 12.4187
3 15 -2.9766 9.1966 12.4081 -2.8932 9.543 12.4247 -3.057 9.8632 12.3921
4 15 -3.7135 10.0784 12.2616 -3.5777 8.8471 12.2886 -3.2322 8.9458 12.3573 -3.3583 10.0578 12.3322
4 15 -4.207 9.5943 12.1634 -4.1393 9.2373 12.1769 -3.7135 10.0784 12.2616 -4.0381 9.9066 12.197
4 15 -3.9173 8.948 12.221 -3.5777 8.8471 12.2886 -3.7135 10.0784 12.2616 -4.1393 9.2373 12.1769
4 16 5.3983 7.452 11.7278 5.9184 7.1266 11.3803 5.2151 9.8755 11.8503 5.104 9.3644 11.9245
4 16 3.8818 7.5349 12.2281 3.5483 8.1539 12.2944 3.0338 8.2408 12.3967 3.0555 7.3549 12.3924
4 16 -3.008 8.2739 12.4019 -2.9557 7.2903 12.4123 -2.4094 7.0056 12.5209 -2.5997 8.484 12.483
4 16 -4.9751 17 12.0107 -6.7668 13.8861 10.8133 -5.6037 12.8225 11.5906 -5.4348 12.8508 11.7034
4 16 -5.8882 6.8436 11.4005 -5.8816 7.0469 11.4049 -7.6723 11.2955 10.2082 -9.1923 4 9.1923
4 16 -7.3321 11.5435 10.4355 -6.9048 13.5969 10.7211 -7.0774 13.6061 10.6057 -7.4286 11.6893 10.371
4 16 -6.7763 13.7109 10.8069 -4.9751 11.1952 12.0107 -5.6905 12.5125 11.5326 -6.7668 13.8861 10.8133
4 16 9.1923 4 9.1923 9.1923 17 9.1923 8.6337 11.8396 9.5656 8.6405 11.666 9.5611
3 16 4.9751 4 12.0107 9.1923 4 9.1923 5.9818 6.7509 11.3379
4 16 4.9751 6.9153 12.0107 4.9751 4 12.0107 5.9818 6.7509 11.3379 5.5205 6.8855 11.6462
4 16 8.6405 11.666 9.5611 8.5239 11.5379 9.639 6 6.9438 11.3257 9.1923 4 9.1923
4 16 5.8082 12.4992 11.4539 8.2177 11.6243 9.8436 8.2107 11.7972 9.8483 5.9305 12.6287 11.3722
4 16 8.2177 11.6243 9.8436 5.2151 9.8755 11.8503 5.9184 7.1266 11.3803 8.3523 11.5171 9.7537
3 16 6 6.9438 11.3257 5.9818 6.7509 11.3379 9.1923 4 9.1923
4 16 8.5239 11.5379 9.639 8.3523 11.5171 9.7537 5.9184 7.1266 11.3803 6 6.9438 11.3257
4 16 5.104 9.3644 11.9245 4.9751 9.1051 12.0107 4.9751 7.5126 12.0107 5.3983 7.452 11.7278
4 16 5.8082 12.4992 11.4539 5.2106 10.3986 11.8533 5.2151 9.8755 11.8503 8.2177 11.6243 9.8436
4 16 5.6308 12.4996 11.5725 5.0958 10.9081 11.93 5.2106 10.3986 11.8533 5.8082 12.4992 11.4539
4 16 5.0958 10.9081 11.93 5.6308 12.4996 11.5725 5.523 12.6418 11.6445 4.9751 11.1403 12.0107
4 16 1.6984 16.8043 12.6623 0 17 13 0 16.3106 13 .788 16.4624 12.8433
3 16 4.8547 11.3719 12.0346 4.9751 11.1403 12.0107 4.9751 17 12.0107
3 16 4.4928 11.7502 12.1066 4.8547 11.3719 12.0346 4.9751 17 12.0107
3 16 0 17 13 1.6984 16.8043 12.6623 2.1763 16.9178 12.5672
3 16 4.9751 17 12.0107 0 17 13 2.1763 16.9178 12.5672
3 16 4.033 12.0014 12.198 4.4928 11.7502 12.1066 4.9751 17 12.0107
3 16 4.9751 17 12.0107 2.1763 16.9178 12.5672 2.3396 16.8425 12.5348
3 16 4.9751 17 12.0107 2.3396 16.8425 12.5348 2.2449 16.6322 12.5536
4 16 4.033 12.0014 12.198 4.9751 17 12.0107 1.9585 16.28 12.6106 3.5166 12.0883 12.3007
4 16 3.0046 11.987 12.4025 3.5166 12.0883 12.3007 1.9585 16.28 12.6106 1.5179 16.0054 12.6982
3 16 4.9751 17 12.0107 2.2449 16.6322 12.5536 1.9585 16.28 12.6106
3 16 2.1987 11.3388 12.5628 2.556 11.7199 12.4917 0 15.66 13
3 16 1.9526 10.8781 12.6117 2.1987 11.3388 12.5628 0 15.66 13
4 16 3.0046 11.987 12.4025 1.5179 16.0054 12.6982 0 15.66 13 2.556 11.7199 12.4917
3 16 1.8344 10.3689 12.6352 1.9526 10.8781 12.6117 0 15.66 13
4 16 1.9741 9.3399 12.6074 1.8452 9.8461 12.6331 0 15.66 13 0 4 13
3 16 1.8452 9.8461 12.6331 1.8344 10.3689 12.6352 0 15.66 13
4 16 2.4529 5.8777 12.5122 0 4 13 4.9751 4 12.0107 2.6847 5.7881 12.4662
3 16 4.9751 4 12.0107 4.9751 6.9153 12.0107 4.7126 6.9003 12.0629
4 16 3.5225 6.4851 12.2996 4.9751 4 12.0107 4.7126 6.9003 12.0629 4.2126 6.778 12.1623
4 16 3.5225 6.4851 12.2996 3.0552 6.1454 12.3925 2.6847 5.7881 12.4662 4.9751 4 12.0107
4 16 2.1388 6.539 12.5747 2.1744 6.7927 12.5676 1.9741 9.3399 12.6074 0 4 13
3 16 2.577 8.4959 12.4876 2.2194 8.8783 12.5587 2.495 7.1139 12.5039
3 16 0 4 13 2.4529 5.8777 12.5122 2.2748 6.0642 12.5477
3 16 0 4 13 2.2748 6.0642 12.5477 2.1601 6.2878 12.5705
4 16 3.0555 7.3549 12.3924 3.0338 8.2408 12.3967 2.577 8.4959 12.4876 2.495 7.1139 12.5039
4 16 1.9741 9.3399 12.6074 2.1744 6.7927 12.5676 2.495 7.1139 12.5039 2.2194 8.8783 12.5587
3 16 0 4 13 2.1601 6.2878 12.5705 2.1388 6.539 12.5747
3 16 4.9751 7.5126 12.0107 4.9751 9.1051 12.0107 4.8713 8.8963 12.0313
3 16 4.9751 7.5126 12.0107 4.8713 8.8963 12.0313 4.5149 8.5151 12.1022
4 16 4.5149 8.5151 12.1022 4.0594 8.2591 12.1928 3.8818 7.5349 12.2281 4.9751 7.5126 12.0107
3 16 3.8818 7.5349 12.2281 4.0594 8.2591 12.1928 3.5483 8.1539 12.2944
3 16 0 17 13 -4.9751 17 12.0107 -3.031 16.6733 12.3973
3 16 -4.9751 17 12.0107 -4.9751 11.1952 12.0107 -4.6786 11.6104 12.0697
4 16 0 16.3106 13 0 17 13 -2.1091 16.3645 12.5806 -1.1443 16.2431 12.7725
3 16 -3.031 16.6733 12.3973 -2.1091 16.3645 12.5806 0 17 13
3 16 -4.9751 17 12.0107 -4.6786 11.6104 12.0697 -4.313 11.8891 12.1424
4 16 -2.8773 16.0447 12.4279 -4.9751 17 12.0107 -4.313 11.8891 12.1424 -3.8829 12.052 12.2279
3 16 -3.2245 16.6102 12.3588 -3.031 16.6733 12.3973 -4.9751 17 12.0107
4 16 -2.3986 15.7643 12.523 -2.8773 16.0447 12.4279 -3.8829 12.052 12.2279 -3.4249 12.0813 12.319
3 16 -3.1435 16.3866 12.3749 -3.2245 16.6102 12.3588 -4.9751 17 12.0107
3 16 -2.8773 16.0447 12.4279 -3.1435 16.3866 12.3749 -4.9751 17 12.0107
4 16 -.6269 15.5958 12.8753 -1.8797 15.6474 12.6262 -2.9814 11.9635 12.4071 -2.5868 11.7292 12.4856
4 16 -3.4249 12.0813 12.319 -2.9814 11.9635 12.4071 -1.8797 15.6474 12.6262 -2.3986 15.7643 12.523
3 16 -2.2639 11.4022 12.5498 -2.0284 11.0068 12.5967 0 15.66 13
4 16 -2.5868 11.7292 12.4856 -2.2639 11.4022 12.5498 0 15.66 13 -.6269 15.5958 12.8753
3 16 -2.0284 11.0068 12.5967 -1.8881 10.568 12.6246 0 15.66 13
4 16 0 4 13 0 15.66 13 -1.8881 10.568 12.6246 -1.846 10.1088 12.6329
4 16 -3.3741 6.3979 12.3291 -4.0812 6.7565 12.1884 -4.9751 6.9202 12.0107 -4.9751 4 12.0107
3 16 -2.6265 5.7333 12.4777 -3.3741 6.3979 12.3291 -4.9751 4 12.0107
3 16 0 4 13 -1.846 10.1088 12.6329 -1.9041 9.6521 12.6214
4 16 -4.9751 4 12.0107 0 4 13 -2.3959 5.7822 12.5236 -2.6265 5.7333 12.4777
3 16 0 4 13 -1.9041 9.6521 12.6214 -2.0578 9.2185 12.5908
3 16 -2.218 5.9436 12.5589 -2.3959 5.7822 12.5236 0 4 13
3 16 -2.1024 6.1528 12.5819 -2.218 5.9436 12.5589 0 4 13
3 16 -2.2881 8.8211 12.545 -2.5997 8.484 12.483 -2.4094 7.0056 12.5209
4 16 -2.0578 9.2185 12.5908 -2.2881 8.8211 12.545 -2.4094 7.0056 12.5209 -2.1223 6.7297 12.578
3 16 -2.0591 6.3856 12.5906 -2.1024 6.1528 12.5819 0 4 13
4 16 -2.0578 9.2185 12.5908 -2.1223 6.7297 12.578 -2.0591 6.3856 12.5906 0 4 13
3 16 -4.7026 8.6524 12.0649 -4.9751 9.0557 12.0107 -4.9751 7.5332 12.0107
4 16 -4.6089 7.563 12.0835 -4.3552 8.3557 12.134 -4.7026 8.6524 12.0649 -4.9751 7.5332 12.0107
4 16 -3.5975 7.4745 12.2846 -3.9155 8.2128 12.2214 -4.3552 8.3557 12.134 -4.6089 7.563 12.0835
4 16 -3.9155 8.2128 12.2214 -3.5975 7.4745 12.2846 -2.9557 7.2903 12.4123 -3.4572 8.1837 12.3125
3 16 -3.4572 8.1837 12.3125 -2.9557 7.2903 12.4123 -3.008 8.2739 12.4019
3 16 -9.1923 17 9.1923 -7.7699 11.439 10.1429 -7.7352 11.6105 10.1661
4 16 -7.7352 11.6105 10.1661 -7.1874 13.7393 10.5322 -7.1691 13.913 10.5444 -9.1923 17 9.1923
4 16 -4.9751 17 12.0107 -5.3069 12.7358 11.789 -5.289 12.5639 11.8009 -4.9751 11.1952 12.0107
4 16 -4.9751 17 12.0107 -9.1923 17 9.1923 -7.1691 13.913 10.5444 -7.0447 14.037 10.6276
3 16 -5.3069 12.7358 11.789 -4.9751 17 12.0107 -5.4348 12.8508 11.7034
3 16 -6.8728 14.0236 10.7424 -4.9751 17 12.0107 -7.0447 14.037 10.6276
3 16 -6.8728 14.0236 10.7424 -6.7668 13.8861 10.8133 -4.9751 17 12.0107
3 16 -6.7668 13.8861 10.8133 -5.7066 12.6841 11.5219 -5.6037 12.8225 11.5906
3 16 -4.9751 7.5332 12.0107 -4.9751 9.0557 12.0107 -5.4789 7.4188 11.674
4 16 -5.1389 9.4545 11.9012 -5.7121 7.2942 11.5181 -5.4789 7.4188 11.674 -4.9751 9.0557 12.0107
3 16 -7.3591 11.3709 10.4174 -5.2165 9.9074 11.8493 -5.2132 10.3669 11.8516
4 16 -5.1389 9.4545 11.9012 -5.2165 9.9074 11.8493 -7.3591 11.3709 10.4174 -7.5007 11.2708 10.3228
4 16 -5.1389 9.4545 11.9012 -7.5007 11.2708 10.3228 -5.8816 7.0469 11.4049 -5.7121 7.2942 11.5181
4 16 -6.9048 13.5969 10.7211 -7.3321 11.5435 10.4355 -5.1309 10.819 11.9066 -4.9751 11.1952 12.0107
4 16 -5.2132 10.3669 11.8516 -5.1309 10.819 11.9066 -7.3321 11.5435 10.4355 -7.3591 11.3709 10.4174
3 16 -4.9751 6.9202 12.0107 -5.5227 6.9158 11.6447 -4.9751 4 12.0107
4 16 -9.1923 4 9.1923 -4.9751 4 12.0107 -5.5227 6.9158 11.6447 -5.8882 6.8436 11.4005
3 16 -7.7699 11.439 10.1429 -9.1923 17 9.1923 -9.1923 4 9.1923
3 16 -7.6723 11.2955 10.2082 -7.7699 11.439 10.1429 -9.1923 4 9.1923
3 16 -5.8816 7.0469 11.4049 -7.5007 11.2708 10.3228 -7.6723 11.2955 10.2082
3 16 -4.9751 11.1952 12.0107 -6.7763 13.7109 10.8069 -6.9048 13.5969 10.7211
4 16 -7.7352 11.6105 10.1661 -7.5993 11.7189 10.2569 -7.0774 13.6061 10.6057 -7.1874 13.7393 10.5322
3 16 -7.5993 11.7189 10.2569 -7.4286 11.6893 10.371 -7.0774 13.6061 10.6057
3 16 -4.9751 11.1952 12.0107 -5.289 12.5639 11.8009 -5.3873 12.4228 11.7352
3 16 -4.9751 11.1952 12.0107 -5.3873 12.4228 11.7352 -5.5577 12.4032 11.6213
3 16 -5.6905 12.5125 11.5326 -5.7066 12.6841 11.5219 -6.7668 13.8861 10.8133
3 16 -4.9751 11.1952 12.0107 -5.5577 12.4032 11.6213 -5.6905 12.5125 11.5326
4 16 4.9751 17 12.0107 4.9751 11.1403 12.0107 5.523 12.6418 11.6445 5.5323 12.8226 11.6383
3 16 5.9414 12.8059 11.3649 9.1923 17 9.1923 5.8302 12.9439 11.4392
4 16 5.6559 12.9525 11.5557 5.8302 12.9439 11.4392 9.1923 17 9.1923 4.9751 17 12.0107
3 16 4.9751 17 12.0107 5.5323 12.8226 11.6383 5.6559 12.9525 11.5557
4 16 7.2889 13.7035 10.4644 5.9414 12.8059 11.3649 5.9305 12.6287 11.3722 7.3994 13.5697 10.3905
3 16 5.9305 12.6287 11.3722 8.2107 11.7972 9.8483 7.3994 13.5697 10.3905
4 16 8.3258 11.9277 9.7714 7.5724 13.5652 10.2749 7.3994 13.5697 10.3905 8.2107 11.7972 9.8483
4 16 8.4983 11.9485 9.6561 7.6982 13.6843 10.1908 7.5724 13.5652 10.2749 8.3258 11.9277 9.7714
3 16 7.7085 13.857 10.1839 7.6982 13.6843 10.1908 8.4983 11.9485 9.6561
4 16 9.1923 17 9.1923 7.7085 13.857 10.1839 8.4983 11.9485 9.6561 8.6337 11.8396 9.5656
3 16 7.5963 13.9882 10.2589 7.7085 13.857 10.1839 9.1923 17 9.1923
3 16 5.9414 12.8059 11.3649 7.2889 13.7035 10.4644 7.2996 13.877 10.4572
3 16 7.4243 13.9983 10.3738 7.5963 13.9882 10.2589 9.1923 17 9.1923
4 16 7.4243 13.9983 10.3738 9.1923 17 9.1923 5.9414 12.8059 11.3649 7.2996 13.877 10.4572
4 70 -5.3873 12.4228 11.7352 -5.4348 12.8508 11.7034 -5.6037 12.8225 11.5906 -5.5577 12.4032 11.6213
4 70 5.9414 12.8059 11.3649 5.8302 12.9439 11.4392 5.8082 12.4992 11.4539 5.9305 12.6287 11.3722
4 70 8.6337 11.8396 9.5656 8.4983 11.9485 9.6561 8.5239 11.5379 9.639 8.6405 11.666 9.5611
3 70 -7.7699 11.439 10.1429 -7.6723 11.2955 10.2082 -7.7352 11.6105 10.1661
4 70 -7.7352 11.6105 10.1661 -7.6723 11.2955 10.2082 -7.5007 11.2708 10.3228 -7.5993 11.7189 10.2569
4 70 -7.3321 11.5435 10.4355 -7.4286 11.6893 10.371 -7.5007 11.2708 10.3228 -7.3591 11.3709 10.4174
3 70 -7.4286 11.6893 10.371 -7.5993 11.7189 10.2569 -7.5007 11.2708 10.3228
4 70 -7.0447 14.037 10.6276 -7.1691 13.913 10.5444 -7.1874 13.7393 10.5322 -7.0774 13.6061 10.6057
4 70 -6.8728 14.0236 10.7424 -7.0447 14.037 10.6276 -7.0774 13.6061 10.6057 -6.9048 13.5969 10.7211
4 70 -6.7763 13.7109 10.8069 -6.7668 13.8861 10.8133 -6.8728 14.0236 10.7424 -6.9048 13.5969 10.7211
4 70 -5.5577 12.4032 11.6213 -5.6037 12.8225 11.5906 -5.7066 12.6841 11.5219 -5.6905 12.5125 11.5326
4 70 -5.289 12.5639 11.8009 -5.3069 12.7358 11.789 -5.4348 12.8508 11.7034 -5.3873 12.4228 11.7352
4 70 5.523 12.6418 11.6445 5.6308 12.4996 11.5725 5.6559 12.9525 11.5557 5.5323 12.8226 11.6383
4 70 5.8302 12.9439 11.4392 5.6559 12.9525 11.5557 5.6308 12.4996 11.5725 5.8082 12.4992 11.4539
4 70 7.4243 13.9983 10.3738 7.2996 13.877 10.4572 7.2889 13.7035 10.4644 7.3994 13.5697 10.3905
4 70 7.5963 13.9882 10.2589 7.4243 13.9983 10.3738 7.3994 13.5697 10.3905 7.5724 13.5652 10.2749
4 70 7.7085 13.857 10.1839 7.5963 13.9882 10.2589 7.5724 13.5652 10.2749 7.6982 13.6843 10.1908
4 70 8.3523 11.5171 9.7537 8.5239 11.5379 9.639 8.4983 11.9485 9.6561 8.3258 11.9277 9.7714
4 70 8.3258 11.9277 9.7714 8.2107 11.7972 9.8483 8.2177 11.6243 9.8436 8.3523 11.5171 9.7537