0 Minifig Hips with Retro Spacesuit with Silver Belt Pattern
0 Name: 3815bp0x.dat
0 Author: Philippe Hurbain [Philo]
0 !LDRAW_ORG Part UPDATE 2026-04
0 !LICENSE Licensed under CC BY 4.0 : see CAreadme.txt

0 BFC CERTIFY CCW

0 !KEYWORDS Moon Rocket, Set 21367, Tintin

0 !HISTORY 2026-04-27 [OrionP] Official Update 2026-04

1 16 0 0 0 1 0 0 0 1 0 0 0 1 s\3815bs01.dat

1 16 -2 12 0 0 4 0 8.08395 0 -3.34848 -3.34848 0 -8.08395 5-16cyli.dat
4 0 7.6 2.1 -10 17.1 1.4 -10 -17.1 1.4 -10 -7.4 2.1 -10
3 0 -17.1 1.4 -10 -17.1 2.1 -10 -9.9 2.1 -10
3 0 -17.1 1.4 -10 -9.9 2.1 -10 -9.5 2.1 -10
3 0 10.2 2.1 -10 17.1 2.1 -10 17.1 1.4 -10
3 0 9.7 2.1 -10 10.2 2.1 -10 17.1 1.4 -10
4 0 -9.9 3.9 -10 -9.5 3.9 -10 -9.5 2.1 -10 -9.9 2.1 -10
3 0 -17.1 1.4 -10 -9.5 2.1 -10 -7.8 2.1 -10
4 0 -7.8 3.9 -10 -7.4 3.9 -10 -7.4 2.1 -10 -7.8 2.1 -10
3 0 -17.1 1.4 -10 -7.8 2.1 -10 -7.4 2.1 -10
3 0 8.1 2.1 -10 9.7 2.1 -10 17.1 1.4 -10
4 0 8.1 2.1 -10 7.6 2.1 -10 7.6 3.9 -10 8.1 3.9 -10
3 0 7.6 2.1 -10 8.1 2.1 -10 17.1 1.4 -10
4 0 10.2 2.1 -10 9.7 2.1 -10 9.7 3.9 -10 10.2 3.9 -10
3 0 17.1 4.6 -10 17.1 3.9 -10 10.2 3.9 -10
3 0 -17.1 3.9 -10 -17.1 4.6 -10 -9.9 3.9 -10
4 0 7.6 3.9 -10 -7.4 3.9 -10 -17.1 4.6 -10 17.1 4.6 -10
3 0 -9.9 3.9 -10 -17.1 4.6 -10 -9.5 3.9 -10
3 0 -9.5 3.9 -10 -17.1 4.6 -10 -7.8 3.9 -10
3 0 17.1 4.6 -10 10.2 3.9 -10 9.7 3.9 -10
3 0 17.1 4.6 -10 9.7 3.9 -10 8.1 3.9 -10
3 0 -7.8 3.9 -10 -17.1 4.6 -10 -7.4 3.9 -10
3 0 17.1 4.6 -10 8.1 3.9 -10 7.6 3.9 -10
4 16 -17.1 1.4 -10 17.1 1.4 -10 18 0 -10 -18 0 -10
4 16 -18 6 -10 18 6 -10 17.1 4.6 -10 -17.1 4.6 -10
3 16 18 0 -10 17.1 1.4 -10 17.1 2.1 -10
4 16 18 0 -10 17.1 2.1 -10 17.1 3.9 -10 18 6 -10
3 16 17.1 3.9 -10 17.1 4.6 -10 18 6 -10
3 16 -17.1 1.4 -10 -18 0 -10 -17.1 2.1 -10
4 16 -17.1 2.1 -10 -18 0 -10 -18 6 -10 -17.1 3.9 -10
3 16 -17.1 4.6 -10 -17.1 3.9 -10 -18 6 -10
4 80 9.7 2.1 -10 8.1 2.1 -10 8.1 3.9 -10 9.7 3.9 -10
4 80 7.6 2.1 -10 -7.4 2.1 -10 -7.4 3.9 -10 7.6 3.9 -10
4 80 -7.8 2.1 -10 -9.5 2.1 -10 -9.5 3.9 -10 -7.8 3.9 -10
4 80 -17.1 2.1 -10 -17.1 3.9 -10 -9.9 3.9 -10 -9.9 2.1 -10
4 80 10.2 3.9 -10 17.1 3.9 -10 17.1 2.1 -10 10.2 2.1 -10