0 Minifig Leg Right with Silver Celtic Tunic Hem, Dark Orange Knee Wrappings and Black Shoe Tips Pattern
0 Name: 3816cp0b.dat
0 Author: Philippe Hurbain [Philo]
0 !LDRAW_ORG Part UPDATE 2026-07
0 !LICENSE Licensed under CC BY 4.0 : see CAreadme.txt

0 !HELP Move down 12 units to align with hips
0 !HELP Move at z=1.25 relative to stud grid
0 !HELP 1 16 0 0 1.25 1 0 0 0 1 0 0 0 1 3816c.dat
0 !HELP 1 16 0 28 0 1 0 0 0 1 0 0 0 1 stug-1x2.dat

0 BFC CERTIFY CCW

0 !CATEGORY Minifig Leg
0 !KEYWORDS Bricklink 970c00pb1557, Set 21343, Viking Village

0 !HISTORY 2026-07-30 [OrionP] Official Update 2026-07

1 16 0 0 0 -1 0 0 0 1 0 0 0 1 s\3817cs01.dat

1 16 0 0 0 -1 0 0 0 1 0 0 0 1 s\3817cp0bs01.dat

4 16 -13.1899 0.3334 -8.6837 -13.539 0 -8.75 -14.4445 0.1584 -8.7185 -13.7023 0.8132 -8.5883
4 16 -4.8782 2.2059 -8.3113 -4.2624 1.9303 -8.3661 -4.4084 1.3331 -8.4849 -5.0927 1.6218 -8.4275
4 16 -10.1832 0 -8.75 -9.8454 1.1201 -8.5272 -9.2735 0.7099 -8.6088 -9.8717 0.1607 -8.7181
4 16 -11.5082 0.3486 -8.6807 -12.3078 0 -8.75 -12.7987 0.3477 -8.6809 -12.4711 0.833 -8.5843
4 16 -8.7735 1.9065 -8.3709 -9.2489 2.2558 -8.3014 -8.43 3.0807 -8.1374 -8.1527 2.5023 -8.2524
3 16 -6.0444 2.9471 -8.1639 -6.2523 2.3773 -8.2772 -6.5077 3.1813 -8.1174
4 16 -12.7987 0.3477 -8.6809 -13.7547 1.3218 -8.4871 -13.403 1.8246 -8.3872 -12.4711 0.833 -8.5843
4 16 -16.6192 0.12 -8.7261 -16.2698 0.6244 -8.6258 -15.9504 0.3491 -8.6806 -16.5272 0 -8.75
3 16 -9.6634 2.183 -8.3159 -9.9661 1.6438 -8.4231 -10.474 2.0305 -8.3462
4 16 -15.716 2.4087 -8.271 -15.8047 1.6508 -8.4217 -16.3415 1.2605 -8.4993 -16.7664 1.6677 -8.4183
4 16 -13.8916 2.2284 -8.3069 -13.403 1.8246 -8.3872 -13.7547 1.3218 -8.4871 -14.219 1.6972 -8.4125
4 16 -17.5499 1.134 -8.5245 -17.8157 1.2791 -8.4956 -17.8337 2.1281 -8.3268 -17.204 1.6247 -8.4269
4 16 -5.6243 3.0764 -8.1382 -5.4636 3.349 -8.084 -4.6049 3.349 -8.084 -5.1064 2.7909 -8.195
4 16 -8.9274 0.7367 -8.6035 -8.6292 1.3071 -8.4901 -8.062 0.9764 -8.5558 -8.4676 0.4615 -8.6582
4 80 -4.6049 3.349 -8.084 -4.3398 2.6198 -8.229 -4.8782 2.2059 -8.3113 -5.1064 2.7909 -8.195
4 80 -9.8717 0.1607 -8.7181 -9.2735 0.7099 -8.6088 -8.9274 0.7367 -8.6035 -9.0556 0 -8.75
4 80 -5.7452 1.0944 -8.5324 -5.443 1.5406 -8.4436 -5.0927 1.6218 -8.4275 -5.0246 0.8852 -8.574
4 80 -12.7987 0.3477 -8.6809 -12.3078 0 -8.75 -13.539 0 -8.75 -13.1899 0.3334 -8.6837
4 80 -12.7987 0.3477 -8.6809 -13.1899 0.3334 -8.6837 -13.7023 0.8132 -8.5883 -13.7547 1.3218 -8.4871
4 80 -15.8047 1.6508 -8.4217 -15.6471 0.9426 -8.5626 -16.2698 0.6244 -8.6258 -16.3415 1.2605 -8.4993
3 80 -17.204 1.6247 -8.4269 -16.9835 2.3583 -8.281 -16.7664 1.6677 -8.4183
4 80 -10.4423 2.6918 -8.2147 -9.5368 2.9521 -8.1629 -9.2489 2.2558 -8.3014 -9.6634 2.183 -8.3159
3 80 -10.5611 1.334 -8.4847 -9.9661 1.6438 -8.4231 -9.8454 1.1201 -8.5272
3 80 -14.3923 1.0325 -8.5447 -13.7547 1.3218 -8.4871 -13.7023 0.8132 -8.5883
4 80 -13.403 1.8246 -8.3872 -12.9599 1.8629 -8.3795 -12.535 1.4558 -8.4605 -12.4711 0.833 -8.5843
3 80 -12.9599 1.8629 -8.3795 -13.403 1.8246 -8.3872 -13.218 2.579 -8.2371
4 80 -6.0444 2.9471 -8.1639 -6.5077 3.1813 -8.1174 -5.4636 3.349 -8.084 -5.6243 3.0764 -8.1382
4 80 -8.6292 1.3071 -8.4901 -8.7735 1.9065 -8.3709 -7.9198 1.8572 -8.3807 -8.0138 1.6455 -8.4228

3 80 -12.4711 0.833 -8.5843 -12.535 1.4558 -8.4605 -12.0612 1.8781 -8.3765
4 16 -8.9274 0.7367 -8.6035 -9.9661 1.6438 -8.4231 -9.6634 2.183 -8.3159 -8.6292 1.3071 -8.4901
4 80 -8.9274 0.7367 -8.6035 -9.2735 0.7099 -8.6088 -9.8454 1.1201 -8.5272 -9.9661 1.6438 -8.4231
4 80 -9.6634 2.183 -8.3159 -9.2489 2.2558 -8.3014 -8.7735 1.9065 -8.3709 -8.6292 1.3071 -8.4901
4 16 -16.6192 0.12 -8.7261 -17.5499 1.134 -8.5245 -17.204 1.6247 -8.4269 -16.2698 0.6244 -8.6258
4 80 -16.6192 0.12 -8.7261 -16.9964 0.1382 -8.7225 -17.5089 0.618 -8.6271 -17.5499 1.134 -8.5245
4 80 -17.204 1.6247 -8.4269 -16.7664 1.6677 -8.4183 -16.3415 1.2605 -8.4993 -16.2698 0.6244 -8.6258
4 80 -16.5272 0 -8.75 -17.1887 0 -8.75 -16.9964 0.1382 -8.7225 -16.6192 0.12 -8.7261
4 16 -16.9964 0.1382 -8.7225 -17.1887 0 -8.75 -17.7599 0.363 -8.6778 -17.5089 0.618 -8.6271
4 16 -5.0927 1.6218 -8.4275 -6.2523 2.3773 -8.2772 -6.0444 2.9471 -8.1639 -4.8782 2.2059 -8.3113
4 80 -5.0927 1.6218 -8.4275 -5.443 1.5406 -8.4436 -6.0645 1.8741 -8.3773 -6.2523 2.3773 -8.2772
4 80 -6.0444 2.9471 -8.1639 -5.6243 3.0764 -8.1382 -5.1064 2.7909 -8.195 -4.8782 2.2059 -8.3113
3 16 -6.2526 1.5363 -8.4445 -6.0645 1.8741 -8.3773 -5.443 1.5406 -8.4436
4 80 -6.7961 1.9501 -8.3622 -6.2523 2.3773 -8.2772 -6.0645 1.8741 -8.3773 -6.2526 1.5363 -8.4445
4 80 -11.822 1.1793 -8.5155 -12.4711 0.833 -8.5843 -12.0612 1.8781 -8.3765 -11.5805 1.4452 -8.4626
4 80 -12.9599 1.8629 -8.3795 -13.218 2.579 -8.2371 -12.4844 3.131 -8.1274 -12.0536 2.6275 -8.2275
4 80 -13.218 2.579 -8.2371 -13.403 1.8246 -8.3872 -13.8916 2.2284 -8.3069 -14.0953 3.0025 -8.1529
4 80 -14.0953 3.0025 -8.1529 -13.8916 2.2284 -8.3069 -14.4136 2.4511 -8.2626 -14.9501 3.1549 -8.1226
4 80 -16.7664 1.6677 -8.4183 -16.9835 2.3583 -8.281 -16.2038 2.8884 -8.1756 -15.716 2.4087 -8.271
4 80 -15.9504 0.3491 -8.6806 -16.2698 0.6244 -8.6258 -15.6471 0.9426 -8.5626 -15.3476 0.7226 -8.6063
4 80 -14.4445 0.1584 -8.7185 -14.5272 0.8404 -8.5829 -14.3923 1.0325 -8.5447 -13.7023 0.8132 -8.5883
4 80 -14.3923 1.0325 -8.5447 -14.6567 1.2167 -8.508 -14.219 1.6972 -8.4125 -13.7547 1.3218 -8.4871
4 80 -17.5089 0.618 -8.6271 -17.7599 0.363 -8.6778 -17.8157 1.2791 -8.4956 -17.5499 1.134 -8.5245
4 80 -17.204 1.6247 -8.4269 -17.8337 2.1281 -8.3268 -17.8462 2.8123 -8.1907 -16.9835 2.3583 -8.281
4 80 -10.7262 0.4164 -8.6672 -10.8465 1.0589 -8.5394 -10.5611 1.334 -8.4847 -9.8454 1.1201 -8.5272
4 80 -10.5611 1.334 -8.4847 -10.9015 1.5346 -8.4448 -10.474 2.0305 -8.3462 -9.9661 1.6438 -8.4231
4 80 -9.2489 2.2558 -8.3014 -9.5368 2.9521 -8.1629 -9.1002 3.349 -8.084 -8.43 3.0807 -8.1374
4 80 -6.7961 1.9501 -8.3622 -7.1363 2.1041 -8.3316 -7.2293 2.7376 -8.2056 -6.2523 2.3773 -8.2772
4 80 -6.8056 1.0285 -8.5455 -7.0322 1.6491 -8.422 -6.7961 1.9501 -8.3622 -6.2526 1.5363 -8.4445
4 80 -5.0246 0.8852 -8.574 -5.0927 1.6218 -8.4275 -4.4084 1.3331 -8.4849 -4.1493 0.6503 -8.6207
4 80 -4.2624 1.9303 -8.3661 -4.8782 2.2059 -8.3113 -4.3398 2.6198 -8.229 -4.0465 2.4942 -8.254
3 80 -8.7735 1.9065 -8.3709 -8.1527 2.5023 -8.2524 -7.9198 1.8572 -8.3807
3 80 -9.0556 0 -8.75 -8.9274 0.7367 -8.6035 -8.4676 0.4615 -8.6582
3 80 -10.1832 0 -8.75 -9.8717 0.1607 -8.7181 -9.0556 0 -8.75
4 16 -6.7736 0.3564 -8.6791 -6.8056 1.0285 -8.5455 -6.2526 1.5363 -8.4445 -6.1696 0.6593 -8.6189
4 16 -5.7452 1.0944 -8.5324 -6.1696 0.6593 -8.6189 -6.2526 1.5363 -8.4445 -5.443 1.5406 -8.4436
4 16 -7.2293 2.7376 -8.2056 -7.2549 3.349 -8.084 -6.5077 3.1813 -8.1174 -6.2523 2.3773 -8.2772
4 16 -10.474 2.0305 -8.3462 -10.8847 2.1717 -8.3181 -10.4423 2.6918 -8.2147 -9.6634 2.183 -8.3159
3 16 -18.298 0 -8.75 -17.7599 0.363 -8.6778 -17.1887 0 -8.75
3 16 -17.7599 0.363 -8.6778 -18.298 0 -8.75 -17.8157 1.2791 -8.4956
3 16 -14.219 1.6972 -8.4125 -14.4136 2.4511 -8.2626 -13.8916 2.2284 -8.3069
4 16 -12.535 1.4558 -8.4605 -12.9599 1.8629 -8.3795 -12.0536 2.6275 -8.2275 -12.0612 1.8781 -8.3765
3 16 -10.1832 0 -8.75 -10.7262 0.4164 -8.6672 -9.8454 1.1201 -8.5272