0 Minifig Leg Left with Gold Cord and Tunic Pattern
0 Name: 3817cpc2g.dat
0 Author: Evert-Jan Boer [ejboer]
0 !LDRAW_ORG Part UPDATE 2026-05
0 !LICENSE Licensed under CC BY 4.0 : see CAreadme.txt

0 !HELP Move down 12 units to align with hips
0 !HELP Move at z=1.25 relative to stud grid
0 !HELP 1 16 0 0 1.25 1 0 0 0 1 0 0 0 1 3817cpc2g.dat
0 !HELP 1 16 0 28 0 1 0 0 0 1 0 0 0 1 stug-1x2.dat

0 BFC CERTIFY CCW

0 !KEYWORDS Ancient Egypt, CMF, Collectable, Pharaoh, Series 2, Set 8684

0 !HISTORY 2026-04-06 [MagFors] Added missing side pattern
0 !HISTORY 2026-05-31 [OrionP] Official Update 2026-05

1 16 0 0 0 1 0 0 0 1 0 0 0 1 s\3817cs02.dat
4 16 1.25 20 -11.25 18.978 20 -11.25 18.978 20 -5.75 1.25 20 -5.75

4 15 18.412 3.349 -8.084 18.087 -6.187 -6.187 18.184 -3.349 -8.084 18.298 0 -8.75
4 15 18.023 -8.084 -3.349 18.508 6.187 -6.187 18.023 -8.084 3.349 18 -8.75 0
4 15 18.087 -6.187 -6.187 18.412 3.349 -8.084 18.508 6.187 -6.187 18.023 -8.084 -3.349
4 15 18.184 -3.349 8.084 18.087 -6.187 6.187 18.023 -8.084 3.349 18.298 0 8.75
4 15 18.023 -8.084 3.349 18.508 6.187 -6.187 18.518 6.479 -5.75 18.298 0 8.75
4 15 18.8029 14.85 8.75 18.298 0 8.75 18.518 6.479 -5.75 18.8027 14.85 -5.75
4 16 18.978 20 -5.75 18.978 20 -11.25 19.25 28 -11.25 19.25 28 8.75
4 16 18.8027 14.85 -5.75 18.978 20 -5.75 19.25 28 8.75 18.8029 14.85 8.75

4 0 8.7404 6.187 -6.187 8.8621 6.479 -5.75 9.6318 6.479 -5.75 9.5058 6.187 -6.187
4 0 7.4238 6.187 -6.187 7.5454 6.479 -5.75 8.285 6.479 -5.75 8.184 6.187 -6.187
4 0 10.528 6.187 -6.187 10.6912 6.479 -5.75 11.5572 6.479 -5.75 11.3876 6.187 -6.187
4 0 6.6609 6.187 -6.187 5.8998 6.187 -6.187 5.95 6.35 -5.9431 6.7468 6.479 -5.75
4 0 2.1 6.479 -5.75 4.4 6.3 -6.0179 3.5849 6.187 -6.187 2.1 6.187 -6.187
4 0 4.4 6.3 -6.0179 2.1 6.479 -5.75 6.7468 6.479 -5.75 5.95 6.35 -5.9431
4 0 4.05 -4.2 -7.5152 4.85 -3.75 -7.816 5.6 -3.9 -7.7157 6.2 -4.2 -7.5152
4 0 4.85 -3.75 -7.816 4.05 -4.2 -7.5152 4.1716 -3.349 -8.084 4.85 -3.349 -8.084
4 0 6.2 -4.2 -7.5152 5.6 -3.9 -7.7157 5.65 -3.35 -8.0836 6.5569 -3.349 -8.084
4 0 4.85 -3.2 -8.1136 4.9 -2.7 -8.2131 5.7 -2.85 -8.1832 5.65 -3.35 -8.0836
4 0 4.95 -2.2 -8.3125 5.025 -1.7 -8.4119 5.825 -1.9 -8.3722 5.775 -2.35 -8.2827
4 0 5.1 -1.15 -8.5213 5.15 -.7 -8.6108 5.975 -.9 -8.571 5.9 -1.4 -8.4716
4 0 4.1716 -3.349 -8.084 4.25 -2.8 -8.1932 4.85 -3.2 -8.1136 4.85 -3.349 -8.084
4 0 4.9 -2.7 -8.2131 4.85 -3.2 -8.1136 4.25 -2.8 -8.1932 4.35 -2.2 -8.3125
4 0 4.95 -2.2 -8.3125 4.9 -2.7 -8.2131 4.35 -2.2 -8.3125 4.4 -1.65 -8.4219
4 0 5.025 -1.7 -8.4119 4.95 -2.2 -8.3125 4.4 -1.65 -8.4219 5.1 -1.15 -8.5213
4 0 4.4 -1.65 -8.4219 4.5941 0 -8.75 5.15 -.7 -8.6108 5.1 -1.15 -8.5213
4 0 3.35 -2.25 -8.3026 2.1 -2.35 -8.2827 2.1 -1.85 -8.3821 3.4 -1.75 -8.402
4 0 4.35 -2.2 -8.3125 3.35 -2.25 -8.3026 3.4 -1.75 -8.402 4.4 -1.65 -8.4219
4 0 6.85 -2.65 -8.223 6.5569 -3.349 -8.084 5.65 -3.35 -8.0836 5.7 -2.85 -8.1832
4 0 6.85 -2.65 -8.223 5.7 -2.85 -8.1832 5.775 -2.35 -8.2827 6.65 -1.7 -8.4119
4 0 6.65 -1.7 -8.4119 5.775 -2.35 -8.2827 5.825 -1.9 -8.3722 5.9 -1.4 -8.4716
4 0 6.65 -1.7 -8.4119 5.9 -1.4 -8.4716 5.975 -.9 -8.571 6.7889 0 -8.75
4 0 6.65 -1.7 -8.4119 7.4575 0 -8.75 8.25 0 -8.75 6.85 -2.65 -8.223
3 0 5.15 -.7 -8.6108 4.5941 0 -8.75 5.225 -.15 -8.7202
3 0 6.7889 0 -8.75 5.225 -.15 -8.7202 4.5941 0 -8.75
3 0 6.05 -.35 -8.6804 5.225 -.15 -8.7202 6.7889 0 -8.75
3 0 5.975 -.9 -8.571 6.05 -.35 -8.6804 6.7889 0 -8.75
4 0 8.15 2.6 -8.233 7.8 1.45 -8.4616 7.8 2.45 -8.2628 7.85 3.2 -8.1136
4 0 8.15 2.6 -8.233 7.85 3.2 -8.1136 7.8798 3.349 -8.084 8.3747 3.349 -8.084
4 0 5.375 .75 -8.6009 5.45 1.3 -8.4915 6.25 1.1 -8.5312 6.2 .6 -8.6307
4 0 5.55 1.75 -8.402 5.65 2.35 -8.2827 6.425 2.15 -8.3224 6.325 1.6 -8.4318
4 0 5.75 2.8 -8.1932 5.85 3.35 -8.0836 6.6 3.15 -8.1236 6.5 2.65 -8.223
4 0 5.375 .75 -8.6009 5.3 .3 -8.6903 4.75 1.25 -8.5014 5.45 1.3 -8.4915
4 0 5.45 1.3 -8.4915 4.75 1.25 -8.5014 4.85 1.75 -8.402 5.55 1.75 -8.402
4 0 5.55 1.75 -8.402 4.85 1.75 -8.402 4.95 2.3 -8.2926 5.65 2.35 -8.2827
4 0 4.95 2.3 -8.2926 5.1443 3.349 -8.084 5.75 2.8 -8.1932 5.65 2.35 -8.2827
4 0 3.25 1.35 -8.4815 2.1 .8538 -8.5802 2.1 1.4038 -8.4708 3.3 1.95 -8.3622
4 0 4 1.6 -8.4318 3.25 1.35 -8.4815 3.3 1.95 -8.3622 4.1 2.15 -8.3224
4 0 4.85 1.75 -8.402 4 1.6 -8.4318 4.1 2.15 -8.3224 4.95 2.3 -8.2926
4 0 7.1 2 -8.3523 6.2 .6 -8.6307 6.25 1.1 -8.5312 6.325 1.6 -8.4318
3 0 6.325 1.6 -8.4318 6.425 2.15 -8.3224 7.1 2 -8.3523
4 0 7.1 2 -8.3523 6.425 2.15 -8.3224 6.5 2.65 -8.223 6.6 3.15 -8.1236
4 0 7.1 2 -8.3523 6.6 3.15 -8.1236 6.6442 3.349 -8.084 7.387 3.349 -8.084
4 0 8.25 0 -8.75 7.4575 0 -8.75 7.6 .3 -8.6903 9.1245 3.349 -8.084
3 0 6.1 .1 -8.7301 6.7889 0 -8.75 4.5941 0 -8.75
3 0 4.5941 0 -8.75 5.3 .3 -8.6903 6.1 .1 -8.7301
4 0 6.7889 0 -8.75 6.1 .1 -8.7301 6.2 .6 -8.6307 7.1 2 -8.3523
3 0 4.5941 0 -8.75 4.75 1.25 -8.5014 5.3 .3 -8.6903
3 0 9.9495 3.349 -8.084 8.25 0 -8.75 9.1245 3.349 -8.084
3 0 5.75 2.8 -8.1932 5.1443 3.349 -8.084 5.85 3.35 -8.0836
4 0 7.8798 3.349 -8.084 8.05 4.2 -7.5152 8.45 3.6 -7.9162 8.3747 3.349 -8.084
4 0 8.95 4.9 -7.0473 8.45 3.6 -7.9162 8.05 4.2 -7.5152 8.6 5.85 -6.4123
4 0 8.95 4.9 -7.0473 8.6 5.85 -6.4123 8.7404 6.187 -6.187 9.5058 6.187 -6.187
4 0 5.95 3.8 -7.7825 6.05 4.3 -7.4483 6.8 4.15 -7.5486 6.7 3.6 -7.9162
4 0 6.175 4.75 -7.1475 6.35 5.3 -6.7799 7.05 5.1 -6.9136 6.9 4.55 -7.2812
4 0 6.5 5.75 -6.4791 6.65 6.15 -6.2117 7.325 5.95 -6.3454 7.175 5.5 -6.6462
4 0 5.5 4.85 -7.0807 6.05 4.3 -7.4483 5.95 3.8 -7.7825 5.1443 3.349 -8.084
4 0 6.175 4.75 -7.1475 6.05 4.3 -7.4483 5.5 4.85 -7.0807 5.75 5.7 -6.5125
3 0 6.175 4.75 -7.1475 5.75 5.7 -6.5125 6.35 5.3 -6.7799
4 0 6.6442 3.349 -8.084 6.7 3.6 -7.9162 7.6 4.35 -7.4149 7.387 3.349 -8.084
4 0 7.6 4.35 -7.4149 6.7 3.6 -7.9162 6.8 4.15 -7.5486 6.9 4.55 -7.2812
4 0 7.6 4.35 -7.4149 6.9 4.55 -7.2812 7.05 5.1 -6.9136 7.175 5.5 -6.6462
4 0 7.6 4.35 -7.4149 7.175 5.5 -6.6462 7.325 5.95 -6.3454 8.05 5.8 -6.4457
4 0 8.05 5.8 -6.4457 7.325 5.95 -6.3454 7.4238 6.187 -6.187 8.184 6.187 -6.187
3 0 2.1 4.9174 -7.0356 2.1 6.187 -6.187 3.5849 6.187 -6.187
3 0 10.2 5.6 -6.5794 9.9495 3.349 -8.084 9.1245 3.349 -8.084
4 0 11.3876 6.187 -6.187 9.9495 3.349 -8.084 10.2 5.6 -6.5794 10.528 6.187 -6.187
4 0 6.5 5.75 -6.4791 6.35 5.3 -6.7799 5.75 5.7 -6.5125 5.8998 6.187 -6.187
4 0 6.65 6.15 -6.2117 6.5 5.75 -6.4791 5.8998 6.187 -6.187 6.6609 6.187 -6.187
3 0 5.1443 3.349 -8.084 5.95 3.8 -7.7825 5.85 3.35 -8.0836
4 0 1.82 12.41 -5.75 1.82 11.66 -5.75 1.35 11.06 -5.75 1.35 12.91 -5.75
4 0 3.45 12.02 -5.75 2.74 11.87 -5.75 2.77 12.57 -5.75 3.47 12.67 -5.75
4 0 4.975 12.325 -5.75 4.325 12.175 -5.75 4.4 12.85 -5.75 5.075 12.975 -5.75
4 0 5.95 13.1 -5.75 6.65 13.25 -5.75 6.5 12.575 -5.75 5.8 12.45 -5.75
4 0 8 12.85 -5.75 7.25 12.7 -5.75 7.45 13.4 -5.75 8.175 13.525 -5.75
4 0 8.95 13.625 -5.75 9.7 13.725 -5.75 9.5 13.075 -5.75 8.75 12.975 -5.75
4 0 11 13.25 -5.75 10.275 13.2 -5.75 10.5 13.825 -5.75 11.15 13.875 -5.75
4 0 12.525 13.4 -5.75 11.825 13.35 -5.75 12.05 13.975 -5.75 12.825 14.05 -5.75
4 0 14.025 13.55 -5.75 13.225 13.5 -5.75 13.5 14.125 -5.75 14.25 14.175 -5.75
4 0 15.5 13.65 -5.75 14.725 13.6 -5.75 15 14.225 -5.75 15.775 14.275 -5.75
4 0 17.1 13.7 -5.75 16.35 13.65 -5.75 16.6 14.275 -5.75 17.4 14.325 -5.75
4 0 1.35 11.06 -5.75 1.82 11.66 -5.75 2.74 11.87 -5.75 3.65 11.5 -5.75
4 0 3.65 11.5 -5.75 2.74 11.87 -5.75 3.45 12.02 -5.75 4.325 12.175 -5.75
4 0 5.3 11.8 -5.75 3.65 11.5 -5.75 4.325 12.175 -5.75 4.975 12.325 -5.75
3 0 5.3 11.8 -5.75 4.975 12.325 -5.75 5.8 12.45 -5.75
4 0 5.3 11.8 -5.75 5.8 12.45 -5.75 6.5 12.575 -5.75 7.5 12.15 -5.75
3 0 7.5 12.15 -5.75 6.5 12.575 -5.75 7.25 12.7 -5.75
4 0 7.5 12.15 -5.75 7.25 12.7 -5.75 8 12.85 -5.75 8.75 12.975 -5.75
4 0 9.9 12.5 -5.75 7.5 12.15 -5.75 8.75 12.975 -5.75 9.5 13.075 -5.75
4 0 9.9 12.5 -5.75 9.5 13.075 -5.75 10.275 13.2 -5.75 11 13.25 -5.75
4 0 12.2 12.75 -5.75 9.9 12.5 -5.75 11 13.25 -5.75 11.825 13.35 -5.75
3 0 12.2 12.75 -5.75 11.825 13.35 -5.75 12.525 13.4 -5.75
4 0 12.2 12.75 -5.75 12.525 13.4 -5.75 13.225 13.5 -5.75 14.3 12.95 -5.75
3 0 14.3 12.95 -5.75 13.225 13.5 -5.75 14.025 13.55 -5.75
4 0 14.3 12.95 -5.75 14.025 13.55 -5.75 14.725 13.6 -5.75 15.5 13.65 -5.75
4 0 16.3 13.1 -5.75 14.3 12.95 -5.75 15.5 13.65 -5.75 16.35 13.65 -5.75
4 0 16.3 13.1 -5.75 16.35 13.65 -5.75 17.1 13.7 -5.75 17.85 13.7 -5.75
4 0 2.77 12.57 -5.75 1.82 12.41 -5.75 1.35 12.91 -5.75 3.75 13.3 -5.75
3 0 3.47 12.67 -5.75 2.77 12.57 -5.75 3.75 13.3 -5.75
3 0 3.75 13.3 -5.75 4.4 12.85 -5.75 3.47 12.67 -5.75
4 0 4.4 12.85 -5.75 3.75 13.3 -5.75 5.95 13.65 -5.75 5.075 12.975 -5.75
4 0 5.95 13.1 -5.75 5.075 12.975 -5.75 5.95 13.65 -5.75 6.65 13.25 -5.75
4 0 6.65 13.25 -5.75 5.95 13.65 -5.75 8.05 14 -5.75 7.45 13.4 -5.75
3 0 7.45 13.4 -5.75 8.05 14 -5.75 8.175 13.525 -5.75
4 0 8.95 13.625 -5.75 8.175 13.525 -5.75 8.05 14 -5.75 10.15 14.3 -5.75
3 0 8.95 13.625 -5.75 10.15 14.3 -5.75 9.7 13.725 -5.75
3 0 9.7 13.725 -5.75 10.15 14.3 -5.75 10.5 13.825 -5.75
4 0 11.15 13.875 -5.75 10.5 13.825 -5.75 10.15 14.3 -5.75 12.2 14.5 -5.75
3 0 11.15 13.875 -5.75 12.2 14.5 -5.75 12.05 13.975 -5.75
4 0 12.825 14.05 -5.75 12.05 13.975 -5.75 12.2 14.5 -5.75 13.7 14.65 -5.75
3 0 12.825 14.05 -5.75 13.7 14.65 -5.75 13.5 14.125 -5.75
4 0 14.25 14.175 -5.75 13.5 14.125 -5.75 13.7 14.65 -5.75 15.3 14.75 -5.75
3 0 14.25 14.175 -5.75 15.3 14.75 -5.75 15 14.225 -5.75
4 0 15.775 14.275 -5.75 15 14.225 -5.75 15.3 14.75 -5.75 17 14.85 -5.75
4 0 16.6 14.275 -5.75 15.775 14.275 -5.75 17 14.85 -5.75 17.4 14.325 -5.75
4 0 8.8621 6.479 -5.75 9.1 7.05 -5.75 9.9 7.1 -5.75 9.6318 6.479 -5.75
4 0 3.95 6.675 -5.75 3.15 6.6 -5.75 3.3 7.15 -5.75 4.1 7.225 -5.75
4 0 5.35 6.8 -5.75 4.55 6.725 -5.75 4.75 7.275 -5.75 5.55 7.325 -5.75
4 0 3.3 7.15 -5.75 2.1 7.1 -5.75 2.1 7.6 -5.75 3.85 7.7 -5.75
3 0 3.3 7.15 -5.75 3.85 7.7 -5.75 4.1 7.225 -5.75
4 0 4.75 7.275 -5.75 4.1 7.225 -5.75 3.85 7.7 -5.75 5.8 7.85 -5.75
4 0 5.55 7.325 -5.75 4.75 7.275 -5.75 5.8 7.85 -5.75 6.9 7.45 -5.75
4 0 6.9 7.45 -5.75 5.8 7.85 -5.75 7.75 8.1 -5.75 8.15 7.65 -5.75
4 0 8.15 7.65 -5.75 7.75 8.1 -5.75 9.1 8.25 -5.75 8.75 7.55 -5.75
4 0 7.5454 6.479 -5.75 7.7 6.85 -5.75 8.5 7.1 -5.75 8.285 6.479 -5.75
4 0 8.5 7.1 -5.75 7.7 6.85 -5.75 8.15 7.65 -5.75 8.75 7.55 -5.75
4 0 9.1 7.05 -5.75 8.5 7.1 -5.75 8.75 7.55 -5.75 9.35 7.65 -5.75
4 0 9.9 7.1 -5.75 9.1 7.05 -5.75 9.35 7.65 -5.75 10.3 7.75 -5.75
4 0 10.55 7.25 -5.75 9.9 7.1 -5.75 10.3 7.75 -5.75 10.95 7.75 -5.75
4 0 11.15 7.3 -5.75 10.55 7.25 -5.75 10.95 7.75 -5.75 11.5 7.7 -5.75
4 0 11.15 7.3 -5.75 11.5 7.7 -5.75 12.15 7.5 -5.75 11.5572 6.479 -5.75
4 0 17.4 14.325 -5.75 17 14.85 -5.75 18.3028 14.85 -5.75 18.1 14.3 -5.75
3 0 18.245 13.1499 -5.75 18.1 14.3 -5.75 18.3028 14.85 -5.75
3 0 18.245 13.1499 -5.75 17.85 13.7 -5.75 18.1 14.3 -5.75
3 0 16.3 13.1 -5.75 17.85 13.7 -5.75 18.245 13.1499 -5.75
3 0 11.5572 6.479 -5.75 10.6912 6.479 -5.75 11.15 7.3 -5.75
4 0 6.7468 6.479 -5.75 2.1 6.479 -5.75 3.15 6.6 -5.75 3.95 6.675 -5.75
3 0 6.7468 6.479 -5.75 3.95 6.675 -5.75 4.55 6.725 -5.75
3 0 6.7468 6.479 -5.75 4.55 6.725 -5.75 5.35 6.8 -5.75
3 0 6.7468 6.479 -5.75 5.35 6.8 -5.75 6.9 7 -5.75
4 15 4.4 6.3 -6.0179 5.95 6.35 -5.9431 5.8998 6.187 -6.187 4.2588 6.187 -6.187
4 15 11.3876 6.187 -6.187 11.5572 6.479 -5.75 18.518 6.479 -5.75 18.508 6.187 -6.187
4 15 6.2 -4.2 -7.5152 6.5569 -3.349 -8.084 18.184 -3.349 -8.084 18.087 -6.187 -6.187
4 15 4.05 -4.2 -7.5152 2.1 -6.187 -6.187 2.1 -3.349 -8.084 4.1716 -3.349 -8.084
4 15 2.1 -6.187 -6.187 4.05 -4.2 -7.5152 6.2 -4.2 -7.5152 18.087 -6.187 -6.187
4 15 2.1 -3.05 -8.1435 3.3 -2.85 -8.1832 4.25 -2.8 -8.1932 4.1716 -3.349 -8.084
3 15 2.1 -1.85 -8.3821 2.1 0 -8.75 3.4 -1.75 -8.402
4 15 18.184 -3.349 -8.084 6.5569 -3.349 -8.084 6.85 -2.65 -8.223 8.25 0 -8.75
3 15 4.1716 -3.349 -8.084 2.1 -3.349 -8.084 2.1 -3.05 -8.1435
4 15 4.4 -1.65 -8.4219 3.4 -1.75 -8.402 2.1 0 -8.75 4.5941 0 -8.75
3 15 18.298 0 -8.75 18.184 -3.349 -8.084 8.25 0 -8.75
3 15 2.1 0 -8.75 3.15 .6481 -8.6211 4.5941 0 -8.75
3 15 2.1 1.4038 -8.4708 2.1 3.349 -8.084 3.3 1.95 -8.3622
4 15 4.5941 0 -8.75 3.15 .6481 -8.6211 3.95 1 -8.5511 4.75 1.25 -8.5014
4 15 18.412 3.349 -8.084 18.298 0 -8.75 8.25 0 -8.75 9.9495 3.349 -8.084
4 15 4.1 2.15 -8.3224 3.3 1.95 -8.3622 2.1 3.349 -8.084 5.1443 3.349 -8.084
3 15 4.1 2.15 -8.3224 5.1443 3.349 -8.084 4.95 2.3 -8.2926
4 15 5.5 4.85 -7.0807 5.1443 3.349 -8.084 2.1 3.349 -8.084 2.95 4.75 -7.1475
4 15 5.8998 6.187 -6.187 5.75 5.7 -6.5125 3.9 5.9 -6.3788 4.2588 6.187 -6.187
4 15 5.75 5.7 -6.5125 5.5 4.85 -7.0807 3.45 5.4 -6.7131 3.9 5.9 -6.3788
4 15 9.9495 3.349 -8.084 11.3876 6.187 -6.187 18.508 6.187 -6.187 18.412 3.349 -8.084
3 15 2.95 4.75 -7.1475 3.45 5.4 -6.7131 5.5 4.85 -7.0807
4 15 3.85 7.7 -5.75 2.1 8.1 -5.75 1.35 11.06 -5.75 3.65 11.5 -5.75
3 15 2.1 7.6 -5.75 2.1 8.1 -5.75 3.85 7.7 -5.75
4 15 5.8 7.85 -5.75 3.85 7.7 -5.75 3.65 11.5 -5.75 5.3 11.8 -5.75
4 15 7.75 8.1 -5.75 5.8 7.85 -5.75 5.3 11.8 -5.75 7.5 12.15 -5.75
4 15 9.1 8.25 -5.75 7.75 8.1 -5.75 7.5 12.15 -5.75 9.9 12.5 -5.75
3 15 8.75 7.55 -5.75 9.1 8.25 -5.75 9.35 7.65 -5.75
4 15 10.3 7.75 -5.75 9.35 7.65 -5.75 9.1 8.25 -5.75 9.9 12.5 -5.75
4 15 10.95 7.75 -5.75 10.3 7.75 -5.75 9.9 12.5 -5.75 12.2 12.75 -5.75
4 15 11.5 7.7 -5.75 10.95 7.75 -5.75 12.2 12.75 -5.75 14.3 12.95 -5.75
4 15 12.15 7.5 -5.75 11.5 7.7 -5.75 14.3 12.95 -5.75 16.3 13.1 -5.75
4 15 12.15 7.5 -5.75 16.3 13.1 -5.75 18.245 13.1499 -5.75 18.518 6.479 -5.75
3 15 18.518 6.479 -5.75 11.5572 6.479 -5.75 12.15 7.5 -5.75
3 15 1.35 11.06 -5.75 2.1 8.1 -5.75 1.35 8.1 -5.75
4 15 18.3028 14.85 -5.75 18.8027 14.85 -5.75 18.518 6.479 -5.75 18.245 13.1499 -5.75
3 16 2.1 7.1 -5.75 2.1 6.479 -5.75 2 6.479 -5.75
4 16 2.1 7.6 -5.75 2.1 7.1 -5.75 2 6.479 -5.75 2 8 -5.75
3 16 2 8 -5.75 2.1 8.1 -5.75 2.1 7.6 -5.75
4 16 1.35 11.06 -5.75 1.25 8 -5.75 1.25 20 -5.75 1.35 12.91 -5.75
3 16 1.35 8.1 -5.75 1.25 8 -5.75 1.35 11.06 -5.75
4 16 1.25 8 -5.75 1.35 8.1 -5.75 2.1 8.1 -5.75 2 8 -5.75
4 16 2.1 6.479 -5.75 2.1 6.187 -6.187 2 6.1872 -6.1868 2 6.479 -5.75
4 16 2.1 -6.187 -6.187 2 -6.187 -6.187 2 -3.3487 -8.0841 2.1 -3.349 -8.084
3 16 2 -3.3487 -8.0841 2.1 -2.35 -8.2827 2.1 -3.05 -8.1435
4 16 2.1 -1.85 -8.3821 2.1 -2.35 -8.2827 2 -3.3487 -8.0841 2 0 -8.75
3 16 2.1 -1.85 -8.3821 2 0 -8.75 2.1 0 -8.75
3 16 2.1 -3.349 -8.084 2 -3.3487 -8.0841 2.1 -3.05 -8.1435
4 16 2 3.349 -8.084 2.1 3.349 -8.084 2.1 1.4038 -8.4708 2 0 -8.75
3 16 2 0 -8.75 2.1 .8538 -8.5802 2.1 0 -8.75
3 16 2 0 -8.75 2.1 1.4038 -8.4708 2.1 .8538 -8.5802
4 16 2 6.1872 -6.1868 2.1 6.187 -6.187 2.1 4.9174 -7.0356 2 3.349 -8.084
3 16 2 3.349 -8.084 2.1 4.9174 -7.0356 2.1 3.349 -8.084
4 16 19.25 28 -11.25 18.978 20 -11.25 1.25 20 -11.25 1.25 28 -11.25
3 16 3.75 13.3 -5.75 1.35 12.91 -5.75 1.25 20 -5.75
3 16 1.25 20 -5.75 5.95 13.65 -5.75 3.75 13.3 -5.75
3 16 5.95 13.65 -5.75 1.25 20 -5.75 8.05 14 -5.75
3 16 8.05 14 -5.75 1.25 20 -5.75 10.15 14.3 -5.75
4 16 12.2 14.5 -5.75 10.15 14.3 -5.75 1.25 20 -5.75 18.978 20 -5.75
3 16 12.2 14.5 -5.75 18.978 20 -5.75 13.7 14.65 -5.75
3 16 13.7 14.65 -5.75 18.978 20 -5.75 15.3 14.75 -5.75
3 16 15.3 14.75 -5.75 18.978 20 -5.75 17 14.85 -5.75
3 16 18.3028 14.85 -5.75 18.978 20 -5.75 18.8027 14.85 -5.75
3 16 18.3028 14.85 -5.75 17 14.85 -5.75 18.978 20 -5.75
4 82 6.6609 6.187 -6.187 6.7468 6.479 -5.75 7.5454 6.479 -5.75 7.4238 6.187 -6.187
3 82 4.2588 6.187 -6.187 3.5849 6.187 -6.187 4.4 6.3 -6.0179
4 82 4.85 -3.75 -7.816 4.85 -3.349 -8.084 5.65 -3.35 -8.0836 5.6 -3.9 -7.7157
3 82 5.65 -3.35 -8.0836 4.85 -3.349 -8.084 4.85 -3.2 -8.1136
4 82 5.7 -2.85 -8.1832 4.9 -2.7 -8.2131 4.95 -2.2 -8.3125 5.775 -2.35 -8.2827
4 82 5.825 -1.9 -8.3722 5.025 -1.7 -8.4119 5.1 -1.15 -8.5213 5.9 -1.4 -8.4716
4 82 5.975 -.9 -8.571 5.15 -.7 -8.6108 5.225 -.15 -8.7202 6.05 -.35 -8.6804
4 82 3.3 -2.85 -8.1832 2.1 -3.05 -8.1435 2.1 -2.35 -8.2827 3.35 -2.25 -8.3026
4 82 4.25 -2.8 -8.1932 3.3 -2.85 -8.1832 3.35 -2.25 -8.3026 4.35 -2.2 -8.3125
4 82 6.1 .1 -8.7301 5.3 .3 -8.6903 5.375 .75 -8.6009 6.2 .6 -8.6307
4 82 6.25 1.1 -8.5312 5.45 1.3 -8.4915 5.55 1.75 -8.402 6.325 1.6 -8.4318
4 82 6.425 2.15 -8.3224 5.65 2.35 -8.2827 5.75 2.8 -8.1932 6.5 2.65 -8.223
3 82 6.6 3.15 -8.1236 5.85 3.35 -8.0836 6.6442 3.349 -8.084
4 82 3.15 .6481 -8.6211 2.1 0 -8.75 2.1 .8538 -8.5802 3.25 1.35 -8.4815
4 82 3.95 1 -8.5511 3.15 .6481 -8.6211 3.25 1.35 -8.4815 4 1.6 -8.4318
4 82 4.75 1.25 -8.5014 3.95 1 -8.5511 4 1.6 -8.4318 4.85 1.75 -8.402
4 82 6.7 3.6 -7.9162 6.6442 3.349 -8.084 5.85 3.35 -8.0836 5.95 3.8 -7.7825
4 82 6.8 4.15 -7.5486 6.05 4.3 -7.4483 6.175 4.75 -7.1475 6.9 4.55 -7.2812
4 82 7.05 5.1 -6.9136 6.35 5.3 -6.7799 6.5 5.75 -6.4791 7.175 5.5 -6.6462
4 82 7.325 5.95 -6.3454 6.65 6.15 -6.2117 6.6609 6.187 -6.187 7.4238 6.187 -6.187
3 82 2.1 3.349 -8.084 2.1 4.9174 -7.0356 2.95 4.75 -7.1475
4 82 3.45 5.4 -6.7131 2.95 4.75 -7.1475 2.1 4.9174 -7.0356 3.5849 6.187 -6.187
3 82 3.45 5.4 -6.7131 3.5849 6.187 -6.187 3.9 5.9 -6.3788
3 82 3.9 5.9 -6.3788 3.5849 6.187 -6.187 4.2588 6.187 -6.187
4 82 2.74 11.87 -5.75 1.82 11.66 -5.75 1.82 12.41 -5.75 2.77 12.57 -5.75
4 82 4.325 12.175 -5.75 3.45 12.02 -5.75 3.47 12.67 -5.75 4.4 12.85 -5.75
4 82 5.8 12.45 -5.75 4.975 12.325 -5.75 5.075 12.975 -5.75 5.95 13.1 -5.75
4 82 7.25 12.7 -5.75 6.5 12.575 -5.75 6.65 13.25 -5.75 7.45 13.4 -5.75
4 82 8.75 12.975 -5.75 8 12.85 -5.75 8.175 13.525 -5.75 8.95 13.625 -5.75
4 82 10.275 13.2 -5.75 9.5 13.075 -5.75 9.7 13.725 -5.75 10.5 13.825 -5.75
4 82 11.825 13.35 -5.75 11 13.25 -5.75 11.15 13.875 -5.75 12.05 13.975 -5.75
4 82 13.225 13.5 -5.75 12.525 13.4 -5.75 12.825 14.05 -5.75 13.5 14.125 -5.75
4 82 14.725 13.6 -5.75 14.025 13.55 -5.75 14.25 14.175 -5.75 15 14.225 -5.75
4 82 16.35 13.65 -5.75 15.5 13.65 -5.75 15.775 14.275 -5.75 16.6 14.275 -5.75
4 82 17.85 13.7 -5.75 17.1 13.7 -5.75 17.4 14.325 -5.75 18.1 14.3 -5.75
4 82 4.55 6.725 -5.75 3.95 6.675 -5.75 4.1 7.225 -5.75 4.75 7.275 -5.75
4 82 2.1 7.1 -5.75 3.3 7.15 -5.75 3.15 6.6 -5.75 2.1 6.479 -5.75
4 82 6.9 7 -5.75 5.35 6.8 -5.75 5.55 7.325 -5.75 6.9 7.45 -5.75
4 82 6.7468 6.479 -5.75 6.9 7 -5.75 7.7 6.85 -5.75 7.5454 6.479 -5.75
4 82 7.7 6.85 -5.75 6.9 7 -5.75 6.9 7.45 -5.75 8.15 7.65 -5.75
4 272 8.7404 6.187 -6.187 8.184 6.187 -6.187 8.285 6.479 -5.75 8.8621 6.479 -5.75
4 272 9.5058 6.187 -6.187 9.6318 6.479 -5.75 10.6912 6.479 -5.75 10.528 6.187 -6.187
3 272 6.65 -1.7 -8.4119 6.7889 0 -8.75 7.4575 0 -8.75
4 272 7.1 2 -8.3523 7.8 2.45 -8.2628 7.8 1.45 -8.4616 6.7889 0 -8.75
4 272 7.1 2 -8.3523 7.387 3.349 -8.084 7.85 3.2 -8.1136 7.8 2.45 -8.2628
3 272 7.8798 3.349 -8.084 7.85 3.2 -8.1136 7.387 3.349 -8.084
3 272 8.15 2.6 -8.233 8.3747 3.349 -8.084 9.1245 3.349 -8.084
4 272 7.8 1.45 -8.4616 8.15 2.6 -8.233 9.1245 3.349 -8.084 7.6 .3 -8.6903
4 272 6.7889 0 -8.75 7.8 1.45 -8.4616 7.6 .3 -8.6903 7.4575 0 -8.75
4 272 8.05 4.2 -7.5152 7.6 4.35 -7.4149 8.05 5.8 -6.4457 8.6 5.85 -6.4123
4 272 8.6 5.85 -6.4123 8.05 5.8 -6.4457 8.184 6.187 -6.187 8.7404 6.187 -6.187
4 272 9.5058 6.187 -6.187 10.528 6.187 -6.187 10.2 5.6 -6.5794 8.95 4.9 -7.0473
4 272 8.95 4.9 -7.0473 10.2 5.6 -6.5794 9.1245 3.349 -8.084 8.45 3.6 -7.9162
3 272 9.1245 3.349 -8.084 8.3747 3.349 -8.084 8.45 3.6 -7.9162
4 272 7.387 3.349 -8.084 7.6 4.35 -7.4149 8.05 4.2 -7.5152 7.8798 3.349 -8.084
4 272 8.5 7.1 -5.75 9.1 7.05 -5.75 8.8621 6.479 -5.75 8.285 6.479 -5.75
4 272 9.9 7.1 -5.75 10.55 7.25 -5.75 11.15 7.3 -5.75 10.6912 6.479 -5.75
3 272 10.6912 6.479 -5.75 9.6318 6.479 -5.75 9.9 7.1 -5.75