0 Minifig Shield Triangular with White Horse Head on Blue Background with Gold Border Pattern
0 Name: 3846p50.dat
0 Author: Peter Grass [Evilspyre]
0 !LDRAW_ORG Part UPDATE 2026-03
0 !LICENSE Licensed under CC BY 4.0 : see CAreadme.txt

0 BFC CERTIFY CCW

0 !CATEGORY Minifig Accessory

0 !KEYWORDS Bricklink 3846pb079, Brickowl 752848, Brickset 112476
0 !KEYWORDS Medieval Horse Knight Castle, Rebrickable 3846pr0051, Set 31168

0 !HISTORY 2026-03-31 [OrionP] Official Update 2026-03

1 16 0 0 0 1 0 0 0 1 0 0 0 1 s\3846s01.dat
3 16 -18.72 6.03 -10 -16.996 8.164 -10 -18.109 4.049 -10
3 16 14.918 13.287 -10 13.879 15.303 -10 14.93 15.68 -10
4 16 16.031 10.768 -10 14.918 13.287 -10 14.93 15.68 -10 18.72 6.03 -10
3 16 -6.902 24.625 -10 -9.352 21.938 -10 -8.76 24.57 -10
3 16 -5.047 26.389 -10 -6.902 24.625 -10 -8.76 24.57 -10
4 16 -3.043 28.068 -10 -5.047 26.389 -10 -8.76 24.57 -10 0 32.37 -10
4 16 5.047 26.389 -10 2.078 28.824 -10 0 32.37 -10 8.76 24.57 -10
3 16 17.59 6.148 -10 16.031 10.768 -10 18.72 6.03 -10
3 16 17.59 6.148 -10 18.72 6.03 -10 18.184 3.713 -10
4 16 18.629 1.109 -10 18.184 3.713 -10 18.72 6.03 -10 20 -4 -10
3 16 20 -4 -10 19 -2.334 -10 18.852 -.906 -10
3 16 20 -4 -10 18.852 -.906 -10 18.629 1.109 -10
3 16 18.184 -13 -10 18.777 -12.58 -10 20 -14 -10
3 16 18.777 -12.58 -10 19 -12.244 -10 20 -14 -10
4 16 19 -12.244 -10 19 -2.334 -10 20 -4 -10 20 -14 -10
4 16 -18.184 -13 -10 18.184 -13 -10 20 -14 -10 -20 -14 -10
3 16 -19 -12.244 -10 -18.777 -12.58 -10 -20 -14 -10
3 16 -20 -14 -10 -18.777 -12.58 -10 -18.184 -13 -10
4 16 -20 -4 -10 -19 -2.334 -10 -19 -12.244 -10 -20 -14 -10
3 16 -18.72 6.03 -10 -18.555 1.613 -10 -18.777 -.15 -10
4 16 -19 -2.334 -10 -20 -4 -10 -18.72 6.03 -10 -18.777 -.15 -10
3 16 -18.109 4.049 -10 -18.555 1.613 -10 -18.72 6.03 -10
4 16 -14.918 13.287 -10 -16.031 10.768 -10 -18.72 6.03 -10 -14.93 15.68 -10
3 16 -16.031 10.768 -10 -16.996 8.164 -10 -18.72 6.03 -10
3 16 -14.918 13.287 -10 -14.93 15.68 -10 -13.879 15.303 -10
4 16 -12.32 17.906 -10 -13.879 15.303 -10 -14.93 15.68 -10 -8.76 24.57 -10
3 16 -12.32 17.906 -10 -8.76 24.57 -10 -10.984 19.838 -10
3 16 -8.76 24.57 -10 -9.352 21.938 -10 -10.984 19.838 -10
4 16 -2.82 28.236 -10 -3.043 28.068 -10 0 32.37 -10 -2.078 28.824 -10
3 16 -.445 30 -10 -2.078 28.824 -10 0 32.37 -10
3 16 -.445 30 -10 0 32.37 -10 .445 30 -10
3 16 2.078 28.824 -10 .445 30 -10 0 32.37 -10
3 16 8.76 24.57 -10 6.902 24.625 -10 5.047 26.389 -10
3 16 6.902 24.625 -10 8.76 24.57 -10 9.352 21.938 -10
4 16 10.984 19.838 -10 9.352 21.938 -10 8.76 24.57 -10 14.93 15.68 -10
3 16 14.93 15.68 -10 13.879 15.303 -10 12.32 17.906 -10
3 16 12.32 17.906 -10 10.984 19.838 -10 14.93 15.68 -10
4 0 1.41 26.473 -10 1.188 25.969 -10 .816 25.633 -10 .816 26.557 -10
3 0 .816 25.633 -10 .668 26.221 -10 .816 26.557 -10
3 0 17.441 -10.732 -10 17.219 -11.236 -10 16.625 -11.656 -10
3 0 1.113 27.648 -10 1.41 27.145 -10 1.41 26.473 -10
4 0 .816 27.061 -10 1.113 27.648 -10 1.41 26.473 -10 .816 26.557 -10
3 1 -3.711 .857 -10 -3.711 .941 -10 -2.375 2.537 -10
4 0 16.625 -11.656 -10 15.66 -11.74 -10 15.734 -11.152 -10 16.402 -11.152 -10
4 0 -16.18 -9.557 -10 -16.773 -8.969 -10 -16.402 -8.633 -10 -15.66 -8.633 -10
4 15 8.164 -.318 -10 6.012 -.402 -10 7.199 .857 -10 8.313 -.066 -10
4 15 5.344 -2.502 -10 6.012 -.402 -10 8.164 -.318 -10 5.715 -2.502 -10
4 15 3.785 -2.082 -10 5.121 -1.158 -10 5.344 -2.502 -10 5.27 -2.67 -10
4 15 -3.488 10.768 -10 -2.078 10.012 -10 -2.078 9.508 -10 -2.523 9.004 -10
4 15 -3.711 .941 -10 -8.016 .27 -10 -7.645 2.621 -10 -7.125 3.209 -10
4 15 8.387 11.271 -10 9.129 10.096 -10 .52 7.156 -10 .52 10.096 -10
4 15 2.227 -4.35 -10 1.336 -3.006 -10 2.227 -2.754 -10 2.449 -4.602 -10
3 15 -8.164 .689 -10 -8.758 1.277 -10 -7.867 2.621 -10
4 15 -8.164 .689 -10 -7.867 2.621 -10 -7.645 2.621 -10 -8.016 .27 -10
4 15 -6.902 4.217 -10 -1.855 3.797 -10 -2.375 2.537 -10 -6.902 3.797 -10
4 15 2.895 -8.045 -10 2.375 -6.869 -10 4.75 -6.953 -10 3.859 -7.625 -10
4 15 5.492 -5.357 -10 4.75 -6.953 -10 2.375 -6.869 -10 2.523 -5.861 -10
4 15 -7.57 -1.998 -10 -7.719 -1.662 -10 -3.711 .941 -10 -3.711 .857 -10
3 15 -7.57 -1.998 -10 -3.711 .857 -10 -3.043 -2.67 -10
3 15 -13.137 1.361 -10 -13.137 1.445 -10 -12.098 1.445 -10
3 15 -13.137 1.361 -10 -12.098 1.445 -10 -11.801 -.402 -10
3 15 -11.801 -.402 -10 -12.098 1.445 -10 -11.133 -1.074 -10
3 15 5.344 -2.502 -10 5.121 -1.158 -10 6.012 -.402 -10
4 15 -3.785 8.248 -10 -8.684 7.996 -10 -5.195 11.523 -10 -4.824 10.936 -10
3 15 -8.684 7.996 -10 -3.785 8.248 -10 -6.977 4.469 -10
3 82 -18.777 -12.58 -10 -17.367 -10.9 -10 -16.996 -11.404 -10
3 82 -15.66 -11.74 -10 -18.184 -13 -10 -16.402 -11.74 -10
4 82 15.586 -8.633 -10 15.141 -9.053 -10 14.621 -6.953 -10 16.477 -6.953 -10
4 82 -18.109 4.049 -10 -15.215 4.805 -10 -15.809 2.201 -10 -18.555 1.613 -10
4 82 -18.555 1.613 -10 -15.809 2.201 -10 -16.18 -.318 -10 -18.777 -.15 -10
3 82 -14.398 -7.037 -10 -15.215 -8.969 -10 -15.66 -8.633 -10
4 82 18.184 3.713 -10 18.629 1.109 -10 15.809 2.201 -10 15.215 4.805 -10
4 82 16.18 -.318 -10 15.809 2.201 -10 18.629 1.109 -10 18.852 -.906 -10
4 82 15.215 4.805 -10 14.398 7.576 -10 17.59 6.148 -10 18.184 3.713 -10
4 82 13.582 9.76 -10 12.469 12.279 -10 14.918 13.287 -10 16.031 10.768 -10
4 82 11.504 14.127 -10 10.465 15.891 -10 12.32 17.906 -10 13.879 15.303 -10
4 82 6.902 24.625 -10 2.523 25.213 -10 1.41 26.473 -10 5.047 26.389 -10
4 82 -2.82 28.236 -10 -2.078 28.824 -10 -.816 28.152 -10 -1.113 27.648 -10
3 82 15.66 -11.74 -10 18.184 -13 -10 -18.184 -13 -10
4 82 -15.66 -11.74 -10 -12.617 -10.564 -10 15.66 -11.74 -10 -18.184 -13 -10
4 82 -12.691 -10.396 -10 -12.617 -10.564 -10 -15.66 -11.74 -10 -14.992 -11.404 -10
4 82 15.66 -11.74 -10 -12.617 -10.564 -10 12.543 -10.48 -10 15.066 -11.404 -10
3 82 -16.402 -8.633 -10 -16.773 -8.969 -10 -16.477 -7.037 -10
4 82 -16.402 -2.754 -10 -16.477 -7.037 -10 -16.773 -8.969 -10 -17.367 -9.809 -10
4 82 -19 -12.244 -10 -19 -2.334 -10 -17.367 -9.809 -10 -17.441 -10.312 -10
4 82 -19 -12.244 -10 -17.441 -10.312 -10 -17.367 -10.9 -10 -18.777 -12.58 -10
4 82 -18.777 -12.58 -10 -16.996 -11.404 -10 -16.402 -11.74 -10 -18.184 -13 -10
4 0 -16.402 -11.74 -10 -16.402 -11.152 -10 -15.66 -11.152 -10 -15.66 -11.74 -10
3 82 16.625 -11.656 -10 17.219 -11.236 -10 19 -12.244 -10
4 82 16.625 -11.656 -10 19 -12.244 -10 18.777 -12.58 -10 18.184 -13 -10
3 82 17.441 -10.732 -10 19 -12.244 -10 17.219 -11.236 -10
4 82 -14.398 7.576 -10 -16.996 8.164 -10 -16.031 10.768 -10 -13.582 9.76 -10
4 82 13.879 15.303 -10 14.918 13.287 -10 12.469 12.279 -10 11.504 14.127 -10
4 82 16.402 -2.754 -10 19 -2.334 -10 17.441 -9.977 -10 17.07 -9.305 -10
4 82 17.441 -9.977 -10 19 -2.334 -10 19 -12.244 -10 17.441 -10.732 -10
4 0 17.07 -9.305 -10 17.441 -9.977 -10 16.848 -10.061 -10 16.477 -9.641 -10
4 82 -13.582 9.76 -10 -16.031 10.768 -10 -14.918 13.287 -10 -12.543 12.111 -10
4 82 16.402 -2.754 -10 17.07 -9.305 -10 16.848 -8.885 -10 16.477 -6.953 -10
3 82 16.18 -8.549 -10 16.477 -6.953 -10 16.848 -8.885 -10
4 82 16.402 -11.152 -10 15.734 -11.152 -10 16.105 -9.557 -10 16.477 -9.641 -10
4 82 14.621 -10.145 -10 12.543 -9.557 -10 12.691 -8.633 -10 14.918 -9.557 -10
4 0 15.438 -10.9 -10 15.066 -11.404 -10 14.695 -10.816 -10 15.215 -10.564 -10
3 82 18.184 -13 -10 15.66 -11.74 -10 16.625 -11.656 -10
3 0 -14.844 -9.557 -10 -14.621 -10.061 -10 -14.695 -10.9 -10
3 0 -15.66 -11.74 -10 -15.66 -11.152 -10 -15.215 -10.648 -10
4 0 -15.66 -11.74 -10 -15.215 -10.648 -10 -14.695 -10.9 -10 -14.992 -11.404 -10
4 0 -14.695 -10.9 -10 -15.215 -10.648 -10 -15.215 -10.145 -10 -14.844 -9.557 -10
4 0 -14.844 -9.557 -10 -15.215 -10.145 -10 -15.363 -9.809 -10 -15.215 -8.969 -10
4 0 -15.809 -9.557 -10 -16.18 -9.557 -10 -15.66 -8.633 -10 -15.215 -8.969 -10
3 0 -15.363 -9.809 -10 -15.809 -9.557 -10 -15.215 -8.969 -10
4 82 -15.363 -9.809 -10 -15.215 -10.145 -10 -15.215 -10.648 -10 -15.66 -11.152 -10
4 0 -16.773 -8.969 -10 -16.18 -9.557 -10 -16.699 -9.809 -10 -17.367 -9.809 -10
4 0 -17.367 -9.809 -10 -16.699 -9.809 -10 -16.848 -10.229 -10 -17.441 -10.312 -10
4 0 -17.441 -10.312 -10 -16.848 -10.229 -10 -16.848 -10.648 -10 -17.367 -10.9 -10
4 82 -16.699 -9.809 -10 -16.18 -9.557 -10 -16.848 -10.648 -10 -16.848 -10.229 -10
4 82 -15.66 -11.152 -10 -16.402 -11.152 -10 -16.848 -10.648 -10 -16.18 -9.557 -10
4 0 -17.367 -10.9 -10 -16.848 -10.648 -10 -16.402 -11.74 -10 -16.996 -11.404 -10
3 0 -16.848 -10.648 -10 -16.402 -11.152 -10 -16.402 -11.74 -10
4 82 -15.363 -9.809 -10 -15.66 -11.152 -10 -16.18 -9.557 -10 -15.809 -9.557 -10
4 82 16.922 -10.564 -10 16.402 -11.152 -10 16.477 -9.641 -10 16.848 -10.061 -10
4 0 17.441 -10.732 -10 16.625 -11.656 -10 16.402 -11.152 -10 16.922 -10.564 -10
4 0 16.922 -10.564 -10 16.848 -10.061 -10 17.441 -9.977 -10 17.441 -10.732 -10
4 0 16.848 -8.885 -10 17.07 -9.305 -10 16.477 -9.641 -10 16.105 -9.557 -10
4 0 16.18 -8.549 -10 16.848 -8.885 -10 16.105 -9.557 -10 15.586 -8.633 -10
4 0 15.586 -8.633 -10 16.105 -9.557 -10 15.586 -9.641 -10 15.141 -9.053 -10
4 82 15.438 -10.9 -10 15.215 -10.564 -10 15.215 -10.145 -10 15.586 -9.641 -10
4 0 15.586 -9.641 -10 15.215 -10.145 -10 14.918 -9.557 -10 15.141 -9.053 -10
3 0 15.215 -10.145 -10 15.215 -10.564 -10 14.695 -10.816 -10
4 0 14.695 -10.816 -10 14.621 -10.145 -10 14.918 -9.557 -10 15.215 -10.145 -10
4 82 16.105 -9.557 -10 15.734 -11.152 -10 15.438 -10.9 -10 15.586 -9.641 -10
4 0 15.734 -11.152 -10 15.66 -11.74 -10 15.066 -11.404 -10 15.438 -10.9 -10
4 82 15.066 -11.404 -10 12.543 -10.48 -10 12.543 -9.557 -10 14.695 -10.816 -10
3 82 12.543 -9.557 -10 14.621 -10.145 -10 14.695 -10.816 -10
3 1 1.336 -3.006 -10 1.188 -2.166 -10 2.746 -1.494 -10
4 1 3.785 -2.082 -10 2.227 -2.754 -10 1.336 -3.006 -10 2.746 -1.494 -10
4 1 -6.902 4.217 -10 -8.238 3.965 -10 -8.238 4.553 -10 -8.016 4.721 -10
4 82 14.621 -6.953 -10 15.141 -9.053 -10 14.918 -9.557 -10 12.691 -8.633 -10
4 82 14.621 -6.953 -10 12.691 -8.633 -10 13.063 -7.457 -10 13.434 -7.289 -10
3 82 16.477 -6.953 -10 16.18 -8.549 -10 15.586 -8.633 -10
4 82 16.402 -2.754 -10 16.18 -.318 -10 18.852 -.906 -10 19 -2.334 -10
4 1 16.402 -2.754 -10 10.168 -1.83 -10 10.688 -.57 -10 16.18 -.318 -10
4 1 16.402 -2.754 -10 16.477 -6.953 -10 14.621 -6.953 -10 10.168 -1.83 -10
4 1 10.836 4.637 -10 14.398 7.576 -10 15.215 4.805 -10 10.984 3.293 -10
4 1 13.582 9.76 -10 14.398 7.576 -10 10.836 4.637 -10 10.613 6.064 -10
4 82 -8.016 19.418 -10 -9.129 17.906 -10 -10.984 19.838 -10 -9.352 21.938 -10
4 82 12.32 17.906 -10 10.465 15.891 -10 9.203 17.822 -10 10.984 19.838 -10
4 82 1.188 25.969 -10 2.375 25.213 -10 2.152 24.793 -10 .816 25.633 -10
4 82 10.984 19.838 -10 9.203 17.822 -10 8.09 19.334 -10 9.352 21.938 -10
4 82 9.352 21.938 -10 8.09 19.334 -10 6.383 21.434 -10 6.902 24.625 -10
4 82 -.297 25.969 -10 -.816 27.061 -10 -.371 27.564 -10 .223 25.969 -10
4 1 1.707 21.434 -10 2.152 24.793 -10 2.375 25.213 -10 2.523 25.213 -10
4 1 -1.559 24.121 -10 -.148 23.365 -10 -6.383 21.434 -10 -4.379 23.533 -10
4 1 0 23.365 -10 1.559 21.602 -10 -6.383 21.434 -10 -.148 23.365 -10
4 82 -13.879 15.303 -10 -12.32 17.906 -10 -10.316 16.143 -10 -11.727 13.707 -10
4 82 -12.32 17.906 -10 -10.984 19.838 -10 -9.129 17.906 -10 -10.316 16.143 -10
4 82 -.297 25.381 -10 -.148 23.365 -10 -1.559 24.121 -10 -.816 25.633 -10
4 82 1.262 24.037 -10 0 23.365 -10 -.148 23.365 -10 .223 25.381 -10
3 82 -.148 23.365 -10 -.297 25.381 -10 .223 25.381 -10
4 82 -2.523 25.129 -10 -2.598 25.129 -10 -1.41 26.473 -10 -1.187 25.969 -10
4 82 -2.598 25.129 -10 -4.379 23.533 -10 -5.047 26.389 -10 -3.043 28.068 -10
4 82 -4.379 23.533 -10 -6.383 21.434 -10 -6.902 24.625 -10 -5.047 26.389 -10
4 1 -1.559 24.121 -10 -4.379 23.533 -10 -2.598 25.129 -10 -2.523 25.129 -10
3 1 -6.383 21.434 -10 .816 21.098 -10 .148 20.258 -10
4 82 -6.383 21.434 -10 -8.016 19.418 -10 -9.352 21.938 -10 -6.902 24.625 -10
4 82 -13.879 15.303 -10 -11.727 13.707 -10 -12.543 12.111 -10 -14.918 13.287 -10
4 82 -15.215 -8.969 -10 -14.398 -7.037 -10 -13.285 -7.373 -10 -14.844 -9.557 -10
3 82 -19 -2.334 -10 -18.777 -.15 -10 -16.18 -.318 -10
4 82 -17.367 -9.809 -10 -19 -2.334 -10 -16.18 -.318 -10 -16.402 -2.754 -10
4 82 -14.398 -7.037 -10 -15.66 -8.633 -10 -16.402 -8.633 -10 -16.477 -7.037 -10
4 1 -10.465 -4.266 -10 -13.285 -7.373 -10 -14.398 -7.037 -10 -11.059 -3.762 -10
3 1 -14.398 -7.037 -10 -11.504 -3.09 -10 -11.059 -3.762 -10
4 82 -14.621 -10.061 -10 -13.285 -7.373 -10 -13.062 -7.541 -10 -12.691 -8.885 -10
4 1 -7.719 -7.037 -10 -12.617 -10.564 -10 -12.691 -10.396 -10 -12.691 -8.885 -10
3 82 -14.621 -10.061 -10 -14.844 -9.557 -10 -13.285 -7.373 -10
4 82 -12.691 -8.885 -10 -12.691 -10.396 -10 -14.992 -11.404 -10 -14.695 -10.9 -10
3 82 -14.695 -10.9 -10 -14.621 -10.061 -10 -12.691 -8.885 -10
4 15 2.004 -7.877 -10 2.375 -6.869 -10 2.895 -8.045 -10 1.93 -8.129 -10
3 15 -5.047 -7.541 -10 -6.754 -7.457 -10 -7.719 -7.037 -10
4 15 -7.199 -6.029 -10 -5.937 -5.525 -10 -5.047 -7.541 -10 -7.719 -7.037 -10
4 1 -.445 -8.381 -10 .445 -7.877 -10 2.004 -7.877 -10 1.93 -8.129 -10
4 1 2.375 -6.869 -10 2.004 -7.877 -10 .445 -7.877 -10 1.262 -6.869 -10
4 15 -1.113 -4.854 -10 1.855 -4.434 -10 1.633 -5.945 -10 -.891 -5.105 -10
4 15 -1.113 -4.854 -10 -.223 -3.258 -10 2.227 -4.35 -10 1.855 -4.434 -10
3 15 -.223 -3.258 -10 1.336 -3.006 -10 2.227 -4.35 -10
4 15 2.449 -4.602 -10 5.492 -4.014 -10 5.492 -5.357 -10 2.523 -5.861 -10
3 15 5.492 -5.357 -10 5.27 -6.113 -10 4.75 -6.953 -10
4 1 2.523 -5.861 -10 1.855 -4.434 -10 2.227 -4.35 -10 2.449 -4.602 -10
3 1 2.523 -5.861 -10 1.633 -5.945 -10 1.855 -4.434 -10
4 1 1.633 -5.945 -10 2.523 -5.861 -10 2.375 -6.869 -10 1.262 -6.869 -10
4 1 12.543 -9.557 -10 12.543 -10.48 -10 3.859 -7.625 -10 4.75 -6.953 -10
3 1 2.895 -8.045 -10 3.859 -7.625 -10 12.543 -10.48 -10
4 1 -.445 -8.381 -10 1.93 -8.129 -10 2.895 -8.045 -10 12.543 -10.48 -10
3 1 12.543 -10.48 -10 -1.262 -8.633 -10 -.445 -8.381 -10
4 1 7.422 -5.609 -10 12.691 -8.633 -10 12.543 -9.557 -10 6.754 -6.113 -10
4 1 4.75 -6.953 -10 5.27 -6.113 -10 6.531 -5.021 -10 6.605 -6.113 -10
4 1 6.383 -4.098 -10 6.531 -5.021 -10 5.27 -6.113 -10 5.492 -5.357 -10
4 15 2.227 -2.754 -10 3.785 -2.082 -10 5.27 -2.67 -10 5.492 -4.014 -10
4 15 9.574 4.301 -10 10.465 6.064 -10 10.613 6.064 -10 10.836 4.637 -10
4 1 11.504 14.127 -10 12.469 12.279 -10 9.723 8.92 -10 9.129 10.096 -10
4 1 5.715 -2.502 -10 6.086 -3.09 -10 5.27 -2.67 -10 5.344 -2.502 -10
4 1 5.492 -4.014 -10 5.27 -2.67 -10 6.086 -3.09 -10 6.383 -4.098 -10
3 1 5.492 -5.357 -10 5.492 -4.014 -10 6.383 -4.098 -10
4 1 12.543 -9.557 -10 4.75 -6.953 -10 6.605 -6.113 -10 6.754 -6.113 -10
4 15 6.531 -5.021 -10 7.422 -5.609 -10 6.754 -6.113 -10 6.605 -6.113 -10
4 15 8.016 -5.021 -10 7.422 -5.609 -10 6.531 -5.021 -10 6.383 -4.098 -10
4 1 14.621 -6.953 -10 13.434 -7.289 -10 9.723 -2.334 -10 10.168 -1.83 -10
4 1 8.016 -5.021 -10 13.063 -7.457 -10 12.691 -8.633 -10 7.422 -5.609 -10
4 15 6.383 -4.098 -10 8.684 -3.258 -10 8.461 -4.182 -10 8.016 -5.021 -10
4 15 8.684 -3.258 -10 6.383 -4.098 -10 6.086 -3.09 -10 8.609 -2.082 -10
4 15 8.164 -.318 -10 8.609 -2.082 -10 6.086 -3.09 -10 5.715 -2.502 -10
4 1 8.609 -2.082 -10 8.164 -.318 -10 8.98 -.402 -10 9.574 -1.746 -10
4 1 8.164 -.318 -10 8.313 -.066 -10 8.535 .018 -10 8.98 -.402 -10
4 15 10.688 -.57 -10 10.168 -1.83 -10 9.574 -1.746 -10 8.98 -.402 -10
4 1 10.984 .941 -10 15.809 2.201 -10 16.18 -.318 -10 10.688 -.57 -10
3 1 8.684 -3.258 -10 8.609 -2.082 -10 9.574 -1.746 -10
4 1 8.461 -4.182 -10 8.684 -3.258 -10 9.574 -1.746 -10 9.723 -2.334 -10
3 15 9.574 -1.746 -10 10.168 -1.83 -10 9.723 -2.334 -10
4 1 15.809 2.201 -10 10.984 .941 -10 10.984 3.293 -10 15.215 4.805 -10
4 15 9.574 4.301 -10 10.836 4.637 -10 10.984 3.293 -10 8.387 2.453 -10
4 15 -.891 3.041 -10 2.746 -1.494 -10 1.188 -2.166 -10 -1.855 1.781 -10
4 15 4.008 -.654 -10 2.746 -1.494 -10 -.891 3.041 -10 -.223 4.301 -10
3 15 9.129 10.096 -10 9.723 8.92 -10 10.02 8.08 -10
4 1 13.582 9.76 -10 10.613 6.064 -10 10.465 6.064 -10 10.02 8.08 -10
4 15 10.984 .941 -10 8.535 .018 -10 8.387 2.453 -10 10.984 3.293 -10
4 15 8.98 -.402 -10 8.535 .018 -10 10.984 .941 -10 10.688 -.57 -10
4 15 7.199 .857 -10 8.387 2.453 -10 8.535 .018 -10 8.313 -.066 -10
4 1 10.465 6.064 -10 9.574 4.301 -10 8.832 5.309 -10 10.02 8.08 -10
3 15 5.492 -4.014 -10 2.449 -4.602 -10 2.227 -2.754 -10
4 1 4.008 -.654 -10 5.121 -1.158 -10 3.785 -2.082 -10 2.746 -1.494 -10
4 1 -1.113 -4.854 -10 -.891 -5.105 -10 -.965 -5.441 -10 -1.336 -4.854 -10
3 1 1.336 -3.006 -10 -.074 -2.502 -10 1.188 -2.166 -10
3 15 -1.336 -6.197 -10 -.965 -5.441 -10 1.262 -6.869 -10
4 15 -3.117 -3.006 -10 -4.527 -4.182 -10 -4.676 -3.93 -10 -3.043 -2.67 -10
4 1 -.223 -3.258 -10 -1.484 -3.258 -10 -2.672 -3.09 -10 1.336 -3.006 -10
4 1 -8.832 -2.838 -10 -9.203 -1.746 -10 -7.719 -1.662 -10 -8.016 -2.502 -10
3 1 -7.719 -1.662 -10 -7.57 -1.998 -10 -8.016 -2.502 -10
4 1 -3.043 -2.67 -10 -1.41 -2.67 -10 -2.672 -3.09 -10 -3.117 -3.006 -10
4 1 -1.41 -2.67 -10 -.074 -2.502 -10 1.336 -3.006 -10 -2.672 -3.09 -10
4 1 7.199 .857 -10 6.012 -.402 -10 5.418 .521 -10 6.754 2.033 -10
4 1 -2.078 9.508 -10 .52 7.156 -10 -1.781 5.141 -10 -2.227 6.232 -10
4 1 5.418 .521 -10 6.012 -.402 -10 5.121 -1.158 -10 4.008 -.654 -10
4 1 6.754 2.033 -10 7.645 3.293 -10 8.387 2.453 -10 7.199 .857 -10
4 1 7.645 3.293 -10 8.832 5.309 -10 9.574 4.301 -10 8.387 2.453 -10
4 1 13.582 9.76 -10 10.02 8.08 -10 9.723 8.92 -10 12.469 12.279 -10
4 1 9.129 10.096 -10 8.387 11.271 -10 10.465 15.891 -10 11.504 14.127 -10
3 1 8.387 11.271 -10 7.125 12.951 -10 10.465 15.891 -10
4 15 3.934 16.646 -10 .371 11.355 -10 -.371 14.883 -10 -.594 16.563 -10
4 1 10.465 15.891 -10 7.125 12.951 -10 8.09 19.334 -10 9.203 17.822 -10
3 1 7.125 12.951 -10 3.934 16.646 -10 8.09 19.334 -10
4 15 2.746 18.41 -10 3.934 16.646 -10 -.594 16.563 -10 -.594 17.738 -10
3 1 2.078 19.922 -10 6.383 21.434 -10 8.09 19.334 -10
4 15 -.594 17.738 -10 -.371 18.998 -10 .148 20.258 -10 2.746 18.41 -10
3 15 .148 20.258 -10 2.078 19.922 -10 2.746 18.41 -10
4 1 8.09 19.334 -10 3.934 16.646 -10 2.746 18.41 -10 2.078 19.922 -10
3 1 1.559 21.602 -10 .816 21.098 -10 -6.383 21.434 -10
4 1 1.707 21.098 -10 1.707 21.434 -10 6.383 21.434 -10 2.078 19.922 -10
3 1 1.559 21.602 -10 0 23.365 -10 1.262 24.037 -10
4 1 1.707 21.434 -10 1.559 21.602 -10 1.262 24.037 -10 2.152 24.793 -10
4 15 1.707 21.098 -10 .816 21.098 -10 1.559 21.602 -10 1.707 21.434 -10
4 15 .816 21.098 -10 1.707 21.098 -10 2.078 19.922 -10 .148 20.258 -10
3 1 .148 20.258 -10 -.371 18.998 -10 -6.383 21.434 -10
4 1 -8.016 19.418 -10 -6.383 21.434 -10 -.371 18.998 -10 -.594 17.738 -10
4 1 -.371 14.883 -10 -2.523 12.195 -10 -3.711 12.951 -10 -.594 16.563 -10
4 1 -.371 14.883 -10 .371 11.355 -10 -2.375 11.943 -10 -2.523 12.195 -10
4 15 8.387 11.271 -10 .52 10.096 -10 3.934 16.646 -10 7.125 12.951 -10
3 15 .52 10.096 -10 .371 11.355 -10 3.934 16.646 -10
4 15 10.02 8.08 -10 8.832 5.309 -10 7.645 3.293 -10 9.129 10.096 -10
4 15 6.754 2.033 -10 .52 7.156 -10 9.129 10.096 -10 7.645 3.293 -10
3 15 6.754 2.033 -10 .223 5.645 -10 .52 7.156 -10
4 15 -3.488 10.768 -10 -3.488 11.691 -10 -2.375 11.943 -10 -2.078 10.012 -10
4 15 4.008 -.654 -10 -.223 4.301 -10 6.754 2.033 -10 5.418 .521 -10
3 15 -.223 4.301 -10 .223 5.645 -10 6.754 2.033 -10
4 15 -2.227 6.232 -10 -1.781 5.141 -10 -1.855 3.797 -10 -6.902 4.217 -10
4 15 -.074 -2.502 -10 -2.598 1.109 -10 -1.855 1.781 -10 1.188 -2.166 -10
4 1 -2.375 2.537 -10 -1.855 3.797 -10 -.891 3.041 -10 -1.855 1.781 -10
4 15 -3.117 .857 -10 -1.41 -2.67 -10 -3.043 -2.67 -10 -3.711 .857 -10
4 15 -1.41 -2.67 -10 -3.117 .857 -10 -2.598 1.109 -10 -.074 -2.502 -10
3 1 -13.582 9.76 -10 -8.832 6.82 -10 -9.055 5.98 -10
3 1 -1.855 1.781 -10 -2.598 1.109 -10 -3.117 .857 -10
4 1 -3.711 .857 -10 -2.375 2.537 -10 -1.855 1.781 -10 -3.117 .857 -10
4 1 -8.016 4.721 -10 -7.422 4.721 -10 -6.977 4.469 -10 -6.902 4.217 -10
4 1 .52 7.156 -10 .223 5.645 -10 -.223 4.301 -10 -1.781 5.141 -10
4 1 -.223 4.301 -10 -.891 3.041 -10 -1.855 3.797 -10 -1.781 5.141 -10
4 15 -8.016 4.721 -10 -9.055 5.98 -10 -8.832 6.82 -10 -7.422 4.721 -10
4 15 -2.523 9.004 -10 -3.785 8.248 -10 -4.824 10.936 -10 -4.23 10.6 -10
3 1 -2.227 6.232 -10 -3.785 8.248 -10 -2.523 9.004 -10
3 1 -2.227 6.232 -10 -2.523 9.004 -10 -2.078 9.508 -10
4 1 -2.078 9.508 -10 -2.078 10.012 -10 .52 10.096 -10 .52 7.156 -10
4 1 -2.078 10.012 -10 -2.375 11.943 -10 .371 11.355 -10 .52 10.096 -10
3 15 -3.859 12.951 -10 -3.711 12.951 -10 -2.523 12.195 -10
3 15 -6.754 13.371 -10 -5.344 12.195 -10 -5.195 11.523 -10
4 15 -7.273 13.203 -10 -6.754 13.371 -10 -5.195 11.523 -10 -7.57 12.447 -10
3 15 -5.27 13.119 -10 -5.344 12.195 -10 -6.754 13.371 -10
3 1 -.594 17.738 -10 -.594 16.563 -10 -3.711 12.951 -10
4 1 -8.016 19.418 -10 -.594 17.738 -10 -3.711 12.951 -10 -5.195 13.455 -10
3 1 -5.195 11.523 -10 -5.344 12.195 -10 -5.27 13.119 -10
4 15 -3.859 12.951 -10 -2.523 12.195 -10 -2.375 11.943 -10 -3.488 11.691 -10
3 15 -2.523 9.004 -10 -3.711 10.516 -10 -3.488 10.768 -10
3 15 -4.23 10.6 -10 -3.711 10.516 -10 -2.523 9.004 -10
4 1 -4.824 10.936 -10 -3.859 12.951 -10 -3.711 10.516 -10 -4.23 10.6 -10
4 1 -3.711 10.516 -10 -3.859 12.951 -10 -3.488 11.691 -10 -3.488 10.768 -10
4 1 -5.27 13.119 -10 -3.859 12.951 -10 -4.824 10.936 -10 -5.195 11.523 -10
4 1 -8.832 6.82 -10 -13.582 9.76 -10 -8.535 12.027 -10 -8.684 7.996 -10
4 1 -11.727 13.707 -10 -8.535 12.027 -10 -13.582 9.76 -10 -12.543 12.111 -10
4 1 -9.129 17.906 -10 -6.754 13.371 -10 -7.273 13.203 -10 -10.316 16.143 -10
4 1 -5.195 13.455 -10 -3.711 12.951 -10 -3.859 12.951 -10 -5.27 13.119 -10
4 1 -6.754 13.371 -10 -9.129 17.906 -10 -8.016 19.418 -10 -5.195 13.455 -10
3 15 -5.27 13.119 -10 -6.754 13.371 -10 -5.195 13.455 -10
3 1 -11.727 13.707 -10 -10.316 16.143 -10 -7.273 13.203 -10
4 1 -11.727 13.707 -10 -7.273 13.203 -10 -7.57 12.447 -10 -8.535 12.027 -10
4 15 -7.57 12.447 -10 -5.195 11.523 -10 -8.684 7.996 -10 -8.535 12.027 -10
4 1 -13.582 9.76 -10 -9.055 5.98 -10 -9.277 5.477 -10 -14.398 7.576 -10
4 1 -14.398 7.576 -10 -9.277 5.477 -10 -10.316 4.301 -10 -15.215 4.805 -10
4 15 -4.676 -3.93 -10 -5.047 -3.93 -10 -7.57 -1.998 -10 -3.043 -2.67 -10
3 1 -8.758 .354 -10 -9.723 .857 -10 -9.5 1.529 -10
4 1 -8.164 .689 -10 -8.758 .354 -10 -9.5 1.529 -10 -8.758 1.277 -10
4 15 -3.711 .941 -10 -7.719 -1.662 -10 -8.164 -.066 -10 -8.016 .27 -10
4 1 -8.016 .27 -10 -8.164 -.066 -10 -8.758 .354 -10 -8.164 .689 -10
3 15 -8.906 -4.937 -10 -9.648 -4.686 -10 -10.465 -4.266 -10
4 1 -10.316 4.301 -10 -9.5 1.529 -10 -10.762 1.193 -10 -12.098 1.445 -10
3 1 -9.5 1.529 -10 -9.723 .857 -10 -10.762 1.193 -10
3 1 -15.215 4.805 -10 -10.316 4.301 -10 -12.098 1.445 -10
4 1 -15.809 2.201 -10 -15.215 4.805 -10 -12.098 1.445 -10 -13.137 1.445 -10
4 1 -15.809 2.201 -10 -13.137 1.445 -10 -13.137 1.361 -10 -16.18 -.318 -10
4 15 -11.133 -1.074 -10 -10.762 1.193 -10 -9.723 .857 -10 -10.168 -1.578 -10
3 15 -12.098 1.445 -10 -10.762 1.193 -10 -11.133 -1.074 -10
4 1 -11.504 -2.922 -10 -16.402 -2.754 -10 -11.801 -.402 -10 -11.133 -1.074 -10
4 15 -10.168 -1.578 -10 -9.723 .857 -10 -8.758 .354 -10 -9.203 -1.746 -10
4 1 -8.535 -6.449 -10 -12.691 -8.885 -10 -13.062 -7.541 -10 -9.648 -4.686 -10
4 1 -10.168 -1.578 -10 -9.797 -3.006 -10 -11.504 -2.922 -10 -11.133 -1.074 -10
4 1 -9.797 -3.006 -10 -10.168 -1.578 -10 -9.203 -1.746 -10 -8.832 -2.838 -10
4 15 -8.164 -.066 -10 -7.719 -1.662 -10 -9.203 -1.746 -10 -8.758 .354 -10
4 15 -6.16 -4.518 -10 -8.016 -2.502 -10 -7.57 -1.998 -10 -5.047 -3.93 -10
4 15 -8.906 -4.937 -10 -8.832 -2.838 -10 -6.16 -4.518 -10 -7.422 -4.937 -10
3 15 -8.832 -2.838 -10 -8.016 -2.502 -10 -6.16 -4.518 -10
4 15 -10.465 -4.266 -10 -11.059 -3.762 -10 -11.504 -3.09 -10 -11.504 -2.922 -10
4 1 -9.648 -4.686 -10 -13.062 -7.541 -10 -13.285 -7.373 -10 -10.465 -4.266 -10
3 15 -11.504 -2.922 -10 -9.797 -3.006 -10 -10.465 -4.266 -10
4 15 -8.906 -4.937 -10 -10.465 -4.266 -10 -9.797 -3.006 -10 -8.832 -2.838 -10
3 1 -12.691 -8.885 -10 -8.535 -6.449 -10 -7.719 -7.037 -10
4 1 -7.422 -4.937 -10 -7.199 -6.029 -10 -8.535 -6.281 -10 -8.906 -4.937 -10
4 1 -7.422 -4.937 -10 -6.16 -4.518 -10 -5.937 -5.525 -10 -7.199 -6.029 -10
4 1 -4.676 -4.518 -10 -5.121 -4.937 -10 -5.937 -5.525 -10 -6.16 -4.518 -10
4 1 -4.676 -3.93 -10 -4.527 -4.182 -10 -4.676 -4.518 -10 -5.047 -3.93 -10
4 15 -4.676 -4.518 -10 -2.895 -6.617 -10 -4.156 -7.289 -10 -5.121 -4.937 -10
3 1 -6.16 -4.518 -10 -5.047 -3.93 -10 -4.676 -4.518 -10
4 15 -5.121 -4.937 -10 -4.156 -7.289 -10 -5.047 -7.541 -10 -5.937 -5.525 -10
4 1 -8.535 -6.281 -10 -8.535 -6.449 -10 -9.648 -4.686 -10 -8.906 -4.937 -10
4 15 -8.535 -6.281 -10 -7.199 -6.029 -10 -7.719 -7.037 -10 -8.535 -6.449 -10
3 1 -12.617 -10.564 -10 -7.719 -7.037 -10 -6.754 -7.457 -10
4 1 12.543 -10.48 -10 -12.617 -10.564 -10 -2.449 -8.717 -10 -1.262 -8.633 -10
4 1 -6.754 -7.457 -10 -5.047 -7.541 -10 -3.414 -8.549 -10 -12.617 -10.564 -10
4 1 -3.414 -8.549 -10 -5.047 -7.541 -10 -4.156 -7.289 -10 -3.34 -8.381 -10
3 15 -3.117 -3.006 -10 -2.672 -3.09 -10 -2.895 -6.617 -10
4 15 -4.676 -4.518 -10 -4.527 -4.182 -10 -3.117 -3.006 -10 -2.895 -6.617 -10
3 15 -2.227 -7.373 -10 -1.336 -6.197 -10 -.445 -8.381 -10
4 1 -1.336 -6.197 -10 -2.895 -6.617 -10 -1.336 -4.854 -10 -.965 -5.441 -10
3 1 -1.336 -6.197 -10 -2.227 -7.373 -10 -3.34 -8.381 -10
4 15 -1.484 -3.258 -10 -.223 -3.258 -10 -1.113 -4.854 -10 -1.336 -4.854 -10
4 15 -2.672 -3.09 -10 -1.484 -3.258 -10 -1.336 -4.854 -10 -2.895 -6.617 -10
4 15 1.633 -5.945 -10 1.262 -6.869 -10 -.965 -5.441 -10 -.891 -5.105 -10
4 15 1.262 -6.869 -10 .445 -7.877 -10 -.445 -8.381 -10 -1.336 -6.197 -10
4 1 -1.336 -6.197 -10 -3.34 -8.381 -10 -4.156 -7.289 -10 -2.895 -6.617 -10
4 15 -2.746 -8.633 -10 -3.34 -8.381 -10 -2.227 -7.373 -10 -2.449 -8.717 -10
3 15 -3.414 -8.549 -10 -3.34 -8.381 -10 -2.746 -8.633 -10
4 1 -3.414 -8.549 -10 -2.746 -8.633 -10 -2.449 -8.717 -10 -12.617 -10.564 -10
4 15 -.445 -8.381 -10 -1.262 -8.633 -10 -2.449 -8.717 -10 -2.227 -7.373 -10
4 15 -9.5 1.529 -10 -10.316 4.301 -10 -8.238 3.965 -10 -8.016 2.957 -10
4 15 -3.711 .941 -10 -7.125 3.209 -10 -6.902 3.797 -10 -2.375 2.537 -10
4 15 -2.227 6.232 -10 -6.902 4.217 -10 -6.977 4.469 -10 -3.785 8.248 -10
4 15 -8.832 6.82 -10 -8.684 7.996 -10 -6.977 4.469 -10 -7.422 4.721 -10
4 15 -8.238 4.553 -10 -8.238 3.965 -10 -10.316 4.301 -10 -9.277 5.477 -10
4 15 -8.016 4.721 -10 -8.238 4.553 -10 -9.277 5.477 -10 -9.055 5.98 -10
4 15 -8.016 2.957 -10 -7.867 2.621 -10 -8.758 1.277 -10 -9.5 1.529 -10
4 82 .816 25.633 -10 2.152 24.793 -10 1.262 24.037 -10 .223 25.381 -10
4 82 1.41 26.473 -10 2.523 25.213 -10 2.375 25.213 -10 1.188 25.969 -10
4 82 2.078 28.824 -10 .816 28.152 -10 .445 28.488 -10 .445 30 -10
4 82 -.445 30 -10 .445 30 -10 .445 28.488 -10 -.445 28.488 -10
4 82 .371 27.564 -10 .668 26.221 -10 .223 25.969 -10 -.371 27.564 -10
4 82 -.445 28.488 -10 -.816 28.152 -10 -2.078 28.824 -10 -.445 30 -10
4 82 -1.113 27.648 -10 -1.41 27.145 -10 -3.043 28.068 -10 -2.82 28.236 -10
4 82 -3.043 28.068 -10 -1.41 27.145 -10 -1.41 26.473 -10 -2.598 25.129 -10
4 1 -8.016 2.957 -10 -8.238 3.965 -10 -6.902 4.217 -10 -7.125 3.209 -10
3 1 -6.902 4.217 -10 -6.902 3.797 -10 -7.125 3.209 -10
4 0 -.816 28.152 -10 -.445 28.488 -10 .445 28.488 -10 -.371 27.564 -10
4 0 .816 28.152 -10 .371 27.564 -10 -.371 27.564 -10 .445 28.488 -10
4 0 -.371 27.564 -10 -.816 27.061 -10 -1.113 27.648 -10 -.816 28.152 -10
4 1 -8.016 2.957 -10 -7.125 3.209 -10 -7.645 2.621 -10 -7.867 2.621 -10
4 0 -1.113 27.648 -10 -1.187 25.969 -10 -1.41 26.473 -10 -1.41 27.145 -10
4 0 -.668 26.221 -10 -.816 25.633 -10 -1.187 25.969 -10 -.816 26.557 -10
4 0 -.816 27.061 -10 -.816 26.557 -10 -1.187 25.969 -10 -1.113 27.648 -10
4 0 .223 25.969 -10 .223 25.381 -10 -.297 25.381 -10 -.297 25.969 -10
4 82 -1.187 25.969 -10 -.816 25.633 -10 -1.559 24.121 -10 -2.523 25.129 -10
4 82 .668 26.221 -10 .371 27.564 -10 .816 27.061 -10 .816 26.557 -10
4 82 -.816 26.557 -10 -.816 27.061 -10 -.297 25.969 -10 -.668 26.221 -10
4 82 16.031 10.768 -10 17.59 6.148 -10 14.398 7.576 -10 13.582 9.76 -10
3 82 1.113 27.648 -10 .816 28.152 -10 2.078 28.824 -10
3 82 1.41 27.145 -10 1.113 27.648 -10 2.078 28.824 -10
4 82 1.41 26.473 -10 1.41 27.145 -10 2.078 28.824 -10 5.047 26.389 -10
3 82 2.523 25.213 -10 6.902 24.625 -10 6.383 21.434 -10
4 82 -18.109 4.049 -10 -16.996 8.164 -10 -14.398 7.576 -10 -15.215 4.805 -10
4 0 .223 25.969 -10 .668 26.221 -10 .816 25.633 -10 .223 25.381 -10
4 0 .371 27.564 -10 .816 28.152 -10 1.113 27.648 -10 .816 27.061 -10
4 0 -.816 25.633 -10 -.668 26.221 -10 -.297 25.969 -10 -.297 25.381 -10
3 1 2.523 25.213 -10 6.383 21.434 -10 1.707 21.434 -10
3 1 8.016 -5.021 -10 8.461 -4.182 -10 13.063 -7.457 -10
4 1 13.063 -7.457 -10 8.461 -4.182 -10 9.723 -2.334 -10 13.434 -7.289 -10
4 1 -13.137 1.361 -10 -11.801 -.402 -10 -16.402 -2.754 -10 -16.18 -.318 -10
3 1 -16.477 -7.037 -10 -11.504 -3.09 -10 -14.398 -7.037 -10
4 1 -11.504 -3.09 -10 -16.477 -7.037 -10 -16.402 -2.754 -10 -11.504 -2.922 -10