0 Tile  1 x  8 with "City of Love" Pattern
0 Name: 4162p20.dat
0 Author: Philippe Hurbain [Philo]
0 !LDRAW_ORG Part UPDATE 2026-04
0 !LICENSE Licensed under CC BY 4.0 : see CAreadme.txt

0 BFC CERTIFY CCW

0 !KEYWORDS Architecture, Bricklink 4162pb334, Paris, Rebrickable 4162pr0127
0 !KEYWORDS Set 21064

0 !HISTORY 2026-04-27 [OrionP] Official Update 2026-04

1 16 0 0 0 1 0 0 0 1 0 0 0 1 s\4162s01.dat

4 0 28.87 0 2.13 28.33 0 2.1 28.28 0 1.72 28.59 0 1.75
4 0 25.52 0 -2.6 26.45 0 -1.97 26.6 0 -1.2 25.63 0 -1.25
4 0 22.89 0 -3.46 22.47 0 -3.29 22 0 -3.54 22.16 0 -4.04
4 0 16.63 0 1.88 17.17 0 1.67 17.55 0 1.78 17.42 0 2.15
4 0 16.53 0 -4.3 17.24 0 -4.11 17.34 0 -3.46 16.92 0 -3.77
3 0 9.63 0 -3.49 9.44 0 -3.26 8.04 0 -3.44
3 0 -1.84 0 2.1 -2.13 0 1.52 -1.65 0 1.77
4 0 -18.77 0 1.98 -19.08 0 1.72 -19.04 0 1.18 -18.79 0 1.22
3 0 5.78 0 5.78 5.87 0 6.49 5.48 0 6.51
3 0 5.48 0 6.51 4.79 0 6.35 5.12 0 5.96
4 0 5.12 0 5.96 4.79 0 6.35 4.23 0 5.99 4.77 0 5.91
4 0 4.77 0 5.91 4.23 0 5.99 3.77 0 5.53 4.36 0 5.6
4 0 4.36 0 5.6 3.77 0 5.53 3.27 0 4.77 3.93 0 4.84
4 0 2.47 0 2.05 1.63 0 2.03 1.43 0 1.54 2.36 0 1.53
3 0 2.68 0 3.14 2.47 0 2.05 3.38 0 2.04
4 0 2.99 0 4.15 2.68 0 3.14 3.38 0 2.04 3.64 0 3.87
4 0 5.35 0 5.81 5.41 0 5.39 5.56 0 5.31 5.78 0 5.78
4 0 5.12 0 5.96 5.35 0 5.81 5.78 0 5.78 5.48 0 6.51
4 0 2.36 0 1.53 3.28 0 1.49 3.38 0 2.04 2.47 0 2.05
4 0 2.99 0 4.15 3.64 0 3.87 3.93 0 4.84 3.27 0 4.77
4 0 3.28 0 1.49 4.68 0 1.53 4.81 0 2.02 3.38 0 2.04
4 0 2.36 0 1.53 1.95 0 -1.51 2.68 0 -2.14 3.28 0 1.49
4 0 1.21 0 -4.95 2.25 0 -3.84 2.68 0 -2.14 1.95 0 -1.51
4 0 .78 0 -5.91 1.36 0 -5.82 1.89 0 -4.8 1.21 0 -4.95
3 0 1.89 0 -4.8 2.25 0 -3.84 1.21 0 -4.95
3 0 .27 0 -6.97 .67 0 -6.67 .35 0 -6.35
4 0 1.36 0 -5.82 .78 0 -5.91 .35 0 -6.35 .67 0 -6.67
3 0 -.61 0 -7.18 -.15 0 -7.15 -.64 0 -6.71
4 0 -.15 0 -7.15 -.01 0 -6.4 -.48 0 -6.13 -.64 0 -6.71
4 0 -.15 0 -7.15 .27 0 -6.97 .35 0 -6.35 -.01 0 -6.4
4 0 28.89 0 1.59 29.08 0 1.19 29.72 0 1.54 29.37 0 1.94
4 0 28.59 0 1.75 28.89 0 1.59 29.37 0 1.94 28.87 0 2.13
4 0 27.66 0 1.23 28.28 0 1.72 28.33 0 2.1 27.7 0 1.84
4 0 27.12 0 .41 27.66 0 1.23 27.7 0 1.84 26.92 0 1.19
4 0 26.69 0 -.77 27.12 0 .41 26.92 0 1.19 26.14 0 .07
4 0 26.45 0 -1.97 25.52 0 -2.6 25.72 0 -3.34 26.53 0 -2.92
4 0 26.88 0 -4.29 27.04 0 -3.64 26.7 0 -3.35 26.18 0 -3.96
4 0 27.04 0 -3.64 26.88 0 -4.29 27.64 0 -4.23 27.5 0 -3.7
4 0 27.5 0 -3.7 27.64 0 -4.23 28.3 0 -3.83 27.93 0 -3.57
4 0 27.93 0 -3.57 28.3 0 -3.83 28.87 0 -3.31 28.31 0 -3.31
4 0 28.31 0 -3.31 28.87 0 -3.31 29.36 0 -2.54 29.04 0 -2.37
4 0 26.18 0 -3.96 26.7 0 -3.35 26.53 0 -2.92 25.72 0 -3.34
4 0 28.34 0 -.97 27.86 0 -.62 26.69 0 -.77 26.6 0 -1.2
4 0 26.14 0 .07 25.63 0 -1.25 26.6 0 -1.2 26.69 0 -.77
4 0 29.72 0 1.54 29.08 0 1.19 29.03 0 .72 29.89 0 1.02
4 0 29.03 0 .72 28.53 0 -.2 29.11 0 -.59 29.61 0 -.09
4 0 29.89 0 1.02 29.03 0 .72 29.61 0 -.09 29.87 0 .46
4 0 27.86 0 -.62 28.34 0 -.97 29.11 0 -.59 28.53 0 -.2
4 0 24.56 0 .72 25.55 0 1.14 25.5 0 1.78 24.56 0 1.05
4 0 24.56 0 1.05 25.5 0 1.78 25.13 0 2.12 24.84 0 2.1
4 0 24.01 0 1.17 24.33 0 1.23 24.39 0 1.85 23.9 0 1.4
4 0 24.32 0 -.26 25.34 0 .29 25.55 0 1.14 24.56 0 .72
4 0 24.32 0 -.26 23.35 0 -2.26 23.62 0 -2.65 24.31 0 -1.69
4 0 25.34 0 .29 24.32 0 -.26 24.31 0 -1.69 24.9 0 -.68
4 0 22.47 0 -3.29 22.89 0 -3.46 23.62 0 -2.65 23.35 0 -2.26
4 0 22.16 0 -4.04 21.53 0 -3.55 20.91 0 -4.22 21.5 0 -4.29
3 0 21.53 0 -3.55 22.16 0 -4.04 22 0 -3.54
4 0 20.51 0 -3.28 20.6 0 -3.86 20.91 0 -4.22 21.53 0 -3.55
4 0 22.24 0 .93 21.16 0 -.12 20.58 0 -2.56 21.46 0 -2.82
4 0 20.58 0 -2.56 20.51 0 -3.28 21.53 0 -3.55 21.46 0 -2.82
4 0 24.84 0 2.1 24.39 0 1.85 24.33 0 1.23 24.56 0 1.05
3 0 21.27 0 .57 21.16 0 -.12 22.24 0 .93
4 0 20.1 0 .55 20.16 0 .33 20.77 0 .95 20.19 0 .82
4 0 21.24 0 1.08 21.09 0 1.8 20.19 0 .82 20.77 0 .95
4 0 22.1 0 2.03 21.91 0 2.13 21.67 0 2.12 22.23 0 1.81
4 0 22.23 0 1.81 21.24 0 1.08 21.27 0 .57 22.24 0 .93
4 0 21.09 0 1.8 21.24 0 1.08 22.23 0 1.81 21.67 0 2.12
4 0 18.11 0 1.52 18.29 0 1.21 19.31 0 .9 18.93 0 1.63
4 0 17.86 0 1.72 18.11 0 1.52 18.93 0 1.63 18.24 0 2.09
4 0 16.79 0 1.38 15.97 0 1.39 15.44 0 .75 16.21 0 .47
4 0 14.63 0 -1.32 14.61 0 -2.45 15.6 0 -2.7 15.65 0 -1.62
4 0 14.98 0 -.1 14.63 0 -1.32 15.65 0 -1.62 15.85 0 -.56
4 0 18.49 0 .35 18.5 0 -.61 19.42 0 -.95 19.47 0 .08
4 0 19.47 0 .08 19.31 0 .9 18.29 0 1.21 18.49 0 .35
4 0 15.44 0 .75 14.98 0 -.1 15.85 0 -.56 16.21 0 .47
4 0 15.97 0 1.39 16.79 0 1.38 17.17 0 1.67 16.63 0 1.88
4 0 18.24 0 2.09 17.42 0 2.15 17.55 0 1.78 17.86 0 1.72
4 0 14.61 0 -2.45 14.81 0 -3.16 15.7 0 -3.21 15.6 0 -2.7
4 0 15.95 0 -3.67 15.7 0 -3.21 14.81 0 -3.16 15.2 0 -3.77
4 0 16.42 0 -3.89 15.95 0 -3.67 15.2 0 -3.77 15.81 0 -4.19
4 0 16.92 0 -3.77 16.42 0 -3.89 15.81 0 -4.19 16.53 0 -4.3
4 0 17.94 0 -2.61 17.66 0 -3.06 17.89 0 -3.74 18.62 0 -2.97
4 0 18.23 0 -1.91 19.13 0 -2 19.42 0 -.95 18.5 0 -.61
4 0 19.13 0 -2 18.23 0 -1.91 17.94 0 -2.61 18.62 0 -2.97
4 0 17.24 0 -4.11 17.89 0 -3.74 17.66 0 -3.06 17.34 0 -3.46
4 0 13.15 0 -3.13 13.87 0 -2.5 13.81 0 -2.12 13.64 0 -2.22
4 0 11.85 0 -3.73 10.41 0 -3.75 7.17 0 -4.26 13.56 0 -4.24
4 0 7.28 0 -3.83 7.17 0 -4.26 9.95 0 -3.65 7.74 0 -3.79
3 0 13.56 0 -4.24 13.87 0 -2.5 13.15 0 -3.13
3 0 13.56 0 -4.24 13.15 0 -3.13 12.46 0 -3.58
4 0 9.95 0 -3.65 9.63 0 -3.49 8.04 0 -3.44 7.74 0 -3.79
3 0 7.17 0 -4.26 10.41 0 -3.75 9.95 0 -3.65
3 0 13.56 0 -4.24 12.46 0 -3.58 11.85 0 -3.73
4 0 8.65 0 5.7 11.13 0 5.25 11.58 0 5.33 11.72 0 5.7
4 0 8.6 0 5.4 9.48 0 5.09 11.13 0 5.25 8.65 0 5.7
4 0 9.59 0 4.58 10.82 0 4.93 11.13 0 5.25 9.48 0 5.09
4 0 9.55 0 4.08 10.67 0 4.5 10.82 0 4.93 9.59 0 4.58
3 0 9.39 0 -2.19 10.67 0 4.5 9.55 0 4.08
4 0 9.55 0 4.08 8.2 0 -2.98 9.35 0 -2.96 9.39 0 -2.19
4 0 9.35 0 -2.96 8.2 0 -2.98 8.04 0 -3.44 9.44 0 -3.26
4 0 -.62 0 .77 .23 0 1.01 -.21 0 1.73 -.78 0 1.28
4 0 .42 0 .09 .23 0 1.01 -.62 0 .77 -.54 0 .23
4 0 -1.84 0 2.1 -1.65 0 1.77 -1.13 0 1.69 -.89 0 2.12
4 0 -1.84 0 2.1 -2.64 0 1.74 -2.49 0 1.11 -2.13 0 1.52
4 0 -3.1 0 -.22 -2.76 0 .65 -3.31 0 1.13 -3.85 0 .33
4 0 -4.45 0 -2.18 -3.44 0 -2.11 -3.33 0 -1.17 -4.36 0 -1.04
4 0 -3.85 0 .33 -4.36 0 -1.04 -3.33 0 -1.17 -3.1 0 -.22
4 0 -.21 0 1.73 -.89 0 2.12 -1.13 0 1.69 -.78 0 1.28
4 0 -2.64 0 1.74 -3.31 0 1.13 -2.76 0 .65 -2.49 0 1.11
4 0 -3.44 0 -2.11 -4.45 0 -2.18 -4.19 0 -3.24 -3.39 0 -2.95
3 0 -3.94 0 -3.67 -3.6 0 -4.01 -3.18 0 -3.57
4 0 -3.19 0 -4.24 -2.69 0 -4.32 -2.12 0 -4.23 -2.77 0 -3.89
4 0 -2.77 0 -3.89 -2.12 0 -4.23 -1.16 0 -3.74 -2.15 0 -3.8
4 0 -2.15 0 -3.8 -1.16 0 -3.74 -.43 0 -2.97 -1.47 0 -3.19
4 0 -.94 0 -2.21 .09 0 -2 .37 0 -.95 -.62 0 -1.13
4 0 -.62 0 -1.13 .37 0 -.95 .42 0 .09 -.54 0 .23
4 0 .09 0 -2 -.94 0 -2.21 -1.47 0 -3.19 -.43 0 -2.97
4 0 -4.19 0 -3.24 -3.94 0 -3.67 -3.18 0 -3.57 -3.39 0 -2.95
4 0 -3.6 0 -4.01 -3.19 0 -4.24 -2.77 0 -3.89 -3.18 0 -3.57
3 0 -7.15 0 1.63 -7.4 0 2.14 -7.89 0 2.1
4 0 -8.73 0 1.36 -8.66 0 1.25 -8.07 0 1.19 -8.35 0 1.73
4 0 -7.98 0 1 -7.15 0 1.11 -7.15 0 1.63 -8.07 0 1.19
4 0 -8.35 0 1.73 -8.07 0 1.19 -7.15 0 1.63 -7.89 0 2.1
4 0 -8.33 0 -1.82 -7.65 0 -.33 -7.99 0 .62 -8.51 0 -.91
3 0 -12.27 0 -7.21 -11.38 0 -6.7 -12.04 0 -6.42
4 0 -12.04 0 -6.42 -11.38 0 -6.7 -10.74 0 -6.02 -11.35 0 -5.95
4 0 -13 0 -7.28 -12.64 0 -6.45 -13.57 0 -5.93 -13.82 0 -7.04
4 0 -13 0 -7.28 -12.27 0 -7.21 -12.04 0 -6.42 -12.64 0 -6.45
4 0 -10.52 0 -4.89 -9.79 0 -4.53 -9.67 0 -3.43 -10.46 0 -4.5
4 0 -7.65 0 -.33 -7.15 0 1.11 -7.98 0 1 -7.99 0 .62
3 0 -10.79 0 -5.34 -11.35 0 -5.95 -10.74 0 -6.02
4 0 -9.79 0 -4.53 -10.52 0 -4.89 -10.79 0 -5.34 -10.74 0 -6.02
4 0 -9.79 0 -4.53 -8.33 0 -1.82 -8.51 0 -.91 -9.67 0 -3.43
4 0 -11.03 0 1.87 -11.72 0 .98 -11.19 0 -.69 -10.6 0 .64
3 0 -11.03 0 1.87 -11.27 0 2.12 -11.67 0 2.11
4 0 -13.05 0 .67 -12.25 0 1.16 -11.97 0 1.99 -12.61 0 1.35
4 0 -12.25 0 1.16 -13.05 0 .67 -13.03 0 .31 -12.87 0 .33
4 0 -11.72 0 .98 -11.03 0 1.87 -11.67 0 2.11 -11.9 0 1.25
4 0 -10.6 0 .64 -11.19 0 -.69 -10.46 0 -4.5 -9.67 0 -3.43
4 0 -11.67 0 2.11 -11.97 0 1.99 -12.25 0 1.16 -11.9 0 1.25
4 0 -15 0 3.09 -14.31 0 2.04 -14.06 0 3.41 -14.53 0 3.34
4 0 -14.36 0 1.46 -15.17 0 2.01 -16.15 0 2 -15.3 0 1.53
4 0 -16.15 0 2 -16.37 0 1.85 -16.55 0 1.54 -15.3 0 1.53
4 0 -15.17 0 -2.48 -16.15 0 -3.11 -16.13 0 -3.82 -15.22 0 -3.37
4 0 -15.22 0 -3.37 -15.57 0 -4.3 -15.14 0 -4.2 -15.1 0 -3.53
4 0 -14.86 0 -3.53 -15.1 0 -3.53 -15.14 0 -4.2 -14.69 0 -3.94
4 0 -13.82 0 -2.56 -13.95 0 -2.63 -13.96 0 -3.2 -13.79 0 -2.84
4 0 -14.69 0 -3.94 -13.96 0 -3.2 -13.95 0 -2.63 -14.86 0 -3.53
4 0 -15.92 0 -4.2 -15.57 0 -4.3 -15.22 0 -3.37 -16.13 0 -3.82
3 0 -13.03 0 1.6 -12.71 0 2.04 -13.36 0 1.51
4 0 -12.71 0 2.04 -14.31 0 2.04 -14.36 0 1.46 -13.36 0 1.51
4 0 -15 0 3.09 -15.17 0 2.01 -14.36 0 1.46 -14.31 0 2.04
4 0 -16.15 0 -3.11 -15.17 0 -2.48 -14.36 0 1.46 -15.3 0 1.53
3 0 -17.2 0 -2.76 -17.34 0 -2.58 -17.48 0 -2.63
4 0 -18.21 0 -3.87 -17.2 0 -2.76 -17.48 0 -2.63 -18.01 0 -3.2
4 0 -18.01 0 -3.2 -18.48 0 -3.4 -18.9 0 -4.26 -18.21 0 -3.87
4 0 -18.48 0 -3.4 -19.53 0 -3.97 -19.29 0 -4.27 -18.9 0 -4.26
3 0 -19.59 0 -3.42 -19.53 0 -3.97 -18.48 0 -3.4
4 0 -19.5 0 -2.71 -19.59 0 -3.42 -18.48 0 -3.4 -18.65 0 -3.08
3 0 -18.57 0 -2.65 -19.5 0 -2.71 -18.65 0 -3.08
4 0 -19.5 0 -2.71 -18.57 0 -2.65 -17.74 0 1 -18.69 0 .96
3 0 -17.74 0 1 -17.72 0 1.4 -18.69 0 .96
4 0 -17.78 0 1.79 -18.79 0 1.22 -18.69 0 .96 -17.72 0 1.4
3 0 -17.78 0 1.79 -18.02 0 2.11 -18.42 0 2.15
3 0 -19.08 0 1.72 -19.78 0 .98 -19.04 0 1.18
4 0 -19.97 0 .69 -19.84 0 .48 -19.04 0 1.18 -19.78 0 .98
4 0 -18.77 0 1.98 -18.79 0 1.22 -17.78 0 1.79 -18.42 0 2.15
4 0 -20.45 0 4.84 -21.26 0 3.88 -20.95 0 3.02 -20.74 0 3.16
4 0 -21.78 0 4.63 -21.26 0 3.88 -20.45 0 4.84 -20.95 0 5.17
4 0 -22.55 0 5.14 -21.78 0 4.63 -20.95 0 5.17 -22.31 0 5.68
4 0 -24.35 0 5.37 -23.43 0 5.37 -22.31 0 5.68 -23.75 0 5.87
4 0 -25.24 0 5.17 -24.35 0 5.37 -23.75 0 5.87 -25.19 0 5.75
4 0 -27.3 0 3.42 -26.75 0 4.16 -26.55 0 5.26 -27.7 0 4.38
4 0 -27.89 0 1.69 -29.03 0 1.83 -29.11 0 .39 -27.95 0 .78
4 0 -28.55 0 3.2 -29.03 0 1.83 -27.89 0 1.69 -27.67 0 2.58
4 0 -27.25 0 -1.85 -28.16 0 -2.32 -27.15 0 -3.36 -26.71 0 -2.59
4 0 -26.71 0 -2.59 -27.15 0 -3.36 -25.88 0 -4.06 -26.02 0 -3.2
4 0 -26.02 0 -3.2 -25.88 0 -4.06 -24.46 0 -4.34 -25.22 0 -3.63
4 0 -24.33 0 -3.85 -24.46 0 -4.34 -23.01 0 -4.29 -23.41 0 -3.84
4 0 -21.49 0 -3.94 -21.77 0 -3.08 -22.52 0 -3.6 -22.03 0 -4.13
3 0 -21.49 0 -3.94 -21.22 0 -3.58 -21.77 0 -3.08
4 0 -21.06 0 -2.43 -21.38 0 -2.56 -21.77 0 -3.08 -21.22 0 -3.58
4 0 -22.03 0 -4.13 -22.52 0 -3.6 -23.41 0 -3.84 -23.01 0 -4.29
4 0 -28.16 0 -2.32 -27.64 0 -1.02 -27.87 0 -.13 -28.82 0 -1.03
3 0 -23.43 0 5.37 -22.55 0 5.14 -22.31 0 5.68
3 0 -24.46 0 -4.34 -24.33 0 -3.85 -25.22 0 -3.63
4 0 -25.19 0 5.75 -26.55 0 5.26 -26.06 0 4.76 -25.24 0 5.17
3 0 -26.75 0 4.16 -26.06 0 4.76 -26.55 0 5.26
3 0 -28.16 0 -2.32 -27.25 0 -1.85 -27.64 0 -1.02
4 0 -27.7 0 4.38 -28.55 0 3.2 -27.67 0 2.58 -27.3 0 3.42
4 0 -28.82 0 -1.03 -27.87 0 -.13 -27.95 0 .78 -29.11 0 .39
4 0 -17.57 0 3.75 -17.31 0 4.07 -18.34 0 4.65 -18.43 0 4.21
4 0 -18.43 0 4.21 -18.32 0 3.8 -17.96 0 3.61 -17.57 0 3.75
4 0 -18.05 0 4.99 -18.34 0 4.65 -17.31 0 4.07 -17.19 0 4.5
4 0 -17.19 0 4.5 -17.25 0 4.95 -17.61 0 5.17 -18.05 0 4.99
4 16 1.21 0 -4.95 -1.16 0 -3.74 -2.12 0 -4.23 -.48 0 -6.13
4 16 -18.05 0 4.99 -17.61 0 5.17 -22.31 0 5.68 -20.95 0 5.17
4 16 26.69 0 -.77 27.86 0 -.62 28.53 0 -.2 27.12 0 .41
3 16 17.66 0 -3.06 17.94 0 -2.61 15.65 0 -1.62
4 16 29.87 0 .46 80 0 -10 80 0 10 29.89 0 1.02
3 16 -28.82 0 -1.03 -29.11 0 .39 -80 0 -10
4 16 80 0 -10 29.87 0 .46 29.61 0 -.09 29.36 0 -2.54
4 16 29.61 0 -.09 29.11 0 -.59 29.04 0 -2.37 29.36 0 -2.54
3 16 -28.16 0 -2.32 -28.82 0 -1.03 -80 0 -10
3 16 -27.15 0 -3.36 -28.16 0 -2.32 -80 0 -10
3 16 28.34 0 -.97 26.6 0 -1.2 26.45 0 -1.97
4 16 26.53 0 -2.92 26.7 0 -3.35 27.04 0 -3.64 27.5 0 -3.7
4 16 27.5 0 -3.7 27.93 0 -3.57 28.31 0 -3.31 26.53 0 -2.92
4 16 29.11 0 -.59 28.34 0 -.97 28.31 0 -3.31 29.04 0 -2.37
4 16 26.53 0 -2.92 28.31 0 -3.31 28.34 0 -.97 26.45 0 -1.97
3 16 -25.88 0 -4.06 -27.15 0 -3.36 -80 0 -10
4 16 -13.82 0 -7.04 -24.46 0 -4.34 -25.88 0 -4.06 -80 0 -10
3 16 -23.01 0 -4.29 -24.46 0 -4.34 -13.82 0 -7.04
3 16 80 0 -10 29.36 0 -2.54 28.87 0 -3.31
4 16 -23.41 0 -3.84 -22.52 0 -3.6 -21.77 0 -3.08 -21.38 0 -2.56
4 16 -25.22 0 -3.63 -24.33 0 -3.85 -23.41 0 -3.84 -21.38 0 -2.56
4 16 -26.71 0 -2.59 -26.02 0 -3.2 -25.22 0 -3.63 -21.38 0 -2.56
4 16 -27.64 0 -1.02 -27.25 0 -1.85 -26.71 0 -2.59 -21.38 0 -2.56
4 16 -19.97 0 .69 -27.87 0 -.13 -27.64 0 -1.02 -21.38 0 -2.56
4 16 -21.38 0 -2.56 -21.06 0 -2.43 -19.84 0 .48 -19.97 0 .69
4 16 -18.79 0 1.22 -19.04 0 1.18 -19.84 0 .48 -18.69 0 .96
4 16 -21.06 0 -2.43 -19.5 0 -2.71 -18.69 0 .96 -19.84 0 .48
4 16 -21.22 0 -3.58 -19.59 0 -3.42 -19.5 0 -2.71 -21.06 0 -2.43
4 16 -21.49 0 -3.94 -19.53 0 -3.97 -19.59 0 -3.42 -21.22 0 -3.58
4 16 -19.53 0 -3.97 -21.49 0 -3.94 -22.03 0 -4.13 -19.29 0 -4.27
4 16 -13.82 0 -7.04 -19.29 0 -4.27 -22.03 0 -4.13 -23.01 0 -4.29
3 16 80 0 -10 28.87 0 -3.31 28.3 0 -3.83
3 16 80 0 -10 28.3 0 -3.83 27.64 0 -4.23
3 16 -18.9 0 -4.26 -19.29 0 -4.27 -13.82 0 -7.04
4 16 -.15 0 -7.15 80 0 -10 27.64 0 -4.23 26.88 0 -4.29
4 16 -17.2 0 -2.76 -18.21 0 -3.87 -15.92 0 -4.2 -16.13 0 -3.82
4 16 -13.82 0 -7.04 -15.92 0 -4.2 -18.21 0 -3.87 -18.9 0 -4.26
4 16 25.34 0 .29 24.9 0 -.68 25.63 0 -1.25 26.14 0 .07
4 16 25.52 0 -2.6 25.63 0 -1.25 24.9 0 -.68 24.31 0 -1.69
4 16 25.72 0 -3.34 25.52 0 -2.6 24.31 0 -1.69 23.62 0 -2.65
4 16 23.62 0 -2.65 22.89 0 -3.46 26.18 0 -3.96 25.72 0 -3.34
4 16 26.88 0 -4.29 26.18 0 -3.96 22.89 0 -3.46 22.16 0 -4.04
3 16 26.88 0 -4.29 22.16 0 -4.04 21.5 0 -4.29
4 16 -13.57 0 -5.93 -15.57 0 -4.3 -15.92 0 -4.2 -13.82 0 -7.04
4 16 26.88 0 -4.29 21.5 0 -4.29 16.53 0 -4.3 -.15 0 -7.15
3 16 -14.86 0 -3.53 -13.95 0 -2.63 -15.17 0 -2.48
4 16 -15.1 0 -3.53 -14.86 0 -3.53 -15.17 0 -2.48 -15.22 0 -3.37
3 16 -14.36 0 1.46 -15.17 0 -2.48 -13.03 0 .31
4 16 -13.36 0 1.51 -14.36 0 1.46 -13.03 0 .31 -13.05 0 .67
4 16 -11.97 0 1.99 -12.71 0 2.04 -13.03 0 1.6 -12.61 0 1.35
4 16 -13.03 0 .31 -15.17 0 -2.48 -13.95 0 -2.63 -13.82 0 -2.56
4 16 -13.36 0 1.51 -13.05 0 .67 -12.61 0 1.35 -13.03 0 1.6
4 16 -11.19 0 -.69 -12.87 0 .33 -13.03 0 .31 -13.82 0 -2.56
3 16 -11.9 0 1.25 -12.25 0 1.16 -11.72 0 .98
4 16 -12.25 0 1.16 -12.87 0 .33 -11.19 0 -.69 -11.72 0 .98
3 16 -10.52 0 -4.89 -10.46 0 -4.5 -10.79 0 -5.34
4 16 -13.82 0 -2.56 -13.79 0 -2.84 -10.46 0 -4.5 -11.19 0 -.69
4 16 -10.79 0 -5.34 -10.46 0 -4.5 -13.79 0 -2.84 -13.96 0 -3.2
3 16 -12.64 0 -6.45 -12.04 0 -6.42 -11.35 0 -5.95
4 16 -10.79 0 -5.34 -13.57 0 -5.93 -12.64 0 -6.45 -11.35 0 -5.95
4 16 -10.79 0 -5.34 -13.96 0 -3.2 -14.69 0 -3.94 -13.57 0 -5.93
3 16 -13.57 0 -5.93 -14.69 0 -3.94 -15.14 0 -4.2
3 16 -13.57 0 -5.93 -15.14 0 -4.2 -15.57 0 -4.3
4 16 19.13 0 -2 20.58 0 -2.56 21.16 0 -.12 19.42 0 -.95
4 16 20.16 0 .33 19.47 0 .08 19.42 0 -.95 21.16 0 -.12
4 16 18.62 0 -2.97 20.51 0 -3.28 20.58 0 -2.56 19.13 0 -2
3 16 20.6 0 -3.86 20.51 0 -3.28 18.62 0 -2.97
4 16 18.62 0 -2.97 17.89 0 -3.74 20.91 0 -4.22 20.6 0 -3.86
3 16 20.91 0 -4.22 17.89 0 -3.74 17.24 0 -4.11
4 16 21.5 0 -4.29 20.91 0 -4.22 17.24 0 -4.11 16.53 0 -4.3
3 16 -13 0 -7.28 -13.82 0 -7.04 -80 0 -10
3 16 14.81 0 -3.16 14.61 0 -2.45 13.87 0 -2.5
4 16 15.2 0 -3.77 14.81 0 -3.16 13.87 0 -2.5 13.56 0 -4.24
3 16 7.17 0 -4.26 2.25 0 -3.84 1.89 0 -4.8
3 16 15.81 0 -4.19 15.2 0 -3.77 13.56 0 -4.24
3 16 7.17 0 -4.26 1.89 0 -4.8 1.36 0 -5.82
3 16 7.17 0 -4.26 1.36 0 -5.82 .67 0 -6.67
3 16 16.53 0 -4.3 15.81 0 -4.19 13.56 0 -4.24
3 16 -12.27 0 -7.21 -13 0 -7.28 -.61 0 -7.18
4 16 -80 0 -10 80 0 -10 -.61 0 -7.18 -13 0 -7.28
4 16 16.53 0 -4.3 13.56 0 -4.24 .27 0 -6.97 -.15 0 -7.15
4 16 13.56 0 -4.24 7.17 0 -4.26 .67 0 -6.67 .27 0 -6.97
4 16 -3.31 0 1.13 -7.15 0 1.63 -7.15 0 1.11 -3.85 0 .33
4 16 -3.85 0 .33 -7.15 0 1.11 -7.65 0 -.33 -4.36 0 -1.04
4 16 -4.36 0 -1.04 -7.65 0 -.33 -8.33 0 -1.82 -4.45 0 -2.18
4 16 -9.79 0 -4.53 -4.19 0 -3.24 -4.45 0 -2.18 -8.33 0 -1.82
3 16 -4.19 0 -3.24 -9.79 0 -4.53 -3.94 0 -3.67
3 16 -3.94 0 -3.67 -9.79 0 -4.53 -3.6 0 -4.01
4 16 -3.19 0 -4.24 -10.74 0 -6.02 -11.38 0 -6.7 -.61 0 -7.18
4 16 -9.79 0 -4.53 -10.74 0 -6.02 -3.19 0 -4.24 -3.6 0 -4.01
3 16 -11.38 0 -6.7 -12.27 0 -7.21 -.61 0 -7.18
3 16 80 0 -10 -.15 0 -7.15 -.61 0 -7.18
4 16 -.61 0 -7.18 -.64 0 -6.71 -2.69 0 -4.32 -3.19 0 -4.24
4 16 -2.12 0 -4.23 -2.69 0 -4.32 -.64 0 -6.71 -.48 0 -6.13
4 16 -.01 0 -6.4 .35 0 -6.35 .78 0 -5.91 -.48 0 -6.13
3 16 .78 0 -5.91 1.21 0 -4.95 -.48 0 -6.13
4 16 1.95 0 -1.51 .09 0 -2 -.43 0 -2.97 1.21 0 -4.95
3 16 1.95 0 -1.51 .37 0 -.95 .09 0 -2
3 16 1.21 0 -4.95 -.43 0 -2.97 -1.16 0 -3.74
4 16 -80 0 -10 -29.11 0 .39 -29.03 0 1.83 -80 0 10
3 16 -80 0 10 -29.03 0 1.83 -28.55 0 3.2
3 16 5.48 0 6.51 5.87 0 6.49 80 0 10
3 16 -80 0 10 -28.55 0 3.2 -27.7 0 4.38
3 16 -80 0 10 -27.7 0 4.38 -26.55 0 5.26
4 16 80 0 10 -80 0 10 -23.75 0 5.87 5.48 0 6.51
3 16 4.23 0 5.99 4.79 0 6.35 -17.61 0 5.17
3 16 5.48 0 6.51 -23.75 0 5.87 -22.31 0 5.68
3 16 -80 0 10 -26.55 0 5.26 -25.19 0 5.75
3 16 -80 0 10 -25.19 0 5.75 -23.75 0 5.87
4 16 4.79 0 6.35 5.48 0 6.51 -22.31 0 5.68 -17.61 0 5.17
4 16 -17.19 0 4.5 2.99 0 4.15 3.27 0 4.77 -17.25 0 4.95
3 16 3.27 0 4.77 3.77 0 5.53 -17.25 0 4.95
4 16 3.77 0 5.53 4.23 0 5.99 -17.61 0 5.17 -17.25 0 4.95
4 16 -18.34 0 4.65 -18.05 0 4.99 -20.95 0 5.17 -20.45 0 4.84
4 16 5.12 0 5.96 4.77 0 5.91 5.41 0 5.39 5.35 0 5.81
4 16 3.93 0 4.84 5.41 0 5.39 4.77 0 5.91 4.36 0 5.6
4 16 3.64 0 3.87 5.56 0 5.31 5.41 0 5.39 3.93 0 4.84
4 16 3.38 0 2.04 4.81 0 2.02 5.56 0 5.31 3.64 0 3.87
4 16 3.28 0 1.49 2.68 0 -2.14 7.28 0 -3.83 4.68 0 1.53
4 16 2.25 0 -3.84 7.17 0 -4.26 7.28 0 -3.83 2.68 0 -2.14
3 16 4.81 0 2.02 4.68 0 1.53 9.55 0 4.08
4 16 9.55 0 4.08 4.68 0 1.53 7.28 0 -3.83 8.2 0 -2.98
3 16 5.87 0 6.49 5.78 0 5.78 8.65 0 5.7
4 16 80 0 10 5.87 0 6.49 8.65 0 5.7 11.72 0 5.7
4 16 8.65 0 5.7 5.78 0 5.78 5.56 0 5.31 8.6 0 5.4
4 16 8.6 0 5.4 5.56 0 5.31 4.81 0 2.02 9.55 0 4.08
4 16 7.74 0 -3.79 8.04 0 -3.44 8.2 0 -2.98 7.28 0 -3.83
4 16 9.55 0 4.08 9.59 0 4.58 9.48 0 5.09 8.6 0 5.4
3 16 29.72 0 1.54 29.89 0 1.02 80 0 10
3 16 29.37 0 1.94 29.72 0 1.54 80 0 10
3 16 28.87 0 2.13 29.37 0 1.94 80 0 10
3 16 28.87 0 2.13 80 0 10 11.72 0 5.7
4 16 25.34 0 .29 26.14 0 .07 26.92 0 1.19 25.55 0 1.14
4 16 25.55 0 1.14 26.92 0 1.19 27.7 0 1.84 25.5 0 1.78
4 16 25.5 0 1.78 27.7 0 1.84 28.33 0 2.1 25.13 0 2.12
4 16 28.33 0 2.1 28.87 0 2.13 11.72 0 5.7 25.13 0 2.12
4 16 10.67 0 4.5 11.58 0 5.33 11.13 0 5.25 10.82 0 4.93
4 16 21.91 0 2.13 24.84 0 2.1 25.13 0 2.12 11.72 0 5.7
3 16 21.91 0 2.13 11.72 0 5.7 21.67 0 2.12
4 16 10.67 0 4.5 9.39 0 -2.19 13.64 0 -2.22 14.98 0 -.1
4 16 9.95 0 -3.65 9.35 0 -2.96 9.44 0 -3.26 9.63 0 -3.49
4 16 9.39 0 -2.19 9.35 0 -2.96 9.95 0 -3.65 10.41 0 -3.75
4 16 13.15 0 -3.13 13.64 0 -2.22 11.85 0 -3.73 12.46 0 -3.58
4 16 14.63 0 -1.32 13.81 0 -2.12 13.87 0 -2.5 14.61 0 -2.45
4 16 10.41 0 -3.75 11.85 0 -3.73 13.64 0 -2.22 9.39 0 -2.19
4 16 15.97 0 1.39 11.58 0 5.33 10.67 0 4.5 15.44 0 .75
4 16 21.91 0 2.13 22.1 0 2.03 24.39 0 1.85 24.84 0 2.1
3 16 10.67 0 4.5 14.98 0 -.1 15.44 0 .75
4 16 13.64 0 -2.22 13.81 0 -2.12 14.63 0 -1.32 14.98 0 -.1
3 16 24.56 0 1.05 24.33 0 1.23 24.56 0 .72
4 16 24.32 0 -.26 24.56 0 .72 24.33 0 1.23 24.01 0 1.17
4 16 22.24 0 .93 21.46 0 -2.82 22.47 0 -3.29 23.35 0 -2.26
4 16 24.01 0 1.17 22.24 0 .93 23.35 0 -2.26 24.32 0 -.26
4 16 22.47 0 -3.29 21.46 0 -2.82 21.53 0 -3.55 22 0 -3.54
4 16 22.23 0 1.81 22.24 0 .93 24.01 0 1.17 23.9 0 1.4
4 16 22.1 0 2.03 22.23 0 1.81 23.9 0 1.4 24.39 0 1.85
4 16 11.72 0 5.7 11.58 0 5.33 15.97 0 1.39 16.63 0 1.88
4 16 21.67 0 2.12 11.72 0 5.7 17.42 0 2.15 18.24 0 2.09
3 16 16.63 0 1.88 17.42 0 2.15 11.72 0 5.7
4 16 21.67 0 2.12 18.24 0 2.09 18.93 0 1.63 21.09 0 1.8
4 16 21.09 0 1.8 18.93 0 1.63 19.31 0 .9 20.19 0 .82
4 16 20.77 0 .95 20.16 0 .33 21.16 0 -.12 21.27 0 .57
3 16 21.27 0 .57 21.24 0 1.08 20.77 0 .95
3 16 20.16 0 .33 20.1 0 .55 19.47 0 .08
4 16 20.19 0 .82 19.31 0 .9 19.47 0 .08 20.1 0 .55
4 16 29.08 0 1.19 28.89 0 1.59 28.59 0 1.75 28.28 0 1.72
4 16 29.08 0 1.19 28.28 0 1.72 27.66 0 1.23 29.03 0 .72
4 16 29.03 0 .72 27.66 0 1.23 27.12 0 .41 28.53 0 -.2
3 16 18.23 0 -1.91 18.5 0 -.61 15.85 0 -.56
4 16 15.85 0 -.56 18.5 0 -.61 18.49 0 .35 16.21 0 .47
4 16 18.11 0 1.52 17.17 0 1.67 16.79 0 1.38 18.29 0 1.21
4 16 17.86 0 1.72 17.55 0 1.78 17.17 0 1.67 18.11 0 1.52
4 16 18.29 0 1.21 16.79 0 1.38 16.21 0 .47 18.49 0 .35
4 16 15.85 0 -.56 15.65 0 -1.62 17.94 0 -2.61 18.23 0 -1.91
4 16 16.92 0 -3.77 17.34 0 -3.46 15.6 0 -2.7 15.7 0 -3.21
4 16 16.42 0 -3.89 16.92 0 -3.77 15.7 0 -3.21 15.95 0 -3.67
4 16 15.65 0 -1.62 15.6 0 -2.7 17.34 0 -3.46 17.66 0 -3.06
4 16 .37 0 -.95 1.95 0 -1.51 2.36 0 1.53 .42 0 .09
4 16 .23 0 1.01 .42 0 .09 2.36 0 1.53 1.43 0 1.54
3 16 1.63 0 2.03 2.47 0 2.05 2.68 0 3.14
4 16 -.21 0 1.73 1.63 0 2.03 2.68 0 3.14 -.89 0 2.12
4 16 -1.84 0 2.1 -.89 0 2.12 2.68 0 3.14 2.99 0 4.15
4 16 .23 0 1.01 1.43 0 1.54 1.63 0 2.03 -.21 0 1.73
4 16 -7.4 0 2.14 2.99 0 4.15 -17.19 0 4.5 -14.06 0 3.41
4 16 -14.53 0 3.34 -17.19 0 4.5 -17.31 0 4.07 -15 0 3.09
3 16 -14.06 0 3.41 -17.19 0 4.5 -14.53 0 3.34
4 16 -16.37 0 1.85 -16.15 0 2 -17.31 0 4.07 -17.57 0 3.75
4 16 -7.15 0 1.63 -3.31 0 1.13 -2.64 0 1.74 -7.4 0 2.14
3 16 -7.4 0 2.14 -2.64 0 1.74 -1.84 0 2.1
3 16 -7.4 0 2.14 -1.84 0 2.1 2.99 0 4.15
3 16 -18.43 0 4.21 -18.34 0 4.65 -20.45 0 4.84
4 16 -20.45 0 4.84 -20.74 0 3.16 -18.32 0 3.8 -18.43 0 4.21
3 16 -20.95 0 3.02 -21.26 0 3.88 -23.43 0 5.37
4 16 -23.43 0 5.37 -21.26 0 3.88 -21.78 0 4.63 -22.55 0 5.14
4 16 -19.78 0 .98 -19.08 0 1.72 -20.74 0 3.16 -20.95 0 3.02
4 16 -17.96 0 3.61 -18.32 0 3.8 -18.77 0 1.98 -18.42 0 2.15
4 16 -25.24 0 5.17 -20.95 0 3.02 -23.43 0 5.37 -24.35 0 5.37
3 16 -25.24 0 5.17 -26.06 0 4.76 -20.95 0 3.02
4 16 -26.06 0 4.76 -26.75 0 4.16 -27.3 0 3.42 -20.95 0 3.02
3 16 -27.3 0 3.42 -27.67 0 2.58 -20.95 0 3.02
4 16 -27.67 0 2.58 -27.89 0 1.69 -27.95 0 .78 -20.95 0 3.02
4 16 -27.95 0 .78 -27.87 0 -.13 -19.97 0 .69 -20.95 0 3.02
3 16 -19.97 0 .69 -19.78 0 .98 -20.95 0 3.02
4 16 -18.32 0 3.8 -20.74 0 3.16 -19.08 0 1.72 -18.77 0 1.98
4 16 -7.99 0 .62 -7.98 0 1 -8.07 0 1.19 -8.66 0 1.25
3 16 -8.51 0 -.91 -7.99 0 .62 -8.66 0 1.25
3 16 -10.6 0 .64 -9.67 0 -3.43 -8.51 0 -.91
4 16 -8.73 0 1.36 -10.6 0 .64 -8.51 0 -.91 -8.66 0 1.25
4 16 -10.6 0 .64 -8.73 0 1.36 -8.35 0 1.73 -11.03 0 1.87
4 16 -11.03 0 1.87 -8.35 0 1.73 -7.89 0 2.1 -11.27 0 2.12
3 16 -12.71 0 2.04 -11.97 0 1.99 -11.67 0 2.11
4 16 -11.27 0 2.12 -7.89 0 2.1 -7.4 0 2.14 -14.06 0 3.41
4 16 -11.67 0 2.11 -14.06 0 3.41 -14.31 0 2.04 -12.71 0 2.04
3 16 -14.06 0 3.41 -11.67 0 2.11 -11.27 0 2.12
4 16 -18.42 0 2.15 -18.02 0 2.11 -17.57 0 3.75 -17.96 0 3.61
4 16 -17.78 0 1.79 -16.37 0 1.85 -17.57 0 3.75 -18.02 0 2.11
4 16 -16.37 0 1.85 -17.78 0 1.79 -17.72 0 1.4 -16.55 0 1.54
4 16 -18.48 0 -3.4 -18.01 0 -3.2 -18.57 0 -2.65 -18.65 0 -3.08
3 16 -17.48 0 -2.63 -18.57 0 -2.65 -18.01 0 -3.2
3 16 -18.57 0 -2.65 -17.48 0 -2.63 -17.34 0 -2.58
4 16 -16.13 0 -3.82 -16.15 0 -3.11 -17.34 0 -2.58 -17.2 0 -2.76
3 16 -17.72 0 1.4 -17.74 0 1 -16.55 0 1.54
4 16 -18.57 0 -2.65 -17.34 0 -2.58 -16.55 0 1.54 -17.74 0 1
4 16 -16.15 0 -3.11 -15.3 0 1.53 -16.55 0 1.54 -17.34 0 -2.58
4 16 -15.17 0 2.01 -15 0 3.09 -17.31 0 4.07 -16.15 0 2
4 16 -2.76 0 .65 -3.1 0 -.22 -.62 0 -1.13 -.54 0 .23
4 16 -.62 0 .77 -2.49 0 1.11 -2.76 0 .65 -.54 0 .23
4 16 -2.49 0 1.11 -.62 0 .77 -.78 0 1.28 -2.13 0 1.52
4 16 -1.13 0 1.69 -1.65 0 1.77 -2.13 0 1.52 -.78 0 1.28
4 16 -.94 0 -2.21 -.62 0 -1.13 -3.1 0 -.22 -3.33 0 -1.17
4 16 -3.33 0 -1.17 -3.44 0 -2.11 -1.47 0 -3.19 -.94 0 -2.21
4 16 -2.77 0 -3.89 -2.15 0 -3.8 -3.39 0 -2.95 -3.18 0 -3.57
4 16 -3.44 0 -2.11 -3.39 0 -2.95 -2.15 0 -3.8 -1.47 0 -3.19