0 Dish  6 x  6 Inverted with Solid Studs with Labels on Dark Turquoise Background Pattern
0 Name: 44375bp02.dat
0 Author: Gerald Lasser [GeraldLasser]
0 !LDRAW_ORG Part UPDATE 2026-05
0 !LICENSE Licensed under CC BY 4.0 : see CAreadme.txt

0 BFC CERTIFY CCW

0 !KEYWORDS Bricklink 44375bpb16, Brickowl 663504, Brickset 69603, Monkie Kid
0 !KEYWORDS Rebrickable 44375bpr0011, Set 80015

0 !HISTORY 2023-10-25 [Holly-Wood] Rotated to sync stud logo orientation, sanded pattern, shortened description
0 !HISTORY 2025-07-08 [GeraldLasser] corrected colour
0 !HISTORY 2026-05-31 [OrionP] Official Update 2026-05

1 16 0 0 0 1 0 0 0 1 0 0 0 1 s\44375s01.dat
1 16 0 0 0 0 0 1 0 1 0 -1 0 0 stug-2x2.dat
1 16 0 0 0 1 0 0 0 1 0 0 0 1 s\44375s03.dat

4 16 0 0 20 2.61 0 19.828 3.52421 1.05019 26.76901 0 1.05 27
4 16 -2.61 0 19.828 0 0 20 0 1.05 27 -3.52421 1.05019 26.76901
4 16 -5.176 0 19.318 -2.61 0 19.828 -3.52421 1.05019 26.76901 -6.98811 1.05012 26.08
4 16 -7.654 0 18.478 -5.176 0 19.318 -6.98811 1.05012 26.08 -10.33245 1.0499 24.94475
4 16 -10 0 17.32 -7.654 0 18.478 -10.33245 1.0499 24.94475 -11.52028 1.04997 24.35897
4 16 -12.176 0 15.868 -10 0 17.32 -13.5 1.05009 23.38269 -16.43656 1.04976 21.42054
4 16 -14.142 0 14.142 -12.176 0 15.868 -16.43656 1.04976 21.42054 -19.09188 1.05004 19.09188
4 16 -15.868 0 12.176 -14.142 0 14.142 -19.09188 1.05004 19.09188 -21.42054 1.04975 16.43656
4 16 -17.32 0 10 -15.868 0 12.176 -21.42054 1.04975 16.43656 -23.38269 1.05009 13.5
4 16 -18.478 0 7.654 -17.32 0 10 -23.38269 1.05009 13.5 -24.94475 1.0499 10.33245
4 16 -19.318 0 5.176 -18.478 0 7.654 -24.94475 1.0499 10.33245 -26.08 1.05012 6.98811
4 16 -19.828 0 2.61 -19.318 0 5.176 -26.08 1.05012 6.98811 -26.76901 1.0502 3.52421
4 16 -20 0 0 -19.828 0 2.61 -26.76901 1.0502 3.52421 -27 1.05 0
4 16 -19.828 0 -2.61 -20 0 0 -27 1.05 0 -26.76901 1.05019 -3.52421
4 16 -19.318 0 -5.176 -19.828 0 -2.61 -26.76901 1.05019 -3.52421 -26.08 1.05012 -6.98811
4 16 -18.478 0 -7.654 -19.318 0 -5.176 -26.08 1.05012 -6.98811 -24.94475 1.0499 -10.33245
4 16 -17.32 0 -10 -18.478 0 -7.654 -24.94475 1.0499 -10.33245 -23.38269 1.05009 -13.5
4 16 -15.868 0 -12.176 -17.32 0 -10 -23.38269 1.05009 -13.5 -21.42054 1.04976 -16.43656
4 16 -14.142 0 -14.142 -15.868 0 -12.176 -21.42054 1.04976 -16.43656 -19.09188 1.05004 -19.09188
4 16 -12.176 0 -15.868 -14.142 0 -14.142 -19.09188 1.05004 -19.09188 -16.43656 1.04975 -21.42054
4 16 -10 0 -17.32 -12.176 0 -15.868 -16.43656 1.04975 -21.42054 -13.5 1.05009 -23.38269
4 16 -7.654 0 -18.478 -10 0 -17.32 -13.5 1.05009 -23.38269 -10.33245 1.0499 -24.94475
4 16 -5.176 0 -19.318 -7.654 0 -18.478 -10.33245 1.0499 -24.94475 -6.98811 1.05012 -26.08
4 16 -2.61 0 -19.828 -5.176 0 -19.318 -6.98811 1.05012 -26.08 -3.52421 1.0502 -26.76901
4 16 0 0 -20 -2.61 0 -19.828 -3.52421 1.0502 -26.76901 0 1.05 -27
4 16 2.61 0 -19.828 0 0 -20 0 1.05 -27 3.52421 1.05019 -26.76901
4 16 5.176 0 -19.318 2.61 0 -19.828 3.52421 1.05019 -26.76901 6.98811 1.05012 -26.08
4 16 7.654 0 -18.478 5.176 0 -19.318 6.98811 1.05012 -26.08 10.33245 1.0499 -24.94475
4 16 10 0 -17.32 7.654 0 -18.478 10.33245 1.0499 -24.94475 13.5 1.05009 -23.38269
4 16 12.176 0 -15.868 10 0 -17.32 13.5 1.05009 -23.38269 16.43656 1.04976 -21.42054
4 16 14.142 0 -14.142 12.176 0 -15.868 16.43656 1.04976 -21.42054 19.09188 1.05004 -19.09188
4 16 15.868 0 -12.176 14.142 0 -14.142 19.09188 1.05004 -19.09188 21.42054 1.04975 -16.43656
4 16 17.32 0 -10 15.868 0 -12.176 21.42054 1.04975 -16.43656 23.38269 1.05009 -13.5
4 16 18.478 0 -7.654 17.32 0 -10 23.38269 1.05009 -13.5 24.94475 1.0499 -10.33245
4 16 19.318 0 -5.176 18.478 0 -7.654 24.94475 1.0499 -10.33245 26.08 1.05012 -6.98811
4 16 19.828 0 -2.61 19.318 0 -5.176 26.08 1.05012 -6.98811 26.76901 1.0502 -3.52421
4 16 20 0 0 19.828 0 -2.61 26.76901 1.0502 -3.52421 27 1.05 0
4 16 19.828 0 2.61 20 0 0 27 1.05 0 26.76901 1.05019 3.52421
4 16 19.318 0 5.176 19.828 0 2.61 26.76901 1.05019 3.52421 26.08 1.05012 6.98811
4 16 18.478 0 7.654 19.318 0 5.176 26.08 1.05012 6.98811 24.94475 1.0499 10.33245
4 16 17.32 0 10 18.478 0 7.654 24.94475 1.0499 10.33245 23.38269 1.05009 13.5
4 16 15.868 0 12.176 17.32 0 10 23.38269 1.05009 13.5 21.42054 1.04976 16.43656
4 16 14.142 0 14.142 15.868 0 12.176 21.42054 1.04976 16.43656 19.09188 1.05004 19.09188
4 16 12.176 0 15.868 14.142 0 14.142 19.09188 1.05004 19.09188 16.43656 1.04975 21.42054
4 16 10 0 17.32 12.176 0 15.868 16.43656 1.04975 21.42054 13.5 1.05009 23.38269
4 16 7.654 0 18.478 10 0 17.32 13.5 1.05009 23.38269 10.33245 1.0499 24.94475
4 16 5.176 0 19.318 7.654 0 18.478 10.33245 1.0499 24.94475 6.98811 1.05012 26.08
4 16 2.61 0 19.828 5.176 0 19.318 6.98811 1.05012 26.08 3.52421 1.05019 26.76901
4 3 -3.52421 1.05019 26.76901 0 1.05 27 0 3 40 -5.22 3 39.656
4 3 -19.09188 1.05004 19.09188 -16.43656 1.04976 21.42054 -24.352 3 31.736 -28.284 3 28.284
4 3 -21.42054 1.04975 16.43656 -19.09188 1.05004 19.09188 -28.284 3 28.284 -31.736 3 24.352
4 3 -23.38269 1.05009 13.5 -21.42054 1.04975 16.43656 -31.736 3 24.352 -34.64 3 20
4 3 -24.94475 1.0499 10.33245 -23.38269 1.05009 13.5 -34.64 3 20 -36.956 3 15.308
4 3 -26.08 1.05012 6.98811 -24.94475 1.0499 10.33245 -36.956 3 15.308 -38.636 3 10.352
4 3 -26.76901 1.0502 3.52421 -26.08 1.05012 6.98811 -38.636 3 10.352 -39.656 3 5.22
4 3 -27 1.05 0 -26.76901 1.0502 3.52421 -39.656 3 5.22 -40 3 0
4 3 -26.76901 1.05019 -3.52421 -27 1.05 0 -40 3 0 -39.656 3 -5.22
4 3 -26.08 1.05012 -6.98811 -26.76901 1.05019 -3.52421 -39.656 3 -5.22 -38.636 3 -10.352
4 3 -24.94475 1.0499 -10.33245 -26.08 1.05012 -6.98811 -38.636 3 -10.352 -36.956 3 -15.308
4 3 -23.38269 1.05009 -13.5 -24.94475 1.0499 -10.33245 -36.956 3 -15.308 -34.64 3 -20
4 3 -21.42054 1.04976 -16.43656 -23.38269 1.05009 -13.5 -34.64 3 -20 -31.736 3 -24.352
4 3 -19.09188 1.05004 -19.09188 -21.42054 1.04976 -16.43656 -31.736 3 -24.352 -28.284 3 -28.284
4 3 -16.43656 1.04975 -21.42054 -19.09188 1.05004 -19.09188 -28.284 3 -28.284 -24.352 3 -31.736
4 3 -13.5 1.05009 -23.38269 -16.43656 1.04975 -21.42054 -24.352 3 -31.736 -20 3 -34.64
4 3 -10.33245 1.0499 -24.94475 -13.5 1.05009 -23.38269 -20 3 -34.64 -15.308 3 -36.956
4 3 -6.98811 1.05012 -26.08 -10.33245 1.0499 -24.94475 -15.308 3 -36.956 -10.352 3 -38.636
4 3 13.5 1.05009 -23.38269 10.33245 1.0499 -24.94475 15.308 3 -36.956 20 3 -34.64
4 3 16.43656 1.04976 -21.42054 13.5 1.05009 -23.38269 20 3 -34.64 24.352 3 -31.736
4 3 19.09188 1.05004 -19.09188 16.43656 1.04976 -21.42054 24.352 3 -31.736 28.284 3 -28.284
4 3 21.42054 1.04975 -16.43656 19.09188 1.05004 -19.09188 28.284 3 -28.284 31.736 3 -24.352
4 3 23.38269 1.05009 -13.5 21.42054 1.04975 -16.43656 31.736 3 -24.352 34.64 3 -20
4 3 24.94475 1.0499 -10.33245 23.38269 1.05009 -13.5 34.64 3 -20 36.956 3 -15.308
4 3 26.08 1.05012 -6.98811 24.94475 1.0499 -10.33245 36.956 3 -15.308 38.636 3 -10.352
4 3 26.76901 1.0502 -3.52421 26.08 1.05012 -6.98811 38.636 3 -10.352 39.656 3 -5.22
4 3 27 1.05 0 26.76901 1.0502 -3.52421 39.656 3 -5.22 40 3 0
4 3 26.76901 1.05019 3.52421 27 1.05 0 40 3 0 39.656 3 5.22
4 3 26.08 1.05012 6.98811 26.76901 1.05019 3.52421 39.656 3 5.22 38.636 3 10.352
4 3 24.94475 1.0499 10.33245 26.08 1.05012 6.98811 38.636 3 10.352 36.956 3 15.308
4 3 23.38269 1.05009 13.5 24.94475 1.0499 10.33245 36.956 3 15.308 34.64 3 20
4 3 21.42054 1.04976 16.43656 23.38269 1.05009 13.5 34.64 3 20 31.736 3 24.352
4 3 19.09188 1.05004 19.09188 21.42054 1.04976 16.43656 31.736 3 24.352 28.284 3 28.284
4 3 16.43656 1.04975 21.42054 19.09188 1.05004 19.09188 28.284 3 28.284 24.352 3 31.736
4 3 -5.22 3 39.656 0 3 40 0 6 50 -6.525 6 49.57
4 3 -10.352 3 38.636 -5.22 3 39.656 -6.525 6 49.57 -12.94 6 48.295
4 3 -15.308 3 36.956 -10.352 3 38.636 -12.94 6 48.295 -19.135 6 46.195
4 3 -28.284 3 28.284 -24.352 3 31.736 -30.44 6 39.67 -35.355 6 35.355
4 3 -31.736 3 24.352 -28.284 3 28.284 -35.355 6 35.355 -39.67 6 30.44
4 3 -34.64 3 20 -31.736 3 24.352 -39.67 6 30.44 -43.3 6 25
4 3 -36.956 3 15.308 -34.64 3 20 -43.3 6 25 -46.195 6 19.135
4 3 -38.636 3 10.352 -36.956 3 15.308 -46.195 6 19.135 -48.295 6 12.94
4 3 -39.656 3 5.22 -38.636 3 10.352 -48.295 6 12.94 -49.57 6 6.525
4 3 -40 3 0 -39.656 3 5.22 -49.57 6 6.525 -50 6 0
4 3 -39.656 3 -5.22 -40 3 0 -50 6 0 -49.57 6 -6.525
4 3 -38.636 3 -10.352 -39.656 3 -5.22 -49.57 6 -6.525 -48.295 6 -12.94
4 3 -36.956 3 -15.308 -38.636 3 -10.352 -48.295 6 -12.94 -46.195 6 -19.135
4 3 -34.64 3 -20 -36.956 3 -15.308 -46.195 6 -19.135 -43.3 6 -25
4 3 -31.736 3 -24.352 -34.64 3 -20 -43.3 6 -25 -39.67 6 -30.44
4 3 -28.284 3 -28.284 -31.736 3 -24.352 -39.67 6 -30.44 -31.56 4.39442 -31.58
4 3 -20 3 -34.64 -24.352 3 -31.736 -30.44 6 -39.67 -25 6 -43.3
4 3 -15.308 3 -36.956 -20 3 -34.64 -25 6 -43.3 -19.135 6 -46.195
4 3 -10.352 3 -38.636 -15.308 3 -36.956 -19.135 6 -46.195 -12.94 6 -48.295
4 3 15.308 3 -36.956 10.352 3 -38.636 12.94 6 -48.295 19.135 6 -46.195
4 3 20 3 -34.64 15.308 3 -36.956 19.135 6 -46.195 25 6 -43.3
4 3 24.352 3 -31.736 20 3 -34.64 25 6 -43.3 30.44 6 -39.67
4 3 28.284 3 -28.284 24.352 3 -31.736 30.44 6 -39.67 35.355 6 -35.355
4 3 31.736 3 -24.352 28.284 3 -28.284 35.355 6 -35.355 39.67 6 -30.44
4 3 34.64 3 -20 31.736 3 -24.352 39.67 6 -30.44 43.3 6 -25
4 3 36.956 3 -15.308 34.64 3 -20 43.3 6 -25 46.195 6 -19.135
4 3 38.636 3 -10.352 36.956 3 -15.308 46.195 6 -19.135 48.295 6 -12.94
4 3 39.656 3 -5.22 38.636 3 -10.352 48.295 6 -12.94 49.57 6 -6.525
4 3 40 3 0 39.656 3 -5.22 49.57 6 -6.525 50 6 0
4 3 39.656 3 5.22 40 3 0 50 6 0 49.57 6 6.525
4 3 38.636 3 10.352 39.656 3 5.22 49.57 6 6.525 48.295 6 12.94
4 3 36.956 3 15.308 38.636 3 10.352 48.295 6 12.94 37.91888 3.31266 15.70685
4 3 28.284 3 28.284 31.736 3 24.352 39.67 6 30.44 35.355 6 35.355
4 3 24.352 3 31.736 28.284 3 28.284 35.355 6 35.355 30.44 6 39.67
4 3 -6.525 6 49.57 0 6 50 0 7.25 52.5 -6.85263 7.25122 52.05086
4 3 -12.94 6 48.295 -6.525 6 49.57 -6.85263 7.25122 52.05086 -13.588 7.25076 50.71111
4 3 -19.135 6 46.195 -12.94 6 48.295 -13.588 7.25076 50.71111 -20.09088 7.24935 48.50368
4 3 -25 6 43.3 -19.135 6 46.195 -20.09088 7.24935 48.50368 -26.25 7.2506 45.46633
4 3 -30.44 6 39.67 -25 6 43.3 -26.25 7.2506 45.46633 -31.95998 7.24842 41.65105
4 3 -35.355 6 35.355 -30.44 6 39.67 -31.95998 7.24842 41.65105 -37.12311 7.25025 37.12311
4 3 -39.67 6 30.44 -35.355 6 35.355 -37.12311 7.25025 37.12311 -41.65105 7.24841 31.95998
4 3 -43.3 6 25 -39.67 6 30.44 -41.65105 7.24841 31.95998 -45.46633 7.25056 26.25
4 3 -46.195 6 19.135 -43.3 6 25 -45.46633 7.25056 26.25 -48.50368 7.24932 20.09088
4 3 -48.295 6 12.94 -46.195 6 19.135 -48.50368 7.24932 20.09088 -50.71111 7.2508 13.588
4 3 -49.57 6 6.525 -48.295 6 12.94 -50.71111 7.2508 13.588 -52.05086 7.25129 6.85263
4 3 -50 6 0 -49.57 6 6.525 -52.05086 7.25129 6.85263 -52.5 7.25 0
4 3 -49.57 6 -6.525 -50 6 0 -52.5 7.25 0 -52.05086 7.25122 -6.85263
4 3 -48.295 6 -12.94 -49.57 6 -6.525 -52.05086 7.25122 -6.85263 -50.71111 7.25076 -13.588
4 3 -46.195 6 -19.135 -48.295 6 -12.94 -50.71111 7.25076 -13.588 -48.50368 7.24935 -20.09088
4 3 -43.3 6 -25 -46.195 6 -19.135 -48.50368 7.24935 -20.09088 -45.46633 7.2506 -26.25
4 3 -39.67 6 -30.44 -43.3 6 -25 -45.46633 7.2506 -26.25 -41.65105 7.24842 -31.95998
4 3 -35.355 6 -35.355 -39.67 6 -30.44 -41.65105 7.24842 -31.95998 -37.12311 7.25025 -37.12311
4 3 -19.135 6 -46.195 -25 6 -43.3 -26.25 7.2506 -45.46633 -20.09088 7.24932 -48.50368
4 3 -12.94 6 -48.295 -19.135 6 -46.195 -20.09088 7.24932 -48.50368 -13.588 7.2508 -50.71111
4 3 19.135 6 -46.195 12.94 6 -48.295 13.588 7.2508 -50.71111 20.09088 7.24935 -48.50368
4 3 25 6 -43.3 19.135 6 -46.195 20.09088 7.24935 -48.50368 26.25 7.2506 -45.46633
4 3 30.44 6 -39.67 25 6 -43.3 26.25 7.2506 -45.46633 31.95998 7.24842 -41.65105
4 3 35.355 6 -35.355 30.44 6 -39.67 31.95998 7.24842 -41.65105 37.12311 7.25025 -37.12311
4 3 39.67 6 -30.44 35.355 6 -35.355 37.12311 7.25025 -37.12311 41.65105 7.24841 -31.95998
4 3 43.3 6 -25 39.67 6 -30.44 41.65105 7.24841 -31.95998 45.46633 7.25056 -26.25
4 3 46.195 6 -19.135 43.3 6 -25 45.46633 7.25056 -26.25 48.50368 7.24932 -20.09088
4 3 48.295 6 -12.94 46.195 6 -19.135 48.50368 7.24932 -20.09088 50.71111 7.2508 -13.588
4 3 49.57 6 -6.525 48.295 6 -12.94 50.71111 7.2508 -13.588 52.05086 7.25129 -6.85263
4 3 50 6 0 49.57 6 -6.525 52.05086 7.25129 -6.85263 52.5 7.25 0
4 3 49.57 6 6.525 50 6 0 52.5 7.25 0 52.05086 7.25122 6.85263
4 3 48.295 6 12.94 49.57 6 6.525 52.05086 7.25122 6.85263 50.71111 7.25076 13.588
4 3 46.195 6 19.135 48.295 6 12.94 50.71111 7.25076 13.588 48.50368 7.24935 20.09088
4 3 35.355 6 35.355 39.67 6 30.44 41.65105 7.24841 31.95998 37.12311 7.25025 37.12311
4 3 30.44 6 39.67 35.355 6 35.355 37.12311 7.25025 37.12311 31.95998 7.24841 41.65105
4 16 -6.85263 7.25122 52.05086 0 7.25 52.5 0 11 60 -7.83 11 59.484
4 16 -13.588 7.25076 50.71111 -6.85263 7.25122 52.05086 -7.83 11 59.484 -15.528 11 57.954
4 16 -20.09088 7.24935 48.50368 -13.588 7.25076 50.71111 -15.528 11 57.954 -22.962 11 55.434
4 16 -26.25 7.2506 45.46633 -20.09088 7.24935 48.50368 -22.962 11 55.434 -30 11 51.96
4 16 -31.95998 7.24842 41.65105 -26.25 7.2506 45.46633 -30 11 51.96 -36.528 11 47.604
4 16 -37.12311 7.25025 37.12311 -31.95998 7.24842 41.65105 -36.528 11 47.604 -42.426 11 42.426
4 16 -41.65105 7.24841 31.95998 -37.12311 7.25025 37.12311 -42.426 11 42.426 -47.604 11 36.528
4 16 -45.46633 7.25056 26.25 -41.65105 7.24841 31.95998 -47.604 11 36.528 -51.96 11 30
4 16 -48.50368 7.24932 20.09088 -45.46633 7.25056 26.25 -51.96 11 30 -55.434 11 22.962
4 16 -50.71111 7.2508 13.588 -48.50368 7.24932 20.09088 -55.434 11 22.962 -57.954 11 15.528
4 16 -52.05086 7.25129 6.85263 -50.71111 7.2508 13.588 -57.954 11 15.528 -59.484 11 7.83
4 16 -52.5 7.25 0 -52.05086 7.25129 6.85263 -59.484 11 7.83 -60 11 0
4 16 -52.05086 7.25122 -6.85263 -52.5 7.25 0 -60 11 0 -59.484 11 -7.83
4 16 -50.71111 7.25076 -13.588 -52.05086 7.25122 -6.85263 -59.484 11 -7.83 -57.954 11 -15.528
4 16 -48.50368 7.24935 -20.09088 -50.71111 7.25076 -13.588 -57.954 11 -15.528 -55.434 11 -22.962
4 16 -45.46633 7.2506 -26.25 -48.50368 7.24935 -20.09088 -55.434 11 -22.962 -51.96 11 -30
4 16 -41.65105 7.24842 -31.95998 -45.46633 7.2506 -26.25 -51.96 11 -30 -47.604 11 -36.528
4 16 -37.12311 7.25025 -37.12311 -41.65105 7.24842 -31.95998 -47.604 11 -36.528 -42.426 11 -42.426
4 16 -13.588 7.2508 -50.71111 -20.09088 7.24932 -48.50368 -22.962 11 -55.434 -15.528 11 -57.954
4 16 20.09088 7.24935 -48.50368 13.588 7.2508 -50.71111 15.528 11 -57.954 22.962 11 -55.434
4 16 26.25 7.2506 -45.46633 20.09088 7.24935 -48.50368 22.962 11 -55.434 30 11 -51.96
4 16 31.95998 7.24842 -41.65105 26.25 7.2506 -45.46633 30 11 -51.96 36.528 11 -47.604
4 16 37.12311 7.25025 -37.12311 31.95998 7.24842 -41.65105 36.528 11 -47.604 42.426 11 -42.426
4 16 41.65105 7.24841 -31.95998 37.12311 7.25025 -37.12311 42.426 11 -42.426 47.604 11 -36.528
4 16 45.46633 7.25056 -26.25 41.65105 7.24841 -31.95998 47.604 11 -36.528 51.96 11 -30
4 16 48.50368 7.24932 -20.09088 45.46633 7.25056 -26.25 51.96 11 -30 55.434 11 -22.962
4 16 50.71111 7.2508 -13.588 48.50368 7.24932 -20.09088 55.434 11 -22.962 57.954 11 -15.528
4 16 52.05086 7.25129 -6.85263 50.71111 7.2508 -13.588 57.954 11 -15.528 59.484 11 -7.83
4 16 52.5 7.25 0 52.05086 7.25129 -6.85263 59.484 11 -7.83 60 11 0
4 16 52.05086 7.25122 6.85263 52.5 7.25 0 60 11 0 59.484 11 7.83
4 16 50.71111 7.25076 13.588 52.05086 7.25122 6.85263 59.484 11 7.83 57.954 11 15.528
4 16 48.50368 7.24935 20.09088 50.71111 7.25076 13.588 57.954 11 15.528 55.434 11 22.962
4 16 37.12311 7.25025 37.12311 41.65105 7.24841 31.95998 47.604 11 36.528 42.426 11 42.426
4 16 31.95998 7.24841 41.65105 37.12311 7.25025 37.12311 42.426 11 42.426 36.528 11 47.604
4 16 26.25 7.25056 45.46633 31.95998 7.24841 41.65105 36.528 11 47.604 30 11 51.96
4 0 48.56 8.17932 24.17 49 8.73853 25.8 47.96 7.99844 24.57 47.6 7.24452 21.9
4 0 47.6 7.24452 21.9 47.96 7.99844 24.57 47.02 7.2545 23.12 45.64311 6 20.25307
4 0 46.86 6.57492 20.38 47.6 7.24452 21.9 45.64311 6 20.25307 46.195 6 19.135
3 0 46.195 6 19.135 45.64311 6 20.25307 45.10657 5.64657 18.68415
4 0 45.7 5.77847 18.3 46.195 6 19.135 45.10657 5.64657 18.68415 44.8 5.41604 17.2
4 0 45.22 9.03908 33.05 45.52 9.54792 34.43 44.89 8.94326 33.2 44.13 7.70593 29.89
4 0 44.13 7.70593 29.89 44.89 8.94326 33.2 43.42 7.46841 30.1 43.21 7.24739 29.62
4 0 39.09 3.90026 17.75 40.65 4.74266 20.92 39.71 4.53981 21.3 38.61 3.80679 18.02
3 0 39.09 3.90026 17.75 38.61 3.80679 18.02 37.91888 3.31266 15.70685
3 3 48.50368 7.24935 20.09088 47.6 7.24452 21.9 46.86 6.57492 20.38
3 3 48.50368 7.24935 20.09088 46.86 6.57492 20.38 46.195 6 19.135
3 3 48.295 6 12.94 46.195 6 19.135 45.7 5.77847 18.3
3 3 48.295 6 12.94 45.7 5.77847 18.3 44.8 5.41604 17.2
4 3 34.64 3 20 36.956 3 15.308 37.91888 3.31266 15.70685 38.61 3.80679 18.02
3 3 39.71 4.53981 21.3 34.64 3 20 38.61 3.80679 18.02
3 3 45.10657 5.64657 18.68415 37.91888 3.31266 15.70685 44.8 5.41604 17.2
3 3 48.295 6 12.94 44.8 5.41604 17.2 37.91888 3.31266 15.70685
4 3 47.02 7.2545 23.12 45.46633 7.2506 26.25 43.3 6 25 45.64311 6 20.25307
4 3 45.64311 6 20.25307 43.3 6 25 42.07757 5.57653 24.29421 45.10657 5.64657 18.68415
3 3 45.10657 5.64657 18.68415 42.07757 5.57653 24.29421 40.65 4.74266 20.92
3 3 45.10657 5.64657 18.68415 40.65 4.74266 20.92 39.09 3.90026 17.75
3 3 45.10657 5.64657 18.68415 39.09 3.90026 17.75 37.91888 3.31266 15.70685
3 3 40.61135 5.0686 23.44766 34.64 3 20 39.71 4.53981 21.3
4 0 42.07757 5.57653 24.29421 42.74118 6 25.83746 42.02379 6 26.91255 40.61135 5.0686 23.44766
4 0 40.65 4.74266 20.92 42.07757 5.57653 24.29421 40.61135 5.0686 23.44766 39.71 4.53981 21.3
4 16 42.74118 6 25.83746 43.3 6 25 45.46633 7.2506 26.25 43.76 7.24857 28.8
3 16 43.3 6 25 42.74118 6 25.83746 42.07757 5.57653 24.29421
4 3 43.21 7.24739 29.62 41.65105 7.24841 31.95998 39.67 6 30.44 42.02379 6 26.91255
4 3 40.61135 5.0686 23.44766 42.02379 6 26.91255 39.67 6 30.44 31.736 3 24.352
3 3 40.61135 5.0686 23.44766 31.736 3 24.352 34.64 3 20
4 0 43.76 7.24857 28.8 44.13 7.70593 29.89 43.21 7.24739 29.62 42.02379 6 26.91255
3 0 43.76 7.24857 28.8 42.02379 6 26.91255 42.74118 6 25.83746
4 16 51.96 11 30 47.604 11 36.528 45.52 9.54792 34.43 45.22 9.03908 33.05
4 16 51.96 11 30 45.22 9.03908 33.05 44.13 7.70593 29.89 43.76 7.24857 28.8
3 16 51.96 11 30 43.76 7.24857 28.8 45.46633 7.2506 26.25
3 16 47.604 11 36.528 41.65105 7.24841 31.95998 45.52 9.54792 34.43
3 16 45.52 9.54792 34.43 41.65105 7.24841 31.95998 44.89 8.94326 33.2
3 16 44.89 8.94326 33.2 41.65105 7.24841 31.95998 43.42 7.46841 30.1
3 16 43.42 7.46841 30.1 41.65105 7.24841 31.95998 43.21 7.24739 29.62
4 16 55.434 11 22.962 51.96 11 30 49 8.73853 25.8 48.56 8.17932 24.17
4 16 55.434 11 22.962 48.56 8.17932 24.17 47.6 7.24452 21.9 48.50368 7.24935 20.09088
3 16 47.96 7.99844 24.57 45.46633 7.2506 26.25 47.02 7.2545 23.12
4 16 45.46633 7.2506 26.25 47.96 7.99844 24.57 49 8.73853 25.8 51.96 11 30
4 16 -3.52421 1.05019 26.76901 -4.31 1.27832 28.16 -5.28 1.3038 28.14 -6.39 1.23017 27.42
4 3 -29.10499 7.24949 -43.55869 -26.25 7.2506 -45.46633 -25 6 -43.3 -30.44 6 -39.67
4 16 -29.10499 7.24949 -43.55869 -30.44 6 -39.67 -31.95998 7.24842 -41.65105 -30.84 7.64504 -43.35
4 0 -31.83 4.88627 -33.52 -31.56 4.39442 -31.58 -32.31 4.89788 -33.15 -33.17 5.56549 -35.35
4 0 -32.44 5.5427 -35.89 -31.83 4.88627 -33.52 -33.17 5.56549 -35.35 -33.66718 6 -36.83678
3 0 -32.44 5.5427 -35.89 -33.66718 6 -36.83678 -32.9164 6 -37.4959
4 0 -32.9164 6 -37.4959 -33.66718 6 -36.83678 -34.2 6.75346 -38.37 -33.49 6.87646 -39.32
4 0 -34.45 7.15239 -39.21 -33.49 6.87646 -39.32 -34.2 6.75346 -38.37 -35.33 6.83707 -37.6
4 0 -33.81 7.32866 -40.24 -32.44172 7.64399 -42.27868 -31.95998 7.24842 -41.65105 -32.53 7.10886 -40.78
4 0 -30.84 7.64504 -43.35 -31.95998 7.24842 -41.65105 -32.44172 7.64399 -42.27868 -31.38 8.06197 -43.99
4 0 -29.34 8.14064 -45.54 -30.84 7.64504 -43.35 -31.38 8.06197 -43.99 -29.93 8.57564 -46.19
4 0 -29.34 8.14064 -45.54 -29.93 8.57564 -46.19 -28.14182 9.14182 -48.74163 -27.6929 8.6929 -47.9641
3 0 -34.2 6.75346 -38.37 -35.06 6.64615 -37.33 -35.33 6.83707 -37.6
3 0 -35.06 6.64615 -37.33 -35.98 6.53232 -36.22 -35.33 6.83707 -37.6
4 0 -34.41 8.14077 -41.87 -33.81 7.32866 -40.24 -34.53 7.26168 -39.43 -35.25 8.30549 -41.57
4 0 -35.27 9.21579 -43.97 -34.41 8.14077 -41.87 -35.25 8.30549 -41.57 -35.81 9.36418 -43.89
3 0 -35.27 9.21579 -43.97 -35.81 9.36418 -43.89 -35.95 9.96774 -45.37
4 0 -33.49 6.87646 -39.32 -34.45 7.15239 -39.21 -34.53 7.26168 -39.43 -33.81 7.32866 -40.24
3 0 -32.53 7.10886 -40.78 -33.49 6.87646 -39.32 -33.81 7.32866 -40.24
4 3 -35.06 6.64615 -37.33 -34.2 6.75346 -38.37 -33.66718 6 -36.83678 -35.355 6 -35.355
3 3 -35.06 6.64615 -37.33 -35.355 6 -35.355 -35.98 6.53232 -36.22
3 3 -35.355 6 -35.355 -37.12311 7.25025 -37.12311 -35.98 6.53232 -36.22
3 3 -35.33 6.83707 -37.6 -35.98 6.53232 -36.22 -37.12311 7.25025 -37.12311
4 3 -34.45 7.15239 -39.21 -35.33 6.83707 -37.6 -37.12311 7.25025 -37.12311 -34.53 7.26168 -39.43
4 3 -24.352 3 -31.736 -28.284 3 -28.284 -31.56 4.39442 -31.58 -31.83 4.88627 -33.52
4 3 -24.352 3 -31.736 -31.83 4.88627 -33.52 -32.44 5.5427 -35.89 -30.44 6 -39.67
3 3 -31.56 4.39442 -31.58 -39.67 6 -30.44 -35.355 6 -35.355
3 3 -31.56 4.39442 -31.58 -35.355 6 -35.355 -32.31 4.89788 -33.15
3 3 -32.31 4.89788 -33.15 -35.355 6 -35.355 -33.17 5.56549 -35.35
3 3 -33.17 5.56549 -35.35 -35.355 6 -35.355 -33.66718 6 -36.83678
3 16 -30.44 6 -39.67 -32.44 5.5427 -35.89 -32.9164 6 -37.4959
4 16 -30.44 6 -39.67 -32.9164 6 -37.4959 -33.49 6.87646 -39.32 -32.53 7.10886 -40.78
3 16 -30.44 6 -39.67 -32.53 7.10886 -40.78 -31.95998 7.24842 -41.65105
4 16 -35.25 8.30549 -41.57 -34.53 7.26168 -39.43 -37.12311 7.25025 -37.12311 -42.426 11 -42.426
3 16 -35.25 8.30549 -41.57 -42.426 11 -42.426 -35.81 9.36418 -43.89
4 16 -35.95 9.96774 -45.37 -35.81 9.36418 -43.89 -42.426 11 -42.426 -36.528 11 -47.604
4 16 -35.95 9.96774 -45.37 -36.528 11 -47.604 -32.44172 7.64399 -42.27868 -35.27 9.21579 -43.97
3 16 -32.44172 7.64399 -42.27868 -34.41 8.14077 -41.87 -35.27 9.21579 -43.97
3 16 -32.44172 7.64399 -42.27868 -33.81 7.32866 -40.24 -34.41 8.14077 -41.87
4 16 -29.34 8.14064 -45.54 -27.6929 8.6929 -47.9641 -26.25 7.2506 -45.46633 -29.10499 7.24949 -43.55869
3 16 -29.10499 7.24949 -43.55869 -30.84 7.64504 -43.35 -29.34 8.14064 -45.54
3 16 -31.38 8.06197 -43.99 -32.44172 7.64399 -42.27868 -36.528 11 -47.604
3 16 -29.93 8.57564 -46.19 -31.38 8.06197 -43.99 -36.528 11 -47.604
4 16 -28.14182 9.14182 -48.74163 -29.93 8.57564 -46.19 -36.528 11 -47.604 -30 11 -51.96
3 16 -26.93 9.5463 -50.24 -28.14182 9.14182 -48.74163 -30 11 -51.96
4 16 -25.82 9.79436 -51.34 -26.93 9.5463 -50.24 -30 11 -51.96 -22.962 11 -55.434
4 16 -25.82 9.79436 -51.34 -22.962 11 -55.434 -20.09088 7.24932 -48.50368 -26.28 9.37068 -50.17
4 16 -26.28 9.37068 -50.17 -20.09088 7.24932 -48.50368 -26.25 7.2506 -45.46633 -27.6929 8.6929 -47.9641
4 0 -26.28 9.37068 -50.17 -27.6929 8.6929 -47.9641 -28.14182 9.14182 -48.74163 -26.93 9.5463 -50.24
3 0 -25.82 9.79436 -51.34 -26.28 9.37068 -50.17 -26.93 9.5463 -50.24
3 16 -10 0 17.32 -11.52028 1.04997 24.35897 -13.5 1.05009 23.38269
4 3 -11.52028 1.04997 24.35897 -10.93174 1.28472 26.391 -14.16339 2.55137 34.19274 -16.98 2.73167 34.14
4 0 -7.7 2.31835 34.54 -6.6 2.31118 34.71 -7.67 2.36761 34.88 -9.21021 2.33822 34.37458
3 0 -7.67 2.36761 34.88 -9.38427 2.43911 35.02421 -9.21021 2.33822 34.37458
4 0 -9.21021 2.33822 34.37458 -9.38427 2.43911 35.02421 -12.12 2.57765 35.07 -12.13 2.46139 34.25
4 0 -14.16339 2.55137 34.19274 -12.13 2.46139 34.25 -12.12 2.57765 35.07 -14.53725 2.6979 35.09528
4 0 -14.16339 2.55137 34.19274 -14.53725 2.6979 35.09528 -19.24611 3 35.01212 -16.98 2.73167 34.14
4 0 -19.70733 2.9122 34.13309 -16.98 2.73167 34.14 -19.24611 3 35.01212 -20 3 34.64
3 0 -19.24611 3 35.01212 -20.19406 3.11644 34.97611 -20 3 34.64
4 0 -20 3 34.64 -20.19406 3.11644 34.97611 -23.28 3.57484 34.75 -20.76131 3 34.13199
3 0 -19.70733 2.9122 34.13309 -20 3 34.64 -20.76131 3 34.13199
4 0 -23.24 3.45063 34.28 -20.76131 3 34.13199 -23.28 3.57484 34.75 -24.55 3.72175 34.49
3 16 -6.39 1.23017 27.42 -7.4594 1.32345 27.84016 -6.98811 1.05012 26.08
3 16 -3.52421 1.05019 26.76901 -6.39 1.23017 27.42 -6.98811 1.05012 26.08
4 16 -6.98811 1.05012 26.08 -7.4594 1.32345 27.84016 -10.17 1.58664 28.77 -10.93174 1.28472 26.391
3 16 -6.98811 1.05012 26.08 -10.93174 1.28472 26.391 -10.33245 1.0499 24.94475
3 16 -10.33245 1.0499 24.94475 -10.93174 1.28472 26.391 -11.52028 1.04997 24.35897
4 3 -5.22 3 39.656 -6.6 2.31118 34.71 -4.31 1.27832 28.16 -3.52421 1.05019 26.76901
4 3 -5.22 3 39.656 -10.352 3 38.636 -9.38427 2.43911 35.02421 -7.67 2.36761 34.88
3 3 -5.22 3 39.656 -7.67 2.36761 34.88 -6.6 2.31118 34.71
4 3 -5.28 1.3038 28.14 -4.31 1.27832 28.16 -6.6 2.31118 34.71 -7.7 2.31835 34.54
4 3 -6.39 1.23017 27.42 -5.28 1.3038 28.14 -7.7 2.31835 34.54 -7.4594 1.32345 27.84016
3 3 -7.4594 1.32345 27.84016 -7.7 2.31835 34.54 -9.21021 2.33822 34.37458
4 3 -10.17 1.58664 28.77 -7.4594 1.32345 27.84016 -9.21021 2.33822 34.37458 -12.13 2.46139 34.25
4 3 -10.17 1.58664 28.77 -12.13 2.46139 34.25 -14.16339 2.55137 34.19274 -10.93174 1.28472 26.391
4 3 -12.12 2.57765 35.07 -9.38427 2.43911 35.02421 -10.352 3 38.636 -15.308 3 36.956
3 3 -12.12 2.57765 35.07 -15.308 3 36.956 -14.53725 2.6979 35.09528
3 3 -14.53725 2.6979 35.09528 -15.308 3 36.956 -19.24611 3 35.01212
4 3 -19.24611 3 35.01212 -15.308 3 36.956 -19.135 6 46.195 -25 6 43.3
3 3 -19.24611 3 35.01212 -25 6 43.3 -20.19406 3.11644 34.97611
3 3 -20.19406 3.11644 34.97611 -25 6 43.3 -23.28 3.57484 34.75
4 3 -24.55 3.72175 34.49 -23.28 3.57484 34.75 -25 6 43.3 -30.44 6 39.67
3 3 -24.352 3 31.736 -24.55 3.72175 34.49 -30.44 6 39.67
3 3 -23.24 3.45063 34.28 -24.55 3.72175 34.49 -24.352 3 31.736
3 3 -20.76131 3 34.13199 -23.24 3.45063 34.28 -24.352 3 31.736
4 3 -19.70733 2.9122 34.13309 -20.76131 3 34.13199 -24.352 3 31.736 -13.5 1.05009 23.38269
3 3 -13.5 1.05009 23.38269 -24.352 3 31.736 -16.43656 1.04976 21.42054
4 3 -13.5 1.05009 23.38269 -11.52028 1.04997 24.35897 -16.98 2.73167 34.14 -19.70733 2.9122 34.13309
4 15 1.31 2.01695 -33.36 2.29351 2.04609 -33.48948 2.47469 1.94646 -32.81333 1.31 1.91195 -32.66
4 15 .32649 2.02665 -33.48948 1.31 2.01695 -33.36 1.31 1.91195 -32.66 .14531 1.92344 -32.81333
4 15 -1.37701 2.18456 -34.47299 -.59 2.0862 -33.8691 -.94 1.99872 -33.26289 -1.87198 2.11521 -33.97802
4 15 -1.9809 2.30858 -35.26 -1.37701 2.18456 -34.47299 -1.87198 2.11521 -33.97802 -2.58711 2.26207 -34.91
4 15 -2.36052 2.44981 -36.17649 -1.9809 2.30858 -35.26 -2.58711 2.26207 -34.91 -3.03667 2.42931 -35.99531
4 15 -2.49 2.59861 -37.16 -2.36052 2.44981 -36.17649 -3.03667 2.42931 -35.99531 -3.19 2.60553 -37.16
4 15 4.98052 2.47995 -36.17649 5.11 2.62876 -37.16 5.81 2.64927 -37.16 5.65667 2.47305 -35.99531
4 15 4.64066 2.33409 -35.25477 4.98052 2.47995 -36.17649 5.65667 2.47305 -35.99531 5.20711 2.29985 -34.91
4 15 3.21 2.1121 -33.8691 3.99701 2.21046 -34.47299 4.47293 2.14129 -33.98053 3.56 2.02462 -33.26289
4 15 2.29351 2.04609 -33.48948 3.21 2.1121 -33.8691 3.56 2.02462 -33.26289 2.47469 1.94646 -32.81333
4 15 3.09 2.60454 -37.16 4.41 2.61759 -37.16 4.4 2.51999 -36.51 3.1 2.50714 -36.51
4 4 -1.69 2.72571 -38.06 -1.69 2.45571 -36.26 -2.36052 2.44981 -36.17649 -2.49 2.59861 -37.16
4 4 -1.9809 2.30858 -35.26 -2.36052 2.44981 -36.17649 -1.69 2.45571 -36.26 -1.37701 2.18456 -34.47299
4 4 -.59 2.0862 -33.8691 -1.37701 2.18456 -34.47299 -1.69 2.45571 -36.26 0 2.44834 -36.32226
4 4 1.31 2.01695 -33.36 .32649 2.02665 -33.48948 2.11 2.48086 -36.4 2.29351 2.04609 -33.48948
4 4 3.21 2.1121 -33.8691 2.29351 2.04609 -33.48948 2.11 2.48086 -36.4 3.99701 2.21046 -34.47299
4 4 3.99701 2.21046 -34.47299 2.11 2.48086 -36.4 3.1 2.50714 -36.51 4.64066 2.33409 -35.25477
3 4 4.64066 2.33409 -35.25477 3.1 2.50714 -36.51 4.4 2.51999 -36.51
4 4 3.1 2.50714 -36.51 2.11 2.48086 -36.4 2.14 2.59515 -37.16 3.09 2.60454 -37.16
4 15 2.47469 3.50092 -41.50667 2.29351 3.2945 -40.83052 1.31 3.3139 -40.96 1.31 3.5239 -41.66
4 15 1.31 3.5239 -41.66 1.31 3.3139 -40.96 .32649 3.25561 -40.83052 .14531 3.45487 -41.50667
4 15 -.94 3.33572 -41.05711 -.59 3.14693 -40.4509 -1.31807 3 -39.91314 -1.87198 3.1396 -40.34198
4 15 -2.58711 2.93707 -39.41 -1.9809 2.87858 -39.06 -2.36052 2.74486 -38.14351 -3.03667 2.77872 -38.32469
4 15 -3.03667 2.77872 -38.32469 -2.36052 2.74486 -38.14351 -2.49 2.59861 -37.16 -3.19 2.60553 -37.16
4 15 5.81 2.64927 -37.16 5.11 2.62876 -37.16 5.02022 2.77037 -38.13829 5.65667 2.8165 -38.32469
4 15 4.49198 3.1914 -40.34198 3.99701 3.03312 -39.84701 3.21 3.19873 -40.4509 3.56 3.38752 -41.05711
4 15 3.56 3.38752 -41.05711 3.21 3.19873 -40.4509 2.29351 3.2945 -40.83052 2.47469 3.50092 -41.50667
4 15 4.4 2.71499 -37.81 4.41 2.61759 -37.16 3.09 2.60454 -37.16 3.1 2.70214 -37.81
4 4 -1.69 2.72571 -38.06 -2.49 2.59861 -37.16 -2.36052 2.74486 -38.14351 -1.9809 2.87858 -39.06
4 4 -1.69 2.72571 -38.06 -1.9809 2.87858 -39.06 -1.31807 3 -39.91314 0 2.69966 -37.99774
4 4 4.4 2.71499 -37.81 3.1 2.70214 -37.81 4.6009 2.90448 -39.06 5.02022 2.77037 -38.13829
4 4 2.14 2.59515 -37.16 2.11 2.70886 -37.92 3.1 2.70214 -37.81 3.09 2.60454 -37.16
4 15 7.24 2.13384 -33.38 7.49 2.07732 -32.94699 7.24 2.06012 -32.88 6.99 2.06267 -32.94699
4 15 7.24 2.13384 -33.38 6.99 2.06267 -32.94699 6.80699 2.08429 -33.13 6.74 2.11919 -33.38
4 15 7.24 2.13384 -33.38 6.74 2.11919 -33.38 6.80699 2.15801 -33.63 6.99 2.19036 -33.81301
4 15 7.24 2.13384 -33.38 6.99 2.19036 -33.81301 7.24 2.20756 -33.88 7.49 2.20501 -33.81301
4 15 7.24 2.13384 -33.38 7.49 2.20501 -33.81301 7.67301 2.18339 -33.63 7.74 2.14849 -33.38
4 15 7.24 2.13384 -33.38 7.74 2.14849 -33.38 7.67301 2.10967 -33.13 7.49 2.07732 -32.94699
4 0 7.24 2.06012 -32.88 7.49 2.07732 -32.94699 7.74 2.0208 -32.51397 7.24 1.9864 -32.38
4 0 6.99 2.06267 -32.94699 7.24 2.06012 -32.88 7.24 1.9864 -32.38 6.74 1.9915 -32.51397
4 0 6.80699 2.08429 -33.13 6.99 2.06267 -32.94699 6.74 1.9915 -32.51397 6.37397 2.03474 -32.88
4 0 6.74 2.11919 -33.38 6.80699 2.08429 -33.13 6.37397 2.03474 -32.88 6.24 2.10453 -33.38
4 0 6.80699 2.15801 -33.63 6.74 2.11919 -33.38 6.24 2.10453 -33.38 6.37397 2.18218 -33.88
4 0 6.99 2.19036 -33.81301 6.80699 2.15801 -33.63 6.37397 2.18218 -33.88 6.74 2.24688 -34.24603
4 0 7.24 2.20756 -33.88 6.99 2.19036 -33.81301 6.74 2.24688 -34.24603 7.24 2.28128 -34.38
4 0 7.49 2.20501 -33.81301 7.24 2.20756 -33.88 7.24 2.28128 -34.38 7.74 2.27618 -34.24603
4 0 7.67301 2.18339 -33.63 7.49 2.20501 -33.81301 7.74 2.27618 -34.24603 8.10603 2.23294 -33.88
4 0 7.74 2.14849 -33.38 7.67301 2.18339 -33.63 8.10603 2.23294 -33.88 8.24 2.16314 -33.38
4 0 7.67301 2.10967 -33.13 7.74 2.14849 -33.38 8.24 2.16314 -33.38 8.10603 2.0855 -32.88
4 0 7.49 2.07732 -32.94699 7.67301 2.10967 -33.13 8.10603 2.0855 -32.88 7.74 2.0208 -32.51397
4 15 -5.03 2.06908 -33.38 -4.78 1.9979 -32.94699 -5.03 1.99535 -32.88 -5.28 2.01256 -32.94699
4 15 -5.03 2.06908 -33.38 -5.28 2.01256 -32.94699 -5.46301 2.0449 -33.13 -5.53 2.08373 -33.38
4 15 -5.03 2.06908 -33.38 -5.53 2.08373 -33.38 -5.46301 2.11863 -33.63 -5.28 2.14025 -33.81301
4 15 -5.03 2.06908 -33.38 -5.28 2.14025 -33.81301 -5.03 2.1428 -33.88 -4.78 2.12559 -33.81301
4 15 -5.03 2.06908 -33.38 -4.78 2.12559 -33.81301 -4.59699 2.09325 -33.63 -4.53 2.05442 -33.38
4 15 -5.03 2.06908 -33.38 -4.53 2.05442 -33.38 -4.59699 2.01952 -33.13 -4.78 1.9979 -32.94699
4 0 -5.03 1.99535 -32.88 -4.78 1.9979 -32.94699 -4.53 1.92673 -32.51397 -5.03 1.92163 -32.38
4 0 -5.28 2.01256 -32.94699 -5.03 1.99535 -32.88 -5.03 1.92163 -32.38 -5.53 1.95604 -32.51397
4 0 -5.46301 2.0449 -33.13 -5.28 2.01256 -32.94699 -5.53 1.95604 -32.51397 -5.89603 2.02073 -32.88
4 0 -5.53 2.08373 -33.38 -5.46301 2.0449 -33.13 -5.89603 2.02073 -32.88 -6.03 2.09838 -33.38
4 0 -5.46301 2.11863 -33.63 -5.53 2.08373 -33.38 -6.03 2.09838 -33.38 -5.89603 2.16818 -33.88
4 0 -5.28 2.14025 -33.81301 -5.46301 2.11863 -33.63 -5.89603 2.16818 -33.88 -5.53 2.21142 -34.24603
4 0 -5.03 2.1428 -33.88 -5.28 2.14025 -33.81301 -5.53 2.21142 -34.24603 -5.03 2.21652 -34.38
4 0 -4.78 2.12559 -33.81301 -5.03 2.1428 -33.88 -5.03 2.21652 -34.38 -4.50825 2.1819 -34.24889
3 0 -4.50825 2.1819 -34.24889 -4.59699 2.09325 -33.63 -4.78 2.12559 -33.81301
4 15 -5.03 7.83074 -53.33 -4.78 7.606 -52.89699 -5.03 7.58074 -52.83 -5.28 7.62247 -52.89699
4 15 -5.03 7.83074 -53.33 -5.28 7.62247 -52.89699 -5.46301 7.72001 -53.08 -5.53 7.84721 -53.33
4 15 -5.03 7.83074 -53.33 -5.53 7.84721 -53.33 -5.46301 7.97001 -53.58 -5.28 8.05548 -53.76301
4 15 -5.03 7.83074 -53.33 -5.28 8.05548 -53.76301 -5.03 8.08074 -53.83 -4.78 8.03901 -53.76301
4 15 -5.03 7.83074 -53.33 -4.78 8.03901 -53.76301 -4.59699 7.94147 -53.58 -4.53 7.81426 -53.33
4 15 -5.03 7.83074 -53.33 -4.53 7.81426 -53.33 -4.59699 7.69147 -53.08 -4.78 7.606 -52.89699
4 0 -5.03 7.58074 -52.83 -4.78 7.606 -52.89699 -4.53 7.38125 -52.46397 -5.03 7.33074 -52.33
4 0 -5.28 7.62247 -52.89699 -5.03 7.58074 -52.83 -5.03 7.33074 -52.33 -5.53 7.4142 -52.46397
4 0 -5.46301 7.72001 -53.08 -5.28 7.62247 -52.89699 -5.53 7.4142 -52.46397 -5.89603 7.60928 -52.83
4 0 -5.53 7.84721 -53.33 -5.46301 7.72001 -53.08 -5.89603 7.60928 -52.83 -6.03 7.86369 -53.33
4 0 -5.46301 7.97001 -53.58 -5.53 7.84721 -53.33 -6.03 7.86369 -53.33 -5.89603 8.10928 -53.83
4 0 -5.28 8.05548 -53.76301 -5.46301 7.97001 -53.58 -5.89603 8.10928 -53.83 -5.53 8.28023 -54.19603
4 0 -5.03 8.08074 -53.83 -5.28 8.05548 -53.76301 -5.53 8.28023 -54.19603 -5.03 8.33074 -54.33
4 0 -4.78 8.03901 -53.76301 -5.03 8.08074 -53.83 -5.03 8.33074 -54.33 -4.53 8.24728 -54.19603
4 0 -4.59699 7.94147 -53.58 -4.78 8.03901 -53.76301 -4.53 8.24728 -54.19603 -4.16397 8.0522 -53.83
4 0 -4.53 7.81426 -53.33 -4.59699 7.94147 -53.58 -4.16397 8.0522 -53.83 -4.03 7.79779 -53.33
4 0 -4.59699 7.69147 -53.08 -4.53 7.81426 -53.33 -4.03 7.79779 -53.33 -4.16397 7.5522 -52.83
4 0 -4.78 7.606 -52.89699 -4.59699 7.69147 -53.08 -4.16397 7.5522 -52.83 -4.53 7.38125 -52.46397
4 15 7.49 7.72941 -52.89699 7.24 7.67207 -52.83 6.9634 7.67969 -52.90049 7.67301 7.83723 -53.08
4 15 6.9634 7.67969 -52.90049 7.24 8.16354 -53.83 7.49 8.15504 -53.76301 7.67301 8.08297 -53.58
4 15 6.9634 7.67969 -52.90049 7.67301 8.08297 -53.58 7.74 7.96665 -53.33 7.67301 7.83723 -53.08
4 0 7.24 7.67207 -52.83 7.49 7.72941 -52.89699 7.74 7.54101 -52.46397 7.24 7.42633 -52.33
4 0 6.9634 7.67969 -52.90049 7.24 7.67207 -52.83 7.24 7.42633 -52.33 6.89993 7.43651 -52.41831
4 0 6.80699 7.76429 -53.08 6.9634 7.67969 -52.90049 6.74 7.45407 -52.46397 6.37397 7.62502 -52.83
4 0 6.74 7.88708 -53.33 6.80699 7.76429 -53.08 6.37397 7.62502 -52.83 6.24 7.87061 -53.33
4 0 6.80699 8.01429 -53.58 6.74 7.88708 -53.33 6.24 7.87061 -53.33 6.37397 8.12502 -53.83
4 0 6.99 8.11183 -53.76301 6.80699 8.01429 -53.58 6.37397 8.12502 -53.83 6.74 8.3201 -54.19603
4 0 7.49 8.15504 -53.76301 7.24 8.16354 -53.83 7.15307 8.40642 -54.34144 7.74 8.39228 -54.19603
4 0 7.67301 8.08297 -53.58 7.49 8.15504 -53.76301 7.74 8.39228 -54.19603 8.10603 8.24814 -53.83
4 0 7.74 7.96665 -53.33 7.67301 8.08297 -53.58 8.10603 8.24814 -53.83 8.24 8.01549 -53.33
4 0 7.67301 7.83723 -53.08 7.74 7.96665 -53.33 8.24 8.01549 -53.33 8.10603 7.75666 -52.83
4 0 7.49 7.72941 -52.89699 7.67301 7.83723 -53.08 8.10603 7.75666 -52.83 7.74 7.54101 -52.46397
4 3 -7.69 6.00114 -49.34077 -12.94 6 -48.295 -13.588 7.2508 -50.71111 -7.69 7.25123 -51.88429
4 16 -7.69 9.3379 -56.13 -7.69 7.25123 -51.88429 -13.588 7.2508 -50.71111 -7.83 11 -59.484
3 16 -7.83 11 -59.484 -13.588 7.2508 -50.71111 -15.528 11 -57.954
4 0 -4.30923 1.95281 -32.73474 -4.53 1.92673 -32.51397 -4.78 1.9979 -32.94699 -4.59699 2.01952 -33.13
3 0 -4.30923 1.95281 -32.73474 -4.59699 2.01952 -33.13 -4.53 2.05442 -33.38
4 0 -4.53 2.05442 -33.38 -4.59699 2.09325 -33.63 -4.50825 2.1819 -34.24889 -4.30923 1.95281 -32.73474
4 0 -4.16397 1.97316 -32.88 -4.30923 1.95281 -32.73474 -4.50825 2.1819 -34.24889 -4.16397 2.12316 -33.88
3 0 -4.03 2.04684 -33.38 -4.16397 1.97316 -32.88 -4.16397 2.12316 -33.88
4 0 -7.69 1.75335 -30.71 -6.76 1.8529 -31.57 -4.15639 1.77708 -31.57325 -4.04253 1.64616 -30.70795
4 0 0 1.60585 -30.70568 -4.04253 1.64616 -30.70795 -4.15639 1.77708 -31.57325 0 1.73677 -31.57844
4 15 .32649 2.02665 -33.48948 .14531 1.92344 -32.81333 0 1.93103 -32.87352 0 2.04371 -33.62472
4 15 0 1.93103 -32.87352 -.94 1.99872 -33.26289 -.59 2.0862 -33.8691 0 2.04371 -33.62472
4 4 .32649 2.02665 -33.48948 0 2.04371 -33.62472 0 2.44834 -36.32226 2.11 2.48086 -36.4
3 4 0 2.44834 -36.32226 0 2.04371 -33.62472 -.59 2.0862 -33.8691
4 15 0 2.44834 -36.32226 -1.69 2.45571 -36.26 -1.69 2.72571 -38.06 0 2.69966 -37.99774
4 15 2.11 2.48086 -36.4 0 2.44834 -36.32226 0 2.69966 -37.99774 2.11 2.70886 -37.92
3 15 2.14 2.59515 -37.16 2.11 2.48086 -36.4 2.11 2.70886 -37.92
3 15 -1.31807 3 -39.91314 -2.24807 3 -39.85185 -1.87198 3.1396 -40.34198
4 15 -2.24807 3 -39.85185 -1.31807 3 -39.91314 -1.9809 2.87858 -39.06 -2.58711 2.93707 -39.41
4 4 -4.16397 2.12316 -33.88 -4.50825 2.1819 -34.24889 -3.03667 2.42931 -35.99531 -2.58711 2.26207 -34.91
4 4 -4.16397 2.12316 -33.88 -2.58711 2.26207 -34.91 -1.87198 2.11521 -33.97802 -4.03 2.04684 -33.38
4 4 -4.16397 1.97316 -32.88 -4.03 2.04684 -33.38 -1.87198 2.11521 -33.97802 -4.15639 1.77708 -31.57325
3 4 -4.15639 1.77708 -31.57325 -4.30923 1.95281 -32.73474 -4.16397 1.97316 -32.88
4 4 -4.15639 1.77708 -31.57325 -1.87198 2.11521 -33.97802 -.94 1.99872 -33.26289 0 1.73677 -31.57844
3 4 0 1.93103 -32.87352 0 1.73677 -31.57844 -.94 1.99872 -33.26289
3 4 .14531 1.92344 -32.81333 0 1.73677 -31.57844 0 1.93103 -32.87352
3 4 1.31 1.91195 -32.66 0 1.73677 -31.57844 .14531 1.92344 -32.81333
4 4 0 1.73677 -31.57844 1.31 1.91195 -32.66 2.47469 1.94646 -32.81333 4.15776 1.77865 -31.58363
3 4 0 3 -40 0 2.69966 -37.99774 -1.31807 3 -39.91314
4 4 0 3 -40 -1.31807 3 -39.91314 -.59 3.14693 -40.4509 0 3.20858 -40.69528
3 4 -4.15639 1.77708 -31.57325 -4.53 1.92673 -32.51397 -4.30923 1.95281 -32.73474
4 4 -5.03 1.92163 -32.38 -4.53 1.92673 -32.51397 -4.15639 1.77708 -31.57325 -6.76 1.8529 -31.57
3 4 -5.03 1.92163 -32.38 -6.76 1.8529 -31.57 -5.53 1.95604 -32.51397
3 4 -5.53 1.95604 -32.51397 -6.76 1.8529 -31.57 -5.89603 2.02073 -32.88
3 4 -5.89603 2.02073 -32.88 -6.76 1.8529 -31.57 -6.03 2.09838 -33.38
4 0 8.22615 1.76775 -30.70107 4.04193 1.64547 -30.70342 4.15776 1.77865 -31.58363 8.46404 1.90564 -31.58901
4 0 10.13 1.85948 -30.7 8.22615 1.76775 -30.70107 8.46404 1.90564 -31.58901 9.26 1.9442 -31.59
4 0 4.04193 1.64547 -30.70342 0 1.60585 -30.70568 0 1.73677 -31.57844 4.15776 1.77865 -31.58363
3 4 4.15776 1.77865 -31.58363 2.47469 1.94646 -32.81333 3.56 2.02462 -33.26289
3 4 4.47293 2.14129 -33.98053 4.15776 1.77865 -31.58363 3.56 2.02462 -33.26289
4 3 -3.52421 1.0502 -26.76901 -6.98811 1.05012 -26.08 -7.69 1.75335 -30.71 -4.04253 1.64616 -30.70795
3 3 -6.98811 1.05012 -26.08 -10.352 3 -38.636 -7.69 1.75335 -30.71
4 3 0 1.05 -27 -3.52421 1.0502 -26.76901 -4.04253 1.64616 -30.70795 0 1.60585 -30.70568
4 3 3.52421 1.05019 -26.76901 0 1.05 -27 0 1.60585 -30.70568 4.04193 1.64547 -30.70342
4 3 6.98811 1.05012 -26.08 3.52421 1.05019 -26.76901 4.04193 1.64547 -30.70342 8.22615 1.76775 -30.70107
4 3 10.33245 1.0499 -24.94475 6.98811 1.05012 -26.08 8.22615 1.76775 -30.70107 10.13 1.85948 -30.7
4 3 10.13 1.85948 -30.7 10.352 3 -38.636 15.308 3 -36.956 10.33245 1.0499 -24.94475
3 3 10.352 3 -38.636 10.12442 2.86808 -37.78652 10.12371 3 -38.68137
3 3 10.352 3 -38.636 10.13 1.85948 -30.7 10.12442 2.86808 -37.78652
4 0 10.13 1.85948 -30.7 9.26 1.9442 -31.59 9.25498 2.36411 -34.54128 10.12442 2.86808 -37.78652
4 0 10.12442 2.86808 -37.78652 9.25498 2.36411 -34.54128 9.24764 3 -38.85549 10.12371 3 -38.68137
4 0 10.12371 3 -38.68137 9.24764 3 -38.85549 9.23034 6.00018 -49.03293 10.11569 6.00024 -48.85717
4 0 10.11369 7.25104 -51.40219 10.11569 6.00024 -48.85717 9.23034 6.00018 -49.03293 9.22 8.98605 -55.11
3 0 10.11369 7.25104 -51.40219 9.22 8.98605 -55.11 10.11 9.54972 -56.08
4 3 13.588 7.2508 -50.71111 12.94 6 -48.295 10.11569 6.00024 -48.85717 10.11369 7.25104 -51.40219
4 3 12.94 6 -48.295 10.352 3 -38.636 10.12371 3 -38.68137 10.11569 6.00024 -48.85717
3 15 4.64066 2.33409 -35.25477 4.47293 2.14129 -33.98053 3.99701 2.21046 -34.47299
3 15 5.20711 2.29985 -34.91 4.47293 2.14129 -33.98053 4.64066 2.33409 -35.25477
3 15 5.65667 2.8165 -38.32469 5.02022 2.77037 -38.13829 5.1933 2.96931 -39.45314
4 15 5.1933 2.96931 -39.45314 5.02022 2.77037 -38.13829 4.6009 2.90448 -39.06 5.02299 3 -39.66898
4 4 5.11 2.62876 -37.16 4.98052 2.47995 -36.17649 4.64066 2.33409 -35.25477 5.02022 2.77037 -38.13829
4 4 5.02022 2.77037 -38.13829 4.64066 2.33409 -35.25477 4.4 2.51999 -36.51 4.41 2.61759 -37.16
3 4 5.02022 2.77037 -38.13829 4.41 2.61759 -37.16 4.4 2.71499 -37.81
3 4 9.26 1.9442 -31.59 8.46404 1.90564 -31.58901 9.25498 2.36411 -34.54128
4 4 8.46404 1.90564 -31.58901 8.10603 2.0855 -32.88 8.24 2.16314 -33.38 9.25498 2.36411 -34.54128
3 4 9.25498 2.36411 -34.54128 8.24 2.16314 -33.38 8.10603 2.23294 -33.88
4 4 9.25498 2.36411 -34.54128 8.10603 2.23294 -33.88 7.74 2.27618 -34.24603 9.24764 3 -38.85549
4 4 9.24764 3 -38.85549 7.74 2.27618 -34.24603 7.24 2.28128 -34.38 5.65667 2.47305 -35.99531
3 4 9.24764 3 -38.85549 5.65667 2.47305 -35.99531 5.81 2.64927 -37.16
3 4 9.24764 3 -38.85549 5.81 2.64927 -37.16 5.65667 2.8165 -38.32469
4 4 9.24764 3 -38.85549 5.65667 2.8165 -38.32469 5.1933 2.96931 -39.45314 5.22 3 -39.656
3 4 8.46404 1.90564 -31.58901 7.74 2.0208 -32.51397 8.10603 2.0855 -32.88
3 4 8.46404 1.90564 -31.58901 7.24 1.9864 -32.38 7.74 2.0208 -32.51397
4 4 7.24 1.9864 -32.38 8.46404 1.90564 -31.58901 4.15776 1.77865 -31.58363 6.74 1.9915 -32.51397
3 4 6.74 1.9915 -32.51397 4.15776 1.77865 -31.58363 6.37397 2.03474 -32.88
4 4 6.24 2.10453 -33.38 6.37397 2.03474 -32.88 4.15776 1.77865 -31.58363 4.47293 2.14129 -33.98053
4 4 6.24 2.10453 -33.38 4.47293 2.14129 -33.98053 5.20711 2.29985 -34.91 6.37397 2.18218 -33.88
4 4 6.74 2.24688 -34.24603 6.37397 2.18218 -33.88 5.20711 2.29985 -34.91 5.65667 2.47305 -35.99531
3 4 7.24 2.28128 -34.38 6.74 2.24688 -34.24603 5.65667 2.47305 -35.99531
4 4 9.23034 6.00018 -49.03293 9.24764 3 -38.85549 5.22 3 -39.656 6.525 6 -49.57
4 4 9.23034 6.00018 -49.03293 6.525 6 -49.57 7.24 7.42633 -52.33 7.74 7.54101 -52.46397
3 4 9.23034 6.00018 -49.03293 7.74 7.54101 -52.46397 8.10603 7.75666 -52.83
4 4 9.23034 6.00018 -49.03293 8.10603 7.75666 -52.83 8.24 8.01549 -53.33 9.22 8.98605 -55.11
3 4 9.22 8.98605 -55.11 8.24 8.01549 -53.33 8.10603 8.24814 -53.83
3 4 9.22 8.98605 -55.11 8.10603 8.24814 -53.83 7.74 8.39228 -54.19603
4 4 9.22 8.98605 -55.11 7.74 8.39228 -54.19603 7.15307 8.40642 -54.34144 7.25489 8.79651 -55.11493
3 4 5.22 3 -39.656 5.1933 2.96931 -39.45314 5.02299 3 -39.66898
3 15 5.02299 3 -39.66898 4.6009 2.90448 -39.06 4.08624 3 -39.73072
4 15 4.49198 3.1914 -40.34198 5.02299 3 -39.66898 4.08624 3 -39.73072 3.99701 3.03312 -39.84701
4 15 .32649 3.25561 -40.83052 0 3.20858 -40.69528 0 3.43394 -41.44648 .14531 3.45487 -41.50667
4 15 0 3.20858 -40.69528 -.59 3.14693 -40.4509 -.94 3.33572 -41.05711 0 3.43394 -41.44648
4 4 4.6009 2.90448 -39.06 3.1 2.70214 -37.81 2.11 2.70886 -37.92 4.08624 3 -39.73072
4 4 0 3 -40 4.08624 3 -39.73072 2.11 2.70886 -37.92 0 2.69966 -37.99774
4 4 0 3 -40 0 3.20858 -40.69528 .32649 3.25561 -40.83052 1.31 3.3139 -40.96
4 0 12.53536 4.81281 44.26263 13.29489 4.70715 43.63409 13.62703 4.80482 43.86454 14.45 5.12214 44.7
4 0 12.87064 4.35557 42.54313 13.29489 4.70715 43.63409 12.53536 4.81281 44.26263 12.10867 4.58411 43.60408
4 0 11.88583 4.30997 42.71678 13.01836 4.03921 41.38195 12.87064 4.35557 42.54313 12.10867 4.58411 43.60408
4 0 13.66868 3.82486 40.40868 13.01836 4.03921 41.38195 12.09448 3.84108 40.99927 12.96157 3.55527 39.70157
4 0 14.64195 3.73363 39.75836 13.66868 3.82486 40.40868 12.96157 3.55527 39.70157 14.25927 3.43364 38.83448
4 0 15.79 3.77942 39.53 14.64195 3.73363 39.75836 14.25927 3.43364 38.83448 15.97398 3.52207 38.56379
4 0 16.93805 3.9724 39.75836 15.97398 3.52207 38.56379 17.32073 3.77426 38.83448 17.63013 4.17659 40.17416
4 0 17.63013 4.17659 40.17416 17.32073 3.77426 38.83448 18.00852 3.98967 39.29404 18.65836 4.30204 40.13195
4 0 18.501 4.57469 41.221 17.707 4.77987 42.374 17.46 4.42781 41.19 18.65836 4.30204 40.13195
4 0 19.33868 4.10592 39.06868 18.65836 4.30204 40.13195 18.00852 3.98967 39.29404 18.63157 3.8212 38.36157
4 0 20.31195 4.06012 38.41836 19.33868 4.10592 39.06868 18.63157 3.8212 38.36157 19.92927 3.76013 37.49448
4 0 21.46 4.15133 38.19 20.31195 4.06012 38.41836 19.92927 3.76013 37.49448 21.46921 3.88153 37.18468
4 0 22.60805 4.38008 38.41836 21.46921 3.88153 37.18468 22.99073 4.2129 37.49448 23.58132 4.70512 39.06868
4 0 23.58132 4.70512 39.06868 22.99073 4.2129 37.49448 24.28843 4.64628 38.36157 24.17164 5.05452 40.07195
4 0 24.17164 5.05452 40.07195 24.28843 4.64628 38.36157 24.95552 5.08962 39.68927 24.4 5.37972 41.22
4 0 24.4 5.37972 41.22 24.95552 5.08962 39.68927 25.24 5.52489 41.24 24.50193 5.70116 42.43734
4 0 11.67836 6.14857 48.84805 12.32868 6.69044 49.82132 11.62157 6.96889 50.52843 10.75448 6.24641 49.23073
4 0 10.36 5.72936 47.89 11.67836 5.41205 46.55195 11.41 5.71423 47.63 10.56655 6 48.76673
4 0 12.24031 5.18892 45.6836 11.67836 5.41205 46.55195 10.78448 5.19078 45.97927 11.41157 4.95987 45.07157
4 0 12.53536 4.81281 44.26263 14.45 5.12214 44.7 13.30195 5.07635 44.92836 11.95549 4.85876 44.62058
4 0 15.65 5.2465 44.73 14.45 5.12214 44.7 14.45 4.83741 43.7 15.90882 4.99645 43.76407
4 0 20.1 5.2536 42.95 20.67403 5.2992 42.83582 21.05671 5.59919 43.7597 20.1 5.52319 43.95
4 0 19.52597 5.14643 42.83582 20.1 5.2536 42.95 20.1 5.52319 43.95 19.14329 5.34457 43.7597
4 0 19.03934 4.99401 42.51066 19.52597 5.14643 42.83582 19.14329 5.34457 43.7597 18.33223 5.09054 43.21777
4 0 18.67418 4.78996 41.93403 19.03934 4.99401 42.51066 18.33223 5.09054 43.21777 17.707 4.77987 42.374
3 0 18.67418 4.78996 41.93403 17.707 4.77987 42.374 18.501 4.57469 41.221
4 0 21.48582 5.18837 42.02403 21.6 5.04882 41.45 22.66 5.27884 41.78 22.4097 5.43875 42.49671
4 0 21.16066 5.2763 42.51066 21.48582 5.18837 42.02403 22.4097 5.43875 42.49671 21.86777 5.56102 43.21777
4 0 20.67403 5.2992 42.83582 21.16066 5.2763 42.51066 21.86777 5.56102 43.21777 21.05671 5.59919 43.7597
3 0 18.65836 4.30204 40.13195 17.46 4.42781 41.19 17.63013 4.17659 40.17416
4 0 -5.3 2.86434 -38.72 -5.56 2.83804 -38.49 -5.52 2.9047 -38.95 -5.22 3 -39.656
3 0 -5.13876 2.90662 -39.03885 -5.3 2.86434 -38.72 -5.22 3 -39.656
3 0 -4.54071 3 -39.70077 -5.13876 2.90662 -39.03885 -5.22 3 -39.656
4 0 -4.54071 3 -39.70077 -5.22 3 -39.656 -4.75 3.19591 -40.34 -4.06 3.34427 -40.88
3 0 -3.75 3.23614 -40.54 -4.54071 3 -39.70077 -4.06 3.34427 -40.88
3 0 -3.23 3.35786 -40.98 -3.75 3.23614 -40.54 -4.06 3.34427 -40.88
4 0 -6.76 1.8529 -31.57 -7.69 1.75335 -30.71 -7.69 3.00008 -39.16565 -6.7534 3.00005 -39.35159
4 0 -7.69 9.3379 -56.13 -7.3892 9.30811 -56.12916 -7.34201 9.12748 -55.77103 -7.69 7.25123 -51.88429
4 0 -6.74 8.79708 -55.15 -7.34201 9.12748 -55.77103 -7.3892 9.30811 -56.12916 0 8.56655 -55.13311
4 0 -6.74333 6.83574 -51.22707 -6.74477 6.00002 -49.52637 -7.69 6.00114 -49.34077 -7.69 7.25123 -51.88429
3 0 -6.74333 6.83574 -51.22707 -7.69 7.25123 -51.88429 -7.34201 9.12748 -55.77103
3 0 -6.74 8.79708 -55.15 -6.74333 6.83574 -51.22707 -7.34201 9.12748 -55.77103
4 0 -7.19 3.76244 -41.85 -6.27 3.80289 -42.17 -6.75 3.33266 -40.48 -7.7 3.42962 -40.62
4 0 -7.19 3.76244 -41.85 -7.68 4.11259 -42.94 -6.75 4.11116 -43.12 -6.27 3.80289 -42.17
4 0 -5.53133 3.7157 -42.02114 -5.97 3.62017 -41.61 -6.27 3.80289 -42.17 -5.57876 3.82474 -42.38148
4 0 -4.67 3.86933 -42.59 -5.53133 3.7157 -42.02114 -5.57876 3.82474 -42.38148 -5.04 3.90364 -42.68
4 0 -6.7534 3.00005 -39.35159 -7.69 3.00008 -39.16565 -7.7 3.42962 -40.62 -6.75 3.33266 -40.48
4 0 -6.75 4.11116 -43.12 -7.68 4.11259 -42.94 -7.69 6.00114 -49.34077 -6.74477 6.00002 -49.52637
3 0 -6.27 3.80289 -42.17 -6.38 3.4997 -41.12 -6.75 3.33266 -40.48
3 0 -5.97 3.62017 -41.61 -6.38 3.4997 -41.12 -6.27 3.80289 -42.17
3 4 -5.22 3 -39.656 -5.52 2.9047 -38.95 -6.7534 3.00005 -39.35159
3 4 -5.52 2.9047 -38.95 -5.56 2.83804 -38.49 -6.7534 3.00005 -39.35159
4 4 -5.53 2.21142 -34.24603 -5.89603 2.16818 -33.88 -6.7534 3.00005 -39.35159 -5.56 2.83804 -38.49
4 4 -6.7534 3.00005 -39.35159 -5.89603 2.16818 -33.88 -6.03 2.09838 -33.38 -6.76 1.8529 -31.57
4 4 -5.03 2.21652 -34.38 -5.53 2.21142 -34.24603 -5.56 2.83804 -38.49 -5.3 2.86434 -38.72
4 4 -5.03 2.21652 -34.38 -5.3 2.86434 -38.72 -5.13876 2.90662 -39.03885 -4.50825 2.1819 -34.24889
4 4 -3.03667 2.42931 -35.99531 -4.50825 2.1819 -34.24889 -5.13876 2.90662 -39.03885 -3.19 2.60553 -37.16
4 4 -3.03667 2.77872 -38.32469 -3.19 2.60553 -37.16 -5.13876 2.90662 -39.03885 -4.54071 3 -39.70077
3 4 -2.58711 2.93707 -39.41 -3.03667 2.77872 -38.32469 -4.54071 3 -39.70077
3 4 -2.24807 3 -39.85185 -2.58711 2.93707 -39.41 -4.54071 3 -39.70077
4 4 -2.24807 3 -39.85185 -4.54071 3 -39.70077 -3.75 3.23614 -40.54 -3.23 3.35786 -40.98
3 4 -1.87198 3.1396 -40.34198 -2.24807 3 -39.85185 -3.23 3.35786 -40.98
3 4 -.94 3.33572 -41.05711 -1.87198 3.1396 -40.34198 -3.23 3.35786 -40.98
4 4 0 3.43394 -41.44648 -.94 3.33572 -41.05711 -3.23 3.35786 -40.98 -4.67 3.86933 -42.59
4 4 -4.67 3.86933 -42.59 -3.23 3.35786 -40.98 -4.06 3.34427 -40.88 -5.53133 3.7157 -42.02114
3 4 -4.75 3.19591 -40.34 -5.22 3 -39.656 -5.53133 3.7157 -42.02114
3 4 -4.06 3.34427 -40.88 -4.75 3.19591 -40.34 -5.53133 3.7157 -42.02114
4 4 -5.22 3 -39.656 -6.7534 3.00005 -39.35159 -6.75 3.33266 -40.48 -6.38 3.4997 -41.12
4 4 -5.22 3 -39.656 -6.38 3.4997 -41.12 -5.97 3.62017 -41.61 -5.53133 3.7157 -42.02114
4 4 -5.57876 3.82474 -42.38148 -6.27 3.80289 -42.17 -6.75 4.11116 -43.12 -6.525 6 -49.57
3 4 -6.525 6 -49.57 -6.75 4.11116 -43.12 -6.74477 6.00002 -49.52637
3 4 -5.04 3.90364 -42.68 -5.57876 3.82474 -42.38148 -6.525 6 -49.57
4 4 -4.67 3.86933 -42.59 -5.04 3.90364 -42.68 -6.525 6 -49.57 -1.84 4.17638 -43.8
4 4 -1.84 4.17638 -43.8 0 4.14 -43.8 0 3.43394 -41.44648 -4.67 3.86933 -42.59
3 4 -1.83363 6 -49.87916 -1.84 4.17638 -43.8 -6.525 6 -49.57
4 4 -1.83 7.7353 -53.35 -1.83363 6 -49.87916 -6.525 6 -49.57 -4.53 7.38125 -52.46397
3 0 0 9.0542 -56.1084 0 8.56655 -55.13311 -7.3892 9.30811 -56.12916
3 16 -7.3892 9.30811 -56.12916 -7.69 9.3379 -56.13 -7.83 11 -59.484
4 16 0 9.0542 -56.1084 -7.3892 9.30811 -56.12916 -7.83 11 -59.484 0 11 -60
4 0 7.38293 9.2871 -56.08766 10.11 9.54972 -56.08 9.22 8.98605 -55.11 7.25489 8.79651 -55.11493
4 0 7.25489 8.79651 -55.11493 0 8.56655 -55.13311 0 9.0542 -56.1084 7.38293 9.2871 -56.08766
4 16 13.588 7.2508 -50.71111 10.11369 7.25104 -51.40219 10.11 9.54972 -56.08 15.528 11 -57.954
4 16 7.83 11 -59.484 15.528 11 -57.954 10.11 9.54972 -56.08 7.38293 9.2871 -56.08766
3 3 -7.69 3 -39.16565 -7.69 1.75335 -30.71 -10.352 3 -38.636
3 3 -7.69 3 -39.16565 -10.352 3 -38.636 -7.7 3.42962 -40.62
4 3 -7.7 3.42962 -40.62 -10.352 3 -38.636 -7.68 4.11259 -42.94 -7.19 3.76244 -41.85
4 3 -7.69 6.00114 -49.34077 -7.68 4.11259 -42.94 -10.352 3 -38.636 -12.94 6 -48.295
3 15 7.24 8.16354 -53.83 6.9634 7.67969 -52.90049 7.08192 8.13378 -53.80086
4 0 7.08192 8.13378 -53.80086 6.99 8.11183 -53.76301 6.74 8.3201 -54.19603 7.15307 8.40642 -54.34144
3 0 6.9634 7.67969 -52.90049 6.89993 7.43651 -52.41831 6.74 7.45407 -52.46397
4 15 6.9634 7.67969 -52.90049 6.80699 7.76429 -53.08 6.74 7.88708 -53.33 6.80699 8.01429 -53.58
4 15 6.9634 7.67969 -52.90049 6.80699 8.01429 -53.58 6.99 8.11183 -53.76301 7.08192 8.13378 -53.80086
3 0 7.24 8.16354 -53.83 7.08192 8.13378 -53.80086 7.15307 8.40642 -54.34144
3 4 7.24 7.42633 -52.33 6.525 6 -49.57 6.89993 7.43651 -52.41831
4 4 6.74 7.45407 -52.46397 6.89993 7.43651 -52.41831 6.525 6 -49.57 4.7 6.36987 -50.43
4 15 4.7 3.97192 -42.93 4.13 3.96065 -42.93 4.13 4.78865 -45.69 4.7 4.79992 -45.69
4 15 3.1 3.94029 -42.93 2.53 3.92902 -42.93 2.53 5.17702 -47.09 3.1 5.18829 -47.09
4 15 1.5 3.90866 -42.93 .93 3.89739 -42.93 .93 4.63539 -45.39 1.5 4.64666 -45.39
4 15 4.7 5.02192 -46.43 4.13 5.01065 -46.43 4.13 5.98865 -49.69 4.70002 6 -49.69027
4 15 1.5 4.86866 -46.13 .93 4.85739 -46.13 .93 5.56539 -48.49 1.5 5.57666 -48.49
4 15 4.13 6.98108 -51.69 4.7 6.99987 -51.69 4.7 6.36987 -50.43 4.13 6.35108 -50.43
4 15 1.5 6 -49.90115 1.5 5.79866 -49.23 .93 5.78739 -49.23 .93 6 -49.93871
4 15 3.1 6.29715 -50.39 3.1 6 -49.79571 2.53 6 -49.83327 2.53 6.27836 -50.39
4 15 3.1 6 -49.79571 3.1 5.38029 -47.73 2.53 5.36902 -47.73 2.53 6 -49.83327
4 15 1.5 6 -49.90115 .93 6 -49.93871 .93 7.02564 -51.99 1.5 7.04443 -51.99
4 15 4.13 8.28108 -54.29 4.7 8.29987 -54.29 4.7 7.31987 -52.33 4.13 7.30108 -52.33
4 15 2.53 8.22836 -54.29 3.1 8.24715 -54.29 3.1 6.66715 -51.13 2.53 6.64836 -51.13
4 15 .93 8.17564 -54.29 1.5 8.19443 -54.29 1.5 7.36443 -52.63 .93 7.34564 -52.63
4 4 5.22 3 -39.656 5.02299 3 -39.66898 4.49198 3.1914 -40.34198 4.7 3.97192 -42.93
4 4 5.22 3 -39.656 4.7 3.97192 -42.93 4.7 4.79992 -45.69 6.525 6 -49.57
3 4 6.525 6 -49.57 4.7 4.79992 -45.69 4.7 5.02192 -46.43
4 4 4.7 5.02192 -46.43 4.7 4.79992 -45.69 4.13 4.78865 -45.69 4.13 5.01065 -46.43
4 4 3.1 3.94029 -42.93 4.13 4.78865 -45.69 4.13 3.96065 -42.93 3.56 3.38752 -41.05711
4 4 4.13 5.01065 -46.43 4.13 4.78865 -45.69 3.1 3.94029 -42.93 3.1 5.18829 -47.09
4 4 4.13 5.01065 -46.43 3.1 5.18829 -47.09 3.1 5.38029 -47.73 4.13 5.98865 -49.69
3 4 4.13 5.98865 -49.69 3.1 5.38029 -47.73 3.1 6 -49.79571
3 4 4.70002 6 -49.69027 4.13 5.98865 -49.69 3.1 6 -49.79571
4 4 4.70002 6 -49.69027 3.1 6 -49.79571 4.13 6.35108 -50.43 4.7 6.36987 -50.43
3 4 6.525 6 -49.57 4.70002 6 -49.69027 4.7 6.36987 -50.43
3 4 6.525 6 -49.57 4.7 5.02192 -46.43 4.70002 6 -49.69027
4 4 4.7 7.31987 -52.33 4.7 6.99987 -51.69 4.13 6.98108 -51.69 4.13 7.30108 -52.33
4 4 3.1 6.66715 -51.13 3.1 6.29715 -50.39 2.53 6.27836 -50.39 2.53 6.64836 -51.13
4 4 1.5 7.36443 -52.63 1.5 7.04443 -51.99 .93 7.02564 -51.99 .93 7.34564 -52.63
4 4 1.5 5.79866 -49.23 1.5 5.57666 -48.49 .93 5.56539 -48.49 .93 5.78739 -49.23
4 4 3.1 5.38029 -47.73 3.1 5.18829 -47.09 2.53 5.17702 -47.09 2.53 5.36902 -47.73
4 4 1.5 4.86866 -46.13 1.5 4.64666 -45.39 .93 4.63539 -45.39 .93 4.85739 -46.13
4 4 2.53 3.92902 -42.93 1.5 3.90866 -42.93 1.5 4.64666 -45.39 2.53 5.17702 -47.09
4 4 2.53 5.17702 -47.09 1.5 4.64666 -45.39 1.5 4.86866 -46.13 2.53 5.36902 -47.73
3 4 2.53 5.36902 -47.73 1.5 4.86866 -46.13 1.5 5.57666 -48.49
4 4 2.53 5.36902 -47.73 1.5 5.57666 -48.49 1.5 5.79866 -49.23 2.53 6 -49.83327
3 4 2.53 6 -49.83327 1.5 5.79866 -49.23 1.5 6 -49.90115
3 4 2.53 6.27836 -50.39 2.53 6 -49.83327 1.5 6 -49.90115
4 4 2.53 6.64836 -51.13 2.53 6.27836 -50.39 1.5 6 -49.90115 1.5 7.04443 -51.99
4 4 2.53 6.64836 -51.13 1.5 7.04443 -51.99 1.5 7.36443 -52.63 2.53 8.22836 -54.29
3 4 2.53 8.22836 -54.29 1.5 7.36443 -52.63 1.5 8.19443 -54.29
3 4 2.53 8.22836 -54.29 1.5 8.19443 -54.29 0 8.56655 -55.13311
3 4 1.5 8.19443 -54.29 .93 8.17564 -54.29 0 8.56655 -55.13311
3 4 4.13 6.35108 -50.43 3.1 6 -49.79571 3.1 6.29715 -50.39
4 4 4.13 6.35108 -50.43 3.1 6.29715 -50.39 3.1 6.66715 -51.13 4.13 6.98108 -51.69
4 4 4.13 7.30108 -52.33 4.13 6.98108 -51.69 3.1 6.66715 -51.13 3.1 8.24715 -54.29
3 4 4.13 8.28108 -54.29 4.13 7.30108 -52.33 3.1 8.24715 -54.29
4 4 4.13 8.28108 -54.29 3.1 8.24715 -54.29 0 8.56655 -55.13311 7.25489 8.79651 -55.11493
3 4 3.1 8.24715 -54.29 2.53 8.22836 -54.29 0 8.56655 -55.13311
4 4 7.25489 8.79651 -55.11493 7.15307 8.40642 -54.34144 6.74 8.3201 -54.19603 4.7 8.29987 -54.29
3 4 7.25489 8.79651 -55.11493 4.7 8.29987 -54.29 4.13 8.28108 -54.29
3 4 6.74 8.3201 -54.19603 6.37397 8.12502 -53.83 4.7 8.29987 -54.29
4 4 4.7 8.29987 -54.29 6.37397 8.12502 -53.83 6.24 7.87061 -53.33 4.7 7.31987 -52.33
4 4 4.7 7.31987 -52.33 6.24 7.87061 -53.33 6.37397 7.62502 -52.83 4.7 6.99987 -51.69
4 4 4.7 6.99987 -51.69 6.37397 7.62502 -52.83 6.74 7.45407 -52.46397 4.7 6.36987 -50.43
4 4 4.49198 3.1914 -40.34198 3.56 3.38752 -41.05711 4.13 3.96065 -42.93 4.7 3.97192 -42.93
4 4 3.1 3.94029 -42.93 3.56 3.38752 -41.05711 2.47469 3.50092 -41.50667 2.53 3.92902 -42.93
4 4 2.47469 3.50092 -41.50667 1.31 3.5239 -41.66 1.5 3.90866 -42.93 2.53 3.92902 -42.93
4 4 .93 3.89739 -42.93 1.5 3.90866 -42.93 1.31 3.5239 -41.66 .14531 3.45487 -41.50667
4 4 0 4.14 -43.8 .93 3.89739 -42.93 .14531 3.45487 -41.50667 0 3.43394 -41.44648
4 4 .93 4.63539 -45.39 .93 3.89739 -42.93 0 4.14 -43.8 0 4.56 -45.2
4 4 .93 7.02564 -51.99 .93 6 -49.93871 0 6 -50 0 6.4 -50.8
3 4 -6.525 6 -49.57 -6.74477 6.00002 -49.52637 -6.74333 6.83574 -51.22707
4 4 -5.53 7.4142 -52.46397 -6.525 6 -49.57 -6.74333 6.83574 -51.22707 -5.89603 7.60928 -52.83
4 4 -6.03 7.86369 -53.33 -5.89603 7.60928 -52.83 -6.74333 6.83574 -51.22707 -6.74 8.79708 -55.15
3 4 -5.89603 8.10928 -53.83 -6.03 7.86369 -53.33 -6.74 8.79708 -55.15
3 4 -5.53 8.28023 -54.19603 -5.89603 8.10928 -53.83 -6.74 8.79708 -55.15
3 4 -5.03 8.33074 -54.33 -5.53 8.28023 -54.19603 -6.74 8.79708 -55.15
4 4 -5.03 8.33074 -54.33 -6.74 8.79708 -55.15 0 8.56655 -55.13311 -4.53 8.24728 -54.19603
4 4 -4.16397 8.0522 -53.83 -4.53 8.24728 -54.19603 0 8.56655 -55.13311 -1.83 7.7353 -53.35
3 4 -1.83 7.7353 -53.35 -4.03 7.79779 -53.33 -4.16397 8.0522 -53.83
3 4 -1.83 7.7353 -53.35 -4.16397 7.5522 -52.83 -4.03 7.79779 -53.33
3 4 -1.83 7.7353 -53.35 -4.53 7.38125 -52.46397 -4.16397 7.5522 -52.83
3 4 -4.53 7.38125 -52.46397 -6.525 6 -49.57 -5.03 7.33074 -52.33
3 4 -5.03 7.33074 -52.33 -6.525 6 -49.57 -5.53 7.4142 -52.46397
4 4 .93 4.85739 -46.13 .93 4.63539 -45.39 0 4.56 -45.2 0 4.8 -46
4 4 0 4.8 -46 0 4.56 -45.2 -.16 4.59316 -45.3 -.14 4.74277 -45.8
4 4 .93 4.85739 -46.13 0 4.8 -46 0 5.19 -47.3 .93 5.56539 -48.49
4 4 .93 5.56539 -48.49 0 5.19 -47.3 0 5.31 -47.7 .93 5.78739 -49.23
3 4 0 5.31 -47.7 0 5.19 -47.3 -.1 5.25198 -47.5
4 4 .93 5.78739 -49.23 0 5.31 -47.7 0 6 -50 .93 6 -49.93871
4 4 0 6.4 -50.8 -.1 6.4533 -50.9 -.1 6.7533 -51.5 0 6.8 -51.6
4 4 .93 7.02564 -51.99 0 6.4 -50.8 0 6.8 -51.6 .93 7.34564 -52.63
4 4 .93 7.34564 -52.63 0 6.8 -51.6 0 7.675 -53.35 .93 8.17564 -54.29
3 4 .93 8.17564 -54.29 0 7.675 -53.35 0 8.56655 -55.13311
3 4 0 8.56655 -55.13311 0 7.675 -53.35 -1.83 7.7353 -53.35
4 15 0 6.8 -51.6 -.1 6.7533 -51.5 -1.83 7.7353 -53.35 0 7.675 -53.35
4 15 0 6.4 -50.8 0 6 -50 -1.83363 6 -49.87916 -.1 6.4533 -50.9
4 15 -.1 6.7533 -51.5 -.1 6.4533 -50.9 -1.83363 6 -49.87916 -1.83 7.7353 -53.35
4 15 0 5.31 -47.7 -.1 5.25198 -47.5 -1.83363 6 -49.87916 0 6 -50
4 15 0 4.56 -45.2 0 4.14 -43.8 -1.84 4.17638 -43.8 -.16 4.59316 -45.3
4 15 -.14 4.74277 -45.8 -.16 4.59316 -45.3 -1.84 4.17638 -43.8 -.1 5.25198 -47.5
3 15 -.1 5.25198 -47.5 -1.84 4.17638 -43.8 -1.83363 6 -49.87916
4 15 0 4.8 -46 -.14 4.74277 -45.8 -.1 5.25198 -47.5 0 5.19 -47.3
4 16 7.38293 9.2871 -56.08766 0 9.0542 -56.1084 0 11 -60 7.83 11 -59.484
4 0 18.03038 5.81866 45.93257 17.00066 5.92273 46.64712 17.03894 5.76013 46.0631 17.71683 5.5254 45.00889
4 0 16.7418 6.07867 47.17203 17.96659 6.14942 46.90594 17.50221 6.50919 47.82148 16.25798 6.11991 47.42295
4 0 16.25798 6.11991 47.42295 17.50221 6.50919 47.82148 16.7499 6.6073 48.28324 15.56426 6 47.40542
4 0 16.33491 5.38631 44.98886 15.65 5.2465 44.73 15.90882 4.99645 43.76407 16.94368 5.21918 44.19551
4 0 16.85081 5.58418 45.50889 16.33491 5.38631 44.98886 16.94368 5.21918 44.19551 17.71683 5.5254 45.00889
3 0 17.71683 5.5254 45.00889 17.03894 5.76013 46.0631 16.85081 5.58418 45.50889
4 0 13.01836 4.03921 41.38195 11.88583 4.30997 42.71678 11.88016 4.07345 41.88802 12.09448 3.84108 40.99927
3 0 14.45 4.83741 43.7 14.45 5.12214 44.7 13.62703 4.80482 43.86454
3 0 12.24031 5.18892 45.6836 11.41157 4.95987 45.07157 11.95549 4.85876 44.62058
3 0 13.30195 5.07635 44.92836 12.24031 5.18892 45.6836 11.95549 4.85876 44.62058
4 0 17.96659 6.14942 46.90594 16.7418 6.07867 47.17203 16.85415 6 46.96817 17.99879 6 46.58016
4 0 17.00066 5.92273 46.64712 18.03038 5.81866 45.93257 17.99879 6 46.58016 16.85415 6 46.96817
4 0 23.16 4.07247 36.82 24.28843 4.64628 38.36157 22.99073 4.2129 37.49448 21.96 3.80971 36.57
4 0 22.29 3.70223 35.92 23.16 4.07247 36.82 21.96 3.80971 36.57 20.9 3.44027 35.8
4 0 21.17 3.30277 35.07 22.29 3.70223 35.92 20.9 3.44027 35.8 20.52838 3.31703 35.55516
4 0 21.17 3.30277 35.07 20.52838 3.31703 35.55516 20 3 34.64 20.16149 3 34.53224
3 0 20.16149 3 34.53224 20 3 34.64 19.87223 2.96167 34.41871
3 0 22.60805 4.38008 38.41836 22.11519 4.26911 38.30351 21.46921 3.88153 37.18468
3 0 22.11519 4.26911 38.30351 21.46 4.15133 38.19 21.46921 3.88153 37.18468
4 0 24.50193 5.70116 42.43734 25.24 5.52489 41.24 25.26 5.85833 42.56 25 6 43.3
3 0 25.26 5.85833 42.56 25.2284 6 43.1476 25 6 43.3
3 0 25.2284 6 43.1476 25.18607 6.18607 43.62227 25 6 43.3
4 0 22.4097 4.89865 40.49329 21.6 5.04882 41.45 21.47 4.92907 41.07 22.06 4.81079 40.34
4 0 22.06 4.81079 40.34 21.47 4.92907 41.07 21.49 4.83468 40.71 21.67 4.78854 40.45
4 0 21.6 5.04882 41.45 22.4097 4.89865 40.49329 22.66485 5.07504 41.02165 22.66 5.27884 41.78
4 3 26.25 7.25056 45.46633 25.18607 6.18607 43.62227 25.2284 6 43.1476 31.95998 7.24841 41.65105
3 3 31.95998 7.24841 41.65105 25.2284 6 43.1476 30.44 6 39.67
3 3 30.44 6 39.67 25.2284 6 43.1476 25.26 5.85833 42.56
3 3 30.44 6 39.67 25.26 5.85833 42.56 25.24 5.52489 41.24
3 3 30.44 6 39.67 25.24 5.52489 41.24 24.95552 5.08962 39.68927
4 3 30.44 6 39.67 24.95552 5.08962 39.68927 24.28843 4.64628 38.36157 24.352 3 31.736
3 3 24.352 3 31.736 24.28843 4.64628 38.36157 23.16 4.07247 36.82
3 3 24.352 3 31.736 23.16 4.07247 36.82 22.29 3.70223 35.92
3 3 24.352 3 31.736 22.29 3.70223 35.92 21.17 3.30277 35.07
3 3 24.352 3 31.736 21.17 3.30277 35.07 20.16149 3 34.53224
4 3 24.352 3 31.736 20.16149 3 34.53224 19.87223 2.96167 34.41871 16.43656 1.04975 21.42054
3 3 19.87223 2.96167 34.41871 13.5 1.05009 23.38269 16.43656 1.04975 21.42054
4 14 21.96 3.80971 36.57 22.99073 4.2129 37.49448 21.46921 3.88153 37.18468 20.9 3.44027 35.8
3 14 21.46921 3.88153 37.18468 20.52838 3.31703 35.55516 20.9 3.44027 35.8
4 14 20.52838 3.31703 35.55516 21.46921 3.88153 37.18468 19.92927 3.76013 37.49448 19.41049 3 34.93099
4 14 18.56428 3 35.34868 19.41049 3 34.93099 19.92927 3.76013 37.49448 18.63157 3.8212 38.36157
3 14 18.63157 3.8212 38.36157 18.21 3.17158 36.16 18.56428 3 35.34868
4 14 17.57 3.29669 36.94 18.21 3.17158 36.16 18.63157 3.8212 38.36157 17.32073 3.77426 38.83448
3 14 18.63157 3.8212 38.36157 18.00852 3.98967 39.29404 17.32073 3.77426 38.83448
3 14 17.57 3.29669 36.94 17.32073 3.77426 38.83448 16.73 3.33588 37.5
4 14 15.68624 3.2965 37.86913 16.73 3.33588 37.5 17.32073 3.77426 38.83448 15.97398 3.52207 38.56379
3 0 20.52838 3.31703 35.55516 19.41049 3 34.93099 20 3 34.64
4 0 19.87223 2.96167 34.41871 20 3 34.64 19.41049 3 34.93099 18.69 2.9061 34.59
4 0 18.77 2.80628 33.81 19.87223 2.96167 34.41871 18.69 2.9061 34.59 17.81 2.81789 34.37
4 0 18.09 2.72869 33.57 18.77 2.80628 33.81 17.81 2.81789 34.37 17.43 2.68343 33.56
4 0 16.79 2.67454 33.81 17.43 2.68343 33.56 17.81 2.81789 34.37 16.3 2.68642 34.14
4 0 16.3 2.68642 34.14 17.81 2.81789 34.37 16.2 2.7876 34.94 15.67 2.67955 34.4
4 0 15.67 2.67955 34.4 16.2 2.7876 34.94 14.67418 2.75157 35.42584 14.40482 2.646 34.77558
3 3 19.87223 2.96167 34.41871 18.77 2.80628 33.81 13.5 1.05009 23.38269
3 3 18.77 2.80628 33.81 18.09 2.72869 33.57 13.5 1.05009 23.38269
3 3 18.09 2.72869 33.57 17.43 2.68343 33.56 13.5 1.05009 23.38269
4 3 13.5 1.05009 23.38269 17.43 2.68343 33.56 16.79 2.67454 33.81 10.33245 1.0499 24.94475
4 3 10.33245 1.0499 24.94475 16.79 2.67454 33.81 16.3 2.68642 34.14 15.67 2.67955 34.4
3 3 15.67 2.67955 34.4 14.40482 2.646 34.77558 10.33245 1.0499 24.94475
4 3 6.98811 1.05012 26.08 10.33245 1.0499 24.94475 14.40482 2.646 34.77558 12.47 2.62586 35.29
4 3 6.98811 1.05012 26.08 12.47 2.62586 35.29 10.89 2.59517 35.61 9.60199 2.56529 35.83679
3 0 16.42041 3.87202 39.64154 15.79 3.77942 39.53 15.97398 3.52207 38.56379
3 0 16.93805 3.9724 39.75836 16.42041 3.87202 39.64154 15.97398 3.52207 38.56379
4 0 18.69 2.9061 34.59 18.56428 3 35.34868 17.86 2.86301 34.68 17.81 2.81789 34.37
3 0 18.56428 3 35.34868 17.82 2.93448 35.23 17.86 2.86301 34.68
3 0 18.56428 3 35.34868 17.61 2.99869 35.81 17.82 2.93448 35.23
4 0 17.61 2.99869 35.81 18.56428 3 35.34868 18.21 3.17158 36.16 17.57 3.29669 36.94
4 0 17.15 3.09792 36.41 17.61 2.99869 35.81 17.57 3.29669 36.94 16.73 3.33588 37.5
4 0 16.46 3.1355 36.89 17.15 3.09792 36.41 16.73 3.33588 37.5 15.68624 3.2965 37.86913
3 0 16.46 3.1355 36.89 15.68624 3.2965 37.86913 15.41567 3.0844 37.21594
4 16 16.46 3.1355 36.89 15.41567 3.0844 37.21594 15.308 3 36.956 17.15 3.09792 36.41
3 16 17.61 2.99869 35.81 17.15 3.09792 36.41 15.308 3 36.956
4 16 17.82 2.93448 35.23 17.61 2.99869 35.81 15.308 3 36.956 17.86 2.86301 34.68
4 16 17.86 2.86301 34.68 15.308 3 36.956 16.2 2.7876 34.94 17.81 2.81789 34.37
3 16 16.2 2.7876 34.94 15.308 3 36.956 14.67418 2.75157 35.42584
3 14 19.41049 3 34.93099 18.56428 3 35.34868 18.69 2.9061 34.59
4 16 24.50193 5.70116 42.43734 22.11519 4.26911 38.30351 22.60805 4.38008 38.41836 24.4 5.37972 41.22
4 16 24.17164 5.05452 40.07195 24.4 5.37972 41.22 22.60805 4.38008 38.41836 23.58132 4.70512 39.06868
4 16 16.93805 3.9724 39.75836 17.63013 4.17659 40.17416 17.46 4.42781 41.19 16.42041 3.87202 39.64154
3 16 17.707 4.77987 42.374 16.42041 3.87202 39.64154 17.46 4.42781 41.19
3 16 19.135 6 46.195 16.42041 3.87202 39.64154 17.707 4.77987 42.374
3 16 19.135 6 46.195 17.707 4.77987 42.374 18.33223 5.09054 43.21777
3 16 19.14329 5.34457 43.7597 19.135 6 46.195 18.33223 5.09054 43.21777
3 16 20.1 5.52319 43.95 19.135 6 46.195 19.14329 5.34457 43.7597
3 16 21.05671 5.59919 43.7597 19.135 6 46.195 20.1 5.52319 43.95
4 16 19.135 6 46.195 21.05671 5.59919 43.7597 21.86777 5.56102 43.21777 24.41446 6 43.58903
4 16 24.41446 6 43.58903 21.86777 5.56102 43.21777 22.4097 5.43875 42.49671 24.50193 5.70116 42.43734
3 16 24.50193 5.70116 42.43734 22.4097 5.43875 42.49671 22.66 5.27884 41.78
3 16 24.50193 5.70116 42.43734 22.66 5.27884 41.78 22.66485 5.07504 41.02165
4 16 22.11519 4.26911 38.30351 24.50193 5.70116 42.43734 22.66485 5.07504 41.02165 22.4097 4.89865 40.49329
3 0 25 6 43.3 24.41446 6 43.58903 24.50193 5.70116 42.43734
4 0 24.41446 6 43.58903 25 6 43.3 25.18607 6.18607 43.62227 24.09 6.46316 44.78
4 16 22.11519 4.26911 38.30351 22.4097 4.89865 40.49329 22.06 4.81079 40.34 21.46 4.15133 38.19
4 16 21.46 4.15133 38.19 22.06 4.81079 40.34 21.67 4.78854 40.45 20.31195 4.06012 38.41836
4 16 20.31195 4.06012 38.41836 21.67 4.78854 40.45 21.49 4.83468 40.71 19.33868 4.10592 39.06868
4 16 18.65836 4.30204 40.13195 19.33868 4.10592 39.06868 21.49 4.83468 40.71 18.501 4.57469 41.221
3 16 21.49 4.83468 40.71 21.47 4.92907 41.07 18.501 4.57469 41.221
4 16 18.501 4.57469 41.221 21.47 4.92907 41.07 21.6 5.04882 41.45 21.48582 5.18837 42.02403
4 16 18.501 4.57469 41.221 21.48582 5.18837 42.02403 21.16066 5.2763 42.51066 20.67403 5.2992 42.83582
4 16 18.67418 4.78996 41.93403 18.501 4.57469 41.221 20.67403 5.2992 42.83582 19.03934 4.99401 42.51066
4 16 19.03934 4.99401 42.51066 20.67403 5.2992 42.83582 20.1 5.2536 42.95 19.52597 5.14643 42.83582
3 16 19.135 6 46.195 17.99879 6 46.58016 18.03038 5.81866 45.93257
4 16 19.135 6 46.195 18.03038 5.81866 45.93257 17.71683 5.5254 45.00889 16.42041 3.87202 39.64154
3 16 17.71683 5.5254 45.00889 16.94368 5.21918 44.19551 16.42041 3.87202 39.64154
4 16 16.42041 3.87202 39.64154 16.94368 5.21918 44.19551 15.90882 4.99645 43.76407 15.79 3.77942 39.53
4 16 14.64195 3.73363 39.75836 15.79 3.77942 39.53 15.90882 4.99645 43.76407 14.45 4.83741 43.7
4 16 13.66868 3.82486 40.40868 14.64195 3.73363 39.75836 14.45 4.83741 43.7 13.01836 4.03921 41.38195
4 16 14.45 4.83741 43.7 13.62703 4.80482 43.86454 13.29489 4.70715 43.63409 12.87064 4.35557 42.54313
3 16 14.45 4.83741 43.7 12.87064 4.35557 42.54313 13.01836 4.03921 41.38195
4 0 14.33 3.06335 37.51 15.41567 3.0844 37.21594 15.68624 3.2965 37.86913 14.48 3.2572 38.14
4 0 13.51456 3 37.56395 14.33 3.06335 37.51 14.48 3.2572 38.14 13.18 3.1659 38.26
4 0 13.51456 3 37.56395 13.18 3.1659 38.26 12.01 3.05582 38.27 11.4811 3 38.25325
3 0 13.51456 3 37.56395 11.4811 3 38.25325 12.41 2.95325 37.61
4 0 11.05 2.86911 37.48 12.41 2.95325 37.61 11.4811 3 38.25325 10.20849 2.91682 38.1004
3 0 11.05 2.86911 37.48 10.20849 2.91682 38.1004 9.99694 2.79421 37.31082
4 0 8.84 2.75576 37.28 9.99694 2.79421 37.31082 10.20849 2.91682 38.1004 8.91 2.87134 38.05
4 0 7.57 2.73476 37.39 8.84 2.75576 37.28 8.91 2.87134 38.05 7.57 2.83207 38.05
4 16 15.308 3 36.956 15.41567 3.0844 37.21594 14.33 3.06335 37.51 13.51456 3 37.56395
4 16 14.67418 2.75157 35.42584 15.308 3 36.956 13.51456 3 37.56395 12.41 2.95325 37.61
4 16 14.67418 2.75157 35.42584 12.41 2.95325 37.61 11.05 2.86911 37.48 13.15 2.74267 35.88
3 16 13.15 2.74267 35.88 11.05 2.86911 37.48 11.5 2.71714 36.26
4 16 9.81038 2.68608 36.61454 11.5 2.71714 36.26 11.05 2.86911 37.48 9.99694 2.79421 37.31082
4 0 14.67418 2.75157 35.42584 13.15 2.74267 35.88 12.47 2.62586 35.29 14.40482 2.646 34.77558
4 0 13.15 2.74267 35.88 11.5 2.71714 36.26 10.89 2.59517 35.61 12.47 2.62586 35.29
4 0 11.5 2.71714 36.26 9.81038 2.68608 36.61454 9.60199 2.56529 35.83679 10.89 2.59517 35.61
3 14 12.53536 4.81281 44.26263 11.95549 4.85876 44.62058 12.10867 4.58411 43.60408
4 14 11.88583 4.30997 42.71678 12.10867 4.58411 43.60408 11.95549 4.85876 44.62058 10.352 3 38.636
3 14 11.88583 4.30997 42.71678 10.352 3 38.636 11.88016 4.07345 41.88802
3 14 12.09448 3.84108 40.99927 11.88016 4.07345 41.88802 10.352 3 38.636
4 14 12.96157 3.55527 39.70157 12.09448 3.84108 40.99927 10.352 3 38.636 11.4811 3 38.25325
3 14 12.96157 3.55527 39.70157 11.4811 3 38.25325 12.01 3.05582 38.27
4 14 13.18 3.1659 38.26 14.25927 3.43364 38.83448 12.96157 3.55527 39.70157 12.01 3.05582 38.27
4 14 14.25927 3.43364 38.83448 13.18 3.1659 38.26 14.48 3.2572 38.14 15.97398 3.52207 38.56379
3 14 15.97398 3.52207 38.56379 14.48 3.2572 38.14 15.68624 3.2965 37.86913
3 14 11.4811 3 38.25325 10.352 3 38.636 10.20849 2.91682 38.1004
4 14 8.91 2.87134 38.05 10.20849 2.91682 38.1004 10.352 3 38.636 7.57 2.83207 38.05
4 14 7.57 2.83207 38.05 10.352 3 38.636 5.22 3 39.656 6.5 2.82283 38.2
4 14 4.59 2.92387 39.19 5.11401 2.87817 38.85079 5.22 3 39.656 4.18829 3 39.72399
4 14 5.517 2.85232 38.59539 6.5 2.82283 38.2 5.22 3 39.656 5.11401 2.87817 38.85079
4 14 6.525 6 49.57 5.51111 6 49.63682 4.69 5.75372 48.87 5.22 3 39.656
4 14 5.22 3 39.656 4.69 5.75372 48.87 4 5.44008 47.87 3.47 4.9946 46.42
4 14 5.22 3 39.656 3.47 4.9946 46.42 3.17 4.52367 44.87 3.08 4.13789 43.59
4 14 4.18829 3 39.72399 5.22 3 39.656 3.08 4.13789 43.59 3.6 3.29917 40.76
3 14 3.6 3.29917 40.76 3.08 4.13789 43.59 3.21 3.71146 42.16
4 0 11.58038 6 48.56523 11.67836 6.14857 48.84805 10.75448 6.24641 49.23073 10.56655 6 48.76673
4 0 10.42724 5.46189 46.96963 10.78448 5.19078 45.97927 11.67836 5.41205 46.55195 10.36 5.72936 47.89
3 14 10.56655 6 48.76673 6.525 6 49.57 10.36 5.72936 47.89
4 14 10.42724 5.46189 46.96963 10.36 5.72936 47.89 6.525 6 49.57 5.22 3 39.656
3 14 10.78448 5.19078 45.97927 10.42724 5.46189 46.96963 5.22 3 39.656
3 14 11.41157 4.95987 45.07157 10.78448 5.19078 45.97927 5.22 3 39.656
4 14 11.95549 4.85876 44.62058 11.41157 4.95987 45.07157 5.22 3 39.656 10.352 3 38.636
3 14 6.63418 6.41832 50.39945 5.51111 6 49.63682 6.525 6 49.57
4 14 7.79 6.76741 50.88 6.63418 6.41832 50.39945 6.525 6 49.57 9.12 6.99071 51.07
4 14 10.39 7.09019 51.02 9.12 6.99071 51.07 6.525 6 49.57 10.75448 6.24641 49.23073
3 14 10.75448 6.24641 49.23073 6.525 6 49.57 10.56655 6 48.76673
3 0 11.58038 6 48.56523 10.56655 6 48.76673 11.41 5.71423 47.63
3 14 11.62157 6.96889 50.52843 10.39 7.09019 51.02 10.75448 6.24641 49.23073
4 0 11.62157 6.96889 50.52843 12.32868 6.69044 49.82132 12.53 6.94045 50.29 12.53 7.13704 50.69
4 0 11.62157 6.96889 50.52843 12.53 7.13704 50.69 12.25 7.36526 51.21 11.75 7.48352 51.55
4 0 10.39 7.09019 51.02 11.62157 6.96889 50.52843 11.75 7.48352 51.55 10.81 7.57355 51.92
4 0 10.39 7.09019 51.02 10.81 7.57355 51.92 9.5 7.52913 52.09 9.12 6.99071 51.07
4 0 9.12 6.99071 51.07 9.5 7.52913 52.09 7.84 7.54883 52.46 7.79 6.76741 50.88
4 0 7.79 6.76741 50.88 7.84 7.54883 52.46 6.84754 7.23579 52.02032 6.63418 6.41832 50.39945
4 0 6.63418 6.41832 50.39945 6.84754 7.23579 52.02032 5.45 6.70458 51.05 5.51111 6 49.63682
3 0 5.51111 6 49.63682 5.45 6.70458 51.05 4.10327 6 49.72959
3 0 5.51111 6 49.63682 4.10327 6 49.72959 4.69 5.75372 48.87
4 0 4 5.44008 47.87 4.69 5.75372 48.87 4.10327 6 49.72959 3.24 5.50906 48.15
4 0 3.47 4.9946 46.42 4 5.44008 47.87 3.24 5.50906 48.15 2.67 5.00579 46.51
4 0 3.47 4.9946 46.42 2.67 5.00579 46.51 2.31 4.52467 44.93 3.17 4.52367 44.87
4 0 3.17 4.52367 44.87 2.31 4.52467 44.93 2.24 4.08829 43.48 3.08 4.13789 43.59
4 0 3.21 3.71146 42.16 3.08 4.13789 43.59 2.24 4.08829 43.48 2.43 3.60304 41.85
4 0 3.21 3.71146 42.16 2.43 3.60304 41.85 2.78 3.26796 40.71 3.6 3.29917 40.76
4 0 3.6 3.29917 40.76 2.78 3.26796 40.71 3.20388 3 39.78886 4.18829 3 39.72399
4 0 4.59 2.92387 39.19 4.18829 3 39.72399 3.20388 3 39.78886 3.95 2.81555 38.51
4 0 5.11401 2.87817 38.85079 4.59 2.92387 39.19 3.95 2.81555 38.51 4.91815 2.65305 37.36288
4 0 5.517 2.85232 38.59539 5.11401 2.87817 38.85079 4.91815 2.65305 37.36288 5.78 2.5673 36.61
4 0 6.5 2.82283 38.2 5.517 2.85232 38.59539 5.78 2.5673 36.61 7.33 2.64516 36.83
4 0 7.57 2.73476 37.39 7.57 2.83207 38.05 6.5 2.82283 38.2 7.33 2.64516 36.83
4 0 7.33 2.64516 36.83 5.78 2.5673 36.61 7.04 2.52902 36.1 8.26 2.55298 36.02
4 0 8.13 2.64648 36.68 7.33 2.64516 36.83 8.26 2.55298 36.02 9.60199 2.56529 35.83679
4 0 8.85 2.66464 36.66 8.13 2.64648 36.68 9.60199 2.56529 35.83679 9.81038 2.68608 36.61454
4 16 9.99694 2.79421 37.31082 8.84 2.75576 37.28 8.85 2.66464 36.66 9.81038 2.68608 36.61454
4 16 7.57 2.73476 37.39 7.33 2.64516 36.83 8.13 2.64648 36.68 8.84 2.75576 37.28
3 16 8.85 2.66464 36.66 8.84 2.75576 37.28 8.13 2.64648 36.68
4 3 6.98811 1.05012 26.08 9.60199 2.56529 35.83679 8.26 2.55298 36.02 7.04 2.52902 36.1
4 3 3.52421 1.05019 26.76901 6.98811 1.05012 26.08 7.04 2.52902 36.1 5.78 2.5673 36.61
3 3 5.78 2.5673 36.61 4.91815 2.65305 37.36288 3.52421 1.05019 26.76901
4 3 3.52421 1.05019 26.76901 4.91815 2.65305 37.36288 3.95 2.81555 38.51 0 1.05 27
4 3 0 1.05 27 3.95 2.81555 38.51 3.20388 3 39.78886 0 3 40
3 3 3.20388 3 39.78886 2.78 3.26796 40.71 0 3 40
3 3 2.78 3.26796 40.71 2.43 3.60304 41.85 0 3 40
3 3 2.43 3.60304 41.85 2.24 4.08829 43.48 0 3 40
4 3 0 3 40 2.24 4.08829 43.48 2.31 4.52467 44.93 0 6 50
3 3 2.67 5.00579 46.51 0 6 50 2.31 4.52467 44.93
3 3 3.24 5.50906 48.15 0 6 50 2.67 5.00579 46.51
3 3 4.10327 6 49.72959 0 6 50 3.24 5.50906 48.15
4 3 0 7.25 52.5 0 6 50 4.10327 6 49.72959 5.45 6.70458 51.05
3 3 6.84754 7.23579 52.02032 0 7.25 52.5 5.45 6.70458 51.05
4 16 0 11 60 0 7.25 52.5 6.84754 7.23579 52.02032 7.83 11 59.484
4 16 7.83 11 59.484 6.84754 7.23579 52.02032 7.84 7.54883 52.46 8.93 7.90596 52.97
4 16 19.135 6 46.195 24.41446 6 43.58903 24.09 6.46316 44.78 23.44 7.02892 46.36
4 16 19.135 6 46.195 23.44 7.02892 46.36 22.68 7.50289 47.79 21.7 7.81124 48.96
3 16 21.7 7.81124 48.96 20.66974 8.00515 49.90011 19.135 6 46.195
4 0 21.03152 8.47782 50.77351 20.66974 8.00515 49.90011 21.7 7.81124 48.96 22.28 8.23193 49.61
4 0 23.35 7.89411 48.33 22.28 8.23193 49.61 21.7 7.81124 48.96 22.68 7.50289 47.79
4 0 24.25 7.39279 46.77 23.35 7.89411 48.33 22.68 7.50289 47.79 23.44 7.02892 46.36
4 0 24.88 6.82709 45.2 24.25 7.39279 46.77 23.44 7.02892 46.36 24.09 6.46316 44.78
3 0 25.18607 6.18607 43.62227 24.88 6.82709 45.2 24.09 6.46316 44.78
3 3 26.25 7.25056 45.46633 24.25 7.39279 46.77 24.88 6.82709 45.2
3 3 26.25 7.25056 45.46633 24.88 6.82709 45.2 25.18607 6.18607 43.62227
3 16 22.962 11 55.434 21.03152 8.47782 50.77351 22.28 8.23193 49.61
4 16 22.962 11 55.434 22.28 8.23193 49.61 23.35 7.89411 48.33 30 11 51.96
4 16 30 11 51.96 23.35 7.89411 48.33 24.25 7.39279 46.77 26.25 7.25056 45.46633
4 16 21.03152 8.47782 50.77351 22.962 11 55.434 15.528 11 57.954 19.64 8.68415 51.68
3 16 19.64 8.68415 51.68 15.528 11 57.954 18.17 8.7941 52.41
3 16 18.17 8.7941 52.41 15.528 11 57.954 16.58 8.81356 52.99
3 16 16.58 8.81356 52.99 15.528 11 57.954 15.23 8.74825 53.31
3 16 15.528 11 57.954 14.32247 8.67093 53.4547 15.23 8.74825 53.31
4 16 13.07 8.59051 53.54 14.32247 8.67093 53.4547 15.528 11 57.954 7.83 11 59.484
3 16 13.07 8.59051 53.54 7.83 11 59.484 11.57 8.41941 53.49
3 16 11.57 8.41941 53.49 7.83 11 59.484 10.17 8.17944 53.28
3 16 10.17 8.17944 53.28 7.83 11 59.484 8.93 7.90596 52.97
4 0 20.66974 8.00515 49.90011 21.03152 8.47782 50.77351 19.64 8.68415 51.68 19.24 8.27338 50.95
4 0 19.24 8.27338 50.95 19.64 8.68415 51.68 18.17 8.7941 52.41 17.9 8.39 51.65
4 0 17.9 8.39 51.65 18.17 8.7941 52.41 16.58 8.81356 52.99 16.38 8.41598 52.22
4 0 16.38 8.41598 52.22 16.58 8.81356 52.99 15.23 8.74825 53.31 15.08 8.33024 52.48
4 0 15.08 8.33024 52.48 15.23 8.74825 53.31 14.32247 8.67093 53.4547 14.0989 8.239 52.62029
4 0 14.0989 8.239 52.62029 14.32247 8.67093 53.4547 13.07 8.59051 53.54 12.95 8.17577 52.72
4 0 12.95 8.17577 52.72 13.07 8.59051 53.54 11.57 8.41941 53.49 11.78 8.06148 52.72
4 0 11.78 8.06148 52.72 11.57 8.41941 53.49 10.17 8.17944 53.28 10.5 7.81358 52.47
4 0 10.5 7.81358 52.47 10.17 8.17944 53.28 8.93 7.90596 52.97 9.5 7.52913 52.09
3 0 9.5 7.52913 52.09 8.93 7.90596 52.97 7.84 7.54883 52.46
4 16 10.5 7.81358 52.47 9.5 7.52913 52.09 10.81 7.57355 51.92 11.78 8.06148 52.72
4 16 11.78 8.06148 52.72 10.81 7.57355 51.92 11.75 7.48352 51.55 12.95 8.17577 52.72
4 16 12.95 8.17577 52.72 11.75 7.48352 51.55 12.25 7.36526 51.21 14.0989 8.239 52.62029
3 16 14.0989 8.239 52.62029 12.25 7.36526 51.21 12.53 7.13704 50.69
4 16 14.0989 8.239 52.62029 12.53 7.13704 50.69 12.53 6.94045 50.29 12.94 6 48.295
3 16 12.94 6 48.295 12.53 6.94045 50.29 12.32868 6.69044 49.82132
4 16 12.94 6 48.295 12.32868 6.69044 49.82132 11.67836 6.14857 48.84805 11.58038 6 48.56523
4 16 12.94 6 48.295 11.58038 6 48.56523 11.41 5.71423 47.63 11.67836 5.41205 46.55195
3 16 12.94 6 48.295 11.67836 5.41205 46.55195 12.24031 5.18892 45.6836
4 16 14.31018 6 47.83053 12.94 6 48.295 12.24031 5.18892 45.6836 14.27 5.89347 47.47
4 16 14.27 5.89347 47.47 12.24031 5.18892 45.6836 13.30195 5.07635 44.92836 14.45 5.12214 44.7
4 16 14.44 5.83015 47.19 14.27 5.89347 47.47 14.45 5.12214 44.7 15.65 5.2465 44.73
4 16 14.87 5.84603 47.1 14.44 5.83015 47.19 15.65 5.2465 44.73 16.33491 5.38631 44.98886
4 16 15.27 5.90741 47.18 14.87 5.84603 47.1 16.33491 5.38631 44.98886 16.85081 5.58418 45.50889
4 16 16.7418 6.07867 47.17203 16.25798 6.11991 47.42295 15.56426 6 47.40542 16.85415 6 46.96817
4 16 17.00066 5.92273 46.64712 16.85415 6 46.96817 15.56426 6 47.40542 17.03894 5.76013 46.0631
4 16 17.03894 5.76013 46.0631 15.56426 6 47.40542 15.27 5.90741 47.18 16.85081 5.58418 45.50889
4 0 14.31018 6 47.83053 14.27 5.89347 47.47 14.44 5.83015 47.19 14.87 5.84603 47.1
4 0 14.31018 6 47.83053 14.87 5.84603 47.1 15.27 5.90741 47.18 15.56426 6 47.40542
4 0 14.46 6.15198 48.1 14.31018 6 47.83053 15.56426 6 47.40542 14.83 6.32064 48.33
4 0 15.45463 6.48975 48.4746 14.83 6.32064 48.33 15.56426 6 47.40542 16.13226 6.59606 48.46892
3 0 16.7499 6.6073 48.28324 16.13226 6.59606 48.46892 15.56426 6 47.40542
4 16 12.94 6 48.295 14.31018 6 47.83053 14.46 6.15198 48.1 14.0989 8.239 52.62029
4 16 14.0989 8.239 52.62029 14.46 6.15198 48.1 14.83 6.32064 48.33 15.08 8.33024 52.48
4 16 15.08 8.33024 52.48 14.83 6.32064 48.33 15.45463 6.48975 48.4746 16.38 8.41598 52.22
4 16 17.9 8.39 51.65 16.38 8.41598 52.22 15.45463 6.48975 48.4746 16.13226 6.59606 48.46892
3 16 17.9 8.39 51.65 16.13226 6.59606 48.46892 16.7499 6.6073 48.28324
4 16 17.9 8.39 51.65 16.7499 6.6073 48.28324 17.50221 6.50919 47.82148 19.24 8.27338 50.95
4 16 20.66974 8.00515 49.90011 19.24 8.27338 50.95 17.50221 6.50919 47.82148 17.96659 6.14942 46.90594
4 16 19.135 6 46.195 20.66974 8.00515 49.90011 17.96659 6.14942 46.90594 17.99879 6 46.58016
4 4 0 3 -40 1.31 3.3139 -40.96 2.29351 3.2945 -40.83052 3.21 3.19873 -40.4509
4 4 0 3 -40 3.21 3.19873 -40.4509 3.99701 3.03312 -39.84701 4.08624 3 -39.73072