0 Minifig Cap with Long Flat Peak with White "POLICE" and Red Line Pattern
0 Name: 4485bp01.dat
0 Author: Chris Böhnke [KnightOfTarenta]
0 !LDRAW_ORG Part UPDATE 2026-07
0 !LICENSE Licensed under CC BY 4.0 : see CAreadme.txt

0 BFC CERTIFY CCW

0 !CATEGORY Minifig Headwear
0 !KEYWORDS Bricklink 4485pb01, Brickowl 641540, Brickset 81884, city center
0 !KEYWORDS police, Rebrickable 4485pr0001, Red Stripe, set 6332, set 6348
0 !KEYWORDS set 6398, set 6549, set 6636, town, Town Junior

0 !HISTORY 2026-07-30 [OrionP] Official Update 2026-07

1 16 0 0 0 1 0 0 0 1 0 0 0 1 s\4485bs01.dat
1 16 0 0 0 -1 0 0 0 1 0 0 0 1 s\4485bs01.dat

0 // Patternable Area
0 // Colour 4 Red
3 4 -5.799 -.294 -13.17 -9.984 .218 -10.426 -9.997 1.008 -10.711
3 4 -5.799 -.294 -13.17 -9.997 1.008 -10.711 -5.802 .5 -13.483
4 4 5.802 .5 -13.464 9.799 1.073 -10.874 9.784 .284 -10.591 5.801 -.294 -13.176
4 4 0 -.394 -14.361 -5.799 -.294 -13.17 -5.802 .5 -13.483 0 .4 -14.664
4 4 0 -.394 -14.361 0 .4 -14.664 5.802 .5 -13.464 5.801 -.294 -13.176

0 // Colour 15 White
3 15 -7.136 -5.1 -9.722 -6.418 -4.907 -10.433 -6.535 -5.096 -10.173
3 15 -7.89 -3.209 -10.276 -8.775 -3.174 -9.674 -7.475 -2.132 -11.12
3 15 8.621 -3.05 -9.845 7.258 -1.958 -11.362 8.173 -2.086 -10.644
3 15 8.251 -3.096 -10.081 7.258 -1.958 -11.362 8.621 -3.05 -9.845
3 15 9.58 -3.819 -8.778 9.47 -3.731 -8.9 9.567 -3.719 -8.837
3 15 7.5 -4.786 -9.737 8.34 -3.869 -9.621 9.672 -4.542 -8.341
3 15 .176 -5.296 -11.886 0 -5.185 -12.022 .156 -5.18 -11.992
3 15 0 -5.185 -12.022 0 -4.264 -12.483 .156 -5.18 -11.992
3 15 0 -5.374 -11.853 -.299 -5.374 -11.79 0 -5.185 -12.022
3 15 1.776 -5.374 -11.464 1.727 -5.127 -11.683 2.673 -5.096 -11.51
3 15 2.729 -5.374 -11.254 1.776 -5.374 -11.464 2.673 -5.096 -11.51
3 15 0 -5.185 -12.022 -.446 -1.643 -13.699 0 -4.264 -12.483
3 15 -5.651 -4.24 -11.313 -6.139 -2.082 -12.082 -5.779 -1.279 -12.748
3 15 -4.837 -2.095 -12.541 -5.143 -.812 -13.11 -4.425 -1.82 -12.762
3 15 -5.651 -4.24 -11.313 -4.971 -3.469 -11.835 -4.733 -3.866 -11.689
3 15 -5.651 -4.24 -11.313 -5.129 -2.993 -12.037 -4.971 -3.469 -11.835
3 15 -5.143 -.812 -13.11 -4.971 -.691 -13.197 -3.939 -.611 -13.444
3 15 -3.206 -.878 -13.494 -5.143 -.812 -13.11 -3.939 -.611 -13.444
3 15 3.999 -5.056 -11.254 4.951 -4.342 -11.409 5.309 -4.392 -11.31
3 15 4.396 -4.104 -11.642 3.016 -4.015 -11.972 4.061 -3.795 -11.863
3 15 3.733 -3.244 -12.204 2.57 -2.755 -12.687 3.628 -2.854 -12.418
3 15 5.742 -2.12 -12.34 5.666 -1.961 -12.435 5.793 -.959 -12.901
3 15 5.666 -1.961 -12.435 5.428 -1.802 -12.563 5.793 -.959 -12.901
3 15 5.428 -1.802 -12.563 5.269 -1.723 -12.635 5.793 -.959 -12.901
3 15 5.269 -1.723 -12.635 4.951 -1.643 -12.74 5.793 -.959 -12.901
3 15 5.742 -2.12 -12.34 5.793 -.959 -12.901 5.904 -1.008 -12.799
3 15 6.856 -2.12 -11.56 5.742 -2.12 -12.34 6.539 -1.564 -12.068
3 15 5.189 -.691 -13.151 3.681 -.691 -13.467 4.396 -.611 -13.349
3 15 5.557 -5.378 -10.626 5.618 -4.997 -10.947 5.962 -5.266 -10.445
3 15 5.557 -5.378 -10.626 5.11 -5.374 -10.729 5.618 -4.997 -10.947
4 15 -7.136 -5.1 -9.722 -8.364 -4.95 -8.944 -8.453 -4.679 -9.125 -6.418 -4.907 -10.433
4 15 -8.453 -4.679 -9.125 -7.706 -4.015 -9.99 -7.298 -4.065 -10.25 -6.418 -4.907 -10.433
4 15 -6.418 -4.907 -10.433 -7.298 -4.065 -10.25 -7.166 -4.003 -10.374 -6.183 -4.593 -10.759
4 15 -6.183 -4.593 -10.759 -7.166 -4.003 -10.374 -7.039 -3.862 -10.536 -6.163 -3.811 -11.176
4 15 -6.163 -3.811 -11.176 -7.039 -3.862 -10.536 -7.048 -3.703 -10.611 -6.327 -3.321 -11.313
4 15 -6.327 -3.321 -11.313 -7.048 -3.703 -10.611 -7.199 -3.45 -10.636 -6.706 -2.648 -11.394
4 15 -6.706 -2.648 -11.394 -7.199 -3.45 -10.636 -7.413 -3.267 -10.58 -7.134 -2.282 -11.282
4 15 -7.475 -2.132 -11.12 -7.134 -2.282 -11.282 -7.413 -3.267 -10.58 -7.89 -3.209 -10.276
4 15 -7.706 -4.015 -9.99 -8.453 -4.679 -9.125 -8.775 -3.174 -9.674 -7.89 -3.209 -10.276
4 15 -8.162 -2.001 -10.694 -7.62 -2.067 -11.049 -7.475 -2.132 -11.12 -8.775 -3.174 -9.674
4 15 -8.535 -.474 -11.184 -8.162 -2.001 -10.694 -8.775 -3.174 -9.674 -9.356 -.38 -10.643
4 15 -8.535 -.474 -11.184 -9.356 -.38 -10.643 -9.401 -.122 -10.708 -8.587 -.222 -11.242
4 15 7.139 -.635 -12.103 7.11 -.411 -12.207 9.146 -.162 -10.872 9.186 -.399 -10.755
4 15 7.139 -.635 -12.103 9.186 -.399 -10.755 9.297 -1.243 -10.257 8.076 -1.392 -11.057
4 15 7.258 -1.958 -11.362 7.139 -.635 -12.103 8.076 -1.392 -11.057 8.173 -2.086 -10.644
4 15 8.173 -2.086 -10.644 9.394 -1.936 -9.844 9.474 -2.946 -9.286 8.621 -3.05 -9.845
4 15 7.5 -4.786 -9.737 7.258 -1.958 -11.362 8.251 -3.096 -10.081 8.34 -3.869 -9.621
4 15 9.47 -3.731 -8.9 9.58 -3.819 -8.778 9.672 -4.542 -8.341 8.34 -3.869 -9.621
4 15 7.491 -5.065 -9.489 7.5 -4.786 -9.737 9.672 -4.542 -8.341 9.675 -4.799 -8.104
4 15 .176 -5.296 -11.886 .189 -5.374 -11.813 0 -5.374 -11.853 0 -5.185 -12.022
4 15 -.8 -5.158 -11.869 0 -5.185 -12.022 -.299 -5.374 -11.79 -.764 -5.374 -11.688
4 15 0 -5.185 -12.022 -.8 -5.158 -11.869 -1.504 -.936 -13.827 -.446 -1.643 -13.699
4 15 -.446 -1.643 -13.699 -1.504 -.936 -13.827 0 -.988 -14.122 0 -1.643 -13.794
4 15 0 -1.643 -13.794 0 -.988 -14.122 .588 -.968 -14.007 .744 -1.643 -13.636
4 15 0 -.988 -14.122 -1.504 -.936 -13.827 -1.558 -.611 -13.943 0 -.611 -14.269
4 15 .588 -.968 -14.007 0 -.988 -14.122 0 -.611 -14.269 .506 -.611 -14.163
4 15 1.839 -.925 -13.761 .893 -.957 -13.947 .824 -.611 -14.097 1.776 -.611 -13.897
4 15 1.727 -5.127 -11.683 .893 -.957 -13.947 1.839 -.925 -13.761 2.673 -5.096 -11.51
4 15 -3.939 -5.374 -10.987 -4.857 -5.022 -11.093 -2.441 -5.103 -11.555 -2.828 -5.374 -11.232
4 15 -5.923 -3.786 -11.357 -6.161 -2.993 -11.598 -6.139 -2.082 -12.082 -5.651 -4.24 -11.313
4 15 -5.129 -2.993 -12.037 -5.651 -4.24 -11.313 -5.779 -1.279 -12.748 -5.112 -2.507 -12.281
4 15 -4.837 -2.095 -12.541 -5.112 -2.507 -12.281 -5.779 -1.279 -12.748 -5.143 -.812 -13.11
4 15 -4.425 -1.82 -12.762 -5.143 -.812 -13.11 -3.206 -.878 -13.494 -3.939 -1.723 -12.914
4 15 -3.939 -1.723 -12.914 -3.206 -.878 -13.494 -3.066 -.929 -13.498 -3.463 -1.881 -12.937
4 15 -3.463 -1.881 -12.937 -3.066 -.929 -13.498 -2.431 -1.405 -13.395 -3.145 -2.12 -12.885
4 15 -3.145 -2.12 -12.885 -2.431 -1.405 -13.395 -1.875 -2.12 -13.156 -2.828 -2.516 -12.755
4 15 -2.828 -2.516 -12.755 -1.875 -2.12 -13.156 -1.558 -2.993 -12.787 -2.589 -2.993 -12.567
4 15 -2.589 -2.993 -12.567 -1.558 -2.993 -12.787 -1.558 -3.945 -12.31 -2.589 -3.548 -12.291
4 15 -2.589 -3.548 -12.291 -1.558 -3.945 -12.31 -2.034 -4.818 -11.78 -2.828 -4.104 -11.967
4 15 -2.828 -4.104 -11.967 -2.034 -4.818 -11.78 -2.441 -5.103 -11.555 -3.383 -4.342 -11.735
4 15 -3.383 -4.342 -11.735 -2.441 -5.103 -11.555 -4.857 -5.022 -11.093 -3.939 -4.342 -11.619
4 15 -3.939 -4.342 -11.619 -4.857 -5.022 -11.093 -5.447 -4.58 -11.188 -4.336 -4.183 -11.615
4 15 -4.733 -3.866 -11.689 -4.336 -4.183 -11.615 -5.447 -4.58 -11.188 -5.651 -4.24 -11.313
4 15 6.063 -3.786 -11.258 7.174 -3.786 -10.48 7.015 -4.421 -10.265 5.983 -4.025 -11.192
4 15 5.983 -4.025 -11.192 7.015 -4.421 -10.265 6.618 -4.885 -10.304 5.815 -4.213 -11.212
4 15 5.815 -4.213 -11.212 6.618 -4.885 -10.304 5.618 -4.997 -10.947 5.648 -4.308 -11.281
4 15 5.309 -4.392 -11.31 5.648 -4.308 -11.281 5.618 -4.997 -10.947 3.999 -5.056 -11.254
4 15 5.618 -4.997 -10.947 6.618 -4.885 -10.304 6.539 -4.977 -10.279 5.962 -5.266 -10.445
4 15 4.395 -5.235 -11.008 3.999 -5.056 -11.254 5.618 -4.997 -10.947 5.11 -5.374 -10.729
4 15 4.713 -4.263 -11.497 4.951 -4.342 -11.409 3.999 -5.056 -11.254 3.413 -4.57 -11.616
4 15 4.396 -4.104 -11.642 4.713 -4.263 -11.497 3.413 -4.57 -11.616 3.016 -4.015 -11.972
4 15 3.899 -3.545 -12.02 4.061 -3.795 -11.863 3.016 -4.015 -11.972 2.719 -3.41 -12.332
4 15 3.733 -3.244 -12.204 3.899 -3.545 -12.02 2.719 -3.41 -12.332 2.57 -2.755 -12.687
4 15 3.628 -2.854 -12.418 2.57 -2.755 -12.687 2.57 -2.278 -12.929 3.633 -2.437 -12.622
4 15 3.633 -2.437 -12.622 2.57 -2.278 -12.929 2.729 -1.643 -13.212 3.751 -2.09 -12.771
4 15 3.751 -2.09 -12.771 2.729 -1.643 -13.212 3.205 -1.008 -13.429 3.949 -1.871 -12.838
4 15 3.949 -1.871 -12.838 3.205 -1.008 -13.429 3.411 -.871 -13.453 4.237 -1.723 -12.851
4 15 4.237 -1.723 -12.851 3.411 -.871 -13.453 5.438 -.801 -13.056 4.634 -1.643 -12.806
4 15 4.634 -1.643 -12.806 5.438 -.801 -13.056 5.793 -.959 -12.901 4.951 -1.643 -12.74
4 15 5.742 -2.12 -12.34 5.904 -1.008 -12.799 6.221 -1.246 -12.455 6.539 -1.564 -12.068
4 15 5.438 -.801 -13.056 3.411 -.871 -13.453 3.681 -.691 -13.467 5.189 -.691 -13.151

0 // Colour 16 Main Colour
3 16 5.072 -8.396 -8.087 5.11 -5.374 -10.729 5.557 -5.378 -10.626
3 16 -13.564 -3.66 -3.304 -14.002 .625 -4.901 -10.717 -.223 -9.747
3 16 -10.382 -4.462 -7.885 -13.564 -3.66 -3.304 -10.717 -.223 -9.747
3 16 -12.246 -7.251 -1.543 -13.564 -3.66 -3.304 -10.382 -4.462 -7.885
3 16 -9.373 -7.937 -5.466 -12.246 -7.251 -1.543 -10.382 -4.462 -7.885
3 16 -9.373 -7.937 -5.466 -8.364 -4.95 -8.944 -7.136 -5.1 -9.722
3 16 -8.453 -4.679 -9.125 -10.382 -4.462 -7.885 -8.775 -3.174 -9.674
3 16 -7.62 -2.067 -11.049 -8.162 -2.001 -10.694 -8.535 -.474 -11.184
3 16 -9.373 -7.937 -5.466 -7.136 -5.1 -9.722 -6.535 -5.096 -10.173
3 16 13.564 -3.66 -3.304 10.717 -.223 -9.747 14.002 .625 -4.901
3 16 10.382 -4.462 -7.885 10.717 -.223 -9.747 13.564 -3.66 -3.304
3 16 12.246 -7.251 -1.543 10.382 -4.462 -7.885 13.564 -3.66 -3.304
3 16 9.373 -7.937 -5.466 10.382 -4.462 -7.885 12.246 -7.251 -1.543
3 16 9.373 -7.937 -5.466 9.675 -4.799 -8.104 10.382 -4.462 -7.885
3 16 9.675 -4.799 -8.104 9.672 -4.542 -8.341 10.382 -4.462 -7.885
3 16 9.672 -4.542 -8.341 9.58 -3.819 -8.778 10.382 -4.462 -7.885
3 16 9.799 1.073 -10.874 5.804 1.329 -13.802 10.725 1.827 -10.506
3 16 5.802 .5 -13.464 5.804 1.329 -13.802 9.799 1.073 -10.874
3 16 -5.072 -8.396 -8.087 -9.373 -7.937 -5.466 -5.618 -4.997 -10.947
3 16 -4.857 -5.022 -11.093 -5.618 -4.997 -10.947 -5.447 -4.58 -11.188
3 16 -5.618 -4.997 -10.947 -5.651 -4.24 -11.313 -5.447 -4.58 -11.188
3 16 -5.779 -1.279 -12.748 -5.8 -.789 -12.985 -5.143 -.812 -13.11
3 16 -5.143 -.812 -13.11 -5.8 -.789 -12.985 -5.799 -.294 -13.17
3 16 -5.143 -.812 -13.11 -5.799 -.294 -13.17 -4.971 -.691 -13.197
3 16 -4.971 -.691 -13.197 -5.799 -.294 -13.17 -3.939 -.611 -13.444
3 16 0 -.611 -14.269 -1.558 -.611 -13.943 0 -.394 -14.361
3 16 -1.558 -.611 -13.943 -5.799 -.294 -13.17 0 -.394 -14.361
3 16 -1.558 -.611 -13.943 -3.939 -.611 -13.444 -5.799 -.294 -13.17
3 16 -1.504 -.936 -13.827 -3.066 -.929 -13.498 -3.206 -.878 -13.494
3 16 -2.431 -1.405 -13.395 -3.066 -.929 -13.498 -1.504 -.936 -13.827
3 16 -1.875 -2.12 -13.156 -2.431 -1.405 -13.395 -1.504 -.936 -13.827
3 16 -1.558 -2.993 -12.787 -1.875 -2.12 -13.156 -1.504 -.936 -13.827
3 16 0 -4.264 -12.483 -.446 -1.643 -13.699 0 -1.643 -13.794
3 16 .156 -5.18 -11.992 0 -4.264 -12.483 1.727 -5.127 -11.683
3 16 2.729 -5.374 -11.254 2.673 -5.096 -11.51 3.999 -5.056 -11.254
3 16 -3.873 -10.735 -4.755 -7.156 -10.399 -2.831 -5.072 -8.396 -8.087
3 16 -7.156 -10.399 -2.831 -9.373 -7.937 -5.466 -5.072 -8.396 -8.087
3 16 -7.156 -10.399 -2.831 -9.35 -9.895 .048 -9.373 -7.937 -5.466
3 16 -9.35 -9.895 .048 -12.246 -7.251 -1.543 -9.373 -7.937 -5.466
3 16 -5.072 -8.396 -8.087 -3.939 -5.374 -10.987 -2.828 -5.374 -11.232
3 16 -.8 -5.158 -11.869 -2.441 -5.103 -11.555 -2.034 -4.818 -11.78
3 16 -.8 -5.158 -11.869 -2.034 -4.818 -11.78 -1.558 -3.945 -12.31
3 16 .506 -.611 -14.163 0 -.611 -14.269 0 -.394 -14.361
3 16 .824 -.611 -14.097 .506 -.611 -14.163 0 -.394 -14.361
3 16 1.776 -.611 -13.897 .824 -.611 -14.097 0 -.394 -14.361
3 16 1.776 -.611 -13.897 0 -.394 -14.361 5.801 -.294 -13.176
3 16 3.205 -1.008 -13.429 1.839 -.925 -13.761 3.411 -.871 -13.453
3 16 2.729 -1.643 -13.212 1.839 -.925 -13.761 3.205 -1.008 -13.429
3 16 2.57 -2.278 -12.929 1.839 -.925 -13.761 2.729 -1.643 -13.212
3 16 2.673 -5.096 -11.51 1.839 -.925 -13.761 2.57 -2.755 -12.687
3 16 2.673 -5.096 -11.51 2.57 -2.755 -12.687 2.719 -3.41 -12.332
3 16 2.57 -2.755 -12.687 1.839 -.925 -13.761 2.57 -2.278 -12.929
3 16 2.673 -5.096 -11.51 2.719 -3.41 -12.332 3.016 -4.015 -11.972
3 16 2.673 -5.096 -11.51 3.016 -4.015 -11.972 3.413 -4.57 -11.616
3 16 2.673 -5.096 -11.51 3.413 -4.57 -11.616 3.999 -5.056 -11.254
3 16 5.189 -.691 -13.151 4.396 -.611 -13.349 5.801 -.294 -13.176
3 16 5.793 -.959 -12.901 5.438 -.801 -13.056 5.8 -.789 -12.985
3 16 5.904 -1.008 -12.799 5.793 -.959 -12.901 5.8 -.789 -12.985
3 16 5.648 -4.308 -11.281 5.742 -2.12 -12.34 6.063 -3.786 -11.258
3 16 3.628 -2.854 -12.418 3.633 -2.437 -12.622 3.751 -2.09 -12.771
3 16 5.072 -8.396 -8.087 4.395 -5.235 -11.008 5.11 -5.374 -10.729
3 16 7.156 -10.399 -2.831 5.072 -8.396 -8.087 9.373 -7.937 -5.466
3 16 3.873 -10.735 -4.755 5.072 -8.396 -8.087 7.156 -10.399 -2.831
3 16 9.35 -9.895 .048 9.373 -7.937 -5.466 12.246 -7.251 -1.543
3 16 7.156 -10.399 -2.831 9.373 -7.937 -5.466 9.35 -9.895 .048
3 16 5.072 -8.396 -8.087 1.776 -5.374 -11.464 2.729 -5.374 -11.254
3 16 1.776 -5.374 -11.464 .176 -5.296 -11.886 .156 -5.18 -11.992
3 16 1.776 -5.374 -11.464 .156 -5.18 -11.992 1.727 -5.127 -11.683
3 16 -5.072 -8.396 -8.087 -2.828 -5.374 -11.232 -.764 -5.374 -11.688
3 16 -5.072 -8.396 -8.087 -.764 -5.374 -11.688 -.299 -5.374 -11.79
3 16 5.962 -5.266 -10.445 6.539 -4.977 -10.279 7.491 -5.065 -9.489
3 16 6.618 -4.885 -10.304 7.015 -4.421 -10.265 7.5 -4.786 -9.737
3 16 7.5 -4.786 -9.737 7.015 -4.421 -10.265 7.174 -3.786 -10.48
3 16 6.856 -2.12 -11.56 6.539 -1.564 -12.068 7.258 -1.958 -11.362
3 16 7.258 -1.958 -11.362 6.539 -1.564 -12.068 6.221 -1.246 -12.455
3 16 7.258 -1.958 -11.362 5.8 -.789 -12.985 7.139 -.635 -12.103
3 16 -9.373 -7.937 -5.466 -6.535 -5.096 -10.173 -5.618 -4.997 -10.947
3 16 -6.535 -5.096 -10.173 -6.418 -4.907 -10.433 -5.618 -4.997 -10.947
4 16 5.557 -5.378 -10.626 5.962 -5.266 -10.445 9.373 -7.937 -5.466 5.072 -8.396 -8.087
4 16 -14.013 2.572 -5.573 -10.725 1.827 -10.506 -10.717 -.223 -9.747 -14.002 .625 -4.901
4 16 -10.382 -4.462 -7.885 -8.453 -4.679 -9.125 -8.364 -4.95 -8.944 -9.373 -7.937 -5.466
4 16 -7.89 -3.209 -10.276 -7.413 -3.267 -10.58 -7.298 -4.065 -10.25 -7.706 -4.015 -9.99
4 16 -7.298 -4.065 -10.25 -7.413 -3.267 -10.58 -7.199 -3.45 -10.636 -7.166 -4.003 -10.374
4 16 -7.166 -4.003 -10.374 -7.199 -3.45 -10.636 -7.048 -3.703 -10.611 -7.039 -3.862 -10.536
4 16 -9.356 -.38 -10.643 -8.775 -3.174 -9.674 -10.382 -4.462 -7.885 -10.717 -.223 -9.747
4 16 -9.401 -.122 -10.708 -9.356 -.38 -10.643 -10.717 -.223 -9.747 -9.984 .218 -10.426
4 16 -8.587 -.222 -11.242 -9.401 -.122 -10.708 -9.984 .218 -10.426 -5.799 -.294 -13.17
4 16 -5.8 -.789 -12.985 -8.535 -.474 -11.184 -8.587 -.222 -11.242 -5.799 -.294 -13.17
4 16 -7.62 -2.067 -11.049 -8.535 -.474 -11.184 -5.8 -.789 -12.985 -7.475 -2.132 -11.12
4 16 -5.804 1.329 -13.802 -5.802 .5 -13.483 -9.997 1.008 -10.711 -10.725 1.827 -10.506
4 16 -10.717 -.223 -9.747 -10.725 1.827 -10.506 -9.997 1.008 -10.711 -9.984 .218 -10.426
4 16 10.717 -.223 -9.747 10.725 1.827 -10.506 14.013 2.572 -5.573 14.002 .625 -4.901
4 16 7.491 -5.065 -9.489 9.675 -4.799 -8.104 9.373 -7.937 -5.466 5.962 -5.266 -10.445
3 16 9.58 -3.819 -8.778 9.567 -3.719 -8.837 9.474 -2.946 -9.286
3 16 9.474 -2.946 -9.286 10.382 -4.462 -7.885 9.58 -3.819 -8.778
4 16 10.717 -.223 -9.747 10.382 -4.462 -7.885 9.474 -2.946 -9.286 9.394 -1.936 -9.844
4 16 10.717 -.223 -9.747 9.394 -1.936 -9.844 9.297 -1.243 -10.257 9.186 -.399 -10.755
4 16 8.173 -2.086 -10.644 8.076 -1.392 -11.057 9.297 -1.243 -10.257 9.394 -1.936 -9.844
4 16 9.47 -3.731 -8.9 8.621 -3.05 -9.845 9.474 -2.946 -9.286 9.567 -3.719 -8.837
4 16 8.34 -3.869 -9.621 8.251 -3.096 -10.081 8.621 -3.05 -9.845 9.47 -3.731 -8.9
4 16 9.146 -.162 -10.872 7.11 -.411 -12.207 5.801 -.294 -13.176 9.784 .284 -10.591
4 16 9.186 -.399 -10.755 9.146 -.162 -10.872 9.784 .284 -10.591 10.717 -.223 -9.747
4 16 10.725 1.827 -10.506 10.717 -.223 -9.747 9.784 .284 -10.591 9.799 1.073 -10.874
4 16 -4.857 -5.022 -11.093 -3.939 -5.374 -10.987 -5.072 -8.396 -8.087 -5.618 -4.997 -10.947
4 16 -3.206 -.878 -13.494 -3.939 -.611 -13.444 -1.558 -.611 -13.943 -1.504 -.936 -13.827
3 16 -.8 -5.158 -11.869 -1.558 -3.945 -12.31 -1.558 -2.993 -12.787
3 16 -1.558 -2.993 -12.787 -1.504 -.936 -13.827 -.8 -5.158 -11.869
4 16 0 -4.264 -12.483 0 -1.643 -13.794 .744 -1.643 -13.636 1.727 -5.127 -11.683
4 16 .893 -.957 -13.947 1.727 -5.127 -11.683 .744 -1.643 -13.636 .588 -.968 -14.007
4 16 5.072 -8.396 -8.087 2.729 -5.374 -11.254 3.999 -5.056 -11.254 4.395 -5.235 -11.008
4 16 -2.828 -5.374 -11.232 -2.441 -5.103 -11.555 -.8 -5.158 -11.869 -.764 -5.374 -11.688
4 16 0 .4 -14.664 -5.802 .5 -13.483 -5.804 1.329 -13.802 0 1.154 -14.959
4 16 0 .4 -14.664 0 1.154 -14.959 5.804 1.329 -13.802 5.802 .5 -13.464
4 16 .588 -.968 -14.007 .506 -.611 -14.163 .824 -.611 -14.097 .893 -.957 -13.947
4 16 1.776 -.611 -13.897 5.801 -.294 -13.176 4.396 -.611 -13.349 3.681 -.691 -13.467
4 16 1.839 -.925 -13.761 1.776 -.611 -13.897 3.681 -.691 -13.467 3.411 -.871 -13.453
4 16 5.438 -.801 -13.056 5.189 -.691 -13.151 5.801 -.294 -13.176 5.8 -.789 -12.985
4 16 6.063 -3.786 -11.258 5.742 -2.12 -12.34 6.856 -2.12 -11.56 7.174 -3.786 -10.48
3 16 5.815 -4.213 -11.212 5.648 -4.308 -11.281 6.063 -3.786 -11.258
3 16 6.063 -3.786 -11.258 5.983 -4.025 -11.192 5.815 -4.213 -11.212
4 16 5.742 -2.12 -12.34 5.648 -4.308 -11.281 5.309 -4.392 -11.31 5.666 -1.961 -12.435
4 16 5.666 -1.961 -12.435 5.309 -4.392 -11.31 4.951 -4.342 -11.409 5.428 -1.802 -12.563
4 16 5.428 -1.802 -12.563 4.951 -4.342 -11.409 4.713 -4.263 -11.497 5.269 -1.723 -12.635
4 16 5.269 -1.723 -12.635 4.713 -4.263 -11.497 4.396 -4.104 -11.642 4.951 -1.643 -12.74
4 16 4.951 -1.643 -12.74 4.396 -4.104 -11.642 4.061 -3.795 -11.863 4.634 -1.643 -12.806
4 16 4.634 -1.643 -12.806 4.061 -3.795 -11.863 3.899 -3.545 -12.02 4.237 -1.723 -12.851
4 16 4.237 -1.723 -12.851 3.899 -3.545 -12.02 3.733 -3.244 -12.204 3.949 -1.871 -12.838
4 16 3.733 -3.244 -12.204 3.628 -2.854 -12.418 3.751 -2.09 -12.771 3.949 -1.871 -12.838
4 16 0 -8.557 -9.007 5.072 -8.396 -8.087 3.873 -10.735 -4.755 0 -10.854 -5.43
4 16 0 -8.557 -9.007 0 -10.854 -5.43 -3.873 -10.735 -4.755 -5.072 -8.396 -8.087
3 16 5.8 -.789 -12.985 7.258 -1.958 -11.362 6.221 -1.246 -12.455
3 16 6.221 -1.246 -12.455 5.904 -1.008 -12.799 5.8 -.789 -12.985
4 16 -4.425 -1.82 -12.762 -3.939 -1.723 -12.914 -3.463 -1.881 -12.937 -3.145 -2.12 -12.885
4 16 -4.837 -2.095 -12.541 -4.425 -1.82 -12.762 -3.145 -2.12 -12.885 -2.828 -2.516 -12.755
4 16 -4.837 -2.095 -12.541 -2.828 -2.516 -12.755 -2.589 -2.993 -12.567 -5.112 -2.507 -12.281
4 16 -5.129 -2.993 -12.037 -5.112 -2.507 -12.281 -2.589 -2.993 -12.567 -2.589 -3.548 -12.291
4 16 -4.971 -3.469 -11.835 -5.129 -2.993 -12.037 -2.589 -3.548 -12.291 -2.828 -4.104 -11.967
4 16 -4.733 -3.866 -11.689 -4.971 -3.469 -11.835 -2.828 -4.104 -11.967 -3.383 -4.342 -11.735
4 16 -4.336 -4.183 -11.615 -4.733 -3.866 -11.689 -3.383 -4.342 -11.735 -3.939 -4.342 -11.619
4 16 0 -8.557 -9.007 -5.072 -8.396 -8.087 -.299 -5.374 -11.79 0 -5.374 -11.853
4 16 0 -8.557 -9.007 0 -5.374 -11.853 .189 -5.374 -11.813 5.072 -8.396 -8.087
3 16 .176 -5.296 -11.886 1.776 -5.374 -11.464 5.072 -8.396 -8.087
3 16 5.072 -8.396 -8.087 .189 -5.374 -11.813 .176 -5.296 -11.886
4 16 6.539 -4.977 -10.279 6.618 -4.885 -10.304 7.5 -4.786 -9.737 7.491 -5.065 -9.489
4 16 7.258 -1.958 -11.362 7.5 -4.786 -9.737 7.174 -3.786 -10.48 6.856 -2.12 -11.56
4 16 7.139 -.635 -12.103 5.8 -.789 -12.985 5.801 -.294 -13.176 7.11 -.411 -12.207
4 16 -5.618 -4.997 -10.947 -6.418 -4.907 -10.433 -6.183 -4.593 -10.759 -5.651 -4.24 -11.313
4 16 -5.651 -4.24 -11.313 -6.183 -4.593 -10.759 -6.163 -3.811 -11.176 -5.923 -3.786 -11.357
4 16 -5.923 -3.786 -11.357 -6.163 -3.811 -11.176 -6.327 -3.321 -11.313 -6.161 -2.993 -11.598
4 16 -6.161 -2.993 -11.598 -6.327 -3.321 -11.313 -6.706 -2.648 -11.394 -6.139 -2.082 -12.082
4 16 -6.139 -2.082 -12.082 -6.706 -2.648 -11.394 -7.134 -2.282 -11.282 -5.779 -1.279 -12.748
4 16 -5.779 -1.279 -12.748 -7.134 -2.282 -11.282 -7.475 -2.132 -11.12 -5.8 -.789 -12.985
