0 ~Duplo Train Steam Engine Boiler with Fixed Funnel - Boiler
0 Name: 4570.dat
0 Author: Gerald Lasser [GeraldLasser]
0 !LDRAW_ORG Part UPDATE 2026-05
0 !LICENSE Licensed under CC BY 4.0 : see CAreadme.txt

0 BFC CERTIFY CCW

0 !HISTORY 2026-05-31 [OrionP] Official Update 2026-05

4 16 40 0 -60 -40 0 -60 -36 0 -56 36 0 -56
4 16 -36 0 56 -40 0 60 40 0 60 36 0 56
1 16 0 0 0 -36 0 0 0 1 0 0 0 -56 recte4.dat
0 BFC INVERTNEXT
1 16 0 0 0 -36 0 0 0 -2.5 0 0 0 -56 box4o4a.dat
2 24 -36 -2.5 56 -36 -2.5 -56
2 24 36 -2.5 -56 36 -2.5 56
3 16 0 -26.6845 56 -36 -2.5 56 36 -2.5 56
3 16 -36 -2.5 -56 0 -26.6845 -56 36 -2.5 -56

1 16 0 0 0 1 0 0 0 1 0 0 0 1 s\4570s01.dat
1 16 0 0 0 -1 0 0 0 1 0 0 0 1 s\4570s01.dat

1 16 0 0 0 -40 0 0 0 -4 0 0 0 -60 box4o4a.dat
2 24 -40 -4 60 -40 -4 -60
2 24 40 -4 60 40 -4 -60
3 16 0 -30 60 40 -4 60 -40 -4 60
3 16 0 -30 -60 -40 -4 -60 40 -4 -60

0 // Understud Front
1 16 0 -14 -20 -1 0 0 0 -2.5 0 0 0 -1 stud8a.dat
1 16 0 -14 -20 0 0 16 0 -9 0 16 0 0 4-4cyli.dat
0 BFC INVERTNEXT
1 16 0 -25 -20 0 0 7 0 11 0 7 0 0 4-4cylc.dat

0 // Understud Back
1 16 0 -23 20 -1 0 0 0 -4.75 0 0 0 -1 stud8a.dat
1 16 0 -33 20 0 0 19 0 3 0 -19 0 0 4-4cyli.dat
1 16 0 -33 20 -19 0 0 0 -19 0 0 0 -19 4-8sphe.dat

0 // Front Lantern
1 16 0 -36 -56 -19 0 0 0 0 -19 0 -18.5 0 2-4cylo.dat
1 16 0 -36 -56 -19 0 0 0 0 -19 0 -1 0 2-4chrd.dat
1 16 0 -36 -74.5 -19 0 0 0 0 -19 0 1 0 2-4chrd.dat

3 16 19 -36 -56 0 -30 -56 -19 -36 -56
1 16 0 -25.5 -74.5 -19 0 0 0 0 10.5 0 1 0 rect3.dat
0 BFC INVERTNEXT
1 16 0 -36 -60 -16.56889 0 0 0 0 -16 0 -11.5 0 2-4cylo.dat
0 BFC INVERTNEXT
1 16 0 -25.5 -60 0 0 16.56889 -10.5 0 0 0 -11.5 0 box3u5p.dat
1 16 0 -36 -60 -16.56889 0 0 0 0 -16 0 1 0 2-4chrd.dat
3 16 -16.5689 -36 -60 0 -30 -60 16.5689 -36 -60
1 16 0 -36 -71.5 -16.56889 0 0 0 0 -16 0 -1 0 2-4chrd.dat
4 16 -19 -15 -74.5 -16.5689 -15 -71.5 16.5689 -15 -71.5 19 -15 -74.5
1 16 0 -36 -76.5 -15 0 0 0 0 -15 0 2 0 4-4cylc.dat
