0 ~Electric Switch: Bottom Part
0 Name: 4707b.dat
0 Author: Steffen [Steffen]
0 !LDRAW_ORG Part UPDATE 2026-07
0 !LICENSE Licensed under CC BY 4.0 : see CAreadme.txt

0 BFC CERTIFY CCW

0 !CATEGORY Electric

0 !HISTORY 2011-07-25 [PTadmin] Official Update 2011-01
0 !HISTORY 2012-01-26 [Steffen] replaced color 383 by 494
0 !HISTORY 2012-03-30 [PTadmin] Official Update 2012-01
0 !HISTORY 2023-10-05 [kuramapika1] Adapted to new plug34 shape and added edged primitives
0 !HISTORY 2024-08-20 [Holly-Wood] Oriented slots vertical/horizontal again, more prim substitution
0 !HISTORY 2024-09-27 [GeraldLasser] Fixed T-Joints and Overlaps
0 !HISTORY 2024-10-05 [kuramapika1] Reworked and added details
0 !HISTORY 2025-04-24 [kuramapika1] Moved surfaces to 4707s01.dat, moved plugs to respective files, minor fixes and added more details
0 !HISTORY 2025-09-28 [MagFors] Renamed from 4707
0 !HISTORY 2026-01-26 [kuramapika1] Rounded surfaces
0 !HISTORY 2026-07-30 [OrionP] Official Update 2026-07

1 16 0 0 0 1 0 0 0 1 0 0 0 1 s\4110s01.dat
1 16 0 0 0 -1 0 0 0 1 0 0 0 1 s\4110s01.dat
1 16 0 0 0 1 0 0 0 1 0 0 0 1 s\4707bs01.dat
1 16 0 0 0 -1 0 0 0 1 0 0 0 1 s\4707bs01.dat
1 16 0 30.5 -78 0 0 4 0 -2 0 2 0 0 box5.dat
4 16 4 30.5 -94 4 30.5 -80 -4 30.5 -80 -4 30.5 -94
1 16 0 20.5 -96 0 0 3 3.5 0 0 0 1 0 rect.dat
4 16 -4 17 -94 -3 17 -96 3 17 -96 4 17 -94
3 16 4 17 -94 3 17 -96 4 17 -96
3 16 -4 17 -96 -3 17 -96 -4 17 -94
1 16 0 23.75 -96 0 0 4 6.75 0 0 0 2 0 box3u4a.dat
1 16 0 24 -97 0 0 3 0 1 0 1 0 0 rect2p.dat
3 16 3 24 -98 -3 24 -98 0 24 -100
1 16 78 24 12.5 0 -1 0 4 0 0 0 0 4 2-4ndis.dat
1 16 78 24 47.5 0 -1 0 4 0 0 0 0 -4 2-4ndis.dat
1 16 78 24 12.5 0 -1 0 2 0 0 0 0 -2 2-4ring2.dat
1 16 78 24 12.5 0 -1 0 1.2 0 0 0 0 -1.2 2-4ring5.dat
1 16 78 24 47.5 0 -1 0 2 0 0 0 0 2 2-4ring2.dat
1 16 78 24 47.5 0 -1 0 1.2 0 0 0 0 1.2 2-4ring5.dat
1 16 79 16.8 30 0 0 -1 0 -1 0 -17.5 0 0 rect2p.dat
1 16 79 31.2 30 0 0 -1 0 1 0 17.5 0 0 rect2p.dat
0 BFC INVERTNEXT
1 16 78 24 47.5 0 2 0 -7.2 0 0 0 0 7.2 2-4cylo.dat
0 BFC INVERTNEXT
1 16 78 24 12.5 0 2 0 7.2 0 0 0 0 -7.2 2-4cylo.dat
4 16 78 20 43.5 78 18 47.5 78 16.8 47.5 78 16.8 12.5
3 16 78 20 43.5 78 20 47.5 78 18 47.5
4 16 78 20 43.5 78 16.8 12.5 78 18 12.5 78 20 16.5
3 16 78 20 12.5 78 20 16.5 78 18 12.5
4 16 78 28 16.5 78 30 12.5 78 31.2 12.5 78 31.2 47.5
3 16 78 28 16.5 78 28 12.5 78 30 12.5
4 16 78 30 47.5 78 28 43.5 78 28 16.5 78 31.2 47.5
3 16 78 28 47.5 78 28 43.5 78 30 47.5
4 16 78 28 16.5 78 28 43.5 78 24 43.5 78 24 16.5
4 16 78 24 16.5 78 24 43.5 78 20 43.5 78 20 16.5
1 16 -80 24 12.5 0 1 0 4 0 0 0 0 4 2-4ndis.dat
1 16 -80 24 47.5 0 1 0 4 0 0 0 0 -4 2-4ndis.dat
1 16 -80 24 12.5 0 1 0 2 0 0 0 0 -2 2-4ring2.dat
1 16 -80 24 12.5 0 1 0 1.2 0 0 0 0 -1.2 2-4ring5.dat
1 16 -80 24 47.5 0 1 0 2 0 0 0 0 2 2-4ring2.dat
1 16 -80 24 47.5 0 1 0 1.2 0 0 0 0 1.2 2-4ring5.dat
4 16 -80 16.8 47.5 -80 18 47.5 -80 20 43.5 -80 16.8 12.5
3 16 -80 20 47.5 -80 20 43.5 -80 18 47.5
4 16 -80 18 12.5 -80 16.8 12.5 -80 20 43.5 -80 20 16.5
3 16 -80 20 16.5 -80 20 12.5 -80 18 12.5
4 16 -80 31.2 12.5 -80 30 12.5 -80 28 16.5 -80 31.2 47.5
3 16 -80 28 12.5 -80 28 16.5 -80 30 12.5
4 16 -80 28 16.5 -80 28 43.5 -80 30 47.5 -80 31.2 47.5
3 16 -80 28 43.5 -80 28 47.5 -80 30 47.5
4 16 -80 24 43.5 -80 28 43.5 -80 28 16.5 -80 24 16.5
4 16 -80 20 43.5 -80 24 43.5 -80 24 16.5 -80 20 16.5
3 16 74.6 30.5 55 74.6 30.5 57 72 30.5 55
3 16 72 30.5 55 74.6 30.5 57 70 30.5 55
4 16 70 30.5 48.554 72 30.5 40 72 30.5 55 70 30.5 55
3 16 72 30.5 40 70 30.5 48.554 70 30.5 46.446
3 16 72 30.5 40 70 30.5 46.446 70 30.5 40
4 16 70 30.5 55 74.6 30.5 57 11 30.5 57 57 30.5 55
4 16 47 30.5 35 53 30.5 35 57 30.5 55 11 30.5 57
3 16 53 30.5 35 57 30.5 40 57 30.5 55
4 16 53 30.5 30 70 30.5 40 57 30.5 40 53 30.5 35
4 16 66 30.5 29 72 30.5 40 70 30.5 40 53 30.5 30
4 16 72 30.5 40 66 30.5 29 74.6 30.5 29 74.6 30.5 40
4 16 53 30.5 30 53 30.5 24 66 30.5 24 66 30.5 29
4 16 53 30.5 24 57 30.5 20 70 30.5 20 66 30.5 24
4 16 66 30.5 24 70 30.5 20 72 30.5 20 74.6 30.5 24
3 16 72 30.5 20 70 30.5 20 70 30.5 18
4 16 70 30.5 7 72 30.5 5 72 30.5 20 70 30.5 18
3 16 72 30.5 5 70 30.5 7 70 30.5 5
3 16 74.6 30.5 24 72 30.5 20 74.6 30.5 20
3 16 72 30.5 5 70 30.5 5 70 30.5 -30.8
4 16 57 30.5 5 57 30.5 20 53 30.5 24 4 30.5 -30.8
4 16 4 30.5 -30.8 1.5 30.5 -10 -1.5 30.5 -10 -4 30.5 -30.8
1 16 0 16 -35.4 0 0 2 0 1 0 -4.6 0 0 rect.dat
0 BFC INVERTNEXT
1 16 0 36 -33.9 4 0 0 0 -5.5 0 0 0 3.1 box4o4a.dat
1 16 0 25.65 -37 0 0 4 4.85 0 0 0 -1 0 rect2p.dat
1 16 0 20.8 -33.9 0 0 4 0 -1 0 3.1 0 0 rect.dat
4 16 -4 20.8 -30.8 -2 16 -30.8 2 16 -30.8 4 20.8 -30.8
2 24 4 30.5 -37 4 30.5 -30.8
2 24 -4 30.5 -37 -4 30.5 -30.8
2 24 4 30.5 -30.8 -4 30.5 -30.8
4 16 -4 20.8 -47.5 4 20.8 -47.5 4 20.8 -42 -4 20.8 -42
4 16 2 22.5 -47.5 5.5 22.5 -47.5 4 20.8 -47.5 -4 20.8 -47.5
2 24 4 20.8 -47.5 -4 20.8 -47.5
3 16 -4 20.8 -47.5 -5.5 22.5 -47.5 -2 22.5 -47.5
4 16 2 16 -40 -2 16 -40 -4 20.8 -42 4 20.8 -42
4 16 6 30.5 20 6 30.5 30 -6 30.5 30 -6 30.5 20
4 16 6 30.5 30 2.6133 30.5 51.5536 -2.6133 30.5 51.5536 -6 30.5 30
4 16 -47 30.5 35 -11 30.5 57 -61 30.5 55 -53 30.5 35
4 16 -74 30.5 57 -74 30.5 55 -61 30.5 55 -11 30.5 57
3 16 -53 30.5 35 -61 30.5 55 -61 30.5 40
4 16 -61 30.5 20 -61 30.5 5 -4 30.5 -30.8 -53 30.5 24
4 16 -74 30.5 5 -74 30.5 3.5 -4 30.5 -30.8 -61 30.5 5
3 16 -61 30.5 20 -53 30.5 24 -53 30.5 30
4 16 -61 30.5 20 -70 30.5 24 -74 30.5 24 -74 30.5 20
4 16 -61 30.5 20 -53 30.5 30 -70 30.5 29 -70 30.5 24
4 16 -53 30.5 30 -53 30.5 35 -61 30.5 40 -70 30.5 29
4 16 -61 30.5 40 -74 30.5 40 -74 30.5 29 -70 30.5 29
4 16 74.6 30.5 5 72 30.5 5 70 30.5 -30.8 74.6 30.5 3.5
4 16 76 30.5 -30.8 76 30.5 3.5 74.6 30.5 3.5 70 30.5 -30.8
4 16 57 30.5 5 4 30.5 -30.8 70 30.5 -30.8 70 30.5 5
4 16 76 30.5 -42 66 30.5 -55 72 30.5 -76 76 30.5 -76
4 16 72 30.5 -80 72 30.5 -76 68 30.5 -82 68 30.5 -86
3 16 68 30.5 -82 72 30.5 -76 68 30.5 -78
3 16 68 30.5 -78 72 30.5 -76 64 30.5 -78
3 16 72 30.5 -76 60 30.5 -78 64 30.5 -78
4 16 52 30.5 -76 60 30.5 -78 72 30.5 -76 66 30.5 -55
3 16 68 30.5 -86 64 30.5 -92 72 30.5 -84
3 16 72 30.5 -84 72 30.5 -80 68 30.5 -86
4 16 -68 30.5 -78 -64 30.5 -78 -66 30.5 -55 -76 30.5 -42
4 16 64 30.5 -92 76 30.5 -96 76 30.5 -84 72 30.5 -84
4 16 -64 30.5 -78 -60 30.5 -78 -52 30.5 -76 -66 30.5 -55
4 16 -68 30.5 -82 -76 30.5 -76 -76 30.5 -84 -68 30.5 -86
4 16 -68 30.5 -82 -68 30.5 -78 -76 30.5 -42 -76 30.5 -76
4 16 -68 30.5 -86 -76 30.5 -84 -76 30.5 -96 -64 30.5 -92
3 16 -70 30.5 -30.8 -4 30.5 -30.8 -74 30.5 3.5
4 16 -70 30.5 -30.8 -74 30.5 3.5 -76 30.5 3.5 -76 30.5 -30.8
1 16 -75 27.25 3.5 -1 0 0 0 0 3.25 0 1 0 rect3.dat
1 16 -75 15 38.25 0 0 1 0 1 0 -9.25 0 0 rect2a.dat
1 16 -75 15 18.25 1 0 0 0 1 0 0 0 5.75 rect2a.dat
4 16 -74 30.5 55 -74 24 56.5 -74 20.5557 55.8151 -74 22 55
4 16 -74 22 53.543 -74 22 55 -74 20.5557 55.8151 -74 20 53.543
3 16 -74 20.5557 55.8151 -74 15 47.5 -74 20 53.543
4 16 -74 15 29 -74 20 41.399 -74 20 53.543 -74 15 47.5
4 16 -74 20 53.543 -74 20 41.399 -76 20 47.5 -76 20 51.5
3 16 -76 20 47.5 -74 20 41.399 -76 20 43.5
3 16 -76 20 43.5 -74 20 41.399 -76 20 41.399
3 16 -74 20 53.543 -76 20 51.5 -76 20 53.543
4 16 -76 20 41.399 -74 20 41.399 -74 22 41.399 -76 36 41.399
3 16 -76 24 43.5 -76 20 43.5 -76 20 41.399
4 16 -76 20 41.399 -76 36 41.399 -76 28 43.5 -76 24 43.5
4 16 -76 36 41.399 -76 36 53.543 -76 28 47.5 -76 28 43.5
3 16 -76 28 47.5 -76 36 53.543 -76 28 51.5
3 16 -76 24 51.5 -76 28 51.5 -76 36 53.543
4 16 -76 24 51.5 -76 36 53.543 -76 20 53.543 -76 20 51.5
4 16 -76 36 53.543 -74 22 53.543 -74 20 53.543 -76 20 53.543
3 16 -74 30.5 3.5 -74 30.5 5 -74 24 3.5
4 16 -74 24 3.5 -74 30.5 5 -74 22 5 -74 20.5557 4.1849
4 16 -74 20.5557 4.1849 -74 22 5 -74 22 6.399 -74 20 6.399
3 16 -74 20 6.399 -74 15 12.5 -74 20.5557 4.1849
4 16 -74 15 24 -74 15 12.5 -74 20 6.399 -74 20 18.543
4 16 -74 22 20 -74 15 24 -74 20 18.543 -74 22 18.543
4 16 -74 20 18.543 -74 20 6.399 -76 20 12.5 -76 20 16.5
3 16 -76 20 12.5 -74 20 6.399 -76 20 8.5
3 16 -76 20 8.5 -74 20 6.399 -76 20 6.399
3 16 -74 20 18.543 -76 20 16.5 -76 20 18.543
4 16 -76 20 6.399 -74 20 6.399 -74 22 6.399 -76 36 6.399
3 16 -76 24 8.5 -76 20 8.5 -76 20 6.399
4 16 -76 20 6.399 -76 36 6.399 -76 28 8.5 -76 24 8.5
4 16 -76 36 6.399 -76 36 18.543 -76 28 12.5 -76 28 8.5
3 16 -76 28 12.5 -76 36 18.543 -76 28 16.5
3 16 -76 24 16.5 -76 28 16.5 -76 36 18.543
4 16 -76 24 16.5 -76 36 18.543 -76 20 18.543 -76 20 16.5
4 16 -76 36 18.543 -74 22 18.543 -74 20 18.543 -76 20 18.543
4 16 -74 30.5 20 -74 30.5 24 -74 15 24 -74 22 20
4 16 -74 15 29 -74 22 40 -74 22 41.399 -74 20 41.399
4 16 -74 30.5 29 -74 30.5 40 -74 22 40 -74 15 29
1 16 75.3 27.25 3.5 -.7 0 0 0 0 3.25 0 1 0 rect3.dat
1 16 75.3 15 18.25 0 0 -.7 0 1 0 5.75 0 0 rect2a.dat
1 16 75.3 15 38.25 -.7 0 0 0 1 0 0 0 -9.25 rect2a.dat
4 16 74.6 24 56.5 74.6 30.5 57 74.6 30.5 55 74.6 24 55
3 16 74.6 24 56.5 74.6 24 57 74.6 25 57
3 16 74.6 24 56.5 74.6 25 57 74.6 30.5 57
1 16 74.6 24 47.5 0 1 0 0 0 -1.5 1.5 0 0 1-4ring5.dat
4 16 74.6 15 47.5 74.6 16.5 47.5 74.6 16.5 40 74.6 15 29
4 16 74.6 15 29 74.6 16.5 40 74.6 24 40 74.6 30.5 29
3 16 74.6 24 40 74.6 30.5 40 74.6 30.5 29
2 24 74.6 30.5 40 74.6 30.5 29
4 16 74.6 15 12.5 74.6 15 24 74.6 16.5 20 74.6 16.5 12.5
1 16 74.6 24 12.5 0 1 0 0 0 -1.5 -1.5 0 0 1-4ring5.dat
4 16 74.6 15 24 74.6 30.5 24 74.6 24 20 74.6 16.5 20
3 16 74.6 24 20 74.6 30.5 24 74.6 30.5 20
2 24 74.6 30.5 24 74.6 30.5 20
1 16 75.3 24 56.75 0 0 -.7 0 1 0 .25 0 0 rect2p.dat
1 16 73.3 27.25 55 1.3 0 0 0 0 3.25 0 -1 0 rect3.dat
1 16 73.3 27.25 40 -1.3 0 0 0 0 3.25 0 1 0 rect2a.dat
4 16 72 30.5 55 72 30.5 40 72 28 47.5 72 28 51.5
3 16 72 28 47.5 72 30.5 40 72 28 43.5
4 16 72 24 43.5 72 28 43.5 72 30.5 40 72 24 41.5
4 16 72 30.5 55 72 28 51.5 72 24 51.5 72 24 53.5
3 16 72 30.5 40 72 24 40 72 24 41.5
3 16 72 24 55 72 30.5 55 72 24 53.5
1 16 73.3 27.25 20 0 0 -1.3 3.25 0 0 0 -1 0 rect2a.dat
0 BFC INVERTNEXT
1 16 73.3 27.25 4.25 0 0 1.3 3.25 0 0 0 .75 0 box2-9p.dat
4 16 72 30.5 20 72 30.5 5 72 28 12.5 72 28 16.5
3 16 72 30.5 5 72 28 8.5 72 28 12.5
4 16 72 24 8.5 72 28 8.5 72 30.5 5 72 24 6.5
4 16 72 30.5 20 72 28 16.5 72 24 16.5 72 24 18.5
3 16 72 30.5 5 72 24 5 72 24 6.5
3 16 72 24 20 72 30.5 20 72 24 18.5
1 16 -84 30.5 -80 0 4 0 -4 0 0 0 0 4 4-4cylc.dat
0 BFC INVERTNEXT
1 16 76 30.5 -80 0 4 0 4 0 0 0 0 4 4-4cylc.dat
1 16 72 30.5 -80 0 4 0 0 0 -4 4 0 0 2-4cylc.dat
1 16 76 30.5 -80 0 1 0 0 0 -4 4 0 0 2-4ndis.dat
1 16 -76 24 12.5 0 -1 0 0 0 4 -4 0 0 4-4ndis.dat
0 BFC INVERTNEXT
1 16 -76 24 12.5 0 -4 0 0 0 4 4 0 0 4-4cylo.dat
1 16 -76 24 47.5 0 -1 0 0 0 4 4 0 0 4-4ndis.dat
0 BFC INVERTNEXT
1 16 -76 24 47.5 0 -4 0 0 0 4 4 0 0 4-4cylo.dat
1 16 -76 24 47.5 0 2 0 -9 0 0 0 0 9 1-4cylo.dat
1 16 -74 24 47.5 0 -1 0 -9 0 0 0 0 9 3-16chrd.dat
1 16 -76 24 12.5 0 2 0 0 0 -9 -9 0 0 1-4cylo.dat
1 16 -74 24 12.5 0 -1 0 -9 0 0 0 0 -9 3-16chrd.dat
1 16 72 24 12.5 0 2.6 0 0 0 -7.5 -7.5 0 0 2-4cylo.dat
1 16 72 24 47.5 0 2.6 0 0 0 -7.5 7.5 0 0 2-4cylo.dat
1 16 74.6 24 12.5 0 1 0 0 0 -7.5 7.5 0 0 1-4ndis.dat
1 16 74.6 24 47.5 0 1 0 0 0 -7.5 -7.5 0 0 1-4ndis.dat
1 16 74.6 24 47.5 0 1.4 0 -9 0 0 0 0 9 1-4cylo.dat
1 16 74.6 24 12.5 0 1.4 0 0 0 -9 -9 0 0 1-4cylo.dat
0 BFC INVERTNEXT
1 16 78 24 12.5 0 -6 0 0 0 -4 -4 0 0 4-4cylo.dat
0 BFC INVERTNEXT
1 16 78 24 47.5 0 -6 0 0 0 -4 4 0 0 4-4cylo.dat
1 16 72 24 12.5 0 1 0 0 0 -2 -2 0 0 2-4ring2.dat
1 16 72 24 12.5 0 1 0 0 0 -1.5 -1.5 0 0 2-4ring4.dat
1 16 72 24 47.5 0 1 0 0 0 -2 2 0 0 2-4ring2.dat
1 16 72 24 47.5 0 1 0 0 0 -1.5 1.5 0 0 2-4ring4.dat
1 16 72 24 12.5 0 1 0 0 0 4 -4 0 0 2-4ndis.dat
1 16 72 24 47.5 0 1 0 0 0 4 4 0 0 2-4ndis.dat
4 16 -76 26.5 -80 -76 26.5 -84 -76 30.5 -84 -76 30.5 -76
3 16 -76 26.5 -76 -76 26.5 -80 -76 30.5 -76
4 16 -74 25 57 -74 24 56.5 -74 30.5 55 -74 30.5 57
3 16 -74 25 57 -74 24 57 -74 24 56.5
1 16 -75 24 56.75 -1 0 0 0 1 0 0 0 -.25 rect3.dat
1 16 -42.5 27.75 57 -31.5 0 0 0 0 2.75 0 1 0 rect2a.dat
4 16 74.6 30.5 57 74.6 25 57 11 25 57 11 30.5 57
4 16 79 24 60 78 24 57 78 24 56.5 80 24 56.5
3 16 79 24 60 76 24 57 78 24 57
4 16 76 24 57 79 24 60 74.6 24 58 74.6 24 57
3 16 74.6 24 58 79 24 60 69 24 60
3 16 74.6 24 58 69 24 60 60 24 60
4 16 11 24 58 74.6 24 58 60 24 60 58 24 60
4 16 -25 24 60 -11 24 58 11 24 58 -16 24 60
3 16 -16 24 60 11 24 58 16 24 60
1 16 0 24.25 60 16 0 0 0 0 .25 0 -1 0 rect2p.dat
3 16 16 24 60 11 24 58 25 24 60
3 16 25 24 60 11 24 58 58 24 60
3 16 -79 24 60 -78 24 57 -76 24 57
4 16 -79 24 60 -80 24 56.5 -78 24 56.5 -78 24 57
4 16 -76 24 57 -74 24 57 -74 24 58 -79 24 60
4 16 79 24 60 80 24 56.5 80 24 100 79 24 99
0 BFC INVERTNEXT
1 16 74 24.25 79.5 0 5 0 -.25 0 0 0 0 -19.5 box2-5.dat
4 16 69 24.5 62 69 24.5 60 79 24.5 60 78 24.5 62
0 BFC INVERTNEXT
1 16 59 24.25 61 1 0 0 0 .25 0 0 0 -1 box2-9.dat
4 16 79 24.5 60 79 24.5 99 78 24.5 98 78 24.5 62
4 16 -80 24 56.5 -79 24 60 -79 24 99 -80 24 100
0 BFC INVERTNEXT
1 16 -39.5 24.25 79.5 0 -39.5 0 -.25 0 0 0 0 19.5 box2-7.dat
4 16 -79 24.5 99 -79 24.5 60 -78 24.5 62 -78 24.5 98
1 16 39.5 24.25 99 39.5 0 0 0 0 -.25 0 1 0 rect2p.dat
4 16 18 24.5 80 7 24.5 93 7 24.5 65 16 24.5 70
3 16 7 24.5 65 15 24.5 65 16 24.5 70
3 16 7 24.5 93 18 24.5 80 18 24.5 93
3 16 38 24.5 80 16 24.5 70 42 24.5 80
4 16 25 24.5 70 38 24.5 72.5 42 24.5 80 16 24.5 70
4 16 58 24.5 73 58 24.5 80 42 24.5 80 44 24.5 72.5
3 16 42 24.5 80 38 24.5 72.5 44 24.5 72.5
4 16 15 24.5 65 15 24.5 62 16 24.5 60 16 24.5 70
4 16 16 24.5 60 15 24.5 62 -5 24.5 62 -16 24.5 60
4 16 -79 24.5 60 -69 24.5 60 -69 24.5 62 -78 24.5 62
4 16 -58 24.5 62 -60 24.5 62 -60 24.5 60 -46 24.5 60.5
4 16 -46 24.5 60.5 -46 24.5 66.5 -58 24.5 73 -58 24.5 62
4 16 -58 24.5 80 -58 24.5 73 -46 24.5 72.5 -42 24.5 80
3 16 -46 24.5 72.5 -58 24.5 73 -46 24.5 66.5
4 16 -40 24.5 60.5 -46 24.5 60.5 -60 24.5 60 -25 24.5 60
3 16 -34 24.5 60.5 -40 24.5 60.5 -25 24.5 60
4 16 -34 24.5 66.5 -34 24.5 60.5 -25 24.5 60 -25 24.5 70
3 16 -34 24.5 66.5 -25 24.5 70 -34 24.5 72.5
4 16 -16 24.5 70 -38 24.5 80 -34 24.5 72.5 -25 24.5 70
3 16 -34 24.5 72.5 -38 24.5 80 -40 24.5 72.5
4 16 -40 24.5 72.5 -38 24.5 80 -42 24.5 80 -46 24.5 72.5
4 16 -16 24.5 70 -5 24.5 65 3 24.5 65 -2 24.5 80
3 16 -18 24.5 80 -16 24.5 70 -2 24.5 80
4 16 3 24.5 93 -2 24.5 93 -2 24.5 80 3 24.5 65
4 16 -5 24.5 65 -16 24.5 70 -16 24.5 60 -5 24.5 62
1 16 -74 25 58 0 63 0 -1 0 0 0 0 -1 1-4cyli.dat
1 16 -74 25 58 0 1 0 -1 0 0 0 0 -1 1-4edge.dat
1 16 11 25 58 0 63.6 0 -1 0 0 0 0 -1 1-4cyli.dat
1 16 74.6 25 58 0 1 0 -1 0 0 0 0 -1 1-4edge.dat
1 16 -74 25 58 0 -1 0 -1 0 0 0 0 -1 1-4ndis.dat
1 16 74.6 25 58 0 1 0 -1 0 0 0 0 -1 1-4ndis.dat
1 16 -58 24.25 67.5 0 -1 0 0 0 .25 -5.5 0 0 rect3.dat
4 16 22 24 98 58 24 98 78 24.5 98 0 24.5 98
3 16 58 24 98 75 24 98 78 24.5 98
3 16 0 24.5 98 -58 24 98 1 24 98
3 16 0 24.5 98 1 24 98 22 24 98
1 16 11.5 24 97.5 10.5 0 0 0 1 0 0 0 .5 rect.dat
1 16 66.5 24 97.5 0 0 8.5 0 1 0 -.5 0 0 rect3.dat
4 16 -78 24.5 98 -75 24 98 -58 24 98 0 24.5 98
1 16 -66.5 24 97.5 -8.5 0 0 0 1 0 0 0 -.5 rect.dat
4 16 -2 6 97 -2 12 98 -2 17 98 -2 17 97
4 16 1 24 98 1 12 98 1 6 97 1 24 97
4 16 -2 12 98 1 12 98 1 24 98 -2 17 98
1 16 -.5 9 97.5 -1.5 0 0 0 1 -3 0 0 -.5 rect.dat
4 16 1 6 97 -2 6 97 7 6 93 18 6 93
4 16 1 6 97 18 6 93 22 6 93 75 6 97
3 16 75 6 97 22 6 93 71 6 93
3 16 75 6 97 71 6 93 74 6 93
3 16 -22 6 93 -75 6 97 -71 6 93
4 16 -22 6 93 -18 6 93 -2 6 97 -75 6 97
3 16 7 6 93 -2 6 97 3 6 93
3 16 3 6 93 -2 6 97 -18 6 93
3 16 -71 6 93 -75 6 97 -74 6 93
1 16 5 6 79 0 0 2 0 1 0 -14 0 0 rect2p.dat
0 BFC INVERTNEXT
1 16 11 15.25 79 0 -4 0 9.25 0 0 0 0 -14 box2-5.dat
0 BFC INVERTNEXT
1 16 -1 15.25 79 0 4 0 9.25 0 0 0 0 -14 box2-5.dat
1 16 5 18.25 62 -10 0 0 0 0 6.25 0 1 0 rect3.dat
1 16 5 9 62.5 -10 0 0 0 1 3 0 0 -.5 rect.dat
4 16 3 6 65 -5 6 63 15 6 63 7 6 65
3 16 15 6 63 15 6 65 7 6 65
3 16 -5 6 63 3 6 65 -5 6 65
4 16 15 12 62 15 24.5 62 15 24.5 65 15 6 65
3 16 15 6 63 15 12 62 15 6 65
4 16 -5 24.5 65 -5 24.5 62 -5 12 62 -5 6 65
3 16 -5 12 62 -5 6 63 -5 6 65
3 16 4 36 -30.8 -4 36 -30.8 0 36 56
4 16 -4 36 -47.5 -4 36 -42 4 36 -42 4 36 -47.5
3 16 4 36 -47.5 0 36 -96 -4 36 -47.5
4 16 4 36 -37 4 36 -42 -4 36 -42 -4 36 -37
1 16 0 36 -80 1 0 0 0 -1 0 0 0 1 stug4-1x3.dat
1 16 0 36 -60 1 0 0 0 -1 0 0 0 1 stug4-1x3.dat
1 16 -30 36 -40 1 0 0 0 -1 0 0 0 1 stug4-1x2.dat
1 16 30 36 -40 1 0 0 0 -1 0 0 0 1 stug4-1x2.dat
1 16 0 36 10 0 0 1 0 -1 0 1 0 0 stug4-1x4.dat
1 16 0 28 80 1 0 0 0 -1 0 0 0 1 stug4-1x3.dat
2 24 -74 30.5 5 -74 30.5 3.5
2 24 78 24 56.5 78 24 57
2 24 78 24 56.5 80 24 56.5
2 24 -2 12 98 -2 17 98
2 24 69 24.5 62 78 24.5 62
2 24 -69 24.5 62 -78 24.5 62
2 24 -2 6 97 -2 17 97
2 24 -80 24 100 -80 24 56.5
2 24 69 24.5 60 69 24.5 62
2 24 74.6 30.5 55 74.6 30.5 57
2 24 60 24.5 73 60 24.5 70
2 24 58 24.5 73 60 24.5 73
2 24 72 30.5 -80 72 30.5 -76
2 24 72 30.5 5 72 30.5 20
2 24 -76 30.5 -42 -76 30.5 -76
2 24 76 30.5 -84 76 30.5 -96
2 24 75 24 97 75 6 97
2 24 -78 24 56.5 -78 24 57
2 24 -78 24 56.5 -80 24 56.5
2 24 74.6 24 57 74.6 24 58
2 24 -58 24.5 93 -69 24.5 93
2 24 -2 24.5 93 3 24.5 93
2 24 72 30.5 -84 72 30.5 -80
2 24 72 30.5 40 72 30.5 55
2 24 -75 6 97 -2 6 97
2 24 15 6 63 15 6 65
2 24 74.6 24 58 74.6 30.5 58
2 24 -71 6 93 -69 12 93
2 24 76 30.5 3.5 76 30.5 -30.8
2 24 76 30.5 -42 76 30.5 -76
2 24 69 24.5 93 58 24.5 93
2 24 -69 12 93 -69 24.5 93
2 24 -74 24 58 -74 24 57
2 24 22 6 93 71 6 93
2 24 -60 24.5 62 -60 24.5 60
2 24 0 24.5 98 78 24.5 98
2 24 0 24.5 98 -78 24.5 98
2 24 -5 24.5 62 -5 24.5 65
2 24 -58 24.5 62 -60 24.5 62
2 24 78 24.5 62 78 24.5 98
2 24 80 24 56.5 80 24 100
2 24 71 6 93 69 12 93
2 24 69 24.5 93 69 24.5 70
2 24 -76 30.5 3.5 -76 30.5 -30.8
2 24 -69 24.5 93 -69 24.5 70
2 24 15 24.5 65 15 24.5 62
2 24 1 6 97 75 6 97
2 24 -75 24 97 -75 6 97
2 24 -18 6 93 3 6 93
2 24 1 24 97 1 6 97
2 24 -5 6 63 -5 6 65
2 24 -69 24.5 60 -69 24.5 62
2 24 -78 24.5 62 -78 24.5 98
2 24 74.6 30.5 57 74.6 30.5 58
2 24 69 24 60 60 24 60
2 24 -76 30.5 -84 -76 30.5 -96
2 24 -76 30.5 -76 -76 30.5 -84
2 24 -60 24.5 70 -60 24.5 73
2 24 -60 24.5 73 -58 24.5 73
2 24 69 12 93 69 24.5 93
0 BFC INVERTNEXT
1 16 5.5 30.5 -44.75 1.5 0 0 0 5.5 0 0 0 2.75 box4.dat
0 BFC INVERTNEXT
1 16 -5.5 30.5 -44.75 1.5 0 0 0 5.5 0 0 0 2.75 box4.dat
1 16 60 36 15 0 0 -1 0 3 0 41 0 0 box3u2p.dat
1 16 60 36 -75 0 0 -1 0 3 0 21 0 0 box3u2p.dat
1 16 -60 36 15 0 0 -1 0 3 0 41 0 0 box3u2p.dat
1 16 -60 36 -75 0 0 -1 0 3 0 21 0 0 box3u2p.dat
4 16 42 39 -96 38 39 -96 38 36 -80 42 36 -80
3 16 42 39 -96 42 36 -80 42 36 -96
3 16 38 36 -80 38 39 -96 38 36 -96
4 16 -38 39 -96 -42 39 -96 -42 36 -80 -38 36 -80
3 16 -38 39 -96 -38 36 -80 -38 36 -96
3 16 -42 36 -80 -42 39 -96 -42 36 -96
1 16 -74 24.25 60 0 0 -5 .25 0 0 0 -1 0 rect2p.dat
4 16 -60 24 60 -74 24 58 -11 24 58 -25 24 60
3 16 -60 24 60 -69 24 60 -74 24 58
3 16 -74 24 58 -69 24 60 -79 24 60
1 16 -42.5 24.25 60 -17.5 0 0 0 0 -.25 0 -1 0 rect1.dat
1 16 20.5 24.25 60 0 0 4.5 -.25 0 0 0 10 0 box3u5p.dat
1 16 -20.5 24.25 60 0 0 4.5 -.25 0 0 0 10 0 box3u5p.dat
3 16 49 28 64 46 28 66.5 46 28 68.5
4 16 61 28 68 51 28 64 49 28 64 46 28 68.5
4 16 24 28 89 42 28 68.5 24 28 68 8 28 88
4 16 24 28 93 24 28 89 8 28 88 0 28 96
3 16 24 28 93 0 28 96 24 28 95
3 16 36 28 95 24 28 95 0 28 96
1 16 40 28 94 0 0 -4 0 -1 0 -1 0 0 rect2p.dat
4 16 0 28 96 76 28 96 44 28 95 36 28 95
3 16 44 28 95 76 28 96 56 28 95
3 16 56 28 93 56 28 95 76 28 96
4 16 61 28 68 56 28 89 56 28 93 76 28 96
4 16 46 28 68.5 52 28 89 56 28 89 61 28 68
3 16 48 28 89 52 28 89 46 28 68.5
4 16 44 28 68.5 44 28 89 48 28 89 46 28 68.5
4 16 44 28 68.5 42 28 68.5 36 28 89 44 28 89
4 16 36 28 93 44 28 93 44 28 89 36 28 89
3 16 32 28 89 36 28 89 42 28 68.5
3 16 28 28 89 32 28 89 42 28 68.5
3 16 28 28 89 42 28 68.5 24 28 89
4 16 31 28 60 31 28 64 42 28 66.5 42 28 64.5
3 16 42 28 66.5 31 28 64 42 28 68.5
4 16 42 28 68.5 31 28 64 29 28 64 24 28 68
4 16 46 28 66.5 49 28 64 49 28 60 46 28 64.5
3 16 46 28 64.5 49 28 60 44 28 64.5
4 16 49 28 60 31 28 60 42 28 64.5 44 28 64.5
1 16 44 28 66.5 2 0 0 0 -1 0 0 0 2 4-4ndis.dat
0 BFC INVERTNEXT
1 16 44 25 66.5 0 0 -2 0 3 0 2 0 0 4-4cylc.dat
1 16 44 24.5 66.5 0 0 -6 0 1 0 6 0 0 2-4ndis.dat
1 16 44 14 66.5 0 0 -6 0 10.5 0 6 0 0 2-4cylc.dat
1 16 -40 28 66.5 2 0 0 0 -1 0 0 0 2 4-4ndis.dat
0 BFC INVERTNEXT
1 16 -40 25 66.5 0 0 -2 0 3 0 2 0 0 4-4cylc.dat
3 16 -49 28 64 -42 28 68.5 -42 28 66.5
4 16 -51 28 64 -61 28 68 -42 28 68.5 -49 28 64
3 16 -4 28 95 0 28 96 -4 28 93
4 16 8 28 88 0 28 88 -4 28 93 0 28 96
3 16 -4 28 93 0 28 88 -4 28 89
4 16 -8 28 89 -4 28 89 0 28 88 -8 28 88
4 16 -8 28 88 -24 28 68 -12 28 89 -8 28 89
3 16 -12 28 89 -24 28 68 -16 28 89
4 16 0 28 96 -24 28 95 -36 28 95 -76 28 96
3 16 0 28 96 -4 28 95 -16 28 95
3 16 0 28 96 -16 28 95 -24 28 95
4 16 -24 28 89 -24 28 93 -16 28 93 -16 28 89
4 16 -24 28 93 -24 28 95 -16 28 95 -16 28 93
4 16 -38 28 68.5 -24 28 89 -16 28 89 -24 28 68
1 16 -40 28 94 0 0 4 0 -1 0 1 0 0 rect2p.dat
3 16 -44 28 95 -76 28 96 -36 28 95
3 16 -44 28 95 -56 28 95 -76 28 96
3 16 -56 28 93 -76 28 96 -56 28 95
4 16 -56 28 89 -61 28 68 -76 28 96 -56 28 93
4 16 -52 28 89 -42 28 68.5 -61 28 68 -56 28 89
3 16 -48 28 89 -42 28 68.5 -52 28 89
4 16 -44 28 89 -40 28 68.5 -42 28 68.5 -48 28 89
4 16 -38 28 68.5 -40 28 68.5 -44 28 89 -36 28 89
4 16 -44 28 93 -36 28 93 -36 28 89 -44 28 89
3 16 -32 28 89 -38 28 68.5 -36 28 89
3 16 -28 28 89 -38 28 68.5 -32 28 89
3 16 -28 28 89 -24 28 89 -38 28 68.5
4 16 -31 28 64 -31 28 60 -38 28 64.5 -38 28 66.5
3 16 -38 28 66.5 -38 28 68.5 -31 28 64
4 16 -31 28 64 -38 28 68.5 -24 28 68 -29 28 64
4 16 -49 28 64 -42 28 66.5 -42 28 64.5 -49 28 60
3 16 -42 28 64.5 -40 28 64.5 -49 28 60
4 16 -31 28 60 -49 28 60 -40 28 64.5 -38 28 64.5
1 16 -40 24.5 66.5 6 0 0 0 1 0 0 0 6 4-4ndis.dat
1 16 -40 14 66.5 0 0 -6 0 10.5 0 6 0 0 4-4cylc.dat
1 16 41.5 24.25 60 16.5 0 0 0 0 .25 0 -1 0 rect2p.dat
1 16 58 24.25 67.5 0 1 0 0 0 .25 5.5 0 0 rect3.dat
4 16 58 24.5 62 44 24.5 72.5 44 24.5 60.5 58 24.5 60
4 16 38 24.5 60.5 25 24.5 60 58 24.5 60 44 24.5 60.5
4 16 25 24.5 70 25 24.5 60 38 24.5 60.5 38 24.5 66.5
3 16 38 24.5 66.5 38 24.5 72.5 25 24.5 70
3 16 58 24.5 62 58 24.5 73 44 24.5 72.5
2 24 60 24.5 62 58 24.5 62
2 24 60 24 60 58 24 60
4 16 44 14 66.5 44 14 60.5 44 24.5 60.5 44 24.5 72.5
3 16 44 14 72.5 44 14 66.5 44 24.5 72.5
2 24 44 24.5 60.5 44 24.5 72.5
2 24 44 24.5 72.5 44 14 72.5
2 24 44 14 72.5 44 14 66.5
2 24 44 14 60.5 44 14 66.5
2 24 44 24.5 60.5 44 14 60.5
4 16 -11 24 58 -10.4554 24 57.8387 10.4554 24 57.8387 11 24 58
3 16 -10.4554 24 57.8387 0 24 55.5777 10.4554 24 57.8387
3 16 0 30.5 55.5777 -2.6133 30.5 51.5536 2.6133 30.5 51.5536
4 16 76 36 18.543 76 36 6.399 71 36 6.399 71 36 18.543
4 16 76 36 53.543 76 36 41.399 71 36 41.399 71 36 53.543
1 16 52 28 93 4 0 0 0 -1 0 0 0 -4 1-4ndis.dat
1 16 48 28 93 -4 0 0 0 -1 0 0 0 -4 1-4ndis.dat
4 16 18 24.5 93 18 24.5 80 18 2 80 18 6 93
3 16 22 24.5 80 22 17 80 18 24.5 80
4 16 18 24.5 80 22 17 80 22 2 80 18 2 80
1 16 32 28 93 4 0 0 0 -1 0 0 0 -4 1-4ndis.dat
1 16 28 28 93 -4 0 0 0 -1 0 0 0 -4 1-4ndis.dat
3 16 75 6 97 55 9 97 50 9 97
4 16 45 9 97 1 6 97 75 6 97 50 9 97
4 16 50 21 98 54 21 98 58 24 98 22 24 98
3 16 55 9 97 75 6 97 55 14 97
4 16 55 17 97 55 14 97 75 6 97 58 17 97
4 16 58 17 97 75 6 97 75 24 97 58 24 97
3 16 46 21 98 50 21 98 22 24 98
3 16 46 21 98 22 24 98 44 21 98
3 16 40 21 98 44 21 98 22 24 98
3 16 40 21 98 22 24 98 36 21 98
3 16 36 21 98 22 24 98 34 21 98
3 16 34 21 98 22 24 98 30 21 98
3 16 30 21 98 22 24 98 26 21 98
4 16 22 17 98 26 17 98 26 21 98 22 24 98
4 16 26 17 98 22 17 98 22 17 97 25 17 97
1 16 22 20.5 97.5 0 1 0 0 0 -3.5 -.5 0 0 rect3.dat
3 16 25 14 97 25 17 97 22 17 97
4 16 25 9 97 25 14 97 22 17 97 1 6 97
3 16 1 6 97 45 9 97 35 9 97
3 16 1 6 97 35 9 97 30 9 97
3 16 1 6 97 30 9 97 25 9 97
4 16 22 17 97 22 24 97 1 24 97 1 6 97
4 16 46.4645 9 93 53.5355 9 93 71 6 93 22 6 93
3 16 33.5355 9 93 46.4645 9 93 22 6 93
3 16 26.4645 9 93 33.5355 9 93 22 6 93
1 16 12.5 15.25 93 0 0 5.5 9.25 0 0 0 1 0 rect1.dat
1 16 -10 14 97 5 0 0 0 0 -5 0 -1 0 2-4ndis.dat
1 16 -10 17 98 4 0 0 0 0 4 0 -1 0 2-4ndis.dat
1 16 -10 17 97 4 0 0 0 0 4 0 1 0 2-4ndis.dat
1 16 -10 14 93 5 0 0 0 0 -5 0 1 0 1-8tndis.dat
3 16 -13.5355 9 93 -13.5355 10.4645 93 -13.5355 10.4645 97
3 16 -13.5355 9 93 -13.5355 10.4645 97 -11.9135 9.3805 97
3 16 -13.5355 9 93 -11.9135 9.3805 97 -10 9 97
3 16 -13.5355 9 93 -10 9 97 -6.4645 9 93
3 16 -6.4645 9 93 -10 9 97 -8.0865 9.3805 97
3 16 -6.4645 9 93 -8.0865 9.3805 97 -6.4645 10.4645 97
3 16 -6.4645 9 93 -6.4645 10.4645 97 -6.4645 10.4645 93
1 16 -10 14 93 -5 0 0 0 0 -5 0 1 0 1-8tndis.dat
0 BFC INVERTNEXT
1 16 -10 14 97 5 0 0 0 0 -5 0 -4 0 1-8cylo.dat
0 BFC INVERTNEXT
1 16 -10 14 97 -5 0 0 0 0 -5 0 -4 0 1-8cylo.dat
0 BFC INVERTNEXT
1 16 -10 17 98 -4 0 0 0 0 4 0 -1 0 2-4cylo.dat
1 16 -2 20.75 86.5 0 -1 0 3.75 0 0 0 0 6.5 rect.dat
4 16 -18 17 80 -18 24.5 80 -13.5 21 80 -13.5 17 80
4 16 -6.5 17 80 -6.5 21 80 -2 24.5 80 -2 17 80
4 16 -18 24.5 80 -2 24.5 80 -6.5 21 80 -13.5 21 80
4 16 -17 17 82 -18 17 80 -13.5 17 80 -13.5 17 82
4 16 -17 17 82 -17 17 93 -18 17 93 -18 17 80
4 16 -6.5 17 82 -6.5 17 80 -2 17 80 -3 17 82
4 16 -2 17 80 -2 17 93 -3 17 93 -3 17 82
1 16 -10 21 81.5 -3.5 0 0 0 1 0 0 0 -1.5 rect3.dat
4 16 -3 17 82 -4 18 83 -6.5 18 83 -6.5 17 82
4 16 -4 18 83 -3 17 82 -3 17 93 -4 18 93
4 16 -13.5 17 82 -13.5 18 83 -16 18 83 -17 17 82
4 16 -17 17 93 -17 17 82 -16 18 83 -16 18 93
4 16 -16 18 83 -13.5 18 83 -13.5 21 83 -16 21 83
4 16 -16 18 93 -16 18 83 -16 21 83 -16 21 89
4 16 -6.5 21 83 -6.5 18 83 -4 18 83 -4 21 83
4 16 -4 21 83 -4 18 83 -4 18 93 -4 21 89
4 16 -6.5 21 83 -4 21 83 -4 21 89 -8 21 89
3 16 -6.5 21 83 -8 21 89 -12 21 89
4 16 -13.5 21 83 -6.5 21 83 -12 21 89 -16 21 89
3 16 -13.5 21 83 -16 21 89 -16 21 83
4 16 -6.5 18 83 -6.5 21 83 -6.5 21 80 -6.5 17 82
3 16 -6.5 21 80 -6.5 17 80 -6.5 17 82
4 16 -13.5 17 80 -13.5 21 83 -13.5 18 83 -13.5 17 82
3 16 -13.5 21 83 -13.5 17 80 -13.5 21 80
1 16 -8 21 93 4 0 0 0 1 0 0 0 -4 1-4ndis.dat
1 16 -12 21 93 -4 0 0 0 1 0 0 0 -4 1-4ndis.dat
0 BFC INVERTNEXT
1 16 -8 21 93 4 0 0 0 7 0 0 0 -4 1-4cylo.dat
1 16 -10 24.5 89 2 0 0 0 0 3.5 0 -1 0 rect2p.dat
0 BFC INVERTNEXT
1 16 -12 21 93 -4 0 0 0 7 0 0 0 -4 1-4cylo.dat
1 16 -12 28 93 -4 0 0 0 -1 0 0 0 -4 1-4ndis.dat
1 16 -8 28 93 4 0 0 0 -1 0 0 0 -4 1-4ndis.dat
1 16 -20 17 97 4 0 0 0 0 -4 0 -1 0 2-4ndis.dat
1 16 -20 17 98 4 0 0 0 0 4 0 -1 0 2-4ndis.dat
0 BFC INVERTNEXT
1 16 -20 17 93.04 4 0 0 0 0 4 0 3.96 0 4-4cylc3.dat
1 16 -20 17 93.04 4 0 0 0 0 4 0 1 0 4-4edge.dat
0 BFC INVERTNEXT
1 16 -20 17 97 4 0 0 0 0 4 0 1 0 2-4cyli.dat
1 16 -20 17 98 4 0 0 0 0 4 0 1 0 2-4edge.dat
1 16 -20 17 97 4 0 0 0 0 -4 0 1 0 2-4edge.dat
4 16 -18 2 80 -18 17 80 -18 17 93 -18 6 93
4 16 -22 24.5 80 -18 24.5 80 -18 17 80 -22 17 80
4 16 -22 17 80 -18 17 80 -18 2 80 -22 2 80
1 16 -28 28 93 4 0 0 0 -1 0 0 0 -4 1-4ndis.dat
1 16 -32 28 93 -4 0 0 0 -1 0 0 0 -4 1-4ndis.dat
3 16 -2 6 97 -5 9 97 -10 9 97
4 16 -15 9 97 -75 6 97 -2 6 97 -10 9 97
4 16 -2 17 98 1 24 98 -6 21 98 -6 17 98
4 16 -2 17 98 -6 17 98 -5 17 97 -2 17 97
3 16 -5 9 97 -2 6 97 -5 14 97
4 16 -5 17 97 -5 14 97 -2 6 97 -2 17 97
3 16 -6 17 97 -5 17 97 -6 17 98
3 16 -6 21 98 1 24 98 -10 21 98
3 16 -10 21 98 1 24 98 -14 21 98
3 16 -14 21 98 1 24 98 -16 21 98
3 16 -16 21 98 1 24 98 -20 21 98
3 16 -20 21 98 1 24 98 -24 21 98
3 16 -24 21 98 1 24 98 -26 21 98
3 16 -26 21 98 1 24 98 -30 21 98
4 16 1 24 98 -58 24 98 -34 21 98 -30 21 98
3 16 -36 21 98 -34 21 98 -58 24 98
3 16 -36 21 98 -58 24 98 -40 21 98
3 16 -40 21 98 -58 24 98 -44 21 98
3 16 -44 21 98 -58 24 98 -46 21 98
3 16 -46 21 98 -58 24 98 -50 21 98
3 16 -50 21 98 -58 24 98 -54 21 98
3 16 -55 14 97 -55 17 97 -58 17 97
3 16 -35 9 97 -45 9 97 -75 6 97
3 16 -75 6 97 -45 9 97 -50 9 97
3 16 -75 6 97 -50 9 97 -55 9 97
4 16 -75 6 97 -55 9 97 -55 14 97 -75 24 97
3 16 -75 24 97 -55 14 97 -58 17 97
3 16 -75 24 97 -58 17 97 -58 24 97
1 16 -15 19 98 0 0 1 -2 0 0 0 -1 0 rect1.dat
4 16 -16 13 97 -15 14 97 -15 17 97 -16 17 97
3 16 -15 17 97 -14 17 97 -14 17 98
4 16 -16 17 98 -16 17 97 -15 17 97 -14 17 98
4 16 -24 13 97 -24 17 97 -25 17 97 -25 14 97
4 16 -24 17 97 -24 17 98 -26 17 98 -25 17 97
1 16 -25 19 98 0 0 1 -2 0 0 0 -1 0 rect1.dat
3 16 -15 14 97 -16 13 97 -15 9 97
4 16 -15 9 97 -16 13 97 -20 13 97 -25 9 97
3 16 -25 9 97 -20 13 97 -24 13 97
3 16 -25 14 97 -25 9 97 -24 13 97
3 16 -75 6 97 -15 9 97 -25 9 97
3 16 -75 6 97 -25 9 97 -30 9 97
3 16 -75 6 97 -30 9 97 -35 9 97
1 16 -48 28 93 4 0 0 0 -1 0 0 0 -4 1-4ndis.dat
1 16 -52 28 93 -4 0 0 0 -1 0 0 0 -4 1-4ndis.dat
4 16 -33.5355 9 93 -26.4645 9 93 -22 6 93 -71 6 93
3 16 -46.4645 9 93 -33.5355 9 93 -71 6 93
3 16 -53.5355 9 93 -46.4645 9 93 -71 6 93
4 16 -13.5355 9 93 -6.4645 9 93 3 6 93 -18 6 93
4 16 -2 17 93 3 6 93 -5 10.4645 93 -5 13 93
4 16 -2 17 93 -2 24.5 93 3 24.5 93 3 6 93
4 16 3 6 93 -6.4645 9 93 -6.4645 10.4645 93 -5 10.4645 93
3 16 -3 17 93 -2 17 93 -5 13 93
4 16 -5 13 93 -5 17 93 -4 18 93 -3 17 93
3 16 -15 13 93 -18 17 93 -17 17 93
4 16 -15 13 93 -17 17 93 -16 18 93 -15 17 93
4 16 -15 10.4645 93 -13.5355 10.4645 93 -13.5355 9 93 -18 6 93
4 16 -18 17 93 -15 13 93 -15 10.4645 93 -18 6 93
4 16 -5 14 93 -5 14 97 -5 17 97 -5 17 93
4 16 -4 18 97 -4 18 93 -5 17 93 -5 17 97
4 16 -6 17 97 -6 21 97 -4 18 97 -5 17 97
3 16 -4 18 97 -6 21 97 -4 21 97
3 16 -4 18 93 -4 21 93 -4 21 89
4 16 -4 18 93 -4 18 97 -4 21 97 -4 21 93
4 16 -4 28 95 -4 28 93 -4 21 93 -4 21 97
3 16 -4 21 97 -6 21 97 -4 28 95
4 16 -16 28 95 -4 28 95 -6 21 97 -10 21 97
3 16 -16 28 95 -10 21 97 -14 21 97
3 16 -16 28 95 -14 21 97 -16 21 97
4 16 -16 28 95 -16 21 97 -16 21 93 -16 28 93
4 16 -14 17 97 -15 17 97 -16 18 97 -14 21 97
3 16 -14 21 97 -16 18 97 -16 21 97
3 16 -16 21 93 -16 18 93 -16 21 89
4 16 -16 18 93 -16 21 93 -16 21 97 -16 18 97
4 16 -15 17 97 -15 14 97 -15 14 93 -15 17 93
4 16 -15 17 93 -16 18 93 -16 18 97 -15 17 97
1 16 -67.5 26.25 40 6.5 0 0 0 0 -4.25 0 1 0 rect.dat
4 16 -61 22 40 -61 30.5 40 -61 26 43.7741 -61 22 43.8045
3 16 -61 26 43.7741 -61 30.5 40 -61 28.5 45.2585
4 16 -61 22 51.1955 -61 26 51.1953 -61 30.5 55 -61 22 55
3 16 -61 30.5 55 -61 26 51.1953 -61 28.5 49.7279
4 16 -61 30.5 40 -61 30.5 55 -61 28.5 49.7279 -61 28.5 45.2585
4 16 -64 22 41.399 -61 22 40 -61 22 43.8045 -64 22 43.8045
4 16 -64 22 41.399 -71 22 41.399 -74 22 40 -61 22 40
3 16 -74 22 40 -71 22 41.399 -74 22 41.399
4 16 -64 22 51.1955 -61 22 51.1955 -61 22 55 -64 22 53.543
4 16 -61 22 55 -74 22 55 -71 22 53.543 -64 22 53.543
3 16 -74 22 53.543 -71 22 53.543 -74 22 55
4 16 -64 28.5 45.2585 -61 28.5 45.2585 -61 28.5 49.7279 -64 28.5 49.7279
3 16 -64 22 41.399 -64 22 43.8045 -64 26 43.7741
3 16 -64 26 51.1953 -64 22 51.1955 -64 22 53.543
4 16 -64 28.5 49.7279 -64 30.5 48.554 -64 30.5 46.446 -64 28.5 45.2585
4 16 -64 30.5 46.446 -64 30.5 48.554 -71 30.5 48.554 -71 30.5 46.446
3 16 -71 22 53.543 -71 36 53.543 -71 30.5 48.554
4 16 -71 30.5 46.446 -71 30.5 48.554 -71 36 53.543 -71 36 41.399
3 16 -71 30.5 46.446 -71 36 41.399 -71 22 41.399
4 16 -71 22 53.543 -74 22 53.543 -76 36 53.543 -71 36 53.543
4 16 -76 36 41.399 -74 22 41.399 -71 22 41.399 -71 36 41.399
4 16 -64 22 51.1955 -64 26 51.1953 -61 26 51.1953 -61 22 51.1955
4 16 -61 26 51.1953 -64 26 51.1953 -64 28.5 49.7279 -61 28.5 49.7279
4 16 -61 26 43.7741 -64 26 43.7741 -64 22 43.8045 -61 22 43.8045
4 16 -64 28.5 45.2585 -64 26 43.7741 -61 26 43.7741 -61 28.5 45.2585
1 16 -67.5 26.25 55 0 0 -6.5 4.25 0 0 0 -1 0 rect.dat
4 16 -64 22 53.543 -71 22 53.543 -71 30.5 48.554 -64 26 51.1953
4 16 -71 22 41.399 -64 22 41.399 -64 26 43.7741 -71 30.5 46.446
3 16 -64 26 51.1953 -71 30.5 48.554 -64 28.5 49.7279
3 16 -64 28.5 49.7279 -71 30.5 48.554 -64 30.5 48.554
3 16 -71 30.5 46.446 -64 26 43.7741 -64 28.5 45.2585
3 16 -71 30.5 46.446 -64 28.5 45.2585 -64 30.5 46.446
2 24 -74 22 40 -74 30.5 40
2 24 -74 30.5 40 -61 30.5 40
2 24 -61 22 40 -74 22 40
2 24 -61 30.5 40 -61 22 40
2 24 -74 30.5 55 -74 22 55
2 24 -74 22 55 -61 22 55
2 24 -61 22 55 -61 30.5 55
2 24 -61 30.5 55 -74 30.5 55
2 24 -64 22 53.543 -64 22 51.1955
2 24 -61 22 43.8045 -61 26 43.7741
2 24 -64 28.5 49.7279 -64 28.5 45.2585
2 24 -64 22 41.399 -64 22 43.8045
2 24 -61 26 43.7741 -64 26 43.7741
2 24 -64 26 51.1953 -61 26 51.1953
2 24 -64 28.5 49.7279 -64 30.5 48.554
2 24 -61 26 51.1953 -61 22 51.1955
2 24 -64 22 53.543 -64 26 51.1953
2 24 -61 28.5 45.2585 -61 28.5 49.7279
2 24 -64 28.5 45.2585 -64 30.5 46.446
2 24 -64 22 41.399 -71 22 41.399
2 24 -61 26 51.1953 -61 28.5 49.7279
2 24 -64 28.5 49.7279 -64 26 51.1953
2 24 -61 28.5 45.2585 -61 26 43.7741
2 24 -61 30.5 55 -61 30.5 40
2 24 -61 28.5 49.7279 -64 28.5 49.7279
2 24 -61 22 43.8045 -61 22 40
2 24 -71 30.5 48.554 -71 22 53.543
2 24 -74 22 55 -74 22 53.543
2 24 -64 28.5 45.2585 -61 28.5 45.2585
2 24 -61 22 43.8045 -64 22 43.8045
2 24 -71 22 41.399 -71 30.5 46.446
2 24 -74 22 41.399 -74 22 40
2 24 -64 26 51.1953 -64 22 51.1955
2 24 -61 22 51.1955 -64 22 51.1955
2 24 -64 22 43.8045 -64 26 43.7741
2 24 -61 22 55 -61 22 51.1955
2 24 -64 26 43.7741 -64 28.5 45.2585
2 24 -71 22 53.543 -64 22 53.543
2 24 -64 22 41.399 -64 26 43.7741
2 24 -71 22 53.543 -74 22 53.543
2 24 -71 22 41.399 -74 22 41.399
2 24 -71 30.5 46.446 -71 30.5 48.554
2 24 -71 30.5 48.554 -64 30.5 48.554
2 24 -64 30.5 48.554 -64 30.5 46.446
2 24 -64 30.5 46.446 -71 30.5 46.446
2 24 -71 22 41.399 -71 36 41.399
2 24 -71 22 53.543 -71 36 53.543
1 16 -67.5 26.25 5 6.5 0 0 0 0 -4.25 0 1 0 rect.dat
1 16 -67.5 26.25 20 0 0 -6.5 4.25 0 0 0 -1 0 rect.dat
4 16 -61 22 5 -61 30.5 5 -61 26 8.7741 -61 22 8.8045
3 16 -61 26 8.7741 -61 30.5 5 -61 28.5 10.2585
4 16 -61 22 16.1955 -61 26 16.1953 -61 30.5 20 -61 22 20
3 16 -61 30.5 20 -61 26 16.1953 -61 28.5 14.7279
4 16 -61 30.5 5 -61 30.5 20 -61 28.5 14.7279 -61 28.5 10.2585
4 16 -64 22 6.399 -61 22 5 -61 22 8.8045 -64 22 8.8045
4 16 -64 22 6.399 -71 22 6.399 -74 22 5 -61 22 5
3 16 -74 22 5 -71 22 6.399 -74 22 6.399
4 16 -64 22 16.1955 -61 22 16.1955 -61 22 20 -64 22 18.543
4 16 -61 22 20 -74 22 20 -71 22 18.543 -64 22 18.543
3 16 -74 22 18.543 -71 22 18.543 -74 22 20
4 16 -64 28.5 10.2585 -61 28.5 10.2585 -61 28.5 14.7279 -64 28.5 14.7279
3 16 -64 22 6.399 -64 22 8.8045 -64 26 8.7741
3 16 -64 26 16.1953 -64 22 16.1955 -64 22 18.543
4 16 -64 28.5 14.7279 -64 30.5 13.554 -64 30.5 11.446 -64 28.5 10.2585
4 16 -64 30.5 11.446 -64 30.5 13.554 -71 30.5 13.554 -71 30.5 11.446
3 16 -71 22 18.543 -71 36 18.543 -71 30.5 13.554
4 16 -71 30.5 11.446 -71 30.5 13.554 -71 36 18.543 -71 36 6.399
3 16 -71 30.5 11.446 -71 36 6.399 -71 22 6.399
4 16 -71 22 18.543 -74 22 18.543 -76 36 18.543 -71 36 18.543
4 16 -76 36 6.399 -74 22 6.399 -71 22 6.399 -71 36 6.399
4 16 -64 22 16.1955 -64 26 16.1953 -61 26 16.1953 -61 22 16.1955
4 16 -61 26 16.1953 -64 26 16.1953 -64 28.5 14.7279 -61 28.5 14.7279
4 16 -61 26 8.7741 -64 26 8.7741 -64 22 8.8045 -61 22 8.8045
4 16 -64 28.5 10.2585 -64 26 8.7741 -61 26 8.7741 -61 28.5 10.2585
4 16 -64 22 18.543 -71 22 18.543 -71 30.5 13.554 -64 26 16.1953
4 16 -71 22 6.399 -64 22 6.399 -64 26 8.7741 -71 30.5 11.446
3 16 -64 26 16.1953 -71 30.5 13.554 -64 28.5 14.7279
3 16 -64 28.5 14.7279 -71 30.5 13.554 -64 30.5 13.554
3 16 -71 30.5 11.446 -64 26 8.7741 -64 28.5 10.2585
3 16 -71 30.5 11.446 -64 28.5 10.2585 -64 30.5 11.446
2 24 -74 20 18.543 -74 22 18.543
2 24 -64 22 18.543 -64 22 16.1955
2 24 -61 22 8.8045 -61 26 8.7741
2 24 -64 28.5 14.7279 -64 28.5 10.2585
2 24 -64 22 6.399 -64 22 8.8045
2 24 -61 26 8.7741 -64 26 8.7741
2 24 -64 26 16.1953 -61 26 16.1953
2 24 -64 28.5 14.7279 -64 30.5 13.554
2 24 -61 26 16.1953 -61 22 16.1955
2 24 -64 22 18.543 -64 26 16.1953
2 24 -61 28.5 10.2585 -61 28.5 14.7279
2 24 -64 28.5 10.2585 -64 30.5 11.446
2 24 -64 22 6.399 -71 22 6.399
2 24 -74 22 6.399 -74 20 6.399
2 24 -61 26 16.1953 -61 28.5 14.7279
2 24 -64 28.5 14.7279 -64 26 16.1953
2 24 -61 28.5 10.2585 -61 26 8.7741
2 24 -61 30.5 20 -61 30.5 5
2 24 -61 28.5 14.7279 -64 28.5 14.7279
2 24 -61 22 8.8045 -61 22 5
2 24 -71 30.5 13.554 -71 22 18.543
2 24 -74 22 20 -74 22 18.543
2 24 -64 28.5 10.2585 -61 28.5 10.2585
2 24 -61 22 8.8045 -64 22 8.8045
2 24 -71 22 6.399 -71 30.5 11.446
2 24 -74 22 6.399 -74 22 5
2 24 -64 26 16.1953 -64 22 16.1955
2 24 -61 22 16.1955 -64 22 16.1955
2 24 -64 22 8.8045 -64 26 8.7741
2 24 -61 22 20 -61 22 16.1955
2 24 -64 26 8.7741 -64 28.5 10.2585
2 24 -71 22 18.543 -64 22 18.543
2 24 -64 22 6.399 -64 26 8.7741
2 24 -71 30.5 11.446 -71 30.5 13.554
2 24 -71 30.5 13.554 -64 30.5 13.554
2 24 -64 30.5 11.446 -64 30.5 13.554
2 24 -64 30.5 11.446 -71 30.5 11.446
2 24 -71 36 6.399 -71 22 6.399
2 24 -71 36 18.543 -71 22 18.543
2 24 -74 22 18.543 -71 22 18.543
2 24 -74 22 6.399 -71 22 6.399
1 16 -74 6 26.5 0 0 2 0 1 0 -2.5 0 0 rect3.dat
4 16 -72 6 29 -72 6 24 -70 10 24 -70 10 29
4 16 -70 10 29 -70 10 24 -70 30.5 24 -70 30.5 29
4 16 -72 6 24 -76 6 24 -76 15 24 -74 15 24
4 16 -70 10 24 -72 6 24 -74 15 24 -70 30.5 24
3 16 -70 30.5 24 -74 15 24 -74 30.5 24
4 16 -76 15 29 -76 6 29 -72 6 29 -74 15 29
4 16 -74 15 29 -72 6 29 -70 10 29 -70 30.5 29
3 16 -74 15 29 -70 30.5 29 -74 30.5 29
1 16 72 6 26.5 0 0 -4 0 1 0 2.5 0 0 rect3.dat
4 16 68 6 24 68 6 29 66 10 29 66 10 24
4 16 66 10 24 66 10 29 66 30.5 29 66 30.5 24
4 16 68 6 29 76 6 29 76 15 29 74.6 15 29
4 16 66 10 29 68 6 29 74.6 15 29 66 30.5 29
3 16 66 30.5 29 74.6 15 29 74.6 30.5 29
4 16 76 15 24 76 6 24 68 6 24 74.6 15 24
4 16 74.6 15 24 68 6 24 66 10 24 66 30.5 24
3 16 74.6 15 24 66 30.5 24 74.6 30.5 24
1 16 63.5 26.25 20 -6.5 0 0 0 0 -4.25 0 -1 0 rect.dat
1 16 63.5 26.25 5 0 0 6.5 4.25 0 0 0 1 0 rect.dat
4 16 57 22 20 57 30.5 20 57 26 16.1953 57 22 16.1955
3 16 57 26 16.1953 57 30.5 20 57 28.5 14.7279
4 16 57 22 8.8045 57 26 8.7741 57 30.5 5 57 22 5
3 16 57 28.5 10.2585 57 30.5 5 57 26 8.7741
4 16 57 30.5 20 57 30.5 5 57 28.5 10.2585 57 28.5 14.7279
4 16 60 22 18.543 57 22 20 57 22 16.1955 60 22 16.1955
4 16 60 22 18.543 70 22 18.543 70 22 20 57 22 20
4 16 70 30.5 13.554 70 30.5 20 70 22 20 70 22 18.543
4 16 70 30.5 5 70 30.5 11.446 70 22 6.399 70 22 5
4 16 60 22 8.8045 57 22 8.8045 57 22 5 60 22 6.399
4 16 57 22 5 70 22 5 70 22 6.399 60 22 6.399
4 16 60 28.5 14.7279 57 28.5 14.7279 57 28.5 10.2585 60 28.5 10.2585
3 16 60 22 18.543 60 22 16.1955 60 26 16.1953
3 16 60 26 8.7741 60 22 8.8045 60 22 6.399
4 16 60 30.5 13.554 60 28.5 14.7279 60 28.5 10.2585 60 30.5 11.446
4 16 60 30.5 13.554 60 30.5 11.446 70 30.5 11.446 70 30.5 13.554
4 16 60 22 8.8045 60 26 8.7741 57 26 8.7741 57 22 8.8045
4 16 57 26 8.7741 60 26 8.7741 60 28.5 10.2585 57 28.5 10.2585
4 16 57 26 16.1953 60 26 16.1953 60 22 16.1955 57 22 16.1955
4 16 57 26 16.1953 57 28.5 14.7279 60 28.5 14.7279 60 26 16.1953
4 16 70 30.5 13.554 70 22 18.543 60 22 18.543 60 26 16.1953
4 16 60 26 8.7741 60 22 6.399 70 22 6.399 70 30.5 11.446
3 16 60 28.5 10.2585 60 26 8.7741 70 30.5 11.446
3 16 60 28.5 10.2585 70 30.5 11.446 60 30.5 11.446
3 16 70 30.5 13.554 60 26 16.1953 60 28.5 14.7279
3 16 70 30.5 13.554 60 28.5 14.7279 60 30.5 13.554
2 24 60 22 6.399 60 22 8.8045
2 24 57 22 20 57 22 16.1955
2 24 60 28.5 10.2585 60 26 8.7741
2 24 70 30.5 11.446 70 30.5 5
2 24 57 22 8.8045 60 22 8.8045
2 24 60 22 16.1955 60 22 18.543
2 24 60 22 16.1955 60 26 16.1953
2 24 57 22 16.1955 60 22 16.1955
2 24 57 26 8.7741 57 28.5 10.2585
2 24 70 22 6.399 60 22 6.399
2 24 57 28.5 14.7279 57 26 16.1953
2 24 57 26 8.7741 57 22 8.8045
2 24 60 26 16.1953 60 28.5 14.7279
2 24 60 28.5 14.7279 57 28.5 14.7279
2 24 57 22 5 57 22 8.8045
2 24 60 28.5 10.2585 60 28.5 14.7279
2 24 57 22 16.1955 57 26 16.1953
2 24 57 28.5 10.2585 60 28.5 10.2585
2 24 60 26 16.1953 60 22 18.543
2 24 60 26 8.7741 57 26 8.7741
2 24 60 22 18.543 70 22 18.543
2 24 57 26 16.1953 60 26 16.1953
2 24 70 30.5 13.554 70 30.5 20
2 24 70 22 18.543 70 30.5 13.554
2 24 60 26 8.7741 60 22 8.8045
2 24 70 22 18.543 70 22 20
2 24 70 22 6.399 70 22 5
2 24 57 28.5 10.2585 57 28.5 14.7279
2 24 60 22 6.399 60 26 8.7741
2 24 70 22 6.399 70 30.5 11.446
2 24 57 30.5 20 57 30.5 5
2 24 60 28.5 10.2585 60 30.5 11.446
2 24 70 30.5 11.446 60 30.5 11.446
2 24 60 30.5 11.446 60 30.5 13.554
2 24 70 30.5 13.554 60 30.5 13.554
2 24 60 30.5 13.554 60 28.5 14.7279
2 24 70 30.5 11.446 70 30.5 13.554
1 16 63.5 26.25 55 -6.5 0 0 0 0 -4.25 0 -1 0 rect.dat
4 16 57 22 55 57 30.5 55 57 26 51.1953 57 22 51.1955
3 16 57 26 51.1953 57 30.5 55 57 28.5 49.7279
4 16 57 22 43.8045 57 26 43.7741 57 30.5 40 57 22 40
3 16 57 28.5 45.2585 57 30.5 40 57 26 43.7741
4 16 57 30.5 55 57 30.5 40 57 28.5 45.2585 57 28.5 49.7279
4 16 60 22 53.543 57 22 55 57 22 51.1955 60 22 51.1955
4 16 60 22 53.543 70 22 53.543 70 22 55 57 22 55
4 16 70 30.5 48.554 70 30.5 55 70 22 55 70 22 53.543
4 16 70 30.5 40 70 30.5 46.446 70 22 41.399 70 22 40
4 16 60 22 43.8045 57 22 43.8045 57 22 40 60 22 41.399
4 16 57 22 40 70 22 40 70 22 41.399 60 22 41.399
4 16 60 28.5 49.7279 57 28.5 49.7279 57 28.5 45.2585 60 28.5 45.2585
3 16 60 22 53.543 60 22 51.1955 60 26 51.1953
3 16 60 26 43.7741 60 22 43.8045 60 22 41.399
4 16 60 30.5 48.554 60 28.5 49.7279 60 28.5 45.2585 60 30.5 46.446
4 16 60 30.5 48.554 60 30.5 46.446 70 30.5 46.446 70 30.5 48.554
4 16 60 22 43.8045 60 26 43.7741 57 26 43.7741 57 22 43.8045
4 16 57 26 43.7741 60 26 43.7741 60 28.5 45.2585 57 28.5 45.2585
4 16 57 26 51.1953 60 26 51.1953 60 22 51.1955 57 22 51.1955
4 16 57 26 51.1953 57 28.5 49.7279 60 28.5 49.7279 60 26 51.1953
1 16 63.5 26.25 40 0 0 6.5 4.25 0 0 0 1 0 rect.dat
4 16 70 30.5 48.554 70 22 53.543 60 22 53.543 60 26 51.1953
4 16 60 26 43.7741 60 22 41.399 70 22 41.399 70 30.5 46.446
3 16 60 28.5 45.2585 60 26 43.7741 70 30.5 46.446
3 16 60 28.5 45.2585 70 30.5 46.446 60 30.5 46.446
3 16 70 30.5 48.554 60 26 51.1953 60 28.5 49.7279
3 16 70 30.5 48.554 60 28.5 49.7279 60 30.5 48.554
2 24 70 30.5 55 57 30.5 55
2 24 57 30.5 55 57 22 55
2 24 57 22 55 70 22 55
2 24 70 22 55 70 30.5 55
2 24 57 22 40 57 30.5 40
2 24 57 30.5 40 70 30.5 40
2 24 70 30.5 40 70 22 40
2 24 70 22 40 57 22 40
2 24 60 22 41.399 60 22 43.8045
2 24 57 22 55 57 22 51.1955
2 24 60 28.5 45.2585 60 26 43.7741
2 24 70 30.5 46.446 70 30.5 40
2 24 57 22 43.8045 60 22 43.8045
2 24 60 22 51.1955 60 22 53.543
2 24 60 22 51.1955 60 26 51.1953
2 24 57 22 51.1955 60 22 51.1955
2 24 57 26 43.7741 57 28.5 45.2585
2 24 70 22 41.399 60 22 41.399
2 24 57 28.5 49.7279 57 26 51.1953
2 24 60 26 51.1953 60 28.5 49.7279
2 24 60 28.5 49.7279 57 28.5 49.7279
2 24 57 22 40 57 22 43.8045
2 24 60 28.5 45.2585 60 28.5 49.7279
2 24 57 22 51.1955 57 26 51.1953
2 24 57 28.5 45.2585 60 28.5 45.2585
2 24 60 26 51.1953 60 22 53.543
2 24 60 26 43.7741 57 26 43.7741
2 24 60 22 53.543 70 22 53.543
2 24 57 26 51.1953 60 26 51.1953
2 24 70 30.5 48.554 70 30.5 55
2 24 70 22 53.543 70 30.5 48.554
2 24 60 26 43.7741 60 22 43.8045
2 24 70 22 53.543 70 22 55
2 24 70 22 41.399 70 22 40
2 24 57 28.5 45.2585 57 28.5 49.7279
2 24 60 22 41.399 60 26 43.7741
2 24 57 30.5 55 57 30.5 40
2 24 70 22 41.399 70 30.5 46.446
2 24 60 30.5 48.554 60 30.5 46.446
2 24 60 30.5 46.446 60 28.5 45.2585
2 24 60 30.5 46.446 70 30.5 46.446
2 24 70 30.5 46.446 70 30.5 48.554
2 24 70 30.5 48.554 60 30.5 48.554
2 24 60 30.5 48.554 60 28.5 49.7279
4 16 -2 30.5 -47.5 -4 30.5 -76 4 30.5 -76 2 30.5 -47.5
3 16 -4 20.8 -47.5 -2 22.5 -47.5 2 22.5 -47.5
4 16 2 30.5 -47.5 2 22.5 -47.5 -2 22.5 -47.5 -2 30.5 -47.5
2 24 -74 20 53.543 -74 22 53.543
2 24 0 24 55.5777 0 30.5 55.5777
2 24 -4 21 93 -4 21 89
2 24 -76 20 47.5 -76 20 51.5
2 24 -6 17 97 -5 17 97
2 24 -74 30.5 29 -74 15 29
2 24 -5 17 93 -5 14 93
2 24 -60 24 60 -25 24 60
5 24 -11 24 58 -11 24.0761 57.6173 -74 24.0761 57.6173 -10.6638 24.0761 57.5177
2 24 -16 21 89 -16 21 93
2 24 -25 17 97 -24 17 97
2 24 -42 36 -96 -42 36 -80
2 24 42 39 -96 38 39 -96
2 24 -74 30.5 24 -70 30.5 24
2 24 -74 20 6.399 -74 20 18.543
2 24 38 39 -96 38 36 -96
2 24 -6.4645 10.4645 93 -6.4645 9 93
2 24 -74 15 24 -74 30.5 24
2 24 -16 21 83 -16 18 83
2 24 -71 36 6.399 -76 36 6.399
2 24 -4 18 93 -5 17 93
2 24 -15 17 93 -16 18 93
2 24 -4 18 93 -3 17 93
2 24 -74 30.5 24 -74 30.5 20
2 24 -76 20 8.5 -76 20 12.5
2 24 -24 28 95 -36 28 95
2 24 -11.9135 9.3805 97 -10 9 97
2 24 18 2 80 18 24.5 80
5 24 -10 9 97 -6.4645 9 93 -8.0865 9.3805 97 -13.5355 9 93
2 24 42 39 -96 42 36 -80
2 24 36 28 95 24 28 95
2 24 -4 28 93 -4 28 95
2 24 -13.5 17 80 -13.5 21 80
5 24 -11 24.2929 57.2929 -11 24.6173 57.0761 -74 24.6173 57.0761 -10.9586 24.6173 57.0638
2 24 1 24 98 1 12 98
2 24 -4 18 83 -4 18 93
2 24 66 10 24 66 30.5 24
2 24 74.6 30.5 24 74.6 15 24
2 24 74.6 15 29 74.6 30.5 29
2 24 -18 17 93 -17 17 93
2 24 7 6 93 18 6 93
2 24 -76 36 18.543 -76 20 18.543
2 24 -2 17 98 -2 17 97
2 24 -13.5 17 82 -13.5 18 83
2 24 -16 28 95 -4 28 95
2 24 -25 24.5 60 -60 24.5 60
2 24 -18 17 80 -13.5 17 80
2 24 25 24 60 16 24 60
2 24 49 28 60 31 28 60
2 24 -44 28 95 -56 28 95
2 24 -76 20 53.543 -74 20 53.543
2 24 24 28 95 24 28 93
2 24 -4 18 83 -4 21 83
2 24 -76 6 24 -76 15 24
2 24 -13.5 18 83 -13.5 21 83
2 24 76 6 29 76 15 29
2 24 -16 18 97 -16 21 97
2 24 -76 20 18.543 -74 20 18.543
2 24 42 36 -96 42 36 -80
2 24 -16 18 83 -17 17 82
2 24 -74 20 6.399 -76 20 6.399
2 24 66 30.5 29 66 30.5 24
2 24 74.6 24 40 74.6 30.5 40
2 24 66 30.5 29 66 10 29
2 24 -69 24 60 -79 24 60
2 24 -16 18 97 -15 17 97
2 24 -15 14 93 -15 17 93
2 24 -13.5355 10.4645 97 -11.9135 9.3805 97
5 24 -70 10 24 -70 10 29 -72 6 29 -70 30.5 24
2 24 -53.5355 9 93 -46.4645 9 93
2 24 -13.5 17 80 -13.5 17 82
2 24 -16 18 83 -13.5 18 83
2 24 -74 20 53.543 -74 20 41.399
2 24 38 36 -80 38 36 -96
2 24 -4 28 95 -4 21 97
2 24 -16 21 97 -16 28 95
2 24 -6.5 21 83 -6.5 18 83
2 24 -13.5355 9 93 -13.5355 10.4645 93
2 24 -6.4645 9 93 -13.5355 9 93
2 24 22 17 80 22 2 80
2 24 -17 17 82 -17 17 93
2 24 -72 6 24 -70 10 24
2 24 22 17 98 26 17 98
2 24 -42 36 -80 -42 39 -96
2 24 66 30.5 24 74.6 30.5 24
2 24 -74 22 41.399 -74 20 41.399
2 24 -42 24.5 80 -58 24.5 80
2 24 38 36 -80 38 39 -96
2 24 -76 36 53.543 -71 36 53.543
2 24 18 24.5 80 18 24.5 93
2 24 -6.5 21 80 -6.5 17 80
5 24 -6 21 97 -10 21 97 -16 28 95 -8.4692 20.6956 97
2 24 -76 20 41.399 -76 20 43.5
2 24 -8.0865 9.3805 97 -6.4645 10.4645 97
5 24 38 36 -80 42 36 -80 42 39 -96 38 36 -74
2 24 74.6 30.5 57 11 30.5 57
2 24 -38 39 -96 -42 39 -96
5 24 -13.5355 10.4645 97 -13.5355 9 93 -11.9135 9.3805 97 -13.5355 10.4645 93
2 24 -16 21 83 -13.5 21 83
2 24 -74 30.5 40 -74 30.5 29
2 24 -70 30.5 29 -70 10 29
2 24 -38 36 -96 -38 39 -96
2 24 -56 28 95 -56 28 93
5 24 -13.5355 9 93 -11.9135 9.3805 97 -13.5355 10.4645 97 -10 9 97
2 24 18 6 93 18 24.5 93
2 24 -69 24.5 60 -79 24.5 60
2 24 -74 20 41.399 -76 20 41.399
2 24 -5 14 97 -5 17 97
2 24 57 26 43.7741 57 22 43.8045
2 24 -31 28 60 -49 28 60
2 24 -76 36 6.399 -76 20 6.399
2 24 -6.5 17 80 -2 17 80
5 24 -6.4645 9 93 -6.4645 10.4645 97 -8.0865 9.3805 97 -6.4645 10.4645 93
2 24 -2 17 97 -5 17 97
2 24 -4 18 93 -4 18 97
2 24 -13.5 17 82 -17 17 82
2 24 -4 21 83 -6.5 21 83
5 24 -16 21 97 -14 21 97 -16 28 95 -16 18 97
2 24 18 24.5 80 22 24.5 80
2 24 -76 36 53.543 -76 20 53.543
2 24 -3 17 82 -6.5 17 82
5 24 -30 9 97 -33.5355 9 93 -26.4645 9 93 -31.9135 8.3805 97
2 24 -6.5 18 83 -6.5 17 82
2 24 -17 17 93 -16 18 93
5 24 -42 36 -80 -38 36 -80 -38 36 -74 -38 39 -96
2 24 -76 20 43.5 -76 20 47.5
2 24 -70 30.5 29 -74 30.5 29
2 24 -38 36 -80 -38 36 -96
2 24 -71 36 41.399 -76 36 41.399
2 24 -70 10 24 -70 30.5 24
2 24 -6.5 17 80 -6.5 17 82
2 24 -76 20 51.5 -76 20 53.543
2 24 76 6 24 76 15 24
2 24 56 28 93 56 28 95
2 24 -5 17 93 -5 17 97
2 24 -3 17 93 -2 17 93
2 24 74.6 30.5 20 74.6 24 20
5 24 -8.0865 9.3805 97 -6.4645 9 93 -6.4645 10.4645 97 -10 9 97
2 24 -15 17 93 -15 17 97
5 24 -10 9 97 -13.5355 9 93 -11.9135 9.3805 97 -6.4645 9 93
2 24 -22 24.5 80 -38 24.5 80
2 24 -25 24 60 -16 24 60
2 24 -76 20 16.5 -76 20 12.5
2 24 -2 24.5 80 -18 24.5 80
2 24 -42 39 -96 -42 36 -96
2 24 -5 17 97 -4 18 97
2 24 -3 17 93 -3 17 82
2 24 -38 39 -96 -38 36 -80
2 24 -4 21 97 -4 18 97
2 24 53.5355 9 93 46.4645 9 93
2 24 -76 20 6.399 -76 20 8.5
2 24 -60 24 60 -69 24 60
2 24 -16 21 89 -16 21 83
2 24 33.5355 9 93 26.4645 9 93
2 24 -4 21 89 -4 21 83
5 24 66 10 29 66 10 24 68 6 24 66 30.5 29
2 24 -76 20 16.5 -76 20 18.543
2 24 -76 36 18.543 -71 36 18.543
2 24 -24 28 95 -24 28 93
5 24 -46.4645 9 93 -50 9 97 -53.5355 9 93 -48.0865 8.805 97
2 24 -3 17 82 -4 18 83
2 24 74.6 30.5 29 66 30.5 29
2 24 -6.5 18 83 -4 18 83
2 24 56 28 95 44 28 95
2 24 42 36 -96 42 39 -96
2 24 -76 15 29 -76 6 29
2 24 25 14 97 25 17 97
2 24 -74 30.5 57 -74 30.5 55
2 24 -76 36 41.399 -76 20 41.399
2 24 66 10 24 68 6 24
2 24 38 24.5 80 22 24.5 80
2 24 -26.4645 9 93 -33.5355 9 93
2 24 -6 17 98 -2 17 98
5 24 -11 24.6173 57.0761 -11 25 57 -10.9586 24.6173 57.0638 -74 25 57
2 24 25 17 97 22 17 97
2 24 -18 17 93 -18 17 80
2 24 -70 30.5 24 -70 30.5 29
2 24 68 6 29 66 10 29
5 24 -10 21 97 -14 21 97 -16 28 95 -11.5308 20.6956 97
5 24 -4 21 97 -6 21 97 -4 28 95 -4 18 97
5 24 -11 24.0761 57.6173 -11 24.2929 57.2929 -74 24.2929 57.2929 -10.8405 24.2929 57.2456
2 24 -15 17 97 -14 17 97
2 24 -16 28 95 -16 28 93
2 24 -25 14 97 -25 17 97
2 24 -16 18 93 -16 18 83
2 24 -15 17 97 -16 17 97
2 24 -16 18 97 -16 18 93
2 24 -15 17 97 -15 14 97
2 24 -10 9 97 -8.0865 9.3805 97
2 24 -70 10 29 -72 6 29
2 24 -71 6 93 -22 6 93
2 24 -18 6 93 -18 17 93
2 24 74.6 25 57 74.6 30.5 57
2 24 20 32 100 20 30 100
2 24 0 30 100 20 30 100
2 24 -20 32 100 -20 30 100
2 24 0 30 100 -20 30 100
0 BFC INVERTNEXT
1 16 10 31 99.5 10 0 0 0 -1 0 0 0 -.5 box3-7a.dat
0 BFC INVERTNEXT
1 16 -10 31 99.5 -10 0 0 0 -1 0 0 0 -.5 box3-7a.dat
2 24 2 30.5 -47.5 -2 30.5 -47.5
5 24 -11 30.5 57 -11 25 57 -74 25 57 -2.6133 25 51.5536
5 24 11 24.0761 57.6173 11 24 58 74.6 24 58 10.4554 24 57.8387
5 24 11 25 57 11 30.5 57 2.6133 25 51.5536 74.6 30.5 57
5 24 10.4554 24 57.8387 11 24 58 10.6638 24.0761 57.5177 -11 24 58
5 24 -11 24 58 -10.4554 24 57.8387 10.4554 24 57.8387 -10.6638 24.0761 57.5177
5 24 11 25 57 11 24.6173 57.0761 74.6 24.6173 57.0761 10.9586 24.6173 57.0638
5 24 11 24.2929 57.2929 11 24.0761 57.6173 74.6 24.0761 57.6173 10.6638 24.0761 57.5177
5 24 11 24.6173 57.0761 11 24.2929 57.2929 10.8405 24.2929 57.2456 74.6 24.2929 57.2929
2 24 -4 20.8 -42 -4 20.8 -47.5
2 24 4 20.8 -42 -4 20.8 -42
2 24 74.6 30.5 3.5 74.6 30.5 5
2 24 74.6 30.5 5 72 30.5 5
2 24 4 20.8 -47.5 4 20.8 -42
4 16 -1.5 26 -10 -1.5 30.5 -10 1.5 30.5 -10 1.5 22 -10
4 16 -6 30.5 5 -1.5 30.5 -10 -1.5 26 -10 -6 26 5
4 16 5.1 26 2 1.5 30.5 -10 6 30.5 5 6 26 5
4 16 0 26 -5.197 0 30.5 -5.197 -3.5 30.5 6 -3.5 26 6
3 16 0 30.5 -5.197 0 26 -5.197 2.56 26 3
4 16 -3.5 26 6 -3.5 30.5 6 -6 30.5 5 -6 26 5
4 16 6 30.5 5 3.5 30.5 6 3.5 26 6 6 26 5
4 16 -3.5 26 6 -6 26 5 -1.5 26 -10 0 26 -5.197
4 16 5.1 26 2 6 26 5 3.5 26 6 2.56 26 3
4 16 2.56 26 3 2.56 22 3 5.1 22 2 5.1 26 2
4 16 2.56 26 3 0 26 -5.197 -1.5 22 -10 2.56 22 3
3 16 -1.5 22 -10 0 26 -5.197 -1.5 26 -10
4 16 1.5 22 -10 5.1 22 2 2.56 22 3 -1.5 22 -10
3 16 1.5 22 -10 -1.5 22 -10 -1.5 26 -10
4 16 3.5 30.5 6 0 30.5 -5.197 2.56 26 3 3.5 26 6
4 16 6 30.5 20 -6 30.5 20 -3.5 30.5 6 3.5 30.5 6
3 16 3.5 30.5 6 -3.5 30.5 6 0 30.5 -5.197
4 16 5.1 22 2 1.5 22 -10 1.5 30.5 -10 5.1 26 2
2 24 2.56 22 3 5.1 22 2
2 24 2.56 26 3 3.5 26 6
2 24 1.5 22 -10 -1.5 22 -10
2 24 -3.5 26 6 -6 26 5
2 24 5.1 26 2 2.56 26 3
2 24 -1.5 30.5 -10 -1.5 26 -10
2 24 6 30.5 5 1.5 30.5 -10
2 24 5.1 26 2 6 26 5
2 24 1.5 30.5 -10 -1.5 30.5 -10
2 24 0 26 -5.197 -3.5 26 6
2 24 5.1 22 2 5.1 26 2
2 24 -1.5 30.5 -10 -6 30.5 5
2 24 3.5 26 6 3.5 30.5 6
2 24 2.56 22 3 2.56 26 3
2 24 -6 26 5 -6 30.5 5
2 24 -1.5 22 -10 2.56 22 3
2 24 -3.5 30.5 6 0 30.5 -5.197
2 24 3.5 30.5 6 6 30.5 5
2 24 3.5 26 6 6 26 5
5 24 0 30.5 -5.197 0 26 -5.197 2.56 26 3 -3.5 30.5 6
2 24 -6 30.5 5 -3.5 30.5 6
2 24 0 26 -5.197 -1.5 26 -10
2 24 1.5 22 -10 5.1 22 2
2 24 -3.5 30.5 6 -3.5 26 6
5 24 2.56 26 3 0 30.5 -5.197 3.5 26 6 0 26 -5.197
2 24 6 26 5 6 30.5 5
2 24 0 30.5 -5.197 3.5 30.5 6
2 24 -6 26 5 -1.5 26 -10
2 24 -1.5 26 -10 -1.5 22 -10
2 24 1.5 30.5 -10 1.5 22 -10
2 24 -22 2 80 -22 17 80
2 24 -22 24.5 80 -18 24.5 80
2 24 -18 17 80 -18 2 80
2 24 -71 36 18.543 -71 36 6.399
2 24 -71 36 53.543 -71 36 41.399
2 24 76 36 41.399 76 36 53.543
2 24 76 36 6.399 76 36 18.543
2 24 76 30.5 -84 72 30.5 -84
2 24 72 30.5 -76 76 30.5 -76
2 24 -76 36 -96 -42 36 -96
2 24 38 36 -96 0 36 -96
2 24 -38 36 -96 0 36 -96
2 24 76 36 -96 42 36 -96
2 24 -20 39 -34 -21 39 -34.1989
2 24 -21 36 -34.1989 -21 39 -34.1989
2 24 -19 39 -34.1989 -20 39 -34
2 24 -19 39 -34.1989 -19 36 -34.1989
2 24 -19 39 -45.8012 -20 39 -46
2 24 -19 36 -45.8012 -19 39 -45.8012
2 24 -21 39 -45.8012 -20 39 -46
2 24 -21 39 -45.8012 -21 36 -45.8012
2 24 -19 39 -32.1989 -20 39 -32
2 24 -19 39 -32.1989 -19 36 -32.1989
2 24 -21 39 -32.1989 -20 39 -32
2 24 -21 39 -32.1989 -21 36 -32.1989
2 24 -21 39 -47.8012 -20 39 -48
2 24 -21 39 -47.8012 -21 36 -47.8012
2 24 -20 39 -48 -19 39 -47.8012
2 24 -19 39 -47.8012 -19 36 -47.8012
2 24 21 36 -34.1989 21 39 -34.1989
2 24 21 39 -34.1989 20 39 -34
2 24 20 39 -34 19 39 -34.1989
2 24 19 39 -34.1989 19 36 -34.1989
2 24 20 39 -46 19 39 -45.8012
2 24 19 39 -45.8012 19 36 -45.8012
2 24 21 39 -45.8012 21 36 -45.8012
2 24 20 39 -46 21 39 -45.8012
2 24 21 39 -32.1989 21 36 -32.1989
2 24 21 39 -32.1989 20 39 -32
2 24 20 39 -32 19 39 -32.1989
2 24 19 36 -32.1989 19 39 -32.1989
2 24 19 39 -47.8012 20 39 -48
2 24 19 39 -47.8012 19 36 -47.8012
2 24 21 39 -47.8012 21 36 -47.8012
2 24 20 39 -48 21 39 -47.8012