0 ~Electric Switch: Key Left with Open Crossing Pattern
0 Name: 4709p03.dat
0 Author: Javier Orquera [kuramapika1]
0 !LDRAW_ORG Part UPDATE 2026-07
0 !LICENSE Licensed under CC BY 4.0 : see CAreadme.txt

0 !HELP to put this part into a pressed-down state, rotate it 4.3 degrees
0 !HELP around the x-axis

0 BFC CERTIFY CCW

0 !CATEGORY Electric
0 !KEYWORDS Set 4707pb04, switch, Train

0 !HISTORY 2025-09-13 [kuramapika1] Adjusted to new primitive origin's
0 !HISTORY 2026-07-30 [OrionP] Official Update 2026-07

1 16 0 0 0 1 0 0 0 1 0 0 0 1 s\4709s01.dat
1 16 26.5 -6.25 -4.75 0 10 0 -.75 0 0 0 0 .5 box4-1.dat
4 16 -18.9 -27 -11.95 33.25 -27 -11.95 42.5 -27 -5.25 -37.5 -27 -5.25
4 16 42.5 -27 -5.25 33.25 -27 -11.95 33.25 -27 -88.4 42.5 -27 -165.25
4 16 -37.5 -27 -165.25 42.5 -27 -165.25 33.25 -27 -88.4 -18.9 -27 -88.4
4 16 -18.9 -27 -11.95 -37.5 -27 -5.25 -37.5 -27 -165.25 -18.9 -27 -88.4
4 0 33.25 -27 -11.95 28.8611 -27 -22.4866 28.8611 -27 -41.8037 33.25 -27 -88.4
4 0 -15.3179 -27 -56.4379 -18.9 -27 -11.95 -18.9 -27 -88.4 -15.3179 -27 -76.3403
4 0 11.5477 -27 -55.2671 -15.3179 -27 -76.3403 -18.9 -27 -88.4 33.25 -27 -88.4
3 0 33.25 -27 -88.4 28.861 -27 -41.804 11.548 -27 -55.267
3 0 -18.9 -27 -11.95 -15.3179 -27 -56.4379 1.9955 -27 -42.9744
4 0 33.25 -27 -11.95 -18.9 -27 -11.95 1.9955 -27 -42.9744 28.8611 -27 -22.4866
4 4 28.8611 -27 -41.8037 28.8611 -27 -22.4866 1.9955 -27 -42.9744 11.5477 -27 -55.2671
4 15 11.5477 -27 -55.2671 1.9955 -27 -42.9744 -15.3179 -27 -56.4379 -15.3179 -27 -76.3403
4 16 10.5 -23 -96 10.5 -23 -100 1.5 -23 -100 1.5 -23 -96