0 Boat Mast  4 x  4 x 22
0 Name: 48005.dat
0 Author: Gerald Lasser [GeraldLasser]
0 !LDRAW_ORG Part UPDATE 2026-05
0 !LICENSE Licensed under CC BY 4.0 : see CAreadme.txt

0 BFC CERTIFY CCW

0 !KEYWORDS Brickowl 537165

0 !HISTORY 2013-08-14 {LEGO Digital Designer} Original part shape
0 !HISTORY 2013-08-14 [GeraldLasser] File preparation for LDraw Parts Tracker
0 !HISTORY 2026-05-31 [OrionP] Official Update 2026-05

0 // Needs Work: Clean necessary
1 16 0 0 0 1 0 0 0 1 0 0 0 1 s\48005s01.dat
1 16 0 0 0 0 0 1 0 1 0 -1 0 0 s\48005s01.dat
1 16 0 0 0 -1 0 0 0 1 0 0 0 -1 s\48005s01.dat
1 16 0 0 0 0 0 -1 0 1 0 1 0 0 s\48005s01.dat

1 16 0 0 0 1 0 0 0 1 0 0 0 1 s\48005s02.dat
1 16 0 0 0 -1 0 0 0 1 0 0 0 1 s\48005s02.dat

0 BFC INVERTNEXT
1 16 0 0 0 36.5 0 0 0 5 0 0 0 36.5 box5.dat
1 16 0 0 0 40 0 0 0 1 0 0 0 40 recte4.dat

0 // Bottom Brick
1 16 0 508 0 1 0 0 0 -5 0 0 0 1 stug4-1x3.dat
0 BFC INVERTNEXT
1 16 0 528 0 36 0 0 0 -20 0 0 0 16 box5.dat
1 16 0 528 0 40 0 0 0 -24 0 0 0 20 box5.dat
4 16 36 528 -16 40 528 -20 -40 528 -20 -36 528 -16
4 16 40 528 -20 36 528 -16 36 528 16 40 528 20
4 16 -40 528 20 40 528 20 36 528 16 -36 528 16
4 16 -36 528 -16 -40 528 -20 -40 528 20 -36 528 16

0 // Pegholes
1 16 0 74 10 1 0 0 0 0 1 0 -1 0 peghole.dat
1 16 0 114 10 1 0 0 0 0 1 0 -1 0 peghole.dat
1 16 0 274 10 1 0 0 0 0 1 0 -1 0 peghole.dat
1 16 0 314 10 1 0 0 0 0 1 0 -1 0 peghole.dat

1 16 0 74 -10 1 0 0 0 0 1 0 1 0 peghole.dat
0 BFC INVERTNEXT
1 16 0 74 -8 6 0 0 0 0 6 0 16 0 4-4cyli.dat
1 16 0 114 0 1 0 0 0 0 1 0 1 0 connhol3.dat
1 16 0 274 0 1 0 0 0 0 1 0 1 0 connhol3.dat
1 16 0 314 0 1 0 0 0 0 1 0 1 0 connhol3.dat
1 16 0 74 -10 8 0 0 0 0 8 0 1 0 4-4ndis.dat
1 16 0 114 -10 9 0 0 0 0 9 0 1 0 4-4ndis.dat
1 16 0 274 -10 9 0 0 0 0 9 0 1 0 4-4ndis.dat
1 16 0 314 -10 9 0 0 0 0 9 0 1 0 4-4ndis.dat

0 // Mast Sections - Seams Front
3 16 -13.8285 334 -10.611 0 334 -17.4294 13.8285 334 -10.611
4 16 13.8285 334 -10.611 14.2362 334 -10 -14.2362 334 -10 -13.8285 334 -10.611
3 16 0 323 -10 -14.2362 334 -10 14.2362 334 -10
2 24 14.2362 334 -10 -14.2362 334 -10
2 24 -12.7587 254 -10 12.7587 254 -10
3 16 0 265 -10 12.7587 254 -10 -12.7587 254 -10
3 16 0 254 -16.2198 -11.469 254 -11.469 11.469 254 -11.469
4 16 11.469 254 -11.469 -11.469 254 -11.469 -12.7587 254 -10 12.7587 254 -10
3 16 10.3491 134 -10 0 123 -10 -10.3491 134 -10
3 16 -8.7699 134 -11.4291 0 134 -14.4052 8.7699 134 -11.4291
4 16 8.7699 134 -11.4291 10.3491 134 -10 -10.3491 134 -10 -8.7699 134 -11.4291
2 24 8.5681 54 -10 -8.5681 54 -10
3 16 -8.5681 54 -10 0 66 -10 8.5681 54 -10
3 16 8.0335 54 -10.4694 0 54 -13.1956 -8.0335 54 -10.4694
4 16 8.0335 54 -10.4694 -8.0335 54 -10.4694 -8.5681 54 -10 8.5681 54 -10
5 24 0 504 -16 0 338 -13.6573 -4.2201 338 -12.9894 4.2201 338 -12.9894
5 24 0 504 -20 0 334 -17.4294 2.2745 334 -17.2795 -2.2745 334 -17.2795
5 24 0 134 -14.4052 0 254 -16.2198 1.8799 134 -14.2813 -1.8799 134 -14.2814
5 24 0 8 -12.5 0 54 -13.1956 1.722 54 -13.0821 -1.722 54 -13.0821
5 24 0 138 -10.8347 0 250 -12.4153 -3.8363 250 -11.8082 3.8363 250 -11.8082

0 // Reinforcement - Bottom - 1
1 16 0 496 8 1.72208 0 -4.15746 4.15746 0 1.72208 0 -24 0 3-8cylo.dat
1 16 0 496 8 -1.72208 0 4.15746 -4.15746 0 -1.72208 0 -24 0 3-8cylo.dat
1 16 0 496 8 1.72208 0 -4.15746 4.15746 0 1.72208 0 -1 0 3-8chrd.dat
1 16 0 496 8 -1.72208 0 4.15746 -4.15746 0 -1.72208 0 -1 0 3-8chrd.dat
2 24 -1.7221 491.8425 -15.5559 -1.7221 491.8425 8
2 24 4.1574 497.7221 -15.2535 4.1574 497.7221 8
2 24 1.7221 500.1575 8 1.7221 500.1575 -15.6732
2 24 -4.1574 494.2779 8 -4.1574 494.2779 -15.2049
4 16 -4.1574 494.2779 8 -1.7221 491.8425 8 4.1574 497.7221 8 1.7221 500.1575 8
2 24 -4.1574 494.2779 -15.2049 -4.5001 496 -15.1749
2 24 1.7221 500.1575 -15.6732 0 500.5001 -15.9506
2 24 -1.7221 500.1574 -15.6733 -3.182 499.1821 -15.4284
2 24 -1.7221 500.1574 -15.6733 0 500.5001 -15.9506
2 24 -4.5001 496 -15.1749 -4.1575 497.7221 -15.2535
2 24 -4.1575 497.7221 -15.2535 -3.182 499.1821 -15.4284
2 24 -1.7221 491.8425 -15.5559 0 491.4999 -15.8236
2 24 1.7221 491.8426 -15.5559 3.182 492.8179 -15.3386
2 24 0 491.4999 -15.8236 1.7221 491.8426 -15.5559
2 24 4.5001 496 -15.1749 4.1575 494.2779 -15.2049
2 24 3.182 492.8179 -15.3386 4.1575 494.2779 -15.2049
2 24 4.1574 497.7221 -15.2535 4.5001 496 -15.1749

4 16 5.5646 504 8 1.7221 500.1575 8 4.1574 497.7221 8 10.4354 504 8
4 16 4.1574 497.7221 8 4.1574 497.7221 -15.2535 4.9199 498.4846 -15.1436 9.3962 502.9608 -12.9321
4 16 4.1574 497.7221 8 9.3962 502.9608 -12.9321 10.4354 504 -11.9134 10.4354 504 8
4 16 5.5646 504 8 5.5646 504 -14.9013 4.9413 503.3767 -15.2092 1.7221 500.1575 8
3 16 1.7221 500.1575 -15.6732 1.7221 500.1575 8 4.9413 503.3767 -15.2092
2 24 4.1574 497.7221 8 10.4354 504 8
2 24 10.4354 504 8 5.5646 504 8
2 24 5.5646 504 8 1.7221 500.1575 8
2 24 4.1574 497.7221 -15.2535 4.9199 498.4846 -15.1436
2 24 1.7221 500.1575 -15.6732 4.9413 503.3767 -15.2092
2 24 10.4354 504 -11.9134 10.4354 504 8
2 24 5.5646 504 8 5.5646 504 -14.9013
2 24 5.5646 504 -14.9013 4.9413 503.3767 -15.2092
2 24 4.9199 498.4846 -15.1436 9.3962 502.9608 -12.9321
2 24 10.4354 504 -11.9134 9.3962 502.9608 -12.9321

4 16 -1.7221 491.8425 8 -4.1574 494.2779 8 -15.6999 482.7355 8 -15.6321 477.9325 8
4 16 -4.8772 488.6874 -15.0121 -1.7221 491.8425 -15.5559 -1.7221 491.8425 8 -9.2416 484.3231 -12.7193
4 16 -12.6801 480.8846 -9.213 -9.2416 484.3231 -12.7193 -1.7221 491.8425 8 -14.8778 478.6868 -4.8336
4 16 -4.1574 494.2779 8 -4.1574 494.2779 -15.2049 -4.8984 493.5371 -15.0772 -9.2816 489.1538 -12.7745
4 16 -4.1574 494.2779 8 -9.2816 489.1538 -12.7745 -12.7351 485.7004 -9.253 -14.9423 483.4931 -4.8546
4 16 -15.6999 482.7355 8 -4.1574 494.2779 8 -14.9423 483.4931 -4.8546 -15.6999 482.7355 0
4 16 -15.6321 477.9325 8 -15.6321 477.9325 0 -14.8778 478.6868 -4.8336 -1.7221 491.8425 8
2 24 -15.6321 477.9325 8 -15.6999 482.7355 8
2 24 -15.6321 477.9325 8 -1.7221 491.8425 8
2 24 -4.8772 488.6874 -15.0121 -1.7221 491.8425 -15.5559
2 24 -4.8984 493.5371 -15.0772 -4.1574 494.2779 -15.2049
2 24 -4.1574 494.2779 8 -15.6999 482.7355 8
2 24 -12.7351 485.7004 -9.253 -14.9423 483.4931 -4.8546
2 24 -15.6999 482.7355 0 -15.6999 482.7355 8
2 24 -14.9423 483.4931 -4.8546 -15.6999 482.7355 0
2 24 -12.7351 485.7004 -9.253 -9.2816 489.1538 -12.7745
2 24 -4.8984 493.5371 -15.0772 -9.2816 489.1538 -12.7745
2 24 -14.8778 478.6868 -4.8336 -12.6801 480.8846 -9.213
2 24 -15.6321 477.9325 0 -15.6321 477.9325 8
2 24 -14.8778 478.6868 -4.8336 -15.6321 477.9325 0
2 24 -9.2416 484.3231 -12.7193 -12.6801 480.8846 -9.213
2 24 -9.2416 484.3231 -12.7193 -4.8772 488.6874 -15.0121

0 // Reinforcement - Bottom - 2
1 16 0 454 8 -4.15746 0 -1.72208 1.72208 0 -4.15746 0 -24 0 3-8cylo.dat
1 16 0 454 8 4.15746 0 1.72208 -1.72208 0 4.15746 0 -24 0 3-8cylo.dat
1 16 0 454 8 -4.15746 0 -1.72208 1.72208 0 -4.15746 0 -1 0 3-8chrd.dat
1 16 0 454 8 4.15746 0 1.72208 -1.72208 0 4.15746 0 -1 0 3-8chrd.dat
4 16 -4.1575 455.7221 8 1.7221 449.8426 8 4.1575 452.2779 8 -1.7221 458.1574 8
2 24 -1.722 458.1574 8 -1.722 458.1574 -16
2 24 4.1575 452.278 -16 4.1575 452.278 8
2 24 1.7221 449.8426 -14.9632 1.7221 449.8426 8
2 24 -4.1575 455.7221 8 -4.1575 455.7221 -14.6607
2 24 0 449.4999 -15.2309 -1.7221 449.8425 -14.9632
2 24 -1.7221 449.8425 -14.9632 -3.1821 450.818 -14.7459
2 24 -4.5001 454 -14.5822 -4.1575 455.7221 -14.6607
2 24 -3.1821 450.818 -14.7459 -4.1574 452.2779 -14.6121
2 24 -4.1574 452.2779 -14.6121 -4.5001 454 -14.5822
2 24 0 458.5001 -15.3579 -1.7221 458.1574 -15.0805
2 24 1.7221 449.8426 -14.9632 0 449.4999 -15.2309
2 24 0 458.5001 -15.3579 1.7221 458.1575 -15.0805
2 24 4.1574 455.7221 -14.6607 4.5001 454 -14.5822
2 24 4.1575 452.2779 -14.6121 4.5001 454 -14.5822
2 24 1.7221 458.1575 -15.0805 3.1821 457.182 -14.8357
2 24 3.1821 457.182 -14.8357 4.1574 455.7221 -14.6607

4 16 -9.0448 460.6095 -12.4486 -4.736 456.3007 -14.5773 -4.1575 455.7221 -14.6607 -4.1575 455.7221 8
4 16 -12.4879 464.0526 -9.0734 -9.0448 460.6095 -12.4486 -4.1575 455.7221 8 -14.7112 466.2759 -4.7795
4 16 -15.4784 467.0431 0 -14.7112 466.2759 -4.7795 -4.1575 455.7221 8 -15.4784 467.0431 8
4 16 -15.4784 467.0431 8 -4.1575 455.7221 8 -1.7221 458.1574 8 -15.5482 471.9837 8
4 16 -15.5482 471.9837 0 -15.5482 471.9837 8 -1.7221 458.1574 8 -14.7775 471.213 -4.801
4 16 -12.5442 468.9796 -9.1143 -14.7775 471.213 -4.801 -1.7221 458.1574 8 -9.0856 465.5211 -12.5047
4 16 -4.7573 461.1928 -14.643 -9.0856 465.5211 -12.5047 -1.7221 458.1574 8 -1.7221 458.1574 -15.0805
2 24 -12.4879 464.0526 -9.0734 -14.7112 466.2759 -4.7795
2 24 -14.7775 471.213 -4.801 -12.5442 468.9796 -9.1143
2 24 -4.736 456.3007 -14.5773 -9.0448 460.6095 -12.4486
2 24 -4.7573 461.1928 -14.643 -9.0856 465.5211 -12.5047
2 24 -9.0448 460.6095 -12.4486 -12.4879 464.0526 -9.0734
2 24 -12.5442 468.9796 -9.1143 -9.0856 465.5211 -12.5047
2 24 -14.7112 466.2759 -4.7795 -15.4784 467.0431 0
2 24 -15.5482 471.9837 0 -14.7775 471.213 -4.801
2 24 -15.4784 467.0431 0 -15.4784 467.0431 8
2 24 -15.5482 471.9837 0 -15.5482 471.9837 8
2 24 -4.736 456.3007 -14.5773 -4.1575 455.7221 -14.6607
2 24 -4.7573 461.1928 -14.643 -1.7221 458.1574 -15.0805
2 24 -15.4784 467.0431 8 -15.5482 471.9837 8
2 24 -15.4784 467.0431 8 -4.1575 455.7221 8
2 24 -1.7221 458.1574 8 -15.5482 471.9837 8

4 16 1.7221 449.8426 8 1.7221 449.8426 -14.9632 4.6949 446.8698 -14.4507 8.896 442.6686 -12.2438
4 16 1.7221 449.8426 8 8.896 442.6686 -12.2438 12.206 439.3587 -8.8686 14.3215 437.2431 -4.6529
4 16 1.7221 449.8426 8 14.3215 437.2431 -4.6529 15.0476 436.517 0 15.0476 436.517 8
4 16 15.0476 436.517 8 15.1154 441.32 8 4.1575 452.2779 8 1.7221 449.8426 8
4 16 15.1154 441.32 8 15.1154 441.32 0 14.386 442.0494 -4.6738 4.1575 452.2779 8
4 16 4.1575 452.2779 8 14.386 442.0494 -4.6738 12.2609 444.1745 -8.9085 8.9361 447.4994 -12.2989
4 16 4.1575 452.2779 -14.6121 4.1575 452.2779 8 8.9361 447.4994 -12.2989 4.716 451.7194 -14.5158
2 24 12.206 439.3587 -8.8686 14.3215 437.2431 -4.6529
2 24 12.2609 444.1745 -8.9085 14.386 442.0494 -4.6738
2 24 15.0476 436.517 0 15.0476 436.517 8
2 24 15.1154 441.32 8 15.1154 441.32 0
2 24 14.3215 437.2431 -4.6529 15.0476 436.517 0
2 24 14.386 442.0494 -4.6738 15.1154 441.32 0
2 24 8.896 442.6686 -12.2438 12.206 439.3587 -8.8686
2 24 8.9361 447.4994 -12.2989 12.2609 444.1745 -8.9085
2 24 8.896 442.6686 -12.2438 4.6949 446.8698 -14.4507
2 24 8.9361 447.4994 -12.2989 4.716 451.7194 -14.5158
2 24 4.6949 446.8698 -14.4507 1.7221 449.8426 -14.9632
2 24 4.1575 452.2779 -14.6121 4.716 451.7194 -14.5158
2 24 1.7221 449.8426 8 15.0476 436.517 8
2 24 15.0476 436.517 8 15.1154 441.32 8
2 24 15.1154 441.32 8 4.1575 452.2779 8

0 // Reinforcement - Bottom - 3
1 16 0 412 8 -1.72208 0 4.15746 -4.15746 0 -1.72208 0 -23 0 3-8cylo.dat
1 16 0 412 8 1.72208 0 -4.15746 4.15746 0 1.72208 0 -23 0 3-8cylo.dat
1 16 0 412 8 -1.72208 0 4.15746 -4.15746 0 -1.72208 0 -1 0 3-8chrd.dat
1 16 0 412 8 1.72208 0 -4.15746 4.15746 0 1.72208 0 -1 0 3-8chrd.dat
4 16 1.722 416.1575 8 -4.1574 410.2779 8 -1.7221 407.8425 8 4.1574 413.7221 8
2 24 1.722 416.1575 8 1.722 416.1575 -16
2 24 -4.1574 410.278 8 -4.1574 410.278 -16
2 24 4.1574 413.7221 -14.068 4.1574 413.7221 8
2 24 -1.7221 407.8425 8 -1.7221 407.8425 -14.3704
2 24 0 407.4999 -14.6381 1.7221 407.8426 -14.3704
2 24 4.1575 410.2779 -14.0194 3.182 408.8179 -14.1531
2 24 1.7221 407.8426 -14.3704 3.182 408.8179 -14.1531
2 24 4.1574 413.7221 -14.068 4.5001 412 -13.9894
2 24 4.5001 412 -13.9894 4.1575 410.2779 -14.0194
2 24 0 416.5001 -14.7651 1.7221 416.1575 -14.4878
2 24 -1.7221 407.8425 -14.3704 0 407.4999 -14.6381
2 24 -3.182 415.1821 -14.2429 -1.7221 416.1574 -14.4878
2 24 -1.7221 416.1574 -14.4878 0 416.5001 -14.7651
2 24 -4.1575 413.7221 -14.068 -4.5001 412 -13.9894
2 24 -4.1575 413.7221 -14.068 -3.182 415.1821 -14.2429
2 24 -4.1574 410.2779 -14.0194 -4.5001 412 -13.9894

4 16 4.1574 413.7221 -14.068 4.552 414.1167 -14.0111 8.6935 418.2581 -11.965 4.1574 413.7221 8
4 16 4.1574 413.7221 8 8.6935 418.2581 -11.965 12.0028 421.5675 -8.721 14.1398 423.7044 -4.5938
4 16 4.1574 413.7221 8 14.1398 423.7044 -4.5938 14.8772 424.4419 0 14.8772 424.4419 8
4 16 1.722 416.1575 8 4.1574 413.7221 8 14.8772 424.4419 8 14.9469 429.3824 8
4 16 14.9469 429.3824 8 14.9469 429.3824 0 14.2061 428.6415 -4.6154 1.722 416.1575 8
4 16 1.722 416.1575 8 14.2061 428.6415 -4.6154 12.0591 426.4945 -8.7618 8.7342 423.1697 -12.0211
4 16 1.722 416.1575 8 8.7342 423.1697 -12.0211 4.5734 419.0088 -14.0768 1.7221 416.1575 -14.4878
2 24 4.1574 413.7221 -14.068 4.552 414.1167 -14.0111
2 24 1.7221 416.1575 -14.4878 4.5734 419.0088 -14.0768
2 24 14.8772 424.4419 8 14.9469 429.3824 8
2 24 14.8772 424.4419 8 4.1574 413.7221 8
2 24 1.722 416.1575 8 14.9469 429.3824 8
2 24 12.0028 421.5675 -8.721 14.1398 423.7044 -4.5938
2 24 14.2061 428.6415 -4.6154 12.0591 426.4945 -8.7618
2 24 8.6935 418.2581 -11.965 12.0028 421.5675 -8.721
2 24 8.6935 418.2581 -11.965 4.552 414.1167 -14.0111
2 24 14.8772 424.4419 0 14.8772 424.4419 8
2 24 14.1398 423.7044 -4.5938 14.8772 424.4419 0
2 24 12.0591 426.4945 -8.7618 8.7342 423.1697 -12.0211
2 24 8.7342 423.1697 -12.0211 4.5734 419.0088 -14.0768
2 24 14.9469 429.3824 8 14.9469 429.3824 0
2 24 14.2061 428.6415 -4.6154 14.9469 429.3824 0

4 16 -4.5125 405.0522 -13.8894 -1.7221 407.8425 -14.3704 -1.7221 407.8425 8 -8.5505 401.0142 -11.7682
4 16 -11.7318 397.8328 -8.5241 -8.5505 401.0142 -11.7682 -1.7221 407.8425 8 -13.7652 395.7994 -4.4722
4 16 -14.4632 395.1015 0 -13.7652 395.7994 -4.4722 -1.7221 407.8425 8 -14.4632 395.1015 8
4 16 -14.5309 399.9045 8 -14.4632 395.1015 8 -1.7221 407.8425 8 -4.1574 410.2779 8
4 16 -14.5309 399.9045 0 -14.5309 399.9045 8 -4.1574 410.2779 8 -13.8298 400.6057 -4.4931
4 16 -11.7868 402.6487 -8.564 -13.8298 400.6057 -4.4931 -4.1574 410.2779 8 -8.5905 405.8449 -11.8233
4 16 -4.5337 409.9018 -13.9545 -8.5905 405.8449 -11.8233 -4.1574 410.2779 8 -4.1574 410.2779 -14.0194
2 24 -13.7652 395.7994 -4.4722 -11.7318 397.8328 -8.5241
2 24 -13.8298 400.6057 -4.4931 -11.7868 402.6487 -8.564
2 24 -4.5125 405.0522 -13.8894 -8.5505 401.0142 -11.7682
2 24 -8.5505 401.0142 -11.7682 -11.7318 397.8328 -8.5241
2 24 -14.4632 395.1015 8 -14.4632 395.1015 0
2 24 -8.5905 405.8449 -11.8233 -4.5337 409.9018 -13.9545
2 24 -8.5905 405.8449 -11.8233 -11.7868 402.6487 -8.564
2 24 -14.5309 399.9045 8 -14.5309 399.9045 0
2 24 -4.5125 405.0522 -13.8894 -1.7221 407.8425 -14.3704
2 24 -4.5337 409.9018 -13.9545 -4.1574 410.2779 -14.0194
2 24 -14.5309 399.9045 0 -13.8298 400.6057 -4.4931
2 24 -14.4632 395.1015 0 -13.7652 395.7994 -4.4722
2 24 -14.4632 395.1015 8 -14.5309 399.9045 8
2 24 -14.5309 399.9045 8 -4.1574 410.2779 8
2 24 -1.7221 407.8425 8 -14.4632 395.1015 8

0 // Reinforcement - Bottom - 4
1 16 0 370 8 -4.15746 0 -1.72208 1.72208 0 -4.15746 0 -22.5 0 3-8cylo.dat
1 16 0 370 8 4.15746 0 1.72208 -1.72208 0 4.15746 0 -22.5 0 3-8cylo.dat
1 16 0 370 8 -4.15746 0 -1.72208 1.72208 0 -4.15746 0 -1 0 3-8chrd.dat
1 16 0 370 8 4.15746 0 1.72208 -1.72208 0 4.15746 0 -1 0 3-8chrd.dat
4 16 1.7221 365.8426 8 4.1575 368.2779 8 -1.7221 374.1574 8 -4.1575 371.7221 8
2 24 1.7221 365.8426 -13.7777 1.7221 365.8426 8
2 24 4.1575 368.2779 8 4.1575 368.2779 -13.4266
2 24 -4.1575 371.7221 -13.4752 -4.1575 371.7221 8
2 24 -1.7221 374.1574 -13.895 -1.7221 374.1574 8
2 24 -4.3627 370.6908 -13.4282 -4.5001 370 -13.3473
2 24 -4.1575 371.7221 -13.4752 -4.3627 370.6908 -13.4282
2 24 -3.1821 366.818 -13.5604 -1.7221 365.8425 -13.7777
2 24 -1.7221 365.8425 -13.7777 0 365.4999 -14.0454
2 24 -4.3565 369.2783 -13.4092 -4.5001 370 -13.3473
2 24 -4.1574 368.2779 -13.4266 -4.3565 369.2783 -13.4092
2 24 -4.1574 368.2779 -13.4266 -3.1821 366.818 -13.5604
2 24 1.7221 365.8426 -13.7777 0 365.4999 -14.0454
2 24 0 374.5001 -14.1724 -1.7221 374.1574 -13.895
2 24 4.3565 369.2782 -13.4092 4.1575 368.2779 -13.4266
2 24 4.3565 369.2782 -13.4092 4.5001 370 -13.3473
2 24 1.7221 374.1575 -13.895 3.1821 373.182 -13.6502
2 24 1.7221 374.1575 -13.895 0 374.5001 -14.1724
2 24 4.3627 370.6908 -13.4282 4.1574 371.7221 -13.4752
2 24 4.3627 370.6908 -13.4282 4.5001 370 -13.3473
2 24 4.1574 371.7221 -13.4752 3.1821 373.182 -13.6502

4 16 -8.3422 375.9068 -11.4815 -4.3681 371.9327 -13.4449 -4.1575 371.7221 -13.4752 -4.1575 371.7221 8
4 16 -11.5178 379.0824 -8.3685 -8.3422 375.9068 -11.4815 -4.1575 371.7221 8 -13.5684 381.133 -4.4082
4 16 -14.276 381.8407 0 -13.5684 381.133 -4.4082 -4.1575 371.7221 8 -14.276 381.8407 8
4 16 -14.276 381.8407 8 -4.1575 371.7221 8 -1.7221 374.1574 8 -14.3457 386.7812 8
4 16 -1.7221 374.1574 8 -1.7221 374.1574 -13.895 -4.3894 376.8249 -13.5105 -8.3829 380.8184 -11.5376
4 16 -1.7221 374.1574 8 -8.3829 380.8184 -11.5376 -11.574 384.0095 -8.4094 -13.6346 386.0701 -4.4297
4 16 -1.7221 374.1574 8 -13.6346 386.0701 -4.4297 -14.3457 386.7812 0 -14.3457 386.7812 8
2 24 -4.3681 371.9327 -13.4449 -4.1575 371.7221 -13.4752
2 24 -1.7221 374.1574 -13.895 -4.3894 376.8249 -13.5105
2 24 -14.3457 386.7812 8 -14.276 381.8407 8
2 24 -14.276 381.8407 8 -4.1575 371.7221 8
2 24 -1.7221 374.1574 8 -14.3457 386.7812 8
2 24 -13.6346 386.0701 -4.4297 -11.574 384.0095 -8.4094
2 24 -11.5178 379.0824 -8.3685 -13.5684 381.133 -4.4082
2 24 -8.3829 380.8184 -11.5376 -4.3894 376.8249 -13.5105
2 24 -4.3681 371.9327 -13.4449 -8.3422 375.9068 -11.4815
2 24 -8.3829 380.8184 -11.5376 -11.574 384.0095 -8.4094
2 24 -8.3422 375.9068 -11.4815 -11.5178 379.0824 -8.3685
2 24 -13.6346 386.0701 -4.4297 -14.3457 386.7812 0
2 24 -13.5684 381.133 -4.4082 -14.276 381.8407 0
2 24 -14.3457 386.7812 8 -14.3457 386.7812 0
2 24 -14.276 381.8407 0 -14.276 381.8407 8

4 16 1.7221 365.8426 -13.7777 4.3301 363.2345 -13.3281 8.2049 359.3597 -11.2926 1.7221 365.8426 8
4 16 1.7221 365.8426 8 8.2049 359.3597 -11.2926 11.2577 356.3069 -8.1796 13.2089 354.3557 -4.2914
4 16 1.7221 365.8426 8 13.2089 354.3557 -4.2914 13.8787 353.686 0 13.8787 353.686 8
4 16 13.8787 353.686 8 13.9465 358.489 8 4.1575 368.2779 8 1.7221 365.8426 8
4 16 4.3513 368.0842 -13.3932 4.1575 368.2779 -13.4266 4.1575 368.2779 8 8.245 364.1905 -11.3477
4 16 11.3127 361.1227 -8.2195 8.245 364.1905 -11.3477 4.1575 368.2779 8 13.2735 359.162 -4.3124
4 16 13.9465 358.489 0 13.2735 359.162 -4.3124 4.1575 368.2779 8 13.9465 358.489 8
2 24 13.2735 359.162 -4.3124 11.3127 361.1227 -8.2195
2 24 13.2089 354.3557 -4.2914 11.2577 356.3069 -8.1796
2 24 8.245 364.1905 -11.3477 11.3127 361.1227 -8.2195
2 24 4.3513 368.0842 -13.3932 8.245 364.1905 -11.3477
2 24 13.9465 358.489 8 13.9465 358.489 0
2 24 13.9465 358.489 0 13.2735 359.162 -4.3124
2 24 11.2577 356.3069 -8.1796 8.2049 359.3597 -11.2926
2 24 8.2049 359.3597 -11.2926 4.3301 363.2345 -13.3281
2 24 13.8787 353.686 0 13.8787 353.686 8
2 24 13.8787 353.686 0 13.2089 354.3557 -4.2914
2 24 13.8787 353.686 8 13.9465 358.489 8
2 24 13.9465 358.489 8 4.1575 368.2779 8
2 24 1.7221 365.8426 8 13.8787 353.686 8
2 24 1.7221 365.8426 -13.7777 4.3301 363.2345 -13.3281
2 24 4.1575 368.2779 -13.4266 4.3513 368.0842 -13.3932

0 // Reinforcement - Pegholes Bottom - 1
1 16 0 274 -6 9 0 0 0 0 9 0 -1 0 4-4ndis.dat
3 16 12.0822 338 -6 0 338 -13.6573 -12.0822 338 -6
2 24 -12.0822 338 -6 12.0822 338 -6
3 16 0 323 -6 12.0822 338 -6 -12.0822 338 -6
1 16 0 314 -6 9 0 0 0 0 9 0 -1 0 4-4ndis.dat
3 16 10.7054 250 -6 0 265 -6 -10.7054 250 -6
3 16 10.7054 250 -6 -10.7054 250 -6 0 250 -12.4153
2 24 -10.7054 250 -6 10.7054 250 -6

4 16 2.8655 322.4302 8 2.8655 322.4302 -6 11.9812 331.5459 -6 12.9153 332.4799 -4.196
4 16 2.8655 322.4302 8 12.9153 332.4799 -4.196 13.5889 333.1535 0 13.5889 333.1535 8
4 16 2.8655 322.4302 8 13.5889 333.1535 8 13.6586 338.0941 8 -1.7917 322.6437 8
4 16 -1.7917 322.6437 -6 -1.7917 322.6437 8 13.6586 338.0941 8 13.6586 338.0941 0
4 16 13.6586 338.0941 0 12.9816 337.417 -4.2176 12.0586 336.4941 -6 -1.7917 322.6437 -6
2 24 13.6586 338.0941 0 13.6586 338.0941 8
2 24 13.6586 338.0941 0 12.9816 337.417 -4.2176
2 24 12.0586 336.4941 -6 12.9816 337.417 -4.2176
2 24 12.9153 332.4799 -4.196 11.9812 331.5459 -6
2 24 12.9153 332.4799 -4.196 13.5889 333.1535 0
2 24 13.5889 333.1535 8 13.5889 333.1535 0
2 24 2.8655 322.4302 -6 11.9812 331.5459 -6
2 24 12.0586 336.4941 -6 -1.7917 322.6437 -6
2 24 13.5889 333.1535 8 13.6586 338.0941 8
2 24 13.5889 333.1535 8 2.8655 322.4302 8
2 24 -1.7917 322.6437 8 13.6586 338.0941 8
2 24 2.8655 322.4302 8 0 323 8
2 24 0 323 8 -1.7917 322.6437 8
2 24 -1.7917 322.6437 -6 -1.7917 322.6437 8
2 24 2.8655 322.4302 8 2.8655 322.4302 -6

0 // Reinforcement - Pegholes Bottom - 2
1 16 0 294 8 1.72207 0 4.15746 -4.15746 0 1.72207 0 -14 0 3-8cylo.dat
1 16 0 294 8 -1.72207 0 -4.15746 4.15746 0 -1.72207 0 -14 0 3-8cylo.dat
1 16 0 294 8 1.72207 0 4.15746 -4.15746 0 1.72207 0 -1 0 3-8chrd.dat
1 16 0 294 8 -1.72207 0 -4.15746 4.15746 0 -1.72207 0 -1 0 3-8chrd.dat
4 16 1.7221 289.8425 8 1.7221 298.1574 8 -1.7221 298.1575 8 -1.7221 289.8426 8
2 24 1.7221 289.8425 -6 1.7221 289.8425 8
2 24 -1.7221 289.8426 -6 -1.7221 289.8426 8
2 24 -1.7221 298.1575 8 -1.7221 298.1575 -6
2 24 1.7221 298.1574 -6 1.7221 298.1574 8
1 16 0 283 -6 0 0 1.7221 -1.7221 0 0 0 14 0 boxjcyl4.dat
1 16 0 305 -6 0 0 1.7221 1.7221 0 0 0 14 0 boxjcyl4.dat
1 16 0 301.5787 -6 0 0 1.7221 3.4213 0 0 0 14 0 box3u8p.dat
1 16 0 286.4213 -6 0 0 1.7221 3.4213 0 0 0 14 0 box3u8p.dat

0 // Reinforcement - Pegholes Bottom - 3
4 16 -1.2076 265.2401 8 -1.2076 265.2401 -6 -10.7656 253.8493 -6 -11.8426 252.5658 -3.8475
4 16 -1.2076 265.2401 8 -11.8426 252.5658 -3.8475 -12.4414 251.8522 0 -12.4414 251.8522 8
4 16 -1.2076 265.2401 8 -12.4414 251.8522 8 -12.3671 246.5826 8 3.9393 266.0157 8
4 16 3.9393 266.0157 -6 3.9393 266.0157 8 -12.3671 246.5826 8 -9.4995 250 -6
4 16 -10.0367 249.3598 -7.2924 -9.4995 250 -7.8422 -9.4995 250 -6 -11.7719 247.2919 -3.8245
4 16 -12.3671 246.5826 0 -11.7719 247.2919 -3.8245 -9.4995 250 -6 -12.3671 246.5826 8
2 24 -10.7656 253.8493 -6 -1.2076 265.2401 -6
2 24 3.9393 266.0157 -6 -9.4995 250 -6
2 24 -9.4995 250 -6 -9.4995 250 -7.8422
2 24 -10.0367 249.3598 -7.2924 -11.7719 247.2919 -3.8245
2 24 -9.4995 250 -7.8422 -10.0367 249.3598 -7.2924
2 24 -11.7719 247.2919 -3.8245 -12.3671 246.5826 0
2 24 -1.2076 265.2401 -6 -1.2076 265.2401 8
2 24 -12.3671 246.5826 8 -12.3671 246.5826 0
2 24 -11.8426 252.5658 -3.8475 -10.7656 253.8493 -6
2 24 -12.4414 251.8522 0 -11.8426 252.5658 -3.8475
2 24 -12.4414 251.8522 8 -12.4414 251.8522 0
2 24 3.9393 266.0157 8 3.9393 266.0157 -6
2 24 -12.3671 246.5826 8 -12.4414 251.8522 8
2 24 -12.4414 251.8522 8 -1.2076 265.2401 8
2 24 3.9393 266.0157 8 -12.3671 246.5826 8
2 24 3.4443 265.6849 8 3.9393 266.0157 8
2 24 3.4443 265.6849 8 0 265 8
2 24 -1.2076 265.2401 8 0 265 8

0 // Reinforcement - Centre - 1
1 16 0 212 8 -3.99155 0 -2.07787 2.07787 0 -3.99155 0 -20 0 3-8cylo.dat
1 16 0 212 8 3.99155 0 2.07787 -2.07787 0 3.99155 0 -20 0 3-8cylo.dat
1 16 0 212 8 -3.99155 0 -2.07787 2.07787 0 -3.99155 0 -1 0 3-8chrd.dat
1 16 0 212 8 3.99155 0 2.07787 -2.07787 0 3.99155 0 -1 0 3-8chrd.dat
4 16 1.3532 207.7083 8 3.9916 209.9221 8 -1.3532 216.2917 8 -3.9916 214.0779 8
2 24 -1.3532 216.2917 8 -1.3532 216.2917 -11.7255
2 24 -3.9915 214.0779 -11.1671 -3.9916 214.0779 8
2 24 1.3532 207.7083 -11.6043 1.3532 207.7083 8
2 24 3.9915 209.9221 -11.1021 3.9916 209.9221 8
2 24 4.483 211.6078 -10.878 3.9915 209.9221 -11.1021
2 24 4.2917 213.3532 -11.0028 3.6813 214.4659 -11.3313
2 24 3.6813 214.4659 -11.3313 3.4473 214.8926 -11.3743
2 24 4.483 211.6078 -10.878 4.2917 213.3532 -11.0028
2 24 2.0779 215.9915 -11.6065 .3922 216.483 -11.8802
2 24 3.4473 214.8926 -11.3743 2.0779 215.9915 -11.6065
2 24 0 216.44 -11.9417 -1.3532 216.2917 -11.7255
2 24 .3922 216.483 -11.8802 0 216.44 -11.9417
2 24 -3.9915 214.0779 -11.1671 -4.483 212.3922 -10.8902
2 24 -3.6597 209.4946 -11.2645 -4.2917 210.6468 -10.9604
2 24 -4.2917 210.6468 -10.9604 -4.483 212.3922 -10.8902
2 24 -3.6597 209.4946 -11.2645 -3.4473 209.1074 -11.2927
2 24 -.3922 207.517 -11.7537 -2.0779 208.0085 -11.4939
2 24 -2.0779 208.0085 -11.4939 -3.4473 209.1074 -11.2927
2 24 0 207.56 -11.8164 -.3922 207.517 -11.7537
2 24 0 207.56 -11.8164 1.3532 207.7083 -11.6043

4 16 -1.3532 216.2917 8 -1.3532 216.2917 -11.7255 -3.7015 219.0905 -11.3933 -7.0746 223.1104 -9.737
4 16 -1.3532 216.2917 8 -7.0746 223.1104 -9.737 -9.7737 226.3271 -7.1013 -11.5184 228.4063 -3.7421
4 16 -1.3532 216.2917 8 -11.5184 228.4063 -3.7421 -12.1207 229.1241 0 -12.1207 229.1241 8
4 16 -1.3532 216.2917 8 -12.1207 229.1241 8 -12.0438 223.6742 8 -3.9916 214.0779 8
4 16 -3.9916 214.0779 8 -12.0438 223.6742 8 -12.0438 223.6742 0 -11.4453 222.961 -3.7184
4 16 -3.9916 214.0779 8 -11.4453 222.961 -3.7184 -9.7117 220.895 -7.0563 -7.0297 217.6987 -9.6752
3 16 -3.9916 214.0779 8 -7.0297 217.6987 -9.6752 -3.9915 214.0779 -11.1671
2 24 -12.1207 229.1241 8 -12.0438 223.6742 8
2 24 -12.0438 223.6742 8 -3.9916 214.0779 8
2 24 -12.0438 223.6742 0 -12.0438 223.6742 8
2 24 -7.0746 223.1104 -9.737 -3.7015 219.0905 -11.3933
2 24 -9.7737 226.3271 -7.1013 -11.5184 228.4063 -3.7421
2 24 -9.7737 226.3271 -7.1013 -7.0746 223.1104 -9.737
2 24 -11.5184 228.4063 -3.7421 -12.1207 229.1241 0
2 24 -12.1207 229.1241 0 -12.1207 229.1241 8
2 24 -11.4453 222.961 -3.7184 -9.7117 220.895 -7.0563
2 24 -9.7117 220.895 -7.0563 -7.0297 217.6987 -9.6752
2 24 -11.4453 222.961 -3.7184 -12.0438 223.6742 0
2 24 -7.0297 217.6987 -9.6752 -3.9915 214.0779 -11.1671
2 24 -3.7015 219.0905 -11.3933 -1.3532 216.2917 -11.7255
2 24 -1.3532 216.2917 8 -12.1207 229.1241 8

4 16 3.9916 209.9221 8 11.7197 200.7121 8 11.7197 200.7121 0 11.1557 201.3844 -3.6243
4 16 3.9916 209.9221 8 11.1557 201.3844 -3.6243 9.5113 203.344 -6.9107 6.9361 206.413 -9.5464
3 16 3.9915 209.9221 -11.1021 3.9916 209.9221 8 6.9361 206.413 -9.5464
4 16 11.7197 200.7121 8 3.9916 209.9221 8 1.3532 207.7083 8 11.6454 195.4425 8
4 16 1.3532 207.7083 8 11.0849 196.1105 -3.6013 11.6454 195.4425 0 11.6454 195.4425 8
4 16 9.451 198.0577 -6.8668 11.0849 196.1105 -3.6013 1.3532 207.7083 8 6.8921 201.1073 -9.4858
4 16 3.64 204.983 -11.204 6.8921 201.1073 -9.4858 1.3532 207.7083 8 1.3532 207.7083 -11.6043
2 24 11.7197 200.7121 8 11.7197 200.7121 0
2 24 9.5113 203.344 -6.9107 11.1557 201.3844 -3.6243
2 24 6.9361 206.413 -9.5464 9.5113 203.344 -6.9107
2 24 11.1557 201.3844 -3.6243 11.7197 200.7121 0
2 24 11.6454 195.4425 0 11.6454 195.4425 8
2 24 3.64 204.983 -11.204 6.8921 201.1073 -9.4858
2 24 9.451 198.0577 -6.8668 11.0849 196.1105 -3.6013
2 24 6.8921 201.1073 -9.4858 9.451 198.0577 -6.8668
2 24 11.6454 195.4425 0 11.0849 196.1105 -3.6013
2 24 11.6454 195.4425 8 11.7197 200.7121 8
2 24 11.7197 200.7121 8 3.9916 209.9221 8
2 24 6.9361 206.413 -9.5464 3.9915 209.9221 -11.1021
2 24 1.3532 207.7083 -11.6043 3.64 204.983 -11.204
2 24 11.6454 195.4425 8 1.3532 207.7083 8

0 // Reinforcement - Centre - 2
1 16 0 168 8 -2.07787 0 3.99155 -3.99155 0 -2.07787 0 -19.5 0 3-8cylo.dat
1 16 0 168 8 2.07787 0 -3.99155 3.99155 0 2.07787 0 -19.5 0 3-8cylo.dat
1 16 0 168 8 -2.07787 0 3.99155 -3.99155 0 -2.07787 0 -1 0 3-8chrd.dat
1 16 0 168 8 2.07787 0 -3.99155 3.99155 0 2.07787 0 -1 0 3-8chrd.dat
4 16 -4.2917 166.6469 8 -2.0779 164.0085 8 4.2917 169.3532 8 2.0778 171.9916 8
2 24 2.0778 171.9916 8 2.0779 171.9916 -10.9856
2 24 4.2917 169.3532 -10.3144 4.2917 169.3532 8
2 24 -2.0779 164.0085 8 -2.0779 164.0085 -10.8729
2 24 -4.2917 166.6469 8 -4.2917 166.6468 -10.272
2 24 -4.2917 166.6468 -10.272 -4.483 168.3922 -10.2018
2 24 -3.9916 170.0779 -10.4787 -4.483 168.3922 -10.2018
2 24 -3.4905 170.7022 -10.7438 -3.9916 170.0779 -10.4787
2 24 -3.4905 170.7022 -10.7438 -2.8926 171.4473 -10.849
2 24 -2.8926 171.4473 -10.849 -1.3532 172.2917 -11.1045
2 24 4.483 167.6078 -10.1896 3.9916 165.9221 -10.4137
2 24 3.4668 165.2682 -10.6709 3.9916 165.9221 -10.4137
2 24 4.483 167.6078 -10.1896 4.2917 169.3532 -10.3144
2 24 3.4668 165.2682 -10.6709 2.8926 164.5527 -10.7517
2 24 2.8926 164.5527 -10.7517 1.3532 163.7083 -10.9834
2 24 0 163.56 -11.1954 1.3532 163.7083 -10.9834
2 24 .3922 172.483 -11.2593 0 172.44 -11.3207
2 24 .3922 172.483 -11.2593 2.0779 171.9916 -10.9856
2 24 -2.0779 164.0085 -10.8729 -.3922 163.517 -11.1327
2 24 0 163.56 -11.1954 -.3922 163.517 -11.1327
2 24 -1.3532 172.2917 -11.1045 0 172.44 -11.3207

3 16 -4.2917 166.6469 8 -4.2917 166.6468 -10.272 -6.5902 164.7182 -9.0703
4 16 -6.5902 164.7182 -9.0703 -9.0468 162.6569 -6.5731 -10.6182 161.3384 -3.4497 -4.2917 166.6469 8
4 16 -4.2917 166.6469 8 -10.6182 161.3384 -3.4497 -11.1577 160.8857 0 -11.1577 160.8857 8
4 16 -2.0779 164.0085 8 -4.2917 166.6469 8 -11.1577 160.8857 8 -11.095 156.4423 8
4 16 -2.0779 164.0085 8 -11.095 156.4423 8 -11.095 156.4423 0 -10.5585 156.8925 -3.4303
4 16 -2.0779 164.0085 8 -10.5585 156.8925 -3.4303 -8.996 158.2036 -6.5362 -6.5532 160.2533 -9.0194
4 16 -3.4563 162.8519 -10.6385 -2.0779 164.0085 -10.8729 -2.0779 164.0085 8 -6.5532 160.2533 -9.0194
2 24 -6.5532 160.2533 -9.0194 -8.996 158.2036 -6.5362
2 24 -6.5902 164.7182 -9.0703 -9.0468 162.6569 -6.5731
2 24 -3.4563 162.8519 -10.6385 -6.5532 160.2533 -9.0194
2 24 -11.095 156.4423 8 -11.095 156.4423 0
2 24 -11.1577 160.8857 8 -11.1577 160.8857 0
2 24 -10.5585 156.8925 -3.4303 -11.095 156.4423 0
2 24 -10.6182 161.3384 -3.4497 -11.1577 160.8857 0
2 24 -8.996 158.2036 -6.5362 -10.5585 156.8925 -3.4303
2 24 -10.6182 161.3384 -3.4497 -9.0468 162.6569 -6.5731
2 24 -6.5902 164.7182 -9.0703 -4.2917 166.6468 -10.272
2 24 -3.4563 162.8519 -10.6385 -2.0779 164.0085 -10.8729
2 24 -2.0779 164.0085 8 -11.095 156.4423 8
2 24 -11.095 156.4423 8 -11.1577 160.8857 8
2 24 -11.1577 160.8857 8 -4.2917 166.6469 8

4 16 3.5013 173.186 -10.7772 2.0779 171.9916 -10.9856 2.0778 171.9916 8 6.6826 175.8554 -9.1975
4 16 9.2218 177.9861 -6.7003 6.6826 175.8554 -9.1975 2.0778 171.9916 8 10.8601 179.3607 -3.5283
4 16 10.8601 179.3607 -3.5283 2.0778 171.9916 8 11.4251 179.8348 8 11.4251 179.8348 0
4 16 2.0778 171.9916 8 4.2917 169.3532 8 11.3609 175.2849 8 11.4251 179.8348 8
4 16 11.3609 175.2849 0 11.3609 175.2849 8 4.2917 169.3532 8 10.799 174.8135 -3.5084
4 16 9.17 173.4465 -6.6626 10.799 174.8135 -3.5084 4.2917 169.3532 8 6.6451 171.3279 -9.1458
3 16 4.2917 169.3532 -10.3144 6.6451 171.3279 -9.1458 4.2917 169.3532 8
2 24 2.0779 171.9916 -10.9856 3.5013 173.186 -10.7772
2 24 4.2917 169.3532 -10.3144 6.6451 171.3279 -9.1458
2 24 11.3609 175.2849 8 4.2917 169.3532 8
2 24 11.3609 175.2849 8 11.4251 179.8348 8
2 24 11.4251 179.8348 8 2.0778 171.9916 8
2 24 9.17 173.4465 -6.6626 6.6451 171.3279 -9.1458
2 24 9.2218 177.9861 -6.7003 6.6826 175.8554 -9.1975
2 24 6.6826 175.8554 -9.1975 3.5013 173.186 -10.7772
2 24 11.3609 175.2849 0 11.3609 175.2849 8
2 24 11.4251 179.8348 0 11.4251 179.8348 8
2 24 10.799 174.8135 -3.5084 11.3609 175.2849 0
2 24 11.4251 179.8348 0 10.8601 179.3607 -3.5283
2 24 9.17 173.4465 -6.6626 10.799 174.8135 -3.5084
2 24 9.2218 177.9861 -6.7003 10.8601 179.3607 -3.5283

0 // Reinforcement - Pegholes Top - 1
3 16 0 138 -10.8347 -8.9532 138 -6 8.9532 138 -6
2 24 -10.3491 134 -10 10.3491 134 -10
3 16 8.9532 138 -6 -8.9532 138 -6 0 123 -6
3 16 0 65 -6 -7.3991 50 -6 7.3991 50 -6
3 16 7.3991 50 -6 -7.3991 50 -6 0 50 -9.5927
2 24 -7.3991 50 -6 7.3991 50 -6
2 24 -8.9532 138 -6 8.9532 138 -6

4 16 -8.6602 138 -6 -8.6602 138 -6.4737 -8.7668 138.127 -6.3697 -8.9588 138.3559 -6
4 16 -8.6602 138 -6 -8.9588 138.3559 -6 -10.3316 139.992 -3.3566 -10.8719 140.6359 0
4 16 5.8501 120.7072 -6 -8.6602 138 -6 -10.8719 140.6359 0 -10.8719 140.6359 8
3 16 5.8501 120.7072 -6 -10.8719 140.6359 8 5.8501 120.7072 8
4 16 -10.795 135.186 8 -.4883 122.9029 8 5.8501 120.7072 8 -10.8719 140.6359 8
4 16 0 123 -6 -.4883 122.9029 -6 -.4883 122.9029 8 0 123 8
4 16 -.4883 122.9029 -6 -.4883 122.9029 8 -10.795 135.186 8 -10.795 135.186 0
4 16 -10.795 135.186 0 -10.2585 134.5467 -3.3328 -8.8733 132.8958 -6 -.4883 122.9029 -6
2 24 5.8501 120.7072 8 3.4443 122.3151 8
2 24 -.4883 122.9029 8 0 123 8
2 24 5.8501 120.7072 8 -10.8719 140.6359 8
2 24 -10.8719 140.6359 8 -10.795 135.186 8
2 24 -10.795 135.186 8 -.4883 122.9029 8
2 24 0 123 8 3.4443 122.3151 8
2 24 5.8501 120.7072 -6 -8.6602 138 -6
2 24 -8.6602 138 -6.4737 -8.6602 138 -6
2 24 -8.8733 132.8958 -6 -.4883 122.9029 -6
2 24 -10.2585 134.5467 -3.3328 -8.8733 132.8958 -6
2 24 -.4883 122.9029 -6 -.4883 122.9029 8
2 24 -10.795 135.186 0 -10.2585 134.5467 -3.3328
2 24 -10.795 135.186 8 -10.795 135.186 0
2 24 5.8501 120.7072 8 5.8501 120.7072 -6
2 24 -8.7668 138.127 -6.3697 -8.6602 138 -6.4737
2 24 -10.8719 140.6359 8 -10.8719 140.6359 0
2 24 -10.8719 140.6359 0 -10.3316 139.992 -3.3566
2 24 -8.7668 138.127 -6.3697 -8.9588 138.3559 -6
2 24 -8.9588 138.3559 -6 -10.3316 139.992 -3.3566

0 // Reinforcement - Pegholes Top - 2
1 16 0 94 8 1.72207 0 4.15746 -4.15746 0 1.72207 0 -14 0 3-8cylo.dat
1 16 0 94 8 -1.72207 0 -4.15746 4.15746 0 -1.72207 0 -14 0 3-8cylo.dat
1 16 0 94 8 1.72207 0 4.15746 -4.15746 0 1.72207 0 -1 0 3-8chrd.dat
1 16 0 94 8 -1.72207 0 -4.15746 4.15746 0 -1.72207 0 -1 0 3-8chrd.dat
4 16 1.7221 89.8425 8 1.7221 98.1574 8 -1.7221 98.1575 8 -1.7221 89.8426 8
2 24 1.7221 89.8425 -6 1.7221 89.8425 8
2 24 -1.7221 89.8426 -6 -1.7221 89.8426 8
2 24 -1.7221 98.1575 8 -1.7221 98.1575 -6
2 24 1.7221 98.1574 -6 1.7221 98.1574 8
1 16 0 83 -6 0 0 1.7221 -1.7221 0 0 0 14 0 boxjcyl4.dat
1 16 0 105 -6 0 0 1.7221 1.7221 0 0 0 14 0 boxjcyl4.dat
1 16 0 101.5787 -6 0 0 1.7221 3.4213 0 0 0 14 0 box3u8p.dat
1 16 0 86.4213 -6 0 0 1.7221 3.4213 0 0 0 14 0 box3u8p.dat

0 // Reinforcement - Top - 1
1 16 0 36 -9.1204 0 0 1.5307 2.3045 0 0 0 17.1204 0 box3u4p.dat
1 16 0 42 8 1.53073 0 3.69552 -3.69552 0 1.53073 0 -17.5 0 3-8cylo.dat
1 16 0 30 8 1.53073 0 3.69552 -3.69552 0 1.53073 0 -17.5 0 3-8cylo.dat
1 16 0 30 8 -1.53073 0 -3.69552 3.69552 0 -1.53073 0 -17.5 0 3-8cylo.dat
1 16 0 42 8 -1.53073 0 -3.69552 3.69552 0 -1.53073 0 -17.5 0 3-8cylo.dat
1 16 0 42 8 1.53073 0 3.69552 -3.69552 0 1.53073 0 -1 0 3-8chrd.dat
1 16 0 30 8 1.53073 0 3.69552 -3.69552 0 1.53073 0 -1 0 3-8chrd.dat
1 16 0 30 8 -1.53073 0 -3.69552 3.69552 0 -1.53073 0 -1 0 3-8chrd.dat
1 16 0 42 8 -1.53073 0 -3.69552 3.69552 0 -1.53073 0 -1 0 3-8chrd.dat
4 16 -1.5307 45.6955 8 -1.5307 38.3045 8 1.5307 38.3045 8 1.5307 45.6955 8
4 16 1.5307 33.6955 8 -1.5307 33.6955 8 -1.5307 26.3045 8 1.5307 26.3045 8
2 24 -2.9409 44.6602 -9.052 -3.6955 43.5307 -8.6497
2 24 -4 42 -8.4705 -3.6955 43.5307 -8.6497
2 24 -3.6955 31.5307 -8.462 -2.8889 32.7381 -8.892
2 24 -3.6955 40.4693 -8.6018 -4 42 -8.4705
2 24 -4 30 -8.2827 -3.6955 31.5307 -8.462
2 24 -3.6955 40.4693 -8.6018 -2.9175 39.3048 -8.9801
2 24 -4 30 -8.2827 -3.6955 28.4693 -8.414
2 24 -2.8649 27.2259 -8.818 -3.6955 28.4693 -8.414
2 24 1.5307 26.3045 -9.0161 2.8285 27.1715 -8.823
2 24 1.5307 38.3045 -9.1854 2.8285 39.1715 -8.9923
2 24 2.8649 27.2259 -8.818 2.8285 27.1715 -8.823

2 24 2.8285 44.8285 -9.0722 1.5307 45.6955 -9.2898
2 24 2.8285 39.1715 -8.9923 2.9175 39.3048 -8.9801
2 24 2.8889 32.7381 -8.892 2.8285 32.8285 -8.9028
2 24 2.9409 44.6602 -9.052 2.8285 44.8285 -9.0722
2 24 1.5307 33.6955 -9.1204 2.8285 32.8285 -8.9028
2 24 2.8649 27.2259 -8.818 3.6955 28.4693 -8.4141
2 24 3.6955 40.4693 -8.6018 2.9175 39.3048 -8.9801
2 24 4 30 -8.2827 3.6955 28.4693 -8.4141
2 24 4 42 -8.4705 3.6955 40.4693 -8.6018
2 24 4 30 -8.2827 3.6955 31.5307 -8.4619
2 24 3.6955 43.5307 -8.6497 4 42 -8.4705
2 24 2.8889 32.7381 -8.892 3.6955 31.5307 -8.4619
2 24 3.6955 43.5307 -8.6497 2.9409 44.6602 -9.052
2 24 -1.5307 45.6955 -9.2898 -2.8285 44.8285 -9.0722
2 24 -2.8285 44.8285 -9.0722 -2.9409 44.6602 -9.052
2 24 -2.8285 32.8285 -8.9028 -1.5307 33.6955 -9.1204
2 24 -2.8285 32.8285 -8.9028 -2.8889 32.7381 -8.892
2 24 -2.8285 39.1715 -8.9923 -2.9175 39.3048 -8.9801
2 24 -2.8285 39.1715 -8.9923 -1.5307 38.3045 -9.1854
2 24 -2.8285 27.1715 -8.823 -2.8649 27.2259 -8.818
2 24 -1.5307 26.3045 -9.0161 -2.8285 27.1715 -8.823

1 16 0 65 -6 0 0 1.5307 1.5307 0 0 0 14 0 boxjcyl4.dat
4 16 -1.5307 50 -6 -1.5307 50 -9.2898 -1.5307 45.6955 -9.2898 -1.5307 45.6955 8
4 16 1.5307 45.6955 8 1.5307 45.6955 -9.2898 1.5307 50 -9.2898 1.5307 50 -6
4 16 1.5307 45.6955 8 1.5307 50 -6 1.5307 65 -6 1.5307 65 8
4 16 -1.5307 45.6955 8 1.5307 45.6955 8 1.5307 65 8 -1.5307 65 8
4 16 -1.5307 45.6955 8 -1.5307 65 8 -1.5307 65 -6 -1.5307 50 -6
2 24 1.5307 45.6955 8 1.5307 45.6955 -9.2898
2 24 -1.5307 45.6955 -9.2898 -1.5307 45.6955 8
2 24 -1.5307 65 8 -1.5307 45.6955 8
2 24 1.5307 45.6955 8 1.5307 65 8
2 24 -1.5307 50 -6 -1.5307 65 -6
2 24 -1.5307 50 -9.2898 -1.5307 50 -6
2 24 -1.5307 45.6955 -9.2898 -1.5307 50 -9.2898
2 24 1.5307 50 -9.2898 1.5307 45.6955 -9.2898
2 24 1.5307 50 -6 1.5307 50 -9.2898
2 24 1.5307 65 -6 1.5307 50 -6

0 // Top Underside
2 24 1.6598 22.4563 -12.6092 1.75 22.4634 -12.5914
2 24 0 22.4128 -12.7179 1.6598 22.4563 -12.6092
2 24 -1.75 22.4634 -12.5914 -1.6598 22.4563 -12.6092
2 24 -1.6598 22.4563 -12.6092 0 22.4128 -12.7179
2 24 -1.75 22.4634 -12.5914 -1.75 8 -12.3689
2 24 1.75 8 -12.3689 1.75 22.4634 -12.5914
2 24 12.6092 22.4563 -1.6598 12.7179 22.4128 0
2 24 12.7179 22.4128 0 12.7179 22.4128 1.75
2 24 12.5 8 1.75 12.7179 22.4128 1.75
2 24 12.6092 22.4563 -1.6598 12.5914 22.4634 -1.75
2 24 12.3689 8 -1.75 12.5914 22.4634 -1.75
2 24 -12.6092 22.4563 -1.6598 -12.7179 22.4128 0
2 24 -12.5 8 1.75 -12.7179 22.4128 1.75
2 24 -12.7179 22.4128 0 -12.7179 22.4128 1.75
2 24 -12.5914 22.4634 -1.75 -12.3689 8 -1.75
2 24 -12.5914 22.4634 -1.75 -12.6092 22.4563 -1.6598
2 24 -1.75 23.5 10 1.75 23.5 10
2 24 1.75 22.7 12 1.75 23.5 10
2 24 -1.75 22.7 12 -1.75 23.5 10
2 24 -1.75 23.5 10 -1.75 23.5 -8.9418
2 24 1.75 23.5 -8.9418 1.75 23.5 10
4 16 -1.75 23.5 10 -1.75 22.7 12 1.75 22.7 12 1.75 23.5 10
3 16 0 23.5 -9.2187 -1.75 23.5 -8.9418 -1.75 23.5 10
4 16 -1.75 23.5 10 1.75 23.5 10 1.75 23.5 -8.9418 0 23.5 -9.2187
2 24 0 23.5 -9.2187 -1.75 23.5 -8.9418
2 24 0 23.5 -9.2187 1.75 23.5 -8.9418
2 24 1.5307 26.3045 8 1.5307 26.3045 -9.0161
2 24 1.5307 23.5001 -8.9765 1.5307 26.3045 -9.0161
2 24 -1.5307 23.5 8 1.5307 23.5 8
2 24 -1.5307 23.5 8 -1.5307 26.3045 8
2 24 1.5307 23.5 8 1.5307 26.3045 8
2 24 1.5307 23.5001 -8.9765 1.5307 23.5 8
2 24 -1.5307 23.5 8 -1.5307 23.5001 -8.9765
2 24 -1.5307 23.5001 -8.9765 -1.5307 26.3045 -9.0161
2 24 -1.5307 26.3045 -9.0161 -1.5307 26.3045 8
4 16 -1.5307 23.5 8 1.5307 23.5 8 1.5307 26.3045 8 -1.5307 26.3045 8
4 16 1.5307 23.5001 -8.9765 1.5307 26.3045 -9.0161 1.5307 26.3045 8 1.5307 23.5 8
4 16 -1.5307 26.3045 -9.0161 -1.5307 23.5001 -8.9765 -1.5307 23.5 8 -1.5307 26.3045 8
2 24 1.75 23.5 -8.9418 1.75 8 -8.7231
2 24 -1.75 23.5 -8.9418 -1.75 8 -8.7231
4 16 1.75 23.5 -8.9418 1.75 23.5 10 1.75 22.7 12 1.75 8 -8.7231
3 16 1.75 22.7 12 1.75 8 12 1.75 8 -8.7231
4 16 -1.75 23.5 -8.9418 -1.75 8 -8.7231 -1.75 22.7 12 -1.75 23.5 10
3 16 -1.75 8 12 -1.75 22.7 12 -1.75 8 -8.7231
2 24 -1.75 8 -8.7231 -1.75 8 12
2 24 1.75 8 12 1.75 8 -8.7231