0 Animal Duckling with Black Eyes and Dark Brown Spots with Bright Light Orange Beak Pattern
0 Name: 49661p03.dat
0 Author: Philippe Hurbain [Philo]
0 !LDRAW_ORG Part UPDATE 2025-02
0 !LICENSE Licensed under CC BY 4.0 : see CAreadme.txt

0 BFC CERTIFY CCW

0 !KEYWORDS Bath, Bricklink 49661pb03, Brickowl 595385, Rebrickable 49661pr0003
0 !KEYWORDS Rubber Duck, Set 41757

0 !HISTORY 2025-02-27 [OrionP] Official Update 2025-02

1 16 0 0 0 1 0 0 0 1 0 0 0 1 s\49661s01.dat

1 191 0 0 0 1 0 0 0 1 0 0 0 1 s\49661s03.dat
1 191 0 0 0 -1 0 0 0 1 0 0 0 1 s\49661s03.dat
4 0 -3.6639 -25.175 -11.2679 -3.4281 -25.9855 -11.2353 -3.6051 -26.1142 -11.0868 -3.9321 -25.25 -11.0711
4 0 2.7941 -26.7655 -11.4759 3.0752 -26.6514 -11.3148 3.2277 -26.7721 -11.1846 2.9618 -27.0308 -11.3016
3 0 4.1337 -27.6788 -10.3665 3.9632 -27.7335 -10.4373 3.6693 -27.6788 -10.6768
3 0 2.5863 -26.2158 -11.7438 2.5702 -25.8587 -11.818 2.6296 -25.6466 -11.8484
4 0 -4.7478 -26.4355 -10.2478 -4.6165 -27.3691 -10.1165 -4.6735 -27.3074 -10.053 -4.7801 -26.5979 -10.1425
4 0 4.7066 -27.1955 -10.0427 4.6269 -27.2957 -10.1269 4.7463 -26.4461 -10.2463 4.7581 -26.5091 -10.2066
4 0 4.7066 -27.1955 -10.0427 4.7581 -26.5091 -10.2066 4.9929 -26.479 -9.8658 4.9325 -26.994 -9.7755
3 0 4.9929 -26.479 -9.8658 5.1422 -26.8163 -9.524 4.9325 -26.994 -9.7755
3 0 -3.4183 -27.592 -10.8649 -3.5603 -27.6788 -10.7497 -3.6573 -26.871 -10.8744
4 0 -3.6573 -26.871 -10.8744 -3.4755 -26.926 -10.9829 -3.2141 -27.3939 -11.0478 -3.4183 -27.592 -10.8649
4 0 -3.4755 -26.926 -10.9829 -3.2755 -26.8622 -11.1315 -3.0371 -27.1783 -11.2166 -3.2141 -27.3939 -11.0478
4 0 -3.0926 -26.7346 -11.2837 -2.9534 -26.5765 -11.4138 -2.7438 -26.7056 -11.5236 -2.8788 -26.9504 -11.3759
4 0 -2.9534 -26.5765 -11.4138 -2.8863 -26.3821 -11.5043 -2.647 -26.4428 -11.6499 -2.7438 -26.7056 -11.5236
3 0 -4.2631 -27.6788 -10.2801 -4.4247 -27.5773 -10.1959 -3.7749 -26.7003 -10.8358
4 0 -4.7478 -26.4355 -10.2478 -3.7749 -26.7003 -10.8358 -4.4247 -27.5773 -10.1959 -4.6165 -27.3691 -10.1165
4 0 -4.7256 -26.3239 -10.2889 -3.7992 -26.4835 -10.8704 -3.7749 -26.7003 -10.8358 -4.7478 -26.4355 -10.2478
4 0 -3.5603 -27.6788 -10.7497 -4.2631 -27.6788 -10.2801 -3.7749 -26.7003 -10.8358 -3.6573 -26.871 -10.8744
4 0 -2.8788 -26.9504 -11.3759 -3.0371 -27.1783 -11.2166 -3.2755 -26.8622 -11.1315 -3.0926 -26.7346 -11.2837
4 0 -2.8863 -26.3821 -11.5043 -2.9136 -26.168 -11.5362 -2.6055 -26.1677 -11.7422 -2.647 -26.4428 -11.6499
4 0 -2.6321 -25.8919 -11.7892 -3.0367 -25.9972 -11.4941 -2.8987 -25.4056 -11.7251 -2.731 -25.6322 -11.784
4 0 -3.0367 -25.9972 -11.4941 -3.2252 -25.933 -11.3832 -3.1249 -25.2406 -11.6126 -2.8987 -25.4056 -11.7251
3 0 -3.6639 -25.175 -11.2679 -3.3877 -25.1651 -11.4548 -3.4281 -25.9855 -11.2353
4 0 -3.1249 -25.2406 -11.6126 -3.2252 -25.933 -11.3832 -3.4281 -25.9855 -11.2353 -3.3877 -25.1651 -11.4548
3 0 -4.1744 -25.3829 -10.878 -3.9321 -25.25 -11.0711 -3.6051 -26.1142 -11.0868
4 0 -4.3802 -25.5706 -10.6964 -4.1744 -25.3829 -10.878 -3.6051 -26.1142 -11.0868 -3.7353 -26.2825 -10.9603
3 0 -4.5399 -25.7996 -10.536 -4.3802 -25.5706 -10.6964 -3.7353 -26.2825 -10.9603
4 0 -3.7353 -26.2825 -10.9603 -3.7992 -26.4835 -10.8704 -4.6505 -26.0547 -10.4022 -4.5399 -25.7996 -10.536
3 0 -4.7256 -26.3239 -10.2889 -4.6505 -26.0547 -10.4022 -3.7992 -26.4835 -10.8704
4 0 -2.6055 -26.1677 -11.7422 -2.9136 -26.168 -11.5362 -3.0367 -25.9972 -11.4941 -2.6321 -25.8919 -11.7892
4 0 -3.9182 -27.7832 -10.4282 -4.2631 -27.6788 -10.2801 -3.5603 -27.6788 -10.7497 -3.6569 -27.7379 -10.6386
4 0 2.8308 -25.2898 -11.7976 3.082 -25.8329 -11.5023 2.9456 -25.9573 -11.5643 2.6296 -25.6466 -11.8484
4 0 3.2597 -25.7985 -11.3916 3.082 -25.8329 -11.5023 2.8308 -25.2898 -11.7976 3.0845 -25.1011 -11.6724
3 0 3.0845 -25.1011 -11.6724 3.3892 -25.0107 -11.4899 3.2597 -25.7985 -11.3916
4 0 3.2597 -25.7985 -11.3916 3.3892 -25.0107 -11.4899 3.7006 -25.0363 -11.2759 3.443 -25.8512 -11.2568
3 0 3.7006 -25.0363 -11.2759 3.9784 -25.175 -11.0577 3.443 -25.8512 -11.2568
4 0 4.2095 -25.3932 -10.8521 3.6022 -25.9623 -11.1244 3.443 -25.8512 -11.2568 3.9784 -25.175 -11.0577
4 0 3.7902 -26.4779 -10.8777 3.7845 -26.2867 -10.9264 4.4039 -25.6487 -10.6622 4.5675 -25.9211 -10.489
4 0 4.4039 -25.6487 -10.6622 3.7188 -26.11 -11.0118 3.6022 -25.9623 -11.1244 4.2095 -25.3932 -10.8521
3 0 4.5675 -25.9211 -10.489 4.7011 -26.2037 -10.3334 3.7902 -26.4779 -10.8777
4 0 3.7217 -26.6539 -10.8823 3.7902 -26.4779 -10.8777 4.7011 -26.2037 -10.3334 4.7463 -26.4461 -10.2463
3 0 3.7845 -26.2867 -10.9264 3.7188 -26.11 -11.0118 4.4039 -25.6487 -10.6622
4 0 2.6296 -25.6466 -11.8484 2.9456 -25.9573 -11.5643 2.8781 -26.1365 -11.5673 2.5863 -26.2158 -11.7438
4 0 2.6581 -26.4782 -11.6342 2.5863 -26.2158 -11.7438 2.8781 -26.1365 -11.5673 2.8857 -26.3253 -11.518
4 0 2.7941 -26.7655 -11.4759 2.6581 -26.4782 -11.6342 2.8857 -26.3253 -11.518 2.957 -26.4979 -11.4298
4 0 3.5809 -26.78 -10.9468 3.394 -27.5034 -10.9019 3.1583 -27.2745 -11.1131 3.4029 -26.8231 -11.0556
4 0 3.4029 -26.8231 -11.0556 3.1583 -27.2745 -11.1131 2.9618 -27.0308 -11.3016 3.2277 -26.7721 -11.1846
4 0 3.5809 -26.78 -10.9468 3.7217 -26.6539 -10.8823 4.1337 -27.6788 -10.3665 3.6693 -27.6788 -10.6768
3 0 3.6693 -27.6788 -10.6768 3.394 -27.5034 -10.9019 3.5809 -26.78 -10.9468
4 0 4.1337 -27.6788 -10.3665 3.7217 -26.6539 -10.8823 4.5063 -27.4473 -10.1719 4.2486 -27.6419 -10.2984
4 0 4.7463 -26.4461 -10.2463 4.6269 -27.2957 -10.1269 4.5063 -27.4473 -10.1719 3.7217 -26.6539 -10.8823
3 0 2.7941 -26.7655 -11.4759 2.957 -26.4979 -11.4298 3.0752 -26.6514 -11.3148
4 0 -4.7801 -26.5979 -10.1425 -4.6735 -27.3074 -10.053 -5.153 -26.9512 -9.4605 -5.0187 -26.6119 -9.7806
4 0 -5.0187 -26.6119 -9.7806 -5.153 -26.9512 -9.4605 -5.1737 -26.8414 -9.468 -5.1254 -26.7285 -9.58
4 15 -2.9534 -26.5765 -11.4138 -3.0926 -26.7346 -11.2837 -3.6051 -26.1142 -11.0868 -3.4281 -25.9855 -11.2353
4 15 -3.4755 -26.926 -10.9829 -3.7992 -26.4835 -10.8704 -3.7353 -26.2825 -10.9603 -3.2755 -26.8622 -11.1315
4 15 -3.7992 -26.4835 -10.8704 -3.4755 -26.926 -10.9829 -3.6573 -26.871 -10.8744 -3.7749 -26.7003 -10.8358
4 15 -3.0926 -26.7346 -11.2837 -3.2755 -26.8622 -11.1315 -3.7353 -26.2825 -10.9603 -3.6051 -26.1142 -11.0868
4 15 -2.8863 -26.3821 -11.5043 -2.9534 -26.5765 -11.4138 -3.4281 -25.9855 -11.2353 -3.2252 -25.933 -11.3832
4 15 -2.8863 -26.3821 -11.5043 -3.2252 -25.933 -11.3832 -3.0367 -25.9972 -11.4941 -2.9136 -26.168 -11.5362
3 15 3.5809 -26.78 -10.9468 3.4029 -26.8231 -11.0556 3.7845 -26.2867 -10.9264
4 15 3.7188 -26.11 -11.0118 3.7845 -26.2867 -10.9264 3.4029 -26.8231 -11.0556 3.2277 -26.7721 -11.1846
4 15 3.7217 -26.6539 -10.8823 3.5809 -26.78 -10.9468 3.7845 -26.2867 -10.9264 3.7902 -26.4779 -10.8777
4 15 3.6022 -25.9623 -11.1244 3.7188 -26.11 -11.0118 3.2277 -26.7721 -11.1846 3.0752 -26.6514 -11.3148
4 15 3.6022 -25.9623 -11.1244 3.0752 -26.6514 -11.3148 2.957 -26.4979 -11.4298 3.443 -25.8512 -11.2568
4 15 2.8781 -26.1365 -11.5673 3.2597 -25.7985 -11.3916 2.957 -26.4979 -11.4298 2.8857 -26.3253 -11.518
3 15 2.957 -26.4979 -11.4298 3.2597 -25.7985 -11.3916 3.443 -25.8512 -11.2568
4 15 3.2597 -25.7985 -11.3916 2.8781 -26.1365 -11.5673 2.9456 -25.9573 -11.5643 3.082 -25.8329 -11.5023
3 16 -0.1241 -26.831 -12.1138 -0.1965 -26.9886 -12.0696 -0.6638 -26.4 -12.1038
3 16 -2.731 -25.6322 -11.784 -2.8987 -25.4056 -11.7251 -2.6788 -25 -11.9672
4 16 -4.9497 -25 -10.4497 -5.0187 -26.6119 -9.7806 -5.1254 -26.7285 -9.58 -6.4672 -25 -8.1788
4 16 -3.6569 -27.7379 -10.6386 -3.5603 -27.6788 -10.7497 -2.9619 -27.7484 -11.0946 -2.906 -27.8951 -11.0164
4 16 -5.9749 -27.6788 -7.9749 -4.573 -27.6788 -10.073 -3.5 -29.9497 -9 -4.573 -29.9497 -7.3942
3 16 -3.7879 -24 -11.1059 -4.9497 -25 -10.4497 -4.7521 -23.5951 -10.2521
3 16 -2.6356 -24.4322 -11.8628 -2.6788 -25 -11.9672 -3.7879 -24 -11.1059
3 16 -1.6075 -25 -12.1803 -2.6788 -25 -11.9672 -2.6356 -24.4322 -11.8628
3 16 -3.7879 -24 -11.1059 -2.6788 -25 -11.9672 -4.9497 -25 -10.4497
4 16 -2.5073 -27.2533 -11.5531 -2.6788 -25 -11.9672 -1.5728 -26.2488 -11.9388 -1.6645 -26.3613 -11.8982
3 16 -1.458 -26.6207 -11.8903 -1.3634 -26.5061 -11.932 -0.6638 -26.4 -12.1038
3 16 -1.3454 -27.2104 -11.798 -0.6638 -26.4 -12.1038 -1.2113 -27.1912 -11.8287
3 16 0.2485 -26.9752 -12.0631 0.1891 -26.8201 -12.1045 0.6638 -26.4 -12.1038
3 16 4.9497 -25 -10.4497 3.7006 -25.0363 -11.2759 3.3892 -25.0107 -11.4899
4 16 3.5 -29.9497 -9 1.8942 -29.9497 -10.073 2.7072 -27.8302 -11.2003 3.6693 -27.6788 -10.6768
4 16 5.9749 -27.6788 -7.9749 4.573 -29.9497 -7.3942 3.5 -29.9497 -9 4.573 -27.6788 -10.073
3 16 4.9497 -25 -10.4497 3.7879 -24 -11.1059 4.7521 -23.5951 -10.2521
3 16 2.6788 -25 -11.9672 2.6356 -24.4322 -11.8628 3.7879 -24 -11.1059
3 16 2.6788 -25 -11.9672 1.6075 -25 -12.1803 2.6356 -24.4322 -11.8628
3 16 2.6788 -25 -11.9672 3.7879 -24 -11.1059 4.9497 -25 -10.4497
4 16 2.5863 -26.2158 -11.7438 1.5979 -26.2985 -11.9239 1.4821 -26.2033 -11.9659 2.5702 -25.8587 -11.818
3 16 -1.3306 -27.5928 -11.7206 -1.1994 -27.5647 -11.7526 0 -27.6788 -11.9672
4 16 2.3521 -27.6788 -11.4993 1.6754 -28.436 -11.128 0.3057 -28.027 -11.6737 0.2377 -27.8635 -11.7965
3 16 -4.573 -27.6788 -10.073 -4.4247 -27.5773 -10.1959 -4.2631 -27.6788 -10.2801
4 16 2.5753 -27.2187 -11.5158 2.5098 -27.2202 -11.5592 2.6581 -26.4782 -11.6342 2.7941 -26.7655 -11.4759
3 16 4.2486 -27.6419 -10.2984 4.5063 -27.4473 -10.1719 4.573 -27.6788 -10.073
3 16 0 -27.1936 -12.0637 0 -27.6788 -11.9672 -0.1376 -27.1411 -12.0497
4 16 0 -27.6788 -11.9672 -0.6638 -26.4 -12.1038 -0.1965 -26.9886 -12.0696 -0.1376 -27.1411 -12.0497
4 16 0 -26.7764 -12.1467 -0.1241 -26.831 -12.1138 -0.6638 -26.4 -12.1038 0 -26.6743 -12.167
4 16 -1.7745 -29.0273 -10.7131 -1.6292 -29.036 -10.7362 0 -29.9497 -10.4497 -1.8942 -29.9497 -10.073
4 16 -1.5036 -28.9618 -10.8107 -1.4279 -28.8427 -10.9055 0 -28.3352 -11.5286 0 -29.9497 -10.4497
4 16 -0.0458 -28.3267 -11.5252 0 -28.3352 -11.5286 -1.4279 -28.8427 -10.9055 -1.4015 -28.7051 -11.0026
4 16 -1.9084 -28.7955 -10.8414 -1.8785 -28.9327 -10.7557 -1.8942 -29.9497 -10.073 -2.4286 -27.86 -11.363
3 16 -1.5036 -28.9618 -10.8107 0 -29.9497 -10.4497 -1.6292 -29.036 -10.7362
3 16 -1.8785 -28.9327 -10.7557 -1.7745 -29.0273 -10.7131 -1.8942 -29.9497 -10.073
3 16 -4.7478 -26.4355 -10.2478 -4.9497 -25 -10.4497 -4.7256 -26.3239 -10.2889
3 16 -4.7256 -26.3239 -10.2889 -4.9497 -25 -10.4497 -4.6505 -26.0547 -10.4022
3 16 -2.9623 -27.6788 -11.1492 -3.5603 -27.6788 -10.7497 -3.4183 -27.592 -10.8649
4 16 -2.9629 -27.5853 -11.1708 -2.9623 -27.6788 -11.1492 -3.4183 -27.592 -10.8649 -3.2141 -27.3939 -11.0478
4 16 -3.0371 -27.1783 -11.2166 -2.9145 -27.4281 -11.24 -2.9629 -27.5853 -11.1708 -3.2141 -27.3939 -11.0478
4 16 -2.9145 -27.4281 -11.24 -3.0371 -27.1783 -11.2166 -2.8788 -26.9504 -11.3759 -2.8078 -27.2973 -11.3419
3 16 -2.6555 -27.2313 -11.4592 -2.8078 -27.2973 -11.3419 -2.8788 -26.9504 -11.3759
3 16 -4.6505 -26.0547 -10.4022 -4.9497 -25 -10.4497 -4.5399 -25.7996 -10.536
3 16 -4.5399 -25.7996 -10.536 -4.9497 -25 -10.4497 -4.3802 -25.5706 -10.6964
4 16 -2.8788 -26.9504 -11.3759 -2.7438 -26.7056 -11.5236 -2.5073 -27.2533 -11.5531 -2.6555 -27.2313 -11.4592
3 16 -4.3802 -25.5706 -10.6964 -4.9497 -25 -10.4497 -4.1744 -25.3829 -10.878
3 16 -4.1744 -25.3829 -10.878 -4.9497 -25 -10.4497 -3.9321 -25.25 -11.0711
3 16 -2.7438 -26.7056 -11.5236 -2.647 -26.4428 -11.6499 -2.5073 -27.2533 -11.5531
3 16 -2.647 -26.4428 -11.6499 -2.6055 -26.1677 -11.7422 -2.5073 -27.2533 -11.5531
3 16 -3.9321 -25.25 -11.0711 -4.9497 -25 -10.4497 -3.6639 -25.175 -11.2679
4 16 -4.9497 -25 -10.4497 -2.6788 -25 -11.9672 -3.3877 -25.1651 -11.4548 -3.6639 -25.175 -11.2679
3 16 -2.5073 -27.2533 -11.5531 -2.6055 -26.1677 -11.7422 -2.6788 -25 -11.9672
3 16 -2.6055 -26.1677 -11.7422 -2.6321 -25.8919 -11.7892 -2.6788 -25 -11.9672
3 16 -3.3877 -25.1651 -11.4548 -2.6788 -25 -11.9672 -3.1249 -25.2406 -11.6126
3 16 -2.6321 -25.8919 -11.7892 -2.731 -25.6322 -11.784 -2.6788 -25 -11.9672
3 16 -3.1249 -25.2406 -11.6126 -2.6788 -25 -11.9672 -2.8987 -25.4056 -11.7251
3 16 -4.573 -27.6788 -10.073 -5.9749 -27.6788 -7.9749 -5.153 -26.9512 -9.4605
4 16 -4.6165 -27.3691 -10.1165 -4.573 -27.6788 -10.073 -5.153 -26.9512 -9.4605 -4.6735 -27.3074 -10.053
4 16 -5.1254 -26.7285 -9.58 -5.1737 -26.8414 -9.468 -5.9749 -27.6788 -7.9749 -6.4672 -25 -8.1788
4 16 -4.7801 -26.5979 -10.1425 -5.0187 -26.6119 -9.7806 -4.9497 -25 -10.4497 -4.7478 -26.4355 -10.2478
3 16 -5.153 -26.9512 -9.4605 -5.9749 -27.6788 -7.9749 -5.1737 -26.8414 -9.468
4 16 -3.9182 -27.7832 -10.4282 -3.5 -29.9497 -9 -4.573 -27.6788 -10.073 -4.2631 -27.6788 -10.2801
4 16 -3.9182 -27.7832 -10.4282 -2.7891 -27.9893 -11.0202 -1.8942 -29.9497 -10.073 -3.5 -29.9497 -9
3 16 -2.4286 -27.86 -11.363 -1.8942 -29.9497 -10.073 -2.4925 -27.9367 -11.2598
3 16 -2.4925 -27.9367 -11.2598 -1.8942 -29.9497 -10.073 -2.6357 -28.003 -11.1119
3 16 -2.6357 -28.003 -11.1119 -1.8942 -29.9497 -10.073 -2.7891 -27.9893 -11.0202
4 16 -3.9182 -27.7832 -10.4282 -3.6569 -27.7379 -10.6386 -2.906 -27.8951 -11.0164 -2.7891 -27.9893 -11.0202
3 16 -3.5603 -27.6788 -10.7497 -2.9623 -27.6788 -11.1492 -2.9619 -27.7484 -11.0946
4 16 -1.2378 -25.3 -12.1941 -1.0861 -26 -12.0851 -1.5728 -26.2488 -11.9388 -1.6075 -25 -12.1803
3 16 -2.6788 -25 -11.9672 -1.6075 -25 -12.1803 -1.5728 -26.2488 -11.9388
4 16 -2.3318 -27.5058 -11.5378 -2.3862 -27.3566 -11.5566 -1.6682 -26.5192 -11.866 -1.5935 -26.6134 -11.8622
3 16 -1.3583 -26.3505 -11.9616 -1.4459 -26.2453 -11.9647 -1.0861 -26 -12.0851
3 16 -1.4459 -26.2453 -11.9647 -1.5728 -26.2488 -11.9388 -1.0861 -26 -12.0851
4 16 -2.3862 -27.3566 -11.5566 -2.5073 -27.2533 -11.5531 -1.6645 -26.3613 -11.8982 -1.6682 -26.5192 -11.866
4 16 -1.3634 -26.5061 -11.932 -1.3583 -26.3505 -11.9616 -1.0861 -26 -12.0851 -0.6638 -26.4 -12.1038
4 16 -2.3318 -27.5058 -11.5378 -1.458 -26.6207 -11.8903 -0.6638 -26.4 -12.1038 -2.3344 -27.5796 -11.5237
3 16 -1.5935 -26.6134 -11.8622 -1.458 -26.6207 -11.8903 -2.3318 -27.5058 -11.5378
3 16 -1.4315 -27.3369 -11.7543 -2.3344 -27.5796 -11.5237 -1.3454 -27.2104 -11.798
3 16 -2.3344 -27.5796 -11.5237 -0.6638 -26.4 -12.1038 -1.3454 -27.2104 -11.798
3 16 0 -27.6788 -11.9672 0 -27.1936 -12.0637 0.1784 -27.1328 -12.0442
4 16 0.6638 -26.4 -12.1038 0.1891 -26.8201 -12.1045 0 -26.7764 -12.1467 0 -26.6743 -12.167
4 16 0.2485 -26.9752 -12.0631 0.6638 -26.4 -12.1038 0 -27.6788 -11.9672 0.1784 -27.1328 -12.0442
4 16 1.8155 -28.9937 -10.7275 1.8942 -29.9497 -10.073 0 -29.9497 -10.4497 1.6865 -28.9415 -10.788
4 16 1.5996 -28.8279 -10.8812 0.1088 -28.3555 -11.4933 0.2527 -28.2321 -11.5472 1.5624 -28.694 -10.978
3 16 0.2527 -28.2321 -11.5472 1.5832 -28.5541 -11.0674 1.5624 -28.694 -10.978
4 16 0 -28.3352 -11.5286 0.1088 -28.3555 -11.4933 1.5996 -28.8279 -10.8812 0 -29.9497 -10.4497
3 16 1.6865 -28.9415 -10.788 0 -29.9497 -10.4497 1.5996 -28.8279 -10.8812
3 16 2.0338 -28.8322 -10.7919 2.451 -27.7724 -11.4171 1.8942 -29.9497 -10.073
3 16 1.9494 -28.9504 -10.7298 2.0338 -28.8322 -10.7919 1.8942 -29.9497 -10.073
3 16 1.8155 -28.9937 -10.7275 1.9494 -28.9504 -10.7298 1.8942 -29.9497 -10.073
3 16 4.9497 -25 -10.4497 4.7463 -26.4461 -10.2463 4.7011 -26.2037 -10.3334
3 16 4.9497 -25 -10.4497 4.7011 -26.2037 -10.3334 4.5675 -25.9211 -10.489
3 16 2.8308 -25.2898 -11.7976 2.6296 -25.6466 -11.8484 2.6788 -25 -11.9672
3 16 4.9497 -25 -10.4497 4.5675 -25.9211 -10.489 4.4039 -25.6487 -10.6622
3 16 4.9497 -25 -10.4497 4.4039 -25.6487 -10.6622 4.2095 -25.3932 -10.8521
3 16 3.0845 -25.1011 -11.6724 2.8308 -25.2898 -11.7976 2.6788 -25 -11.9672
3 16 3.3892 -25.0107 -11.4899 3.0845 -25.1011 -11.6724 2.6788 -25 -11.9672
3 16 4.9497 -25 -10.4497 4.2095 -25.3932 -10.8521 3.9784 -25.175 -11.0577
3 16 4.9497 -25 -10.4497 3.9784 -25.175 -11.0577 3.7006 -25.0363 -11.2759
3 16 3.3892 -25.0107 -11.4899 2.6788 -25 -11.9672 4.9497 -25 -10.4497
4 16 4.9325 -26.994 -9.7755 5.1422 -26.8163 -9.524 5.9749 -27.6788 -7.9749 4.573 -27.6788 -10.073
4 16 4.9325 -26.994 -9.7755 4.573 -27.6788 -10.073 4.6269 -27.2957 -10.1269 4.7066 -27.1955 -10.0427
3 16 4.9497 -25 -10.4497 6.4672 -25 -8.1788 4.9929 -26.479 -9.8658
4 16 4.9929 -26.479 -9.8658 6.4672 -25 -8.1788 5.9749 -27.6788 -7.9749 5.1422 -26.8163 -9.524
4 16 4.7581 -26.5091 -10.2066 4.7463 -26.4461 -10.2463 4.9497 -25 -10.4497 4.9929 -26.479 -9.8658
4 16 3.5 -29.9497 -9 3.9632 -27.7335 -10.4373 4.1337 -27.6788 -10.3665 4.573 -27.6788 -10.073
3 16 1.8942 -29.9497 -10.073 2.451 -27.7724 -11.4171 2.5319 -27.8292 -11.3183
3 16 1.8942 -29.9497 -10.073 2.5319 -27.8292 -11.3183 2.7072 -27.8302 -11.2003
3 16 3.9632 -27.7335 -10.4373 3.5 -29.9497 -9 3.6693 -27.6788 -10.6768
3 16 2.8225 -27.6788 -11.2427 3.6693 -27.6788 -10.6768 2.821 -27.7118 -11.2176
3 16 2.821 -27.7118 -11.2176 3.6693 -27.6788 -10.6768 2.7072 -27.8302 -11.2003
4 16 1.2378 -25.3 -12.1941 1.6075 -25 -12.1803 1.4821 -26.2033 -11.9659 1.0861 -26 -12.0851
3 16 1.6075 -25 -12.1803 2.6788 -25 -11.9672 2.6296 -25.6466 -11.8484
4 16 1.4821 -26.2033 -11.9659 1.6075 -25 -12.1803 2.6296 -25.6466 -11.8484 2.5702 -25.8587 -11.818
4 16 1.6301 -26.4483 -11.8877 2.5863 -26.2158 -11.7438 2.5098 -27.2202 -11.5592 2.4061 -27.2224 -11.5794
3 16 1.5979 -26.2985 -11.9239 2.5863 -26.2158 -11.7438 1.6301 -26.4483 -11.8877
3 16 1.3521 -26.2199 -11.9884 1.3172 -26.2794 -11.9836 1.0861 -26 -12.0851
3 16 1.4821 -26.2033 -11.9659 1.3521 -26.2199 -11.9884 1.0861 -26 -12.0851
4 16 1.6301 -26.4483 -11.8877 2.4061 -27.2224 -11.5794 2.295 -27.3483 -11.5764 1.5552 -26.567 -11.879
3 16 2.295 -27.3483 -11.5764 2.2878 -27.4527 -11.5571 1.5552 -26.567 -11.879
4 16 1.3137 -26.4852 -11.9466 0.6638 -26.4 -12.1038 1.0861 -26 -12.0851 1.2834 -26.3369 -11.9804
3 16 1.0861 -26 -12.0851 1.3172 -26.2794 -11.9836 1.2834 -26.3369 -11.9804
4 16 1.5552 -26.567 -11.879 2.2878 -27.4527 -11.5571 2.2863 -27.5456 -11.5404 1.4272 -26.579 -11.9047
4 16 1.3137 -26.4852 -11.9466 1.4272 -26.579 -11.9047 2.2863 -27.5456 -11.5404 0.6638 -26.4 -12.1038
3 16 2.2863 -27.5456 -11.5404 1.3596 -27.4194 -11.7512 1.2936 -27.2639 -11.797
4 16 1.1474 -27.2105 -11.8374 0.6638 -26.4 -12.1038 2.2863 -27.5456 -11.5404 1.2936 -27.2639 -11.797
3 16 1.0113 -27.4492 -11.8143 0 -27.6788 -11.9672 1.0267 -27.2918 -11.8443
4 16 1.1474 -27.2105 -11.8374 1.0267 -27.2918 -11.8443 0 -27.6788 -11.9672 0.6638 -26.4 -12.1038
3 16 -1.4315 -27.3369 -11.7543 -1.4243 -27.498 -11.7219 -2.3344 -27.5796 -11.5237
3 16 0 -27.6788 -11.9672 -2.3419 -27.6788 -11.5014 -1.3306 -27.5928 -11.7206
4 16 -2.3344 -27.5796 -11.5237 -1.4243 -27.498 -11.7219 -1.3306 -27.5928 -11.7206 -2.3419 -27.6788 -11.5014
4 16 -1.2113 -27.1912 -11.8287 -0.6638 -26.4 -12.1038 0 -27.6788 -11.9672 -1.1091 -27.2836 -11.8296
3 16 -1.1091 -27.2836 -11.8296 0 -27.6788 -11.9672 -1.1052 -27.4361 -11.7984
3 16 -1.1052 -27.4361 -11.7984 0 -27.6788 -11.9672 -1.1994 -27.5647 -11.7526
4 16 0.087 -27.839 -11.8428 0 -27.6788 -11.9672 2.3521 -27.6788 -11.4993 0.2377 -27.8635 -11.7965
4 16 1.937 -28.4423 -11.0717 1.8113 -28.3923 -11.1301 2.3521 -27.6788 -11.4993 2.451 -27.7724 -11.4171
3 16 2.451 -27.7724 -11.4171 2.0338 -28.8322 -10.7919 2.0512 -28.6911 -10.8828
3 16 2.451 -27.7724 -11.4171 2.0512 -28.6911 -10.8828 2.0176 -28.5554 -10.9801
3 16 0.087 -27.839 -11.8428 0 -27.9119 -11.8115 0 -27.6788 -11.9672
3 16 2.451 -27.7724 -11.4171 2.0176 -28.5554 -10.9801 1.937 -28.4423 -11.0717
3 16 1.6754 -28.436 -11.128 2.3521 -27.6788 -11.4993 1.8113 -28.3923 -11.1301
4 16 1.5832 -28.5541 -11.0674 0.2527 -28.2321 -11.5472 0.3057 -28.027 -11.6737 1.6754 -28.436 -11.128
3 16 0 -27.6788 -11.9672 1.0113 -27.4492 -11.8143 1.1021 -27.5679 -11.7713
3 16 0 -27.6788 -11.9672 1.1021 -27.5679 -11.7713 1.2142 -27.5957 -11.7431
4 16 1.2142 -27.5957 -11.7431 1.3103 -27.5488 -11.7339 2.2863 -27.5456 -11.5404 2.3521 -27.6788 -11.4993
3 16 2.3521 -27.6788 -11.4993 0 -27.6788 -11.9672 1.2142 -27.5957 -11.7431
3 16 1.3103 -27.5488 -11.7339 1.3596 -27.4194 -11.7512 2.2863 -27.5456 -11.5404
3 16 -4.6165 -27.3691 -10.1165 -4.4247 -27.5773 -10.1959 -4.573 -27.6788 -10.073
3 16 3.394 -27.5034 -10.9019 3.6693 -27.6788 -10.6768 2.8225 -27.6788 -11.2427
4 16 3.394 -27.5034 -10.9019 2.8225 -27.6788 -11.2427 2.8294 -27.5253 -11.274 3.1583 -27.2745 -11.1131
4 16 2.8294 -27.5253 -11.274 2.737 -27.3385 -11.3796 2.9618 -27.0308 -11.3016 3.1583 -27.2745 -11.1131
3 16 2.5098 -27.2202 -11.5592 2.5863 -26.2158 -11.7438 2.6581 -26.4782 -11.6342
4 16 2.737 -27.3385 -11.3796 2.5753 -27.2187 -11.5158 2.7941 -26.7655 -11.4759 2.9618 -27.0308 -11.3016
3 16 4.573 -27.6788 -10.073 4.1337 -27.6788 -10.3665 4.2486 -27.6419 -10.2984
3 16 4.5063 -27.4473 -10.1719 4.6269 -27.2957 -10.1269 4.573 -27.6788 -10.073
4 16 -0.0607 -27.9627 -11.7654 -1.5433 -28.4692 -11.132 -2.3419 -27.6788 -11.5014 0 -27.6788 -11.9672
4 16 -2.3911 -27.8151 -11.4005 -2.3419 -27.6788 -11.5014 -1.5433 -28.4692 -11.132 -1.6877 -28.4594 -11.1098
4 16 -1.808 -28.5356 -11.0351 -2.4286 -27.86 -11.363 -2.3911 -27.8151 -11.4005 -1.6877 -28.4594 -11.1098
3 16 -1.9084 -28.7955 -10.8414 -2.4286 -27.86 -11.363 -1.88 -28.657 -10.9396
3 16 -1.88 -28.657 -10.9396 -2.4286 -27.86 -11.363 -1.808 -28.5356 -11.0351
3 16 0 -27.6788 -11.9672 0 -27.9119 -11.8115 -0.0607 -27.9627 -11.7654
3 16 -0.0607 -27.9627 -11.7654 -0.1173 -28.1639 -11.6197 -1.5433 -28.4692 -11.132
4 16 -1.5433 -28.4692 -11.132 -0.1173 -28.1639 -11.6197 -0.0458 -28.3267 -11.5252 -1.4361 -28.5667 -11.0882
3 16 -1.4015 -28.7051 -11.0026 -1.4361 -28.5667 -11.0882 -0.0458 -28.3267 -11.5252
4 308 -1.4243 -27.498 -11.7219 -1.4315 -27.3369 -11.7543 -1.1052 -27.4361 -11.7984 -1.1994 -27.5647 -11.7526
3 308 2.3521 -27.6788 -11.4993 2.4749 -27.6788 -11.4749 2.451 -27.7724 -11.4171
4 308 0 -27.9119 -11.8115 0.2527 -28.2321 -11.5472 0.1088 -28.3555 -11.4933 0 -28.3352 -11.5286
4 308 1.937 -28.4423 -11.0717 2.0176 -28.5554 -10.9801 1.5624 -28.694 -10.978 1.5832 -28.5541 -11.0674
3 308 2.3521 -27.6788 -11.4993 2.2863 -27.5456 -11.5404 2.4749 -27.6788 -11.4749
4 308 1.1021 -27.5679 -11.7713 1.0113 -27.4492 -11.8143 1.2936 -27.2639 -11.797 1.3596 -27.4194 -11.7512
4 308 -0.1241 -26.831 -12.1138 0 -27.1936 -12.0637 -0.1376 -27.1411 -12.0497 -0.1965 -26.9886 -12.0696
3 308 -2.3318 -27.5058 -11.5378 -2.3344 -27.5796 -11.5237 -2.4749 -27.6788 -11.4749
4 308 2.2878 -27.4527 -11.5571 2.295 -27.3483 -11.5764 2.4061 -27.2224 -11.5794 2.5098 -27.2202 -11.5592
3 308 2.2863 -27.5456 -11.5404 2.2878 -27.4527 -11.5571 2.4749 -27.6788 -11.4749
4 308 1.5552 -26.567 -11.879 1.3137 -26.4852 -11.9466 1.2834 -26.3369 -11.9804 1.3172 -26.2794 -11.9836
4 308 -2.3419 -27.6788 -11.5014 -2.3911 -27.8151 -11.4005 -2.4286 -27.86 -11.363 -2.4749 -27.6788 -11.4749
4 308 -0.0607 -27.9627 -11.7654 0 -28.3352 -11.5286 -0.0458 -28.3267 -11.5252 -0.1173 -28.1639 -11.6197
3 308 -1.2113 -27.1912 -11.8287 -1.1091 -27.2836 -11.8296 -1.3454 -27.2104 -11.798
4 308 -1.1091 -27.2836 -11.8296 -1.1052 -27.4361 -11.7984 -1.4315 -27.3369 -11.7543 -1.3454 -27.2104 -11.798
3 308 -1.3306 -27.5928 -11.7206 -1.4243 -27.498 -11.7219 -1.1994 -27.5647 -11.7526
3 308 -2.3344 -27.5796 -11.5237 -2.3419 -27.6788 -11.5014 -2.4749 -27.6788 -11.4749
4 308 0.087 -27.839 -11.8428 0.2377 -27.8635 -11.7965 0.3057 -28.027 -11.6737 0 -27.9119 -11.8115
3 308 0.3057 -28.027 -11.6737 0.2527 -28.2321 -11.5472 0 -27.9119 -11.8115
4 308 1.5832 -28.5541 -11.0674 1.6754 -28.436 -11.128 1.8113 -28.3923 -11.1301 1.937 -28.4423 -11.0717
4 308 1.5996 -28.8279 -10.8812 1.5624 -28.694 -10.978 2.0176 -28.5554 -10.9801 2.0512 -28.6911 -10.8828
4 308 1.6865 -28.9415 -10.788 1.5996 -28.8279 -10.8812 2.0512 -28.6911 -10.8828 2.0338 -28.8322 -10.7919
4 308 2.0338 -28.8322 -10.7919 1.9494 -28.9504 -10.7298 1.8155 -28.9937 -10.7275 1.6865 -28.9415 -10.788
4 308 1.1021 -27.5679 -11.7713 1.3596 -27.4194 -11.7512 1.3103 -27.5488 -11.7339 1.2142 -27.5957 -11.7431
4 308 1.1474 -27.2105 -11.8374 1.2936 -27.2639 -11.797 1.0113 -27.4492 -11.8143 1.0267 -27.2918 -11.8443
3 308 0 -26.7764 -12.1467 0 -27.1936 -12.0637 -0.1241 -26.831 -12.1138
3 308 -2.5073 -27.2533 -11.5531 -2.4749 -27.6788 -11.4749 -2.6555 -27.2313 -11.4592
4 308 -2.6555 -27.2313 -11.4592 -2.4749 -27.6788 -11.4749 -2.9145 -27.4281 -11.24 -2.8078 -27.2973 -11.3419
4 308 -2.9623 -27.6788 -11.1492 -2.9629 -27.5853 -11.1708 -2.9145 -27.4281 -11.24 -2.4749 -27.6788 -11.4749
4 308 -2.4286 -27.86 -11.363 -2.4925 -27.9367 -11.2598 -2.9623 -27.6788 -11.1492 -2.4749 -27.6788 -11.4749
4 308 -2.9619 -27.7484 -11.0946 -2.9623 -27.6788 -11.1492 -2.4925 -27.9367 -11.2598 -2.6357 -28.003 -11.1119
4 308 -2.9619 -27.7484 -11.0946 -2.6357 -28.003 -11.1119 -2.7891 -27.9893 -11.0202 -2.906 -27.8951 -11.0164
3 308 -1.3583 -26.3505 -11.9616 -1.5935 -26.6134 -11.8622 -1.6682 -26.5192 -11.866
3 308 -1.4459 -26.2453 -11.9647 -1.3583 -26.3505 -11.9616 -1.5728 -26.2488 -11.9388
4 308 -1.6682 -26.5192 -11.866 -1.6645 -26.3613 -11.8982 -1.5728 -26.2488 -11.9388 -1.3583 -26.3505 -11.9616
4 308 -2.3318 -27.5058 -11.5378 -2.4749 -27.6788 -11.4749 -2.5073 -27.2533 -11.5531 -2.3862 -27.3566 -11.5566
4 308 -1.3583 -26.3505 -11.9616 -1.3634 -26.5061 -11.932 -1.458 -26.6207 -11.8903 -1.5935 -26.6134 -11.8622
3 308 0 -27.1936 -12.0637 0 -26.7764 -12.1467 0.1784 -27.1328 -12.0442
4 308 0.1784 -27.1328 -12.0442 0 -26.7764 -12.1467 0.1891 -26.8201 -12.1045 0.2485 -26.9752 -12.0631
4 308 2.737 -27.3385 -11.3796 2.4749 -27.6788 -11.4749 2.5098 -27.2202 -11.5592 2.5753 -27.2187 -11.5158
4 308 2.8225 -27.6788 -11.2427 2.4749 -27.6788 -11.4749 2.737 -27.3385 -11.3796 2.8294 -27.5253 -11.274
4 308 2.451 -27.7724 -11.4171 2.4749 -27.6788 -11.4749 2.8225 -27.6788 -11.2427 2.5319 -27.8292 -11.3183
4 308 2.821 -27.7118 -11.2176 2.7072 -27.8302 -11.2003 2.5319 -27.8292 -11.3183 2.8225 -27.6788 -11.2427
3 308 1.5552 -26.567 -11.879 1.3172 -26.2794 -11.9836 1.6301 -26.4483 -11.8877
3 308 1.3172 -26.2794 -11.9836 1.3521 -26.2199 -11.9884 1.4821 -26.2033 -11.9659
4 308 1.6301 -26.4483 -11.8877 1.3172 -26.2794 -11.9836 1.4821 -26.2033 -11.9659 1.5979 -26.2985 -11.9239
3 308 2.4749 -27.6788 -11.4749 2.2878 -27.4527 -11.5571 2.5098 -27.2202 -11.5592
3 308 1.5552 -26.567 -11.879 1.4272 -26.579 -11.9047 1.3137 -26.4852 -11.9466
3 308 0 -27.9119 -11.8115 0 -28.3352 -11.5286 -0.0607 -27.9627 -11.7654
3 308 -1.4361 -28.5667 -11.0882 -1.4015 -28.7051 -11.0026 -1.808 -28.5356 -11.0351
4 308 -1.808 -28.5356 -11.0351 -1.6877 -28.4594 -11.1098 -1.5433 -28.4692 -11.132 -1.4361 -28.5667 -11.0882
4 308 -1.5036 -28.9618 -10.8107 -1.9084 -28.7955 -10.8414 -1.88 -28.657 -10.9396 -1.4279 -28.8427 -10.9055
4 308 -1.808 -28.5356 -11.0351 -1.4015 -28.7051 -11.0026 -1.4279 -28.8427 -10.9055 -1.88 -28.657 -10.9396
3 308 -1.7745 -29.0273 -10.7131 -1.8785 -28.9327 -10.7557 -1.6292 -29.036 -10.7362
4 308 -1.9084 -28.7955 -10.8414 -1.5036 -28.9618 -10.8107 -1.6292 -29.036 -10.7362 -1.8785 -28.9327 -10.7557
