0 Plant Pumpkin
0 Name: 51270.dat
0 Author: Philippe Hurbain [Philo]
0 !LDRAW_ORG Part UPDATE 2019-02
0 !LICENSE Redistributable under CCAL version 2.0 : see CAreadme.txt

0 BFC CERTIFY CCW

0 !HISTORY 2019-09-09 [PTadmin] Official Update 2019-02

1 16 0 0 0 1 0 0 0 1 0 0 0 1 stud2a.dat
0 BFC INVERTNEXT
1 16 0 4 0 12 0 0 0 23 0 0 0 12 4-4cylo.dat
1 16 0 0 0 8 0 0 0 0.5 0 0 0 8 4-4cyli.dat
1 16 0 0 0 8 0 0 0 1 0 0 0 8 4-4edge.dat
1 16 0 0 0 6 0 0 0 1 0 0 0 6 4-4edge.dat
1 16 0 0 0 2 0 0 0 1 0 0 0 2 4-4ring3.dat
1 16 0 27 0 0.33333 0 0 0 -1 0 0 0 0.33333 4-4rin36.dat
0 BFC INVERTNEXT
1 16 0 0 0 4 0 0 0 4 0 0 0 4 4-4cyli.dat
1 16 0 4 0 4 0 0 0 1 0 0 0 4 4-4edge.dat
1 16 0 4 0 2 0 0 0 -1 0 0 0 2 4-4ring2.dat
1 16 0 4 0 4 0 0 0 -1 0 0 0 4 4-4ring2.dat
1 16 0 0 0 1 0 0 0 1 0 0 0 1 s\51270s01.dat
1 16 0 0 0 0.70711 0 0.70711 0 1 0 -0.70711 0 0.70711 s\51270s01.dat
1 16 0 0 0 0 0 1 0 1 0 -1 0 0 s\51270s01.dat
1 16 0 0 0 -0.70711 0 0.70711 0 1 0 -0.70711 0 -0.70711 s\51270s01.dat
1 16 0 0 0 -1 0 0 0 1 0 0 0 -1 s\51270s01.dat
1 16 0 0 0 -0.70711 0 -0.70711 0 1 0 0.70711 0 -0.70711 s\51270s01.dat
1 16 0 0 0 0 0 -1 0 1 0 1 0 0 s\51270s01.dat
1 16 0 0 0 0.70711 0 -0.70711 0 1 0 0.70711 0 0.70711 s\51270s01.dat
1 16 0 4 0 1 0 0 0 -7 0 0 0 -1 stud4.dat
1 16 0 4 0 1 0 0 0 20 0 0 0 -1 axlehol6.dat
1 16 0 4 0 1 0 0 0 20 0 0 0 1 axlehol6.dat
1 16 0 4 0 -1 0 0 0 20 0 0 0 -1 axlehol6.dat
1 16 0 4 0 -1 0 0 0 20 0 0 0 1 axlehol6.dat
1 16 0 24 0 1 0 0 0 1 0 0 0 -1 axlehol3.dat
