0 Wheel Rim 20 x 30 with  6 Spokes and No Pegholes
0 Name: 54087.dat
0 Author: Marc Klein [marckl]
0 !LDRAW_ORG Part UPDATE 2023-05
0 !LICENSE Licensed under CC BY 4.0 : see CAreadme.txt

0 BFC CERTIFY CCW

0 !KEYWORDS 43.2 x 22

0 !HISTORY 2012-08-09 [PTadmin] Official Update 2012-02
0 !HISTORY 2021-02-21 [Philo] Used single spoke instead of dual spoke.
0 !HISTORY 2023-10-31 [OrionP] Official Update 2023-05


0 // Nomenclature: width_(mm) x rim_diameter_(mm) [optional qualifier]

1 16 0 0 0 1 0 0 0 1 0 0 0 1 s\54087s06.dat
1 16 0 0 0 0.96593 0.25882 0 -0.25882 0.96593 0 0 0 1 s\54087s00.dat
1 16 0 0 0 0.86603 0.5 0 -0.5 0.86603 0 0 0 1 s\54087s00.dat
1 16 0 0 0 0.70711 0.70711 0 -0.70711 0.70711 0 0 0 1 s\54087s00.dat
1 16 0 0 0 0.5 0.86603 0 -0.86603 0.5 0 0 0 1 s\54087s00.dat
1 16 0 0 0 0.25882 0.96593 0 -0.96593 0.25882 0 0 0 1 s\54087s00.dat
1 16 0 0 0 0 1 0 -1 0 0 0 0 1 s\54087s00.dat
1 16 0 0 0 -0.25882 0.96593 0 -0.96593 -0.25882 0 0 0 1 s\54087s00.dat
1 16 0 0 0 -0.5 0.86603 0 -0.86603 -0.5 0 0 0 1 s\54087s00.dat
1 16 0 0 0 -0.70711 0.70711 0 -0.70711 -0.70711 0 0 0 1 s\54087s00.dat
1 16 0 0 0 -0.86603 0.5 0 -0.5 -0.86603 0 0 0 1 s\54087s00.dat
1 16 0 0 0 -0.96593 -0.25882 0 0.25882 -0.96593 0 0 0 1 s\54087s00.dat
1 16 0 0 0 -0.86603 -0.5 0 0.5 -0.86603 0 0 0 1 s\54087s00.dat
1 16 0 0 0 -0.70711 -0.70711 0 0.70711 -0.70711 0 0 0 1 s\54087s00.dat
1 16 0 0 0 -0.5 -0.86603 0 0.86603 -0.5 0 0 0 1 s\54087s00.dat
1 16 0 0 0 -0.25882 -0.96593 0 0.96593 -0.25882 0 0 0 1 s\54087s00.dat
1 16 0 0 0 0 -1 0 1 0 0 0 0 1 s\54087s00.dat
1 16 0 0 0 0.25882 -0.96593 0 0.96593 0.25882 0 0 0 1 s\54087s00.dat
1 16 0 0 0 0.5 -0.86603 0 0.86603 0.5 0 0 0 1 s\54087s00.dat
1 16 0 0 0 0.70711 -0.70711 0 0.70711 0.70711 0 0 0 1 s\54087s00.dat
1 16 0 0 0 0.86603 -0.5 0 0.5 0.86603 0 0 0 1 s\54087s00.dat
1 16 0 0 0 -1 0 0 0 -1 0 0 0 1 s\54087s06.dat

1 16 0 0 0 1 0 0 0 1 0 0 0 -1 s\54087s02.dat
1 16 0 0 0 -1 0 0 0 1 0 0 0 -1 s\54087s02.dat
1 16 0 0 0 0.5 0.86603 0 0.86603 -0.5 0 0 0 -1 s\54087s02.dat
1 16 0 0 0 -0.5 -0.86603 0 0.86603 -0.5 0 0 0 -1 s\54087s02.dat
1 16 0 0 0 0.5 -0.86603 0 -0.86603 -0.5 0 0 0 -1 s\54087s02.dat
1 16 0 0 0 -0.5 0.86603 0 -0.86603 -0.5 0 0 0 -1 s\54087s02.dat
1 16 0 0 0 0.5 0.86603 0 -0.86603 0.5 0 0 0 -1 s\54087s02.dat
1 16 0 0 0 -0.5 0.86603 0 0.86603 0.5 0 0 0 -1 s\54087s02.dat
1 16 0 0 0 1 0 0 0 -1 0 0 0 -1 s\54087s02.dat
1 16 0 0 0 0.5 -0.86603 0 0.86603 0.5 0 0 0 -1 s\54087s02.dat
1 16 0 0 0 -0.5 -0.86603 0 -0.86603 0.5 0 0 0 -1 s\54087s02.dat
1 16 0 0 0 -1 0 0 0 -1 0 0 0 -1 s\54087s02.dat

1 16 0 0 0 1 0 0 0 1 0 0 0 1 s\54087s09.dat
4 16 3.8823 -14.4889 10 0 -15 10 0 -15 1.053 3.8823 -14.4889 1.053
4 16 -3.8823 -14.4889 1.053 0 -15 1.053 0 -15 10 -3.8823 -14.4889 10
5 24 0 -15 10 0 -15 1.053 -3.8823 -14.4889 10 3.8823 -14.4889 10
2 24 3.8823 -14.4889 10 0 -15 10
2 24 0 -15 10 -3.8823 -14.4889 10
1 16 0 0 0 1 0 0 0 1 0 0 0 1 s\54087s03.dat
1 16 0 0 0 0.5 -0.86603 0 0.86603 0.5 0 0 0 1 s\54087s03.dat
1 16 0 0 0 -0.5 -0.86603 0 0.86603 -0.5 0 0 0 1 s\54087s03.dat
1 16 0 0 0 -1 0 0 0 -1 0 0 0 1 s\54087s03.dat
1 16 0 0 0 -0.5 0.86603 0 -0.86603 -0.5 0 0 0 1 s\54087s03.dat
1 16 0 0 0 0.5 0.86603 0 -0.86603 0.5 0 0 0 1 s\54087s03.dat
