0 Tyre 12/ 61 x 11 Balloon
0 Name: 56890.dat
0 Author: Magnus Forsberg [MagFors]
0 !LDRAW_ORG Part UPDATE 2024-02
0 !LICENSE Licensed under CC BY 4.0 : see CAreadme.txt

0 BFC CERTIFY CCW

0 !KEYWORDS 24 x 12 R, rim 30190, rim 6014a, rim 6014b

0 !HISTORY 2009-10-13 {LEGO Universe Team} Original part shape
0 !HISTORY 2010-05-17 [MagFors] File preparation for LDraw Parts Tracker
0 !HISTORY 2013-05-20 [MagFors] Moved origin, Changed description to standardized nomenclature
0 !HISTORY 2014-06-21 [PTadmin] Official Update 2014-01
0 !HISTORY 2020-03-07 [MagFors] Corrected description
0 !HISTORY 2020-03-07 [MagFors] Replaced bad LDD shape with good from Arezey
0 !HISTORY 2022-07-18 [PTadmin] Official Update 2022-04
0 !HISTORY 2024-03-23 [OrionP] Updated ring primitives
0 !HISTORY 2024-03-24 [OrionP] Official Update 2024-02

0 // Nomenclature: width_(mm)/profile_as_%age_of_width x rim_diameter_(mm) [optional qualifier]

0 BFC INVERTNEXT
1 16 0 0 -1 12.5 0 0 0 0 12.5 0 2 0 4-4cylo.dat
0 BFC INVERTNEXT
1 16 0 0 -14 13 0 0 0 0 13 0 12 0 4-4cylo.dat
0 BFC INVERTNEXT
1 16 0 0 2 13 0 0 0 0 13 0 12 0 4-4cylo.dat
1 16 0 0 0 1 0 0 0 1 0 0 0 1 s\56890s01.dat
1 16 0 0 0 0.92388 -0.382683 0 0.382683 0.92388 0 0 0 1 s\56890s01.dat
1 16 0 0 0 0.707107 -0.707107 0 0.707107 0.707107 0 0 0 1 s\56890s01.dat
1 16 0 0 0 0.382683 -0.92388 0 0.92388 0.382683 0 0 0 1 s\56890s01.dat
1 16 0 0 0 0 -1 0 1 0 0 0 0 1 s\56890s01.dat
1 16 0 0 0 -0.382683 -0.92388 0 0.92388 -0.382683 0 0 0 1 s\56890s01.dat
1 16 0 0 0 -0.707107 -0.707107 0 0.707107 -0.707107 0 0 0 1 s\56890s01.dat
1 16 0 0 0 -0.92388 -0.382683 0 0.382683 -0.92388 0 0 0 1 s\56890s01.dat
1 16 0 0 0 -1 0 0 0 -1 0 0 0 1 s\56890s01.dat
1 16 0 0 0 -0.92388 0.382683 0 -0.382683 -0.92388 0 0 0 1 s\56890s01.dat
1 16 0 0 0 -0.707107 0.707107 0 -0.707107 -0.707107 0 0 0 1 s\56890s01.dat
1 16 0 0 0 -0.382683 0.92388 0 -0.92388 -0.382683 0 0 0 1 s\56890s01.dat
1 16 0 0 0 0 1 0 -1 0 0 0 0 1 s\56890s01.dat
1 16 0 0 0 0.382683 0.92388 0 -0.92388 0.382683 0 0 0 1 s\56890s01.dat
1 16 0 0 0 0.707107 0.707107 0 -0.707107 0.707107 0 0 0 1 s\56890s01.dat
1 16 0 0 0 0.92388 0.382683 0 -0.382683 0.92388 0 0 0 1 s\56890s01.dat
1 16 0 0 0 -1 0 0 0 1 0 0 0 -1 s\56890s01.dat
1 16 0 0 0 -0.92388 0.382683 0 0.382683 0.92388 0 0 0 -1 s\56890s01.dat
1 16 0 0 0 -0.707107 0.707107 0 0.707107 0.707107 0 0 0 -1 s\56890s01.dat
1 16 0 0 0 -0.382683 0.92388 0 0.92388 0.382683 0 0 0 -1 s\56890s01.dat
1 16 0 0 0 0 1 0 1 0 0 0 0 -1 s\56890s01.dat
1 16 0 0 0 0.382683 0.92388 0 0.92388 -0.382683 0 0 0 -1 s\56890s01.dat
1 16 0 0 0 0.707107 0.707107 0 0.707107 -0.707107 0 0 0 -1 s\56890s01.dat
1 16 0 0 0 0.92388 0.382683 0 0.382683 -0.92388 0 0 0 -1 s\56890s01.dat
1 16 0 0 0 1 0 0 0 -1 0 0 0 -1 s\56890s01.dat
1 16 0 0 0 0.92388 -0.382683 0 -0.382683 -0.92388 0 0 0 -1 s\56890s01.dat
1 16 0 0 0 0.707107 -0.707107 0 -0.707107 -0.707107 0 0 0 -1 s\56890s01.dat
1 16 0 0 0 0.382683 -0.92388 0 -0.92388 -0.382683 0 0 0 -1 s\56890s01.dat
1 16 0 0 0 0 -1 0 -1 0 0 0 0 -1 s\56890s01.dat
1 16 0 0 0 -0.382683 -0.92388 0 -0.92388 0.382683 0 0 0 -1 s\56890s01.dat
1 16 0 0 0 -0.707107 -0.707107 0 -0.707107 0.707107 0 0 0 -1 s\56890s01.dat
1 16 0 0 0 -0.92388 -0.382683 0 -0.382683 0.92388 0 0 0 -1 s\56890s01.dat
1 16 0 0 -14 -1 0 0 0 0 -1 0 1 0 4-4ring13.dat
1 16 0 0 -14 -1 0 0 0 0 -1 0 1 0 4-4ring14.dat
1 16 0 0 -14 -1 0 0 0 0 -1 0 1 0 4-4ring15.dat
1 16 0 0 -14 -4 0 0 0 0 -4 0 1 0 4-4ring4.dat
1 16 0 0 14 -1 0 0 0 0 1 0 -1 0 4-4ring13.dat
1 16 0 0 14 -1 0 0 0 0 1 0 -1 0 4-4ring14.dat
1 16 0 0 14 -1 0 0 0 0 1 0 -1 0 4-4ring15.dat
1 16 0 0 14 -4 0 0 0 0 4 0 -1 0 4-4ring4.dat
1 16 0 0 14 -5 0 0 0 0 5 0 -1 0 4-4ring4.dat
1 16 0 0 -14 -5 0 0 0 0 -5 0 1 0 4-4ring4.dat
0 BFC INVERTNEXT
1 16 0 0 2 -0.5 0 0 0 0 -0.5 0 -1 0 4-4con25.dat
0 BFC INVERTNEXT
1 16 0 0 -2 -0.5 0 0 0 0 -0.5 0 1 0 4-4con25.dat
