0 Sticker  0.8 x  4 with Headlamps and "AW281EF" Licence Plate on Red Background (Formed)
0 Name: 6009312dc01.dat
0 Author: Massimo Maso [Sirio]
0 !LDRAW_ORG Part UPDATE 2020-02
0 !LICENSE Redistributable under CCAL version 2.0 : see CAreadme.txt

0 BFC CERTIFY CCW

0 !KEYWORDS Set 30191, Racers, Ferrari, Iveco, Polybag

0 !HISTORY 2020-09-05 [PTadmin] Official Update 2020-02

1 16 0 -16 0 0.998894 0.047009 0 -0.047009 0.998894 0 0 0 1 s\6009312ds01.dat
1 16 0 -16 0 0.998894 -0.047009 0 0.047009 0.998894 0 0 0 1 s\6009312ds02.dat
1 16 -7.384 -15.6525 0 0.989715 0.143056 0 -0.143056 0.989715 0 0 0 1 s\6009312ds03.dat
1 16 7.384 -15.6525 0 0.989715 -0.143056 0 0.143056 0.989715 0 0 0 1 s\6009312ds04.dat
4 4 14.6878 -14.8494 8 14.6878 -14.8494 -8 21.7201 -13.1225 -8 21.7201 -13.1225 8
4 4 -14.6878 -14.8494 -8 -14.6878 -14.8494 8 -21.7201 -13.1225 8 -21.7201 -13.1225 -8
1 16 -21.648 -12.8828 0 -0.941612 0.336701 0 0.336701 0.941612 0 0 0 1 s\6009312ds05.dat
1 16 21.648 -12.8828 0 0.941612 -0.336701 0 0.336701 0.941612 0 0 0 1 s\6009312ds05.dat
1 16 -28.284 -10.5099 0 -0.900077 0.435731 0 0.435731 0.900077 0 0 0 1 s\6009312ds06.dat
1 16 28.284 -10.5099 0 0.900076 -0.435734 0 0.435734 0.900076 0 0 0 1 s\6009312ds06.dat
1 16 -34.436 -7.5317 0 -0.844281 0.5359 0 0.5359 0.844281 0 0 0 1 s\6009312ds07.dat
1 16 34.436 -7.5317 0 0.844281 -0.5359 0 0.5359 0.844281 0 0 0 1 s\6009312ds07.dat
1 16 0 0 0 1 0 0 0 1 0 0 0 1 s\6009312ds09.dat
