0 Sticker  3.3 x  1.8 with White Stripe on Black Background and Logo Ferrari Rectangular (Formed)
0 Name: 6009194dc01.dat
0 Author: Massimo Maso [Sirio]
0 !LDRAW_ORG Part UPDATE 2020-02
0 !LICENSE Redistributable under CCAL version 2.0 : see CAreadme.txt

0 BFC CERTIFY CCW

0 !KEYWORDS Set 30195, Racers, Ferrari, FXX, Polybag

0 !HISTORY 2020-09-05 [PTadmin] Official Update 2020-02

1 16 0 1.773 0.053 1 0 0 0 0.99847 -0.055283 0 0.055283 0.99847 s\6009194ds01.dat
1 16 0 2.362 0.10716 1 0 0 0 0.995483 -0.0949396 0 0.0949396 0.995483 s\6009194ds02.dat
1 16 0 2.5 0.12979 1 0 0 0 0.992251 -0.124247 0 0.124247 0.992251 s\6009194ds03.dat
1 16 0 2.34612 0.11723 1 0 0 0 0.986735 -0.162338 0 0.162338 0.986735 s\6009194ds04.dat
1 16 0 1.76361 0.01945 1 0 0 0 0.979015 -0.20379 0 0.20379 0.979015 s\6009194ds05.dat
1 16 0 0.45898 -0.2773 1 0 0 0 0.965332 -0.261026 0 0.261026 0.965332 s\6009194ds06.dat
1 16 0 -1.72834 -0.93091 1 0 0 0 0.945589 -0.325364 0 0.325364 0.945589 s\6009194ds07.dat
1 16 0 -4.56082 -1.99835 1 0 0 0 0.920721 -0.390222 0 0.390222 0.920721 s\6009194ds08.dat
1 16 0 0 0 1 0 0 0 1 0 0 0 1 s\6009194ds12.dat