0 Sticker  2.1 x 11.5 with SW X-wing Starfighter Cockpit Left Side (Formed)
0 Name: 6045898bc01.dat
0 Author: Evert-Jan Boer [ejboer]
0 !LDRAW_ORG Part UPDATE 2026-07
0 !LICENSE Licensed under CC BY 4.0 : see CAreadme.txt

0 BFC CERTIFY CCW

0 !CATEGORY Sticker
0 !KEYWORDS Bricklink 10240stk01, Brickowl 186149
0 !KEYWORDS Episode 4/5/6 Rebrickable 15144, Rebrickable 15144, Set 10240
0 !KEYWORDS Star Wars, UCS Ultimate Collector Series

0 !HISTORY 2026-07-03 [Holly-Wood] Sanded
0 !HISTORY 2026-07-30 [OrionP] Official Update 2026-07

3 16 60 22 -241 59.962 21.9239 -241.3827 59.0381 20.0761 -241.3827
4 16 59.962 21.9239 -241.3827 59.8536 21.7071 -241.7071 59.1465 20.2929 -241.7071 59.0381 20.0761 -241.3827
4 16 59.8536 21.7071 -241.7071 59.6914 21.3827 -241.9239 59.3087 20.6173 -241.9239 59.1465 20.2929 -241.7071
3 16 59.6914 21.3827 -241.9239 59.5 21 -242 59.3087 20.6173 -241.9239
4 16 59.0381 20.0761 -241.3827 40 -18 -70 60 22 -50 60 22 -241
3 16 40.0317 -17.9367 -30.0317 60 22 -50 40 -18 -70
3 16 40.3263 -1.6673 -10.7261 40.4205 -1.4954 -10.841 60 22 -50
4 16 40.3263 -1.6673 -10.7261 60 22 -50 40.0529 -2.4327 -10.7261 40.1679 -2.05 -10.65
4 16 40.0317 -17.9367 -30.0317 40 -2.7511 -10.9389 40.0529 -2.4327 -10.7261 60 22 -50
3 16 40.4205 -1.4954 -10.841 60 26 -50 60 22 -50

3 16 43.0283 -12.5 -75 58.2783 18 -211.948 58.2704 18 -75
3 16 58.2698 18 -65 58.2691 18 -52.8695 42.2779 -14 -65
4 16 42.2732 -14 -32.6071 58.2691 18 -52.8695 51.5889 4.6369 -41.3115 42.4717 -13.6029 -32.21
3 16 42.2779 -14 -65 58.2691 18 -52.8695 42.2732 -14 -32.6071
3 16 42.4717 -13.6029 -32.21 51.5889 4.6369 -41.3115 42.7285 -10.0239 -28.631

4 16 59.0381 20.0761 -241.3827 59.1465 20.2929 -241.7071 59.3701 20.1811 -241.7071 59.2617 19.9643 -241.3827
4 16 59.3701 20.1811 -241.7071 59.1465 20.2929 -241.7071 59.3087 20.6173 -241.9239 59.5323 20.5055 -241.9239
4 16 59.5323 20.5055 -241.9239 59.3087 20.6173 -241.9239 59.5 21 -242 59.7236 20.8882 -242
4 16 59.7236 20.8882 -242 59.5 21 -242 59.6914 21.3827 -241.9239 59.915 21.2709 -241.9239
4 16 59.915 21.2709 -241.9239 59.6914 21.3827 -241.9239 59.8536 21.7071 -241.7071 60.0772 21.5953 -241.7071
4 16 60.0772 21.5953 -241.7071 59.8536 21.7071 -241.7071 59.962 21.9239 -241.3827 60.1856 21.8121 -241.3827
4 16 60.1856 21.8121 -241.3827 59.962 21.9239 -241.3827 60 22 -241 60.2236 21.8882 -241
3 16 60 22 -50 60 26 -50 60.2273 21.9188 -49.935
3 16 60.2273 21.9188 -49.935 60 26 -50 60.2236 26 -49.8882
3 16 60 22 -50 60.2273 21.9188 -49.935 60.2236 21.8882 -241
3 16 60 22 -50 60.2236 21.8882 -241 60 22 -241
4 16 40.3263 -1.6673 -10.7261 40.5536 -1.7485 -10.6611 40.6478 -1.5766 -10.776 40.4205 -1.4954 -10.841
3 16 60.2236 26 -49.8882 60 26 -50 40.6478 -1.5766 -10.776
3 16 40.6478 -1.5766 -10.776 60 26 -50 40.4205 -1.4954 -10.841
4 16 40.3263 -1.6673 -10.7261 40.1679 -2.05 -10.65 40.3952 -2.1312 -10.585 40.5536 -1.7485 -10.6611
4 16 40.1679 -2.05 -10.65 40.0529 -2.4327 -10.7261 40.2802 -2.5139 -10.6611 40.3952 -2.1312 -10.585
4 16 40.0529 -2.4327 -10.7261 40 -2.7511 -10.9389 40.2273 -2.8323 -10.8739 40.2802 -2.5139 -10.6611
3 16 40 -2.7511 -10.9389 40.0317 -17.9367 -30.0317 40.2571 -18.0333 -29.9992
3 16 40.2571 -18.0333 -29.9992 40.2273 -2.8323 -10.8739 40 -2.7511 -10.9389
3 16 40.2571 -18.0333 -29.9992 40.0317 -17.9367 -30.0317 40.2238 -18.1113 -69.75
3 16 40.2238 -18.1113 -69.75 40.0317 -17.9367 -30.0317 40 -18 -70
3 16 40 -18 -70 40.2236 -18.1118 -70 40.2238 -18.1113 -69.75
3 16 40.2514 -18.0562 -70.25 40.2236 -18.1118 -70 40 -18 -70
3 16 40.2514 -18.0562 -70.25 40 -18 -70 59.0381 20.0761 -241.3827
3 16 40.2514 -18.0562 -70.25 59.0381 20.0761 -241.3827 59.2617 19.9643 -241.3827

5 24 40.4205 -1.4954 -10.841 60 22 -50 40.3263 -1.6673 -10.7261 60 26 -50
5 24 60.2236 21.8882 -241 60 22 -241 60.1856 21.8121 -241.3827 60 22 -50
5 24 40.3952 -2.1312 -10.585 40.1679 -2.05 -10.65 40.5536 -1.7485 -10.6611 40.0529 -2.4327 -10.7261
5 24 51.5889 4.6369 -41.3115 53.3909 8.242 -43.1104 42.3188 -10.1054 -27.2983 58.2691 18 -52.8695
5 24 40.0317 -17.9367 -30.0317 60 22 -50 40 -18 -70 40 -2.7511 -10.9389
5 24 40.6478 -1.5766 -10.776 60.2273 21.9188 -49.935 60.2236 26 -49.8882 40.5536 -1.7485 -10.6611
5 24 59.6914 21.3827 -241.9239 59.915 21.2709 -241.9239 59.7236 20.8882 -242 59.8536 21.7071 -241.7071
2 24 60 22 -50 60.2273 21.9188 -49.935
5 24 42 -14.5463 -31.7392 42.4717 -13.6029 -32.21 41.7734 -15 -32.1929 42.7285 -10.0239 -28.631
5 24 40.3263 -1.6673 -10.7261 40.5536 -1.7485 -10.6611 40.1679 -2.05 -10.65 40.6478 -1.5766 -10.776
5 24 60.2236 26 -49.8882 60 26 -50 60.2273 21.9188 -49.935 40.6478 -1.5766 -10.776
5 24 59.3087 20.6173 -241.9239 59.5323 20.5055 -241.9239 59.5 21 -242 59.3701 20.1811 -241.7071
5 24 60.2273 21.9188 -49.935 53.3909 8.242 -43.1104 40.2273 -2.8323 -10.8739 58.7688 19 -52.3818
5 24 59.962 21.9239 -241.3827 60.1856 21.8121 -241.3827 60 22 -241 60.0772 21.5953 -241.7071
5 24 40.4205 -1.4954 -10.841 40.6478 -1.5766 -10.776 40.3263 -1.6673 -10.7261 60 26 -50
5 24 59.3701 20.1811 -241.7071 59.1465 20.2929 -241.7071 59.3087 20.6173 -241.9239 59.2617 19.9643 -241.3827
5 24 59.8536 21.7071 -241.7071 60.0772 21.5953 -241.7071 59.915 21.2709 -241.9239 59.962 21.9239 -241.3827
5 24 42.4717 -13.6029 -32.21 51.5889 4.6369 -41.3115 42.2732 -14 -32.6071 42.7285 -10.0239 -28.631
5 24 40.2273 -2.8323 -10.8739 40 -2.7511 -10.9389 40.2571 -18.0333 -29.9992 40.2802 -2.5139 -10.6611
5 24 59.7236 20.8882 -242 59.5 21 -242 59.5323 20.5055 -241.9239 59.6914 21.3827 -241.9239
5 24 40 -18 -70 40.2236 -18.1118 -70 40.2238 -18.1113 -69.75 40.2514 -18.0562 -70.25
5 24 40.0529 -2.4327 -10.7261 40.2802 -2.5139 -10.6611 40 -2.7511 -10.9389 40.3952 -2.1312 -10.585
5 24 40.2571 -18.0333 -29.9992 40.0317 -17.9367 -30.0317 40 -2.7511 -10.9389 40.2238 -18.1113 -69.75
5 24 42 -14.5463 -31.7392 40.2571 -18.0333 -29.9992 41.7734 -15 -32.1929 42.3188 -10.1054 -27.2983
5 24 59.2617 19.9643 -241.3827 59.0381 20.0761 -241.3827 59.3701 20.1811 -241.7071 40.2514 -18.0562 -70.25

0 BFC NOCLIP

3 0 40.2514 -18.0562 -70.25 60.2269 21.9156 -69.75 40.2236 -18.1118 -70
3 0 60.2269 21.9156 -70.2497 60.2269 21.9156 -69.75 40.2514 -18.0562 -70.25
3 0 40.2238 -18.1113 -69.75 40.2236 -18.1118 -70 60.2269 21.9156 -69.75
4 72 58.5197 18.5 -65.866 58.7026 18.866 -65.5 58.2698 18 -65 58.2699 18 -66
4 72 58.7026 18.866 -65.5 58.7695 19 -65 58.2691 18 -52.8695 58.2698 18 -65
3 72 58.7695 19 -65 58.7688 19 -52.3818 58.2691 18 -52.8695
4 72 42.278 -14 -66 58.2699 18 -66 58.2698 18 -65 42.2779 -14 -65
4 72 42.5955 -13.366 -74.5 42.5286 -13.5 -75 43.0283 -12.5 -75 42.7784 -13 -74.134
4 72 58.2704 18 -75 58.7701 19 -75 58.7031 18.866 -74.5 58.5202 18.5 -74.134
4 72 58.2783 18 -211.948 58.7782 19 -215 58.7701 19 -75 58.2704 18 -75
3 72 58.2703 18 -74 43.0283 -12.5 -74 42.7784 -13 -74.134
4 72 42.7784 -13 -74.134 43.0283 -12.5 -75 58.5202 18.5 -74.134 58.2703 18 -74
3 72 58.2704 18 -75 58.5202 18.5 -74.134 43.0283 -12.5 -75
3 72 58.4285 18.3 -215.7 58.6034 18.65 -215.606 58.7314 18.9062 -215.35
4 72 58.2535 17.95 -215.606 58.4285 18.3 -215.7 58.7314 18.9062 -215.35 58.1255 17.6938 -215.35
4 72 58.0997 17.6422 -215.239 58.1255 17.6938 -215.35 58.7314 18.9062 -215.35 58.7782 19 -215
3 72 58.0997 17.6422 -215.239 58.7782 19 -215 58.2783 18 -211.948
3 72 58.2783 18 -211.948 42.5456 -13.4659 -75.2588 58.0997 17.6422 -215.239
4 72 42.5456 -13.4659 -75.2588 58.2783 18 -211.948 43.0283 -12.5 -75 42.5286 -13.5 -75
4 72 41.8452 -14.866 -65.5 42.0281 -14.5 -65.866 42.2779 -14 -65 41.7781 -15 -65
4 72 41.7781 -15 -65 42.2779 -14 -65 42.2732 -14 -32.6071 41.7734 -15 -32.1929
3 72 42.2779 -14 -65 42.0281 -14.5 -65.866 42.278 -14 -66
4 72 42 -14.5463 -31.7392 41.7734 -15 -32.1929 42.2732 -14 -32.6071 42.4717 -13.6029 -32.21
4 72 58.2691 18 -52.8695 58.7688 19 -52.3818 53.3909 8.242 -43.1104 51.5889 4.6369 -41.3115
4 72 42.3188 -10.1054 -27.2983 42.7285 -10.0239 -28.631 51.5889 4.6369 -41.3115 53.3909 8.242 -43.1104
4 72 42.3188 -10.1054 -27.2983 42 -14.5463 -31.7392 42.4717 -13.6029 -32.21 42.7285 -10.0239 -28.631
3 379 59.2617 19.9643 -241.3827 60.1856 21.8121 -241.3827 60.2236 21.8882 -241
4 379 59.3701 20.1811 -241.7071 60.0772 21.5953 -241.7071 60.1856 21.8121 -241.3827 59.2617 19.9643 -241.3827
4 379 59.5323 20.5055 -241.9239 59.915 21.2709 -241.9239 60.0772 21.5953 -241.7071 59.3701 20.1811 -241.7071
3 379 59.7236 20.8882 -242 59.915 21.2709 -241.9239 59.5323 20.5055 -241.9239
3 379 40.6478 -1.5766 -10.776 40.5536 -1.7485 -10.6611 60.2273 21.9188 -49.935
4 379 40.2802 -2.5139 -10.6611 60.2273 21.9188 -49.935 40.5536 -1.7485 -10.6611 40.3952 -2.1312 -10.585
3 379 60.2273 21.9188 -49.935 40.2802 -2.5139 -10.6611 40.2273 -2.8323 -10.8739
3 379 60.2236 26 -49.8882 40.6478 -1.5766 -10.776 60.2273 21.9188 -49.935
3 379 58.5197 18.5 -65.866 58.2699 18 -66 60.2269 21.9156 -69.75
3 379 58.7026 18.866 -65.5 58.5197 18.5 -65.866 60.2269 21.9156 -69.75
3 379 58.7695 19 -65 58.7026 18.866 -65.5 60.2269 21.9156 -69.75
4 379 60.2269 21.9156 -69.75 58.2699 18 -66 42.278 -14 -66 40.2238 -18.1113 -69.75
3 379 58.7031 18.866 -74.5 58.7701 19 -75 60.2269 21.9156 -70.2497
3 379 58.5202 18.5 -74.134 58.7031 18.866 -74.5 60.2269 21.9156 -70.2497
3 379 58.2703 18 -74 58.5202 18.5 -74.134 60.2269 21.9156 -70.2497
4 379 58.7688 19 -52.3818 58.7695 19 -65 60.2269 21.9156 -69.75 60.2273 21.9188 -49.935
3 379 58.7314 18.9062 -215.35 58.6034 18.65 -215.606 60.2236 21.8882 -241
3 379 58.7782 19 -215 58.7314 18.9062 -215.35 60.2236 21.8882 -241
4 379 60.2236 21.8882 -241 58.6034 18.65 -215.606 58.4285 18.3 -215.7 59.2617 19.9643 -241.3827
3 379 59.2617 19.9643 -241.3827 58.4285 18.3 -215.7 58.2535 17.95 -215.606
3 379 59.2617 19.9643 -241.3827 58.2535 17.95 -215.606 58.1255 17.6938 -215.35
3 379 59.2617 19.9643 -241.3827 58.1255 17.6938 -215.35 58.0997 17.6422 -215.239
4 379 60.2269 21.9156 -70.2497 58.7701 19 -75 58.7782 19 -215 60.2236 21.8882 -241
4 379 40.2514 -18.0562 -70.25 43.0283 -12.5 -74 58.2703 18 -74 60.2269 21.9156 -70.2497
3 379 42.7784 -13 -74.134 43.0283 -12.5 -74 40.2514 -18.0562 -70.25
3 379 42.5955 -13.366 -74.5 42.7784 -13 -74.134 40.2514 -18.0562 -70.25
3 379 42.5286 -13.5 -75 42.5955 -13.366 -74.5 40.2514 -18.0562 -70.25
3 379 42.5456 -13.4659 -75.2588 42.5286 -13.5 -75 40.2514 -18.0562 -70.25
4 379 58.0997 17.6422 -215.239 42.5456 -13.4659 -75.2588 40.2514 -18.0562 -70.25 59.2617 19.9643 -241.3827
3 379 41.8452 -14.866 -65.5 41.7781 -15 -65 40.2238 -18.1113 -69.75
3 379 42.0281 -14.5 -65.866 41.8452 -14.866 -65.5 40.2238 -18.1113 -69.75
3 379 42.278 -14 -66 42.0281 -14.5 -65.866 40.2238 -18.1113 -69.75
3 379 40.2571 -18.0333 -29.9992 41.7734 -15 -32.1929 42 -14.5463 -31.7392
3 379 60.2273 21.9188 -49.935 53.3909 8.242 -43.1104 58.7688 19 -52.3818
4 379 40.2238 -18.1113 -69.75 41.7781 -15 -65 41.7734 -15 -32.1929 40.2571 -18.0333 -29.9992
4 379 42 -14.5463 -31.7392 42.3188 -10.1054 -27.2983 40.2273 -2.8323 -10.8739 40.2571 -18.0333 -29.9992
4 379 42.3188 -10.1054 -27.2983 53.3909 8.242 -43.1104 60.2273 21.9188 -49.935 40.2273 -2.8323 -10.8739