0 Sticker 10 x  6 with SW X-wing Starfighter Cockpit Front (Formed)
0 Name: 6045898ac01.dat
0 Author: Evert-Jan Boer [ejboer]
0 !LDRAW_ORG Part UPDATE 2026-07
0 !LICENSE Licensed under CC BY 4.0 : see CAreadme.txt

0 BFC CERTIFY CCW

0 !CATEGORY Sticker
0 !KEYWORDS Bricklink 10240stk01, Brickowl 186149
0 !KEYWORDS Episode 4/5/6 Rebrickable 15144, Rebrickable 15144, Set 10240
0 !KEYWORDS Star Wars, UCS Ultimate Collector Series

0 !HISTORY 2026-07-01 [Holly-Wood] Closed gap
0 !HISTORY 2026-07-30 [OrionP] Official Update 2026-07

4 16 32.6697 -16.0774 -79.7768 28.3929 -17.0278 -75.5 -28.3929 -17.0278 -75.5 -32.6697 -16.0774 -79.7768
4 16 -49.2929 20.5944 -244.8 49.2929 20.5944 -244.8 53.8018 19.5924 -240.291 -53.8018 19.5924 -240.291
4 16 -53.8018 19.5924 -240.291 53.8018 19.5924 -240.291 32.6697 -16.0774 -79.7768 -32.6697 -16.0774 -79.7768

1 16 -58.89 21.7778 -249 -1 0 0 0 -1 .22222 0 0 -1 1-4chrd.dat
1 16 58.89 21.7778 -249 1 0 0 0 -1 .22222 0 0 -1 1-4chrd.dat
4 16 -59.89 21.7778 -249 59.89 21.7778 -249 58.89 22 -250 -58.89 22 -250
4 16 -59.89 21.7778 -249 -40 -18 -70 40 -18 -70 59.89 21.7778 -249
1 16 39 -18 -51 1 0 0 0 -1 0 0 0 1 1-4chrd.dat
1 16 -39 -18 -51 0 0 -1 0 -1 0 1 0 0 1-4chrd.dat
4 16 40 -18 -51 -40 -18 -51 -39 -18 -50 39 -18 -50
4 16 -40 -18 -70 -40 -18 -51 40 -18 -51 40 -18 -70

1 16 -58.89 21.5278 -249 -1 0 0 0 .25 .22222 0 0 -1 1-4cyli.dat
1 16 58.89 21.5278 -249 1 0 0 0 .25 .22222 0 0 -1 1-4cyli.dat
1 16 39 -18.25 -51 1 0 0 0 .25 0 0 0 1 1-4cyli.dat
1 16 -39 -18.25 -51 0 0 -1 0 .25 0 1 0 0 1-4cyli.dat
4 16 40 -18.25 -51 40 -18.25 -70 40 -18 -70 40 -18 -51
4 16 -39 -18.25 -50 39 -18.25 -50 39 -18 -50 -39 -18 -50
4 16 -40 -18.25 -70 -40 -18.25 -51 -40 -18 -51 -40 -18 -70
4 16 40 -18.25 -70 59.89 21.5278 -249 59.89 21.7778 -249 40 -18 -70
4 16 -59.89 21.5278 -249 -40 -18.25 -70 -40 -18 -70 -59.89 21.7778 -249
4 16 58.89 21.75 -250 -58.89 21.75 -250 -58.89 22 -250 58.89 22 -250

5 24 40 -18.25 -70 40 -18 -70 59.89 21.5278 -249 40 -18 -51
5 24 -40 -18 -70 -40 -18.25 -70 -59.89 21.7778 -249 -40 -18.25 -51
5 24 -40 -18 -70 40 -18 -70 59.89 21.7778 -249 -40 -18 -51
2 24 -40 -18.25 -70 40 -18.25 -70

0 BFC NOCLIP

1 0 54.65 21.0389 -246.8 .575 0 0 0 1 -.12778 0 0 .575 4-4ring2.dat
1 0 -54.65 21.0389 -246.8 .575 0 0 0 1 -.12778 0 0 .575 4-4ring2.dat
3 0 -33.3 -18.25 -70 -32 -18.1944 -70.25 -31.1 -18.25 -70
3 0 31.1 -18.25 -70 32 -18.1944 -70.25 33.3 -18.25 -70
4 0 -32 -18.1944 -70.25 32 -18.1944 -70.25 31.1 -18.25 -70 -31.1 -18.25 -70
4 0 -32 -18.1944 -70.25 -33.3 -18.25 -70 -40 -18.25 -70 -40.0278 -18.1944 -70.25
4 0 32 -18.1944 -70.25 40.0278 -18.1944 -70.25 40 -18.25 -70 33.3 -18.25 -70
1 379 54.65 21.0389 -246.8 1.15 0 0 0 1 -.25556 0 0 1.15 4-4disc.dat
1 379 54.65 21.0389 -246.8 1.725 0 0 0 1 -.38333 0 0 1.725 4-4ndis.dat
1 379 -54.65 21.0389 -246.8 1.15 0 0 0 1 -.25556 0 0 1.15 4-4disc.dat
1 379 -54.65 21.0389 -246.8 1.725 0 0 0 1 -.38333 0 0 1.725 4-4ndis.dat
1 379 -58.89 21.5278 -249 -1 0 0 0 1 .22222 0 0 -1 1-4chrd.dat
1 379 58.89 21.5278 -249 1 0 0 0 1 .22222 0 0 -1 1-4chrd.dat
4 379 -40.0278 -18.1944 -70.25 -33.6168 -16.1812 -79.3097 -28.8071 -17.25 -74.5 -32 -18.1944 -70.25
4 379 40.0278 -18.1944 -70.25 32 -18.1944 -70.25 28.8071 -17.25 -74.5 33.6168 -16.1812 -79.3097
4 379 -28.8071 -17.25 -74.5 28.8071 -17.25 -74.5 32 -18.1944 -70.25 -32 -18.1944 -70.25
3 379 52.925 20.6556 -245.075 49.7071 20.8167 -245.8 52.925 21.0389 -246.8
3 379 54.8576 19.672 -240.649 49.7071 20.8167 -245.8 52.925 20.6556 -245.075
3 379 54.8576 19.672 -240.649 52.925 20.6556 -245.075 54.65 20.6556 -245.075
3 379 54.8576 19.672 -240.649 54.65 20.6556 -245.075 56.375 20.6556 -245.075
3 379 -54.8576 19.672 -240.649 -54.65 20.6556 -245.075 -52.925 20.6556 -245.075
3 379 -54.8576 19.672 -240.649 -52.925 20.6556 -245.075 -49.7071 20.8167 -245.8
3 379 -52.925 20.6556 -245.075 -52.925 21.0389 -246.8 -49.7071 20.8167 -245.8
4 379 -52.925 21.0389 -246.8 -52.925 21.4222 -248.525 49.7071 20.8167 -245.8 -49.7071 20.8167 -245.8
4 379 52.925 21.0389 -246.8 49.7071 20.8167 -245.8 -52.925 21.4222 -248.525 52.925 21.4222 -248.525
3 379 -54.8576 19.672 -240.649 -56.375 20.6556 -245.075 -54.65 20.6556 -245.075
4 379 -59.89 21.5278 -249 -58.89 21.75 -250 -56.375 21.0389 -246.8 -56.375 20.6556 -245.075
3 379 -56.375 21.0389 -246.8 -58.89 21.75 -250 -56.375 21.4222 -248.525
3 379 -54.65 21.4222 -248.525 -56.375 21.4222 -248.525 -58.89 21.75 -250
3 379 -52.925 21.4222 -248.525 -54.65 21.4222 -248.525 -58.89 21.75 -250
4 379 -40.0278 -18.1944 -70.25 -59.89 21.5278 -249 -56.375 20.6556 -245.075 -54.8576 19.672 -240.649
3 379 -40.0278 -18.1944 -70.25 -54.8576 19.672 -240.649 -33.6168 -16.1812 -79.3097
3 379 59.89 21.5278 -249 56.375 20.6556 -245.075 56.375 21.0389 -246.8
4 379 59.89 21.5278 -249 56.375 21.0389 -246.8 56.375 21.4222 -248.525 58.89 21.75 -250
3 379 56.375 21.4222 -248.525 54.65 21.4222 -248.525 58.89 21.75 -250
3 379 52.925 21.4222 -248.525 -52.925 21.4222 -248.525 -58.89 21.75 -250
4 379 54.65 21.4222 -248.525 52.925 21.4222 -248.525 -58.89 21.75 -250 58.89 21.75 -250
3 379 59.89 21.5278 -249 54.8576 19.672 -240.649 56.375 20.6556 -245.075
4 379 40.0278 -18.1944 -70.25 33.6168 -16.1812 -79.3097 54.8576 19.672 -240.649 59.89 21.5278 -249
4 72 -49.7071 20.8167 -245.8 -49.2929 20.5944 -244.8 -53.8018 19.5924 -240.291 -54.8576 19.672 -240.649
4 72 -33.6168 -16.1812 -79.3097 -32.6697 -16.0774 -79.7768 -28.3929 -17.0278 -75.5 -28.8071 -17.25 -74.5
4 72 -54.8576 19.672 -240.649 -53.8018 19.5924 -240.291 -32.6697 -16.0774 -79.7768 -33.6168 -16.1812 -79.3097
4 72 28.3929 -17.0278 -75.5 32.6697 -16.0774 -79.7768 33.6168 -16.1812 -79.3097 28.8071 -17.25 -74.5
4 72 54.8576 19.672 -240.649 33.6168 -16.1812 -79.3097 32.6697 -16.0774 -79.7768 53.8018 19.5924 -240.291
4 72 49.7071 20.8167 -245.8 54.8576 19.672 -240.649 53.8018 19.5924 -240.291 49.2929 20.5944 -244.8
4 72 49.7071 20.8167 -245.8 49.2929 20.5944 -244.8 -49.2929 20.5944 -244.8 -49.7071 20.8167 -245.8
4 72 -28.3929 -17.0278 -75.5 28.3929 -17.0278 -75.5 28.8071 -17.25 -74.5 -28.8071 -17.25 -74.5

4 0 -34.0625 -18.25 -61.3153 -33.5796 -18.25 -61.4447 -31.5559 -18.25 -50 -32.0637 -18.25 -50
4 0 -33.5796 -18.25 -61.4447 -34.0625 -18.25 -61.3153 -34.1 -18.25 -61.6 -33.6 -18.25 -61.6
4 0 -33.9526 -18.25 -62.15 -33.5196 -18.25 -61.9 -33.6 -18.25 -61.6 -34.1 -18.25 -61.6
4 0 -33.5196 -18.25 -61.9 -33.9526 -18.25 -62.15 -33.55 -18.25 -62.5526 -33.3 -18.25 -62.1196
4 0 -33 -18.25 -62.2 -33.3 -18.25 -62.1196 -33.55 -18.25 -62.5526 -33 -18.25 -62.7
3 0 -10.7784 -18.25 -62.2 -11.2861 -18.25 -62.2 -11.1979 -18.25 -62.7
4 0 -11.2861 -18.25 -62.2 -10.7784 -18.25 -62.2 -12.9296 -18.25 -50 -13.4373 -18.25 -50
4 0 -33 -18.25 -62.7 -11.1979 -18.25 -62.7 -11.2861 -18.25 -62.2 -33 -18.25 -62.2
4 0 -33.3 -18.25 -65.9 -31.1 -18.25 -65.9 -30.6 -18.25 -65.4 -33.8 -18.25 -65.4
4 0 -33.8 -18.25 -69.75 -33.3 -18.25 -69.75 -33.3 -18.25 -65.9 -33.8 -18.25 -65.4
4 0 -31.1 -18.25 -69.75 -30.6 -18.25 -69.75 -30.6 -18.25 -65.4 -31.1 -18.25 -65.9
4 0 -33.3 -18.25 -69.75 -33.8 -18.25 -69.75 -40 -18.25 -70 -33.3 -18.25 -70
3 0 -30.6 -18.25 -69.75 -31.1 -18.25 -69.75 -31.1 -18.25 -70
3 0 -33.8 -18.25 -69.75 -40 -18.25 -69.75 -40 -18.25 -70
4 0 -31.1 -18.25 -70 -31.1 -18.25 -69.75 -33.3 -18.25 -69.75 -33.3 -18.25 -70
4 0 31.5559 -18.25 -50 33.5796 -18.25 -61.4447 34.0625 -18.25 -61.3153 32.0637 -18.25 -50
4 0 33.5796 -18.25 -61.4447 33.6 -18.25 -61.6 34.1 -18.25 -61.6 34.0625 -18.25 -61.3153
4 0 33.6 -18.25 -61.6 33.5196 -18.25 -61.9 33.9526 -18.25 -62.15 34.1 -18.25 -61.6
4 0 33.55 -18.25 -62.5526 33.9526 -18.25 -62.15 33.5196 -18.25 -61.9 33.3 -18.25 -62.1196
4 0 33 -18.25 -62.2 33 -18.25 -62.7 33.55 -18.25 -62.5526 33.3 -18.25 -62.1196
4 0 11.2861 -18.25 -62.2 10.7784 -18.25 -62.2 -11.1979 -18.25 -62.7 11.1979 -18.25 -62.7
4 0 12.9296 -18.25 -50 10.7784 -18.25 -62.2 11.2861 -18.25 -62.2 13.4373 -18.25 -50
4 0 11.2861 -18.25 -62.2 11.1979 -18.25 -62.7 33 -18.25 -62.7 33 -18.25 -62.2
4 0 30.6 -18.25 -65.4 31.1 -18.25 -65.9 33.3 -18.25 -65.9 33.8 -18.25 -65.4
4 0 33.3 -18.25 -65.9 33.3 -18.25 -69.75 33.8 -18.25 -69.75 33.8 -18.25 -65.4
4 0 31.1 -18.25 -69.75 31.1 -18.25 -65.9 30.6 -18.25 -65.4 30.6 -18.25 -69.75
4 0 40 -18.25 -70 33.8 -18.25 -69.75 33.3 -18.25 -69.75 33.3 -18.25 -70
3 0 40 -18.25 -69.75 33.8 -18.25 -69.75 40 -18.25 -70
4 0 31.1 -18.25 -70 33.3 -18.25 -70 33.3 -18.25 -69.75 31.1 -18.25 -69.75
3 0 10.7784 -18.25 -62.2 -10.7784 -18.25 -62.2 -11.1979 -18.25 -62.7
3 0 30.6 -18.25 -69.75 -30.6 -18.25 -69.75 -31.1 -18.25 -70
4 0 31.1 -18.25 -69.75 30.6 -18.25 -69.75 -31.1 -18.25 -70 31.1 -18.25 -70
1 379 39 -18.25 -51 1 0 0 0 1 0 0 0 1 1-4chrd.dat
1 379 -39 -18.25 -51 0 0 -1 0 1 0 1 0 0 1-4chrd.dat
4 379 -31.1 -18.25 -69.75 -31.1 -18.25 -65.9 -33.3 -18.25 -65.9 -33.3 -18.25 -69.75
4 379 -33.8 -18.25 -69.75 -33.8 -18.25 -65.4 -33.9526 -18.25 -62.15 -40 -18.25 -69.75
3 379 -33.9526 -18.25 -62.15 -33.8 -18.25 -65.4 -33.55 -18.25 -62.5526
4 379 -30.6 -18.25 -65.4 -33 -18.25 -62.7 -33.55 -18.25 -62.5526 -33.8 -18.25 -65.4
4 379 -40 -18.25 -51 -40 -18.25 -69.75 -33.9526 -18.25 -62.15 -34.1 -18.25 -61.6
4 379 -11.2861 -18.25 -62.2 -31.5559 -18.25 -50 -33.5796 -18.25 -61.4447 -33 -18.25 -62.2
3 379 -33.5796 -18.25 -61.4447 -33.6 -18.25 -61.6 -33.5196 -18.25 -61.9
4 379 -33 -18.25 -62.2 -33.5796 -18.25 -61.4447 -33.5196 -18.25 -61.9 -33.3 -18.25 -62.1196
3 379 -13.4373 -18.25 -50 -31.5559 -18.25 -50 -11.2861 -18.25 -62.2
4 379 -30.6 -18.25 -65.4 -30.6 -18.25 -69.75 11.1979 -18.25 -62.7 -11.1979 -18.25 -62.7
3 379 -11.1979 -18.25 -62.7 -33 -18.25 -62.7 -30.6 -18.25 -65.4
4 379 33.3 -18.25 -65.9 31.1 -18.25 -65.9 31.1 -18.25 -69.75 33.3 -18.25 -69.75
4 379 33.8 -18.25 -69.75 40 -18.25 -69.75 33.9526 -18.25 -62.15 33.8 -18.25 -65.4
3 379 33.9526 -18.25 -62.15 33.55 -18.25 -62.5526 33.8 -18.25 -65.4
4 379 33.55 -18.25 -62.5526 33 -18.25 -62.7 30.6 -18.25 -65.4 33.8 -18.25 -65.4
4 379 40 -18.25 -51 34.1 -18.25 -61.6 33.9526 -18.25 -62.15 40 -18.25 -69.75
4 379 11.2861 -18.25 -62.2 33 -18.25 -62.2 33.5796 -18.25 -61.4447 31.5559 -18.25 -50
3 379 33.5796 -18.25 -61.4447 33.5196 -18.25 -61.9 33.6 -18.25 -61.6
4 379 33 -18.25 -62.2 33.3 -18.25 -62.1196 33.5196 -18.25 -61.9 33.5796 -18.25 -61.4447
3 379 31.5559 -18.25 -50 13.4373 -18.25 -50 11.2861 -18.25 -62.2
4 379 -30.6 -18.25 -69.75 30.6 -18.25 -69.75 30.6 -18.25 -65.4 11.1979 -18.25 -62.7
3 379 33 -18.25 -62.7 11.1979 -18.25 -62.7 30.6 -18.25 -65.4
4 379 -12.9296 -18.25 -50 -10.7784 -18.25 -62.2 10.7784 -18.25 -62.2 12.9296 -18.25 -50
4 379 40 -18.25 -51 39 -18.25 -50 32.0637 -18.25 -50 34.0625 -18.25 -61.3153
3 379 40 -18.25 -51 34.0625 -18.25 -61.3153 34.1 -18.25 -61.6
4 379 -34.0625 -18.25 -61.3153 -32.0637 -18.25 -50 -39 -18.25 -50 -40 -18.25 -51
3 379 -40 -18.25 -51 -34.1 -18.25 -61.6 -34.0625 -18.25 -61.3153