0 Sticker  2.1 x 11.5 with SW X-wing Starfighter Cockpit Left Side
0 Name: 6045898b.dat
0 Author: Evert-Jan Boer [ejboer]
0 !LDRAW_ORG Part UPDATE 2026-07
0 !LICENSE Licensed under CC BY 4.0 : see CAreadme.txt

0 BFC CERTIFY CCW

0 !CATEGORY Sticker
0 !KEYWORDS Bricklink 10240stk01, Brickowl 186149, Episode 4/5/6
0 !KEYWORDS Rebrickable 15144, Set 10240, Star Wars, UCS
0 !KEYWORDS Ultimate Collector Series

0 !HISTORY 2026-07-02 [Holly-Wood] Sanded
0 !HISTORY 2026-07-30 [OrionP] Official Update 2026-07

0 // Stickerback

4 16 60.65 -.25 -16 72.7805 -.25 -16 93.4476 -.25 15.5953 60.65 -.25 16
3 16 93.0429 -.25 16 60.65 -.25 16 93.4476 -.25 15.5953
3 16 93.4476 -.25 15.5953 72.7805 -.25 -16 97.019 -.25 12.0239
3 16 50.65 -.25 14.5 -86.298 -.25 -16 50.65 -.25 -16

1 16 -115.35 0 -19 0 0 -1 0 -1 0 -1 0 0 7-16chrd.dat
4 16 114.9239 0 3.6673 114.7071 0 3.3429 77.6171 0 -22.6229 75.65 0 -20
4 16 114.9239 0 3.6673 75.65 0 -20 114.9239 0 4.4327 115 0 4.05
3 16 75.65 0 -20 114.7071 0 4.7571 114.9239 0 4.4327
4 16 114.7071 0 4.7571 75.65 0 -20 95.6827 0 19.9239 96.0071 0 19.7071
4 16 95.6827 0 19.9239 75.65 0 -20 55.65 0 20 95.3 0 20
4 16 -115.7327 0 -18.0761 55.65 0 20 75.65 0 -20 -115.35 0 -20

1 16 -115.35 0 -19 0 0 -1 0 -.25 0 -1 0 0 7-16cyli.dat
4 16 77.6171 0 -22.6229 77.6171 -.25 -22.6229 75.65 -.25 -20 75.65 0 -20
4 16 75.65 0 -20 75.65 -.25 -20 -115.35 -.25 -20 -115.35 0 -20
4 16 114.7071 -.25 3.3429 77.6171 -.25 -22.6229 77.6171 0 -22.6229 114.7071 0 3.3429
4 16 114.9239 -.25 3.6673 114.7071 -.25 3.3429 114.7071 0 3.3429 114.9239 0 3.6673
4 16 115 -.25 4.05 114.9239 -.25 3.6673 114.9239 0 3.6673 115 0 4.05
4 16 114.9239 0 4.4327 114.9239 -.25 4.4327 115 -.25 4.05 115 0 4.05
4 16 114.7071 0 4.7571 114.7071 -.25 4.7571 114.9239 -.25 4.4327 114.9239 0 4.4327
4 16 96.0071 -.25 19.7071 114.7071 -.25 4.7571 114.7071 0 4.7571 96.0071 0 19.7071
4 16 95.6827 0 19.9239 95.6827 -.25 19.9239 96.0071 -.25 19.7071 96.0071 0 19.7071
4 16 95.3 0 20 95.3 -.25 20 95.6827 -.25 19.9239 95.6827 0 19.9239
4 16 55.65 -.25 20 95.3 -.25 20 95.3 0 20 55.65 0 20
4 16 55.65 -.25 20 55.65 0 20 -115.7327 0 -18.0761 -115.7327 -.25 -18.0761

2 24 77.6171 0 -22.6229 77.6171 -.25 -22.6229

5 24 114.7071 -.25 4.7571 114.7071 0 4.7571 114.9239 -.25 4.4327 96.0071 0 19.7071
5 24 96.0071 0 19.7071 96.0071 -.25 19.7071 114.7071 -.25 4.7571 95.6827 0 19.9239
5 24 114.9239 0 3.6673 114.9239 -.25 3.6673 114.7071 -.25 3.3429 115 0 4.05
5 24 55.65 0 20 55.65 -.25 20 -115.7327 0 -18.0761 95.3 -.25 20
5 24 115 -.25 4.05 115 0 4.05 114.9239 0 4.4327 114.9239 -.25 3.6673
5 24 95.3 -.25 20 95.3 0 20 95.6827 -.25 19.9239 55.65 0 20
5 24 114.7071 -.25 3.3429 114.7071 0 3.3429 77.6171 -.25 -22.6229 114.9239 0 3.6673
5 24 95.6827 -.25 19.9239 95.6827 0 19.9239 96.0071 -.25 19.7071 95.3 0 20
5 24 114.9239 -.25 4.4327 114.9239 0 4.4327 115 -.25 4.05 114.7071 0 4.7571
5 24 75.65 -.25 -20 75.65 0 -20 -115.35 -.25 -20 77.6171 0 -22.6229
5 24 -115.7327 -.25 -18.0761 -115.7327 0 -18.0761 -116.0571 -.25 -18.2929 55.65 -.25 20

0 BFC NOCLIP

1 379 -115.35 -.25 -19 0 0 -1 0 1 0 -1 0 0 7-16chrd.dat
3 379 59.65 -.25 -16 55.9 -.25 -20 59.784 -.25 -16.5
3 379 59.784 -.25 -16.5 55.9 -.25 -20 60.15 -.25 -16.866
3 379 60.15 -.25 -16.866 55.9 -.25 -20 60.65 -.25 -17
3 379 55.9 -.25 20 60.15 -.25 16.866 60.65 -.25 17
3 379 55.9 -.25 20 59.784 -.25 16.5 60.15 -.25 16.866
3 379 55.9 -.25 20 59.65 -.25 16 59.784 -.25 16.5
4 379 55.9 -.25 -20 59.65 -.25 -16 59.65 -.25 16 55.9 -.25 20
3 379 51.15 -.25 -16.866 50.65 -.25 -17 55.4 -.25 -20
3 379 51.516 -.25 -16.5 51.15 -.25 -16.866 55.4 -.25 -20
3 379 51.65 -.25 -16 51.516 -.25 -16.5 55.4 -.25 -20
4 379 55.9 -.25 -20 75.65 -.25 -20 73.2682 -.25 -17 60.65 -.25 -17
4 379 95.3 -.25 20 93.4571 -.25 17 93.919 -.25 16.5381 95.6827 -.25 19.9239
4 379 95.6827 -.25 19.9239 93.919 -.25 16.5381 114.7071 -.25 4.7571 96.0071 -.25 19.7071
4 379 93.919 -.25 16.5381 98.3517 -.25 12.1054 115 -.25 4.05 114.7071 -.25 4.7571
3 379 114.7071 -.25 4.7571 115 -.25 4.05 114.9239 -.25 4.4327
4 379 98.3517 -.25 12.1054 114.7071 -.25 3.3429 114.9239 -.25 3.6673 115 -.25 4.05
4 379 73.2682 -.25 -17 75.65 -.25 -20 114.7071 -.25 3.3429 98.3517 -.25 12.1054
3 379 114.7071 -.25 3.3429 75.65 -.25 -20 77.6171 -.25 -22.6229
4 379 55.9 -.25 20 60.65 -.25 17 93.4571 -.25 17 95.3 -.25 20
3 379 -89.956 -.25 -16.65 -115.35 -.25 -20 -89.7 -.25 -16.9062
3 379 -89.7 -.25 -16.9062 -115.35 -.25 -20 -89.35 -.25 -17
4 379 -115.35 -.25 -20 -89.956 -.25 -16.65 -90.05 -.25 -16.3 -115.7327 -.25 -18.0761
3 379 -89.956 -.25 -15.95 -115.7327 -.25 -18.0761 -90.05 -.25 -16.3
3 379 -89.7 -.25 -15.6938 -115.7327 -.25 -18.0761 -89.956 -.25 -15.95
3 379 -89.589 -.25 -15.6422 -115.7327 -.25 -18.0761 -89.7 -.25 -15.6938
4 379 55.4 -.25 -20 50.65 -.25 -17 -89.35 -.25 -17 -115.35 -.25 -20
4 379 51.65 -.25 -16 55.4 -.25 -20 55.4 -.25 19.9444 51.65 -.25 14.5
3 379 55.4 -.25 19.9444 51.516 -.25 15 51.65 -.25 14.5
3 379 55.4 -.25 19.9444 51.15 -.25 15.366 51.516 -.25 15
3 379 55.4 -.25 19.9444 50.65 -.25 15.5 51.15 -.25 15.366
3 379 55.4 -.25 19.9444 50.3912 -.25 15.4659 50.65 -.25 15.5
4 379 -89.589 -.25 -15.6422 50.3912 -.25 15.4659 55.4 -.25 19.9444 -115.7327 -.25 -18.0761
4 72 60.15 -.25 16.866 59.784 -.25 16.5 60.65 -.25 16 60.65 -.25 17
4 72 60.65 -.25 17 60.65 -.25 16 93.0429 -.25 16 93.4571 -.25 17
4 72 59.784 -.25 -16.5 60.15 -.25 -16.866 60.65 -.25 -16 59.65 -.25 -16
4 72 60.15 -.25 -16.866 60.65 -.25 -17 72.7805 -.25 -16 60.65 -.25 -16
3 72 72.7805 -.25 -16 60.65 -.25 -17 73.2682 -.25 -17
3 72 59.784 -.25 16.5 59.65 -.25 16 59.65 -.25 -16
4 72 59.784 -.25 16.5 59.65 -.25 -16 60.65 -.25 -16 60.65 -.25 16
4 72 93.4571 -.25 17 93.0429 -.25 16 93.4476 -.25 15.5953 93.919 -.25 16.5381
4 72 97.019 -.25 12.0239 72.7805 -.25 -16 73.2682 -.25 -17 98.3517 -.25 12.1054
4 72 51.15 -.25 15.366 50.65 -.25 15.5 50.65 -.25 14.5 51.516 -.25 15
4 72 50.65 -.25 -16 50.65 -.25 -17 51.15 -.25 -16.866 51.516 -.25 -16.5
4 72 -86.298 -.25 -16 -89.35 -.25 -17 50.65 -.25 -17 50.65 -.25 -16
3 72 51.516 -.25 15 51.65 -.25 -16 51.65 -.25 14.5
4 72 51.516 -.25 15 50.65 -.25 14.5 51.516 -.25 -16.5 51.65 -.25 -16
3 72 50.65 -.25 14.5 50.65 -.25 -16 51.516 -.25 -16.5
3 72 -86.298 -.25 -16 -89.589 -.25 -15.6422 -89.35 -.25 -17
3 72 -86.298 -.25 -16 50.3912 -.25 15.4659 -89.589 -.25 -15.6422
4 72 50.3912 -.25 15.4659 -86.298 -.25 -16 50.65 -.25 14.5 50.65 -.25 15.5
4 72 98.3517 -.25 12.1054 93.919 -.25 16.5381 93.4476 -.25 15.5953 97.019 -.25 12.0239
4 72 -89.35 -.25 -17 -89.589 -.25 -15.6422 -89.7 -.25 -15.6938 -89.7 -.25 -16.9062
4 72 -89.956 -.25 -16.65 -89.7 -.25 -16.9062 -89.7 -.25 -15.6938 -89.956 -.25 -15.95
3 72 -90.05 -.25 -16.3 -89.956 -.25 -16.65 -89.956 -.25 -15.95
4 0 55.9 -.25 20 55.65 -.25 20 55.65 -.25 -20 55.9 -.25 -20
4 0 55.65 -.25 -20 55.65 -.25 20 55.4 -.25 19.9444 55.4 -.25 -20