0 ~Technic Competition Cannon Trigger Short
0 Name: 61280.dat
0 Author: Gerald Lasser [GeraldLasser]
0 !LDRAW_ORG Part UPDATE 2026-07
0 !LICENSE Licensed under CC BY 4.0 : see CAreadme.txt

0 BFC CERTIFY CCW

0 !CATEGORY Technic

0 !HISTORY 2024-09-30 [OrionP] Official Update 2024-08
0 !HISTORY 2025-10-05 [MagFors] Shaped axleend
0 !HISTORY 2026-07-30 [OrionP] Official Update 2026-07

1 16 0 -48 3 1 0 0 0 1 0 0 0 1 axleend2.dat
1 16 0 -30 3 1 0 0 0 1 0 0 0 1 axlehol2.dat
1 16 0 -30 3 1 0 0 0 1 0 0 0 1 axlehol9.dat
1 16 0 -30 3 1 0 0 0 -15.5 0 0 0 1 axlehol8.dat
1 16 0 0 0 1 0 0 0 1 0 0 0 1 s\32075s01.dat

1 16 0 -30 3 8.5 0 0 0 1 0 0 0 9 rect.dat
1 16 0 -24 4 0 0 3 -4 0 0 0 -2 0 box3u2p.dat
4 16 -8.5 -30 -6 -5.5 -28 -6 5.5 -28 -6 8.5 -30 -6
4 16 -5.5 -28 -6 -3 -28 2 3 -28 2 5.5 -28 -6
2 24 5.5 -28 -6 -5.5 -28 -6
4 16 3 -18 10.5 3 -18 12 5.5 -18 12 5.5 -18 -6
4 16 -3 -18 10.5 3 -18 10.5 5.5 -18 -6 -5.5 -18 -6
4 16 -3 -18 10.5 -5.5 -18 -6 -5.5 -18 12 -3 -18 12
2 24 -5.5 -18 12 -5.5 -18 -6
2 24 5.5 -18 12 5.5 -18 -6

4 16 -3 -23 12 -3 -18 12 -5.5 -18 12 -7.61 -25 12
4 16 -3 -26 12 -3 -23 12 -7.61 -25 12 -8.5 -30 12
4 16 0 -26 12 -3 -26 12 -8.5 -30 12 8.5 -30 12
4 16 7.61 -25 12 5.5 -18 12 3 -18 12 3 -23 12
4 16 7.61 -25 12 3 -23 12 3 -26 12 8.5 -30 12
3 16 8.5 -30 12 3 -26 12 0 -26 12

0 BFC INVERTNEXT
1 16 0 -23 12 3 0 0 0 0 -3 0 -1.5 0 2-4cylo.dat
1 16 0 -23 10.5 3 0 0 0 0 -3 0 -1 0 2-4chrd.dat
1 16 0 -23 12 3 0 0 0 0 -3 0 -1 0 2-4ndis.dat
0 BFC INVERTNEXT
1 16 0 -20.5 12 0 0 -3 -2.5 0 0 0 -1.5 0 box3u5p.dat
2 24 -3 -18 12 -5.5 -18 12
2 24 5.5 -18 12 3 -18 12

0 BFC INVERTNEXT
1 16 4.25 -24 -1 0 1.25 0 -4 0 0 0 0 5 box2-7.dat
4 16 3 -28 4 5.5 -28 4 5.5 -28 -6 3 -28 2
2 24 5.5 -28 -6 5.5 -20 -6
4 16 8.5 -30 12 8.5 -30 -6 8.5 -23.75 -6 8.5 -23.75 -1
3 16 8.5 -25 12 8.5 -30 12 8.5 -23.75 -1
4 16 8.5 -30 -6 5.5 -28 -6 7.61 -23.75 -6 8.5 -23.75 -6
3 16 5.5 -28 -6 5.5 -20 -6 7.61 -23.75 -6
3 16 7.61 -25 12 8.5 -30 12 8.5 -25 12
2 24 8.5 -23.75 -6 8.5 -30 -6
2 24 8.5 -25 12 8.5 -30 12

0 BFC INVERTNEXT
1 16 -4.25 -24 -1 0 -1.25 0 -4 0 0 0 0 5 box2-7.dat
4 16 -5.5 -28 -6 -5.5 -28 4 -3 -28 4 -3 -28 2
2 24 -5.5 -28 -6 -5.5 -20 -6
4 16 -8.5 -23.75 -6 -8.5 -30 -6 -8.5 -30 12 -8.5 -23.75 -1
3 16 -8.5 -30 12 -8.5 -25 12 -8.5 -23.75 -1
4 16 -7.61 -23.75 -6 -5.5 -28 -6 -8.5 -30 -6 -8.5 -23.75 -6
3 16 -5.5 -20 -6 -5.5 -28 -6 -7.61 -23.75 -6
3 16 -8.5 -30 12 -7.61 -25 12 -8.5 -25 12
2 24 -8.5 -23.75 -6 -8.5 -30 -6
2 24 -8.5 -25 12 -8.5 -30 12