0 Sticker  1.9 x  3.8 with Black Stripe on White Background (Formed)
0 Name: 6142617ec01.dat
0 Author: Massimo Maso [Sirio]
0 !LDRAW_ORG Part UPDATE 2022-05
0 !LICENSE Licensed under CC BY 4.0 : see CAreadme.txt

0 BFC CERTIFY CCW

0 !KEYWORDS 1969, Camaro, Chevrolet, Drag, Race, Set 75874, Speed Champions
0 !KEYWORDS Z/28

0 !HISTORY 2022-09-15 [PTadmin] Official Update 2022-05


1 16 0 -15.6377 12.6163 1 0 0 0 .998798 -.049008 0 .049008 .998798 s\6142617es01.dat
1 16 0 -15.6377 12.6163 1 0 0 0 .989808 -.142406 0 .142406 .989808 s\6142617es02.dat
1 16 0 -12.8729 -1.6532 1 0 0 0 .971182 -.238339 0 .238339 .971182 s\6142617es03.dat
1 16 0 -12.8729 -1.6532 1 0 0 0 .941687 -.336489 0 .336489 .941687 s\6142617es04.dat
1 16 0 -7.5277 -14.4459 1 0 0 0 .900443 -.434973 0 .434973 .900443 s\6142617es05.dat
1 16 0 -7.5277 -14.4459 1 0 0 0 .844124 -.536148 0 .536148 .844124 s\6142617es06.dat
1 16 0 0 0 1 0 0 0 1 0 0 0 1 s\6142617es08.dat
