0 Sticker  1.9 x  0.8 with Black Airscoope on White Background (Formed)
0 Name: 6142275adc01.dat
0 Author: Massimo Maso [Sirio]
0 !LDRAW_ORG Part UPDATE 2023-06
0 !LICENSE Licensed under CC BY 4.0 : see CAreadme.txt

0 BFC CERTIFY CCW

0 !KEYWORDS Audi, e-tron, quattro, R18, Set 75872, Speed Champions

0 !HISTORY 2023-11-19 [OrionP] Official Update 2023-06


1 16 0 -15.6524 12.616 1 0 0 0 .998894 -.047023 0 .047023 .998894 s\6142275ads01.dat
4 15 -8 -15.9016 12.5922 -8 -14.8493 5.3122 8 -14.8493 5.3122 8 -15.9016 12.5922
1 16 0 -12.8827 -1.648 1 0 0 0 .971148 -.238478 0 .238478 .971148 s\6142275ads02.dat
1 16 0 -12.8827 -1.648 1 0 0 0 .941616 -.336689 0 .336689 .941616 s\6142275ads03.dat
1 16 0 -7.5316 -14.436 1 0 0 0 .900072 -.435742 0 .435742 .900072 s\6142275ads04.dat
1 16 0 -7.5316 -14.436 1 0 0 0 .844289 -.535889 0 .535889 .844289 s\6142275ads05.dat
1 16 0 0 0 1 0 0 0 1 0 0 0 1 s\6142275ads07.dat
