0 Sticker  0.8 x  1.9 with Black Arc on Red Background Left (Formed)
0 Name: 6142617fc01.dat
0 Author: Massimo Maso [Sirio]
0 !LDRAW_ORG Part UPDATE 2023-04
0 !LICENSE Licensed under CC BY 4.0 : see CAreadme.txt

0 BFC CERTIFY CCW

0 !KEYWORDS Camaro, Chevrolet, Drag, Race, Set 75874, Speed Champions, SS

0 !HISTORY 2023-08-25 [OrionP] Official Update 2023-04


1 16 12.616 -15.6524 0 0 .047023 .998894 0 .998894 -.047023 -1 0 0 s\6142617fs01.dat
1 16 12.616 -15.6524 0 0 .143056 .989715 0 .989715 -.143056 -1 0 0 s\6142617fs02.dat
1 16 -1.648 -12.8827 0 0 .238478 .971148 0 .971148 -.238478 -1 0 0 s\6142617fs03.dat
1 16 -1.648 -12.8827 0 0 .336689 .941616 0 .941616 -.336689 -1 0 0 s\6142617fs04.dat
1 16 -14.436 -7.5316 0 0 .435742 .900072 0 .900072 -.435742 -1 0 0 s\6142617fs05.dat
1 16 -14.436 -7.5316 0 0 .535889 .844289 0 .844289 -.535889 -1 0 0 s\6142617fs06.dat
1 16 0 0 0 0 0 1 0 1 0 -1 0 0 s\6142617fs08.dat
