0 Sticker  1.8 x  0.8 with R8 Logo on Black and White Background Left
0 Name: 6142271h.dat
0 Author: Massimo Maso [Sirio]
0 !LDRAW_ORG Part UPDATE 2026-07
0 !LICENSE Licensed under CC BY 4.0 : see CAreadme.txt

0 BFC CERTIFY CCW

0 !CATEGORY Sticker
0 !KEYWORDS Audi, Bricklink 75873stk01a, Brickowl 427960, LMS, Rebrickable 24755
0 !KEYWORDS Set 75873, Speed Champions, Ultra

0 !HISTORY 2025-05-28 [OrionP] Official Update 2025-05
0 !HISTORY 2026-07-18 [MagFors] Update description
0 !HISTORY 2026-07-30 [OrionP] Official Update 2026-07

0 // Subparts
1 0 0 -.25 5.605 1 0 0 0 1 0 0 0 1 s\6142271hs01.dat
0 // Primitives
1 16 6.5 0 16.5 0 0 1.5 0 -1 0 1.5 0 0 1-4chrd.dat
1 16 6.5 0 -16.5 0 0 1.5 0 -1 0 -1.5 0 0 1-4chrd.dat
1 16 0 -.25 0 6.5 0 0 0 .25 0 0 0 -18 box3u12.dat
1 16 -6.5 0 16.5 0 0 -1.5 0 -1 0 1.5 0 0 1-4chrd.dat
1 16 -6.5 0 -16.5 0 0 -1.5 0 -1 0 -1.5 0 0 1-4chrd.dat
1 16 6.5 0 16.5 0 0 1.5 0 -.25 0 1.5 0 0 1-4cyli.dat
1 16 6.5 0 -16.5 0 0 1.5 0 -.25 0 -1.5 0 0 1-4cyli.dat
1 16 -6.5 0 16.5 0 0 -1.5 0 -.25 0 1.5 0 0 1-4cyli.dat
1 16 -6.5 0 -16.5 0 0 -1.5 0 -.25 0 -1.5 0 0 1-4cyli.dat
1 15 6.5 -.25 16.5 1.5 0 0 0 1 0 0 0 1.5 1-8chrd.dat
1 0 6.5 -.25 16.5 0 0 1.5 0 1 0 1.5 0 0 1-8chrd.dat
1 15 6.5 -.25 -16.5 0 0 1.5 0 1 0 -1.5 0 0 1-4chrd.dat
1 0 -6.5 -.25 16.5 0 0 -1.5 0 1 0 1.5 0 0 1-4chrd.dat
1 15 -6.5 -.25 -16.5 0 0 -1.5 0 1 0 -1.5 0 0 1-4chrd.dat
1 0 6.2478 -.25 6.5144 .5622 0 .21 0 1 0 0 0 .42 1-8chrd.dat
1 0 6.2478 -.25 6.5144 .21 0 .5622 0 1 0 .42 0 0 1-8chrd.dat
1 15 6.2478 -.25 6.5144 .5622 0 .21 0 1 0 0 0 .42 1-4ndis.dat
1 0 5.1876 -.25 4.394 .5622 0 -.21 0 1 0 0 0 -.42 1-8chrd.dat
1 0 5.1876 -.25 4.394 -.21 0 .5622 0 1 0 -.42 0 0 1-8chrd.dat
1 15 5.1876 -.25 4.394 .5622 0 -.21 0 1 0 0 0 -.42 1-4ndis.dat
0 // Bottom faces
4 16 8 0 -16.5 6.5 0 -18 6.5 0 18 8 0 16.5
4 16 -8 0 -16.5 -8 0 16.5 -6.5 0 18 -6.5 0 -18
0 // Lateral faces
4 16 8 0 16.5 8 -.25 16.5 8 -.25 -16.5 8 0 -16.5
3 16 -8 0 16.5 -8 -.25 -13.5608 -8 -.25 16.5
4 16 -8 0 16.5 -8 0 -16.5 -8 -.25 -16.5 -8 -.25 -13.5608
0 // Black top faces
4 0 -8 -.25 16.5 7.5607 -.25 17.5607 6.5 -.25 18 -6.5 -.25 18
4 0 -8 -.25 16.5 .54 -.25 7.945 2.7527 -.25 7.9448 7.5607 -.25 17.5607
3 0 -8 -.25 16.5 -2.7527 -.25 7.945 .54 -.25 7.945
3 0 -8 -.25 16.5 -4.32 -.25 7.945 -2.7527 -.25 7.945
3 0 -8 -.25 16.5 -6.66 -.25 7.945 -4.32 -.25 7.945
4 0 -8 -.25 16.5 -8 -.25 -13.5608 -6.66 -.25 3.265 -6.66 -.25 7.945
3 0 -8 -.25 -13.5608 .4127 -.25 3.2648 -.4127 -.25 3.265
3 0 -8 -.25 -13.5608 -.4127 -.25 3.265 -1.8 -.25 3.265
3 0 -8 -.25 -13.5608 -1.8 -.25 3.265 -6.66 -.25 3.265
4 0 .1944 -.25 4.2142 -.2736 -.25 5.1502 -.8574 -.25 5.1502 -1.1064 -.25 4.6523
4 0 .1944 -.25 4.2142 -1.1064 -.25 4.6523 -.4127 -.25 3.265 .4127 -.25 3.2648
3 0 .1944 -.25 4.2142 .4127 -.25 3.2648 .7673 -.25 3.974
3 0 .1944 -.25 4.2142 .7673 -.25 3.974 1.1988 -.25 4.2142
3 0 .7673 -.25 3.974 1.3878 -.25 4.2142 1.1988 -.25 4.2142
3 0 .7673 -.25 3.974 1.71 -.25 4.2142 1.3878 -.25 4.2142
4 0 .7673 -.25 3.974 4.9776 -.25 3.974 5.0976 -.25 4.2142 1.71 -.25 4.2142
4 0 5.4198 -.25 4.2142 5.0976 -.25 4.2142 4.9776 -.25 3.974 5.43664 -.25 4.09702
3 0 5.4198 -.25 4.2142 5.43664 -.25 4.09702 5.7498 -.25 4.394
4 0 5.4198 -.25 4.2142 5.7498 -.25 4.394 6.1899 -.25 5.2742 5.5098 -.25 4.3942
4 0 5.9499 -.25 5.2744 5.5098 -.25 4.3942 6.1899 -.25 5.2742 6.2125 -.25 5.3289
4 0 5.9499 -.25 5.2744 6.2125 -.25 5.3289 6.2251 -.25 5.3828 6.2275 -.25 5.4348
4 0 5.9499 -.25 5.2744 6.2275 -.25 5.4348 6.2244 -.25 5.4542 6.0399 -.25 5.4544
4 0 6.1299 -.25 5.6344 6.0399 -.25 5.4544 6.2244 -.25 5.4542 6.2468 -.25 5.4734
4 0 6.1299 -.25 5.6344 6.2468 -.25 5.4734 6.2964 -.25 5.5254 6.3377 -.25 5.5793
4 0 6.1299 -.25 5.6344 6.3377 -.25 5.5793 6.3699 -.25 5.6342 6.57 -.25 6.5146
4 0 6.66 -.25 6.6946 6.57 -.25 6.5146 6.3699 -.25 5.6342 6.81 -.25 6.5144
3 0 6.66 -.25 6.6946 6.81 -.25 6.5144 6.7938 -.25 6.8114
4 0 6.66 -.25 6.6946 6.7938 -.25 6.8114 6.4578 -.25 6.9344 6.3378 -.25 6.6946
4 0 2.2475 -.25 6.9344 2.9502 -.25 6.6946 6.3378 -.25 6.6946 6.4578 -.25 6.9344
3 0 2.2475 -.25 6.9344 2.628 -.25 6.6946 2.9502 -.25 6.6946
3 0 2.2475 -.25 6.9344 1.7946 -.25 6.6946 2.628 -.25 6.6946
4 0 2.7527 -.25 7.9448 1.4724 -.25 6.6946 1.7946 -.25 6.6946 2.2475 -.25 6.9344
4 0 2.7527 -.25 7.9448 .54 -.25 7.945 -.0852 -.25 6.6946 1.4724 -.25 6.6946
0 // White top faces
3 15 2.7527 -.25 7.9448 2.2475 -.25 6.9344 6.4578 -.25 6.9344
4 15 2.7527 -.25 7.9448 6.4578 -.25 6.9344 7.02 -.25 6.9344 7.5607 -.25 17.5607
4 15 8 -.25 -16.5 8 -.25 16.5 7.5607 -.25 17.5607 7.02 -.25 6.9344
3 15 8 -.25 -16.5 7.02 -.25 6.9344 6.81 -.25 6.5144
3 15 8 -.25 -16.5 6.81 -.25 6.5144 6.3699 -.25 5.6342
3 15 8 -.25 -16.5 6.3699 -.25 5.6342 6.1899 -.25 5.2742
3 15 8 -.25 -16.5 6.1899 -.25 5.2742 5.7498 -.25 4.394
3 15 8 -.25 -16.5 5.7498 -.25 4.394 5.5398 -.25 3.974
4 15 8 -.25 -16.5 5.5398 -.25 3.974 -8 -.25 -13.5608 -8 -.25 -16.5
4 15 8 -.25 -16.5 -8 -.25 -16.5 -6.5 -.25 -18 6.5 -.25 -18
3 15 4.9776 -.25 3.974 .7673 -.25 3.974 .4127 -.25 3.2648
4 15 4.9776 -.25 3.974 .4127 -.25 3.2648 -8 -.25 -13.5608 5.5398 -.25 3.974
4 15 6.3377 -.25 5.5793 6.2125 -.25 5.3289 6.1899 -.25 5.2742 6.3699 -.25 5.6342
4 15 6.3377 -.25 5.5793 6.2964 -.25 5.5254 6.2251 -.25 5.3828 6.2125 -.25 5.3289
4 15 6.2468 -.25 5.4734 6.2275 -.25 5.4348 6.2251 -.25 5.3828 6.2964 -.25 5.5254
3 15 6.2468 -.25 5.4734 6.2244 -.25 5.4542 6.2275 -.25 5.4348