0 Sticker  0.8 x  1.9 with Black Air Vent on Transparent Background Right (Formed)
0 Name: 6177949hc01.dat
0 Author: Massimo Maso [Sirio]
0 !LDRAW_ORG Part UPDATE 2023-04
0 !LICENSE Licensed under CC BY 4.0 : see CAreadme.txt

0 BFC CERTIFY CCW

0 !KEYWORDS Bugatti, Chiron, Set 75878, Speed Champions

0 !HISTORY 2023-08-25 [OrionP] Official Update 2023-04


1 16 0 -15.6524 12.616 1 0 0 0 .998894 -.047023 0 .047023 .998894 s\6177949hs01.dat
1 16 0 -15.6524 12.616 1 0 0 0 .989715 -.143056 0 .143056 .989715 s\6177949hs02.dat
1 16 0 -12.8827 -1.648 1 0 0 0 .971148 -.238478 0 .238478 .971148 s\6177949hs03.dat
1 16 0 -12.8827 -1.648 1 0 0 0 .941616 -.336689 0 .336689 .941616 s\6177949hs04.dat
1 16 0 -7.5316 -14.436 1 0 0 0 .900072 -.435742 0 .435742 .900072 s\6177949hs05.dat
1 16 0 -7.5316 -14.436 1 0 0 0 .844289 -.535889 0 .535889 .844289 s\6177949hs06.dat
1 16 0 0 0 1 0 0 0 1 0 0 0 1 s\6177949fs08.dat
