0 Sticker  0.8 x  3.8 with White Italic "Speed Champions" and Chequered Flag on Green Background
0 Name: 6218741k.dat
0 Author: Massimo Maso [Sirio]
0 !LDRAW_ORG Part UPDATE 2026-07
0 !LICENSE Licensed under CC BY 4.0 : see CAreadme.txt

0 BFC CERTIFY CCW

0 !CATEGORY Sticker
0 !KEYWORDS 0 !KEYWORDS 1968, BrickLink 75884stk01, Brickowl 37251, Fastback
0 !KEYWORDS Ford, Mustang, Rebrickable 37571, Set 75884, Speed Champions

0 !HISTORY 2026-07-30 [OrionP] Official Update 2026-07

0 // Stickerback
1 16 0 0 0 1 0 0 0 1 0 0 0 1 s\stickerback008x038.dat
0 // Primitives
1 288 -36.5 -.25 6.5 -1.5 0 0 0 1 0 0 0 1.5 1-4chrd.dat
1 288 36.5 -.25 6.5 1.5 0 0 0 1 0 0 0 1.5 1-4chrd.dat
1 288 -36.5 -.25 -6.5 -1.5 0 0 0 1 0 0 0 -1.5 1-4chrd.dat
1 288 36.5 -.25 -6.5 1.5 0 0 0 1 0 0 0 -1.5 1-4chrd.dat
0 // Top face
0 // White text "SPEED
0 // Letter "Speed"
0 // Primitives
1 288 -28.1318 -.25 4.76 .528 0 .1398 0 1 0 0 0 .44 1-4ndis.dat
1 15 -28.1318 -.25 4.76 .528 0 .1398 0 1 0 0 0 .44 1-4chrd.dat
1 15 -28.4367 -.25 3.8 .528 0 -.1398 0 1 0 0 0 -.44 1-4chrd.dat
1 288 -28.4367 -.25 3.8 .528 0 -.1398 0 1 0 0 0 -.44 1-4ndis.dat
1 288 -32.8471 -.25 3.44 -2.112 0 .5591 0 1 0 0 0 1.76 1-4ndis.dat
1 15 -32.8471 -.25 3.44 -2.112 0 .5591 0 1 0 0 0 1.76 1-4chrd.dat
1 15 -32.5901 -.25 3.04 .1032 0 -.384 0 1 0 .32 0 0 2-4ndis.dat
1 288 -32.5901 -.25 3.04 .1032 0 -.384 0 1 0 .32 0 0 2-4chrd.dat
1 15 -33.1012 -.25 2.64 -2.112 0 -.5591 0 1 0 0 0 -1.76 1-4chrd.dat
1 288 -33.1012 -.25 2.64 -2.112 0 -.5591 0 1 0 0 0 -1.76 1-4ndis.dat
1 288 -29.5873 -.25 1.84 1.056 0 .2795 0 1 0 0 0 .88 1-4ndis.dat
1 15 -29.5873 -.25 1.84 1.056 0 .2795 0 1 0 0 0 .88 1-4chrd.dat
1 15 -31.4339 -.25 .56 .1032 0 .384 0 1 0 .32 0 0 2-4ndis.dat
1 288 -31.4339 -.25 .56 .1032 0 .384 0 1 0 .32 0 0 2-4chrd.dat
1 15 -31.1769 -.25 .16 2.112 0 -.5591 0 1 0 0 0 -1.76 1-4chrd.dat
1 288 -31.1769 -.25 .16 2.112 0 -.5591 0 1 0 0 0 -1.76 1-4ndis.dat
1 288 -35.5873 -.25 -.2 -.528 0 .1398 0 1 0 0 0 .44 1-4ndis.dat
1 15 -35.5873 -.25 -.2 -.528 0 .1398 0 1 0 0 0 .44 1-4chrd.dat
1 15 -35.8922 -.25 -1.16 -.528 0 -.1398 0 1 0 0 0 -.44 1-4chrd.dat
1 288 -35.8922 -.25 -1.16 -.528 0 -.1398 0 1 0 0 0 -.44 1-4ndis.dat
0 // Faces
4 15 -28.5765 -.25 3.36 -27.9087 -.25 3.8 -27.6038 -.25 4.76 -27.992 -.25 5.2
4 15 -28.5765 -.25 3.36 -27.992 -.25 5.2 -32.288 -.25 5.2 -32.4869 -.25 3.36
4 15 -32.8709 -.25 3.36 -32.4869 -.25 3.36 -32.288 -.25 5.2 -34.9591 -.25 3.44
3 15 -32.8709 -.25 3.36 -34.9591 -.25 3.44 -32.9741 -.25 3.04
4 15 -33.0773 -.25 2.72 -32.9741 -.25 3.04 -34.9591 -.25 3.44 -35.2132 -.25 2.64
3 15 -33.0773 -.25 2.72 -35.2132 -.25 2.64 -33.6603 -.25 .88
4 15 -33.0773 -.25 2.72 -33.6603 -.25 .88 -31.3307 -.25 .88 -32.6933 -.25 2.72
4 15 -30.9467 -.25 .88 -29.3078 -.25 2.72 -32.6933 -.25 2.72 -31.3307 -.25 .88
3 15 -30.9467 -.25 .88 -28.5313 -.25 1.84 -29.3078 -.25 2.72
4 15 -30.9467 -.25 .88 -31.0499 -.25 .56 -29.0649 -.25 .16 -28.5313 -.25 1.84
4 15 -31.736 -.25 -1.6 -29.0649 -.25 .16 -31.0499 -.25 .56 -31.1531 -.25 .24
3 15 -31.1531 -.25 .24 -31.5371 -.25 .24 -31.736 -.25 -1.6
4 15 -35.4475 -.25 .24 -36.032 -.25 -1.6 -31.736 -.25 -1.6 -31.5371 -.25 .24
4 15 -35.4475 -.25 .24 -36.1153 -.25 -.2 -36.4202 -.25 -1.16 -36.032 -.25 -1.6
0 // Letter "sPeed"
0 // Primitives
1 288 -26.4358 -.25 4.76 -.528 0 .1398 0 1 0 0 0 .44 1-4ndis.dat
1 15 -26.4358 -.25 4.76 -.528 0 .1398 0 1 0 0 0 .44 1-4chrd.dat
1 288 -22.1351 -.25 3.44 2.112 0 .5591 0 1 0 0 0 1.76 1-4ndis.dat
1 15 -22.1351 -.25 3.44 2.112 0 .5591 0 1 0 0 0 1.76 1-4chrd.dat
1 15 -26.7407 -.25 3.8 -.528 0 -.1398 0 1 0 0 0 -.44 1-4chrd.dat
1 288 -26.7407 -.25 3.8 -.528 0 -.1398 0 1 0 0 0 -.44 1-4ndis.dat
1 15 -26.9525 -.25 3.1333 .272 0 .072 0 1 0 0 0 .2267 1-4ndis.dat
1 288 -26.9525 -.25 3.1333 .272 0 .072 0 1 0 0 0 .2267 1-4chrd.dat
1 15 -24.4885 -.25 3.1333 -.272 0 .072 0 1 0 0 0 .2267 1-4ndis.dat
1 288 -24.4885 -.25 3.1333 -.272 0 .072 0 1 0 0 0 .2267 1-4chrd.dat
1 15 -22.3125 -.25 3.1333 .272 0 .072 0 1 0 0 0 .2267 1-4ndis.dat
1 288 -22.3125 -.25 3.1333 .272 0 .072 0 1 0 0 0 .2267 1-4chrd.dat
1 288 -24.8273 -.25 2.0667 -.272 0 -.072 0 1 0 0 0 -.2267 1-4chrd.dat
1 15 -24.8273 -.25 2.0667 -.272 0 -.072 0 1 0 0 0 -.2267 1-4ndis.dat
1 288 -22.6513 -.25 2.0667 .272 0 -.072 0 1 0 0 0 -.2267 1-4chrd.dat
1 15 -22.6513 -.25 2.0667 .272 0 -.072 0 1 0 0 0 -.2267 1-4ndis.dat
1 15 -22.6687 -.25 1.76 2.112 0 -.5591 0 1 0 0 0 -1.76 1-4chrd.dat
1 288 -22.6687 -.25 1.76 2.112 0 -.5591 0 1 0 0 0 -1.76 1-4ndis.dat
1 15 -25.5558 -.25 -.2267 -.272 0 .072 0 1 0 0 0 .2267 1-4ndis.dat
1 288 -25.5558 -.25 -.2267 -.272 0 .072 0 1 0 0 0 .2267 1-4chrd.dat
1 15 -27.5162 -.25 -1.16 -.528 0 -.1398 0 1 0 0 0 -.44 1-4chrd.dat
1 288 -27.5162 -.25 -1.16 -.528 0 -.1398 0 1 0 0 0 -.44 1-4ndis.dat
1 15 -26.6522 -.25 -1.16 .528 0 -.1398 0 1 0 0 0 -.44 1-4chrd.dat
1 288 -26.6522 -.25 -1.16 .528 0 -.1398 0 1 0 0 0 -.44 1-4ndis.dat
0 // Faces
4 15 -26.1242 -.25 -1.16 -28.0442 -.25 -1.16 -27.656 -.25 -1.6 -26.792 -.25 -1.6
3 15 -28.0442 -.25 -1.16 -26.1242 -.25 -1.16 -25.8278 -.25 -.2267
3 15 -28.0442 -.25 -1.16 -25.8278 -.25 -.2267 -25.7558 -.25 0
4 15 -28.0442 -.25 -1.16 -25.7558 -.25 0 -24.8993 -.25 1.84 -25.1713 -.25 1.84
4 15 -28.0442 -.25 -1.16 -25.1713 -.25 1.84 -25.0993 -.25 2.0667 -26.6805 -.25 3.1333
4 15 -26.6085 -.25 3.36 -26.6805 -.25 3.1333 -25.0993 -.25 2.0667 -24.7605 -.25 3.1333
4 15 -26.6085 -.25 3.36 -24.7605 -.25 3.1333 -24.6885 -.25 3.36 -26.296 -.25 5.2
3 15 -26.6085 -.25 3.36 -26.296 -.25 5.2 -26.9638 -.25 4.76
4 15 -26.6085 -.25 3.36 -26.9638 -.25 4.76 -27.2687 -.25 3.8 -26.8805 -.25 3.36
4 15 -21.576 -.25 5.2 -26.296 -.25 5.2 -24.6885 -.25 3.36 -24.4165 -.25 3.36
3 15 -21.576 -.25 5.2 -24.4165 -.25 3.36 -22.2405 -.25 3.36
4 15 -22.2405 -.25 3.36 -21.9685 -.25 3.36 -20.0231 -.25 3.44 -21.576 -.25 5.2
3 15 -20.0231 -.25 3.44 -21.9685 -.25 3.36 -22.0405 -.25 3.1333
4 15 -20.0231 -.25 3.44 -22.0405 -.25 3.1333 -22.3793 -.25 2.0667 -20.5567 -.25 1.76
3 15 -22.4513 -.25 1.84 -20.5567 -.25 1.76 -22.3793 -.25 2.0667
3 15 -22.4513 -.25 1.84 -23.2278 -.25 0 -20.5567 -.25 1.76
4 15 -22.4513 -.25 1.84 -22.7233 -.25 1.84 -25.4838 -.25 0 -23.2278 -.25 0
4 15 -25.4838 -.25 0 -22.7233 -.25 1.84 -24.8993 -.25 1.84 -25.7558 -.25 0
0 // Letter "spEed"
0 // Primitives
1 288 -18.8091 -.25 4.76 -.528 0 .1398 0 1 0 0 0 .44 1-4ndis.dat
1 15 -18.8091 -.25 4.76 -.528 0 .1398 0 1 0 0 0 .44 1-4chrd.dat
1 288 -12.5051 -.25 4.76 .528 0 .1398 0 1 0 0 0 .44 1-4ndis.dat
1 15 -12.5051 -.25 4.76 .528 0 .1398 0 1 0 0 0 .44 1-4chrd.dat
1 15 -13.1983 -.25 4.24 1.056 0 -.2795 0 1 0 0 0 -.88 1-4chrd.dat
1 288 -13.1983 -.25 4.24 1.056 0 -.2795 0 1 0 0 0 -.88 1-4ndis.dat
1 15 -19.114 -.25 3.8 -.528 0 -.1398 0 1 0 0 0 -.44 1-4chrd.dat
1 288 -19.114 -.25 3.8 -.528 0 -.1398 0 1 0 0 0 -.44 1-4ndis.dat
1 15 -19.3258 -.25 3.1333 .272 0 .072 0 1 0 0 0 .2267 1-4ndis.dat
1 288 -19.3258 -.25 3.1333 .272 0 .072 0 1 0 0 0 .2267 1-4chrd.dat
1 15 -16.7795 -.25 3.04 .1032 0 -.384 0 1 0 .32 0 0 2-4ndis.dat
1 288 -16.7795 -.25 3.04 .1032 0 -.384 0 1 0 .32 0 0 2-4chrd.dat
1 288 -14.3489 -.25 2.28 .528 0 .1398 0 1 0 0 0 .44 1-4ndis.dat
1 15 -14.3489 -.25 2.28 .528 0 .1398 0 1 0 0 0 .44 1-4chrd.dat
1 15 -15.042 -.25 1.76 1.056 0 -.2795 0 1 0 0 0 -.88 1-4chrd.dat
1 288 -15.042 -.25 1.76 1.056 0 -.2795 0 1 0 0 0 -.88 1-4ndis.dat
1 15 -17.5672 -.25 .56 .1032 0 -.384 0 1 0 .32 0 0 2-4ndis.dat
1 288 -17.5672 -.25 .56 .1032 0 -.384 0 1 0 .32 0 0 2-4chrd.dat
1 288 -14.0806 -.25 -.2 .528 0 .1398 0 1 0 0 0 .44 1-4ndis.dat
1 15 -14.0806 -.25 -.2 .528 0 .1398 0 1 0 0 0 .44 1-4chrd.dat
1 15 -14.7738 -.25 -.72 1.056 0 -.2795 0 1 0 0 0 -.88 1-4chrd.dat
1 288 -14.7738 -.25 -.72 1.056 0 -.2795 0 1 0 0 0 -.88 1-4ndis.dat
1 15 -19.8895 -.25 -1.16 -.528 0 -.1398 0 1 0 0 0 -.44 1-4chrd.dat
1 288 -19.8895 -.25 -1.16 -.528 0 -.1398 0 1 0 0 0 -.44 1-4ndis.dat
0 // Faces
4 15 -13.4778 -.25 3.36 -12.1423 -.25 4.24 -11.9771 -.25 4.76 -12.3653 -.25 5.2
4 15 -13.4778 -.25 3.36 -12.3653 -.25 5.2 -18.6693 -.25 5.2 -16.6763 -.25 3.36
3 15 -18.6693 -.25 5.2 -17.0603 -.25 3.36 -16.6763 -.25 3.36
4 15 -18.6693 -.25 5.2 -18.9818 -.25 3.36 -17.1635 -.25 3.04 -17.0603 -.25 3.36
3 15 -18.6693 -.25 5.2 -19.2538 -.25 3.36 -18.9818 -.25 3.36
4 15 -18.6693 -.25 5.2 -19.3371 -.25 4.76 -19.642 -.25 3.8 -19.2538 -.25 3.36
4 15 -17.2667 -.25 2.72 -17.1635 -.25 3.04 -18.9818 -.25 3.36 -19.0538 -.25 3.1333
4 15 -17.2667 -.25 2.72 -19.0538 -.25 3.1333 -20.4175 -.25 -1.16 -17.848 -.25 .88
4 15 -16.8827 -.25 2.72 -17.2667 -.25 2.72 -17.848 -.25 .88 -17.464 -.25 .88
4 15 -16.8827 -.25 2.72 -17.464 -.25 .88 -15.3215 -.25 .88 -13.986 -.25 1.76
4 15 -16.8827 -.25 2.72 -13.986 -.25 1.76 -13.8209 -.25 2.28 -14.2091 -.25 2.72
4 15 -17.6704 -.25 .24 -13.7178 -.25 -.72 -13.5526 -.25 -.2 -13.9408 -.25 .24
3 15 -17.6704 -.25 .24 -15.0533 -.25 -1.6 -13.7178 -.25 -.72
4 15 -20.0293 -.25 -1.6 -17.9512 -.25 .56 -17.848 -.25 .88 -20.4175 -.25 -1.16
3 15 -20.0293 -.25 -1.6 -18.0544 -.25 .24 -17.9512 -.25 .56
4 15 -20.0293 -.25 -1.6 -15.0533 -.25 -1.6 -17.6704 -.25 .24 -18.0544 -.25 .24
0 // Letter "speEd"
0 // Primitives
1 288 -11.1824 -.25 4.76 -.528 0 .1398 0 1 0 0 0 .44 1-4ndis.dat
1 15 -11.1824 -.25 4.76 -.528 0 .1398 0 1 0 0 0 .44 1-4chrd.dat
1 288 -4.8784 -.25 4.76 .528 0 .1398 0 1 0 0 0 .44 1-4ndis.dat
1 15 -4.8784 -.25 4.76 .528 0 .1398 0 1 0 0 0 .44 1-4chrd.dat
1 15 -5.5716 -.25 4.24 1.056 0 -.2795 0 1 0 0 0 -.88 1-4chrd.dat
1 288 -5.5716 -.25 4.24 1.056 0 -.2795 0 1 0 0 0 -.88 1-4ndis.dat
1 15 -11.4873 -.25 3.8 -.528 0 -.1398 0 1 0 0 0 -.44 1-4chrd.dat
1 288 -11.4873 -.25 3.8 -.528 0 -.1398 0 1 0 0 0 -.44 1-4ndis.dat
1 15 -11.6991 -.25 3.1333 .272 0 .072 0 1 0 0 0 .2267 1-4ndis.dat
1 288 -11.6991 -.25 3.1333 .272 0 .072 0 1 0 0 0 .2267 1-4chrd.dat
1 15 -9.1528 -.25 3.04 .1032 0 -.384 0 1 0 .32 0 0 2-4ndis.dat
1 288 -9.1528 -.25 3.04 .1032 0 -.384 0 1 0 .32 0 0 2-4chrd.dat
1 288 -6.7222 -.25 2.28 .528 0 .1398 0 1 0 0 0 .44 1-4ndis.dat
1 15 -6.7222 -.25 2.28 .528 0 .1398 0 1 0 0 0 .44 1-4chrd.dat
1 15 -7.4153 -.25 1.76 1.056 0 -.2795 0 1 0 0 0 -.88 1-4chrd.dat
1 288 -7.4153 -.25 1.76 1.056 0 -.2795 0 1 0 0 0 -.88 1-4ndis.dat
1 15 -9.9405 -.25 .56 .1032 0 -.384 0 1 0 .32 0 0 2-4ndis.dat
1 288 -9.9405 -.25 .56 .1032 0 -.384 0 1 0 .32 0 0 2-4chrd.dat
1 288 -6.4539 -.25 -.2 .528 0 .1398 0 1 0 0 0 .44 1-4ndis.dat
1 15 -6.4539 -.25 -.2 .528 0 .1398 0 1 0 0 0 .44 1-4chrd.dat
1 15 -7.1471 -.25 -.72 1.056 0 -.2795 0 1 0 0 0 -.88 1-4chrd.dat
1 288 -7.1471 -.25 -.72 1.056 0 -.2795 0 1 0 0 0 -.88 1-4ndis.dat
1 15 -12.2628 -.25 -1.16 -.528 0 -.1398 0 1 0 0 0 -.44 1-4chrd.dat
1 288 -12.2628 -.25 -1.16 -.528 0 -.1398 0 1 0 0 0 -.44 1-4ndis.dat
0 // Faces
4 15 -5.8511 -.25 3.36 -4.5156 -.25 4.24 -4.3504 -.25 4.76 -4.7386 -.25 5.2
4 15 -5.8511 -.25 3.36 -4.7386 -.25 5.2 -11.0426 -.25 5.2 -9.0496 -.25 3.36
3 15 -11.0426 -.25 5.2 -9.4336 -.25 3.36 -9.0496 -.25 3.36
4 15 -11.0426 -.25 5.2 -11.3551 -.25 3.36 -9.5368 -.25 3.04 -9.4336 -.25 3.36
3 15 -11.0426 -.25 5.2 -11.6271 -.25 3.36 -11.3551 -.25 3.36
4 15 -11.0426 -.25 5.2 -11.7104 -.25 4.76 -12.0153 -.25 3.8 -11.6271 -.25 3.36
4 15 -9.64 -.25 2.72 -9.5368 -.25 3.04 -11.3551 -.25 3.36 -11.4271 -.25 3.1333
4 15 -9.64 -.25 2.72 -11.4271 -.25 3.1333 -12.7908 -.25 -1.16 -10.2213 -.25 .88
4 15 -9.256 -.25 2.72 -9.64 -.25 2.72 -10.2213 -.25 .88 -9.8373 -.25 .88
4 15 -9.256 -.25 2.72 -9.8373 -.25 .88 -7.6948 -.25 .88 -6.3593 -.25 1.76
4 15 -9.256 -.25 2.72 -6.3593 -.25 1.76 -6.1942 -.25 2.28 -6.5824 -.25 2.72
4 15 -10.0437 -.25 .24 -6.0911 -.25 -.72 -5.9259 -.25 -.2 -6.3141 -.25 .24
3 15 -10.0437 -.25 .24 -7.4266 -.25 -1.6 -6.0911 -.25 -.72
4 15 -12.4026 -.25 -1.6 -10.3245 -.25 .56 -10.2213 -.25 .88 -12.7908 -.25 -1.16
3 15 -12.4026 -.25 -1.6 -10.4277 -.25 .24 -10.3245 -.25 .56
4 15 -12.4026 -.25 -1.6 -7.4266 -.25 -1.6 -10.0437 -.25 .24 -10.4277 -.25 .24
0 // Letter "speeD"
0 // Primitives
1 288 -3.5558 -.25 4.76 -.528 0 .1398 0 1 0 0 0 .44 1-4ndis.dat
1 15 -3.5558 -.25 4.76 -.528 0 .1398 0 1 0 0 0 .44 1-4chrd.dat
1 288 .9049 -.25 3.44 2.112 0 .5591 0 1 0 0 0 1.76 1-4ndis.dat
1 15 .9049 -.25 3.44 2.112 0 .5591 0 1 0 0 0 1.76 1-4chrd.dat
1 15 -3.8607 -.25 3.8 -.528 0 -.1398 0 1 0 0 0 -.44 1-4chrd.dat
1 288 -3.8607 -.25 3.8 -.528 0 -.1398 0 1 0 0 0 -.44 1-4ndis.dat
1 15 -4.0725 -.25 3.1333 .272 0 .072 0 1 0 0 0 .2267 1-4ndis.dat
1 288 -4.0725 -.25 3.1333 .272 0 .072 0 1 0 0 0 .2267 1-4chrd.dat
1 15 -1.6085 -.25 3.1333 -.272 0 .072 0 1 0 0 0 .2267 1-4ndis.dat
1 288 -1.6085 -.25 3.1333 -.272 0 .072 0 1 0 0 0 .2267 1-4chrd.dat
1 15 .7275 -.25 3.1333 .272 0 .072 0 1 0 0 0 .2267 1-4ndis.dat
1 288 .7275 -.25 3.1333 .272 0 .072 0 1 0 0 0 .2267 1-4chrd.dat
1 288 -2.4555 -.25 .4667 -.272 0 -.072 0 1 0 0 0 -.2267 1-4chrd.dat
1 15 -2.4555 -.25 .4667 -.272 0 -.072 0 1 0 0 0 -.2267 1-4ndis.dat
1 288 -.1195 -.25 .4667 .272 0 -.072 0 1 0 0 0 -.2267 1-4chrd.dat
1 15 -.1195 -.25 .4667 .272 0 -.072 0 1 0 0 0 -.2267 1-4ndis.dat
1 15 .6395 -.25 -.72 1.056 0 -.2795 0 1 0 0 0 -.88 1-4chrd.dat
1 288 .6395 -.25 -.72 1.056 0 -.2795 0 1 0 0 0 -.88 1-4ndis.dat
1 15 -4.6362 -.25 -1.16 -.528 0 -.1398 0 1 0 0 0 -.44 1-4chrd.dat
1 288 -4.6362 -.25 -1.16 -.528 0 -.1398 0 1 0 0 0 -.44 1-4ndis.dat
0 // Faces
4 15 -3.416 -.25 5.2 -4.0838 -.25 4.76 -4.3887 -.25 3.8 -4.0005 -.25 3.36
3 15 -3.416 -.25 5.2 -4.0005 -.25 3.36 -3.7285 -.25 3.36
4 15 -3.416 -.25 5.2 -3.7285 -.25 3.36 -1.8805 -.25 3.1333 -1.8085 -.25 3.36
4 15 -3.416 -.25 5.2 -1.8085 -.25 3.36 -1.5365 -.25 3.36 1.464 -.25 5.2
3 15 .7995 -.25 3.36 1.464 -.25 5.2 -1.5365 -.25 3.36
4 15 .7995 -.25 3.36 1.0715 -.25 3.36 3.0169 -.25 3.44 1.464 -.25 5.2
3 15 -1.8805 -.25 3.1333 -3.7285 -.25 3.36 -3.8005 -.25 3.1333
4 15 -1.8805 -.25 3.1333 -3.8005 -.25 3.1333 -5.1642 -.25 -1.16 -2.7275 -.25 .4667
4 15 .9995 -.25 3.1333 2.3244 -.25 1.2599 3.0169 -.25 3.44 1.0715 -.25 3.36
4 15 .9995 -.25 3.1333 1.6955 -.25 -.72 2.3367 -.25 -.6128 2.3244 -.25 1.2599
3 15 .9995 -.25 3.1333 .1525 -.25 .4667 1.6955 -.25 -.72
4 15 2.3244 -.25 1.2599 2.3367 -.25 -.6128 2.4124 -.25 -.5907 2.4807 -.25 -.5514
4 15 2.3244 -.25 1.2599 2.4807 -.25 -.5514 2.5379 -.25 -.4972 2.5808 -.25 -.4311
3 15 2.3244 -.25 1.2599 2.5808 -.25 -.4311 2.9604 -.25 .2337
4 15 2.3244 -.25 1.2599 2.9604 -.25 .2337 3.4186 -.25 .8469 3.1094 -.25 1.3912
4 15 3.3077 -.25 1.3634 3.1094 -.25 1.3912 3.4186 -.25 .8469 3.4963 -.25 1.0314
3 15 3.3077 -.25 1.3634 3.4963 -.25 1.0314 3.4543 -.25 1.2271
4 15 -4.776 -.25 -1.6 -2.7995 -.25 .24 -2.7275 -.25 .4667 -5.1642 -.25 -1.16
4 15 -4.776 -.25 -1.6 -2.339 -.25 -1.6 -2.5275 -.25 .24 -2.7995 -.25 .24
4 15 -2.339 -.25 -1.6 -.8472 -.25 -1.6 -.1915 -.25 .24 -2.5275 -.25 .24
4 15 -2.339 -.25 -1.6 -2.6515 -.25 -2.0529 -1.014 -.25 -2.0492 -.8472 -.25 -1.6
4 15 .36 -.25 -1.6 1.6955 -.25 -.72 .1525 -.25 .4667 .0805 -.25 .24
4 15 .36 -.25 -1.6 .0805 -.25 .24 -.1915 -.25 .24 -.8472 -.25 -1.6
4 15 -2.6515 -.25 -2.0529 -1.1662 -.25 -2.5933 -1.136 -.25 -2.5127 -1.014 -.25 -2.0492
4 15 -2.6515 -.25 -2.0529 -1.2892 -.25 -2.7111 -1.2188 -.25 -2.6615 -1.1662 -.25 -2.5933
4 15 -2.6515 -.25 -2.0529 -2.5796 -.25 -2.94 -1.371 -.25 -2.7378 -1.2892 -.25 -2.7111
4 15 -2.6515 -.25 -2.0529 -2.8527 -.25 -2.8357 -2.7303 -.25 -2.9249 -2.5796 -.25 -2.94
4 15 -2.6515 -.25 -2.0529 -2.895 -.25 -2.5464 -2.9131 -.25 -2.6968 -2.8527 -.25 -2.8357
0 // White Letter "C"
4 15 11.8355 -.25 3.3431 12.1687 -.25 3.1443 12.5195 -.25 3.3104 12.7527 -.25 3.8403
4 15 11.8355 -.25 3.3431 12.7527 -.25 3.8403 12.6516 -.25 4.2804 12.3053 -.25 4.6261
4 15 11.8355 -.25 3.3431 12.3053 -.25 4.6261 11.8026 -.25 4.8728 11.5756 -.25 3.7699
4 15 11.1448 -.25 4.0363 11.5756 -.25 3.7699 11.8026 -.25 4.8728 10.7755 -.25 5.1386
4 15 11.1448 -.25 4.0363 10.7755 -.25 5.1386 10.2522 -.25 5.1223 9.8312 -.25 4.8965
4 15 11.1448 -.25 4.0363 9.8312 -.25 4.8965 9.1552 -.25 3.9914 10.6736 -.25 3.8444
4 15 9.7243 -.25 2.5226 10.6736 -.25 3.8444 9.1552 -.25 3.9914 8.6182 -.25 2.9111
4 15 9.7243 -.25 2.5226 8.6182 -.25 2.9111 7.9048 -.25 .6462 9.0958 -.25 1.1198
4 15 7.8588 -.25 .2029 8.7879 -.25 -.364 9.0958 -.25 1.1198 7.9048 -.25 .6462
4 15 7.8588 -.25 .2029 7.7111 -.25 -1.2188 8.8008 -.25 -1.9288 8.7879 -.25 -.364
4 15 7.8588 -.25 .2029 7.0899 -.25 -1.2817 7.2534 -.25 -1.2953 7.7111 -.25 -1.2188
4 15 7.8588 -.25 .2029 6.875 -.25 -1.0473 6.9527 -.25 -1.1918 7.0899 -.25 -1.2817
4 15 7.8588 -.25 .2029 7.0703 -.25 -.1297 6.8757 -.25 -.8832 6.875 -.25 -1.0473
4 15 7.8588 -.25 .2029 7.1678 -.25 .0327 7.1072 -.25 -.0414 7.0703 -.25 -.1297
4 15 7.8588 -.25 .2029 7.338 -.25 .1158 7.2469 -.25 .0866 7.1678 -.25 .0327
4 15 8.9785 -.25 -2.3357 8.8008 -.25 -1.9288 7.7111 -.25 -1.2188 7.6718 -.25 -1.5969
4 15 8.9785 -.25 -2.3357 7.6718 -.25 -1.5969 7.8944 -.25 -2.5324 8.3522 -.25 -3.1545
4 15 8.9785 -.25 -2.3357 8.3522 -.25 -3.1545 8.9789 -.25 -3.4898 9.4102 -.25 -2.6061
4 15 10.0542 -.25 -2.5735 9.4102 -.25 -2.6061 8.9789 -.25 -3.4898 9.7081 -.25 -3.5647
4 15 10.0542 -.25 -2.5735 9.7081 -.25 -3.5647 10.4733 -.25 -3.4057 11.2084 -.25 -3.0394
4 15 10.0542 -.25 -2.5735 11.2084 -.25 -3.0394 11.8469 -.25 -2.4924 10.7856 -.25 -2.2007
4 15 12.0266 -.25 -1.2119 10.7856 -.25 -2.2007 11.8469 -.25 -2.4924 12.3224 -.25 -1.791
4 15 12.0266 -.25 -1.2119 12.3224 -.25 -1.791 12.3671 -.25 -1.2808 12.2129 -.25 -1.1606
0 // White text "hamp"
4 15 24.4459 -.25 -1.0798 24.7257 -.25 -.4325 24.4848 -.25 -.2543 24.2831 -.25 -1.1038
4 15 24.5236 -.25 3.7913 24.5773 -.25 2.6139 24.8073 -.25 3.4865 24.7484 -.25 3.7161
4 15 24.0427 -.25 3.4323 23.7645 -.25 1.516 24.6395 -.25 2.4864 24.5773 -.25 2.6139
4 15 24.3862 -.25 3.7676 24.0427 -.25 3.4323 24.5773 -.25 2.6139 24.5236 -.25 3.7913
4 15 23.2751 -.25 -3.7327 24.2518 -.25 -4.0612 24.2309 -.25 -1.2593 23.499 -.25 -1.1939
4 15 23.2602 -.25 -.2885 23.499 -.25 -1.1939 24.2309 -.25 -1.2593 24.2831 -.25 -1.1038
4 15 25.4195 -.25 .6482 26.1443 -.25 .1169 26.2692 -.25 1.394 25.6805 -.25 1.6148
4 15 26.1443 -.25 .1169 25.4195 -.25 .6482 25.1979 -.25 -.1733 25.9371 -.25 -.4344
4 15 25.0235 -.25 -.3997 25.601 -.25 -.8543 25.9371 -.25 -.4344 25.1979 -.25 -.1733
4 15 25.601 -.25 -.8543 25.0235 -.25 -.3997 24.7257 -.25 -.4325 25.1121 -.25 -1.0877
3 15 25.1121 -.25 -1.0877 24.7257 -.25 -.4325 24.4459 -.25 -1.0798
4 15 23.9501 -.25 -4.3333 24.1778 -.25 -4.2817 24.2518 -.25 -4.0612 23.75 -.25 -4.3118
4 15 23.75 -.25 -4.3118 24.2518 -.25 -4.0612 23.2751 -.25 -3.7327 23.3714 -.25 -4.1388
4 15 23.048 -.25 2.6116 22.6329 -.25 2.5337 22.102 -.25 1.5846 23.2952 -.25 2.3046
4 15 22.0833 -.25 .238 23.2542 -.25 1.844 23.2952 -.25 2.3046 22.102 -.25 1.5846
4 15 22.7822 -.25 .0163 22.2118 -.25 .1653 22.2319 -.25 -.4134 22.9466 -.25 -.3878
4 15 23.1253 -.25 -.4045 22.9466 -.25 -.3878 22.2319 -.25 -.4134 22.3749 -.25 -.8721
4 15 23.499 -.25 -1.1939 23.2602 -.25 -.2885 23.1253 -.25 -.4045 23.3647 -.25 -1.0798
4 15 23.3647 -.25 -1.0798 23.1253 -.25 -.4045 22.3749 -.25 -.8721 22.7246 -.25 -1.1234
4 15 24.2831 -.25 -1.1038 24.4848 -.25 -.2543 24.4481 -.25 .0299 23.2602 -.25 -.2885
4 15 24.9305 -.25 1.8169 23.5861 -.25 .5936 23.2602 -.25 -.2885 24.4481 -.25 .0299
4 15 23.7645 -.25 1.516 23.5861 -.25 .5936 24.9305 -.25 1.8169 24.6395 -.25 2.4864
4 15 24.6395 -.25 2.4864 24.9305 -.25 1.8169 25.1046 -.25 2.0439 24.7775 -.25 2.5191
4 15 24.7775 -.25 2.5191 25.1046 -.25 2.0439 25.4027 -.25 2.0771 25.1478 -.25 3.018
4 15 25.9196 -.25 3.008 25.4256 -.25 3.1614 25.1478 -.25 3.018 25.4027 -.25 2.0771
4 15 25.6439 -.25 1.899 26.1693 -.25 2.5371 25.9196 -.25 3.008 25.4027 -.25 2.0771
4 15 25.6805 -.25 1.6148 26.2692 -.25 1.394 26.1693 -.25 2.5371 25.6439 -.25 1.899
4 15 20.7781 -.25 -1.3282 21.5935 -.25 .1258 21.4381 -.25 .2997 20.79 -.25 -.5188
4 15 14.3653 -.25 -2.0687 14.9806 -.25 -1.7199 15.0134 -.25 -1.3282 14.4161 -.25 -1.4095
4 15 18.1945 -.25 -.9489 18.8306 -.25 1.3631 17.5864 -.25 1.1192 17.6443 -.25 .6157
4 15 18.8075 -.25 1.6741 18.511 -.25 1.7717 17.5864 -.25 1.1192 18.8306 -.25 1.3631
4 15 21.4426 -.25 -1.4254 21.5935 -.25 .1258 20.7781 -.25 -1.3282 20.9782 -.25 -1.5133
4 15 21.6891 -.25 .1258 21.5935 -.25 .1258 21.4426 -.25 -1.4254 21.7006 -.25 -1.0316
4 15 16.397 -.25 -1.206 15.6019 -.25 -1.475 15.8946 -.25 -2.3882 16.455 -.25 -1.7097
4 15 18.5259 -.25 -1.1013 18.2811 -.25 -1.1645 17.9077 -.25 -1.8833 18.1646 -.25 -2.0394
4 15 18.8934 -.25 -1.6025 18.5259 -.25 -1.1013 18.1646 -.25 -2.0394 18.5816 -.25 -1.9323
4 15 17.9077 -.25 -1.8833 18.2811 -.25 -1.1645 18.1945 -.25 -.9489 17.7942 -.25 -1.5641
4 15 15.3656 -.25 -1.7861 14.9806 -.25 -1.7199 14.3653 -.25 -2.0687 14.5726 -.25 -2.5675
4 15 14.5726 -.25 -2.5675 15.109 -.25 -2.6309 15.6288 -.25 -2.4006 15.3656 -.25 -1.7861
4 15 15.6019 -.25 -1.475 15.3656 -.25 -1.7861 15.6288 -.25 -2.4006 15.8946 -.25 -2.3882
4 15 15.4061 -.25 1.3195 15.0284 -.25 1.2581 14.2608 -.25 -1.283 15.572 -.25 .9747
4 15 20.9244 -.25 1.7096 21.6054 -.25 1.3484 21.5801 -.25 1.6981 21.3247 -.25 1.8824
4 15 20.3321 -.25 -.6321 19.882 -.25 -.5098 19.6043 -.25 -2.0067 20.0612 -.25 -1.7854
4 15 19.1562 -.25 -1.6059 19.3384 -.25 -1.8565 19.6043 -.25 -2.0067 19.882 -.25 -.5098
4 15 19.7986 -.25 -.5052 19.0244 -.25 -1.5375 19.1562 -.25 -1.6059 19.882 -.25 -.5098
4 15 19.7986 -.25 -.5052 19.7716 -.25 -.4262 19.1241 -.25 .0725 19.0244 -.25 -1.5375
4 15 15.8946 -.25 -2.3882 16.4444 -.25 -2.4862 16.884 -.25 -2.3761 16.455 -.25 -1.7097
4 15 16.884 -.25 -2.3761 17.2135 -.25 -2.0578 16.8443 -.25 -1.3848 16.455 -.25 -1.7097
4 15 17.2135 -.25 -2.0578 17.4328 -.25 -1.5314 17.3369 -.25 -.4217 16.8443 -.25 -1.3848
4 15 17.7942 -.25 -1.5641 18.1945 -.25 -.9489 17.6443 -.25 .6157 17.6269 -.25 -1.4151
4 15 17.4328 -.25 -1.5314 17.6269 -.25 -1.4151 17.6443 -.25 .6157 17.3369 -.25 -.4217
4 15 13.4323 -.25 -3.0198 13.4832 -.25 -1.4906 12.6865 -.25 -2.9167 12.9465 -.25 -3.1141
4 15 13.7593 -.25 -2.5365 13.5439 -.25 -1.4862 13.4832 -.25 -1.4906 13.4323 -.25 -3.0198
4 15 13.5439 -.25 -1.4862 13.7593 -.25 -2.5365 14.1174 -.25 -1.4061 13.7889 -.25 -1.2988
4 15 13.7889 -.25 -1.2988 14.1174 -.25 -1.4061 14.2608 -.25 -1.283 13.9203 -.25 -1.0719
4 15 14.4161 -.25 -1.4095 15.0134 -.25 -1.3282 15.572 -.25 .9747 14.2608 -.25 -1.283
4 15 15.0284 -.25 1.2581 14.2884 -.25 .1873 13.9203 -.25 -1.0719 14.2608 -.25 -1.283
4 15 20.79 -.25 -.5188 21.4381 -.25 .2997 21.6054 -.25 1.3484 20.8042 -.25 -.2704
4 15 21.6054 -.25 1.3484 20.9244 -.25 1.7096 20.3271 -.25 -.1067 20.8042 -.25 -.2704
4 15 20.8042 -.25 -.2704 20.3271 -.25 -.1067 20.1986 -.25 -.3066 20.566 -.25 -.3427
4 15 19.882 -.25 -.5098 20.3321 -.25 -.6321 20.566 -.25 -.3427 20.1986 -.25 -.3066
4 15 19.1241 -.25 .0725 19.7716 -.25 -.4262 20.3151 -.25 1.4319 19.4669 -.25 1.5934
4 15 18.8934 -.25 -1.6025 19.0244 -.25 -1.5375 19.1241 -.25 .0725 18.5259 -.25 -1.1013
4 15 17.1971 -.25 .7943 16.4442 -.25 1.4082 15.896 -.25 .0632 16.7045 -.25 -.1688
4 15 17.5864 -.25 1.1192 16.8494 -.25 1.7844 16.4442 -.25 1.4082 17.1971 -.25 .7943
4 15 16.8494 -.25 1.7844 17.5864 -.25 1.1192 18.511 -.25 1.7717 17.388 -.25 1.8711
4 15 14.6401 -.25 4.6459 14.5057 -.25 4.6391 14.9179 -.25 4.2959 14.8673 -.25 4.541
4 15 14.2145 -.25 4.5463 14.0457 -.25 4.2903 14.9179 -.25 4.2959 14.5057 -.25 4.6391
4 15 12.6865 -.25 -2.9167 13.4832 -.25 -1.4906 13.4573 -.25 -1.4354 12.6091 -.25 -2.5982
4 15 12.6091 -.25 -2.5982 13.4573 -.25 -1.4354 14.1081 -.25 1.4781 13.1549 -.25 .8822
4 15 13.1549 -.25 .8822 14.1081 -.25 1.4781 14.9179 -.25 4.2959 14.0457 -.25 4.2903
4 15 19.9866 -.25 1.9095 19.6509 -.25 1.8783 20.2895 -.25 1.6947 20.0911 -.25 1.8711
4 15 20.3151 -.25 1.4319 20.2895 -.25 1.6947 19.6509 -.25 1.8783 19.4669 -.25 1.5934
4 15 16.7045 -.25 -.1688 15.896 -.25 .0632 15.6019 -.25 -1.475 16.397 -.25 -1.206
4 15 21.7006 -.25 -1.0316 21.8563 -.25 -.0503 21.931 -.25 .5051 21.6891 -.25 .1258
4 15 22.102 -.25 1.5846 21.931 -.25 .5051 21.8563 -.25 -.0503 22.0833 -.25 .238
4 15 23.2542 -.25 1.844 22.0833 -.25 .238 22.2118 -.25 .1653 22.7822 -.25 .0163
0 // White text "ion"
4 15 27.9595 -.25 3.4797 28.2938 -.25 3.8391 28.2848 -.25 4.2542 27.9379 -.25 4.4824
4 15 27.9595 -.25 3.4797 27.9379 -.25 4.4824 27.4557 -.25 4.3896 27.1213 -.25 4.0303
4 15 27.9595 -.25 3.4797 27.1213 -.25 4.0303 27.1303 -.25 3.6152 27.4773 -.25 3.3869
4 15 33.337 -.25 1.0027 33.5887 -.25 .3798 34.1263 -.25 1.1328 33.965 -.25 1.3213
4 15 33.5887 -.25 .3798 33.8635 -.25 .285 34.2428 -.25 1.1542 34.1263 -.25 1.1328
4 15 35.3688 -.25 2.1398 35.967 -.25 4.202 34.8521 -.25 3.0225 35.1488 -.25 1.8893
4 15 35.4226 -.25 2.1398 35.947 -.25 3.6408 35.967 -.25 4.202 35.3688 -.25 2.1398
4 15 33.7375 -.25 4.4335 33.4738 -.25 4.2426 33.1152 -.25 2.1127 34.3413 -.25 3.7044
4 15 27.6239 -.25 3.0925 27.4596 -.25 3.0858 28.0033 -.25 2.6353 27.9269 -.25 2.9595
4 15 27.0539 -.25 2.9132 26.8563 -.25 2.5191 28.0033 -.25 2.6353 27.4596 -.25 3.0858
4 15 27.4745 -.25 .3866 26.8294 -.25 .0874 27.1024 -.25 -.464 27.5292 -.25 .2027
4 15 27.6 -.25 -.666 27.7135 -.25 .1597 27.5292 -.25 .2027 27.1024 -.25 -.464
4 15 26.8294 -.25 .0874 27.4745 -.25 .3866 28.0033 -.25 2.6353 26.8563 -.25 2.5191
4 15 35.7541 -.25 1.2671 35.7196 -.25 1.1774 36.2944 -.25 .2155 36.6173 -.25 .6282
4 15 35.6505 -.25 1.895 36.2231 -.25 2.6047 35.947 -.25 3.6408 35.4226 -.25 2.1398
4 15 35.7541 -.25 1.2999 36.582 -.25 1.6243 36.2231 -.25 2.6047 35.6505 -.25 1.895
4 15 36.582 -.25 1.6243 35.7541 -.25 1.2999 35.7541 -.25 1.2671 36.6173 -.25 .6282
4 15 27.7135 -.25 .1597 27.6 -.25 -.666 28.1156 -.25 -.5493 27.8271 -.25 .1924
4 15 28.6888 -.25 2.0369 28.2512 -.25 .6045 28.4423 -.25 -.1451 28.6021 -.25 .1405
4 15 28.1156 -.25 -.5493 28.4423 -.25 -.1451 28.2512 -.25 .6045 27.8271 -.25 .1924
4 15 29.3488 -.25 -.603 29.761 -.25 -.5888 30.4644 -.25 -.2411 29.5938 -.25 .1552
4 15 30.8759 -.25 .6342 29.9733 -.25 .4367 29.5938 -.25 .1552 30.4644 -.25 -.2411
4 15 29.9733 -.25 .4367 30.8759 -.25 .6342 31.0946 -.25 1.6645 30.3031 -.25 1.2603
4 15 31.2701 -.25 2.5893 31.0618 -.25 2.7155 31.0946 -.25 1.6645 31.4291 -.25 1.9332
4 15 30.3031 -.25 1.2603 31.0946 -.25 1.6645 31.0618 -.25 2.7155 30.3895 -.25 2.1448
4 15 29.3488 -.25 -.603 29.5938 -.25 .1552 28.7291 -.25 -.1609 28.977 -.25 -.4623
4 15 29.5938 -.25 .1552 29.3864 -.25 .5803 28.6021 -.25 .1405 28.7291 -.25 -.1609
4 15 28.6021 -.25 .1405 29.3864 -.25 .5803 29.473 -.25 1.4635 28.6888 -.25 2.0369
4 15 28.6888 -.25 2.0369 29.473 -.25 1.4635 29.8026 -.25 2.2876 29.3234 -.25 3.2957
4 15 29.3234 -.25 3.2957 29.8026 -.25 2.2876 30.1822 -.25 2.5699 29.5415 -.25 3.4143
4 15 35.109 -.25 4.8423 35.9961 -.25 5.3266 35.6123 -.25 5.4528 35.3091 -.25 5.3593
4 15 35.9961 -.25 5.3266 35.109 -.25 4.8423 36.1603 -.25 4.8039 36.1806 -.25 5.0974
4 15 34.8521 -.25 3.0225 35.967 -.25 4.202 36.1603 -.25 4.8039 35.109 -.25 4.8423
4 15 34.3951 -.25 4.1198 34.0576 -.25 4.454 33.7375 -.25 4.4335 34.3413 -.25 3.7044
4 15 32.4693 -.25 .181 32.6209 -.25 .4611 32.6897 -.25 2.0235 32.4238 -.25 1.7842
4 15 32.6209 -.25 .4611 32.8868 -.25 1.6882 33.088 -.25 3.5287 32.6897 -.25 2.0235
4 15 33.4738 -.25 4.2426 33.088 -.25 3.5287 32.8868 -.25 1.6882 33.1152 -.25 2.1127
4 15 34.3413 -.25 3.7044 33.1152 -.25 2.1127 33.3049 -.25 1.6408 34.0396 -.25 2.5295
4 15 33.337 -.25 1.0027 33.965 -.25 1.3213 34.0396 -.25 2.5295 33.3049 -.25 1.6408
4 15 32.6717 -.25 3.5757 31.5964 -.25 1.9117 31.6144 -.25 1.8496 32.2953 -.25 1.9185
4 15 31.0618 -.25 2.7155 30.4711 -.25 3.3519 29.5415 -.25 3.4143 30.1822 -.25 2.5699
3 15 31.0618 -.25 2.7155 30.1822 -.25 2.5699 30.3895 -.25 2.1448
4 15 35.1057 -.25 1.1676 34.7804 -.25 .4938 34.879 -.25 .4882 35.1956 -.25 1.1328
4 15 35.7721 -.25 .1744 35.6317 -.25 1.1384 35.1956 -.25 1.1328 34.879 -.25 .4882
4 15 35.7196 -.25 1.1774 35.6317 -.25 1.1384 35.7721 -.25 .1744 36.2944 -.25 .2155
4 15 32.4693 -.25 .181 32.4238 -.25 1.7842 32.0265 -.25 .0513 32.1759 -.25 .0603
4 15 31.4382 -.25 .7027 31.5768 -.25 .238 32.0265 -.25 .0513 32.4238 -.25 1.7842
4 15 32.2953 -.25 1.9185 31.6144 -.25 1.8496 31.4382 -.25 .7027 32.4238 -.25 1.7842
4 15 31.5367 -.25 1.9366 31.468 -.25 2.7313 31.2701 -.25 2.5893 31.4291 -.25 1.9332
4 15 34.3204 -.25 1.2615 35.0671 -.25 1.2558 35.1488 -.25 1.8893 34.8521 -.25 3.0225
4 15 35.1057 -.25 1.1676 35.0671 -.25 1.2558 34.3204 -.25 1.2615 34.2428 -.25 1.1542
4 15 34.2428 -.25 1.1542 33.8635 -.25 .285 34.7804 -.25 .4938 35.1057 -.25 1.1676
4 15 32.0803 -.25 3.9403 32.6717 -.25 3.5757 32.603 -.25 3.8624 32.3573 -.25 4.0179
4 15 31.8683 -.25 3.6683 31.468 -.25 2.7313 31.5367 -.25 1.9366 31.5964 -.25 1.9117
4 15 32.0803 -.25 3.9403 31.8683 -.25 3.6683 31.5964 -.25 1.9117 32.6717 -.25 3.5757
0 // Green faces
4 288 -28.5765 -.25 3.36 -32.4869 -.25 3.36 -32.6933 -.25 2.72 -29.3078 -.25 2.72
4 288 -28.5765 -.25 3.36 -29.3078 -.25 2.72 -28.2518 -.25 2.72 -28.0485 -.25 3.36
4 288 -26.824 -.25 5.2 -27.464 -.25 5.2 -27.6038 -.25 4.76 -26.9638 -.25 4.76
4 288 -26.9638 -.25 4.76 -27.6038 -.25 4.76 -27.9087 -.25 3.8 -27.2687 -.25 3.8
4 288 -27.2687 -.25 3.8 -27.9087 -.25 3.8 -28.0485 -.25 3.36 -27.4085 -.25 3.36
4 288 -29.0649 -.25 .16 -29.624 -.25 -1.6 -28.184 -.25 -1.6 -28.0442 -.25 -1.16
4 288 -28.5313 -.25 1.84 -29.0649 -.25 .16 -28.0442 -.25 -1.16 -26.6805 -.25 3.1333
4 288 -28.2518 -.25 2.72 -28.5313 -.25 1.84 -26.6805 -.25 3.1333 -26.8805 -.25 3.36
3 288 -28.0485 -.25 3.36 -28.2518 -.25 2.72 -27.4085 -.25 3.36
3 288 -27.4085 -.25 3.36 -28.2518 -.25 2.72 -26.8805 -.25 3.36
4 288 -24.4165 -.25 3.36 -24.7605 -.25 3.1333 -25.0993 -.25 2.0667 -24.8993 -.25 1.84
4 288 -24.4165 -.25 3.36 -24.8993 -.25 1.84 -22.7233 -.25 1.84 -22.2405 -.25 3.36
4 288 -22.2405 -.25 3.36 -22.7233 -.25 1.84 -22.3793 -.25 2.0667 -22.0405 -.25 3.1333
4 288 -26.1242 -.25 -1.16 -23.2278 -.25 0 -25.4838 -.25 0 -25.8278 -.25 -.2267
4 288 -26.1242 -.25 -1.16 -26.264 -.25 -1.6 -21.1158 -.25 0 -23.2278 -.25 0
3 288 -19.1973 -.25 5.2 -19.464 -.25 5.2 -19.3371 -.25 4.76
4 288 -19.464 -.25 5.2 -20.0231 -.25 3.44 -19.642 -.25 3.8 -19.3371 -.25 4.76
4 288 -19.642 -.25 3.8 -20.0231 -.25 3.44 -20.5567 -.25 1.76 -19.7818 -.25 3.36
4 288 -20.5567 -.25 1.76 -19.0538 -.25 3.1333 -19.2538 -.25 3.36 -19.7818 -.25 3.36
4 288 -19.0538 -.25 3.1333 -20.5567 -.25 1.76 -21.1158 -.25 0 -20.4175 -.25 -1.16
4 288 -20.4175 -.25 -1.16 -21.1158 -.25 0 -26.264 -.25 -1.6 -20.5573 -.25 -1.6
4 288 -16.6763 -.25 3.36 -16.8827 -.25 2.72 -14.2091 -.25 2.72 -13.4778 -.25 3.36
4 288 -13.4778 -.25 3.36 -14.2091 -.25 2.72 -13.6811 -.25 2.72 -12.4218 -.25 3.36
4 288 -11.5706 -.25 5.2 -11.8373 -.25 5.2 -11.9771 -.25 4.76 -11.7104 -.25 4.76
4 288 -11.7104 -.25 4.76 -11.9771 -.25 4.76 -12.1423 -.25 4.24 -12.0153 -.25 3.8
4 288 -12.0153 -.25 3.8 -12.1423 -.25 4.24 -12.4218 -.25 3.36 -12.1551 -.25 3.36
4 288 -13.7178 -.25 -.72 -13.9973 -.25 -1.6 -12.9306 -.25 -1.6 -12.7908 -.25 -1.16
4 288 -13.5526 -.25 -.2 -13.7178 -.25 -.72 -12.7908 -.25 -1.16 -11.4271 -.25 3.1333
4 288 -11.6271 -.25 3.36 -13.4128 -.25 .24 -13.5526 -.25 -.2 -11.4271 -.25 3.1333
4 288 -17.464 -.25 .88 -17.6704 -.25 .24 -13.9408 -.25 .24 -15.3215 -.25 .88
4 288 -15.3215 -.25 .88 -13.9408 -.25 .24 -13.4128 -.25 .24 -14.2655 -.25 .88
4 288 -12.1551 -.25 3.36 -13.8209 -.25 2.28 -13.986 -.25 1.76 -11.6271 -.25 3.36
4 288 -11.6271 -.25 3.36 -13.986 -.25 1.76 -14.2655 -.25 .88 -13.4128 -.25 .24
4 288 -12.1551 -.25 3.36 -12.4218 -.25 3.36 -13.6811 -.25 2.72 -13.8209 -.25 2.28
4 288 -9.0496 -.25 3.36 -9.256 -.25 2.72 -6.5824 -.25 2.72 -5.8511 -.25 3.36
4 288 -5.8511 -.25 3.36 -6.5824 -.25 2.72 -6.0544 -.25 2.72 -4.7951 -.25 3.36
4 288 -9.8373 -.25 .88 -10.0437 -.25 .24 -6.3141 -.25 .24 -7.6948 -.25 .88
4 288 -7.6948 -.25 .88 -6.3141 -.25 .24 -5.7861 -.25 .24 -6.6388 -.25 .88
4 288 -3.944 -.25 5.2 -4.2106 -.25 5.2 -4.3504 -.25 4.76 -4.0838 -.25 4.76
4 288 -4.0838 -.25 4.76 -4.3504 -.25 4.76 -4.5156 -.25 4.24 -4.3887 -.25 3.8
4 288 -4.3887 -.25 3.8 -4.5156 -.25 4.24 -4.7951 -.25 3.36 -4.5285 -.25 3.36
4 288 -6.0911 -.25 -.72 -6.3706 -.25 -1.6 -5.304 -.25 -1.6 -5.1642 -.25 -1.16
4 288 -5.9259 -.25 -.2 -6.0911 -.25 -.72 -5.1642 -.25 -1.16 -3.8005 -.25 3.1333
4 288 -5.9259 -.25 -.2 -3.8005 -.25 3.1333 -4.0005 -.25 3.36 -5.7861 -.25 .24
4 288 -4.5285 -.25 3.36 -4.7951 -.25 3.36 -6.0544 -.25 2.72 -6.1942 -.25 2.28
4 288 -4.5285 -.25 3.36 -6.1942 -.25 2.28 -6.3593 -.25 1.76 -4.0005 -.25 3.36
4 288 -4.0005 -.25 3.36 -6.3593 -.25 1.76 -6.6388 -.25 .88 -5.7861 -.25 .24
4 288 -1.5365 -.25 3.36 -1.8805 -.25 3.1333 -2.7275 -.25 .4667 -2.5275 -.25 .24
4 288 -1.5365 -.25 3.36 -2.5275 -.25 .24 -.1915 -.25 .24 .7995 -.25 3.36
4 288 .7995 -.25 3.36 -.1915 -.25 .24 .1525 -.25 .4667 .9995 -.25 3.1333
3 288 3.0169 -.25 3.44 2.3244 -.25 1.2599 3.1094 -.25 1.3912
4 288 3.576 -.25 5.2 3.0169 -.25 3.44 3.1094 -.25 1.3912 3.3077 -.25 1.3634
3 288 2.3367 -.25 -.6128 1.6955 -.25 -.72 1.416 -.25 -1.6
4 288 .36 -.25 -1.6 -.8472 -.25 -1.6 -1.014 -.25 -2.0492 -1.136 -.25 -2.5127
3 288 -4.776 -.25 -1.6 -2.6515 -.25 -2.0529 -2.339 -.25 -1.6
4 288 -4.776 -.25 -1.6 -5.304 -.25 -1.6 -2.895 -.25 -2.5464 -2.6515 -.25 -2.0529
4 288 -5.304 -.25 -1.6 -6.3706 -.25 -1.6 -2.9131 -.25 -2.6968 -2.895 -.25 -2.5464
4 288 -6.3706 -.25 -1.6 -7.4266 -.25 -1.6 -2.8527 -.25 -2.8357 -2.9131 -.25 -2.6968
4 288 -33.6603 -.25 .88 -35.4475 -.25 .24 -31.5371 -.25 .24 -31.3307 -.25 .88
4 288 -35.4475 -.25 .24 -33.6603 -.25 .88 -35.7723 -.25 .88 -35.9755 -.25 .24
4 288 -2.5796 -.25 -2.94 -2.7032 -.25 -4.3033 -1.6478 -.25 -4.1418 -1.371 -.25 -2.7378
4 288 -1.371 -.25 -2.7378 -1.6478 -.25 -4.1418 -1.4797 -.25 -4.1483 -1.2892 -.25 -2.7111
4 288 -1.2188 -.25 -2.6615 -1.2892 -.25 -2.7111 -1.4797 -.25 -4.1483 -1.326 -.25 -4.2168
4 288 -2.5796 -.25 -2.94 -2.7303 -.25 -2.9249 -2.8741 -.25 -4.3674 -2.7032 -.25 -4.3033
4 288 -2.7303 -.25 -2.9249 -2.8527 -.25 -2.8357 -3.0048 -.25 -4.4946 -2.8741 -.25 -4.3674
4 288 -3.0048 -.25 -4.4946 -2.8527 -.25 -2.8357 -7.4266 -.25 -1.6 -3.0734 -.25 -4.6637
4 288 -3.0683 -.25 -4.8461 -3.0734 -.25 -4.6637 -7.4266 -.25 -1.6 -12.4026 -.25 -1.6
4 288 -2.9136 -.25 -5.3399 -3.0683 -.25 -4.8461 -12.4026 -.25 -1.6 -12.9306 -.25 -1.6
4 288 -12.9306 -.25 -1.6 -13.9973 -.25 -1.6 -2.693 -.25 -5.8078 -2.9136 -.25 -5.3399
3 288 -12 -.25 -8 -20.0293 -.25 -1.6 -20.5573 -.25 -1.6
4 288 -2.6105 -.25 -5.9139 -15.0533 -.25 -1.6 -20.0293 -.25 -1.6 -2.5002 -.25 -5.9905
4 288 -2.372 -.25 -6.0306 -2.5002 -.25 -5.9905 -20.0293 -.25 -1.6 -12 -.25 -8
4 288 -15.0533 -.25 -1.6 -2.6105 -.25 -5.9139 -2.693 -.25 -5.8078 -13.9973 -.25 -1.6
4 288 -36.5 -.25 -8 -12 -.25 -8 -20.5573 -.25 -1.6 -26.264 -.25 -1.6
3 288 -38 -.25 -6.5 -36.032 -.25 -1.6 -36.56 -.25 -1.6
3 288 -36.032 -.25 -1.6 -38 -.25 -6.5 -31.736 -.25 -1.6
3 288 -31.736 -.25 -1.6 -38 -.25 -6.5 -29.624 -.25 -1.6
3 288 -29.624 -.25 -1.6 -38 -.25 -6.5 -28.184 -.25 -1.6
3 288 -28.184 -.25 -1.6 -38 -.25 -6.5 -27.656 -.25 -1.6
3 288 -38 -.25 -6.5 -26.792 -.25 -1.6 -27.656 -.25 -1.6
4 288 -38 -.25 -6.5 -36.5 -.25 -8 -26.264 -.25 -1.6 -26.792 -.25 -1.6
3 288 -38 -.25 6.5 -38 -.25 -6.5 -36.56 -.25 -1.6
3 288 -38 -.25 6.5 -36.56 -.25 -1.6 -36.4202 -.25 -1.16
3 288 -38 -.25 6.5 -36.4202 -.25 -1.16 -36.1153 -.25 -.2
3 288 -38 -.25 6.5 -36.1153 -.25 -.2 -35.9755 -.25 .24
3 288 -38 -.25 6.5 -35.9755 -.25 .24 -35.7723 -.25 .88
3 288 -38 -.25 6.5 -35.7723 -.25 .88 -35.2132 -.25 2.64
3 288 -38 -.25 6.5 -35.2132 -.25 2.64 -34.9591 -.25 3.44
3 288 -38 -.25 6.5 -34.9591 -.25 3.44 -34.4 -.25 5.2
3 288 -38 -.25 6.5 -34.4 -.25 5.2 -32.288 -.25 5.2
4 288 -2.2377 -.25 -6.0306 -2.372 -.25 -6.0306 -12 -.25 -8 12 -.25 -8
3 288 -1.2624 -.25 -5.8814 -2.2377 -.25 -6.0306 12 -.25 -8
3 288 -38 -.25 6.5 -32.288 -.25 5.2 -27.992 -.25 5.2
3 288 -38 -.25 6.5 -27.992 -.25 5.2 -27.464 -.25 5.2
3 288 -38 -.25 6.5 -27.464 -.25 5.2 -26.824 -.25 5.2
3 288 -38 -.25 6.5 -26.824 -.25 5.2 -26.296 -.25 5.2
3 288 -38 -.25 6.5 -26.296 -.25 5.2 -21.576 -.25 5.2
3 288 -38 -.25 6.5 -21.576 -.25 5.2 -19.464 -.25 5.2
3 288 -38 -.25 6.5 -19.464 -.25 5.2 -19.1973 -.25 5.2
3 288 -38 -.25 6.5 -19.1973 -.25 5.2 -18.6693 -.25 5.2
3 288 -38 -.25 6.5 -18.6693 -.25 5.2 -12.3653 -.25 5.2
3 288 -38 -.25 6.5 -12.3653 -.25 5.2 -11.8373 -.25 5.2
3 288 -38 -.25 6.5 -11.8373 -.25 5.2 -11.5706 -.25 5.2
3 288 -38 -.25 6.5 -11.5706 -.25 5.2 -11.0426 -.25 5.2
3 288 -38 -.25 6.5 -11.0426 -.25 5.2 -4.7386 -.25 5.2
3 288 -38 -.25 6.5 -4.7386 -.25 5.2 -4.2106 -.25 5.2
4 288 -4.2106 -.25 5.2 -3.944 -.25 5.2 -36.5 -.25 8 -38 -.25 6.5
4 288 -36.5 -.25 8 -3.944 -.25 5.2 -3.416 -.25 5.2 -12 -.25 8
3 288 -3.416 -.25 5.2 1.464 -.25 5.2 -12 -.25 8
3 288 1.464 -.25 5.2 3.576 -.25 5.2 -12 -.25 8
4 288 9.8312 -.25 4.8965 10.2522 -.25 5.1223 -12 -.25 8 3.576 -.25 5.2
4 288 38 -.25 6.5 36.582 -.25 1.6243 36.6173 -.25 .6282 38 -.25 -6.5
4 288 38 -.25 6.5 35.947 -.25 3.6408 36.2231 -.25 2.6047 36.582 -.25 1.6243
4 288 38 -.25 6.5 36.1603 -.25 4.8039 35.967 -.25 4.202 35.947 -.25 3.6408
3 288 38 -.25 6.5 36.1806 -.25 5.0974 36.1603 -.25 4.8039
3 288 38 -.25 6.5 35.9961 -.25 5.3266 36.1806 -.25 5.0974
3 288 35.9961 -.25 5.3266 38 -.25 6.5 35.6123 -.25 5.4528
3 288 38 -.25 -6.5 36.6173 -.25 .6282 36.2944 -.25 .2155
3 288 38 -.25 -6.5 36.2944 -.25 .2155 35.7721 -.25 .1744
4 288 35.7721 -.25 .1744 34.879 -.25 .4882 34.7804 -.25 .4938 38 -.25 -6.5
3 288 34.7804 -.25 .4938 33.8635 -.25 .285 38 -.25 -6.5
4 288 35.4226 -.25 2.1398 35.3688 -.25 2.1398 35.1488 -.25 1.8893 35.6505 -.25 1.895
4 288 35.6505 -.25 1.895 35.1488 -.25 1.8893 35.0671 -.25 1.2558 35.7541 -.25 1.2999
4 288 35.0671 -.25 1.2558 35.1057 -.25 1.1676 35.7541 -.25 1.2671 35.7541 -.25 1.2999
4 288 35.1057 -.25 1.1676 35.1956 -.25 1.1328 35.7196 -.25 1.1774 35.7541 -.25 1.2671
3 288 35.1956 -.25 1.1328 35.6317 -.25 1.1384 35.7196 -.25 1.1774
4 288 33.965 -.25 1.3213 34.1263 -.25 1.1328 34.2428 -.25 1.1542 34.3204 -.25 1.2615
4 288 33.965 -.25 1.3213 34.3204 -.25 1.2615 34.8521 -.25 3.0225 34.0396 -.25 2.5295
4 288 34.3413 -.25 3.7044 34.0396 -.25 2.5295 34.8521 -.25 3.0225 35.109 -.25 4.8423
4 288 34.3951 -.25 4.1198 34.3413 -.25 3.7044 35.109 -.25 4.8423 35.3091 -.25 5.3593
3 288 35.3091 -.25 5.3593 34.0576 -.25 4.454 34.3951 -.25 4.1198
4 288 27.9379 -.25 4.4824 33.7375 -.25 4.4335 34.0576 -.25 4.454 35.3091 -.25 5.3593
4 288 33.3049 -.25 1.6408 33.1152 -.25 2.1127 32.8868 -.25 1.6882 33.337 -.25 1.0027
4 288 33.5887 -.25 .3798 33.337 -.25 1.0027 32.8868 -.25 1.6882 32.6209 -.25 .4611
4 288 33.5887 -.25 .3798 32.6209 -.25 .4611 32.4693 -.25 .181 33.8635 -.25 .285
3 288 32.2953 -.25 1.9185 32.4238 -.25 1.7842 32.6897 -.25 2.0235
4 288 32.6897 -.25 2.0235 33.088 -.25 3.5287 32.6717 -.25 3.5757 32.2953 -.25 1.9185
4 288 32.603 -.25 3.8624 32.6717 -.25 3.5757 33.088 -.25 3.5287 33.4738 -.25 4.2426
4 288 32.603 -.25 3.8624 33.4738 -.25 4.2426 33.7375 -.25 4.4335 32.3573 -.25 4.0179
4 288 31.5964 -.25 1.9117 31.5367 -.25 1.9366 31.4291 -.25 1.9332 31.0946 -.25 1.6645
4 288 31.5964 -.25 1.9117 31.0946 -.25 1.6645 30.8759 -.25 .6342 31.6144 -.25 1.8496
4 288 31.4382 -.25 .7027 31.6144 -.25 1.8496 30.8759 -.25 .6342 30.4644 -.25 -.2411
3 288 31.5768 -.25 .238 31.4382 -.25 .7027 30.4644 -.25 -.2411
4 288 31.0618 -.25 2.7155 31.2701 -.25 2.5893 31.468 -.25 2.7313 31.8683 -.25 3.6683
4 288 30.4711 -.25 3.3519 31.0618 -.25 2.7155 31.8683 -.25 3.6683 32.0803 -.25 3.9403
4 288 30.3895 -.25 2.1448 30.1822 -.25 2.5699 29.8026 -.25 2.2876 29.473 -.25 1.4635
4 288 29.3864 -.25 .5803 29.5938 -.25 .1552 29.9733 -.25 .4367 30.3031 -.25 1.2603
4 288 29.3864 -.25 .5803 30.3031 -.25 1.2603 30.3895 -.25 2.1448 29.473 -.25 1.4635
4 288 27.5292 -.25 .2027 27.7135 -.25 .1597 27.8271 -.25 .1924 28.2512 -.25 .6045
4 288 28.2512 -.25 .6045 28.6888 -.25 2.0369 27.4745 -.25 .3866 27.5292 -.25 .2027
4 288 29.3234 -.25 3.2957 28.0033 -.25 2.6353 27.4745 -.25 .3866 28.6888 -.25 2.0369
4 288 27.4773 -.25 3.3869 27.1303 -.25 3.6152 27.0539 -.25 2.9132 27.4596 -.25 3.0858
4 288 27.4773 -.25 3.3869 27.4596 -.25 3.0858 27.6239 -.25 3.0925 27.9595 -.25 3.4797
3 288 29.3234 -.25 3.2957 27.9269 -.25 2.9595 28.0033 -.25 2.6353
4 288 29.3234 -.25 3.2957 27.9595 -.25 3.4797 27.6239 -.25 3.0925 27.9269 -.25 2.9595
4 288 27.9595 -.25 3.4797 29.3234 -.25 3.2957 29.5415 -.25 3.4143 28.2938 -.25 3.8391
4 288 28.2938 -.25 3.8391 29.5415 -.25 3.4143 30.4711 -.25 3.3519 28.2848 -.25 4.2542
4 288 28.2848 -.25 4.2542 30.4711 -.25 3.3519 32.0803 -.25 3.9403 27.9379 -.25 4.4824
4 288 38 -.25 -6.5 33.8635 -.25 .285 32.4693 -.25 .181 32.1759 -.25 .0603
3 288 32.1759 -.25 .0603 32.0265 -.25 .0513 38 -.25 -6.5
4 288 38 -.25 -6.5 32.0265 -.25 .0513 31.5768 -.25 .238 30.4644 -.25 -.2411
3 288 30.4644 -.25 -.2411 29.761 -.25 -.5888 38 -.25 -6.5
3 288 28.6021 -.25 .1405 28.4423 -.25 -.1451 28.7291 -.25 -.1609
4 288 28.7291 -.25 -.1609 28.4423 -.25 -.1451 28.1156 -.25 -.5493 28.977 -.25 -.4623
4 288 28.1156 -.25 -.5493 27.6 -.25 -.666 29.3488 -.25 -.603 28.977 -.25 -.4623
3 288 29.761 -.25 -.5888 29.3488 -.25 -.603 38 -.25 -6.5
4 288 27.9379 -.25 4.4824 32.0803 -.25 3.9403 32.3573 -.25 4.0179 33.7375 -.25 4.4335
4 288 27.9379 -.25 4.4824 35.3091 -.25 5.3593 35.6123 -.25 5.4528 38 -.25 6.5
4 288 4.7506 -.25 -2.8354 4.7516 -.25 -2.6616 3.7952 -.25 -3.3092 3.9899 -.25 -3.3277
4 288 4.7506 -.25 -2.8354 3.9899 -.25 -3.3277 4.1525 -.25 -3.4363 4.8321 -.25 -2.9889
4 288 4.8321 -.25 -2.9889 4.1525 -.25 -3.4363 4.2441 -.25 -3.609 4.9766 -.25 -3.0854
4 288 4.9766 -.25 -3.0854 4.2441 -.25 -3.609 4.243 -.25 -3.8046 5.1496 -.25 -3.1019
4 288 1.9439 -.25 -3.3369 1.9279 -.25 -3.4394 2.5888 -.25 -3.5108 2.6999 -.25 -3.4767
4 288 2.5888 -.25 -3.5108 1.9279 -.25 -3.4394 1.8767 -.25 -3.5297 2.4922 -.25 -3.5754
4 288 2.4922 -.25 -3.5754 1.8767 -.25 -3.5297 1.7969 -.25 -3.596 2.4182 -.25 -3.665
4 288 2.4182 -.25 -3.665 1.7969 -.25 -3.596 1.6988 -.25 -3.6299 2.3731 -.25 -3.7721
4 288 4.6619 -.25 -1.7148 4.5707 -.25 -1.744 4.9496 -.25 -1.8946 4.9891 -.25 -1.8005
4 288 4.6619 -.25 -1.7148 4.9891 -.25 -1.8005 5.0537 -.25 -1.7214 4.741 -.25 -1.661
4 288 4.741 -.25 -1.661 5.0537 -.25 -1.7214 5.138 -.25 -1.664 4.8015 -.25 -1.5868
4 288 4.8385 -.25 -1.4986 4.8015 -.25 -1.5868 5.138 -.25 -1.664 5.2353 -.25 -1.6329
4 288 1.9569 -.25 -2.4181 1.9737 -.25 -2.5486 3.3272 -.25 -1.952 3.1637 -.25 -1.9384
4 288 1.9569 -.25 -2.4181 3.1637 -.25 -1.9384 3.0265 -.25 -1.8485 1.8839 -.25 -2.3086
4 288 1.8839 -.25 -2.3086 3.0265 -.25 -1.8485 2.9488 -.25 -1.7039 1.77 -.25 -2.2428
4 288 1.77 -.25 -2.2428 2.9488 -.25 -1.7039 2.9495 -.25 -1.5399 1.6387 -.25 -2.2344
4 288 4.5707 -.25 -1.744 3.7952 -.25 -3.3092 4.7516 -.25 -2.6616 4.9496 -.25 -1.8946
4 288 3.7952 -.25 -3.3092 4.5707 -.25 -1.744 3.3272 -.25 -1.952 2.6999 -.25 -3.4767
4 288 3.3272 -.25 -1.952 1.9463 -.25 -2.9423 1.9439 -.25 -3.3369 2.6999 -.25 -3.4767
3 288 3.3272 -.25 -1.952 1.9737 -.25 -2.5486 1.9463 -.25 -2.9423
4 288 6.2171 -.25 -2.9235 6.1183 -.25 -2.9538 6.2952 -.25 -3.1312 6.3328 -.25 -3.0419
4 288 6.2171 -.25 -2.9235 6.3328 -.25 -3.0419 6.3944 -.25 -2.9672 6.303 -.25 -2.8661
4 288 6.303 -.25 -2.8661 6.3944 -.25 -2.9672 6.4749 -.25 -2.9134 6.3687 -.25 -2.7864
4 288 6.3687 -.25 -2.7864 6.4749 -.25 -2.9134 6.5675 -.25 -2.885 6.4088 -.25 -2.6912
4 288 6.875 -.25 -1.0473 6.8757 -.25 -.8832 6.2077 -.25 -1.4702 6.3821 -.25 -1.4847
4 288 6.875 -.25 -1.0473 6.3821 -.25 -1.4847 6.5284 -.25 -1.5806 6.9527 -.25 -1.1918
4 288 6.9527 -.25 -1.1918 6.5284 -.25 -1.5806 6.6113 -.25 -1.7348 7.0899 -.25 -1.2817
4 288 6.6113 -.25 -1.7348 6.6106 -.25 -1.9098 7.2534 -.25 -1.2953 7.0899 -.25 -1.2817
4 288 6.6106 -.25 -1.9098 7.6718 -.25 -1.5969 7.7111 -.25 -1.2188 7.2534 -.25 -1.2953
4 288 6.6106 -.25 -1.9098 6.4088 -.25 -2.6912 6.5675 -.25 -2.885 7.6718 -.25 -1.5969
4 288 7.6718 -.25 -1.5969 6.5675 -.25 -2.885 7.4385 -.25 -2.7518 7.8944 -.25 -2.5324
3 288 7.4385 -.25 -2.7518 7.5806 -.25 -2.7608 7.8944 -.25 -2.5324
3 288 7.8944 -.25 -2.5324 7.5806 -.25 -2.7608 7.706 -.25 -2.8284
4 288 7.8944 -.25 -2.5324 7.706 -.25 -2.8284 7.7918 -.25 -2.9421 8.3522 -.25 -3.1545
4 288 8.3522 -.25 -3.1545 7.7918 -.25 -2.9421 7.8222 -.25 -3.0813 8.9789 -.25 -3.4898
4 288 7.1786 -.25 .2897 7.1416 -.25 .2015 7.2469 -.25 .0866 7.338 -.25 .1158
4 288 7.2469 -.25 .0866 7.1416 -.25 .2015 7.081 -.25 .1274 7.1678 -.25 .0327
4 288 7.1678 -.25 .0327 7.081 -.25 .1274 7.0019 -.25 .0735 7.1072 -.25 -.0414
4 288 7.1072 -.25 -.0414 7.0019 -.25 .0735 6.9108 -.25 .0443 7.0703 -.25 -.1297
4 288 6.9108 -.25 .0443 6.2077 -.25 -1.4702 6.8757 -.25 -.8832 7.0703 -.25 -.1297
4 288 6.9108 -.25 .0443 5.8904 -.25 -.1264 5.2353 -.25 -1.6329 6.2077 -.25 -1.4702
4 288 5.2353 -.25 -1.6329 5.8904 -.25 -.1264 5.0622 -.25 -.6322 4.8385 -.25 -1.4986
4 288 5.8904 -.25 -.1264 5.7269 -.25 -.1128 5.0629 -.25 -.4681 5.0622 -.25 -.6322
4 288 5.0629 -.25 -.4681 5.7269 -.25 -.1128 5.5897 -.25 -.0228 4.9852 -.25 -.3236
4 288 4.9852 -.25 -.3236 5.5897 -.25 -.0228 5.512 -.25 .1217 4.848 -.25 -.2337
4 288 4.848 -.25 -.2337 5.512 -.25 .1217 5.5127 -.25 .2858 4.6845 -.25 -.2201
4 288 7.1786 -.25 .2897 7.338 -.25 .1158 7.8588 -.25 .2029 7.9048 -.25 .6462
4 288 7.5312 -.25 1.6555 7.1786 -.25 .2897 7.9048 -.25 .6462 8.6182 -.25 2.9111
4 288 2.5808 -.25 -.4311 2.5379 -.25 -.4972 3.3498 -.25 -.4572 3.441 -.25 -.4281
4 288 2.5379 -.25 -.4972 2.4807 -.25 -.5514 3.2707 -.25 -.5111 3.3498 -.25 -.4572
4 288 2.4807 -.25 -.5514 2.4124 -.25 -.5907 3.2102 -.25 -.5852 3.2707 -.25 -.5111
4 288 2.4124 -.25 -.5907 2.3367 -.25 -.6128 3.1732 -.25 -.6735 3.2102 -.25 -.5852
4 288 2.3367 -.25 -.6128 1.416 -.25 -1.6 2.9495 -.25 -1.5399 3.1732 -.25 -.6735
4 288 1.416 -.25 -1.6 .1651 -.25 -2.4809 1.6387 -.25 -2.2344 2.9495 -.25 -1.5399
4 288 1.416 -.25 -1.6 .36 -.25 -1.6 .0672 -.25 -2.5163 .1651 -.25 -2.4809
4 288 .36 -.25 -1.6 -1.136 -.25 -2.5127 -.0119 -.25 -2.5842 .0672 -.25 -2.5163
4 288 -1.136 -.25 -2.5127 -1.1662 -.25 -2.5933 -.0617 -.25 -2.6757 -.0119 -.25 -2.5842
4 288 -1.1662 -.25 -2.5933 -1.2188 -.25 -2.6615 -.0758 -.25 -2.7789 -.0617 -.25 -2.6757
4 288 -1.2188 -.25 -2.6615 -1.326 -.25 -4.2168 -1.2088 -.25 -4.3375 -.0758 -.25 -2.7789
4 288 -.0443 -.25 -3.1911 -.0758 -.25 -2.7789 -1.2088 -.25 -4.3375 -1.1449 -.25 -4.4931
4 288 .0126 -.25 -3.6007 -.0443 -.25 -3.1911 -1.1449 -.25 -4.4931 -1.0465 -.25 -4.8925
4 288 .0523 -.25 -3.7049 .0126 -.25 -3.6007 -1.0465 -.25 -4.8925 -.9149 -.25 -5.2822
4 288 .1284 -.25 -3.7863 .0523 -.25 -3.7049 -.9149 -.25 -5.2822 -.8865 -.25 -5.477
4 288 -.8865 -.25 -5.477 -.9451 -.25 -5.665 .2297 -.25 -3.8329 .1284 -.25 -3.7863
4 288 .3411 -.25 -3.8376 2.1072 -.25 -4.8019 2.3731 -.25 -3.7721 1.6988 -.25 -3.6299
4 288 2.1072 -.25 -4.8019 .3411 -.25 -3.8376 .2297 -.25 -3.8329 2.106 -.25 -4.9975
4 288 2.1977 -.25 -5.1702 2.106 -.25 -4.9975 .2297 -.25 -3.8329 -.9451 -.25 -5.665
4 288 -.9451 -.25 -5.665 -1.0792 -.25 -5.8092 2.3603 -.25 -5.2788 2.1977 -.25 -5.1702
4 288 -1.0792 -.25 -5.8092 -1.2624 -.25 -5.8814 2.5549 -.25 -5.2974 2.3603 -.25 -5.2788
4 288 4.243 -.25 -3.8046 6.2952 -.25 -3.1312 6.1183 -.25 -2.9538 5.1496 -.25 -3.1019
4 288 6.2952 -.25 -3.1312 4.243 -.25 -3.8046 3.9771 -.25 -4.8344 5.993 -.25 -4.3015
4 288 5.993 -.25 -4.3015 3.9771 -.25 -4.8344 3.932 -.25 -4.9415 5.9921 -.25 -4.4644
4 288 3.932 -.25 -4.9415 3.858 -.25 -5.0311 6.0685 -.25 -4.6083 5.9921 -.25 -4.4644
4 288 6.204 -.25 -4.6988 6.0685 -.25 -4.6083 3.858 -.25 -5.0311 3.7614 -.25 -5.0957
4 288 6.204 -.25 -4.6988 3.7614 -.25 -5.0957 3.6503 -.25 -5.1298 6.3662 -.25 -4.7143
4 288 4.6845 -.25 -.2201 2.9604 -.25 .2337 2.5808 -.25 -.4311 3.441 -.25 -.4281
4 288 5.5127 -.25 .2858 3.4186 -.25 .8469 2.9604 -.25 .2337 4.6845 -.25 -.2201
4 288 5.8654 -.25 1.6515 3.4963 -.25 1.0314 3.4186 -.25 .8469 5.5127 -.25 .2858
4 288 5.8654 -.25 1.6515 5.9023 -.25 1.7398 3.4543 -.25 1.2271 3.4963 -.25 1.0314
4 288 5.9023 -.25 1.7398 5.9629 -.25 1.8139 3.3077 -.25 1.3634 3.4543 -.25 1.2271
4 288 3.576 -.25 5.2 3.3077 -.25 1.3634 5.9629 -.25 1.8139 6.042 -.25 1.8678
3 288 8.6182 -.25 2.9111 7.5319 -.25 1.8196 7.5312 -.25 1.6555
3 288 7.5319 -.25 1.8196 8.6182 -.25 2.9111 7.4542 -.25 1.9641
4 288 9.1552 -.25 3.9914 7.317 -.25 2.054 7.4542 -.25 1.9641 8.6182 -.25 2.9111
3 288 9.1552 -.25 3.9914 7.1535 -.25 2.0676 7.317 -.25 2.054
3 288 3.576 -.25 5.2 6.042 -.25 1.8678 6.1331 -.25 1.897
4 288 3.576 -.25 5.2 6.1331 -.25 1.897 7.1535 -.25 2.0676 9.1552 -.25 3.9914
3 288 3.576 -.25 5.2 9.1552 -.25 3.9914 9.8312 -.25 4.8965
4 288 25.6439 -.25 1.899 25.4027 -.25 2.0771 25.1046 -.25 2.0439 25.6805 -.25 1.6148
4 288 24.4481 -.25 .0299 24.4848 -.25 -.2543 24.7257 -.25 -.4325 25.0235 -.25 -.3997
4 288 24.4481 -.25 .0299 25.0235 -.25 -.3997 25.1979 -.25 -.1733 24.9305 -.25 1.8169
4 288 25.1046 -.25 2.0439 24.9305 -.25 1.8169 25.4195 -.25 .6482 25.6805 -.25 1.6148
3 288 25.4195 -.25 .6482 24.9305 -.25 1.8169 25.1979 -.25 -.1733
4 288 25.9196 -.25 3.008 26.1693 -.25 2.5371 26.8563 -.25 2.5191 27.0539 -.25 2.9132
4 288 26.8563 -.25 2.5191 26.1693 -.25 2.5371 26.2692 -.25 1.394 26.8294 -.25 .0874
3 288 26.2692 -.25 1.394 26.1443 -.25 .1169 26.8294 -.25 .0874
4 288 26.8294 -.25 .0874 26.1443 -.25 .1169 25.9371 -.25 -.4344 27.1024 -.25 -.464
4 288 27.1024 -.25 -.464 25.9371 -.25 -.4344 25.601 -.25 -.8543 27.6 -.25 -.666
4 288 24.4459 -.25 -1.0798 24.2831 -.25 -1.1038 24.2309 -.25 -1.2593 25.1121 -.25 -1.0877
3 288 25.1121 -.25 -1.0877 24.2309 -.25 -1.2593 24.2518 -.25 -4.0612
4 288 25.601 -.25 -.8543 25.1121 -.25 -1.0877 24.2518 -.25 -4.0612 27.6 -.25 -.666
4 288 24.2518 -.25 -4.0612 24.1778 -.25 -4.2817 29.3488 -.25 -.603 27.6 -.25 -.666
4 288 38 -.25 -6.5 29.3488 -.25 -.603 24.1778 -.25 -4.2817 36.5 -.25 -8
4 288 14.4161 -.25 -1.4095 14.2608 -.25 -1.283 14.1174 -.25 -1.4061 14.3653 -.25 -2.0687
3 288 14.3653 -.25 -2.0687 14.1174 -.25 -1.4061 13.7593 -.25 -2.5365
4 288 13.7593 -.25 -2.5365 13.4323 -.25 -3.0198 14.5726 -.25 -2.5675 14.3653 -.25 -2.0687
4 288 15.0134 -.25 -1.3282 14.9806 -.25 -1.7199 15.3656 -.25 -1.7861 15.6019 -.25 -1.475
4 288 15.896 -.25 .0632 15.572 -.25 .9747 15.0134 -.25 -1.3282 15.6019 -.25 -1.475
3 288 15.572 -.25 .9747 15.896 -.25 .0632 16.4442 -.25 1.4082
4 288 15.4061 -.25 1.3195 15.572 -.25 .9747 16.4442 -.25 1.4082 16.8494 -.25 1.7844
4 288 13.4573 -.25 -1.4354 13.4832 -.25 -1.4906 13.5439 -.25 -1.4862 13.7889 -.25 -1.2988
4 288 13.4573 -.25 -1.4354 13.7889 -.25 -1.2988 13.9203 -.25 -1.0719 14.2884 -.25 .1873
4 288 14.9179 -.25 4.2959 14.1081 -.25 1.4781 13.4573 -.25 -1.4354 14.2884 -.25 .1873
3 288 14.9179 -.25 4.2959 14.2884 -.25 .1873 15.0284 -.25 1.2581
4 288 14.9179 -.25 4.2959 15.0284 -.25 1.2581 15.4061 -.25 1.3195 16.8494 -.25 1.7844
4 288 14.8673 -.25 4.541 14.9179 -.25 4.2959 16.8494 -.25 1.7844 17.388 -.25 1.8711
4 288 16.397 -.25 -1.206 16.455 -.25 -1.7097 16.8443 -.25 -1.3848 16.7045 -.25 -.1688
4 288 17.6443 -.25 .6157 17.5864 -.25 1.1192 17.1971 -.25 .7943 17.3369 -.25 -.4217
4 288 17.3369 -.25 -.4217 17.1971 -.25 .7943 16.7045 -.25 -.1688 16.8443 -.25 -1.3848
4 288 17.6269 -.25 -1.4151 17.4328 -.25 -1.5314 17.2135 -.25 -2.0578 17.7942 -.25 -1.5641
3 288 17.2135 -.25 -2.0578 17.9077 -.25 -1.8833 17.7942 -.25 -1.5641
4 288 18.1646 -.25 -2.0394 17.9077 -.25 -1.8833 17.2135 -.25 -2.0578 16.884 -.25 -2.3761
4 288 19.1241 -.25 .0725 18.1945 -.25 -.9489 18.2811 -.25 -1.1645 18.5259 -.25 -1.1013
4 288 19.4669 -.25 1.5934 18.8306 -.25 1.3631 18.1945 -.25 -.9489 19.1241 -.25 .0725
4 288 18.8075 -.25 1.6741 18.8306 -.25 1.3631 19.4669 -.25 1.5934 19.6509 -.25 1.8783
4 288 20.3151 -.25 1.4319 19.7716 -.25 -.4262 19.7986 -.25 -.5052 19.882 -.25 -.5098
3 288 20.3151 -.25 1.4319 19.882 -.25 -.5098 20.1986 -.25 -.3066
4 288 20.9244 -.25 1.7096 20.3151 -.25 1.4319 20.1986 -.25 -.3066 20.3271 -.25 -.1067
3 288 20.2895 -.25 1.6947 20.3151 -.25 1.4319 20.9244 -.25 1.7096
4 288 20.0911 -.25 1.8711 20.2895 -.25 1.6947 20.9244 -.25 1.7096 21.3247 -.25 1.8824
4 288 21.4381 -.25 .2997 21.5935 -.25 .1258 21.6891 -.25 .1258 21.931 -.25 .5051
4 288 21.4381 -.25 .2997 21.931 -.25 .5051 22.102 -.25 1.5846 21.6054 -.25 1.3484
4 288 21.5801 -.25 1.6981 21.6054 -.25 1.3484 22.102 -.25 1.5846 22.6329 -.25 2.5337
4 288 22.7822 -.25 .0163 22.9466 -.25 -.3878 23.1253 -.25 -.4045 23.2602 -.25 -.2885
4 288 22.7822 -.25 .0163 23.2602 -.25 -.2885 23.5861 -.25 .5936 23.2542 -.25 1.844
4 288 23.2952 -.25 2.3046 23.2542 -.25 1.844 23.5861 -.25 .5936 23.7645 -.25 1.516
3 288 24.0427 -.25 3.4323 23.2952 -.25 2.3046 23.7645 -.25 1.516
4 288 24.5773 -.25 2.6139 24.6395 -.25 2.4864 24.7775 -.25 2.5191 25.1478 -.25 3.018
3 288 25.1478 -.25 3.018 24.8073 -.25 3.4865 24.5773 -.25 2.6139
4 288 24.7484 -.25 3.7161 24.8073 -.25 3.4865 25.1478 -.25 3.018 25.4256 -.25 3.1614
4 288 24.7484 -.25 3.7161 25.4256 -.25 3.1614 25.9196 -.25 3.008 27.0539 -.25 2.9132
4 288 24.7484 -.25 3.7161 27.0539 -.25 2.9132 27.1303 -.25 3.6152 27.1213 -.25 4.0303
4 288 24.5236 -.25 3.7913 24.7484 -.25 3.7161 27.1213 -.25 4.0303 27.4557 -.25 4.3896
3 288 24.0427 -.25 3.4323 23.048 -.25 2.6116 23.2952 -.25 2.3046
3 288 23.048 -.25 2.6116 24.0427 -.25 3.4323 22.6329 -.25 2.5337
3 288 22.6329 -.25 2.5337 21.3247 -.25 1.8824 21.5801 -.25 1.6981
4 288 24.3862 -.25 3.7676 21.3247 -.25 1.8824 22.6329 -.25 2.5337 24.0427 -.25 3.4323
4 288 24.3862 -.25 3.7676 19.9866 -.25 1.9095 20.0911 -.25 1.8711 21.3247 -.25 1.8824
3 288 18.511 -.25 1.7717 18.8075 -.25 1.6741 19.6509 -.25 1.8783
3 288 24.3862 -.25 3.7676 19.6509 -.25 1.8783 19.9866 -.25 1.9095
4 288 17.388 -.25 1.8711 18.511 -.25 1.7717 19.6509 -.25 1.8783 24.3862 -.25 3.7676
4 288 22.2118 -.25 .1653 22.0833 -.25 .238 21.8563 -.25 -.0503 22.2319 -.25 -.4134
4 288 22.2319 -.25 -.4134 21.8563 -.25 -.0503 21.7006 -.25 -1.0316 22.3749 -.25 -.8721
4 288 21.7006 -.25 -1.0316 21.4426 -.25 -1.4254 22.7246 -.25 -1.1234 22.3749 -.25 -.8721
4 288 23.2751 -.25 -3.7327 23.499 -.25 -1.1939 23.3647 -.25 -1.0798 22.7246 -.25 -1.1234
3 288 21.4426 -.25 -1.4254 23.2751 -.25 -3.7327 22.7246 -.25 -1.1234
4 288 23.2751 -.25 -3.7327 21.4426 -.25 -1.4254 20.9782 -.25 -1.5133 23.3714 -.25 -4.1388
4 288 20.79 -.25 -.5188 20.8042 -.25 -.2704 20.566 -.25 -.3427 20.3321 -.25 -.6321
4 288 20.79 -.25 -.5188 20.3321 -.25 -.6321 20.0612 -.25 -1.7854 20.7781 -.25 -1.3282
4 288 23.3714 -.25 -4.1388 20.9782 -.25 -1.5133 20.7781 -.25 -1.3282 20.0612 -.25 -1.7854
4 288 19.1562 -.25 -1.6059 19.0244 -.25 -1.5375 18.8934 -.25 -1.6025 19.3384 -.25 -1.8565
3 288 18.8934 -.25 -1.6025 18.5816 -.25 -1.9323 19.3384 -.25 -1.8565
4 288 19.6043 -.25 -2.0067 19.3384 -.25 -1.8565 18.5816 -.25 -1.9323 18.1646 -.25 -2.0394
4 288 15.8946 -.25 -2.3882 15.6288 -.25 -2.4006 15.109 -.25 -2.6309 16.4444 -.25 -2.4862
3 288 14.8673 -.25 4.541 17.388 -.25 1.8711 24.3862 -.25 3.7676
4 288 14.8673 -.25 4.541 24.3862 -.25 3.7676 24.5236 -.25 3.7913 27.4557 -.25 4.3896
4 288 14.8673 -.25 4.541 27.4557 -.25 4.3896 27.9379 -.25 4.4824 38 -.25 6.5
4 288 36.5 -.25 8 14.6401 -.25 4.6459 14.8673 -.25 4.541 38 -.25 6.5
4 288 14.6401 -.25 4.6459 36.5 -.25 8 12 -.25 8 14.5057 -.25 4.6391
4 288 14.5057 -.25 4.6391 12 -.25 8 11.8026 -.25 4.8728 12.3053 -.25 4.6261
4 288 10.7755 -.25 5.1386 12 -.25 8 -12 -.25 8 10.2522 -.25 5.1223
3 288 12 -.25 8 10.7755 -.25 5.1386 11.8026 -.25 4.8728
4 288 12.3053 -.25 4.6261 12.6516 -.25 4.2804 14.2145 -.25 4.5463 14.5057 -.25 4.6391
4 288 14.0457 -.25 4.2903 14.2145 -.25 4.5463 12.6516 -.25 4.2804 12.7527 -.25 3.8403
4 288 14.0457 -.25 4.2903 12.7527 -.25 3.8403 12.5195 -.25 3.3104 13.1549 -.25 .8822
4 288 11.5756 -.25 3.7699 11.1448 -.25 4.0363 10.6736 -.25 3.8444 11.8355 -.25 3.3431
4 288 10.6736 -.25 3.8444 9.7243 -.25 2.5226 12.1687 -.25 3.1443 11.8355 -.25 3.3431
4 288 12.1687 -.25 3.1443 9.7243 -.25 2.5226 9.0958 -.25 1.1198 8.7879 -.25 -.364
4 288 12.1687 -.25 3.1443 8.7879 -.25 -.364 8.8008 -.25 -1.9288 8.9785 -.25 -2.3357
4 288 12.1687 -.25 3.1443 8.9785 -.25 -2.3357 9.4102 -.25 -2.6061 10.0542 -.25 -2.5735
4 288 12.1687 -.25 3.1443 10.0542 -.25 -2.5735 10.7856 -.25 -2.2007 12.0266 -.25 -1.2119
4 288 12.5195 -.25 3.3104 12.1687 -.25 3.1443 12.0266 -.25 -1.2119 12.2129 -.25 -1.1606
4 288 12.5195 -.25 3.3104 12.2129 -.25 -1.1606 12.3671 -.25 -1.2808 13.1549 -.25 .8822
4 288 13.1549 -.25 .8822 12.3671 -.25 -1.2808 12.3224 -.25 -1.791 12.6091 -.25 -2.5982
4 288 12.6091 -.25 -2.5982 12.3224 -.25 -1.791 11.8469 -.25 -2.4924 12.6865 -.25 -2.9167
4 288 12.9465 -.25 -3.1141 12.6865 -.25 -2.9167 11.8469 -.25 -2.4924 11.2084 -.25 -3.0394
3 288 8.9789 -.25 -3.4898 7.8222 -.25 -3.0813 7.8222 -.25 -4.2053
4 288 9.7081 -.25 -3.5647 8.9789 -.25 -3.4898 7.8222 -.25 -4.2053 7.8015 -.25 -4.3211
4 288 10.4733 -.25 -3.4057 9.7081 -.25 -3.5647 7.8015 -.25 -4.3211 7.7418 -.25 -4.4225
3 288 23.3714 -.25 -4.1388 20.0612 -.25 -1.7854 19.6043 -.25 -2.0067
4 288 23.3714 -.25 -4.1388 19.6043 -.25 -2.0067 18.1646 -.25 -2.0394 16.884 -.25 -2.3761
4 288 16.884 -.25 -2.3761 16.4444 -.25 -2.4862 23.75 -.25 -4.3118 23.3714 -.25 -4.1388
3 288 23.75 -.25 -4.3118 16.4444 -.25 -2.4862 15.109 -.25 -2.6309
4 288 23.75 -.25 -4.3118 15.109 -.25 -2.6309 14.5726 -.25 -2.5675 13.4323 -.25 -3.0198
3 288 23.75 -.25 -4.3118 13.4323 -.25 -3.0198 12.9465 -.25 -3.1141
4 288 23.75 -.25 -4.3118 12.9465 -.25 -3.1141 11.2084 -.25 -3.0394 10.4733 -.25 -3.4057
4 288 23.75 -.25 -4.3118 10.4733 -.25 -3.4057 7.7418 -.25 -4.4225 7.6506 -.25 -4.4968
4 288 7.6506 -.25 -4.4968 7.5393 -.25 -4.5348 23.9501 -.25 -4.3333 23.75 -.25 -4.3118
4 288 12 -.25 -8 36.5 -.25 -8 24.1778 -.25 -4.2817 23.9501 -.25 -4.3333
4 288 6.3662 -.25 -4.7143 12 -.25 -8 23.9501 -.25 -4.3333 7.5393 -.25 -4.5348
3 288 6.3662 -.25 -4.7143 3.6503 -.25 -5.1298 12 -.25 -8
3 288 3.6503 -.25 -5.1298 2.5549 -.25 -5.2974 12 -.25 -8
3 288 2.5549 -.25 -5.2974 -1.2624 -.25 -5.8814 12 -.25 -8
0 // White squares
4 15 7.0019 -.25 .0735 5.9629 -.25 1.8139 5.9023 -.25 1.7398 6.9108 -.25 .0443
4 15 6.042 -.25 1.8678 7.081 -.25 .1274 7.1416 -.25 .2015 6.1331 -.25 1.897
4 15 7.081 -.25 .1274 6.042 -.25 1.8678 5.9629 -.25 1.8139 7.0019 -.25 .0735
4 15 7.1416 -.25 .2015 7.1786 -.25 .2897 7.5312 -.25 1.6555 6.1331 -.25 1.897
4 15 7.5319 -.25 1.8196 7.1535 -.25 2.0676 6.1331 -.25 1.897 7.5312 -.25 1.6555
4 15 7.317 -.25 2.054 7.1535 -.25 2.0676 7.5319 -.25 1.8196 7.4542 -.25 1.9641
4 15 5.5897 -.25 -.0228 5.7269 -.25 -.1128 5.8904 -.25 -.1264 5.512 -.25 .1217
4 15 5.512 -.25 .1217 5.8904 -.25 -.1264 5.8654 -.25 1.6515 5.5127 -.25 .2858
4 15 5.9023 -.25 1.7398 5.8654 -.25 1.6515 5.8904 -.25 -.1264 6.9108 -.25 .0443
4 15 3.2707 -.25 -.5111 3.2102 -.25 -.5852 4.741 -.25 -1.661 4.8015 -.25 -1.5868
4 15 4.6619 -.25 -1.7148 4.741 -.25 -1.661 3.2102 -.25 -.5852 3.1732 -.25 -.6735
4 15 5.0629 -.25 -.4681 4.9852 -.25 -.3236 4.848 -.25 -.2337 4.6845 -.25 -.2201
4 15 4.8015 -.25 -1.5868 4.8385 -.25 -1.4986 3.3498 -.25 -.4572 3.2707 -.25 -.5111
4 15 4.6619 -.25 -1.7148 3.1732 -.25 -.6735 2.9495 -.25 -1.5399 4.5707 -.25 -1.744
4 15 2.9488 -.25 -1.7039 3.3272 -.25 -1.952 4.5707 -.25 -1.744 2.9495 -.25 -1.5399
4 15 3.1637 -.25 -1.9384 3.3272 -.25 -1.952 2.9488 -.25 -1.7039 3.0265 -.25 -1.8485
4 15 3.3498 -.25 -.4572 4.8385 -.25 -1.4986 5.0622 -.25 -.6322 3.441 -.25 -.4281
4 15 5.0629 -.25 -.4681 4.6845 -.25 -.2201 3.441 -.25 -.4281 5.0622 -.25 -.6322
4 15 6.2171 -.25 -2.9235 4.9496 -.25 -1.8946 4.7516 -.25 -2.6616 6.1183 -.25 -2.9538
4 15 6.303 -.25 -2.8661 6.3687 -.25 -2.7864 5.0537 -.25 -1.7214 4.9891 -.25 -1.8005
4 15 4.9891 -.25 -1.8005 4.9496 -.25 -1.8946 6.2171 -.25 -2.9235 6.303 -.25 -2.8661
4 15 5.138 -.25 -1.664 5.0537 -.25 -1.7214 6.3687 -.25 -2.7864 6.4088 -.25 -2.6912
4 15 5.138 -.25 -1.664 6.4088 -.25 -2.6912 6.6106 -.25 -1.9098 5.2353 -.25 -1.6329
4 15 4.8321 -.25 -2.9889 4.9766 -.25 -3.0854 5.1496 -.25 -3.1019 4.7506 -.25 -2.8354
4 15 4.7506 -.25 -2.8354 5.1496 -.25 -3.1019 6.1183 -.25 -2.9538 4.7516 -.25 -2.6616
4 15 6.6113 -.25 -1.7348 6.2077 -.25 -1.4702 5.2353 -.25 -1.6329 6.6106 -.25 -1.9098
4 15 6.6113 -.25 -1.7348 6.5284 -.25 -1.5806 6.3821 -.25 -1.4847 6.2077 -.25 -1.4702
4 15 1.9737 -.25 -2.5486 1.9569 -.25 -2.4181 1.6387 -.25 -2.2344 .1651 -.25 -2.4809
4 15 1.9737 -.25 -2.5486 .1651 -.25 -2.4809 .0672 -.25 -2.5163 1.9463 -.25 -2.9423
4 15 1.9279 -.25 -3.4394 1.9439 -.25 -3.3369 -.0119 -.25 -2.5842 -.0617 -.25 -2.6757
4 15 .3411 -.25 -3.8376 1.6988 -.25 -3.6299 .0126 -.25 -3.6007 .0523 -.25 -3.7049
4 15 .0672 -.25 -2.5163 -.0119 -.25 -2.5842 1.9439 -.25 -3.3369 1.9463 -.25 -2.9423
4 15 .0126 -.25 -3.6007 1.6988 -.25 -3.6299 1.7969 -.25 -3.596 -.0443 -.25 -3.1911
4 15 -.0617 -.25 -2.6757 -.0758 -.25 -2.7789 1.8767 -.25 -3.5297 1.9279 -.25 -3.4394
4 15 -.0758 -.25 -2.7789 -.0443 -.25 -3.1911 1.7969 -.25 -3.596 1.8767 -.25 -3.5297
4 15 1.8839 -.25 -2.3086 1.77 -.25 -2.2428 1.6387 -.25 -2.2344 1.9569 -.25 -2.4181
4 15 .3411 -.25 -3.8376 .0523 -.25 -3.7049 .1284 -.25 -3.7863 .2297 -.25 -3.8329
4 15 7.6506 -.25 -4.4968 7.7418 -.25 -4.4225 6.3328 -.25 -3.0419 6.2952 -.25 -3.1312
4 15 6.3944 -.25 -2.9672 6.3328 -.25 -3.0419 7.7418 -.25 -4.4225 7.8015 -.25 -4.3211
4 15 5.993 -.25 -4.3015 7.5393 -.25 -4.5348 7.6506 -.25 -4.4968 6.2952 -.25 -3.1312
4 15 7.8222 -.25 -3.0813 6.5675 -.25 -2.885 6.4749 -.25 -2.9134 7.8222 -.25 -4.2053
4 15 7.8015 -.25 -4.3211 7.8222 -.25 -4.2053 6.4749 -.25 -2.9134 6.3944 -.25 -2.9672
4 15 7.706 -.25 -2.8284 7.5806 -.25 -2.7608 7.4385 -.25 -2.7518 7.7918 -.25 -2.9421
4 15 6.5675 -.25 -2.885 7.8222 -.25 -3.0813 7.7918 -.25 -2.9421 7.4385 -.25 -2.7518
4 15 6.3662 -.25 -4.7143 5.9921 -.25 -4.4644 6.0685 -.25 -4.6083 6.204 -.25 -4.6988
4 15 7.5393 -.25 -4.5348 5.993 -.25 -4.3015 5.9921 -.25 -4.4644 6.3662 -.25 -4.7143
4 15 3.932 -.25 -4.9415 2.4922 -.25 -3.5754 2.4182 -.25 -3.665 3.858 -.25 -5.0311
4 15 3.858 -.25 -5.0311 2.4182 -.25 -3.665 2.3731 -.25 -3.7721 3.7614 -.25 -5.0957
4 15 2.1072 -.25 -4.8019 3.6503 -.25 -5.1298 3.7614 -.25 -5.0957 2.3731 -.25 -3.7721
4 15 4.243 -.25 -3.8046 2.6999 -.25 -3.4767 2.5888 -.25 -3.5108 3.9771 -.25 -4.8344
4 15 2.4922 -.25 -3.5754 3.932 -.25 -4.9415 3.9771 -.25 -4.8344 2.5888 -.25 -3.5108
4 15 4.2441 -.25 -3.609 3.7952 -.25 -3.3092 2.6999 -.25 -3.4767 4.243 -.25 -3.8046
4 15 4.1525 -.25 -3.4363 3.9899 -.25 -3.3277 3.7952 -.25 -3.3092 4.2441 -.25 -3.609
4 15 2.1977 -.25 -5.1702 2.3603 -.25 -5.2788 2.5549 -.25 -5.2974 2.106 -.25 -4.9975
4 15 3.6503 -.25 -5.1298 2.1072 -.25 -4.8019 2.106 -.25 -4.9975 2.5549 -.25 -5.2974
4 15 -2.8741 -.25 -4.3674 -3.0048 -.25 -4.4946 -.9149 -.25 -5.2822 -1.0465 -.25 -4.8925
4 15 -2.2377 -.25 -6.0306 -2.6105 -.25 -5.9139 -2.5002 -.25 -5.9905 -2.372 -.25 -6.0306
4 15 -2.6105 -.25 -5.9139 -2.2377 -.25 -6.0306 -1.2624 -.25 -5.8814 -2.693 -.25 -5.8078
4 15 -1.4797 -.25 -4.1483 -1.6478 -.25 -4.1418 -1.2088 -.25 -4.3375 -1.326 -.25 -4.2168
4 15 -3.0734 -.25 -4.6637 -3.0683 -.25 -4.8461 -.9451 -.25 -5.665 -.8865 -.25 -5.477
4 15 -2.693 -.25 -5.8078 -1.2624 -.25 -5.8814 -1.0792 -.25 -5.8092 -2.9136 -.25 -5.3399
4 15 -1.0792 -.25 -5.8092 -.9451 -.25 -5.665 -3.0683 -.25 -4.8461 -2.9136 -.25 -5.3399
4 15 -.9149 -.25 -5.2822 -3.0048 -.25 -4.4946 -3.0734 -.25 -4.6637 -.8865 -.25 -5.477
4 15 -1.1449 -.25 -4.4931 -1.2088 -.25 -4.3375 -1.6478 -.25 -4.1418 -2.7032 -.25 -4.3033
4 15 -1.1449 -.25 -4.4931 -2.7032 -.25 -4.3033 -2.8741 -.25 -4.3674 -1.0465 -.25 -4.8925