0 Sticker  0.8 x  1.8 with Cautious Rider in Orange Hoodie
0 Name: 6234010k.dat
0 Author: Evert-Jan Boer [ejboer]
0 !LDRAW_ORG Part UPDATE 2026-07
0 !LICENSE Licensed under CC BY 4.0 : see CAreadme.txt

0 BFC CERTIFY CCW

0 !CATEGORY Sticker
0 !KEYWORDS BrickLink 10261stk01, Brickowl 1323428, creator expert
0 !KEYWORDS Rebrickable 39356, Roller Coaster, set 10261

0 !HISTORY 2026-07-30 [OrionP] Official Update 2026-07

1 16 0 0 0 1 0 0 0 1 0 0 0 1 s\stickerback008x018.dat
1 15 16.5 -.25 -6.5 0 0 1.5 0 1 0 -1.5 0 0 1-4chrd.dat
1 73 -16.5 -.25 -6.5 -1.5 0 0 0 1 0 0 0 -1.5 1-4chrd.dat
1 15 -16.5 -.25 6.5 0 0 -1.5 0 1 0 1.5 0 0 1-4chrd.dat
1 15 16.5 -.25 6.5 1.5 0 0 0 1 0 0 0 1.5 1-8chrd.dat
1 0 16.5 -.25 6.5 0 0 1.5 0 1 0 1.5 0 0 1-8chrd.dat

4 0 -17.2 -.25 2.72 -17.07 -.25 4.24 -18 -.25 2.72 -18 -.25 1.07
4 0 -16.46 -.25 3.92 -16.12 -.25 5.79 -17.07 -.25 4.24 -17.2 -.25 2.72
4 0 -16.12 -.25 5.79 -16.46 -.25 3.92 -15.4 -.25 5.57 -15.71 -.25 6.32
4 0 -14.12 -.25 6.05 -15.71 -.25 6.32 -15.4 -.25 5.57 -13.86 -.25 5.31
4 0 -11.75 -.25 5.6 -14.12 -.25 6.05 -13.86 -.25 5.31 -11.96 -.25 5.01
3 15 -10.9 -.25 8 -14.12 -.25 6.05 -11.75 -.25 5.6
4 73 -17.2 -.25 2.72 -18 -.25 1.07 -15.63 -.25 -8 -14.89 -.25 -5.52
4 73 -16.46 -.25 3.92 -17.2 -.25 2.72 -14.89 -.25 -5.52 -13.73 -.25 -2.75
4 73 -11.62 -.25 2.13 -13.86 -.25 5.31 -15.4 -.25 5.57 -12.47 -.25 .19
4 73 -16.46 -.25 3.92 -13.73 -.25 -2.75 -12.47 -.25 .19 -15.4 -.25 5.57
3 73 -13.86 -.25 5.31 -11.62 -.25 2.13 -11.96 -.25 5.01
3 0 16.74 -.25 1.33 14.45 -.25 .91 16.07 -.25 .64
3 0 16.74 -.25 1.33 16.07 -.25 .64 16.07 -.25 -3.95
4 0 15.43 -.25 -8 15.74 -.25 -6.91 15.17 -.25 -6.32 14.63 -.25 -8
4 0 15.74 -.25 -6.91 16.07 -.25 -3.95 15.71 -.25 -4.75 15.17 -.25 -6.32
4 0 16.02 -.25 -6.16 16.74 -.25 1.33 16.07 -.25 -3.95 15.74 -.25 -6.91
4 0 12.81 -.25 -8 13.24 -.25 -6.08 12.6 -.25 -6.48 12.29 -.25 -8
4 0 13.04 -.25 -4.88 12.6 -.25 -6.48 13.24 -.25 -6.08 13.71 -.25 -4.53
4 0 13.65 -.25 -3.09 13.04 -.25 -4.88 13.71 -.25 -4.53 14.27 -.25 -2.77
4 0 14.27 -.25 -2.77 14.79 -.25 -1.47 14.22 -.25 -1.63 13.65 -.25 -3.09
4 0 14.66 -.25 -.53 14.22 -.25 -1.63 14.79 -.25 -1.47 15.27 -.25 -.21
4 0 14.66 -.25 -.53 15.27 -.25 -.21 15.43 -.25 .19 15.02 -.25 .24
4 0 15.02 -.25 .24 15.43 -.25 .19 15.38 -.25 .35 15.17 -.25 .4
3 73 16.07 -.25 .64 15.38 -.25 .35 15.43 -.25 .19
3 73 16.07 -.25 .64 15.43 -.25 .19 15.27 -.25 -.21
4 73 14.79 -.25 -1.47 16.07 -.25 -3.95 16.07 -.25 .64 15.27 -.25 -.21
3 73 14.79 -.25 -1.47 15.71 -.25 -4.75 16.07 -.25 -3.95
4 73 15.71 -.25 -4.75 14.79 -.25 -1.47 14.27 -.25 -2.77 15.17 -.25 -6.32
4 73 13.71 -.25 -4.53 13.24 -.25 -6.08 15.17 -.25 -6.32 14.27 -.25 -2.77
4 73 13.24 -.25 -6.08 12.81 -.25 -8 14.63 -.25 -8 15.17 -.25 -6.32
4 73 -14.63 -.25 -6.4 -15.07 -.25 -8 -14.37 -.25 -8 -13.76 -.25 -6.59
4 73 -13.76 -.25 -6.59 -12.65 -.25 -4.29 -13.99 -.25 -4.51 -14.63 -.25 -6.4
4 73 -12.96 -.25 -2.11 -13.99 -.25 -4.51 -12.65 -.25 -4.29 -11.52 -.25 -1.76
4 73 -11.96 -.25 .27 -12.96 -.25 -2.11 -11.52 -.25 -1.76 -10.65 -.25 .21
4 0 -14.89 -.25 -5.52 -15.63 -.25 -8 -15.07 -.25 -8 -14.63 -.25 -6.4
4 0 -14.89 -.25 -5.52 -14.63 -.25 -6.4 -13.99 -.25 -4.51 -13.73 -.25 -2.75
4 0 -13.73 -.25 -2.75 -13.99 -.25 -4.51 -12.96 -.25 -2.11 -12.47 -.25 .19
3 0 -11.96 -.25 .27 -12.47 -.25 .19 -12.96 -.25 -2.11
4 0 -11.62 -.25 2.13 -12.47 -.25 .19 -11.96 -.25 .27 -11.06 -.25 2.19
4 0 -13.78 -.25 -8 -13.11 -.25 -6.45 -13.76 -.25 -6.59 -14.37 -.25 -8
4 0 -13.11 -.25 -6.45 -12.19 -.25 -4.4 -12.65 -.25 -4.29 -13.76 -.25 -6.59
4 0 -11.49 -.25 -2.85 -11.52 -.25 -1.76 -12.65 -.25 -4.29 -12.19 -.25 -4.4
4 0 -10.54 -.25 4.11 -11.62 -.25 2.13 -11.06 -.25 2.19 -10.29 -.25 3.73
4 0 -11.52 -.25 -1.76 -11.49 -.25 -2.85 -10.39 -.25 -.37 -10.65 -.25 .21
4 0 -10.18 -.25 1.28 -10.65 -.25 .21 -10.39 -.25 -.37 -9.93 -.25 1.33
3 0 -9.93 -.25 1.33 -10.39 -.25 -.37 -9.77 -.25 1.17
4 73 -10.54 -.25 4.11 -10.54 -.25 4.8 -11.96 -.25 5.01 -11.62 -.25 2.13
4 73 -10.54 -.25 4.11 -10.13 -.25 4.53 -10.23 -.25 4.69 -10.54 -.25 4.8
4 73 -10.13 -.25 4.53 -10.54 -.25 4.11 -10.29 -.25 3.73 -10.08 -.25 4.21
3 73 -10.08 -.25 4.21 -10.29 -.25 3.73 -10.08 -.25 1.71
3 73 -10.29 -.25 3.73 -11.06 -.25 2.19 -10.08 -.25 1.71
4 73 -10.18 -.25 1.28 -9.93 -.25 1.33 -10.08 -.25 1.71 -11.06 -.25 2.19
4 73 -11.96 -.25 .27 -10.65 -.25 .21 -10.18 -.25 1.28 -11.06 -.25 2.19
4 73 -9.26 -.25 1.65 -10.08 -.25 1.71 -9.93 -.25 1.33 -9.77 -.25 1.17
4 73 -9.77 -.25 1.17 -10.39 -.25 -.37 -8.28 -.25 1.49 -9.26 -.25 1.65
4 73 -10.39 -.25 -.37 -6.94 -.25 .43 -7.25 -.25 1.28 -8.28 -.25 1.49
3 73 -6.94 -.25 .43 -10.39 -.25 -.37 -6.69 -.25 -.21
4 73 -13.11 -.25 -6.45 -13.78 -.25 -8 -11.78 -.25 -8 -11.11 -.25 -7.09
4 73 -12.19 -.25 -4.4 -13.11 -.25 -6.45 -11.11 -.25 -7.09 -10.34 -.25 -6.08
3 73 -12.19 -.25 -4.4 -10.34 -.25 -6.08 -9.77 -.25 -5.44
4 73 -12.19 -.25 -4.4 -9.77 -.25 -5.44 -9.21 -.25 -5.12 -11.49 -.25 -2.85
4 73 -6.69 -.25 -.21 -10.39 -.25 -.37 -11.49 -.25 -2.85 -9.21 -.25 -5.12
4 73 -6.69 -.25 -.21 -9.21 -.25 -5.12 -8.38 -.25 -4.96 -6.43 -.25 -.64
4 73 -7.82 -.25 -4.96 -7.41 -.25 -4.91 -6.43 -.25 -.64 -8.38 -.25 -4.96
4 73 -6.99 -.25 -4.75 -6.74 -.25 -4.53 -6.43 -.25 -.64 -7.41 -.25 -4.91
4 73 -6.07 -.25 -2.19 -6.12 -.25 -.96 -6.43 -.25 -.64 -6.74 -.25 -4.53
4 73 -5.86 -.25 -2.77 -6.07 -.25 -2.19 -6.74 -.25 -4.53 -6.33 -.25 -4.48
3 73 -5.86 -.25 -2.77 -6.33 -.25 -4.48 -5.45 -.25 -3.41
4 73 -5.55 -.25 -4.59 -4.94 -.25 -3.89 -5.45 -.25 -3.41 -6.33 -.25 -4.48
4 73 -4.94 -.25 -3.89 -5.55 -.25 -4.59 -4.53 -.25 -4.8 -4.42 -.25 -4.16
4 73 3.34 -.25 -5.28 3.24 -.25 -5.92 4.11 -.25 -6.03 4.17 -.25 -5.12
4 73 4.78 -.25 -6.13 4.58 -.25 -4.91 4.17 -.25 -5.12 4.11 -.25 -6.03
4 73 4.58 -.25 -4.91 4.78 -.25 -6.13 5.3 -.25 -6.24 6.33 -.25 -5.55
4 73 4.94 -.25 -4.59 4.58 -.25 -4.91 6.33 -.25 -5.55 6.63 -.25 -4.27
4 73 5.4 -.25 -4 4.94 -.25 -4.59 6.63 -.25 -4.27 6.99 -.25 -2.99
3 73 6.99 -.25 -2.99 5.66 -.25 -3.36 5.4 -.25 -4
4 73 5.76 -.25 -2.72 5.66 -.25 -3.36 6.99 -.25 -2.99 6.27 -.25 -2.51
4 73 6.69 -.25 -2.13 6.27 -.25 -2.51 6.99 -.25 -2.99 7.3 -.25 -1.97
4 73 6.99 -.25 -1.49 6.69 -.25 -2.13 7.3 -.25 -1.97 7.56 -.25 -1.33
4 73 7.35 -.25 -.8 6.99 -.25 -1.49 7.56 -.25 -1.33 7.66 -.25 -.8
3 73 7.66 -.25 -.8 7.56 -.25 -1.33 7.71 -.25 -1.12
4 73 8.33 -.25 -.91 7.66 -.25 -.8 7.71 -.25 -1.12 8.02 -.25 -1.17
3 73 6.33 -.25 -5.55 5.3 -.25 -6.24 6.12 -.25 -6.56
4 73 8.02 -.25 -1.17 7.97 -.25 -1.44 13.65 -.25 -3.09 8.33 -.25 -.91
4 73 7.97 -.25 -1.44 7.66 -.25 -2.45 13.04 -.25 -4.88 13.65 -.25 -3.09
4 73 12.6 -.25 -6.48 13.04 -.25 -4.88 7.66 -.25 -2.45 7.3 -.25 -3.73
4 73 12.6 -.25 -6.48 7.3 -.25 -3.73 6.94 -.25 -5.07 6.74 -.25 -6.03
4 73 6.74 -.25 -6.03 6.58 -.25 -6.83 6.79 -.25 -7.09 7.51 -.25 -7.25
4 73 7.51 -.25 -7.25 8.07 -.25 -7.47 12.6 -.25 -6.48 6.74 -.25 -6.03
3 73 12.6 -.25 -6.48 8.07 -.25 -7.47 8.38 -.25 -7.73
4 73 12.29 -.25 -8 12.6 -.25 -6.48 8.38 -.25 -7.73 8.59 -.25 -8
4 73 14.22 -.25 -1.63 9.05 -.25 .53 8.33 -.25 -.91 13.65 -.25 -3.09
4 73 9.05 -.25 .53 14.22 -.25 -1.63 14.66 -.25 -.53 9.67 -.25 1.6
4 73 15.02 -.25 .24 11.88 -.25 1.33 9.67 -.25 1.6 14.66 -.25 -.53
4 73 15.17 -.25 .4 14.45 -.25 .91 11.88 -.25 1.33 15.02 -.25 .24
4 73 15.17 -.25 .4 15.38 -.25 .35 16.07 -.25 .64 14.45 -.25 .91
4 15 -9 -.25 2.93 -9.21 -.25 2.24 -7.46 -.25 2.08 -7.56 -.25 2.77
4 15 -7.56 -.25 2.77 -7.56 -.25 3.47 -8.38 -.25 4.16 -9 -.25 2.93
3 15 -8.38 -.25 4.16 -7.56 -.25 3.47 -7.46 -.25 4.05
4 15 8.07 -.25 -.11 8.33 -.25 .53 7.77 -.25 .64 7.61 -.25 -.11
4 15 8.33 -.25 .53 8.74 -.25 1.39 8.02 -.25 1.49 7.77 -.25 .64
3 0 -11.75 -.25 5.6 -11.96 -.25 5.01 -10.54 -.25 4.8
4 0 -10.54 -.25 4.8 -10.23 -.25 4.69 -10.9 -.25 8 -11.75 -.25 5.6
4 0 -8.38 -.25 4.16 -10.13 -.25 4.53 -10.08 -.25 4.21 -9 -.25 2.93
3 0 -10.08 -.25 4.21 -9.21 -.25 2.24 -9 -.25 2.93
4 0 -10.08 -.25 1.71 -9.26 -.25 1.65 -9.21 -.25 2.24 -10.08 -.25 4.21
4 0 -9.26 -.25 1.65 -8.28 -.25 1.49 -7.46 -.25 2.08 -9.21 -.25 2.24
4 0 7.61 -.25 -.11 7.35 -.25 -.8 7.66 -.25 -.8 8.07 -.25 -.11
4 0 8.33 -.25 -.91 9.05 -.25 .53 8.07 -.25 -.11 7.66 -.25 -.8
4 0 9.67 -.25 1.6 8.33 -.25 .53 8.07 -.25 -.11 9.05 -.25 .53
4 0 12.81 -.25 5.41 8.74 -.25 1.39 8.33 -.25 .53 9.67 -.25 1.6
4 0 15.17 -.25 1.57 12.81 -.25 5.41 9.67 -.25 1.6 11.88 -.25 1.33
4 0 16.74 -.25 1.33 15.17 -.25 1.57 11.88 -.25 1.33 14.45 -.25 .91
4 0 7.41 -.25 2.24 8.02 -.25 1.49 8.74 -.25 1.39 12.81 -.25 5.41
4 14 2.57 -.25 -5.81 2.67 -.25 -5.23 -3.75 -.25 -4.27 -3.86 -.25 -4.85
4 0 -4.42 -.25 -4.16 -4.53 -.25 -4.8 -3.86 -.25 -4.85 -3.75 -.25 -4.27
4 0 2.67 -.25 -5.23 2.57 -.25 -5.81 3.24 -.25 -5.92 3.34 -.25 -5.28
4 71 -4.47 -.25 -8 -4.42 -.25 -7.79 -4.73 -.25 -7.68 -4.83 -.25 -8
4 71 -4.37 -.25 -7.41 -4.58 -.25 -7.47 -4.73 -.25 -7.68 -4.32 -.25 -7.57
3 71 -4.32 -.25 -7.57 -4.73 -.25 -7.68 -4.42 -.25 -7.79
4 25 -8.38 -.25 -8 -9.57 -.25 -6.19 -10.13 -.25 -6.88 -10.9 -.25 -8
3 25 -9.57 -.25 -6.19 -8.38 -.25 -8 -7.92 -.25 -6.67
4 25 -9.05 -.25 -5.76 -9.57 -.25 -6.19 -7.92 -.25 -6.67 -8.43 -.25 -5.6
3 25 -7.51 -.25 -5.55 -8.43 -.25 -5.6 -7.92 -.25 -6.67
4 25 6.84 -.25 -7.68 6.22 -.25 -7.63 6.27 -.25 -8 7.25 -.25 -7.84
3 25 7.25 -.25 -7.84 6.27 -.25 -8 7.61 -.25 -8
3 25 5.25 -.25 -7.79 4.99 -.25 -8 5.61 -.25 -8
3 25 5.4 -.25 -7.57 5.25 -.25 -7.79 5.61 -.25 -8
3 25 5.55 -.25 -7.25 5.4 -.25 -7.57 5.61 -.25 -8
4 25 1.03 -.25 -8 4.53 -.25 -8 4.83 -.25 -7.73 1.85 -.25 -7.84
4 25 5.04 -.25 -7.52 2.73 -.25 -7.63 1.85 -.25 -7.84 4.83 -.25 -7.73
3 25 3.6 -.25 -7.31 2.73 -.25 -7.63 5.04 -.25 -7.52
3 25 4.11 -.25 -6.99 3.6 -.25 -7.31 5.04 -.25 -7.52
4 25 5.04 -.25 -7.52 4.99 -.25 -6.83 4.42 -.25 -6.77 4.11 -.25 -6.99
4 25 4.99 -.25 -6.83 5.04 -.25 -7.52 5.19 -.25 -7.25 5.35 -.25 -6.93
3 25 5.35 -.25 -6.93 5.19 -.25 -7.25 5.45 -.25 -7.04
4 25 -4.32 -.25 -5.76 -3.34 -.25 -6.08 -3.86 -.25 -5.49 -4.47 -.25 -5.39
4 25 -2.52 -.25 -5.71 -3.86 -.25 -5.49 -3.34 -.25 -6.08 -1.49 -.25 -6.29
4 25 0 -.25 -6.08 -2.52 -.25 -5.71 -1.49 -.25 -6.29 .41 -.25 -6.56
4 25 .41 -.25 -6.56 2.42 -.25 -6.93 2.01 -.25 -6.35 0 -.25 -6.08
4 25 3.03 -.25 -6.51 2.01 -.25 -6.35 2.42 -.25 -6.93 3.55 -.25 -6.61
3 25 3.55 -.25 -6.61 3.55 -.25 -6.93 3.6 -.25 -6.77
4 25 3.55 -.25 -6.61 2.42 -.25 -6.93 2.67 -.25 -7.31 3.55 -.25 -6.93
3 25 3.55 -.25 -6.93 2.67 -.25 -7.31 3.29 -.25 -7.09
4 25 1.85 -.25 -7.04 1.7 -.25 -7.63 2.67 -.25 -7.31 2.42 -.25 -6.93
3 25 .46 -.25 -6.99 1.7 -.25 -7.63 1.85 -.25 -7.04
4 25 .46 -.25 -6.99 -.51 -.25 -6.88 1.03 -.25 -7.79 1.7 -.25 -7.63
4 25 -3.34 -.25 -6.08 -4.32 -.25 -5.76 -3.81 -.25 -6.51 -2.52 -.25 -6.4
4 25 -3.19 -.25 -7.09 -1.44 -.25 -6.72 -2.52 -.25 -6.4 -3.81 -.25 -6.51
4 25 -2.52 -.25 -7.63 -1.85 -.25 -8 -1.44 -.25 -6.72 -3.19 -.25 -7.09
3 25 -1.44 -.25 -6.72 1.03 -.25 -7.79 -.51 -.25 -6.88
4 25 .26 -.25 -8 1.03 -.25 -7.79 -1.44 -.25 -6.72 -1.85 -.25 -8
4 25 -5.91 -.25 -7.09 -7.3 -.25 -6.93 -7.61 -.25 -8 -5.5 -.25 -8
4 25 -5.91 -.25 -7.09 -6.53 -.25 -5.87 -7.05 -.25 -6.13 -7.3 -.25 -6.93
4 25 -6.53 -.25 -5.87 -6.63 -.25 -5.23 -6.84 -.25 -5.49 -7.05 -.25 -6.13
4 25 -6.63 -.25 -5.23 -6.53 -.25 -5.87 -6.43 -.25 -5.6 -6.38 -.25 -5.12
4 25 -6.43 -.25 -5.6 -6.17 -.25 -5.6 -6.07 -.25 -5.12 -6.38 -.25 -5.12
4 25 -6.17 -.25 -5.6 -5.04 -.25 -5.39 -5.55 -.25 -5.23 -6.07 -.25 -5.12
4 25 -5.04 -.25 -5.39 -6.17 -.25 -5.6 -6.02 -.25 -5.81 -4.68 -.25 -5.71
3 25 -4.68 -.25 -5.71 -6.02 -.25 -5.81 -4.27 -.25 -6.4
4 25 -6.02 -.25 -5.81 -5.66 -.25 -6.61 -5.35 -.25 -7.2 -4.27 -.25 -6.4
4 25 -4.27 -.25 -6.4 -5.35 -.25 -7.2 -4.99 -.25 -7.36 -4.78 -.25 -7.09
3 25 -5.35 -.25 -7.2 -5.09 -.25 -7.63 -4.99 -.25 -7.36
4 25 -4.42 -.25 -7.04 -3.91 -.25 -6.83 -4.27 -.25 -6.4 -4.78 -.25 -7.09
4 25 -3.91 -.25 -6.83 -4.42 -.25 -7.04 -4.11 -.25 -7.15 -3.39 -.25 -7.31
4 25 -3.39 -.25 -7.31 -4.11 -.25 -7.15 -3.91 -.25 -7.36 -2.88 -.25 -7.68
4 25 -2.88 -.25 -7.68 -3.91 -.25 -7.36 -3.91 -.25 -7.68 -2.37 -.25 -8
3 25 -3.91 -.25 -7.68 -4.06 -.25 -8 -2.37 -.25 -8
4 0 -2.52 -.25 -6.4 -1.44 -.25 -6.72 -1.49 -.25 -6.29 -3.34 -.25 -6.08
4 0 -.51 -.25 -6.88 .41 -.25 -6.56 -1.49 -.25 -6.29 -1.44 -.25 -6.72
3 0 -.51 -.25 -6.88 .46 -.25 -6.99 1.85 -.25 -7.04
4 0 2.42 -.25 -6.93 .41 -.25 -6.56 -.51 -.25 -6.88 1.85 -.25 -7.04
4 0 1.03 -.25 -7.79 .26 -.25 -8 1.03 -.25 -8 1.7 -.25 -7.63
4 0 3.6 -.25 -7.31 2.67 -.25 -7.31 1.7 -.25 -7.63 2.73 -.25 -7.63
4 0 1.03 -.25 -8 1.85 -.25 -7.84 2.73 -.25 -7.63 1.7 -.25 -7.63
4 0 2.67 -.25 -7.31 3.6 -.25 -7.31 4.11 -.25 -6.99 3.29 -.25 -7.09
4 0 4.42 -.25 -6.77 3.55 -.25 -6.93 3.29 -.25 -7.09 4.11 -.25 -6.99
3 0 4.42 -.25 -6.77 3.6 -.25 -6.77 3.55 -.25 -6.93
4 0 -4.68 -.25 -5.71 -4.32 -.25 -5.76 -4.47 -.25 -5.39 -5.04 -.25 -5.39
4 0 -4.32 -.25 -5.76 -4.68 -.25 -5.71 -4.27 -.25 -6.4 -3.81 -.25 -6.51
4 0 -3.81 -.25 -6.51 -4.27 -.25 -6.4 -3.91 -.25 -6.83 -3.19 -.25 -7.09
4 0 -3.39 -.25 -7.31 -2.52 -.25 -7.63 -3.19 -.25 -7.09 -3.91 -.25 -6.83
4 0 -2.52 -.25 -7.63 -3.39 -.25 -7.31 -2.88 -.25 -7.68 -1.85 -.25 -8
3 0 -2.88 -.25 -7.68 -2.37 -.25 -8 -1.85 -.25 -8
4 0 -6.43 -.25 -5.6 -6.53 -.25 -5.87 -6.02 -.25 -5.81 -6.17 -.25 -5.6
4 0 -5.66 -.25 -6.61 -6.02 -.25 -5.81 -6.53 -.25 -5.87 -5.91 -.25 -7.09
4 0 -5.91 -.25 -7.09 -5.5 -.25 -8 -5.35 -.25 -7.2 -5.66 -.25 -6.61
3 0 -5.35 -.25 -7.2 -5.5 -.25 -8 -5.09 -.25 -7.63
4 0 -4.83 -.25 -8 -4.73 -.25 -7.68 -5.09 -.25 -7.63 -5.5 -.25 -8
4 0 -4.73 -.25 -7.68 -4.58 -.25 -7.47 -4.99 -.25 -7.36 -5.09 -.25 -7.63
4 0 -4.58 -.25 -7.47 -4.42 -.25 -7.04 -4.78 -.25 -7.09 -4.99 -.25 -7.36
4 0 -4.42 -.25 -7.04 -4.58 -.25 -7.47 -4.37 -.25 -7.41 -4.11 -.25 -7.15
4 0 -4.37 -.25 -7.41 -4.32 -.25 -7.57 -3.91 -.25 -7.36 -4.11 -.25 -7.15
4 0 -4.32 -.25 -7.57 -4.42 -.25 -7.79 -3.91 -.25 -7.68 -3.91 -.25 -7.36
4 0 -4.06 -.25 -8 -3.91 -.25 -7.68 -4.42 -.25 -7.79 -4.47 -.25 -8
4 0 -7.92 -.25 -6.67 -8.38 -.25 -8 -7.61 -.25 -8 -7.3 -.25 -6.93
4 0 -7.92 -.25 -6.67 -7.3 -.25 -6.93 -7.05 -.25 -6.13 -7.51 -.25 -5.55
3 0 -6.84 -.25 -5.49 -7.51 -.25 -5.55 -7.05 -.25 -6.13
4 0 -7.41 -.25 -4.91 -7.51 -.25 -5.55 -6.84 -.25 -5.49 -6.63 -.25 -5.23
4 0 -6.63 -.25 -5.23 -6.38 -.25 -5.12 -6.99 -.25 -4.75 -7.41 -.25 -4.91
4 0 -6.74 -.25 -4.53 -6.99 -.25 -4.75 -6.38 -.25 -5.12 -6.33 -.25 -4.48
4 0 -6.07 -.25 -5.12 -5.55 -.25 -4.59 -6.33 -.25 -4.48 -6.38 -.25 -5.12
4 0 -5.55 -.25 -5.23 -4.53 -.25 -4.8 -5.55 -.25 -4.59 -6.07 -.25 -5.12
4 0 -5.04 -.25 -5.39 -4.47 -.25 -5.39 -4.53 -.25 -4.8 -5.55 -.25 -5.23
4 0 -4.47 -.25 -5.39 -3.86 -.25 -5.49 -3.86 -.25 -4.85 -4.53 -.25 -4.8
4 0 -2.52 -.25 -5.71 2.57 -.25 -5.81 -3.86 -.25 -4.85 -3.86 -.25 -5.49
4 0 2.57 -.25 -5.81 -2.52 -.25 -5.71 0 -.25 -6.08 2.01 -.25 -6.35
4 0 3.03 -.25 -6.51 3.24 -.25 -5.92 2.57 -.25 -5.81 2.01 -.25 -6.35
4 0 3.24 -.25 -5.92 3.03 -.25 -6.51 3.55 -.25 -6.61 4.11 -.25 -6.03
4 0 3.55 -.25 -6.61 3.6 -.25 -6.77 4.42 -.25 -6.77 4.11 -.25 -6.03
4 0 4.78 -.25 -6.13 4.11 -.25 -6.03 4.42 -.25 -6.77 4.99 -.25 -6.83
4 0 5.3 -.25 -6.24 4.78 -.25 -6.13 4.99 -.25 -6.83 5.35 -.25 -6.93
4 0 -10.9 -.25 -8 -10.13 -.25 -6.88 -11.11 -.25 -7.09 -11.78 -.25 -8
4 0 -10.13 -.25 -6.88 -9.57 -.25 -6.19 -10.34 -.25 -6.08 -11.11 -.25 -7.09
4 0 -9.57 -.25 -6.19 -9.05 -.25 -5.76 -9.77 -.25 -5.44 -10.34 -.25 -6.08
4 0 -9.05 -.25 -5.76 -8.43 -.25 -5.6 -9.21 -.25 -5.12 -9.77 -.25 -5.44
4 0 -8.43 -.25 -5.6 -7.82 -.25 -4.96 -8.38 -.25 -4.96 -9.21 -.25 -5.12
4 0 -7.51 -.25 -5.55 -7.41 -.25 -4.91 -7.82 -.25 -4.96 -8.43 -.25 -5.6
4 0 5.35 -.25 -6.93 5.45 -.25 -7.04 6.12 -.25 -6.56 5.3 -.25 -6.24
4 0 4.83 -.25 -7.73 4.53 -.25 -8 4.99 -.25 -8 5.25 -.25 -7.79
4 0 5.25 -.25 -7.79 5.4 -.25 -7.57 5.04 -.25 -7.52 4.83 -.25 -7.73
4 0 5.4 -.25 -7.57 5.55 -.25 -7.25 5.19 -.25 -7.25 5.04 -.25 -7.52
4 0 5.55 -.25 -7.25 6.12 -.25 -6.56 5.45 -.25 -7.04 5.19 -.25 -7.25
4 0 5.55 -.25 -7.25 6.22 -.25 -7.63 6.58 -.25 -6.83 6.12 -.25 -6.56
4 0 6.22 -.25 -7.63 6.84 -.25 -7.68 6.79 -.25 -7.09 6.58 -.25 -6.83
4 0 6.84 -.25 -7.68 7.25 -.25 -7.84 7.51 -.25 -7.25 6.79 -.25 -7.09
4 0 8.07 -.25 -7.47 7.51 -.25 -7.25 7.25 -.25 -7.84 7.61 -.25 -8
4 0 7.61 -.25 -8 8.59 -.25 -8 8.38 -.25 -7.73 8.07 -.25 -7.47
4 0 5.61 -.25 -8 6.27 -.25 -8 6.22 -.25 -7.63 5.55 -.25 -7.25
4 0 6.74 -.25 -6.03 6.33 -.25 -5.55 6.12 -.25 -6.56 6.58 -.25 -6.83
4 0 6.74 -.25 -6.03 6.94 -.25 -5.07 6.63 -.25 -4.27 6.33 -.25 -5.55
4 0 6.63 -.25 -4.27 6.94 -.25 -5.07 7.3 -.25 -3.73 6.99 -.25 -2.99
4 0 7.66 -.25 -2.45 7.3 -.25 -1.97 6.99 -.25 -2.99 7.3 -.25 -3.73
4 0 7.97 -.25 -1.44 8.02 -.25 -1.17 7.71 -.25 -1.12 7.56 -.25 -1.33
4 0 7.56 -.25 -1.33 7.3 -.25 -1.97 7.66 -.25 -2.45 7.97 -.25 -1.44
4 15 -1.44 -.25 .96 -1.23 -.25 .87 -1.44 -.25 1.39 -1.53 -.25 1.17
3 15 -1.23 -.25 1.48 -1.44 -.25 1.39 -1.03 -.25 1.39
3 15 -.94 -.25 1.17 -1.23 -.25 .87 -1.03 -.25 .96
4 15 -1.44 -.25 1.39 -1.23 -.25 .87 -.94 -.25 1.17 -1.03 -.25 1.39
4 15 1.54 -.25 .86 1.45 -.25 .64 1.54 -.25 .42 1.75 -.25 .33
3 15 1.75 -.25 .95 1.54 -.25 .86 1.96 -.25 .86
3 15 2.04 -.25 .64 1.75 -.25 .33 1.96 -.25 .42
4 15 1.54 -.25 .86 1.75 -.25 .33 2.04 -.25 .64 1.96 -.25 .86
4 0 -2.73 -.25 1.39 -2.31 -.25 1.28 -2.57 -.25 1.65 -2.93 -.25 1.71
4 0 -2.31 -.25 1.28 -1.85 -.25 1.17 -2.16 -.25 1.76 -2.57 -.25 1.65
4 0 -2.16 -.25 1.76 -1.85 -.25 1.17 -1.53 -.25 1.17 -1.44 -.25 1.39
4 0 -1.59 -.25 1.81 -2.16 -.25 1.76 -1.44 -.25 1.39 -1.23 -.25 1.48
4 0 -1.23 -.25 1.48 -1.03 -.25 1.39 -.93 -.25 1.81 -1.59 -.25 1.81
4 0 -.82 -.25 1.49 -.51 -.25 1.76 -.93 -.25 1.81 -1.03 -.25 1.39
3 0 -.51 -.25 1.76 -.82 -.25 1.49 -.31 -.25 1.49
4 0 -.94 -.25 1.17 -.72 -.25 1.17 -.82 -.25 1.49 -1.03 -.25 1.39
4 0 -1.03 -.25 .96 -.72 -.25 .8 -.72 -.25 1.17 -.94 -.25 1.17
4 0 -1.03 -.25 .96 -1.23 -.25 .87 -.82 -.25 .48 -.72 -.25 .8
4 0 -1.03 -.25 .27 -.82 -.25 .48 -1.23 -.25 .87 -1.39 -.25 .21
4 0 -1.23 -.25 .87 -1.44 -.25 .96 -1.7 -.25 .32 -1.39 -.25 .21
4 0 -1.44 -.25 .96 -1.9 -.25 .91 -1.85 -.25 .64 -1.7 -.25 .32
4 0 -1.9 -.25 .91 -1.44 -.25 .96 -1.53 -.25 1.17 -1.85 -.25 1.17
4 0 1.29 -.25 1.44 1.03 -.25 1.39 1.34 -.25 1.23 1.59 -.25 1.44
4 0 1.49 -.25 1.07 2.01 -.25 1.33 1.59 -.25 1.44 1.34 -.25 1.23
4 0 1.75 -.25 .95 2.01 -.25 1.33 1.49 -.25 1.07 1.54 -.25 .86
4 0 1.96 -.25 .86 2.31 -.25 1.12 2.01 -.25 1.33 1.75 -.25 .95
4 0 2.62 -.25 1.07 2.31 -.25 1.12 1.96 -.25 .86 2.04 -.25 .64
4 0 2.98 -.25 .85 2.62 -.25 1.07 2.04 -.25 .64 2.37 -.25 .64
4 0 3.39 -.25 .69 2.98 -.25 .85 2.37 -.25 .64 2.78 -.25 .53
3 0 3.39 -.25 .69 2.78 -.25 .53 3.03 -.25 .53
4 0 1.54 -.25 .86 1.49 -.25 1.07 1.23 -.25 .91 1.45 -.25 .64
4 0 1.08 -.25 .59 1.54 -.25 .42 1.45 -.25 .64 1.23 -.25 .91
4 0 1.75 -.25 .33 1.54 -.25 .42 1.08 -.25 .59 1.08 -.25 .21
3 0 1.23 -.25 -.05 1.49 -.25 -.27 1.8 -.25 -.32
4 0 1.08 -.25 .21 1.23 -.25 -.05 1.8 -.25 -.32 1.75 -.25 .33
4 0 1.8 -.25 -.32 2.11 -.25 -.16 1.96 -.25 .42 1.75 -.25 .33
4 0 2.37 -.25 .37 1.96 -.25 .42 2.11 -.25 -.16 2.31 -.25 .11
4 0 1.96 -.25 .42 2.37 -.25 .37 2.37 -.25 .64 2.04 -.25 .64
4 0 -2.52 -.25 2.83 -2.73 -.25 2.51 -2.57 -.25 2.45 -2.21 -.25 2.77
4 0 -2.26 -.25 3.09 -2.52 -.25 2.83 -2.21 -.25 2.77 -1.8 -.25 3.09
4 15 -1.75 -.25 -2.29 -1.39 -.25 -2.24 -1.75 -.25 -1.87 -1.85 -.25 -2.13
4 15 -1.75 -.25 -1.87 -1.39 -.25 -2.24 -1.03 -.25 -2.19 -1.49 -.25 -1.87
4 15 -1.49 -.25 -1.87 -1.03 -.25 -2.19 -.62 -.25 -2.19 -1.23 -.25 -1.49
4 15 -1.23 -.25 -1.49 -.62 -.25 -2.19 0 -.25 -2.24 -.87 -.25 -1.55
3 15 -.46 -.25 -1.71 .41 -.25 -2.4 0 -.25 -1.76
4 15 -.87 -.25 -1.55 0 -.25 -2.24 .41 -.25 -2.4 -.46 -.25 -1.71
3 15 .51 -.25 -1.76 0 -.25 -1.76 .41 -.25 -2.4
3 15 1.23 -.25 -2.19 .41 -.25 -2.4 .72 -.25 -2.56
4 15 .51 -.25 -1.76 .41 -.25 -2.4 1.23 -.25 -2.19 .98 -.25 -1.76
4 15 1.23 -.25 -2.29 1.23 -.25 -2.19 .72 -.25 -2.56 1.03 -.25 -2.72
3 15 1.23 -.25 -2.29 1.03 -.25 -2.72 1.44 -.25 -2.35
4 15 1.03 -.25 -2.72 1.29 -.25 -2.77 1.44 -.25 -2.72 1.44 -.25 -2.35
4 15 1.23 -.25 -2.19 1.44 -.25 -2.13 1.29 -.25 -1.87 .98 -.25 -1.76
4 15 -1.49 -.25 -1.87 -1.23 -.25 -1.49 -1.49 -.25 -1.55 -1.65 -.25 -1.71
3 0 -1.65 -.25 -1.71 -1.75 -.25 -1.87 -1.49 -.25 -1.87
4 0 -1.65 -.25 -1.71 -1.75 -.25 -1.23 -2.01 -.25 -1.6 -1.75 -.25 -1.87
4 0 -1.75 -.25 -1.23 -1.65 -.25 -1.71 -1.49 -.25 -1.55 -1.39 -.25 -1.01
4 0 -1.39 -.25 -1.01 -1.49 -.25 -1.55 -1.23 -.25 -1.49 -1.13 -.25 -.96
4 0 -1.23 -.25 -1.49 -.87 -.25 -1.55 -.82 -.25 -.96 -1.13 -.25 -.96
4 0 -.51 -.25 -1.07 -.82 -.25 -.96 -.87 -.25 -1.55 -.46 -.25 -1.71
4 0 -.46 -.25 -1.71 0 -.25 -1.76 -.21 -.25 -1.28 -.51 -.25 -1.07
4 0 0 -.25 -1.76 .51 -.25 -1.76 .26 -.25 -1.23 -.21 -.25 -1.28
4 0 .51 -.25 -1.76 .98 -.25 -1.76 .98 -.25 -1.28 .26 -.25 -1.23
4 0 1.39 -.25 -1.44 .98 -.25 -1.28 .98 -.25 -1.76 1.29 -.25 -1.87
4 0 1.39 -.25 -1.44 1.29 -.25 -1.87 1.75 -.25 -2.19 1.65 -.25 -1.71
3 0 1.29 -.25 -1.87 1.44 -.25 -2.13 1.75 -.25 -2.19
3 0 1.44 -.25 -2.13 1.44 -.25 -2.35 1.75 -.25 -2.19
4 0 1.44 -.25 -2.35 1.44 -.25 -2.13 1.23 -.25 -2.19 1.23 -.25 -2.29
4 0 1.44 -.25 -2.72 1.75 -.25 -2.93 1.75 -.25 -2.19 1.44 -.25 -2.35
4 0 1.44 -.25 -2.72 1.29 -.25 -2.77 1.65 -.25 -3.15 1.75 -.25 -2.93
4 0 1.49 -.25 -3.31 1.65 -.25 -3.15 1.29 -.25 -2.77 1.18 -.25 -3.31
4 0 1.18 -.25 -3.31 1.29 -.25 -2.77 1.03 -.25 -2.72 .82 -.25 -3.2
4 0 1.03 -.25 -2.72 .72 -.25 -2.56 .62 -.25 -3.09 .82 -.25 -3.2
4 0 .72 -.25 -2.56 .41 -.25 -2.4 .31 -.25 -2.93 .62 -.25 -3.09
4 0 -2.01 -.25 -1.6 -2.16 -.25 -2.03 -1.85 -.25 -2.13 -1.75 -.25 -1.87
4 0 -2.21 -.25 -2.4 -1.75 -.25 -2.29 -1.85 -.25 -2.13 -2.16 -.25 -2.03
4 0 -1.75 -.25 -2.29 -2.21 -.25 -2.4 -2.16 -.25 -2.61 -1.95 -.25 -2.77
4 0 -1.95 -.25 -2.77 -1.23 -.25 -2.83 -1.39 -.25 -2.24 -1.75 -.25 -2.29
4 0 -1.03 -.25 -2.19 -1.39 -.25 -2.24 -1.23 -.25 -2.83 -.62 -.25 -2.19
4 0 -.62 -.25 -2.19 -1.23 -.25 -2.83 0 -.25 -2.88 0 -.25 -2.24
4 0 .41 -.25 -2.4 0 -.25 -2.24 0 -.25 -2.88 .31 -.25 -2.93
4 25 -6.02 -.25 2.61 -6.33 -.25 3.15 -6.48 -.25 2.56 -6.53 -.25 1.97
4 25 -6.02 -.25 2.61 -6.53 -.25 1.97 -6.43 -.25 1.39 -5.55 -.25 2.19
3 25 -5.55 -.25 2.19 -6.43 -.25 1.39 -5.66 -.25 1.49
4 25 -5.66 -.25 1.49 -6.43 -.25 1.39 -6.17 -.25 1.01 -5.76 -.25 .8
4 25 -6.02 -.25 .43 -5.81 -.25 .37 -5.76 -.25 .8 -6.17 -.25 1.01
4 25 -6.63 -.25 3.25 -6.89 -.25 3.68 -6.94 -.25 3.04 -6.84 -.25 2.88
4 25 -5.91 -.25 4.75 -6.63 -.25 4.59 -6.89 -.25 3.68 -6.43 -.25 3.95
3 25 -6.43 -.25 3.95 -6.89 -.25 3.68 -6.63 -.25 3.25
4 25 -5.3 -.25 5.44 -6.22 -.25 5.33 -6.63 -.25 4.59 -5.91 -.25 4.75
4 25 -6.22 -.25 5.33 -5.3 -.25 5.44 -4.42 -.25 6.19 -5.66 -.25 6.03
4 25 -5.66 -.25 6.03 -4.42 -.25 6.19 -3.96 -.25 7.57 -4.83 -.25 6.83
3 25 -3.24 -.25 8 -3.75 -.25 6.77 -3.09 -.25 7.31
4 25 -4.42 -.25 6.19 -3.75 -.25 6.77 -3.24 -.25 8 -3.96 -.25 7.57
3 25 -3.24 -.25 8 -3.09 -.25 7.31 -2.52 -.25 7.63
3 25 -1.8 -.25 8 -3.24 -.25 8 -2.52 -.25 7.63
4 25 -3.39 -.25 6.29 -3.09 -.25 6.93 -3.86 -.25 6.35 -4.06 -.25 5.97
4 25 -2.42 -.25 6.72 -2.11 -.25 7.57 -3.09 -.25 6.93 -3.39 -.25 6.29
4 25 -2.11 -.25 7.57 -2.42 -.25 6.72 -1.29 -.25 7.15 -1.08 -.25 8
3 25 -1.08 -.25 8 -1.29 -.25 7.15 -.41 -.25 7.41
3 25 -1.08 -.25 8 -.41 -.25 7.41 .46 -.25 7.63
4 25 .46 -.25 7.63 1.8 -.25 7.73 2.11 -.25 8 -1.08 -.25 8
4 25 2.73 -.25 7.84 2.11 -.25 8 1.8 -.25 7.73 2.62 -.25 7.68
3 25 2.73 -.25 7.84 2.62 -.25 7.68 3.19 -.25 7.52
4 25 -4.37 -.25 5.49 -4.94 -.25 5.01 -4.22 -.25 5.17 -3.14 -.25 5.97
3 25 -1.59 -.25 6.56 -3.14 -.25 5.97 -4.22 -.25 5.17
4 25 -4.22 -.25 5.17 -2.93 -.25 5.55 -.57 -.25 6.93 -1.59 -.25 6.56
4 25 .41 -.25 7.2 -.57 -.25 6.93 -2.93 -.25 5.55 -1.39 -.25 5.76
3 25 .41 -.25 7.2 -1.39 -.25 5.76 .05 -.25 5.97
4 25 1.18 -.25 7.36 .41 -.25 7.2 .05 -.25 5.97 1.49 -.25 6.19
4 25 1.49 -.25 6.19 2.62 -.25 6.4 2.06 -.25 7.36 1.18 -.25 7.36
4 25 2.98 -.25 7.25 2.06 -.25 7.36 2.62 -.25 6.4 3.29 -.25 6.56
4 25 -5.81 -.25 3.47 -5.81 -.25 3.09 -5.5 -.25 3.63 -5.71 -.25 3.84
4 25 -5.45 -.25 4.21 -5.71 -.25 3.84 -5.5 -.25 3.63 -5.14 -.25 4
4 25 -4.89 -.25 4.59 -5.45 -.25 4.21 -5.14 -.25 4 -4.68 -.25 4.32
4 25 -4.68 -.25 4.32 -3.81 -.25 4.64 -4.06 -.25 4.96 -4.89 -.25 4.59
4 25 -3.81 -.25 4.64 -2.57 -.25 4.91 -2.98 -.25 5.23 -4.06 -.25 4.96
4 25 -2.57 -.25 4.91 -1.13 -.25 5.07 -1.59 -.25 5.44 -2.98 -.25 5.23
4 25 -.05 -.25 5.65 -1.59 -.25 5.44 -1.13 -.25 5.07 .36 -.25 5.28
4 25 1.39 -.25 5.87 -.05 -.25 5.65 .36 -.25 5.28 1.8 -.25 5.55
4 25 2.67 -.25 6.13 1.39 -.25 5.87 1.8 -.25 5.55 3.03 -.25 5.97
3 25 3.6 -.25 6.29 2.67 -.25 6.13 3.03 -.25 5.97
4 25 -4.22 -.25 4.16 -4.73 -.25 3.84 -3.96 -.25 3.89 -3.34 -.25 4.48
4 25 -3.09 -.25 4.05 -2.06 -.25 4.75 -3.34 -.25 4.48 -3.96 -.25 3.89
4 25 -2.06 -.25 4.75 -3.09 -.25 4.05 -1.75 -.25 4.32 -.77 -.25 4.91
4 25 -.77 -.25 4.91 -1.75 -.25 4.32 -.36 -.25 4.53 .62 -.25 5.07
4 25 .62 -.25 5.07 -.36 -.25 4.53 .87 -.25 4.69 1.85 -.25 5.33
3 25 1.85 -.25 5.33 .87 -.25 4.69 2.21 -.25 5.01
4 25 2.98 -.25 5.65 1.85 -.25 5.33 2.21 -.25 5.01 3.55 -.25 5.33
4 25 3.55 -.25 5.33 4.27 -.25 5.65 3.86 -.25 6.03 2.98 -.25 5.65
4 25 3.86 -.25 6.03 4.27 -.25 5.65 4.63 -.25 5.87 4.22 -.25 6.29
4 25 4.47 -.25 6.67 4.22 -.25 6.29 4.63 -.25 5.87 4.78 -.25 6.61
4 25 4.63 -.25 5.87 5.09 -.25 5.44 5.35 -.25 6.24 4.78 -.25 6.61
4 25 6.07 -.25 5.71 5.35 -.25 6.24 5.09 -.25 5.44 5.55 -.25 4.85
4 25 5.55 -.25 4.85 6.17 -.25 4.16 6.69 -.25 4.96 6.07 -.25 5.71
4 25 6.17 -.25 4.16 6.58 -.25 3.57 7.15 -.25 4.21 6.69 -.25 4.96
4 25 7.41 -.25 3.47 7.15 -.25 4.21 6.58 -.25 3.57 6.89 -.25 3.04
4 25 7.46 -.25 2.83 7.41 -.25 3.47 6.89 -.25 3.04 7.15 -.25 2.61
3 25 7.46 -.25 2.83 7.15 -.25 2.61 7.41 -.25 2.24
4 25 -.62 -.25 3.68 -.36 -.25 4.05 -.87 -.25 3.95 -1.34 -.25 3.79
4 25 -.36 -.25 4.05 -.62 -.25 3.68 .21 -.25 3.57 .67 -.25 4.16
3 25 1.59 -.25 3.73 .21 -.25 3.57 .93 -.25 3.63
4 25 1.8 -.25 4.37 .67 -.25 4.16 .21 -.25 3.57 1.59 -.25 3.73
4 25 1.8 -.25 4.37 1.59 -.25 3.73 2.57 -.25 4.05 2.93 -.25 4.69
4 25 2.93 -.25 4.69 2.57 -.25 4.05 3.34 -.25 4.43 3.86 -.25 5.07
3 25 3.86 -.25 5.07 3.34 -.25 4.43 3.7 -.25 4.69
4 25 5.86 -.25 -1.71 6.02 -.25 -1.76 6.22 -.25 -1.6 5.91 -.25 -1.23
3 25 6.22 -.25 -.85 5.91 -.25 -1.23 6.22 -.25 -1.6
4 25 5.97 -.25 -.48 5.91 -.25 -1.23 6.22 -.25 -.85 6.22 -.25 -.48
4 25 6.69 -.25 .21 6.33 -.25 .27 6.38 -.25 -.32 6.63 -.25 -.37
4 25 6.63 -.25 .64 6.22 -.25 .64 6.33 -.25 .27 6.69 -.25 .21
4 25 6.22 -.25 .64 6.63 -.25 .64 6.53 -.25 1.12 6.07 -.25 1.07
4 25 6.07 -.25 1.07 6.53 -.25 1.12 6.22 -.25 1.76 5.76 -.25 1.44
4 25 6.22 -.25 1.76 5.81 -.25 2.45 5.35 -.25 1.92 5.76 -.25 1.44
4 25 4.78 -.25 2.67 5.35 -.25 1.92 5.81 -.25 2.45 5.3 -.25 3.36
4 25 4.32 -.25 3.47 4.78 -.25 2.67 5.3 -.25 3.36 4.99 -.25 4.21
4 25 3.86 -.25 4.32 4.32 -.25 3.47 4.99 -.25 4.21 4.37 -.25 4.85
4 25 4.83 -.25 4.91 4.53 -.25 5.12 4.37 -.25 4.85 4.99 -.25 4.21
4 25 5.19 -.25 4.27 6.02 -.25 3.95 5.55 -.25 4.48 5.09 -.25 4.96
4 25 6.02 -.25 3.95 5.19 -.25 4.27 5.55 -.25 3.36 5.97 -.25 2.72
4 25 6.53 -.25 3.2 6.02 -.25 3.95 5.97 -.25 2.72 6.89 -.25 2.56
4 25 6.48 -.25 1.87 7.2 -.25 1.87 6.89 -.25 2.56 5.97 -.25 2.72
4 25 6.74 -.25 1.33 7.25 -.25 1.23 7.2 -.25 1.87 6.48 -.25 1.87
4 25 6.89 -.25 1.01 7.2 -.25 .91 7.25 -.25 1.23 6.74 -.25 1.33
4 25 7.2 -.25 .91 6.89 -.25 1.01 6.94 -.25 .69 7.15 -.25 .64
4 25 3.24 -.25 8 3.6 -.25 7.73 3.96 -.25 7.68 4.22 -.25 8
4 25 4.47 -.25 7.89 4.11 -.25 7.52 4.22 -.25 7.2 5.14 -.25 7.89
3 25 5.25 -.25 7.63 4.53 -.25 6.99 4.99 -.25 7.25
4 25 5.14 -.25 7.89 4.22 -.25 7.2 4.53 -.25 6.99 5.25 -.25 7.63
3 25 5.45 -.25 7.47 5.25 -.25 7.15 5.86 -.25 7.04
4 25 4.94 -.25 6.77 5.45 -.25 6.45 5.86 -.25 7.04 5.25 -.25 7.15
4 25 6.02 -.25 6.77 5.86 -.25 7.04 5.45 -.25 6.45 6.07 -.25 6.45
3 25 6.27 -.25 6.13 5.97 -.25 6.08 6.33 -.25 5.71
4 25 5.45 -.25 6.45 5.97 -.25 6.08 6.27 -.25 6.13 6.07 -.25 6.45
4 0 -6.89 -.25 3.68 -6.63 -.25 4.59 -7.46 -.25 4.05 -7.56 -.25 3.47
4 0 -10.23 -.25 4.69 -10.13 -.25 4.53 -8.38 -.25 4.16 -10.9 -.25 8
4 25 -4.01 -.25 8 -3.96 -.25 7.89 -3.81 -.25 7.84 -3.5 -.25 8
4 0 -4.83 -.25 6.83 -3.96 -.25 7.57 -3.81 -.25 7.84 -3.96 -.25 7.89
4 0 -3.96 -.25 7.57 -3.24 -.25 8 -3.5 -.25 8 -3.81 -.25 7.84
3 0 -4.01 -.25 8 -10.9 -.25 8 -3.96 -.25 7.89
4 0 -3.96 -.25 7.89 -10.9 -.25 8 -5.66 -.25 6.03 -4.83 -.25 6.83
3 0 -10.9 -.25 8 -6.22 -.25 5.33 -5.66 -.25 6.03
3 0 -10.9 -.25 8 -6.63 -.25 4.59 -6.22 -.25 5.33
4 0 -7.46 -.25 4.05 -6.63 -.25 4.59 -10.9 -.25 8 -8.38 -.25 4.16
4 0 -7.56 -.25 3.47 -7.56 -.25 2.77 -6.94 -.25 3.04 -6.89 -.25 3.68
3 0 -6.94 -.25 3.04 -7.56 -.25 2.77 -6.84 -.25 2.88
4 0 -8.28 -.25 1.49 -6.53 -.25 1.97 -6.48 -.25 2.56 -7.46 -.25 2.08
4 0 -7.56 -.25 2.77 -7.46 -.25 2.08 -6.48 -.25 2.56 -6.84 -.25 2.88
4 0 -6.63 -.25 3.25 -6.84 -.25 2.88 -6.48 -.25 2.56 -6.33 -.25 3.15
4 0 -6.33 -.25 3.15 -5.81 -.25 3.47 -6.43 -.25 3.95 -6.63 -.25 3.25
4 0 -8.28 -.25 1.49 -7.25 -.25 1.28 -6.43 -.25 1.39 -6.53 -.25 1.97
4 0 -6.94 -.25 .43 -6.17 -.25 1.01 -6.43 -.25 1.39 -7.25 -.25 1.28
4 0 -6.02 -.25 .43 -6.17 -.25 1.01 -6.94 -.25 .43 -6.69 -.25 -.21
4 0 -6.43 -.25 -.64 -5.81 -.25 .37 -6.02 -.25 .43 -6.69 -.25 -.21
4 0 -6.12 -.25 -.96 -5.14 -.25 -.27 -5.81 -.25 .37 -6.43 -.25 -.64
4 0 -6.43 -.25 3.95 -5.81 -.25 3.47 -5.71 -.25 3.84 -5.91 -.25 4.75
4 0 -5.3 -.25 5.44 -5.91 -.25 4.75 -4.94 -.25 5.01 -4.37 -.25 5.49
4 0 -4.37 -.25 5.49 -4.06 -.25 5.97 -4.42 -.25 6.19 -5.3 -.25 5.44
4 0 -4.42 -.25 6.19 -4.06 -.25 5.97 -3.86 -.25 6.35 -3.75 -.25 6.77
4 0 -3.75 -.25 6.77 -3.86 -.25 6.35 -3.09 -.25 6.93 -3.09 -.25 7.31
4 0 -2.11 -.25 7.57 -2.52 -.25 7.63 -3.09 -.25 7.31 -3.09 -.25 6.93
4 0 -1.8 -.25 8 -2.52 -.25 7.63 -2.11 -.25 7.57 -1.08 -.25 8
4 0 2.11 -.25 8 2.73 -.25 7.84 3.6 -.25 7.73 3.24 -.25 8
4 0 2.73 -.25 7.84 3.19 -.25 7.52 3.96 -.25 7.68 3.6 -.25 7.73
4 0 3.19 -.25 7.52 3.55 -.25 7.04 3.96 -.25 6.88 3.96 -.25 7.68
4 0 4.22 -.25 7.2 4.11 -.25 7.52 3.96 -.25 7.68 3.96 -.25 6.88
4 0 4.11 -.25 7.52 4.47 -.25 7.89 4.22 -.25 8 3.96 -.25 7.68
4 0 5.14 -.25 7.89 5.97 -.25 8 4.22 -.25 8 4.47 -.25 7.89
4 0 5.97 -.25 8 5.14 -.25 7.89 5.25 -.25 7.63 5.45 -.25 7.47
4 0 5.45 -.25 7.47 6.48 -.25 7.31 6.27 -.25 7.68 5.97 -.25 8
4 0 5.86 -.25 7.04 6.63 -.25 6.88 6.48 -.25 7.31 5.45 -.25 7.47
4 0 5.86 -.25 7.04 6.02 -.25 6.77 6.84 -.25 6.4 6.63 -.25 6.88
4 0 6.02 -.25 6.77 6.07 -.25 6.45 6.27 -.25 6.13 6.84 -.25 6.4
4 0 6.84 -.25 6.4 6.27 -.25 6.13 6.33 -.25 5.71 6.69 -.25 4.96
4 0 6.07 -.25 5.71 6.69 -.25 4.96 6.33 -.25 5.71 5.97 -.25 6.08
4 0 5.35 -.25 6.24 6.07 -.25 5.71 5.97 -.25 6.08 5.45 -.25 6.45
4 0 5.45 -.25 6.45 4.94 -.25 6.77 4.78 -.25 6.61 5.35 -.25 6.24
4 0 4.94 -.25 6.77 4.99 -.25 7.25 4.53 -.25 6.99 4.78 -.25 6.61
3 0 5.25 -.25 7.63 4.99 -.25 7.25 4.94 -.25 6.77
4 0 4.94 -.25 6.77 5.25 -.25 7.15 5.45 -.25 7.47 5.25 -.25 7.63
4 0 4.47 -.25 6.67 4.22 -.25 7.2 3.96 -.25 6.88 4.22 -.25 6.29
4 0 4.53 -.25 6.99 4.22 -.25 7.2 4.47 -.25 6.67 4.78 -.25 6.61
4 0 -4.06 -.25 5.97 -4.37 -.25 5.49 -3.14 -.25 5.97 -3.39 -.25 6.29
4 0 -3.14 -.25 5.97 -1.59 -.25 6.56 -2.42 -.25 6.72 -3.39 -.25 6.29
4 0 -1.29 -.25 7.15 -2.42 -.25 6.72 -1.59 -.25 6.56 -.57 -.25 6.93
4 0 -.57 -.25 6.93 .41 -.25 7.2 -.41 -.25 7.41 -1.29 -.25 7.15
4 0 .46 -.25 7.63 -.41 -.25 7.41 .41 -.25 7.2 1.18 -.25 7.36
4 0 1.18 -.25 7.36 2.06 -.25 7.36 1.8 -.25 7.73 .46 -.25 7.63
4 0 2.62 -.25 7.68 1.8 -.25 7.73 2.06 -.25 7.36 2.98 -.25 7.25
4 0 3.19 -.25 7.52 2.62 -.25 7.68 2.98 -.25 7.25 3.55 -.25 7.04
4 0 -4.94 -.25 5.01 -5.45 -.25 4.21 -4.89 -.25 4.59 -4.22 -.25 5.17
4 0 -1.39 -.25 5.76 -2.93 -.25 5.55 -4.06 -.25 4.96 -2.98 -.25 5.23
4 0 -4.89 -.25 4.59 -4.06 -.25 4.96 -2.93 -.25 5.55 -4.22 -.25 5.17
3 0 .05 -.25 5.97 -1.59 -.25 5.44 -.05 -.25 5.65
4 0 -2.98 -.25 5.23 -1.59 -.25 5.44 .05 -.25 5.97 -1.39 -.25 5.76
4 0 .05 -.25 5.97 -.05 -.25 5.65 1.39 -.25 5.87 1.49 -.25 6.19
4 0 2.67 -.25 6.13 2.62 -.25 6.4 1.49 -.25 6.19 1.39 -.25 5.87
4 0 2.62 -.25 6.4 2.67 -.25 6.13 3.6 -.25 6.29 3.29 -.25 6.56
4 0 3.96 -.25 6.88 3.29 -.25 6.56 3.6 -.25 6.29 4.22 -.25 6.29
3 0 4.22 -.25 6.29 3.6 -.25 6.29 3.86 -.25 6.03
4 0 3.6 -.25 6.29 3.03 -.25 5.97 2.98 -.25 5.65 3.86 -.25 6.03
4 0 1.8 -.25 5.55 1.85 -.25 5.33 2.98 -.25 5.65 3.03 -.25 5.97
4 0 1.8 -.25 5.55 .36 -.25 5.28 .62 -.25 5.07 1.85 -.25 5.33
4 0 .36 -.25 5.28 -1.13 -.25 5.07 -.77 -.25 4.91 .62 -.25 5.07
4 0 -2.06 -.25 4.75 -.77 -.25 4.91 -1.13 -.25 5.07 -2.57 -.25 4.91
4 0 -3.34 -.25 4.48 -2.06 -.25 4.75 -2.57 -.25 4.91 -3.81 -.25 4.64
4 0 -4.22 -.25 4.16 -3.34 -.25 4.48 -3.81 -.25 4.64 -4.68 -.25 4.32
4 0 -4.73 -.25 3.84 -4.22 -.25 4.16 -4.68 -.25 4.32 -5.14 -.25 4
4 0 -5.5 -.25 3.63 -5.81 -.25 3.09 -4.73 -.25 3.84 -5.14 -.25 4
4 0 -5.55 -.25 2.19 -4.73 -.25 3.84 -5.81 -.25 3.09 -6.02 -.25 2.61
4 0 -5.81 -.25 3.09 -5.81 -.25 3.47 -6.33 -.25 3.15 -6.02 -.25 2.61
4 0 -1.75 -.25 4.32 -1.34 -.25 3.79 -.87 -.25 3.95 -.36 -.25 4.53
3 0 .87 -.25 4.69 -.36 -.25 4.05 .67 -.25 4.16
4 0 -.87 -.25 3.95 -.36 -.25 4.05 .87 -.25 4.69 -.36 -.25 4.53
4 0 1.8 -.25 4.37 2.21 -.25 5.01 .87 -.25 4.69 .67 -.25 4.16
4 0 2.21 -.25 5.01 1.8 -.25 4.37 2.93 -.25 4.69 3.55 -.25 5.33
4 0 3.55 -.25 5.33 2.93 -.25 4.69 3.86 -.25 5.07 4.27 -.25 5.65
4 0 4.53 -.25 5.12 5.09 -.25 5.44 4.63 -.25 5.87 4.27 -.25 5.65
4 0 5.09 -.25 4.96 5.55 -.25 4.48 5.55 -.25 4.85 5.09 -.25 5.44
4 0 6.17 -.25 4.16 5.55 -.25 4.85 5.55 -.25 4.48 6.02 -.25 3.95
4 0 6.58 -.25 3.57 6.17 -.25 4.16 6.02 -.25 3.95 6.53 -.25 3.2
4 0 6.53 -.25 3.2 6.89 -.25 2.56 6.89 -.25 3.04 6.58 -.25 3.57
4 0 7.15 -.25 2.61 6.89 -.25 3.04 6.89 -.25 2.56 7.2 -.25 1.87
3 0 7.15 -.25 2.61 7.2 -.25 1.87 7.41 -.25 2.24
4 0 7.2 -.25 1.87 7.25 -.25 1.23 8.02 -.25 1.49 7.41 -.25 2.24
4 0 5.09 -.25 4.96 5.09 -.25 5.44 4.53 -.25 5.12 4.83 -.25 4.91
4 0 4.83 -.25 4.91 4.99 -.25 4.21 5.19 -.25 4.27 5.09 -.25 4.96
4 0 5.3 -.25 3.36 5.55 -.25 3.36 5.19 -.25 4.27 4.99 -.25 4.21
4 0 5.55 -.25 3.36 5.3 -.25 3.36 5.81 -.25 2.45 5.97 -.25 2.72
4 0 6.48 -.25 1.87 5.97 -.25 2.72 5.81 -.25 2.45 6.22 -.25 1.76
4 0 6.48 -.25 1.87 6.22 -.25 1.76 6.53 -.25 1.12 6.74 -.25 1.33
4 0 6.94 -.25 .69 6.89 -.25 1.01 6.74 -.25 1.33 6.53 -.25 1.12
4 0 6.53 -.25 1.12 6.63 -.25 .64 7.61 -.25 -.11 6.94 -.25 .69
3 0 6.63 -.25 .64 6.69 -.25 .21 7.61 -.25 -.11
3 0 6.94 -.25 .69 7.61 -.25 -.11 7.15 -.25 .64
4 0 7.77 -.25 .64 7.2 -.25 .91 7.15 -.25 .64 7.61 -.25 -.11
4 0 7.77 -.25 .64 8.02 -.25 1.49 7.25 -.25 1.23 7.2 -.25 .91
4 0 6.69 -.25 .21 6.63 -.25 -.37 7.35 -.25 -.8 7.61 -.25 -.11
4 0 6.22 -.25 -.48 7.35 -.25 -.8 6.63 -.25 -.37 6.38 -.25 -.32
4 0 6.99 -.25 -1.49 7.35 -.25 -.8 6.22 -.25 -.48 6.22 -.25 -.85
4 0 6.22 -.25 -1.6 6.69 -.25 -2.13 6.99 -.25 -1.49 6.22 -.25 -.85
4 0 6.27 -.25 -2.51 6.69 -.25 -2.13 6.22 -.25 -1.6 6.02 -.25 -1.76
4 0 6.02 -.25 -1.76 5.86 -.25 -1.71 5.76 -.25 -2.72 6.27 -.25 -2.51
3 0 6.33 -.25 .27 6.22 -.25 -.48 6.38 -.25 -.32
4 0 5.35 -.25 -.32 5.97 -.25 -.48 6.22 -.25 -.48 6.33 -.25 .27
4 0 5.35 -.25 -.32 6.33 -.25 .27 6.22 -.25 .64 5.45 -.25 .69
4 0 6.07 -.25 1.07 5.76 -.25 1.44 5.45 -.25 .69 6.22 -.25 .64
4 0 5.76 -.25 1.44 5.35 -.25 1.92 4.94 -.25 1.33 5.45 -.25 .69
4 0 4.42 -.25 2.08 4.94 -.25 1.33 5.35 -.25 1.92 4.78 -.25 2.67
4 0 3.81 -.25 3.04 4.42 -.25 2.08 4.78 -.25 2.67 4.32 -.25 3.47
4 0 3.34 -.25 3.84 3.81 -.25 3.04 4.32 -.25 3.47 3.86 -.25 4.32
4 0 3.34 -.25 4.43 3.34 -.25 3.84 3.86 -.25 4.32 3.7 -.25 4.69
4 0 4.37 -.25 4.85 3.86 -.25 5.07 3.7 -.25 4.69 3.86 -.25 4.32
4 0 3.86 -.25 5.07 4.37 -.25 4.85 4.53 -.25 5.12 4.27 -.25 5.65
4 0 -1.8 -.25 3.09 -1.34 -.25 3.79 -1.75 -.25 4.32 -2.26 -.25 3.09
4 0 -.62 -.25 3.68 -1.34 -.25 3.79 -1.8 -.25 3.09 -.05 -.25 2.99
4 0 -.05 -.25 2.99 1.03 -.25 2.83 .21 -.25 3.57 -.62 -.25 3.68
3 0 .93 -.25 3.63 .21 -.25 3.57 1.03 -.25 2.83
4 0 1.03 -.25 2.83 1.85 -.25 3.15 1.59 -.25 3.73 .93 -.25 3.63
4 0 1.85 -.25 3.15 1.03 -.25 2.83 2.06 -.25 2.61 2.42 -.25 2.93
4 0 2.06 -.25 2.61 2.73 -.25 2.35 2.83 -.25 2.72 2.42 -.25 2.93
4 0 3.24 -.25 2.35 2.83 -.25 2.72 2.73 -.25 2.35 3.19 -.25 1.97
4 0 3.5 -.25 1.92 3.24 -.25 2.35 3.19 -.25 1.97 3.55 -.25 1.49
4 0 1.59 -.25 3.73 1.85 -.25 3.15 2.57 -.25 3.47 2.57 -.25 4.05
4 0 3.34 -.25 3.84 3.34 -.25 4.43 2.57 -.25 4.05 2.57 -.25 3.47
4 0 -5.76 -.25 .8 -4.83 -.25 2.45 -4.73 -.25 3.84 -5.66 -.25 1.49
3 0 -4.73 -.25 3.84 -5.55 -.25 2.19 -5.66 -.25 1.49
4 0 -4.73 -.25 3.84 -4.83 -.25 2.45 -4.37 -.25 2.56 -3.91 -.25 2.83
4 0 -3.91 -.25 2.83 -3.34 -.25 3.04 -3.96 -.25 3.89 -4.73 -.25 3.84
4 0 -3.34 -.25 3.04 -2.83 -.25 3.09 -3.09 -.25 4.05 -3.96 -.25 3.89
4 0 -2.83 -.25 3.09 -2.26 -.25 3.09 -1.75 -.25 4.32 -3.09 -.25 4.05
3 0 -5.14 -.25 -.27 -6.12 -.25 -.96 -5.35 -.25 -1.07
4 0 -5.35 -.25 -1.07 -6.12 -.25 -.96 -6.07 -.25 -2.19 -5.4 -.25 -1.92
4 0 -5.35 -.25 -2.35 -5.4 -.25 -1.92 -6.07 -.25 -2.19 -5.86 -.25 -2.77
4 0 -5.14 -.25 -2.77 -5.35 -.25 -2.35 -5.86 -.25 -2.77 -5.45 -.25 -3.41
4 0 -5.45 -.25 -3.41 -4.94 -.25 -3.89 -4.83 -.25 -3.09 -5.14 -.25 -2.77
4 0 -4.47 -.25 -3.36 -4.83 -.25 -3.09 -4.94 -.25 -3.89 -4.42 -.25 -4.16
4 0 -4.42 -.25 -4.16 -3.75 -.25 -4.27 -3.96 -.25 -3.57 -4.47 -.25 -3.36
4 0 -3.75 -.25 -4.27 2.67 -.25 -5.23 2.78 -.25 -4.64 -3.96 -.25 -3.57
4 0 2.78 -.25 -4.64 2.67 -.25 -5.23 3.34 -.25 -5.28 3.29 -.25 -4.64
4 0 4.17 -.25 -5.12 3.7 -.25 -4.53 3.29 -.25 -4.64 3.34 -.25 -5.28
4 0 3.7 -.25 -4.53 4.17 -.25 -5.12 4.58 -.25 -4.91 4.11 -.25 -4.37
4 0 4.11 -.25 -4.37 4.58 -.25 -4.91 4.94 -.25 -4.59 4.47 -.25 -4.11
4 0 5.4 -.25 -4 4.78 -.25 -3.73 4.47 -.25 -4.11 4.94 -.25 -4.59
4 0 4.78 -.25 -3.73 5.4 -.25 -4 5.66 -.25 -3.36 5.04 -.25 -3.31
4 0 5.04 -.25 -3.31 5.66 -.25 -3.36 5.76 -.25 -2.72 5.09 -.25 -2.4
4 0 5.76 -.25 -2.72 5.86 -.25 -1.71 5.14 -.25 -1.71 5.09 -.25 -2.4
4 0 5.25 -.25 -1.17 5.14 -.25 -1.71 5.86 -.25 -1.71 5.91 -.25 -1.23
4 0 5.97 -.25 -.48 5.35 -.25 -.32 5.25 -.25 -1.17 5.91 -.25 -1.23
3 14 2.57 -.25 3.47 1.85 -.25 3.15 2.42 -.25 2.93
4 14 2.83 -.25 2.72 3.34 -.25 3.84 2.57 -.25 3.47 2.42 -.25 2.93
4 14 3.81 -.25 3.04 3.34 -.25 3.84 2.83 -.25 2.72 3.24 -.25 2.35
4 14 3.24 -.25 2.35 3.5 -.25 1.92 4.42 -.25 2.08 3.81 -.25 3.04
4 14 4.42 -.25 2.08 3.5 -.25 1.92 3.55 -.25 1.49 4.94 -.25 1.33
4 14 5.45 -.25 .69 4.94 -.25 1.33 3.39 -.25 .69 5.35 -.25 -.32
4 14 5.35 -.25 -.32 3.39 -.25 .69 3.03 -.25 .53 5.25 -.25 -1.17
4 14 -4.94 -.25 1.39 -2.93 -.25 1.71 -4.37 -.25 2.56 -4.83 -.25 2.45
4 14 -2.93 -.25 1.71 -2.73 -.25 2.51 -3.91 -.25 2.83 -4.37 -.25 2.56
4 14 -2.73 -.25 2.51 -2.83 -.25 3.09 -3.34 -.25 3.04 -3.91 -.25 2.83
3 14 -2.83 -.25 3.09 -2.73 -.25 2.51 -2.52 -.25 2.83
3 14 -2.26 -.25 3.09 -2.83 -.25 3.09 -2.52 -.25 2.83
4 14 -2.73 -.25 2.51 -2.93 -.25 1.71 -2.16 -.25 1.76 -2.57 -.25 2.45
3 14 -2.16 -.25 1.76 -2.93 -.25 1.71 -2.57 -.25 1.65
4 14 -2.21 -.25 2.77 -2.57 -.25 2.45 -2.16 -.25 1.76 -1.59 -.25 1.81
4 14 -1.8 -.25 3.09 -2.21 -.25 2.77 -1.59 -.25 1.81 -.93 -.25 1.81
4 14 -.93 -.25 1.81 -.51 -.25 1.76 -.05 -.25 2.99 -1.8 -.25 3.09
3 14 1.03 -.25 2.83 -.31 -.25 1.49 1.03 -.25 1.39
4 14 -.05 -.25 2.99 -.51 -.25 1.76 -.31 -.25 1.49 1.03 -.25 2.83
4 14 1.29 -.25 1.44 2.06 -.25 2.61 1.03 -.25 2.83 1.03 -.25 1.39
3 14 2.06 -.25 2.61 1.29 -.25 1.44 1.59 -.25 1.44
4 14 1.59 -.25 1.44 2.01 -.25 1.33 2.73 -.25 2.35 2.06 -.25 2.61
4 14 2.73 -.25 2.35 2.01 -.25 1.33 2.31 -.25 1.12 2.62 -.25 1.07
4 14 2.73 -.25 2.35 2.62 -.25 1.07 3.55 -.25 1.49 3.19 -.25 1.97
4 14 2.62 -.25 1.07 2.98 -.25 .85 4.94 -.25 1.33 3.55 -.25 1.49
3 14 4.94 -.25 1.33 2.98 -.25 .85 3.39 -.25 .69
4 14 1.03 -.25 1.39 -.31 -.25 1.49 1.23 -.25 .91 1.34 -.25 1.23
3 14 1.34 -.25 1.23 1.23 -.25 .91 1.49 -.25 1.07
4 14 -.72 -.25 1.17 1.23 -.25 .91 -.31 -.25 1.49 -.82 -.25 1.49
4 14 1.08 -.25 .59 1.23 -.25 .91 -.72 -.25 1.17 -.72 -.25 .8
4 14 -.51 -.25 -1.07 1.08 -.25 .21 1.08 -.25 .59 -.82 -.25 .48
3 14 -.72 -.25 .8 -.82 -.25 .48 1.08 -.25 .59
4 14 -.51 -.25 -1.07 -.21 -.25 -1.28 1.23 -.25 -.05 1.08 -.25 .21
3 14 1.23 -.25 -.05 -.21 -.25 -1.28 .26 -.25 -1.23
4 14 .98 -.25 -1.28 1.49 -.25 -.27 1.23 -.25 -.05 .26 -.25 -1.23
4 14 1.49 -.25 -.27 .98 -.25 -1.28 1.39 -.25 -1.44 1.8 -.25 -.32
4 14 1.8 -.25 -.32 1.39 -.25 -1.44 1.65 -.25 -1.71 2.11 -.25 -.16
4 14 2.78 -.25 .53 2.37 -.25 .64 2.37 -.25 .37 5.14 -.25 -1.71
4 14 2.78 -.25 .53 5.14 -.25 -1.71 5.25 -.25 -1.17 3.03 -.25 .53
4 14 -.82 -.25 .48 -1.03 -.25 .27 -.82 -.25 -.96 -.51 -.25 -1.07
4 14 -1.13 -.25 -.96 -.82 -.25 -.96 -1.03 -.25 .27 -1.39 -.25 .21
4 14 -1.39 -.25 -1.01 -1.13 -.25 -.96 -1.39 -.25 .21 -1.7 -.25 .32
4 14 -1.75 -.25 -1.23 -1.39 -.25 -1.01 -1.7 -.25 .32 -5.14 -.25 -.27
4 14 -5.14 -.25 -.27 -1.7 -.25 .32 -1.85 -.25 .64 -5.04 -.25 .48
3 14 -1.9 -.25 .91 -5.04 -.25 .48 -1.85 -.25 .64
4 14 -5.04 -.25 .48 -1.9 -.25 .91 -2.31 -.25 1.28 -2.73 -.25 1.39
3 14 -2.31 -.25 1.28 -1.9 -.25 .91 -1.85 -.25 1.17
4 14 -4.94 -.25 1.39 -5.04 -.25 .48 -2.73 -.25 1.39 -2.93 -.25 1.71
4 14 1.65 -.25 -1.71 1.75 -.25 -2.19 5.14 -.25 -1.71 2.11 -.25 -.16
3 14 2.31 -.25 .11 2.11 -.25 -.16 5.14 -.25 -1.71
3 14 2.37 -.25 .37 2.31 -.25 .11 5.14 -.25 -1.71
4 14 5.09 -.25 -2.4 5.14 -.25 -1.71 1.75 -.25 -2.19 1.75 -.25 -2.93
3 14 5.09 -.25 -2.4 4.78 -.25 -3.73 5.04 -.25 -3.31
3 14 4.78 -.25 -3.73 4.11 -.25 -4.37 4.47 -.25 -4.11
4 14 5.09 -.25 -2.4 1.75 -.25 -2.93 4.11 -.25 -4.37 4.78 -.25 -3.73
3 14 4.11 -.25 -4.37 3.29 -.25 -4.64 3.7 -.25 -4.53
4 14 1.49 -.25 -3.31 2.78 -.25 -4.64 3.29 -.25 -4.64 1.65 -.25 -3.15
4 14 4.11 -.25 -4.37 1.75 -.25 -2.93 1.65 -.25 -3.15 3.29 -.25 -4.64
4 14 -5.35 -.25 -1.07 -2.01 -.25 -1.6 -1.75 -.25 -1.23 -5.14 -.25 -.27
4 14 -2.16 -.25 -2.03 -2.01 -.25 -1.6 -5.35 -.25 -1.07 -5.4 -.25 -1.92
3 14 -5.4 -.25 -1.92 -2.21 -.25 -2.4 -2.16 -.25 -2.03
4 14 -5.35 -.25 -2.35 -5.14 -.25 -2.77 -2.21 -.25 -2.4 -5.4 -.25 -1.92
4 14 -2.21 -.25 -2.4 -5.14 -.25 -2.77 -4.83 -.25 -3.09 -4.47 -.25 -3.36
4 14 -3.96 -.25 -3.57 -2.16 -.25 -2.61 -2.21 -.25 -2.4 -4.47 -.25 -3.36
3 14 -2.16 -.25 -2.61 -3.96 -.25 -3.57 -1.95 -.25 -2.77
3 14 -1.95 -.25 -2.77 -3.96 -.25 -3.57 -1.23 -.25 -2.83
3 14 -1.23 -.25 -2.83 .31 -.25 -2.93 0 -.25 -2.88
4 14 .62 -.25 -3.09 .31 -.25 -2.93 -1.23 -.25 -2.83 -3.96 -.25 -3.57
3 14 .62 -.25 -3.09 -3.96 -.25 -3.57 .82 -.25 -3.2
3 14 .82 -.25 -3.2 -3.96 -.25 -3.57 1.18 -.25 -3.31
4 14 1.49 -.25 -3.31 1.18 -.25 -3.31 -3.96 -.25 -3.57 2.78 -.25 -4.64
4 0 6.69 -.25 4.96 7.15 -.25 4.21 12.81 -.25 5.41 6.84 -.25 6.4
3 0 12.81 -.25 5.41 7.15 -.25 4.21 7.41 -.25 3.47
3 0 12.81 -.25 5.41 7.46 -.25 2.83 7.41 -.25 2.24
3 0 12.81 -.25 5.41 7.41 -.25 3.47 7.46 -.25 2.83
3 15 13.83 -.25 8 5.97 -.25 8 6.27 -.25 7.68
3 15 13.83 -.25 8 6.27 -.25 7.68 6.48 -.25 7.31
3 15 13.83 -.25 8 6.48 -.25 7.31 6.63 -.25 6.88
4 15 13.83 -.25 8 6.63 -.25 6.88 6.84 -.25 6.4 12.81 -.25 5.41
4 15 -16.5 -.25 8 -18 -.25 6.5 -18 -.25 2.72 -17.07 -.25 4.24
3 15 -16.5 -.25 8 -17.07 -.25 4.24 -16.12 -.25 5.79
3 15 -16.5 -.25 8 -16.12 -.25 5.79 -15.71 -.25 6.32
4 15 -15.71 -.25 6.32 -14.12 -.25 6.05 -10.9 -.25 8 -16.5 -.25 8
4 73 -18 -.25 1.07 -18 -.25 -6.5 -16.5 -.25 -8 -15.63 -.25 -8
4 0 16.5 -.25 -8 16.74 -.25 1.33 16.02 -.25 -6.16 15.97 -.25 -8
4 71 15.43 -.25 -8 15.97 -.25 -8 16.02 -.25 -6.16 15.74 -.25 -6.91
4 15 18 -.25 6.5 16.74 -.25 1.33 16.5 -.25 -8 18 -.25 -6.5
4 0 12.81 -.25 5.41 15.17 -.25 1.57 17.56 -.25 7.56 16.5 -.25 8
3 0 13.83 -.25 8 12.81 -.25 5.41 16.5 -.25 8
4 15 18 -.25 6.5 17.56 -.25 7.56 15.17 -.25 1.57 16.74 -.25 1.33
4 0 -5.71 -.25 3.84 -5.45 -.25 4.21 -4.94 -.25 5.01 -5.91 -.25 4.75
4 0 -5.04 -.25 .48 -4.94 -.25 1.39 -4.83 -.25 2.45 -5.76 -.25 .8
4 25 2.98 -.25 7.25 3.29 -.25 6.56 3.96 -.25 6.88 3.55 -.25 7.04
4 0 -5.76 -.25 .8 -5.81 -.25 .37 -5.14 -.25 -.27 -5.04 -.25 .48