0 Sticker  1.8 x  3.8 Oval Bedside Rug with Flowers
0 Name: 6521012d.dat
0 Author: Philippe Hurbain [Philo]
0 !LDRAW_ORG Part UPDATE 2026-07
0 !LICENSE Licensed under CC BY 4.0 : see CAreadme.txt

0 BFC CERTIFY CCW

0 !CATEGORY Sticker
0 !KEYWORDS Beekeepers' House and Flower Garden, BrickLink 42669stk01
0 !KEYWORDS Brickowl 447019, Rebrickable 10110453, Set 42669

0 !HISTORY 2026-07-30 [OrionP] Official Update 2026-07

1 16 0 0 0 1 0 0 0 1 0 0 0 1 s\stickerback018x038a.dat
1 16 0 0 0 1 0 0 0 1 0 0 0 1 s\6521012ds01.dat
1 16 0 0 0 -1 0 0 0 1 0 0 0 1 s\6521012ds01.dat
1 16 0 0 0 1 0 0 0 1 0 0 0 -1 s\6521012ds01.dat
1 16 0 0 0 -1 0 0 0 1 0 0 0 -1 s\6521012ds01.dat

4 3 -3.28 -.25 7.47 -3.65 -.25 8.08 -4.35 -.25 8.52 -4.3 -.25 6.73
4 3 8.63 -.25 3.24 10.8 -.25 2.53 11.04 -.25 4.46 9.16 -.25 4.22
4 3 17.27 -.25 2.6 16.91 -.25 2.32 16.85 -.25 1.46 17.71 -.25 1.35
4 3 10.32 -.25 -3.97 13.13 -.25 -2.99 12.6 -.25 -1.68 9.97 -.25 -2.44
4 3 15.67 -.25 -3.65 16.8 -.25 -4.09 16.61 -.25 -2.35 15.62 -.25 -3.03
4 3 17.01 -.25 1.02 16.16 -.25 .72 15.95 -.25 -1.4 17.67 -.25 -1.68
3 3 14.54 -.25 -.3 13.34 -.25 -.61 15.24 -.25 -1.61
4 3 -14.89 -.25 .15 -14.54 -.25 -.15 -13.15 -.25 .26 -13.9 -.25 .57
4 3 -8.77 -.25 -5 -10.97 -.25 -3.53 -10.95 -.25 -5.36 -9.46 -.25 -5.65
4 3 -16.54 -.25 1.6 -16.86 -.25 3.43 -18.1 -.25 3.05 -17.58 -.25 1.69
3 3 -16.54 -.25 1.6 -15.92 -.25 1.35 -15.65 -.25 2.36
4 3 -16.54 -.25 1.6 -15.65 -.25 2.36 -15.68 -.25 2.97 -16.86 -.25 3.43
3 3 -16.86 -.25 3.43 -17.99 -.25 3.38 -18.1 -.25 3.05
4 3 -4.8 -.25 5.64 -4.3 -.25 6.73 -6.86 -.25 6.97 -6.69 -.25 6.1
4 3 -5.44 -.25 5.17 -4.8 -.25 5.64 -6.69 -.25 6.1 -6.27 -.25 5.52
3 3 -4.35 -.25 8.52 -5.7 -.25 8.76 -4.3 -.25 6.73
4 3 -6.65 -.25 8.6 -6.86 -.25 6.97 -4.3 -.25 6.73 -5.7 -.25 8.76
3 3 10.8 -.25 2.53 11.56 -.25 3.69 11.04 -.25 4.46
3 3 11.04 -.25 4.46 10.19 -.25 4.97 9.16 -.25 4.22
4 3 9.62 -.25 1.39 10.8 -.25 2.53 8.63 -.25 3.24 8.78 -.25 2.31
3 3 9.62 -.25 1.39 10.67 -.25 1.45 10.8 -.25 2.53
4 3 18.4 -.25 2.54 17.71 -.25 1.35 18.71 -.25 .67 19.36 -.25 1.46
3 3 18.71 -.25 .67 18.96 -.25 .68 19.36 -.25 1.46
3 3 19.36 -.25 1.46 19.33 -.25 2.1 18.4 -.25 2.54
3 3 18.4 -.25 2.54 17.27 -.25 2.6 17.71 -.25 1.35
4 3 5.64 -.25 -6.79 5.55 -.25 -6.02 5.26 -.25 -5.54 4.18 -.25 -6.29
3 3 4.65 -.25 -8.66 5.26 -.25 -8.48 5.64 -.25 -6.79
3 3 2.58 -.25 -8.14 3.6 -.25 -8.55 4.18 -.25 -6.29
4 3 5.64 -.25 -6.79 4.18 -.25 -6.29 3.6 -.25 -8.55 4.65 -.25 -8.66
4 3 2.06 -.25 -6.49 2 -.25 -6.93 2.17 -.25 -7.59 2.24 -.25 -6.34
4 3 2.24 -.25 -6.34 2.17 -.25 -7.59 2.58 -.25 -8.14 4.18 -.25 -6.29
3 3 5.39 -.25 -5.02 6.09 -.25 -6.24 7.24 -.25 -5.48
3 3 7.24 -.25 -5.48 7.73 -.25 -4.89 7.27 -.25 -3.96
3 3 7.27 -.25 -3.96 6.7 -.25 -3.3 5.37 -.25 -4.63
4 3 7.27 -.25 -3.96 5.37 -.25 -4.63 5.39 -.25 -5.02 7.24 -.25 -5.48
3 3 9.9 -.25 -2.9 10.32 -.25 -3.97 9.97 -.25 -2.44
4 3 13.13 -.25 -2.99 10.32 -.25 -3.97 10.98 -.25 -4.59 12.58 -.25 -4.11
4 3 11.49 -.25 -4.85 12.01 -.25 -4.62 12.58 -.25 -4.11 10.98 -.25 -4.59
3 3 13.13 -.25 -2.99 13.11 -.25 -2.57 12.6 -.25 -1.68
3 3 11.83 -.25 -1.04 11.48 -.25 -.93 10.4 -.25 -1.72
4 3 11.83 -.25 -1.04 10.4 -.25 -1.72 9.97 -.25 -2.44 12.6 -.25 -1.68
4 3 17.59 -.25 -2.38 16.8 -.25 -4.09 17.96 -.25 -4.02 18.05 -.25 -3.75
3 3 17.59 -.25 -2.38 16.61 -.25 -2.35 16.8 -.25 -4.09
3 3 16.61 -.25 -2.35 15.88 -.25 -2.04 15.62 -.25 -3.03
4 3 17.01 -.25 1.02 17.67 -.25 -1.68 18.44 -.25 .21 17.83 -.25 .85
4 3 15.27 -.25 -.06 15.95 -.25 -1.4 16.16 -.25 .72 15.43 -.25 .24
4 3 15.95 -.25 -1.4 16.62 -.25 -1.87 17.23 -.25 -1.96 17.67 -.25 -1.68
3 3 10.5 -.25 -.06 11.6 -.25 -.11 11 -.25 .73
4 3 9.32 -.25 -.27 8.96 -.25 .55 7.97 -.25 .1 8.54 -.25 -.5
4 3 8.54 -.25 -.5 7.21 -.25 -.79 6.53 -.25 -1.29 6.49 -.25 -1.55
3 3 7.97 -.25 .1 7.21 -.25 -.79 8.54 -.25 -.5
4 3 11 -.25 .73 8.96 -.25 .55 9.32 -.25 -.27 10.5 -.25 -.06
4 3 -7.56 -.25 -1.85 -6.58 -.25 -1.53 -6.1 -.25 -1.17 -6.78 -.25 -.73
4 3 -9.8 -.25 -1.99 -7.56 -.25 -1.85 -6.78 -.25 -.73 -8.91 -.25 -1.15
4 3 -10.52 -.25 -1.86 -9.8 -.25 -1.99 -8.91 -.25 -1.15 -10.83 -.25 -.9
3 3 -15.13 -.25 .73 -14.89 -.25 .15 -13.9 -.25 .57
4 3 -9.86 -.25 2.05 -10.5 -.25 3.18 -10.28 -.25 .9 -9.93 -.25 1.58
4 3 -11.27 -.25 3.78 -11.66 -.25 3.82 -12.84 -.25 2.75 -10.5 -.25 3.18
4 3 -13.05 -.25 2.27 -13.07 -.25 1.69 -12.88 -.25 1.18 -12.84 -.25 2.75
4 3 -11.23 -.25 .01 -10.28 -.25 .9 -12.88 -.25 1.18 -12.42 -.25 .63
4 3 -10.5 -.25 3.18 -12.84 -.25 2.75 -12.88 -.25 1.18 -10.28 -.25 .9
4 3 -7.97 -.25 3.53 -8.49 -.25 5.15 -8.71 -.25 4.82 -8.68 -.25 4.47
4 3 -6.64 -.25 5.25 -7.97 -.25 3.53 -7.36 -.25 3.03 -6.05 -.25 3.89
4 3 -5.99 -.25 2.81 -6.05 -.25 3.89 -7.36 -.25 3.03 -6.71 -.25 2.77
3 3 -6.05 -.25 3.89 -5.88 -.25 4.82 -6.64 -.25 5.25
4 3 -8.49 -.25 5.15 -6.64 -.25 5.25 -7.14 -.25 6.12 -7.3 -.25 6.15
3 3 -6.64 -.25 5.25 -8.49 -.25 5.15 -7.97 -.25 3.53
4 3 -16 -.25 -1.31 -15.42 -.25 -.89 -15.31 -.25 -.62 -15.54 -.25 .03
4 3 -17.02 -.25 -1.68 -16 -.25 -1.31 -15.54 -.25 .03 -16.11 -.25 .84
4 3 -17.31 -.25 1.22 -17.66 -.25 1.08 -16.11 -.25 .84 -16.75 -.25 1.21
4 3 -18.47 -.25 -.85 -17.02 -.25 -1.68 -16.11 -.25 .84 -17.66 -.25 1.08
3 3 -18.47 -.25 -.85 -17.87 -.25 -1.53 -17.02 -.25 -1.68
4 3 -8.59 -.25 -3.32 -10.97 -.25 -3.53 -8.77 -.25 -5 -8.42 -.25 -3.89
3 3 -8.59 -.25 -3.32 -9.07 -.25 -2.72 -9.72 -.25 -2.55
3 3 -10.97 -.25 -3.53 -11.62 -.25 -4.36 -10.95 -.25 -5.36
3 3 -10.95 -.25 -5.36 -10.02 -.25 -5.96 -9.46 -.25 -5.65
4 3 -10.5 -.25 -2.57 -10.97 -.25 -3.53 -8.59 -.25 -3.32 -9.72 -.25 -2.55
4 3 -18.91 -.25 -1.33 -19.46 -.25 -2.4 -19.36 -.25 -2.81 -17.99 -.25 -1.94
3 3 -19.36 -.25 -2.81 -18.27 -.25 -3.28 -17.99 -.25 -1.94
4 3 -16.86 -.25 -2.17 -17.99 -.25 -1.94 -18.27 -.25 -3.28 -17.02 -.25 -3.21
3 3 .7 -.25 -7.65 -.16 -.25 -7.74 .1 -.25 -8.44
4 3 .7 -.25 -7.65 .1 -.25 -8.44 1.44 -.25 -9.6 1.91 -.25 -7.98
4 3 1.44 -.25 -9.6 1.92 -.25 -9.47 2.69 -.25 -8.81 1.91 -.25 -7.98
3 3 1.91 -.25 -7.98 1.6 -.25 -7.18 .7 -.25 -7.65
4 3 -3.29 -.25 8.29 -2.73 -.25 7.35 -1.83 -.25 7.26 -1.65 -.25 8.98
4 3 -1.15 -.25 8.01 -1.18 -.25 8.4 -1.65 -.25 8.98 -1.83 -.25 7.26
4 3 -3.15 -.25 9.86 -3.29 -.25 8.29 -1.65 -.25 8.98 -2.8 -.25 9.87
3 3 -3.15 -.25 9.86 -4.11 -.25 8.99 -3.29 -.25 8.29
4 25 -3.38 -.25 -.4 -2.43 -.25 -.86 -.83 -.25 -.02 -1.11 -.25 .72
4 25 13.78 -.25 .21 14.25 -.25 .6 14.3 -.25 1.21 13.89 -.25 1.67
4 25 12.75 -.25 .72 13.16 -.25 .26 13.28 -.25 1.71 12.81 -.25 1.32
4 25 13.89 -.25 1.67 13.28 -.25 1.71 13.16 -.25 .26 13.78 -.25 .21
3 25 24.92 -.25 -2.79 24.89 -.25 -1.9 23.72 -.25 -2.28
4 25 23.26 -.25 -1.22 23.72 -.25 -2.28 24.89 -.25 -1.9 24.12 -.25 -1.32
4 25 23.72 -.25 -2.28 23.56 -.25 -3.17 24.14 -.25 -3.97 24.92 -.25 -2.79
4 25 21.77 -.25 -5.03 24.52 -.25 -5.19 24.14 -.25 -3.97 23.09 -.25 -3.67
4 25 21.32 -.25 -5.48 22.66 -.25 -6.7 23.97 -.25 -6.37 21.77 -.25 -5.03
4 25 21.32 -.25 -5.48 20.86 -.25 -5.66 22.13 -.25 -7.76 22.66 -.25 -6.7
4 25 21.68 -.25 -8.18 22.13 -.25 -7.76 20.7 -.25 -8.22 21.13 -.25 -8.3
3 25 20.17 -.25 -5.67 18.92 -.25 -5.02 19.12 -.25 -6.14
4 25 19.12 -.25 -6.14 19.88 -.25 -7.57 20.86 -.25 -5.66 20.17 -.25 -5.67
4 25 19.88 -.25 -7.57 20.7 -.25 -8.22 22.13 -.25 -7.76 20.86 -.25 -5.66
4 25 24.47 -.25 -5.93 24.52 -.25 -5.19 21.77 -.25 -5.03 23.97 -.25 -6.37
3 25 24.14 -.25 -3.97 23.56 -.25 -3.17 23.09 -.25 -3.67
3 25 23.09 -.25 -3.67 22.18 -.25 -4.03 21.77 -.25 -5.03
3 25 3.56 -.25 2.65 2.07 -.25 2.61 2.69 -.25 2.11
4 25 4.29 -.25 2.37 3.56 -.25 2.65 2.69 -.25 2.11 2.92 -.25 1.63
4 25 2.81 -.25 .67 4.02 -.25 .24 4.7 -.25 1.31 2.92 -.25 1.63
4 25 4.65 -.25 2.03 4.29 -.25 2.37 2.92 -.25 1.63 4.7 -.25 1.31
4 25 2.6 -.25 -.93 4.39 -.25 -1.21 4.02 -.25 .24 2.95 -.25 -.23
4 25 2.15 -.25 -1.2 2.62 -.25 -2.25 3.94 -.25 -1.89 2.6 -.25 -.93
4 25 4.32 -.25 -1.53 4.39 -.25 -1.21 2.6 -.25 -.93 3.94 -.25 -1.89
3 25 1.11 -.25 -3.61 1.85 -.25 -3.51 1.11 -.25 -1.37
4 25 2.15 -.25 -1.2 1.11 -.25 -1.37 1.85 -.25 -3.51 2.62 -.25 -2.25
3 25 .09 -.25 -2.87 .37 -.25 -3.2 .07 -.25 -2.58
4 25 1.11 -.25 -3.61 1.11 -.25 -1.37 .07 -.25 -2.58 .37 -.25 -3.2
3 25 2.81 -.25 .67 2.95 -.25 -.23 4.02 -.25 .24
4 25 -2.52 -.25 3.95 -.99 -.25 2.17 -.24 -.25 3.34 -1.62 -.25 3.89
4 25 -3.14 -.25 3.79 -3.46 -.25 3.41 -3.55 -.25 2.99 -2.52 -.25 3.95
4 25 -1.11 -.25 .72 -3.21 -.25 1.68 -3.82 -.25 .72 -3.38 -.25 -.4
3 25 -3.82 -.25 .72 -3.79 -.25 -.03 -3.38 -.25 -.4
4 25 -.99 -.25 2.17 -2.52 -.25 3.95 -3.55 -.25 2.99 -3.21 -.25 1.68
3 25 -1.15 -.25 1.46 -.99 -.25 2.17 -3.21 -.25 1.68
3 25 -1.11 -.25 .72 -1.15 -.25 1.46 -3.21 -.25 1.68
4 25 -1.68 -.25 -2.62 -1.32 -.25 -2.7 -.55 -.25 -2.46 -2.14 -.25 -2.13
4 25 -.55 -.25 -2.46 .15 -.25 -1.94 .69 -.25 -1.25 -.42 -.25 -.56
4 25 -2.43 -.25 -.86 -2.14 -.25 -2.13 -.55 -.25 -2.46 -.42 -.25 -.56
3 25 -.42 -.25 -.56 -.83 -.25 -.02 -2.43 -.25 -.86
4 25 -11.91 -.25 -1.82 -11.77 -.25 -1.23 -12.1 -.25 -.71 -12.44 -.25 -2.12
4 25 -13.37 -.25 -1.47 -13.04 -.25 -1.98 -12.7 -.25 -.56 -13.22 -.25 -.88
4 25 -12.1 -.25 -.71 -12.7 -.25 -.56 -13.04 -.25 -1.98 -12.44 -.25 -2.12
4 25 -19.55 -.25 6.35 -20.29 -.25 5.02 -18.93 -.25 4.38 -19.09 -.25 5.23
4 25 -21.03 -.25 4.97 -20.29 -.25 5.02 -19.55 -.25 6.35 -20.1 -.25 7.09
3 25 -20.84 -.25 7.59 -21.41 -.25 7.61 -21.78 -.25 7.45
4 25 -20.1 -.25 7.09 -20.84 -.25 7.59 -21.78 -.25 7.45 -22.12 -.25 7.1
4 25 -20.1 -.25 7.09 -22.12 -.25 7.1 -22.64 -.25 6.08 -21.03 -.25 4.97
3 25 -24.17 -.25 5.62 -24.53 -.25 5.1 -24.55 -.25 4.47
4 25 -22.23 -.25 3.36 -24.55 -.25 4.47 -24.18 -.25 3.32 -23.22 -.25 2.93
4 25 -23.69 -.25 1.43 -23.64 -.25 2.44 -24.18 -.25 3.32 -24.9 -.25 2.26
4 25 -24.9 -.25 2.26 -25 -.25 1.44 -24.43 -.25 .78 -23.69 -.25 1.43
3 25 -24.43 -.25 .78 -23.29 -.25 .56 -23.69 -.25 1.43
4 25 -22.64 -.25 6.08 -24.17 -.25 5.62 -24.55 -.25 4.47 -21.56 -.25 4.64
3 25 -21.56 -.25 4.64 -24.55 -.25 4.47 -22.23 -.25 3.36
3 25 -22.64 -.25 6.08 -21.56 -.25 4.64 -21.03 -.25 4.97
3 25 -24.18 -.25 3.32 -23.64 -.25 2.44 -23.22 -.25 2.93
4 84 -7.52 -.25 2.37 -9.25 -.25 2.04 -9.49 -.25 .91 -7.33 -.25 .96
4 84 15.34 -.25 2.83 15.54 -.25 2.16 16.08 -.25 1.56 16.63 -.25 3.15
4 84 7.82 -.25 -5.79 6.3 -.25 -7.38 11.53 -.25 -5.58 11.01 -.25 -5.44
4 84 -11.2 -.25 -6.01 -13.66 -.25 -4.47 -14.61 -.25 -3.96 -17.9 -.25 -7.43
4 84 -13.76 -.25 1.2 -13.75 -.25 2.21 -14.97 -.25 2.36 -15.17 -.25 1.47
4 84 -15.02 -.25 3.38 -14.97 -.25 2.36 -13.75 -.25 2.21 -13.52 -.25 2.84
4 84 -13.52 -.25 2.84 -12.58 -.25 3.92 -15.93 -.25 3.84 -15.02 -.25 3.38
4 84 -12.58 -.25 3.92 -17.99 -.25 7.75 -16.88 -.25 4.07 -15.93 -.25 3.84
3 84 -18.54 -.25 5.69 -18.18 -.25 3.92 -17.52 -.25 4.09
4 84 -17.52 -.25 4.09 -16.88 -.25 4.07 -17.99 -.25 7.75 -18.54 -.25 5.69
4 84 -17.99 -.25 7.75 -19.06 -.25 7.66 -19.52 -.25 7.48 -18.54 -.25 5.69
4 84 -12.58 -.25 3.92 -11.39 -.25 4.59 -7.48 -.25 7.69 -17.99 -.25 7.75
4 84 -7.59 -.25 6.8 -7.48 -.25 7.69 -11.39 -.25 4.59 -8.89 -.25 5.71
4 84 -8.89 -.25 5.71 -11.39 -.25 4.59 -10.67 -.25 4.2 -9.48 -.25 4.76
4 84 -9.21 -.25 4.04 -9.48 -.25 4.76 -10.67 -.25 4.2 -9.95 -.25 3.53
4 84 -9.95 -.25 3.53 -9.49 -.25 2.84 -8.33 -.25 2.94 -9.21 -.25 4.04
3 84 -7.33 -.25 .96 -6.62 -.25 2.1 -7.52 -.25 2.37
4 84 -9.49 -.25 2.84 -9.25 -.25 2.04 -7.52 -.25 2.37 -8.33 -.25 2.94
4 84 -7.33 -.25 -.17 -7.33 -.25 .96 -8.65 -.25 -.49 -7.78 -.25 -.39
4 84 -7.33 -.25 .96 -9.49 -.25 .91 -10.51 -.25 -.35 -8.65 -.25 -.49
3 84 6.77 -.25 3.69 6.66 -.25 2.49 7.94 -.25 3.2
4 84 8.11 -.25 .96 8.74 -.25 1.21 8.03 -.25 2.39 7.54 -.25 1.77
4 84 7.94 -.25 3.2 8.06 -.25 3.72 6.65 -.25 4.41 6.77 -.25 3.69
4 84 7.54 -.25 1.77 8.03 -.25 2.39 7.94 -.25 3.2 6.66 -.25 2.49
3 84 4.93 -.25 6.77 5.54 -.25 5.59 6.29 -.25 5
4 84 8.06 -.25 3.72 8.94 -.25 4.9 6.29 -.25 5 6.65 -.25 4.41
4 84 2.05 -.25 7.43 2.45 -.25 7.18 3.84 -.25 7.26 2 -.25 7.7
4 84 6.29 -.25 5 8.94 -.25 4.9 10.17 -.25 5.68 4.93 -.25 6.77
3 84 16.39 -.25 7.75 2 -.25 7.7 3.84 -.25 7.26
4 84 3.84 -.25 7.26 4.93 -.25 6.77 10.17 -.25 5.68 16.39 -.25 7.75
3 84 10.99 -.25 5.35 12.16 -.25 4.14 13.65 -.25 4.16
4 84 14.61 -.25 3.74 16.39 -.25 7.75 10.99 -.25 5.35 13.65 -.25 4.16
3 84 16.39 -.25 7.75 10.17 -.25 5.68 10.99 -.25 5.35
4 84 20.69 -.25 3.74 20.2 -.25 7.33 18.76 -.25 7.64 18.54 -.25 3.15
4 84 14.61 -.25 3.74 16.63 -.25 3.15 18.76 -.25 7.64 16.39 -.25 7.75
4 84 21.41 -.25 6.78 20.2 -.25 7.33 20.69 -.25 3.74 21.37 -.25 4.34
4 84 22.48 -.25 4.94 22.46 -.25 6.05 21.41 -.25 6.78 21.37 -.25 4.34
3 84 22.48 -.25 4.94 23.35 -.25 5.1 22.46 -.25 6.05
3 84 14.61 -.25 3.74 15.34 -.25 2.83 16.63 -.25 3.15
3 84 18.54 -.25 3.15 19.82 -.25 2.57 20.69 -.25 3.74
3 84 18.54 -.25 3.15 18.76 -.25 7.64 16.63 -.25 3.15
4 84 15.66 -.25 1.13 16.08 -.25 1.56 15.54 -.25 2.16 15.51 -.25 1.26
3 84 18.39 -.25 -5.88 18.21 -.25 -4.71 16.47 -.25 -4.69
4 84 12.62 -.25 -4.97 18.86 -.25 -7.39 18.39 -.25 -5.88 16.47 -.25 -4.69
4 84 13.62 -.25 -3.7 12.62 -.25 -4.97 16.47 -.25 -4.69 15.09 -.25 -4.16
3 84 6.3 -.25 -7.38 18.86 -.25 -7.39 11.53 -.25 -5.58
3 84 11.53 -.25 -5.58 18.86 -.25 -7.39 12.62 -.25 -4.97
3 84 7.82 -.25 -5.79 6.41 -.25 -6.82 6.3 -.25 -7.38
4 84 6.76 -.25 -2.18 9.48 -.25 -1.96 10.47 -.25 -.73 9.21 -.25 -.97
4 84 6.83 -.25 -2.56 9.25 -.25 -2.6 9.48 -.25 -1.96 6.76 -.25 -2.18
4 84 6.83 -.25 -2.56 7.97 -.25 -3.89 9.23 -.25 -3.17 9.25 -.25 -2.6
4 84 8.42 -.25 -5.01 9.41 -.25 -3.71 9.23 -.25 -3.17 7.97 -.25 -3.89
4 84 15 -.25 -2.32 13.3 -.25 -1.33 13.14 -.25 -1.28 13.75 -.25 -2.55
3 84 15.09 -.25 -4.16 14.92 -.25 -3.87 13.62 -.25 -3.7
4 84 15 -.25 -2.32 13.75 -.25 -2.55 13.62 -.25 -3.7 14.92 -.25 -3.87
3 84 10.01 -.25 -4.6 9.41 -.25 -3.71 8.42 -.25 -5.01
4 84 10.01 -.25 -4.6 8.42 -.25 -5.01 7.82 -.25 -5.79 11.01 -.25 -5.44
4 84 -7.8 -.25 -3.93 -5.97 -.25 -3.24 -6.09 -.25 -2 -8.19 -.25 -2.59
3 84 -4.68 -.25 -5.36 -4.88 -.25 -4.39 -5.52 -.25 -3.94
3 84 -5.52 -.25 -3.94 -5.97 -.25 -3.24 -7.8 -.25 -3.93
4 84 -4.68 -.25 -5.36 -5.52 -.25 -3.94 -7.8 -.25 -3.93 -8 -.25 -4.95
4 84 -2.04 -.25 -6.35 -3.42 -.25 -6.35 -1.03 -.25 -7.4 -1.32 -.25 -6.91
4 84 -8.85 -.25 -5.98 -10.03 -.25 -6.71 -3.42 -.25 -6.35 -4.36 -.25 -5.9
4 84 -4.68 -.25 -5.36 -8 -.25 -4.95 -8.85 -.25 -5.98 -4.36 -.25 -5.9
4 84 -3.42 -.25 -6.35 -10.03 -.25 -6.71 -17.9 -.25 -7.43 -1.03 -.25 -7.4
3 84 -21.43 -.25 -6.49 -20.4 -.25 -6.99 -21.37 -.25 -4.97
4 84 -21.43 -.25 -6.49 -21.37 -.25 -4.97 -22.46 -.25 -5.63 -22.43 -.25 -5.84
3 84 -18.61 -.25 -3.85 -19.9 -.25 -3.31 -21.37 -.25 -4.97
4 84 -19.28 -.25 -7.3 -17.9 -.25 -7.43 -17.41 -.25 -3.93 -18.61 -.25 -3.85
4 84 -19.28 -.25 -7.3 -18.61 -.25 -3.85 -21.37 -.25 -4.97 -20.4 -.25 -6.99
4 84 -14.61 -.25 -3.96 -16.6 -.25 -3.76 -17.41 -.25 -3.93 -17.9 -.25 -7.43
4 84 -15.41 -.25 -1.74 -16.08 -.25 -2.07 -16.29 -.25 -3.19 -15.31 -.25 -2.87
4 84 -16.6 -.25 -3.76 -14.61 -.25 -3.96 -15.31 -.25 -2.87 -16.29 -.25 -3.19
3 84 -17.9 -.25 -7.43 -10.03 -.25 -6.71 -10.41 -.25 -6.62
3 84 -11.2 -.25 -6.01 -12.27 -.25 -4.59 -13.66 -.25 -4.47
3 84 -17.9 -.25 -7.43 -10.41 -.25 -6.62 -11.2 -.25 -6.01
4 191 -18.36 -.25 1.11 -21.78 -.25 2.82 -22.58 -.25 .5 -18.75 -.25 -.05
4 191 11.43 -.25 2.34 11.37 -.25 1.56 12.1 -.25 1.33 12.35 -.25 1.86
3 191 2.03 -.25 -5.69 1.88 -.25 -4.19 1.29 -.25 -4.3
4 191 .59 -.25 2.95 .23 -.25 2.77 1.43 -.25 2.04 1.06 -.25 2.86
4 191 -6.47 -.25 -.25 -4.47 -.25 .04 -4.42 -.25 .89 -6.58 -.25 1.08
4 191 -14.01 -.25 -3.62 -13.14 -.25 -2.71 -13.85 -.25 -2.02 -14.62 -.25 -2.78
4 191 -23.3 -.25 -1.86 -24.91 -.25 -2.69 -24.63 -.25 -4.12 -22.76 -.25 -2.2
4 191 -23.81 -.25 -5.04 -23.24 -.25 -5.12 -24.63 -.25 -4.12 -24.19 -.25 -4.77
4 191 -20.97 -.25 -3.67 -21.98 -.25 -2.39 -22.76 -.25 -2.2 -22.02 -.25 -4.67
3 191 -20.97 -.25 -3.67 -20.06 -.25 -2.03 -21.23 -.25 -2.35
3 191 -20.97 -.25 -3.67 -21.23 -.25 -2.35 -21.98 -.25 -2.39
4 191 -22.02 -.25 -4.67 -22.76 -.25 -2.2 -24.63 -.25 -4.12 -23.24 -.25 -5.12
4 191 -23.3 -.25 -1.86 -23.7 -.25 -1.22 -25.28 -.25 -2.37 -24.91 -.25 -2.69
4 191 -25.62 -.25 1.29 -26.45 -.25 .86 -27.15 -.25 -.27 -25.09 -.25 .44
4 191 -27.17 -.25 -1.2 -26.74 -.25 -1.74 -25.09 -.25 .44 -27.15 -.25 -.27
4 191 -26.59 -.25 3.98 -26.84 -.25 3.53 -26.89 -.25 2.99 -25.58 -.25 2.31
4 191 -25.62 -.25 1.29 -25.58 -.25 2.31 -26.89 -.25 2.99 -26.35 -.25 1.27
3 191 -26.35 -.25 1.27 -26.45 -.25 .86 -25.62 -.25 1.29
4 191 -24.83 -.25 3.44 -25.21 -.25 4.34 -25.44 -.25 4.48 -25.76 -.25 4.42
4 191 -25.76 -.25 4.42 -26.59 -.25 3.98 -25.58 -.25 2.31 -24.83 -.25 3.44
4 191 -23.7 -.25 -.1 -24.29 -.25 .02 -25.28 -.25 -2.37 -23.7 -.25 -1.22
4 191 -26.74 -.25 -1.74 -25.28 -.25 -2.37 -24.29 -.25 .02 -25.09 -.25 .44
4 191 -22.19 -.25 -1.69 -23.09 -.25 -.61 -23.05 -.25 -1.17 -22.85 -.25 -1.42
4 191 -19.47 -.25 -.96 -22.58 -.25 .5 -22.19 -.25 -1.69 -20.9 -.25 -1.61
3 191 -19.47 -.25 -.96 -18.75 -.25 -.05 -22.58 -.25 .5
4 191 -19.04 -.25 3.36 -21.78 -.25 2.82 -18.36 -.25 1.11 -18.52 -.25 2.34
4 191 -20.79 -.25 4.33 -21.23 -.25 4.03 -19.8 -.25 4.14 -20.37 -.25 4.36
4 191 -19.04 -.25 3.36 -19.8 -.25 4.14 -21.23 -.25 4.03 -21.78 -.25 2.82
3 191 -22.71 -.25 2.48 -23.07 -.25 2.03 -23.07 -.25 1.49
4 191 -22.71 -.25 2.48 -23.07 -.25 1.49 -22.58 -.25 .5 -21.78 -.25 2.82
3 191 -22.58 -.25 .5 -23.09 -.25 -.61 -22.19 -.25 -1.69
4 191 -4.12 -.25 5.61 -4.07 -.25 4.84 -3.84 -.25 4.24 -2.67 -.25 4.59
4 191 -2.67 -.25 4.59 -3.07 -.25 6.61 -3.69 -.25 6.43 -4.12 -.25 5.61
4 191 .55 -.25 7.9 .04 -.25 7.91 -.54 -.25 7.66 1.03 -.25 7.69
4 191 -2.67 -.25 4.59 -1.92 -.25 4.62 -1.48 -.25 6.62 -3.07 -.25 6.61
3 191 1.66 -.25 3.19 3.89 -.25 3.26 4.25 -.25 3.67
4 191 2.02 -.25 6.57 -1.48 -.25 6.62 -1.92 -.25 4.62 1.12 -.25 3.56
4 191 -1.48 -.25 6.62 2.02 -.25 6.57 1.03 -.25 7.69 -.54 -.25 7.66
4 191 1.12 -.25 3.56 1.66 -.25 3.19 4.25 -.25 3.67 2.02 -.25 6.57
4 191 4.05 -.25 6.59 2.02 -.25 6.57 4.25 -.25 3.67 4.7 -.25 4.62
4 191 4.7 -.25 4.62 4.77 -.25 5.83 4.47 -.25 6.31 4.05 -.25 6.59
4 191 13.99 -.25 3.37 13.89 -.25 2.36 14.92 -.25 1.68 14.64 -.25 2.76
3 191 13.99 -.25 3.37 13.33 -.25 3.55 13.89 -.25 2.36
4 191 12.7 -.25 3.51 12.76 -.25 2.24 13.89 -.25 2.36 13.33 -.25 3.55
4 191 12.7 -.25 3.51 12.15 -.25 3.29 11.71 -.25 2.89 12.76 -.25 2.24
4 191 11.37 -.25 1.56 11.57 -.25 .96 12.07 -.25 .42 12.1 -.25 1.33
4 191 11.43 -.25 2.34 12.35 -.25 1.86 12.76 -.25 2.24 11.71 -.25 2.89
4 191 23.65 -.25 -.55 24.59 -.25 -.84 25.03 -.25 1.83 23.71 -.25 .43
4 191 25.19 -.25 -1.25 26.71 -.25 1.06 25.03 -.25 1.83 24.59 -.25 -.84
4 191 24.76 -.25 2.32 23.35 -.25 1.09 23.71 -.25 .43 25.03 -.25 1.83
3 191 20.96 -.25 3.01 20.02 -.25 1.35 20.92 -.25 1.6
4 191 21.98 -.25 1.67 22.74 -.25 1.51 23.26 -.25 4.43 22.04 -.25 4.01
4 191 23.77 -.25 4.36 23.26 -.25 4.43 24.58 -.25 3.5 24.18 -.25 4.07
4 191 24.76 -.25 2.32 24.58 -.25 3.5 23.26 -.25 4.43 22.74 -.25 1.51
3 191 27.19 -.25 .23 26.71 -.25 1.06 27.03 -.25 -.61
4 191 22.04 -.25 4.01 20.96 -.25 3.01 20.92 -.25 1.6 21.98 -.25 1.67
4 191 26.71 -.25 1.06 25.19 -.25 -1.25 26.33 -.25 -1.77 27.03 -.25 -.61
3 191 24.76 -.25 2.32 22.74 -.25 1.51 23.35 -.25 1.09
4 191 26.34 -.25 -2.24 26.33 -.25 -1.77 25.19 -.25 -1.25 25.64 -.25 -2.03
3 191 26.81 -.25 -4.25 26.88 -.25 -3.64 25.51 -.25 -3.09
4 191 25.64 -.25 -2.03 25.51 -.25 -3.09 26.88 -.25 -3.64 26.34 -.25 -2.24
4 191 25.15 -.25 -5.02 25.8 -.25 -5.09 26.5 -.25 -4.72 24.81 -.25 -4.08
4 191 26.81 -.25 -4.25 25.51 -.25 -3.09 24.81 -.25 -4.08 26.5 -.25 -4.72
4 191 2.03 -.25 -5.69 3.78 -.25 -5.75 4.7 -.25 -4.07 2.4 -.25 -3.91
4 191 4.48 -.25 -5.39 4.72 -.25 -4.92 4.7 -.25 -4.07 3.78 -.25 -5.75
4 191 2.4 -.25 -3.91 4.7 -.25 -4.07 4.03 -.25 -2.6 3.12 -.25 -2.78
4 191 .22 -.25 -3.89 .97 -.25 -6.79 2.03 -.25 -5.69 1.29 -.25 -4.3
4 191 -1.45 -.25 -3.29 -1.72 -.25 -5.7 -.28 -.25 -6.99 .22 -.25 -3.89
4 191 .49 -.25 -7.03 .97 -.25 -6.79 .22 -.25 -3.89 -.28 -.25 -6.99
4 191 -4.24 -.25 -4.35 -4.19 -.25 -4.92 -3.92 -.25 -5.4 -3.49 -.25 -5.67
4 191 -1.45 -.25 -3.29 -2.16 -.25 -3.09 -3.49 -.25 -5.67 -1.72 -.25 -5.7
4 191 -4.02 -.25 -3.54 -4.24 -.25 -4.35 -3.49 -.25 -5.67 -2.16 -.25 -3.09
3 191 -2.52 -.25 -2.7 -4.02 -.25 -3.54 -2.16 -.25 -3.09
4 191 -4.02 -.25 -3.54 -2.52 -.25 -2.7 -2.84 -.25 -2 -3.02 -.25 -1.97
3 191 2.03 -.25 -5.69 2.4 -.25 -3.91 1.88 -.25 -4.19
3 191 .22 -.25 -3.89 -.45 -.25 -3.2 -1.45 -.25 -3.29
3 191 19.69 -.25 -4.76 20.35 -.25 -5.07 21.05 -.25 -4.9
4 191 18.87 -.25 -3.84 19.69 -.25 -4.76 21.05 -.25 -4.9 21.64 -.25 -3.63
3 191 22.74 -.25 -3.13 23.04 -.25 -2.66 22.98 -.25 -2.01
4 191 22.74 -.25 -3.13 22.98 -.25 -2.01 22.55 -.25 -1.14 21.64 -.25 -3.63
4 191 22.45 -.25 .93 21.43 -.25 1.05 22.55 -.25 -1.14 23.02 -.25 -.18
3 191 23.02 -.25 -.18 22.99 -.25 .51 22.45 -.25 .93
4 191 19.24 -.25 .11 22.55 -.25 -1.14 21.43 -.25 1.05 20.17 -.25 .69
3 191 18.7 -.25 -.68 18.3 -.25 -1.9 21.64 -.25 -3.63
4 191 19.24 -.25 .11 18.7 -.25 -.68 21.64 -.25 -3.63 22.55 -.25 -1.14
4 191 18.87 -.25 -3.84 21.64 -.25 -3.63 18.3 -.25 -1.9 18.45 -.25 -2.9
4 191 5.41 -.25 1.78 5.18 -.25 .79 7.42 -.25 .6 7.13 -.25 1.27
4 191 5.06 -.25 2.54 5.41 -.25 1.78 7.13 -.25 1.27 6.05 -.25 2.22
4 191 4.39 -.25 3.11 5.06 -.25 2.54 5.96 -.25 2.67 6.1 -.25 3.91
4 191 5.23 -.25 4.84 4.39 -.25 3.11 6.1 -.25 3.91 5.68 -.25 4.66
4 191 6.12 -.25 -1.14 7.2 -.25 -.19 7.42 -.25 .6 5.18 -.25 .79
3 191 6.05 -.25 2.22 5.96 -.25 2.67 5.06 -.25 2.54
4 191 4.48 -.25 -2.45 5.99 -.25 -1.56 6.12 -.25 -1.14 5 -.25 -1.34
4 191 6.03 -.25 -3.01 5.03 -.25 -3.54 5.32 -.25 -3.71 5.8 -.25 -3.44
4 191 5.99 -.25 -1.56 4.48 -.25 -2.45 5.03 -.25 -3.54 6.03 -.25 -3.01
4 191 5.18 -.25 .79 4.7 -.25 .09 5 -.25 -1.34 6.12 -.25 -1.14
4 191 2.03 -.25 .63 1.43 -.25 2.04 -.52 -.25 1.31 -.36 -.25 .45
4 191 .63 -.25 -.48 2.03 -.25 .63 -.36 -.25 .45 -.12 -.25 .06
4 191 2.1 -.25 -.53 2.03 -.25 .63 .63 -.25 -.48 1.42 -.25 -.63
3 191 2.1 -.25 -.53 2.34 -.25 -.27 2.03 -.25 .63
4 191 -.52 -.25 1.31 1.43 -.25 2.04 .23 -.25 2.77 -.3 -.25 2.14
4 191 2.32 -.25 1.5 2.04 -.25 1.82 1.43 -.25 2.04 2.03 -.25 .63
4 191 -4.22 -.25 2.67 -5.34 -.25 2.3 -4.42 -.25 .89 -3.88 -.25 1.93
4 191 -4.24 -.25 3.98 -5.38 -.25 4.03 -5.34 -.25 2.3 -4.22 -.25 2.67
3 191 -4.5 -.25 4.7 -4.73 -.25 4.86 -5.12 -.25 4.54
4 191 -4.5 -.25 4.7 -5.12 -.25 4.54 -5.38 -.25 4.03 -4.24 -.25 3.98
3 191 -5.34 -.25 2.3 -6.58 -.25 1.08 -4.42 -.25 .89
3 191 -6.58 -.25 1.08 -6.71 -.25 .2 -6.47 -.25 -.25
4 191 -3.93 -.25 -.83 -5.34 -.25 -1.33 -5.36 -.25 -3.03 -4.01 -.25 -2.6
4 191 -4.8 -.25 -3.68 -4.5 -.25 -3.6 -4.01 -.25 -2.6 -5.36 -.25 -3.03
3 191 -4.01 -.25 -2.6 -2.98 -.25 -1.26 -3.93 -.25 -.83
4 191 -6.47 -.25 -.25 -5.34 -.25 -1.33 -3.93 -.25 -.83 -4.47 -.25 .04
4 191 -14.01 -.25 -3.62 -13.15 -.25 -3.93 -12.38 -.25 -3.86 -13.14 -.25 -2.71
4 191 -13.14 -.25 -2.71 -12.38 -.25 -3.86 -11.73 -.25 -3.5 -12.02 -.25 -2.69
4 191 -11.17 -.25 -2.04 -12.02 -.25 -2.69 -11.73 -.25 -3.5 -11.3 -.25 -2.84
4 191 -14.01 -.25 -.82 -14.13 -.25 -.84 -14.61 -.25 -1.6 -14.03 -.25 -1.52
4 191 -14.62 -.25 -2.78 -13.85 -.25 -2.02 -14.03 -.25 -1.52 -14.61 -.25 -1.6
4 272 -21.03 -.25 4.97 -21.56 -.25 4.64 -21.23 -.25 4.03 -20.79 -.25 4.33
3 272 -5.7 -.25 8.76 -4.35 -.25 8.52 -4.11 -.25 8.99
3 272 4.26 -.25 10.06 .24 -.25 10.06 -1.65 -.25 8.98
4 272 -21.37 -.25 -4.97 -22.02 -.25 -4.67 -23.24 -.25 -5.12 -22.46 -.25 -5.63
3 272 -2.98 -.25 -1.26 -3.02 -.25 -1.97 -2.84 -.25 -2
4 272 -13.52 -.25 2.84 -12.84 -.25 2.75 -11.66 -.25 3.82 -12.58 -.25 3.92
4 272 1.12 -.25 3.56 -.24 -.25 3.34 .23 -.25 2.77 .59 -.25 2.95
4 272 12.7 -.25 3.51 13.33 -.25 3.55 14.61 -.25 3.74 11.56 -.25 3.69
4 272 -6.62 -.25 2.1 -6.71 -.25 2.77 -7.36 -.25 3.03 -7.52 -.25 2.37
3 272 -10.5 -.25 -2.57 -9.72 -.25 -2.55 -11.17 -.25 -2.04
4 272 -28.07 -.25 -4.19 -24.91 -.25 -2.69 -25.28 -.25 -2.37 -28.26 -.25 -3.76
3 272 -28.26 -.25 -3.76 -25.28 -.25 -2.37 -26.74 -.25 -1.74
4 272 -27.17 -.25 -1.2 -27.15 -.25 -.27 -29.14 -.25 .25 -29.14 -.25 -.25
4 272 -27.15 -.25 -.27 -26.45 -.25 .86 -26.35 -.25 1.27 -29.14 -.25 .25
4 272 -28.07 -.25 4.19 -28.26 -.25 3.76 -26.89 -.25 2.99 -26.84 -.25 3.53
3 272 -26.84 -.25 3.53 -26.59 -.25 3.98 -28.07 -.25 4.19
4 272 -28.07 -.25 4.19 -25.76 -.25 4.42 -25.44 -.25 4.48 -26.12 -.25 6.91
4 272 -25.75 -.25 7.21 -26.12 -.25 6.91 -24.17 -.25 5.62 -22.64 -.25 6.08
4 272 -25.44 -.25 4.48 -24.53 -.25 5.1 -24.17 -.25 5.62 -26.12 -.25 6.91
4 272 -25.62 -.25 1.29 -25 -.25 1.44 -24.9 -.25 2.26 -25.58 -.25 2.31
4 272 -24.43 -.25 .78 -25 -.25 1.44 -25.62 -.25 1.29 -25.09 -.25 .44
4 272 -25.44 -.25 4.48 -25.21 -.25 4.34 -24.55 -.25 4.47 -24.53 -.25 5.1
4 272 -24.18 -.25 3.32 -24.55 -.25 4.47 -25.21 -.25 4.34 -24.83 -.25 3.44
4 272 -25.58 -.25 2.31 -24.9 -.25 2.26 -24.18 -.25 3.32 -24.83 -.25 3.44
3 272 -25.09 -.25 .44 -24.29 -.25 .02 -24.43 -.25 .78
4 272 -23.7 -.25 -.1 -23.29 -.25 .56 -24.43 -.25 .78 -24.29 -.25 .02
4 272 -23.7 -.25 -.1 -23.09 -.25 -.61 -22.58 -.25 .5 -23.29 -.25 .56
4 272 -17.58 -.25 1.69 -18.1 -.25 3.05 -19.04 -.25 3.36 -18.52 -.25 2.34
4 272 -18.1 -.25 3.05 -17.99 -.25 3.38 -18.18 -.25 3.92 -19.04 -.25 3.36
4 272 -19.8 -.25 4.14 -19.04 -.25 3.36 -18.18 -.25 3.92 -18.93 -.25 4.38
4 272 -16.86 -.25 3.43 -17.52 -.25 4.09 -18.18 -.25 3.92 -17.99 -.25 3.38
4 272 -18.93 -.25 4.38 -20.29 -.25 5.02 -20.37 -.25 4.36 -19.8 -.25 4.14
4 272 -15.02 -.25 3.38 -15.68 -.25 2.97 -15.65 -.25 2.36 -14.97 -.25 2.36
4 272 -15.93 -.25 3.84 -16.88 -.25 4.07 -17.52 -.25 4.09 -16.86 -.25 3.43
4 272 -20.37 -.25 4.36 -20.29 -.25 5.02 -21.03 -.25 4.97 -20.79 -.25 4.33
4 272 -21.78 -.25 2.82 -22.23 -.25 3.36 -23.22 -.25 2.93 -22.71 -.25 2.48
4 272 -21.78 -.25 2.82 -21.23 -.25 4.03 -21.56 -.25 4.64 -22.23 -.25 3.36
4 272 -15.02 -.25 3.38 -15.93 -.25 3.84 -16.86 -.25 3.43 -15.68 -.25 2.97
4 272 -23.64 -.25 2.44 -23.07 -.25 2.03 -22.71 -.25 2.48 -23.22 -.25 2.93
4 272 -23.07 -.25 1.49 -23.07 -.25 2.03 -23.64 -.25 2.44 -23.69 -.25 1.43
4 272 -22.58 -.25 .5 -23.07 -.25 1.49 -23.69 -.25 1.43 -23.29 -.25 .56
4 272 -18.18 -.25 3.92 -18.54 -.25 5.69 -19.09 -.25 5.23 -18.93 -.25 4.38
3 272 -19.09 -.25 5.23 -18.54 -.25 5.69 -19.55 -.25 6.35
4 272 -18.54 -.25 5.69 -19.52 -.25 7.48 -20.1 -.25 7.09 -19.55 -.25 6.35
3 272 -20.84 -.25 7.59 -20.1 -.25 7.09 -19.52 -.25 7.48
3 272 -20.84 -.25 7.59 -19.52 -.25 7.48 -19.06 -.25 7.66
4 272 -21.41 -.25 7.61 -20.84 -.25 7.59 -19.06 -.25 7.66 -22.5 -.25 9.07
3 272 -19.06 -.25 7.66 -17.99 -.25 7.75 -22.5 -.25 9.07
4 272 -7.3 -.25 6.15 -6.86 -.25 6.97 -7.48 -.25 7.69 -7.59 -.25 6.8
3 272 -7.48 -.25 7.69 -6.86 -.25 6.97 -6.65 -.25 8.6
3 272 -17.99 -.25 7.75 -7.48 -.25 7.69 -6.65 -.25 8.6
4 272 -5.7 -.25 8.76 -22.5 -.25 9.07 -17.99 -.25 7.75 -6.65 -.25 8.6
4 272 -2.73 -.25 7.35 -3.29 -.25 8.29 -3.65 -.25 8.08 -3.28 -.25 7.47
4 272 -3.29 -.25 8.29 -4.11 -.25 8.99 -4.35 -.25 8.52 -3.65 -.25 8.08
4 272 -5.7 -.25 8.76 -4.11 -.25 8.99 -9.24 -.25 10.06 -22.5 -.25 9.07
4 272 -4.74 -.25 10.06 -4.11 -.25 8.99 -3.15 -.25 9.86 -4.26 -.25 10.06
3 272 -1.65 -.25 8.98 4.74 -.25 10.06 4.26 -.25 10.06
3 272 4.74 -.25 10.06 -1.65 -.25 8.98 8.76 -.25 10.06
4 272 22.5 -.25 9.07 9.24 -.25 10.06 8.76 -.25 10.06 -1.65 -.25 8.98
4 272 -2.8 -.25 9.87 -1.65 -.25 8.98 .24 -.25 10.06 -.24 -.25 10.06
3 272 -9.24 -.25 10.06 -4.11 -.25 8.99 -8.76 -.25 10.06
3 272 -8.76 -.25 10.06 -4.11 -.25 8.99 -4.74 -.25 10.06
3 272 22.5 -.25 9.07 -1.65 -.25 8.98 -1.18 -.25 8.4
4 272 -3.69 -.25 6.43 -3.07 -.25 6.61 -2.73 -.25 7.35 -3.28 -.25 7.47
3 272 -3.28 -.25 7.47 -4.3 -.25 6.73 -3.69 -.25 6.43
4 272 -3.69 -.25 6.43 -4.3 -.25 6.73 -4.8 -.25 5.64 -4.12 -.25 5.61
4 272 22.5 -.25 9.07 21.41 -.25 6.78 26.12 -.25 6.91 25.75 -.25 7.21
4 272 4.47 -.25 6.31 4.93 -.25 6.77 3.84 -.25 7.26 4.05 -.25 6.59
4 272 2.02 -.25 6.57 4.05 -.25 6.59 3.84 -.25 7.26 2.45 -.25 7.18
4 272 5.54 -.25 5.59 4.93 -.25 6.77 4.47 -.25 6.31 4.77 -.25 5.83
3 272 2.02 -.25 6.57 2.45 -.25 7.18 2.05 -.25 7.43
3 272 .55 -.25 7.9 1.03 -.25 7.69 2 -.25 7.7
4 272 2.02 -.25 6.57 2.05 -.25 7.43 2 -.25 7.7 1.03 -.25 7.69
3 272 .04 -.25 7.91 .55 -.25 7.9 -1.15 -.25 8.01
4 272 2 -.25 7.7 16.39 -.25 7.75 22.5 -.25 9.07 .55 -.25 7.9
4 272 -2.73 -.25 7.35 -3.07 -.25 6.61 -1.48 -.25 6.62 -1.83 -.25 7.26
3 272 -.54 -.25 7.66 .04 -.25 7.91 -1.15 -.25 8.01
4 272 -1.48 -.25 6.62 -.54 -.25 7.66 -1.15 -.25 8.01 -1.83 -.25 7.26
3 272 26.12 -.25 6.91 21.41 -.25 6.78 22.46 -.25 6.05
3 272 22.46 -.25 6.05 23.35 -.25 5.1 26.12 -.25 6.91
3 272 20.69 -.25 3.74 19.82 -.25 2.57 20.96 -.25 3.01
4 272 21.37 -.25 4.34 20.69 -.25 3.74 20.96 -.25 3.01 22.04 -.25 4.01
4 272 16.63 -.25 3.15 17.27 -.25 2.6 18.4 -.25 2.54 18.54 -.25 3.15
4 272 16.85 -.25 1.46 16.91 -.25 2.32 16.63 -.25 3.15 16.08 -.25 1.56
4 272 21.37 -.25 4.34 22.04 -.25 4.01 23.26 -.25 4.43 22.48 -.25 4.94
3 272 16.63 -.25 3.15 16.91 -.25 2.32 17.27 -.25 2.6
4 272 19.82 -.25 2.57 18.54 -.25 3.15 18.4 -.25 2.54 19.33 -.25 2.1
4 272 20.17 -.25 .69 20.02 -.25 1.35 19.33 -.25 2.1 19.36 -.25 1.46
4 272 24.76 -.25 2.32 28.26 -.25 3.76 28.07 -.25 4.19 24.58 -.25 3.5
4 272 22.48 -.25 4.94 23.26 -.25 4.43 23.77 -.25 4.36 23.35 -.25 5.1
4 272 20.96 -.25 3.01 19.82 -.25 2.57 19.33 -.25 2.1 20.02 -.25 1.35
4 272 29.14 -.25 .25 28.26 -.25 3.76 25.03 -.25 1.83 26.71 -.25 1.06
3 272 24.76 -.25 2.32 25.03 -.25 1.83 28.26 -.25 3.76
4 272 29.14 -.25 -.25 29.14 -.25 .25 26.71 -.25 1.06 27.19 -.25 .23
3 272 29.14 -.25 -.25 27.19 -.25 .23 27.03 -.25 -.61
4 272 29.14 -.25 -.25 27.03 -.25 -.61 26.33 -.25 -1.77 26.34 -.25 -2.24
4 272 29.14 -.25 -.25 26.34 -.25 -2.24 26.88 -.25 -3.64 28.26 -.25 -3.76
4 272 26.81 -.25 -4.25 28.07 -.25 -4.19 28.26 -.25 -3.76 26.88 -.25 -3.64
4 272 24.52 -.25 -5.19 24.47 -.25 -5.93 25.8 -.25 -5.09 25.15 -.25 -5.02
4 272 25.51 -.25 -3.09 24.92 -.25 -2.79 24.14 -.25 -3.97 24.81 -.25 -4.08
4 272 25.15 -.25 -5.02 24.81 -.25 -4.08 24.14 -.25 -3.97 24.52 -.25 -5.19
4 272 25.75 -.25 -7.21 26.12 -.25 -6.91 23.97 -.25 -6.37 22.66 -.25 -6.7
4 272 23.97 -.25 -6.37 26.12 -.25 -6.91 25.8 -.25 -5.09 24.47 -.25 -5.93
3 272 20.7 -.25 -8.22 19.88 -.25 -7.57 18.86 -.25 -7.39
4 272 20.7 -.25 -8.22 18.86 -.25 -7.39 6.3 -.25 -7.38 5.26 -.25 -8.48
4 272 2.69 -.25 -8.81 22.5 -.25 -9.07 20.7 -.25 -8.22 4.65 -.25 -8.66
3 272 6.3 -.25 -7.38 5.64 -.25 -6.79 5.26 -.25 -8.48
3 272 20.7 -.25 -8.22 5.26 -.25 -8.48 4.65 -.25 -8.66
4 272 2.06 -.25 -6.49 .97 -.25 -6.79 1.6 -.25 -7.18 2 -.25 -6.93
4 272 .49 -.25 -7.03 .7 -.25 -7.65 1.6 -.25 -7.18 .97 -.25 -6.79
4 272 -4.68 -.25 -5.36 -4.19 -.25 -4.92 -4.24 -.25 -4.35 -4.88 -.25 -4.39
4 272 -4.36 -.25 -5.9 -3.92 -.25 -5.4 -4.19 -.25 -4.92 -4.68 -.25 -5.36
4 272 -1.72 -.25 -5.7 -3.49 -.25 -5.67 -3.42 -.25 -6.35 -2.04 -.25 -6.35
4 272 -1.32 -.25 -6.91 -1.03 -.25 -7.4 .7 -.25 -7.65 -.28 -.25 -6.99
4 272 -.28 -.25 -6.99 -1.72 -.25 -5.7 -2.04 -.25 -6.35 -1.32 -.25 -6.91
4 272 2 -.25 -6.93 1.6 -.25 -7.18 1.91 -.25 -7.98 2.17 -.25 -7.59
4 272 3.6 -.25 -8.55 2.58 -.25 -8.14 1.91 -.25 -7.98 2.69 -.25 -8.81
3 272 2.17 -.25 -7.59 1.91 -.25 -7.98 2.58 -.25 -8.14
4 272 -3.42 -.25 -6.35 -3.49 -.25 -5.67 -3.92 -.25 -5.4 -4.36 -.25 -5.9
3 272 .49 -.25 -7.03 -.28 -.25 -6.99 .7 -.25 -7.65
3 272 2.69 -.25 -8.81 4.65 -.25 -8.66 3.6 -.25 -8.55
3 272 8.76 -.25 -10.06 2.69 -.25 -8.81 4.74 -.25 -10.06
4 272 22.5 -.25 -9.07 2.69 -.25 -8.81 8.76 -.25 -10.06 9.24 -.25 -10.06
4 272 1.92 -.25 -9.47 4.26 -.25 -10.06 4.74 -.25 -10.06 2.69 -.25 -8.81
3 272 .1 -.25 -8.44 -8.76 -.25 -10.06 -4.74 -.25 -10.06
3 272 .1 -.25 -8.44 -4.74 -.25 -10.06 -4.26 -.25 -10.06
3 272 -.24 -.25 -10.06 .1 -.25 -8.44 -4.26 -.25 -10.06
4 272 1.44 -.25 -9.6 .1 -.25 -8.44 -.24 -.25 -10.06 .24 -.25 -10.06
4 272 .7 -.25 -7.65 -1.03 -.25 -7.4 -17.9 -.25 -7.43 -.16 -.25 -7.74
4 272 -22.43 -.25 -5.84 -26.12 -.25 -6.91 -25.75 -.25 -7.21 -21.43 -.25 -6.49
3 272 -26.12 -.25 -6.91 -23.81 -.25 -5.04 -24.19 -.25 -4.77
4 272 -19.9 -.25 -3.31 -20.97 -.25 -3.67 -22.02 -.25 -4.67 -21.37 -.25 -4.97
4 272 -28.07 -.25 -4.19 -26.12 -.25 -6.91 -24.19 -.25 -4.77 -24.63 -.25 -4.12
3 272 -22.43 -.25 -5.84 -22.46 -.25 -5.63 -23.24 -.25 -5.12
4 272 -26.12 -.25 -6.91 -22.43 -.25 -5.84 -23.24 -.25 -5.12 -23.81 -.25 -5.04
4 272 -18.27 -.25 -3.28 -19.36 -.25 -2.81 -19.9 -.25 -3.31 -18.61 -.25 -3.85
4 272 -17.02 -.25 -3.21 -18.27 -.25 -3.28 -18.61 -.25 -3.85 -17.41 -.25 -3.93
4 272 -16.29 -.25 -3.19 -17.02 -.25 -3.21 -17.41 -.25 -3.93 -16.6 -.25 -3.76
4 272 -16.08 -.25 -2.07 -16.86 -.25 -2.17 -17.02 -.25 -3.21 -16.29 -.25 -3.19
4 272 -19.36 -.25 -2.81 -19.46 -.25 -2.4 -20.06 -.25 -2.03 -19.9 -.25 -3.31
3 272 -20.06 -.25 -2.03 -20.97 -.25 -3.67 -19.9 -.25 -3.31
3 272 -28.07 -.25 -4.19 -24.63 -.25 -4.12 -24.91 -.25 -2.69
4 272 -23.7 -.25 -.1 -23.7 -.25 -1.22 -23.05 -.25 -1.17 -23.09 -.25 -.61
4 272 -21.23 -.25 -2.35 -22.19 -.25 -1.69 -22.76 -.25 -2.2 -21.98 -.25 -2.39
4 272 -19.47 -.25 -.96 -20.9 -.25 -1.61 -21.23 -.25 -2.35 -20.06 -.25 -2.03
4 272 -16.86 -.25 -2.17 -17.02 -.25 -1.68 -17.87 -.25 -1.53 -17.99 -.25 -1.94
4 272 -15.42 -.25 -.89 -16 -.25 -1.31 -16.08 -.25 -2.07 -15.41 -.25 -1.74
4 272 -15.31 -.25 -2.87 -14.62 -.25 -2.78 -14.61 -.25 -1.6 -15.41 -.25 -1.74
3 272 -21.23 -.25 -2.35 -20.9 -.25 -1.61 -22.19 -.25 -1.69
4 272 -19.46 -.25 -2.4 -18.91 -.25 -1.33 -19.47 -.25 -.96 -20.06 -.25 -2.03
3 272 -14.61 -.25 -1.6 -14.13 -.25 -.84 -15.31 -.25 -.62
4 272 -15.41 -.25 -1.74 -14.61 -.25 -1.6 -15.31 -.25 -.62 -15.42 -.25 -.89
4 272 -13.22 -.25 -.88 -14.01 -.25 -.82 -14.03 -.25 -1.52 -13.37 -.25 -1.47
3 272 -14.03 -.25 -1.52 -13.85 -.25 -2.02 -13.37 -.25 -1.47
4 272 -16.86 -.25 -2.17 -16.08 -.25 -2.07 -16 -.25 -1.31 -17.02 -.25 -1.68
4 272 -11.17 -.25 -2.04 -11.91 -.25 -1.82 -12.44 -.25 -2.12 -12.02 -.25 -2.69
3 272 -9.8 -.25 -1.99 -8.19 -.25 -2.59 -7.56 -.25 -1.85
4 272 -5.52 -.25 -3.94 -4.88 -.25 -4.39 -4.24 -.25 -4.35 -4.8 -.25 -3.68
4 272 -4.02 -.25 -3.54 -4.5 -.25 -3.6 -4.8 -.25 -3.68 -4.24 -.25 -4.35
3 272 -2.52 -.25 -2.7 -2.16 -.25 -3.09 -1.68 -.25 -2.62
4 272 -1.32 -.25 -2.7 -1.68 -.25 -2.62 -2.16 -.25 -3.09 -1.45 -.25 -3.29
4 272 .09 -.25 -2.87 -.45 -.25 -3.2 .22 -.25 -3.89 .37 -.25 -3.2
4 272 .37 -.25 -3.2 .22 -.25 -3.89 1.29 -.25 -4.3 1.11 -.25 -3.61
4 272 1.29 -.25 -4.3 1.88 -.25 -4.19 1.85 -.25 -3.51 1.11 -.25 -3.61
4 272 1.88 -.25 -4.19 2.4 -.25 -3.91 3.12 -.25 -2.78 1.85 -.25 -3.51
4 272 5.39 -.25 -5.02 5.37 -.25 -4.63 4.7 -.25 -4.07 4.72 -.25 -4.92
4 272 4.48 -.25 -2.45 4.03 -.25 -2.6 4.7 -.25 -4.07 5.03 -.25 -3.54
4 272 5.8 -.25 -3.44 5.32 -.25 -3.71 4.7 -.25 -4.07 5.37 -.25 -4.63
3 272 5.03 -.25 -3.54 4.7 -.25 -4.07 5.32 -.25 -3.71
4 272 -23.7 -.25 -1.22 -23.3 -.25 -1.86 -22.85 -.25 -1.42 -23.05 -.25 -1.17
4 272 -23.3 -.25 -1.86 -22.76 -.25 -2.2 -22.19 -.25 -1.69 -22.85 -.25 -1.42
4 272 8.42 -.25 -5.01 7.97 -.25 -3.89 7.27 -.25 -3.96 7.73 -.25 -4.89
4 272 6.83 -.25 -2.56 6.7 -.25 -3.3 7.27 -.25 -3.96 7.97 -.25 -3.89
4 272 6.76 -.25 -2.18 6.03 -.25 -3.01 6.7 -.25 -3.3 6.83 -.25 -2.56
4 272 6.03 -.25 -3.01 5.8 -.25 -3.44 5.37 -.25 -4.63 6.7 -.25 -3.3
4 272 -18.75 -.25 -.05 -19.47 -.25 -.96 -18.91 -.25 -1.33 -18.47 -.25 -.85
4 272 -18.47 -.25 -.85 -17.66 -.25 1.08 -18.36 -.25 1.11 -18.75 -.25 -.05
4 272 9.48 -.25 -1.96 9.25 -.25 -2.6 9.9 -.25 -2.9 9.97 -.25 -2.44
4 272 10.47 -.25 -.73 9.48 -.25 -1.96 9.97 -.25 -2.44 10.4 -.25 -1.72
3 272 10.47 -.25 -.73 10.4 -.25 -1.72 11.48 -.25 -.93
4 272 13.75 -.25 -2.55 13.14 -.25 -1.28 12.6 -.25 -1.68 13.11 -.25 -2.57
4 272 13.34 -.25 -.61 11.83 -.25 -1.04 12.6 -.25 -1.68 13.14 -.25 -1.28
3 272 11.48 -.25 -.93 11.83 -.25 -1.04 13.34 -.25 -.61
4 272 -17.99 -.25 -1.94 -17.87 -.25 -1.53 -18.47 -.25 -.85 -18.91 -.25 -1.33
3 272 -14.13 -.25 -.84 -14.01 -.25 -.82 -15.31 -.25 -.62
3 272 -11.77 -.25 -1.23 -11.91 -.25 -1.82 -11.17 -.25 -2.04
4 272 -11.77 -.25 -1.23 -11.17 -.25 -2.04 -10.52 -.25 -1.86 -10.83 -.25 -.9
4 272 15.24 -.25 -1.61 15 -.25 -2.32 15.62 -.25 -3.03 15.88 -.25 -2.04
4 272 17.59 -.25 -2.38 17.23 -.25 -1.96 16.62 -.25 -1.87 16.61 -.25 -2.35
3 272 17.59 -.25 -2.38 18.05 -.25 -3.75 18.45 -.25 -2.9
3 272 13.14 -.25 -1.28 13.3 -.25 -1.33 13.34 -.25 -.61
4 272 18.45 -.25 -2.9 18.3 -.25 -1.9 17.67 -.25 -1.68 17.59 -.25 -2.38
4 272 18.44 -.25 .21 17.67 -.25 -1.68 18.3 -.25 -1.9 18.7 -.25 -.68
4 272 18.71 -.25 .67 18.44 -.25 .21 18.7 -.25 -.68 19.24 -.25 .11
4 272 -14.54 -.25 -.15 -15.31 -.25 -.62 -14.01 -.25 -.82 -13.22 -.25 -.88
3 272 17.59 -.25 -2.38 17.67 -.25 -1.68 17.23 -.25 -1.96
4 272 16.61 -.25 -2.35 16.62 -.25 -1.87 15.95 -.25 -1.4 15.88 -.25 -2.04
4 272 7.2 -.25 -.19 6.12 -.25 -1.14 6.53 -.25 -1.29 7.21 -.25 -.79
4 272 5.99 -.25 -1.56 6.49 -.25 -1.55 6.53 -.25 -1.29 6.12 -.25 -1.14
4 272 7.21 -.25 -.79 7.97 -.25 .1 7.42 -.25 .6 7.2 -.25 -.19
4 272 5.18 -.25 .79 4.7 -.25 1.31 4.02 -.25 .24 4.7 -.25 .09
4 272 5 -.25 -1.34 4.7 -.25 .09 4.02 -.25 .24 4.39 -.25 -1.21
4 272 4.48 -.25 -2.45 5 -.25 -1.34 4.39 -.25 -1.21 4.32 -.25 -1.53
4 272 4.03 -.25 -2.6 4.48 -.25 -2.45 4.32 -.25 -1.53 3.94 -.25 -1.89
4 272 4.03 -.25 -2.6 3.94 -.25 -1.89 2.62 -.25 -2.25 3.12 -.25 -2.78
3 272 2.62 -.25 -2.25 1.85 -.25 -3.51 3.12 -.25 -2.78
4 272 .69 -.25 -1.25 .15 -.25 -1.94 .07 -.25 -2.58 1.11 -.25 -1.37
3 272 .07 -.25 -2.58 .15 -.25 -1.94 -.55 -.25 -2.46
4 272 -.45 -.25 -3.2 .09 -.25 -2.87 .07 -.25 -2.58 -.55 -.25 -2.46
4 272 -1.45 -.25 -3.29 -.45 -.25 -3.2 -.55 -.25 -2.46 -1.32 -.25 -2.7
3 272 -4.01 -.25 -2.6 -4.5 -.25 -3.6 -4.02 -.25 -3.54
4 272 -2.98 -.25 -1.26 -4.01 -.25 -2.6 -4.02 -.25 -3.54 -3.02 -.25 -1.97
4 272 -2.84 -.25 -2 -2.52 -.25 -2.7 -1.68 -.25 -2.62 -2.14 -.25 -2.13
4 272 -2.43 -.25 -.86 -2.98 -.25 -1.26 -2.84 -.25 -2 -2.14 -.25 -2.13
4 272 -5.97 -.25 -3.24 -5.36 -.25 -3.03 -5.34 -.25 -1.33 -6.09 -.25 -2
4 272 6.03 -.25 -3.01 6.76 -.25 -2.18 6.49 -.25 -1.55 5.99 -.25 -1.56
4 272 15 -.25 -2.32 15.24 -.25 -1.61 13.34 -.25 -.61 13.3 -.25 -1.33
4 272 -13.14 -.25 -2.71 -13.04 -.25 -1.98 -13.37 -.25 -1.47 -13.85 -.25 -2.02
4 272 -12.02 -.25 -2.69 -12.44 -.25 -2.12 -13.04 -.25 -1.98 -13.14 -.25 -2.71
3 272 10.47 -.25 -.73 11.48 -.25 -.93 13.34 -.25 -.61
4 272 -8.19 -.25 -2.59 -9.8 -.25 -1.99 -10.52 -.25 -1.86 -11.17 -.25 -2.04
4 272 9.32 -.25 -.27 8.54 -.25 -.5 10.47 -.25 -.73 13.34 -.25 -.61
4 272 -8.19 -.25 -2.59 -6.09 -.25 -2 -6.58 -.25 -1.53 -7.56 -.25 -1.85
3 272 9.21 -.25 -.97 10.47 -.25 -.73 8.54 -.25 -.5
4 272 -5.34 -.25 -1.33 -6.1 -.25 -1.17 -6.58 -.25 -1.53 -6.09 -.25 -2
4 272 6.49 -.25 -1.55 6.76 -.25 -2.18 9.21 -.25 -.97 8.54 -.25 -.5
4 272 -5.97 -.25 -3.24 -5.52 -.25 -3.94 -4.8 -.25 -3.68 -5.36 -.25 -3.03
4 272 -18.52 -.25 2.34 -18.36 -.25 1.11 -17.66 -.25 1.08 -17.58 -.25 1.69
4 272 -16.54 -.25 1.6 -17.58 -.25 1.69 -17.66 -.25 1.08 -17.31 -.25 1.22
4 272 -15.92 -.25 1.35 -15.17 -.25 1.47 -14.97 -.25 2.36 -15.65 -.25 2.36
4 272 -16.11 -.25 .84 -15.13 -.25 .73 -15.17 -.25 1.47 -15.92 -.25 1.35
4 272 -15.92 -.25 1.35 -16.54 -.25 1.6 -17.31 -.25 1.22 -16.75 -.25 1.21
4 272 -12.84 -.25 2.75 -13.52 -.25 2.84 -13.75 -.25 2.21 -13.05 -.25 2.27
4 272 -13.05 -.25 2.27 -13.75 -.25 2.21 -13.76 -.25 1.2 -13.07 -.25 1.69
3 272 -15.92 -.25 1.35 -16.75 -.25 1.21 -16.11 -.25 .84
4 272 -11.66 -.25 3.82 -11.27 -.25 3.78 -10.67 -.25 4.2 -11.39 -.25 4.59
3 272 -11.39 -.25 4.59 -12.58 -.25 3.92 -11.66 -.25 3.82
4 272 -9.95 -.25 3.53 -10.5 -.25 3.18 -9.86 -.25 2.05 -9.49 -.25 2.84
4 272 -12.88 -.25 1.18 -13.76 -.25 1.2 -13.9 -.25 .57 -13.15 -.25 .26
4 272 -12.7 -.25 -.56 -12.42 -.25 .63 -12.88 -.25 1.18 -13.15 -.25 .26
4 272 -15.17 -.25 1.47 -15.13 -.25 .73 -13.9 -.25 .57 -13.76 -.25 1.2
4 272 -9.95 -.25 3.53 -10.67 -.25 4.2 -11.27 -.25 3.78 -10.5 -.25 3.18
3 272 -12.88 -.25 1.18 -13.07 -.25 1.69 -13.76 -.25 1.2
4 272 -7.59 -.25 6.8 -8.89 -.25 5.71 -8.49 -.25 5.15 -7.3 -.25 6.15
4 272 -9.48 -.25 4.76 -8.71 -.25 4.82 -8.49 -.25 5.15 -8.89 -.25 5.71
4 272 -7.3 -.25 6.15 -7.14 -.25 6.12 -6.69 -.25 6.1 -6.86 -.25 6.97
4 272 -7.14 -.25 6.12 -6.64 -.25 5.25 -6.27 -.25 5.52 -6.69 -.25 6.1
4 272 -5.38 -.25 4.03 -5.12 -.25 4.54 -5.44 -.25 5.17 -5.88 -.25 4.82
4 272 -6.64 -.25 5.25 -5.88 -.25 4.82 -5.44 -.25 5.17 -6.27 -.25 5.52
4 272 -4.07 -.25 4.84 -4.12 -.25 5.61 -4.8 -.25 5.64 -4.73 -.25 4.86
4 272 -5.12 -.25 4.54 -4.73 -.25 4.86 -4.8 -.25 5.64 -5.44 -.25 5.17
4 272 -3.84 -.25 4.24 -3.14 -.25 3.79 -2.52 -.25 3.95 -2.67 -.25 4.59
3 272 -4.07 -.25 4.84 -4.73 -.25 4.86 -4.5 -.25 4.7
4 272 -3.46 -.25 3.41 -4.24 -.25 3.98 -4.22 -.25 2.67 -3.55 -.25 2.99
4 272 -3.21 -.25 1.68 -3.55 -.25 2.99 -4.22 -.25 2.67 -3.88 -.25 1.93
4 272 -4.07 -.25 4.84 -4.5 -.25 4.7 -4.24 -.25 3.98 -3.84 -.25 4.24
4 272 4.7 -.25 4.62 5.23 -.25 4.84 5.54 -.25 5.59 4.77 -.25 5.83
4 272 5.54 -.25 5.59 5.68 -.25 4.66 6.65 -.25 4.41 6.29 -.25 5
4 272 6.1 -.25 3.91 5.96 -.25 2.67 6.66 -.25 2.49 6.77 -.25 3.69
4 272 7.42 -.25 .6 8.11 -.25 .96 7.54 -.25 1.77 7.13 -.25 1.27
4 272 8.78 -.25 2.31 8.63 -.25 3.24 7.94 -.25 3.2 8.03 -.25 2.39
3 272 8.03 -.25 2.39 8.74 -.25 1.21 8.78 -.25 2.31
4 272 10.67 -.25 1.45 11 -.25 .73 11.57 -.25 .96 11.37 -.25 1.56
4 272 8.78 -.25 2.31 8.74 -.25 1.21 8.96 -.25 .55 9.62 -.25 1.39
4 272 10.67 -.25 1.45 9.62 -.25 1.39 8.96 -.25 .55 11 -.25 .73
3 272 8.74 -.25 1.21 8.11 -.25 .96 8.96 -.25 .55
4 272 6.77 -.25 3.69 6.65 -.25 4.41 5.68 -.25 4.66 6.1 -.25 3.91
4 272 14.25 -.25 .6 15.51 -.25 1.26 14.92 -.25 1.68 14.3 -.25 1.21
4 272 15.43 -.25 .24 16.16 -.25 .72 16.08 -.25 1.56 15.66 -.25 1.13
4 272 17.83 -.25 .85 17.71 -.25 1.35 16.85 -.25 1.46 17.01 -.25 1.02
4 272 19.24 -.25 .11 20.17 -.25 .69 19.36 -.25 1.46 18.96 -.25 .68
4 272 21.43 -.25 1.05 20.92 -.25 1.6 20.02 -.25 1.35 20.17 -.25 .69
4 272 21.43 -.25 1.05 22.45 -.25 .93 22.74 -.25 1.51 21.98 -.25 1.67
3 272 21.98 -.25 1.67 20.92 -.25 1.6 21.43 -.25 1.05
4 272 22.74 -.25 1.51 22.45 -.25 .93 22.99 -.25 .51 23.35 -.25 1.09
3 272 25.64 -.25 -2.03 25.19 -.25 -1.25 24.89 -.25 -1.9
4 272 24.59 -.25 -.84 24.12 -.25 -1.32 24.89 -.25 -1.9 25.19 -.25 -1.25
4 272 25.51 -.25 -3.09 25.64 -.25 -2.03 24.89 -.25 -1.9 24.92 -.25 -2.79
4 272 15.66 -.25 1.13 15.51 -.25 1.26 14.25 -.25 .6 15.43 -.25 .24
4 272 13.78 -.25 .21 15.27 -.25 -.06 15.43 -.25 .24 14.25 -.25 .6
4 272 24.59 -.25 -.84 23.65 -.25 -.55 23.26 -.25 -1.22 24.12 -.25 -1.32
4 272 23.26 -.25 -1.22 22.98 -.25 -2.01 23.04 -.25 -2.66 23.72 -.25 -2.28
4 272 23.02 -.25 -.18 22.55 -.25 -1.14 22.98 -.25 -2.01 23.26 -.25 -1.22
4 272 23.35 -.25 1.09 22.99 -.25 .51 23.02 -.25 -.18 23.71 -.25 .43
4 272 23.71 -.25 .43 23.02 -.25 -.18 23.26 -.25 -1.22 23.65 -.25 -.55
3 272 18.71 -.25 .67 19.24 -.25 .11 18.96 -.25 .68
4 272 7.97 -.25 .1 8.96 -.25 .55 8.11 -.25 .96 7.42 -.25 .6
4 272 -3.14 -.25 3.79 -3.84 -.25 4.24 -4.24 -.25 3.98 -3.46 -.25 3.41
4 272 -3.21 -.25 1.68 -3.88 -.25 1.93 -4.42 -.25 .89 -3.82 -.25 .72
4 272 -3.79 -.25 -.03 -3.82 -.25 .72 -4.42 -.25 .89 -4.47 -.25 .04
4 272 17.71 -.25 1.35 17.83 -.25 .85 18.44 -.25 .21 18.71 -.25 .67
4 272 -2.43 -.25 -.86 -3.38 -.25 -.4 -3.93 -.25 -.83 -2.98 -.25 -1.26
4 272 -4.47 -.25 .04 -3.93 -.25 -.83 -3.38 -.25 -.4 -3.79 -.25 -.03
4 272 16.08 -.25 1.56 16.16 -.25 .72 17.01 -.25 1.02 16.85 -.25 1.46
3 272 5.96 -.25 2.67 6.05 -.25 2.22 6.66 -.25 2.49
4 272 7.54 -.25 1.77 6.66 -.25 2.49 6.05 -.25 2.22 7.13 -.25 1.27
4 272 15.27 -.25 -.06 13.78 -.25 .21 13.16 -.25 .26 11.6 -.25 -.11
4 272 12.75 -.25 .72 12.07 -.25 .42 11.6 -.25 -.11 13.16 -.25 .26
4 272 12.07 -.25 .42 11.57 -.25 .96 11 -.25 .73 11.6 -.25 -.11
3 272 5.41 -.25 1.78 5.06 -.25 2.54 4.65 -.25 2.03
4 272 4.39 -.25 3.11 4.29 -.25 2.37 4.65 -.25 2.03 5.06 -.25 2.54
4 272 5.18 -.25 .79 5.41 -.25 1.78 4.65 -.25 2.03 4.7 -.25 1.31
4 272 2.92 -.25 1.63 2.69 -.25 2.11 2.04 -.25 1.82 2.32 -.25 1.5
4 272 1.66 -.25 3.19 2.07 -.25 2.61 3.56 -.25 2.65 3.89 -.25 3.26
4 272 4.29 -.25 2.37 4.39 -.25 3.11 3.89 -.25 3.26 3.56 -.25 2.65
4 272 2.03 -.25 .63 2.34 -.25 -.27 2.95 -.25 -.23 2.81 -.25 .67
4 272 2.92 -.25 1.63 2.32 -.25 1.5 2.03 -.25 .63 2.81 -.25 .67
4 272 2.69 -.25 2.11 2.07 -.25 2.61 1.43 -.25 2.04 2.04 -.25 1.82
3 272 5.23 -.25 4.84 5.68 -.25 4.66 5.54 -.25 5.59
4 272 1.43 -.25 2.04 2.07 -.25 2.61 1.66 -.25 3.19 1.06 -.25 2.86
4 272 1.66 -.25 3.19 1.12 -.25 3.56 .59 -.25 2.95 1.06 -.25 2.86
4 272 4.7 -.25 4.62 4.25 -.25 3.67 4.39 -.25 3.11 5.23 -.25 4.84
3 272 4.39 -.25 3.11 4.25 -.25 3.67 3.89 -.25 3.26
4 272 -2.67 -.25 4.59 -2.52 -.25 3.95 -1.62 -.25 3.89 -1.92 -.25 4.62
4 272 1.12 -.25 3.56 -1.92 -.25 4.62 -1.62 -.25 3.89 -.24 -.25 3.34
4 272 -1.15 -.25 1.46 -.52 -.25 1.31 -.3 -.25 2.14 -.99 -.25 2.17
4 272 -.99 -.25 2.17 -.3 -.25 2.14 .23 -.25 2.77 -.24 -.25 3.34
4 272 14.64 -.25 2.76 14.92 -.25 1.68 15.51 -.25 1.26 15.54 -.25 2.16
4 272 11.43 -.25 2.34 11.71 -.25 2.89 11.56 -.25 3.69 10.8 -.25 2.53
4 272 10.67 -.25 1.45 11.37 -.25 1.56 11.43 -.25 2.34 10.8 -.25 2.53
4 272 15.54 -.25 2.16 15.34 -.25 2.83 14.61 -.25 3.74 14.64 -.25 2.76
3 272 11.56 -.25 3.69 11.71 -.25 2.89 12.15 -.25 3.29
3 272 13.99 -.25 3.37 14.64 -.25 2.76 14.61 -.25 3.74
3 272 13.33 -.25 3.55 13.99 -.25 3.37 14.61 -.25 3.74
3 272 11.56 -.25 3.69 12.15 -.25 3.29 12.7 -.25 3.51
4 272 14.3 -.25 1.21 14.92 -.25 1.68 13.89 -.25 2.36 13.89 -.25 1.67
4 272 13.89 -.25 1.67 13.89 -.25 2.36 12.76 -.25 2.24 13.28 -.25 1.71
4 272 13.28 -.25 1.71 12.76 -.25 2.24 12.35 -.25 1.86 12.81 -.25 1.32
3 272 12.35 -.25 1.86 12.1 -.25 1.33 12.81 -.25 1.32
4 272 12.81 -.25 1.32 12.1 -.25 1.33 12.07 -.25 .42 12.75 -.25 .72
4 272 10.17 -.25 5.68 10.19 -.25 4.97 11.04 -.25 4.46 10.99 -.25 5.35
4 272 14.61 -.25 3.74 13.65 -.25 4.16 12.16 -.25 4.14 11.56 -.25 3.69
4 272 10.99 -.25 5.35 11.04 -.25 4.46 11.56 -.25 3.69 12.16 -.25 4.14
4 272 8.63 -.25 3.24 9.16 -.25 4.22 8.94 -.25 4.9 8.06 -.25 3.72
4 272 10.17 -.25 5.68 8.94 -.25 4.9 9.16 -.25 4.22 10.19 -.25 4.97
3 272 8.06 -.25 3.72 7.94 -.25 3.2 8.63 -.25 3.24
4 272 20.35 -.25 -5.07 19.69 -.25 -4.76 18.92 -.25 -5.02 20.17 -.25 -5.67
3 272 20.17 -.25 -5.67 20.86 -.25 -5.66 20.35 -.25 -5.07
4 272 20.35 -.25 -5.07 20.86 -.25 -5.66 21.32 -.25 -5.48 21.05 -.25 -4.9
3 272 23.09 -.25 -3.67 23.56 -.25 -3.17 22.74 -.25 -3.13
3 272 21.77 -.25 -5.03 22.18 -.25 -4.03 21.64 -.25 -3.63
4 272 21.32 -.25 -5.48 21.77 -.25 -5.03 21.64 -.25 -3.63 21.05 -.25 -4.9
4 272 23.72 -.25 -2.28 23.04 -.25 -2.66 22.74 -.25 -3.13 23.56 -.25 -3.17
4 272 23.09 -.25 -3.67 22.74 -.25 -3.13 21.64 -.25 -3.63 22.18 -.25 -4.03
4 272 18.39 -.25 -5.88 18.86 -.25 -7.39 19.88 -.25 -7.57 19.12 -.25 -6.14
4 272 19.12 -.25 -6.14 18.92 -.25 -5.02 18.21 -.25 -4.71 18.39 -.25 -5.88
4 272 17.96 -.25 -4.02 16.8 -.25 -4.09 16.47 -.25 -4.69 18.21 -.25 -4.71
4 272 15.09 -.25 -4.16 16.47 -.25 -4.69 16.8 -.25 -4.09 15.67 -.25 -3.65
3 272 14.92 -.25 -3.87 15.09 -.25 -4.16 15.67 -.25 -3.65
4 272 15 -.25 -2.32 14.92 -.25 -3.87 15.67 -.25 -3.65 15.62 -.25 -3.03
4 272 18.92 -.25 -5.02 18.87 -.25 -3.84 17.96 -.25 -4.02 18.21 -.25 -4.71
4 272 18.45 -.25 -2.9 18.05 -.25 -3.75 17.96 -.25 -4.02 18.87 -.25 -3.84
3 272 19.69 -.25 -4.76 18.87 -.25 -3.84 18.92 -.25 -5.02
4 272 8.42 -.25 -5.01 7.73 -.25 -4.89 7.24 -.25 -5.48 7.82 -.25 -5.79
4 272 5.26 -.25 -5.54 5.55 -.25 -6.02 6.09 -.25 -6.24 5.39 -.25 -5.02
4 272 4.48 -.25 -5.39 5.26 -.25 -5.54 5.39 -.25 -5.02 4.72 -.25 -4.92
4 272 7.82 -.25 -5.79 7.24 -.25 -5.48 6.09 -.25 -6.24 6.41 -.25 -6.82
4 272 6.3 -.25 -7.38 6.41 -.25 -6.82 6.09 -.25 -6.24 5.64 -.25 -6.79
4 272 4.18 -.25 -6.29 3.78 -.25 -5.75 2.03 -.25 -5.69 2.24 -.25 -6.34
4 272 .97 -.25 -6.79 2.06 -.25 -6.49 2.24 -.25 -6.34 2.03 -.25 -5.69
4 272 5.26 -.25 -5.54 4.48 -.25 -5.39 3.78 -.25 -5.75 4.18 -.25 -6.29
3 272 5.55 -.25 -6.02 5.64 -.25 -6.79 6.09 -.25 -6.24
4 272 9.25 -.25 -2.6 9.23 -.25 -3.17 9.41 -.25 -3.71 9.9 -.25 -2.9
4 272 9.9 -.25 -2.9 9.41 -.25 -3.71 10.01 -.25 -4.6 10.32 -.25 -3.97
4 272 10.32 -.25 -3.97 10.01 -.25 -4.6 11.01 -.25 -5.44 10.98 -.25 -4.59
4 272 11.53 -.25 -5.58 11.49 -.25 -4.85 10.98 -.25 -4.59 11.01 -.25 -5.44
4 272 11.49 -.25 -4.85 11.53 -.25 -5.58 12.62 -.25 -4.97 12.01 -.25 -4.62
4 272 12.01 -.25 -4.62 12.62 -.25 -4.97 13.62 -.25 -3.7 12.58 -.25 -4.11
4 272 13.11 -.25 -2.57 13.13 -.25 -2.99 13.62 -.25 -3.7 13.75 -.25 -2.55
3 272 13.62 -.25 -3.7 13.13 -.25 -2.99 12.58 -.25 -4.11
4 272 13.34 -.25 -.61 11.6 -.25 -.11 10.5 -.25 -.06 9.32 -.25 -.27
3 272 14.54 -.25 -.3 15.24 -.25 -1.61 15.27 -.25 -.06
4 272 15.88 -.25 -2.04 15.95 -.25 -1.4 15.27 -.25 -.06 15.24 -.25 -1.61
4 272 15.27 -.25 -.06 11.6 -.25 -.11 13.34 -.25 -.61 14.54 -.25 -.3
4 272 2.1 -.25 -.53 1.42 -.25 -.63 1.11 -.25 -1.37 2.15 -.25 -1.2
3 272 2.6 -.25 -.93 2.95 -.25 -.23 2.34 -.25 -.27
4 272 2.15 -.25 -1.2 2.6 -.25 -.93 2.34 -.25 -.27 2.1 -.25 -.53
4 272 .63 -.25 -.48 .69 -.25 -1.25 1.11 -.25 -1.37 1.42 -.25 -.63
3 272 -.83 -.25 -.02 -.42 -.25 -.56 -.12 -.25 .06
4 272 .69 -.25 -1.25 .63 -.25 -.48 -.12 -.25 .06 -.42 -.25 -.56
4 272 -1.15 -.25 1.46 -1.11 -.25 .72 -.36 -.25 .45 -.52 -.25 1.31
4 272 -1.11 -.25 .72 -.83 -.25 -.02 -.12 -.25 .06 -.36 -.25 .45
4 272 -5.34 -.25 2.3 -6.62 -.25 2.1 -7.33 -.25 .96 -6.58 -.25 1.08
4 272 -6.58 -.25 1.08 -7.33 -.25 .96 -7.33 -.25 -.17 -6.71 -.25 .2
4 272 -6.71 -.25 .2 -7.33 -.25 -.17 -6.78 -.25 -.73 -6.47 -.25 -.25
3 272 -7.33 -.25 -.17 -7.78 -.25 -.39 -6.78 -.25 -.73
4 272 -5.34 -.25 -1.33 -6.47 -.25 -.25 -6.78 -.25 -.73 -6.1 -.25 -1.17
4 272 -8.65 -.25 -.49 -10.51 -.25 -.35 -10.83 -.25 -.9 -8.91 -.25 -1.15
4 272 -6.78 -.25 -.73 -7.78 -.25 -.39 -8.65 -.25 -.49 -8.91 -.25 -1.15
4 272 -12.7 -.25 -.56 -13.15 -.25 .26 -14.54 -.25 -.15 -13.22 -.25 -.88
4 272 -11.77 -.25 -1.23 -10.83 -.25 -.9 -11.23 -.25 .01 -12.1 -.25 -.71
4 272 -11.23 -.25 .01 -10.51 -.25 -.35 -9.49 -.25 .91 -10.28 -.25 .9
4 272 -9.25 -.25 2.04 -9.93 -.25 1.58 -10.28 -.25 .9 -9.49 -.25 .91
4 272 -14.54 -.25 -.15 -14.89 -.25 .15 -15.54 -.25 .03 -15.31 -.25 -.62
4 272 -12.7 -.25 -.56 -12.1 -.25 -.71 -11.23 -.25 .01 -12.42 -.25 .63
3 272 -10.83 -.25 -.9 -10.51 -.25 -.35 -11.23 -.25 .01
4 272 -9.49 -.25 2.84 -9.86 -.25 2.05 -9.93 -.25 1.58 -9.25 -.25 2.04
4 272 -16.11 -.25 .84 -15.54 -.25 .03 -14.89 -.25 .15 -15.13 -.25 .73
4 272 -6.71 -.25 2.77 -6.62 -.25 2.1 -5.34 -.25 2.3 -5.99 -.25 2.81
4 272 -7.52 -.25 2.37 -7.36 -.25 3.03 -7.97 -.25 3.53 -8.33 -.25 2.94
4 272 -8.71 -.25 4.82 -9.48 -.25 4.76 -9.21 -.25 4.04 -8.68 -.25 4.47
4 272 -6.05 -.25 3.89 -5.99 -.25 2.81 -5.34 -.25 2.3 -5.38 -.25 4.03
3 272 -5.38 -.25 4.03 -5.88 -.25 4.82 -6.05 -.25 3.89
4 272 -8.33 -.25 2.94 -7.97 -.25 3.53 -8.68 -.25 4.47 -9.21 -.25 4.04
4 272 -14.01 -.25 -3.62 -14.62 -.25 -2.78 -15.31 -.25 -2.87 -14.61 -.25 -3.96
4 272 -10.97 -.25 -3.53 -11.73 -.25 -3.5 -12.38 -.25 -3.86 -11.62 -.25 -4.36
4 272 -14.61 -.25 -3.96 -13.66 -.25 -4.47 -13.15 -.25 -3.93 -14.01 -.25 -3.62
4 272 -7.8 -.25 -3.93 -8.19 -.25 -2.59 -9.07 -.25 -2.72 -8.59 -.25 -3.32
4 272 -11.62 -.25 -4.36 -12.38 -.25 -3.86 -13.15 -.25 -3.93 -13.66 -.25 -4.47
4 272 -10.5 -.25 -2.57 -11.3 -.25 -2.84 -11.73 -.25 -3.5 -10.97 -.25 -3.53
4 272 -11.17 -.25 -2.04 -9.72 -.25 -2.55 -9.07 -.25 -2.72 -8.19 -.25 -2.59
3 272 -11.17 -.25 -2.04 -11.3 -.25 -2.84 -10.5 -.25 -2.57
3 272 -11.62 -.25 -4.36 -13.66 -.25 -4.47 -12.27 -.25 -4.59
4 272 -10.41 -.25 -6.62 -10.02 -.25 -5.96 -10.95 -.25 -5.36 -11.2 -.25 -6.01
3 272 -10.41 -.25 -6.62 -10.03 -.25 -6.71 -10.02 -.25 -5.96
4 272 -9.46 -.25 -5.65 -8.85 -.25 -5.98 -8 -.25 -4.95 -8.77 -.25 -5
4 272 -8.59 -.25 -3.32 -8.42 -.25 -3.89 -8 -.25 -4.95 -7.8 -.25 -3.93
3 272 -8.77 -.25 -5 -8 -.25 -4.95 -8.42 -.25 -3.89
4 272 -11.2 -.25 -6.01 -10.95 -.25 -5.36 -11.62 -.25 -4.36 -12.27 -.25 -4.59
4 272 -8.85 -.25 -5.98 -9.46 -.25 -5.65 -10.02 -.25 -5.96 -10.03 -.25 -6.71
4 272 -.25 -.25 13.68 -.24 -.25 10.06 .24 -.25 10.06 .25 -.25 13.68
4 272 -19.3 -.25 15.2 -.25 -.25 13.68 .25 -.25 13.68 19.3 -.25 15.2
4 84 -20 -.25 18 -19.3 -.25 15.2 19.3 -.25 15.2 20 -.25 18
4 272 .24 -.25 -10.06 -.24 -.25 -10.06 -.25 -.25 -13.68 .25 -.25 -13.68
4 272 .25 -.25 -13.68 -.25 -.25 -13.68 -19.3 -.25 -15.2 19.3 -.25 -15.2
4 84 19.3 -.25 -15.2 -19.3 -.25 -15.2 -20 -.25 -18 20 -.25 -18
4 272 29.14 -.25 .25 29.14 -.25 -.25 32.76 -.25 -.24 32.76 -.25 .24
3 272 32.76 -.25 .24 32.76 -.25 -.24 35.07 -.25 0
3 272 -35.07 -.25 0 -32.76 -.25 -.24 -32.76 -.25 .24
4 272 -32.76 -.25 .24 -32.76 -.25 -.24 -29.14 -.25 -.25 -29.14 -.25 .25
4 272 -3.15 -.25 9.86 -2.8 -.25 9.87 -.24 -.25 10.06 -4.26 -.25 10.06
4 272 .24 -.25 -10.06 4.26 -.25 -10.06 1.92 -.25 -9.47 1.44 -.25 -9.6
4 272 -8.76 -.25 -10.06 .1 -.25 -8.44 -22.5 -.25 -9.07 -9.24 -.25 -10.06
4 272 -1.18 -.25 8.4 -1.15 -.25 8.01 .55 -.25 7.9 22.5 -.25 9.07
3 272 16.39 -.25 7.75 18.76 -.25 7.64 22.5 -.25 9.07
3 272 22.5 -.25 9.07 18.76 -.25 7.64 20.2 -.25 7.33
3 272 22.5 -.25 9.07 20.2 -.25 7.33 21.41 -.25 6.78
4 272 23.77 -.25 4.36 24.18 -.25 4.07 26.12 -.25 6.91 23.35 -.25 5.1
4 272 24.58 -.25 3.5 28.07 -.25 4.19 26.12 -.25 6.91 24.18 -.25 4.07
4 272 25.8 -.25 -5.09 26.12 -.25 -6.91 28.07 -.25 -4.19 26.5 -.25 -4.72
3 272 26.5 -.25 -4.72 28.07 -.25 -4.19 26.81 -.25 -4.25
3 272 22.5 -.25 -9.07 21.13 -.25 -8.3 20.7 -.25 -8.22
3 272 21.68 -.25 -8.18 21.13 -.25 -8.3 22.5 -.25 -9.07
4 272 25.75 -.25 -7.21 22.13 -.25 -7.76 21.68 -.25 -8.18 22.5 -.25 -9.07
3 272 22.13 -.25 -7.76 25.75 -.25 -7.21 22.66 -.25 -6.7
4 272 .1 -.25 -8.44 -.16 -.25 -7.74 -17.9 -.25 -7.43 -22.5 -.25 -9.07
3 272 -22.5 -.25 -9.07 -17.9 -.25 -7.43 -19.28 -.25 -7.3
3 272 -22.5 -.25 -9.07 -19.28 -.25 -7.3 -20.4 -.25 -6.99
4 272 -20.4 -.25 -6.99 -21.43 -.25 -6.49 -25.75 -.25 -7.21 -22.5 -.25 -9.07
4 272 -28.26 -.25 3.76 -29.14 -.25 .25 -26.35 -.25 1.27 -26.89 -.25 2.99
4 272 -29.14 -.25 -.25 -28.26 -.25 -3.76 -26.74 -.25 -1.74 -27.17 -.25 -1.2
3 272 -28.07 -.25 4.19 -26.59 -.25 3.98 -25.76 -.25 4.42
3 272 -21.41 -.25 7.61 -22.5 -.25 9.07 -21.78 -.25 7.45
3 272 -21.78 -.25 7.45 -22.5 -.25 9.07 -22.12 -.25 7.1
4 272 -22.5 -.25 9.07 -25.75 -.25 7.21 -22.64 -.25 6.08 -22.12 -.25 7.1