0 Sticker  0.8 x  2.8 with Medium Nougat Drawer with Ornamented Gold Handle
0 Name: 6521012a.dat
0 Author: Philippe Hurbain [Philo]
0 !LDRAW_ORG Part UPDATE 2026-07
0 !LICENSE Licensed under CC BY 4.0 : see CAreadme.txt

0 BFC CERTIFY CCW

0 !CATEGORY Sticker
0 !KEYWORDS Beekeepers' House and Flower Garden, BrickLink 42669stk01
0 !KEYWORDS Brickowl 447019, Rebrickable 10110453, Set 42669

0 !HISTORY 2026-07-30 [OrionP] Official Update 2026-07

1 16 0 0 0 1 0 0 0 1 0 0 0 1 s\stickerback008x028.dat
1 16 0 0 0 1 0 0 0 1 0 0 0 1 s\6521012as01.dat
1 16 0 0 0 -1 0 0 0 1 0 0 0 1 s\6521012as01.dat

4 272 -1.7175 -.25 -4.43 -1.3275 -.25 -3.69 -1.6725 -.25 -3.29 -1.815 -.25 -3.81
4 272 4.4775 -.25 -4 4.5675 -.25 -4.54 5.3325 -.25 -4.36 4.905 -.25 -3.92
4 272 4.5675 -.25 -4.54 4.4775 -.25 -4 4.0425 -.25 -3.98 3.945 -.25 -4.55
4 272 1.125 -.25 -3.69 .6075 -.25 -4.43 1.8825 -.25 -4.56 1.5375 -.25 -3.96
4 272 .615 -.25 -3.85 -.4275 -.25 -4.05 -.8175 -.25 -4.57 .6075 -.25 -4.43
3 272 -.8175 -.25 -4.57 -.4275 -.25 -4.05 -.9075 -.25 -3.96
4 272 -3.99 -.25 -4.42 -3.2175 -.25 -4.58 -2.805 -.25 -4.05 -3.2925 -.25 -4.02
3 272 1.5375 -.25 -3.96 1.8825 -.25 -4.56 2.0175 -.25 -4.05
3 272 3.945 -.25 -4.55 4.0425 -.25 -3.98 3.645 -.25 -3.77
4 272 -4.59 -.25 -4.16 -4.7325 -.25 -3.58 -6.0525 -.25 -3.32 -6.09 -.25 -3.95
3 272 3.645 -.25 -3.77 3.33 -.25 -3.4 3.06 -.25 -3.85
4 272 3.945 -.25 -4.55 3.645 -.25 -3.77 3.06 -.25 -3.85 2.97 -.25 -4.41
4 272 2.34 -.25 -1.55 1.9425 -.25 -2.14 2.3325 -.25 -2.36 2.7075 -.25 -2.11
4 272 2.3325 -.25 -2.36 2.6025 -.25 -2.77 3.06 -.25 -2.98 2.7075 -.25 -2.11
4 272 2.6025 -.25 -2.77 3.06 -.25 -3.85 3.33 -.25 -3.4 3.06 -.25 -2.98
4 272 1.8825 -.25 -4.56 2.97 -.25 -4.41 3.06 -.25 -3.85 2.0175 -.25 -4.05
4 272 -5.4 -.25 -1.95 -6.165 -.25 -2.34 -5.175 -.25 -2.63 -4.7625 -.25 -2.27
3 272 -4.7625 -.25 -2.27 -5.175 -.25 -2.63 -4.71 -.25 -2.62
4 272 -5.175 -.25 -2.63 -4.7325 -.25 -3.58 -4.4925 -.25 -3.15 -4.71 -.25 -2.62
4 272 .2625 -.25 -2.2 .1575 -.25 -2.77 .615 -.25 -3.85 .78 -.25 -3.29
4 272 .78 -.25 -3.29 .615 -.25 -3.85 .6075 -.25 -4.43 1.125 -.25 -3.69
4 272 -4.59 -.25 -4.16 -4.185 -.25 -3.6 -4.4925 -.25 -3.15 -4.7325 -.25 -3.58
4 272 -.8175 -.25 -4.57 -.9075 -.25 -3.96 -1.3275 -.25 -3.69 -1.7175 -.25 -4.43
4 272 -4.59 -.25 -4.16 -3.99 -.25 -4.42 -3.7575 -.25 -3.89 -4.185 -.25 -3.6
3 272 -3.2925 -.25 -4.02 -3.7575 -.25 -3.89 -3.99 -.25 -4.42
4 272 -3.2175 -.25 -4.58 -1.7175 -.25 -4.43 -2.175 -.25 -3.97 -2.805 -.25 -4.05
3 272 -2.175 -.25 -3.97 -1.7175 -.25 -4.43 -1.815 -.25 -3.81
3 272 -2.2875 -.25 -3 -1.815 -.25 -3.81 -1.6725 -.25 -3.29
4 272 -2.5275 -.25 -2.44 -2.2875 -.25 -3 -1.6725 -.25 -3.29 -2.1825 -.25 -2.2
3 272 1.5075 -.25 -2.04 1.9425 -.25 -2.14 2.34 -.25 -1.55
4 272 1.08 -.25 -2.01 1.5075 -.25 -2.04 2.34 -.25 -1.55 1.155 -.25 -1.47
4 272 4.905 -.25 -3.92 5.3325 -.25 -4.36 5.6925 -.25 -3.47 5.3025 -.25 -3.69
4 272 6.09 -.25 -3.95 6.0525 -.25 -3.32 5.6925 -.25 -3.47 5.3325 -.25 -4.36
4 272 .1575 -.25 -2.77 .2625 -.25 -2.2 0 -.25 -1.56 -.1125 -.25 -2.36
3 272 -.9375 -.25 -2.04 -.51 -.25 -2.14 -1.155 -.25 -1.47
4 272 -.1125 -.25 -2.36 0 -.25 -1.56 -1.155 -.25 -1.47 -.51 -.25 -2.14
4 272 1.155 -.25 -1.47 0 -.25 -1.56 .2625 -.25 -2.2 .645 -.25 -2.05
3 272 -1.365 -.25 -2.01 -.9375 -.25 -2.04 -1.155 -.25 -1.47
3 272 .645 -.25 -2.05 1.08 -.25 -2.01 1.155 -.25 -1.47
4 272 -2.5275 -.25 -2.44 -2.1825 -.25 -2.2 -2.34 -.25 -1.55 -2.7525 -.25 -2.18
4 272 -1.155 -.25 -1.47 -2.34 -.25 -1.55 -2.1825 -.25 -2.2 -1.8 -.25 -2.05
3 272 -3.7275 -.25 -2.03 -3.18 -.25 -2.05 -3.825 -.25 -1.47
4 272 -2.7525 -.25 -2.18 -2.34 -.25 -1.55 -3.825 -.25 -1.47 -3.18 -.25 -2.05
3 272 -1.8 -.25 -2.05 -1.365 -.25 -2.01 -1.155 -.25 -1.47
4 272 -4.5525 -.25 -1.61 -4.4625 -.25 -2.16 -3.7275 -.25 -2.03 -3.825 -.25 -1.47
4 272 -4.4625 -.25 -2.16 -4.5525 -.25 -1.61 -5.4 -.25 -1.95 -4.7625 -.25 -2.27
4 272 5.37 -.25 -2.61 5.1975 -.25 -3.29 5.3025 -.25 -3.69 5.6925 -.25 -3.47
3 272 5.1975 -.25 -3.29 5.37 -.25 -2.61 4.8675 -.25 -2.59
4 272 6.165 -.25 -2.34 5.4 -.25 -1.95 4.8675 -.25 -2.59 5.37 -.25 -2.61
4 272 2.7075 -.25 -2.11 3.285 -.25 -1.97 3.825 -.25 -1.47 2.34 -.25 -1.55
3 272 3.825 -.25 -1.47 3.285 -.25 -1.97 3.8775 -.25 -2.03
4 272 3.825 -.25 -1.47 3.8775 -.25 -2.03 4.4475 -.25 -2.23 4.5525 -.25 -1.61
4 272 5.4 -.25 -1.95 4.5525 -.25 -1.61 4.4475 -.25 -2.23 4.8675 -.25 -2.59
4 84 2.97 -.25 -4.41 1.8825 -.25 -4.56 26.5 -.25 -8 3.945 -.25 -4.55
4 82 4.4775 -.25 -4 4.905 -.25 -3.92 5.1975 -.25 -3.29 4.8675 -.25 -2.59
4 82 -4.4625 -.25 -2.16 -4.4925 -.25 -3.15 -4.185 -.25 -3.6 -3.7275 -.25 -2.03
4 82 -1.365 -.25 -2.01 -1.6725 -.25 -3.29 -1.3275 -.25 -3.69 -.9375 -.25 -2.04
4 84 26.5 -.25 8 -26.5 -.25 8 -5.625 -.25 4.94 5.625 -.25 4.94
4 84 5.625 -.25 4.94 -5.625 -.25 4.94 -4.9575 -.25 4.85 4.9575 -.25 4.85
4 84 4.9575 -.25 4.85 -4.9575 -.25 4.85 -4.3125 -.25 4.65 4.3125 -.25 4.65
4 84 4.3125 -.25 4.65 -4.3125 -.25 4.65 -3.72 -.25 4.28 3.72 -.25 4.28
4 84 3.72 -.25 4.28 -3.72 -.25 4.28 -3.225 -.25 3.73 3.225 -.25 3.73
3 84 2.91 -.25 3.02 -2.91 -.25 3.02 0 -.25 -1.56
4 84 3.225 -.25 3.73 -3.225 -.25 3.73 -2.91 -.25 3.02 2.91 -.25 3.02
4 84 -26.5 -.25 -8 -3.99 -.25 -4.42 -4.59 -.25 -4.16 -6.09 -.25 -3.95
3 84 6.09 -.25 -3.95 5.3325 -.25 -4.36 26.5 -.25 -8
3 84 5.3325 -.25 -4.36 4.5675 -.25 -4.54 26.5 -.25 -8
3 84 -3.99 -.25 -4.42 -26.5 -.25 -8 -3.2175 -.25 -4.58
3 84 4.5675 -.25 -4.54 3.945 -.25 -4.55 26.5 -.25 -8
3 84 -26.5 -.25 -8 26.5 -.25 -8 -.8175 -.25 -4.57
4 84 -1.7175 -.25 -4.43 -3.2175 -.25 -4.58 -26.5 -.25 -8 -.8175 -.25 -4.57
4 84 .6075 -.25 -4.43 -.8175 -.25 -4.57 26.5 -.25 -8 1.8825 -.25 -4.56
3 82 5.3025 -.25 -3.69 5.1975 -.25 -3.29 4.905 -.25 -3.92
4 82 4.0425 -.25 -3.98 4.4775 -.25 -4 4.8675 -.25 -2.59 4.4475 -.25 -2.23
3 82 3.645 -.25 -3.77 4.0425 -.25 -3.98 4.4475 -.25 -2.23
4 82 4.4475 -.25 -2.23 3.8775 -.25 -2.03 3.33 -.25 -3.4 3.645 -.25 -3.77
3 82 3.06 -.25 -2.98 3.33 -.25 -3.4 3.8775 -.25 -2.03
4 82 2.7075 -.25 -2.11 3.06 -.25 -2.98 3.8775 -.25 -2.03 3.285 -.25 -1.97
4 82 5.6925 -.25 -3.47 6.0525 -.25 -3.32 6.165 -.25 -2.34 5.37 -.25 -2.61
4 82 -4.7325 -.25 -3.58 -5.175 -.25 -2.63 -6.165 -.25 -2.34 -6.0525 -.25 -3.32
4 82 -4.7625 -.25 -2.27 -4.71 -.25 -2.62 -4.4925 -.25 -3.15 -4.4625 -.25 -2.16
4 82 -3.2925 -.25 -4.02 -3.18 -.25 -2.05 -3.7275 -.25 -2.03 -3.7575 -.25 -3.89
3 82 -2.7525 -.25 -2.18 -3.18 -.25 -2.05 -3.2925 -.25 -4.02
4 82 -2.7525 -.25 -2.18 -3.2925 -.25 -4.02 -2.805 -.25 -4.05 -2.5275 -.25 -2.44
3 82 -1.815 -.25 -3.81 -2.2875 -.25 -3 -2.175 -.25 -3.97
4 82 -2.5275 -.25 -2.44 -2.805 -.25 -4.05 -2.175 -.25 -3.97 -2.2875 -.25 -3
3 82 -4.185 -.25 -3.6 -3.7575 -.25 -3.89 -3.7275 -.25 -2.03
4 82 -2.1825 -.25 -2.2 -1.6725 -.25 -3.29 -1.365 -.25 -2.01 -1.8 -.25 -2.05
3 82 -.1125 -.25 -2.36 -.51 -.25 -2.14 -.9075 -.25 -3.96
3 82 .615 -.25 -3.85 .1575 -.25 -2.77 -.4275 -.25 -4.05
4 82 .1575 -.25 -2.77 -.1125 -.25 -2.36 -.9075 -.25 -3.96 -.4275 -.25 -4.05
4 82 -.9375 -.25 -2.04 -1.3275 -.25 -3.69 -.9075 -.25 -3.96 -.51 -.25 -2.14
4 82 .2625 -.25 -2.2 .78 -.25 -3.29 1.08 -.25 -2.01 .645 -.25 -2.05
4 82 1.125 -.25 -3.69 1.5075 -.25 -2.04 1.08 -.25 -2.01 .78 -.25 -3.29
4 82 2.3325 -.25 -2.36 2.0175 -.25 -4.05 3.06 -.25 -3.85 2.6025 -.25 -2.77
4 82 1.9425 -.25 -2.14 1.5375 -.25 -3.96 2.0175 -.25 -4.05 2.3325 -.25 -2.36
4 82 1.5075 -.25 -2.04 1.125 -.25 -3.69 1.5375 -.25 -3.96 1.9425 -.25 -2.14