0 Tile  2 x  4 with Rounded Ends with "Café Fleur" on Light Nougat Background with Bright Green Border Pattern
0 Name: 66857p0a.dat
0 Author: Philippe Hurbain [Philo]
0 !LDRAW_ORG Part UPDATE 2026-06
0 !LICENSE Licensed under CC BY 4.0 : see CAreadme.txt

0 BFC CERTIFY CCW

0 !KEYWORDS Bricklink 66857pb089, Brickowl 375914, Brickset 110918, French Café
0 !KEYWORDS Rebrickable 66857pr0049, Set 10362

0 !HISTORY 2026-06-28 [OrionP] Official Update 2026-06

1 16 0 0 0 1 0 0 0 1 0 0 0 1 s\66857s01.dat
1 16 0 0 0 1 0 0 0 1 0 0 0 1 s\66857p0as01.dat
1 16 0 0 0 -1 0 0 0 1 0 0 0 1 s\66857p0as01.dat
1 16 0 0 0 1 0 0 0 1 0 0 0 -1 s\66857p0as01.dat
1 16 0 0 0 -1 0 0 0 1 0 0 0 -1 s\66857p0as01.dat
3 0 -0.28 0 38.3 -0.27 0 36.31 0.27 0 36.31
4 0 0 0 38.99 -0.28 0 38.3 0.27 0 36.31 0.28 0 38.3
4 0 15.64 0 0.2 14.08 0 0.22 14.08 0 -0.22 15.64 0 -0.2
4 0 18.36 0 -0.21 18.36 0 0.21 16.37 0 0.22 16.37 0 -0.22
4 0 15.64 0 0.2 15.64 0 -0.2 16.37 0 -0.22 16.37 0 0.22
4 0 19.09 0 -20.39 19.09 0 20.39 18.36 0 0.21 18.36 0 -0.21
4 0 0 0 -38.99 0.28 0 -38.3 0.27 0 -36.31 -0.28 0 -38.3
4 0 -0.14 0 -35.63 -0.27 0 -36.31 -0.28 0 -38.3 0.27 0 -36.31
4 0 -15.64 0 -0.2 -15.64 0 0.2 -16.37 0 0.22 -16.37 0 -0.22
4 0 -19.09 0 20.39 -19.09 0 -20.39 -18.36 0 -0.21 -18.36 0 0.21
4 16 20 0 20 19.09 0 20.39 19.09 0 -20.39 20 0 -20
4 16 -20 0 -20 -19.09 0 -20.39 -19.09 0 20.39 -20 0 20
4 0 -13.16 0 21.03 -13.71 0 19.67 -13.17 0 19.54 -12.89 0 20.49
4 0 -2.01 0 28.39 -1.07 0 28.96 -0.95 0 29.71 -2.01 0 28.92
4 0 1.94 0 35.18 1.52 0 34.8 1.83 0 34.38 2.13 0 34.77
4 0 4.51 0 23.94 5.38 0 24.88 5.4 0 25.26 3.77 0 24.75
4 0 -11.4 0 -26.64 -10.61 0 -27.64 -9.69 0 -26.73 -10.51 0 -26.23
4 0 -10.27 0 -6.79 -9.89 0 -6.54 -10.47 0 -5.51 -10.66 0 -6.5
4 0 -8.22 0 -7.7 -7.9 0 -7.15 -8.16 0 -6.73 -8.52 0 -6.86
3 0 -3.15 0 -7.96 -4.65 0 -7.3 -5.23 0 -7.45
4 0 -7.2 0 -14.51 -7.96 0 -14.82 -8.33 0 -15.21 -8.49 0 -15.63
4 0 -7.24 0 -15.85 -5.77 0 -15.85 -5.38 0 -15.84 -8.49 0 -15.63
4 0 0.27 0 -34.12 0.31 0 -33.37 -0.01 0 -32.29 -0.75 0 -32.59
4 0 -0.93 0 13.59 -1.59 0 14.27 -2.13 0 13.83 -1.58 0 13.29
4 0 -5.52 0 13.4 -7.19 0 12.82 -7.27 0 12.2 -6.45 0 12.69
4 0 -4.79 0 4.44 -4.93 0 5.1 -6.25 0 5.13 -6.03 0 4.4
4 0 3.85 0 5.87 4.86 0 5.14 5.51 0 5.34 4.65 0 6.81
4 0 -13.71 0 19.67 -14.08 0 20.83 -14.08 0 0.22 -13.71 0 18.25
3 0 -14.08 0 0.22 -14.08 0 -0.22 -13.71 0 18.25
4 0 -13.71 0 18.25 -14.08 0 -0.22 -14.08 0 -20.83 -13.72 0 -27.3
3 0 -14.08 0 -20.83 -14.08 0 -21.3 -13.72 0 -27.3
3 0 -14.1 0 -26.9 -13.61 0 -27.82 -13.72 0 -27.3
4 0 -13.2 0 18.55 -13.71 0 18.25 -13.28 0 17.47 -13.02 0 17.93
3 0 -14.1 0 -26.9 -13.72 0 -27.3 -14.08 0 -21.3
4 0 -12.68 0 16.82 -12.69 0 17.39 -13.02 0 17.93 -13.28 0 17.47
3 0 -12.69 0 17.39 -12.68 0 16.82 -12.19 0 16.99
4 0 -10.97 0 16.76 -11.6 0 16.77 -11.91 0 16.4 -11.05 0 16.28
4 0 -10.38 0 16.99 -10.97 0 16.76 -11.05 0 16.28 -10.22 0 16.53
4 0 -10.22 0 16.53 -9.58 0 17.14 -9.92 0 17.43 -10.38 0 16.99
3 0 -9.32 0 17.73 -9.33 0 18.33 -9.75 0 18.05
4 0 -9.75 0 18.05 -9.33 0 18.33 -9.54 0 18.86 -9.95 0 18.67
4 0 -10.47 0 19.01 -9.95 0 18.67 -9.54 0 18.86 -9.92 0 19.27
4 0 -9.92 0 19.27 -10.39 0 19.45 -10.89 0 19.45 -10.47 0 19.01
4 0 -11.35 0 19.22 -10.98 0 18.92 -10.47 0 19.01 -10.89 0 19.45
4 0 -11.35 0 19.22 -11.66 0 18.81 -11.28 0 18.5 -10.98 0 18.92
4 0 -11.66 0 18.81 -11.67 0 18.29 -11.3 0 17.95 -11.28 0 18.5
4 0 -12.25 0 22.17 -13.16 0 21.03 -12.89 0 20.49 -12.4 0 21.33
4 0 -10.97 0 22.64 -11.12 0 23.1 -12.25 0 22.17 -11.73 0 22.03
4 0 -8.35 0 22.38 -8.26 0 22.9 -8.92 0 23.23 -9.11 0 22.83
4 0 -10.38 0 22.93 -9.76 0 22.99 -8.92 0 23.23 -11.12 0 23.1
4 0 -7.8 0 21.32 -7.48 0 21.83 -7.79 0 22.44 -8 0 21.92
4 0 -8.26 0 22.9 -8.35 0 22.38 -8 0 21.92 -7.79 0 22.44
4 0 -5.61 0 21.59 -6.58 0 21.26 -6.67 0 20.59 -5.75 0 21.13
4 0 -4.53 0 21.5 -4.27 0 20.88 -3.88 0 20.52 -3.67 0 21.05
4 0 -5.61 0 21.59 -5 0 21.18 -4.27 0 20.88 -4.53 0 21.5
3 0 -5.75 0 21.13 -5 0 21.18 -5.61 0 21.59
4 0 -7.37 0 19.7 -6.99 0 20.01 -7.28 0 20.64 -7.75 0 20.54
4 0 -6.58 0 21.26 -7.28 0 20.64 -6.99 0 20.01 -6.67 0 20.59
4 0 -9.58 0 17.14 -9.32 0 17.73 -9.75 0 18.05 -9.92 0 17.43
4 0 -7.48 0 21.83 -7.8 0 21.32 -7.75 0 20.54 -7.28 0 20.64
4 0 -12.68 0 16.82 -11.91 0 16.4 -11.6 0 16.77 -12.19 0 16.99
3 0 -9.76 0 22.99 -9.11 0 22.83 -8.92 0 23.23
3 0 -10.97 0 22.64 -10.38 0 22.93 -11.12 0 23.1
3 0 -12.4 0 21.33 -11.73 0 22.03 -12.25 0 22.17
4 0 -13.71 0 18.25 -13.2 0 18.55 -13.17 0 19.54 -13.71 0 19.67
4 0 -13.69 0 25.31 -14.08 0 21.3 -14.08 0 20.83 -13.71 0 19.67
4 0 -12.68 0 23.91 -12.26 0 24.14 -12.9 0 24.83 -13.13 0 24.36
3 0 -13.7 0 26.98 -13.61 0 27.82 -14.1 0 26.9
4 0 -13.26 0 26.6 -12.92 0 27.47 -13.12 0 28 -13.7 0 26.98
4 0 -12.29 0 28.79 -13.12 0 28 -12.92 0 27.47 -12.34 0 28.19
4 0 -12.34 0 28.19 -11.54 0 28.62 -11.21 0 29.17 -12.29 0 28.79
3 0 -10.63 0 28.75 -11.21 0 29.17 -11.54 0 28.62
3 0 -14.1 0 26.9 -14.08 0 21.3 -13.69 0 25.31
3 0 -14.1 0 26.9 -13.69 0 25.31 -13.26 0 25.67
4 0 -13.7 0 26.98 -14.1 0 26.9 -13.26 0 25.67 -13.26 0 26.6
3 0 -2.67 0 31.67 -2.53 0 32 -2.93 0 32.12
4 0 -2.77 0 32.66 -2.93 0 32.12 -2.53 0 32 -2.55 0 32.33
4 0 -3.26 0 31.69 -3.76 0 31.5 -3.83 0 31.05 -3.19 0 31.24
4 0 -5.06 0 31.5 -4.5 0 31.14 -4.31 0 31.55 -4.76 0 31.84
4 0 -5.03 0 32.25 -5.44 0 32.06 -5.06 0 31.5 -4.76 0 31.84
4 0 -5.44 0 32.06 -5.03 0 32.25 -5.15 0 32.76 -5.61 0 32.73
4 0 -5.15 0 32.76 -5.12 0 33.3 -5.55 0 33.41 -5.61 0 32.73
4 0 -5.55 0 33.41 -5.12 0 33.3 -4.92 0 33.83 -5.3 0 34.04
4 0 -4.56 0 34.29 -4.9 0 34.59 -5.3 0 34.04 -4.92 0 33.83
4 0 -3.3 0 34.8 -3.18 0 35.29 -4.55 0 34.99 -4.02 0 34.63
4 0 -1.93 0 35.01 -3.18 0 35.29 -3.3 0 34.8 -2.49 0 34.74
4 0 -1.78 0 34.46 -1.19 0 33.99 -0.58 0 34.01 -1.3 0 34.7
4 0 0.42 0 32.54 -0.58 0 34.01 -1.19 0 33.99 -0.73 0 33.38
4 0 -3.19 0 31.24 -2.67 0 31.67 -2.93 0 32.12 -3.26 0 31.69
4 0 3.82 0 32.44 4.19 0 33.17 3.79 0 33.41 3.47 0 32.76
4 0 2.91 0 32.26 3.18 0 31.89 3.82 0 32.44 3.47 0 32.76
4 0 2.91 0 32.26 2.22 0 32 2.23 0 31.53 3.18 0 31.89
4 0 1.29 0 31.56 2.23 0 31.53 2.22 0 32 1.35 0 32
4 0 -0.29 0 31.14 -0.51 0 30.4 -0.36 0 29.71 0.08 0 30.72
4 0 -0.26 0 31.92 -0.29 0 31.14 0.08 0 30.72 0.21 0 32.05
4 0 1.29 0 31.56 1.35 0 32 0.42 0 32.54 0.21 0 32.05
4 0 -6.75 0 28.53 -6.47 0 28.02 -5.11 0 27.86 -4.89 0 28.29
4 0 -3.15 0 27.98 -3.52 0 28.38 -4.89 0 28.29 -5.11 0 27.86
4 0 -10.06 0 29.2 -9.72 0 28.69 -6.47 0 28.02 -6.75 0 28.53
4 0 -4.5 0 31.14 -3.83 0 31.05 -3.76 0 31.5 -4.31 0 31.55
4 0 -10.92 0 24.9 -10.57 0 23.51 -9.96 0 23.49 -10.43 0 24.59
4 0 -8.19 0 24.06 -7.91 0 24.95 -8.4 0 24.87 -8.53 0 24.43
4 0 -8.53 0 24.43 -9.06 0 23.75 -8.92 0 23.23 -8.19 0 24.06
4 0 -8.92 0 23.23 -9.96 0 23.49 -10.57 0 23.51 -11.12 0 23.1
3 0 -8.92 0 23.23 -9.06 0 23.75 -9.46 0 23.55
3 0 -8.92 0 23.23 -9.46 0 23.55 -9.96 0 23.49
4 0 -12.04 0 23.48 -11.12 0 23.1 -10.57 0 23.51 -11.46 0 23.72
4 0 -12.68 0 23.91 -12.04 0 23.48 -11.46 0 23.72 -12.26 0 24.14
4 0 -4.9 0 34.59 -4.56 0 34.29 -4.02 0 34.63 -4.55 0 34.99
4 0 -13.13 0 24.36 -12.9 0 24.83 -13.26 0 25.67 -13.69 0 25.31
4 0 -1.3 0 34.7 -1.93 0 35.01 -2.49 0 34.74 -1.78 0 34.46
3 0 0.42 0 32.54 -0.73 0 33.38 -0.41 0 32.67
4 0 0.42 0 32.54 -0.41 0 32.67 -0.26 0 31.92 0.21 0 32.05
4 0 -11.21 0 29.17 -10.63 0 28.75 -9.72 0 28.69 -10.06 0 29.2
4 0 -1.07 0 28.96 -0.36 0 29.71 -0.51 0 30.4 -0.95 0 29.71
4 0 -2.01 0 28.39 -2.01 0 28.92 -3.52 0 28.38 -3.15 0 27.98
3 0 -2.43 0 36.11 -4.55 0 34.99 -3.18 0 35.29
4 0 -0.27 0 36.31 -2.43 0 36.11 -3.18 0 35.29 -1.32 0 35.66
4 0 -1.32 0 35.66 0.58 0 35.65 0.27 0 36.31 -0.27 0 36.31
3 0 4.55 0 34.99 2.43 0 36.11 3.36 0 35.24
4 0 4.26 0 33.86 3.98 0 34.62 3.45 0 34.54 3.73 0 34.12
4 0 0.27 0 36.31 0.58 0 35.65 2.46 0 35.43 2.43 0 36.11
4 0 4.19 0 33.17 4.26 0 33.86 3.73 0 34.12 3.79 0 33.41
4 0 2.13 0 34.77 2.59 0 34.94 2.46 0 35.43 1.94 0 35.18
3 0 1.52 0 34.8 1.32 0 34.27 1.83 0 34.38
4 0 1.83 0 34.38 1.32 0 34.27 1.47 0 33.72 1.88 0 33.89
4 0 2.31 0 33.69 1.88 0 33.89 1.47 0 33.72 1.88 0 33.31
3 0 1.88 0 33.31 2.43 0 33.24 2.31 0 33.69
4 0 2.8 0 33.75 2.31 0 33.69 2.43 0 33.24 2.66 0 33.42
4 0 3.98 0 34.62 3.36 0 35.24 3.07 0 34.84 3.45 0 34.54
4 0 2.43 0 36.11 2.46 0 35.43 2.59 0 34.94 3.36 0 35.24
3 0 2.59 0 34.94 3.07 0 34.84 3.36 0 35.24
4 0 12.35 0 19.88 12.36 0 24.37 11.88 0 24.36 11.73 0 23.55
4 0 11.9 0 19.91 12.35 0 19.88 11.73 0 23.55 11.68 0 20.7
4 0 11.73 0 23.55 11.29 0 23.19 11.35 0 20.94 11.68 0 20.7
4 0 11.29 0 23.19 8.84 0 23.1 6.06 0 21.01 11.35 0 20.94
4 0 5.68 0 23.12 6.06 0 21.01 8.84 0 23.1 6.54 0 23.19
3 0 4.53 0 19.8 5.01 0 19.8 5.04 0 20.59
4 0 5.17 0 20.87 4.08 0 21.36 4.53 0 19.8 5.04 0 20.59
4 0 6.06 0 21.01 5.68 0 23.12 4.08 0 21.36 5.17 0 20.87
3 0 5.68 0 23.12 3.33 0 23.12 4.08 0 21.36
4 0 3.55 0 26.42 5.57 0 25.58 6.28 0 25.98 6.29 0 26.43
3 0 5.57 0 25.58 3.55 0 26.42 5.4 0 25.26
4 0 3.55 0 26.42 3.42 0 25.73 3.77 0 24.75 5.4 0 25.26
3 0 5.38 0 24.88 4.51 0 23.94 5.46 0 24.47
4 0 6.54 0 23.19 5.9 0 23.7 4.51 0 23.94 5.68 0 23.12
3 0 5.46 0 24.47 4.51 0 23.94 5.9 0 23.7
4 0 12.51 0 15.53 11.45 0 18.32 10.98 0 18.37 11.07 0 17.52
4 0 10.58 0 15.18 11.16 0 14.11 11.91 0 13.94 11.17 0 15.16
3 0 11.31 0 13.58 11.91 0 13.94 11.16 0 14.11
4 0 12.47 0 11.39 10.79 0 12.1 11.31 0 9.88 12.14 0 10.52
4 0 10.59 0 9.68 11.31 0 9.88 10.79 0 12.1 10.31 0 11.9
4 0 3.54 0 11.78 5.39 0 9.49 10.59 0 9.68 8.79 0 11.78
4 0 12.43 0 12.41 11.15 0 12.42 10.79 0 12.1 12.47 0 11.39
3 0 11.91 0 13.94 11.31 0 13.58 11.32 0 12.94
4 0 12.51 0 15.53 11.07 0 17.52 10.67 0 17.39 11.17 0 15.16
4 0 9.11 0 17.27 10.58 0 15.18 11.17 0 15.16 10.67 0 17.39
4 0 4.39 0 8.62 4.57 0 8.49 4.95 0 8.5 5.07 0 9.17
3 0 3.54 0 11.78 4.05 0 10.2 5.39 0 9.49
3 0 10.31 0 11.9 8.79 0 11.78 10.59 0 9.68
4 0 4.39 0 8.62 5.07 0 9.17 5.39 0 9.49 4.05 0 10.2
4 0 3.53 0 17.28 5.45 0 15.14 10.58 0 15.18 9.11 0 17.27
4 0 3.53 0 17.28 4.45 0 14.13 4.97 0 14.13 5.14 0 14.93
3 0 3.53 0 17.28 5.14 0 14.93 5.45 0 15.14
4 0 11.91 0 13.94 11.32 0 12.94 11.15 0 12.42 12.43 0 12.41
4 0 11.9 0 -5.2 12.35 0 -5.23 12.36 0 -0.91 11.67 0 -4.41
4 0 11.67 0 -4.41 12.36 0 -0.91 11.88 0 -0.92 11.55 0 -1.76
4 0 11.67 0 -4.41 11.55 0 -1.76 10.87 0 -2 11.17 0 -4.14
4 0 -2.58 0 -2 -1.57 0 -5.21 -1.12 0 -5.23 -0.99 0 -4.22
3 0 11.17 0 -4.14 10.87 0 -2 0.49 0 -4.1
4 0 -0.99 0 -4.22 0.49 0 -4.1 10.87 0 -2 -2.58 0 -2
4 0 7.36 0 -7.66 2.87 0 -7.63 2.89 0 -8.23 3.99 0 -8.44
4 0 7.36 0 -8.21 7.36 0 -7.66 3.99 0 -8.44 6.24 0 -8.54
4 0 3.99 0 -8.44 4.36 0 -8.68 5.91 0 -8.83 6.24 0 -8.54
4 0 4.36 0 -8.68 4.62 0 -9.08 5.67 0 -9.25 5.91 0 -8.83
4 0 4.62 0 -9.08 4.78 0 -10.19 5.52 0 -10.21 5.67 0 -9.25
4 0 4.78 0 -10.19 4.77 0 -12.23 5.55 0 -12.23 5.52 0 -10.21
4 0 -0.81 0 -9.98 -1.58 0 -6.23 -1.57 0 -16.08 -0.8 0 -12.23
4 0 -1.12 0 -16.03 -0.98 0 -15.24 -0.8 0 -12.23 -1.57 0 -16.08
4 0 1.8 0 -6.61 1.77 0 -6.03 -1.58 0 -6.23 0.73 0 -6.95
3 0 0.19 0 -7.27 0.73 0 -6.95 -1.58 0 -6.23
3 0 -0.98 0 -15.24 -0.78 0 -14.89 -0.8 0 -12.23
3 0 -0.24 0 -7.71 0.19 0 -7.27 -1.58 0 -6.23
3 0 -0.55 0 -8.33 -0.24 0 -7.71 -1.58 0 -6.23
3 0 12.11 0 -15.91 11.36 0 -15.88 11.82 0 -16.31
4 0 12.68 0 -16.11 12.11 0 -15.91 11.82 0 -16.31 12.21 0 -16.39
4 0 9.8 0 -16.79 10.11 0 -17.15 11.06 0 -16.43 10.39 0 -16.26
4 0 9.56 0 -18.94 9.62 0 -18.17 9.45 0 -17.37 9.06 0 -18.44
4 0 9.8 0 -16.79 9.45 0 -17.37 9.62 0 -18.17 10.11 0 -17.15
4 0 8.74 0 -18.78 9.06 0 -18.44 8.19 0 -17.96 8.22 0 -18.46
4 0 7.21 0 -18.36 8.22 0 -18.46 8.19 0 -17.96 7.56 0 -17.88
4 0 6.33 0 -19.19 6.54 0 -18.53 6.61 0 -18.01 6.01 0 -18.3
4 0 7.56 0 -17.88 6.61 0 -18.01 6.54 0 -18.53 7.21 0 -18.36
4 0 9.06 0 -18.44 8.74 0 -18.78 8.99 0 -19.28 9.56 0 -18.94
3 0 -0.81 0 -9.98 -0.55 0 -8.33 -1.58 0 -6.23
3 0 -0.8 0 -12.23 -0.78 0 -14.89 -0.37 0 -14.67
4 0 4.77 0 -12.23 -0.8 0 -12.23 -0.37 0 -14.67 0.13 0 -14.57
4 0 4.77 0 -12.23 0.13 0 -14.57 11.68 0 -14.55 5.55 0 -12.23
4 0 12.43 0 -14.6 12.53 0 -12.2 5.55 0 -12.23 11.68 0 -14.55
4 0 13.29 0 -11.85 12.53 0 -12.2 12.43 0 -14.6 13.13 0 -14.84
3 0 14.1 0 26.9 13.61 0 27.82 14.08 0 21.3
3 0 14.08 0 21.3 13.61 0 27.82 14.08 0 20.83
3 0 13.29 0 -11.85 13.13 0 -14.84 13.54 0 -15.46
3 0 14.08 0 0.22 13.59 0 -10.97 14.08 0 -0.22
4 0 13.59 0 -10.97 14.08 0 0.22 14.08 0 20.83 13.61 0 27.82
4 0 14.08 0 -0.22 13.59 0 -10.97 13.64 0 -16.22 14.08 0 -20.83
4 0 13.29 0 -11.85 13.54 0 -15.46 13.64 0 -16.22 13.59 0 -10.97
4 0 13.62 0 -18.31 14.08 0 -20.83 13.64 0 -16.22 13.61 0 -16.98
4 0 13.14 0 -18.13 12.92 0 -18.44 13.04 0 -18.92 13.62 0 -18.31
4 0 12.66 0 -19.11 13.04 0 -18.92 12.92 0 -18.44 12.52 0 -18.65
4 0 11.85 0 -18.48 11.66 0 -18.92 12.18 0 -19.14 12.17 0 -18.67
4 0 12.17 0 -18.67 12.18 0 -19.14 12.66 0 -19.11 12.52 0 -18.65
4 0 11.74 0 -17.6 11.36 0 -17.75 11.26 0 -18.33 11.71 0 -17.99
4 0 11.66 0 -18.92 11.85 0 -18.48 11.71 0 -17.99 11.26 0 -18.33
4 0 10.39 0 -16.26 11.06 0 -16.43 11.82 0 -16.31 11.36 0 -15.88
4 0 13.1 0 -16.39 12.68 0 -16.11 12.21 0 -16.39 12.95 0 -16.91
4 0 13.1 0 -16.39 12.95 0 -16.91 13.19 0 -17.31 13.61 0 -16.98
3 0 13.14 0 -18.13 13.62 0 -18.31 13.24 0 -17.73
4 0 13.19 0 -17.31 13.24 0 -17.73 13.62 0 -18.31 13.61 0 -16.98
4 0 14.08 0 -21.3 14.08 0 -20.83 13.62 0 -18.31 13.62 0 -22.8
3 0 13.61 0 -27.82 14.1 0 -26.9 13.61 0 -25.68
4 0 13.53 0 -23.96 14.1 0 -26.9 14.08 0 -21.3 13.57 0 -23.3
3 0 13.61 0 -25.68 14.1 0 -26.9 13.53 0 -23.96
3 0 14.08 0 -21.3 13.62 0 -22.8 13.57 0 -23.3
4 0 9.27 0 -25.83 9.75 0 -25.8 9.99 0 -25.27 9.43 0 -25.23
3 0 9.89 0 -24.7 9.43 0 -25.23 9.99 0 -25.27
4 0 11.48 0 -24.38 11.51 0 -24.87 11.97 0 -25.18 12.32 0 -24.89
4 0 11.97 0 -25.18 12.29 0 -25.65 12.93 0 -25.9 12.32 0 -24.89
4 0 10.89 0 -24.33 10.35 0 -24.45 10.41 0 -24.91 10.96 0 -24.78
4 0 10.35 0 -24.45 9.89 0 -24.7 9.99 0 -25.27 10.41 0 -24.91
4 0 10.89 0 -24.33 10.96 0 -24.78 11.51 0 -24.87 11.48 0 -24.38
4 0 9.71 0 -19.77 9.56 0 -18.94 8.99 0 -19.28 9.21 0 -19.77
4 0 8.99 0 -19.28 8.33 0 -19.66 7.93 0 -20.15 9.21 0 -19.77
4 0 6.54 0 -18.53 6.33 0 -19.19 7.1 0 -19.9 7.11 0 -19.34
4 0 8.33 0 -19.66 7.68 0 -19.65 7.1 0 -19.9 7.93 0 -20.15
3 0 7.11 0 -19.34 7.1 0 -19.9 7.68 0 -19.65
3 0 12.93 0 -25.9 12.29 0 -25.65 12.45 0 -26.19
4 0 7.13 0 -21.87 8.2 0 -21.69 8.32 0 -21.23 7 0 -21.43
4 0 10.25 0 -21.79 8.32 0 -21.23 8.2 0 -21.69 8.81 0 -21.78
3 0 9.71 0 -19.77 9.21 0 -19.77 10.02 0 -20.57
4 0 10.5 0 -21.32 10.02 0 -20.57 9.21 0 -19.77 10.25 0 -21.79
4 0 5.2 0 -23.95 5.67 0 -24.07 5.77 0 -23.26 5.3 0 -23.28
4 0 5.3 0 -23.28 5.77 0 -23.26 6.05 0 -22.8 5.74 0 -22.37
4 0 6.96 0 -24.17 7.18 0 -24.91 7.64 0 -25.1 7.51 0 -24.3
4 0 5.77 0 -23.26 6.41 0 -23.55 7.06 0 -23.49 6.05 0 -22.8
4 0 10.5 0 -21.32 10.25 0 -21.79 12 0 -23.03 11.12 0 -21.96
4 0 6.41 0 -23.55 6.96 0 -24.17 7.51 0 -24.3 7.06 0 -23.49
4 0 13.05 0 -26.58 13.61 0 -25.68 13.28 0 -25.11 12.93 0 -25.9
3 0 13.53 0 -23.96 13.28 0 -25.11 13.61 0 -25.68
4 0 6.28 0 -21.84 5.74 0 -22.37 6.05 0 -22.8 6.38 0 -22.34
3 0 8.81 0 -21.78 12 0 -23.03 10.25 0 -21.79
4 0 12 0 -23.03 13.57 0 -23.3 13.62 0 -22.8 12.69 0 -22.75
3 0 12 0 -23.03 12.69 0 -22.75 11.86 0 -22.45
3 0 12 0 -23.03 11.86 0 -22.45 11.12 0 -21.96
4 0 7 0 -21.43 6.28 0 -21.84 6.38 0 -22.34 7.13 0 -21.87
4 0 4.05 0 -35.07 2.95 0 -35.36 2.43 0 -36.11 4.55 0 -34.99
4 0 0.27 0 -36.31 2.43 0 -36.11 2.95 0 -35.36 -0.14 0 -35.63
4 0 -2.81 0 -35.35 -2.43 0 -36.11 -0.27 0 -36.31 -0.14 0 -35.63
4 0 -4.55 0 -34.99 -2.43 0 -36.11 -2.81 0 -35.35 -4.14 0 -35.04
4 0 -3.04 0 -34.91 -2.81 0 -35.35 -2.26 0 -35.04 -2.53 0 -34.69
4 0 -2.26 0 -34.25 -2.53 0 -34.69 -2.26 0 -35.04 -1.96 0 -34.73
4 0 -4.65 0 -34.25 -4.25 0 -34.05 -4.3 0 -33.29 -4.78 0 -33.63
3 0 -1.96 0 -34.73 -1.8 0 -34.33 -2.26 0 -34.25
4 0 -1.8 0 -34.33 -1.85 0 -33.84 -2.39 0 -33.78 -2.26 0 -34.25
3 0 -2.11 0 -33.43 -2.54 0 -33.2 -2.65 0 -33.64
4 0 -1.85 0 -33.84 -2.11 0 -33.43 -2.65 0 -33.64 -2.39 0 -33.78
4 0 -2.54 0 -33.2 -3.03 0 -33.25 -3.25 0 -33.67 -2.65 0 -33.64
4 0 -4.65 0 -34.25 -4.14 0 -35.04 -3.68 0 -34.74 -4.25 0 -34.05
4 0 -4.14 0 -35.04 -2.81 0 -35.35 -3.04 0 -34.91 -3.68 0 -34.74
4 0 -12.09 0 -22.93 -12.13 0 -24.21 -11.68 0 -24.03 -11.67 0 -23.21
4 0 -11.91 0 -25.48 -11.4 0 -26.64 -10.51 0 -26.23 -11.11 0 -25.59
3 0 -8.37 0 -28.85 -7.1 0 -28.98 -7.33 0 -27.12
4 0 -5.85 0 -28.8 -6.21 0 -26.98 -7.33 0 -27.12 -7.1 0 -28.98
4 0 -4.41 0 -26.22 -5.23 0 -26.67 -4.69 0 -28.32 -3.7 0 -27.5
4 0 -3.75 0 -25.64 -4.41 0 -26.22 -3.7 0 -27.5 -3.07 0 -26.58
4 0 -2.47 0 -24.46 -2.48 0 -23.35 -2.94 0 -23.43 -3 0 -24.23
4 0 -3.1 0 -21.22 -3.52 0 -21.8 -3.11 0 -22.61 -2.7 0 -22.26
4 0 -3.52 0 -21.8 -3.1 0 -21.22 -3.81 0 -20.02 -4.02 0 -21.15
4 0 -5.2 0 -19.99 -5.02 0 -20.29 -4.02 0 -21.15 -3.81 0 -20.02
4 0 -2.7 0 -22.26 -3.11 0 -22.61 -2.94 0 -23.43 -2.48 0 -23.35
4 0 -5.85 0 -28.8 -4.69 0 -28.32 -5.23 0 -26.67 -6.21 0 -26.98
4 0 -10.61 0 -27.64 -9.56 0 -28.4 -8.63 0 -27.05 -9.69 0 -26.73
4 0 -9.56 0 -28.4 -8.37 0 -28.85 -7.33 0 -27.12 -8.63 0 -27.05
4 0 -9.95 0 -20.74 -9.2 0 -20.51 -9.06 0 -20.28 -9.52 0 -20.18
4 0 -9.52 0 -20.18 -11.46 0 -20.18 -10.65 0 -21.2 -9.95 0 -20.74
3 0 -11.1 0 -21.7 -10.65 0 -21.2 -11.46 0 -20.18
4 0 -12.09 0 -22.93 -11.48 0 -22.42 -11.1 0 -21.7 -11.46 0 -20.18
3 0 -11.67 0 -23.21 -11.48 0 -22.42 -12.09 0 -22.93
4 0 -2.65 0 -25.56 -2.47 0 -24.46 -3 0 -24.23 -3.27 0 -24.97
4 0 -11.91 0 -25.48 -11.5 0 -24.84 -11.68 0 -24.03 -12.13 0 -24.21
4 0 -3.07 0 -26.58 -2.65 0 -25.56 -3.27 0 -24.97 -3.75 0 -25.64
3 0 -11.11 0 -25.59 -11.5 0 -24.84 -11.91 0 -25.48
4 0 -12.15 0 -9.92 -12.08 0 -9.45 -12.51 0 -9.09 -12.49 0 -9.99
4 0 -12.26 0 -10.79 -11.91 0 -10.38 -12.15 0 -9.92 -12.49 0 -9.99
4 0 -11.94 0 -11.27 -11.53 0 -11.63 -10.52 0 -12.03 -10.94 0 -10.75
4 0 -8.43 0 -12.23 -8.4 0 -10.79 -10.94 0 -10.75 -10.52 0 -12.03
4 0 -8.43 0 -12.23 -8.38 0 -13.06 -7.91 0 -13.05 -7.88 0 -12.23
4 0 -12.26 0 -10.79 -11.94 0 -11.27 -10.94 0 -10.75 -11.91 0 -10.38
3 0 -10.61 0 -8.36 -11.11 0 -8.23 -10.71 0 -8.67
4 0 -10.71 0 -8.67 -11.11 0 -8.23 -12.35 0 -8.3 -11.36 0 -8.78
4 0 -6.45 0 -12.19 -7.87 0 -10.8 -8.43 0 -12.23 -7.88 0 -12.23
3 0 -8.43 0 -12.23 -7.87 0 -10.8 -8.4 0 -10.79
4 0 -12.51 0 -9.09 -11.79 0 -9.04 -11.36 0 -8.78 -12.35 0 -8.3
3 0 -12.08 0 -9.45 -11.79 0 -9.04 -12.51 0 -9.09
4 0 -3.38 0 -12.28 -3.41 0 -10.76 -7.87 0 -10.8 -6.45 0 -12.19
4 0 -2.9 0 -12.92 -2.67 0 -12.96 -3.07 0 -10.58 -3.07 0 -12.44
4 0 -2.67 0 -12.96 -2.65 0 -9.99 -2.92 0 -10.03 -3.07 0 -10.58
4 0 -3.07 0 -12.44 -3.07 0 -10.58 -3.41 0 -10.76 -3.38 0 -12.28
4 0 -8.39 0 -8.83 -8.4 0 -10.79 -7.87 0 -10.8 -7.88 0 -9.07
4 0 -10.47 0 -5.51 -11.04 0 -5.04 -11.64 0 -4.88 -11.64 0 -6.24
3 0 -11.64 0 -6.24 -10.66 0 -6.5 -10.47 0 -5.51
4 0 -10.27 0 -6.79 -10.1 0 -7.17 -9.8 0 -7.27 -9.89 0 -6.54
4 0 -7.68 0 -8.36 -7.17 0 -7.48 -7.9 0 -7.15 -8.22 0 -7.7
3 0 -6.52 0 -8.97 -5.01 0 -9.04 -6.27 0 -7.55
4 0 -7.68 0 -8.36 -6.52 0 -8.97 -6.27 0 -7.55 -7.17 0 -7.48
4 0 -5.01 0 -9.04 -4.13 0 -8.76 -3.15 0 -7.96 -6.27 0 -7.55
4 0 -8.53 0 -5.79 -8.52 0 -6.86 -8.16 0 -6.73 -8.19 0 -6.46
4 0 -4.65 0 -7.3 -3.15 0 -7.96 -2.62 0 -6.77 -3.69 0 -6.82
4 0 -3.13 0 -3.98 -3.17 0 -4.88 -2.99 0 -5.32 -2.61 0 -5.22
4 0 -4.11 0 -3.95 -3.17 0 -4.88 -3.13 0 -3.98 -3.42 0 -3.87
3 0 -8.19 0 -6.46 -8.16 0 -6.16 -8.53 0 -5.79
4 0 -7.08 0 -4.06 -7.84 0 -4.52 -8.15 0 -4.87 -7.18 0 -5.45
3 0 -5.86 0 -3.94 -6.67 0 -3.94 -6.27 0 -5.39
4 0 -6.67 0 -3.94 -7.08 0 -4.06 -7.18 0 -5.45 -6.27 0 -5.39
3 0 -8.53 0 -5.79 -8.16 0 -6.16 -7.9 0 -5.75
4 0 -8.53 0 -5.79 -7.9 0 -5.75 -7.18 0 -5.45 -8.15 0 -4.87
4 0 -2.61 0 -5.22 -2.99 0 -5.32 -3.09 0 -6.14 -2.54 0 -6
4 0 -2.54 0 -6 -3.09 0 -6.14 -3.69 0 -6.82 -2.62 0 -6.77
4 0 -5.86 0 -3.94 -6.27 0 -5.39 -6.27 0 -7.55 -5.85 0 -7.52
3 0 -5.85 0 -7.52 -6.27 0 -7.55 -3.15 0 -7.96
3 0 -5.23 0 -7.45 -5.85 0 -7.52 -3.15 0 -7.96
4 0 -2.52 0 -15.64 -3.25 0 -13.78 -3.51 0 -13.73 -3.51 0 -14.18
4 0 -3.36 0 -17.02 -2.7 0 -16.79 -3.2 0 -15.84 -3.36 0 -16.5
4 0 -3.2 0 -15.84 -2.52 0 -15.64 -3.51 0 -14.18 -3.65 0 -14.38
3 0 -8.49 0 -15.63 -5.38 0 -15.84 -7.2 0 -14.51
4 0 -7.2 0 -14.51 -5.38 0 -15.84 -3.59 0 -15.85 -3.65 0 -14.38
4 0 -3.65 0 -14.38 -3.59 0 -15.85 -3.36 0 -16.5 -3.2 0 -15.84
4 0 -7.68 0 -16.02 -8.49 0 -15.63 -8.51 0 -16.77 -8.01 0 -16.38
4 0 -8.12 0 -17.97 -8.05 0 -17.24 -8.14 0 -16.78 -8.51 0 -16.77
4 0 -8.12 0 -17.97 -7.78 0 -18.47 -7.33 0 -18.82 -7.51 0 -17.55
3 0 -6.79 0 -18.97 -6.14 0 -18.88 -6.72 0 -17.43
4 0 -6.79 0 -18.97 -6.72 0 -17.43 -7.51 0 -17.55 -7.33 0 -18.82
3 0 -7.51 0 -17.55 -8.05 0 -17.24 -8.12 0 -17.97
4 0 -2.7 0 -16.79 -3.36 0 -17.02 -3.53 0 -17.39 -2.54 0 -17.51
3 0 -2.66 0 -18.27 -2.54 0 -17.51 -3.53 0 -17.39
4 0 -3.53 0 -17.39 -3.84 0 -17.6 -3.04 0 -18.82 -2.66 0 -18.27
4 0 -3.04 0 -18.82 -3.84 0 -17.6 -4.26 0 -19.07 -3.61 0 -19.1
4 0 -4.92 0 -18.6 -4.26 0 -19.07 -3.84 0 -17.6 -4.22 0 -17.63
4 0 -4.98 0 -17.14 -5.25 0 -16.6 -5.77 0 -15.85 -5.34 0 -17.8
4 0 -5.34 0 -17.8 -4.92 0 -18.6 -4.22 0 -17.63 -4.61 0 -17.48
3 0 -8.51 0 -16.77 -8.14 0 -16.78 -8.01 0 -16.38
3 0 -4.61 0 -17.48 -4.98 0 -17.14 -5.34 0 -17.8
3 0 -5.77 0 -15.85 -5.25 0 -16.6 -5.38 0 -15.84
3 0 -8.49 0 -15.63 -7.68 0 -16.02 -7.24 0 -15.85
3 0 5.2 0 -23.95 5.29 0 -24.58 5.67 0 -24.07
4 0 5.84 0 -25.63 5.81 0 -24.8 5.67 0 -24.07 5.29 0 -24.58
4 0 5.81 0 -24.8 5.84 0 -25.63 6.21 0 -26 6.43 0 -25.58
4 0 6.43 0 -25.58 6.21 0 -26 6.97 0 -26.37 7.06 0 -25.86
4 0 7.54 0 -25.96 7.06 0 -25.86 6.97 0 -26.37 7.26 0 -26.32
4 0 7.54 0 -25.96 7.64 0 -25.1 7.18 0 -24.91 7.06 0 -25.86
3 0 9.62 0 -26.83 10.11 0 -27.3 10.3 0 -26.88
4 0 10.67 0 -27.53 10.68 0 -27.07 10.3 0 -26.88 10.11 0 -27.3
4 0 10.68 0 -27.07 10.67 0 -27.53 11.19 0 -27.57 11.16 0 -27.11
4 0 11.16 0 -27.11 11.19 0 -27.57 12.4 0 -27.17 12.12 0 -26.84
4 0 9.36 0 -26.38 9.82 0 -26.19 9.75 0 -25.8 9.27 0 -25.83
4 0 9.36 0 -26.38 9.62 0 -26.83 10.3 0 -26.88 9.82 0 -26.19
4 0 8.77 0 -29.38 8.73 0 -28.9 6 0 -27.6 6.12 0 -28.13
4 0 6.12 0 -28.13 6 0 -27.6 5.05 0 -27.27 4.95 0 -27.73
4 0 3.44 0 -27.68 4.95 0 -27.73 5.05 0 -27.27 3.96 0 -27.21
4 0 0.86 0 -25.82 1.1 0 -26.45 1.64 0 -27.01 1.65 0 -26.28
4 0 -0.99 0 -25.92 -0.8 0 -26.38 -0.01 0 -26.11 -0.08 0 -25.69
4 0 -1.41 0 -26.54 -0.8 0 -26.38 -0.99 0 -25.92 -1.35 0 -26.29
4 0 12.93 0 -25.9 12.45 0 -26.19 12.38 0 -26.56 13.05 0 -26.58
4 0 12.12 0 -26.84 12.4 0 -27.17 13.05 0 -26.58 12.38 0 -26.56
4 0 12.4 0 -27.17 12.25 0 -27.73 12.31 0 -28.51 12.68 0 -27.87
3 0 12.68 0 -27.87 13.05 0 -26.58 12.4 0 -27.17
4 0 11.72 0 -28.48 10.99 0 -29 10.96 0 -29.49 11.69 0 -29.13
4 0 8.77 0 -29.38 10.13 0 -29.6 10.4 0 -29.16 9.72 0 -29.15
4 0 3.96 0 -27.21 2.4 0 -27.49 2.16 0 -28.11 3.44 0 -27.68
4 0 11.69 0 -29.13 12.31 0 -28.51 12.25 0 -27.73 11.72 0 -28.48
4 0 -0.08 0 -25.69 -0.01 0 -26.11 0.76 0 -26.25 0.86 0 -25.82
3 0 0.86 0 -25.82 0.76 0 -26.25 1.1 0 -26.45
4 0 10.13 0 -29.6 10.96 0 -29.49 10.99 0 -29 10.4 0 -29.16
4 0 1.65 0 -26.28 1.64 0 -27.01 1.91 0 -27.73 2.4 0 -27.49
3 0 9.72 0 -29.15 8.73 0 -28.9 8.77 0 -29.38
4 0 4.87 0 -32.58 5.35 0 -32.63 4.85 0 -31.5 4.68 0 -32.05
4 0 0.75 0 -34.61 1.02 0 -34.25 0.31 0 -33.37 0.27 0 -34.12
4 0 0.75 0 -34.61 1.65 0 -35.09 2.15 0 -34.79 1.02 0 -34.25
4 0 3.77 0 -34.7 3.05 0 -34.88 2.95 0 -35.36 4.05 0 -35.07
4 0 1.65 0 -35.09 2.95 0 -35.36 3.05 0 -34.88 2.15 0 -34.79
4 0 5.22 0 -30.46 5.13 0 -30.92 5.85 0 -31.11 5.59 0 -30.6
4 0 4.84 0 -31.18 5.13 0 -30.92 5.22 0 -30.46 4.78 0 -30.59
4 0 2.66 0 -31.31 2.91 0 -31.68 3.39 0 -31.47 3.2 0 -31.05
4 0 4.34 0 -31.11 3.2 0 -31.05 3.39 0 -31.47 3.74 0 -31.47
4 0 2.34 0 -31.72 2.24 0 -32.07 2.27 0 -32.41 2.65 0 -32.04
3 0 2.27 0 -32.41 2.47 0 -32.66 2.65 0 -32.04
4 0 2.66 0 -31.31 2.34 0 -31.72 2.65 0 -32.04 2.91 0 -31.68
4 0 -4.78 0 -33.63 -4.3 0 -33.29 -3.92 0 -32.62 -4.66 0 -32.95
4 0 -3.27 0 -32.12 -3.69 0 -31.79 -4.28 0 -32.28 -3.92 0 -32.62
3 0 -4.28 0 -32.28 -4.66 0 -32.95 -3.92 0 -32.62
4 0 -1.64 0 -31.97 -1.67 0 -31.5 -2.57 0 -31.44 -2.54 0 -31.9
4 0 -0.51 0 -32.07 -0.01 0 -32.29 0.04 0 -31.1 -0.49 0 -31.31
4 0 -0.49 0 -31.31 0.04 0 -31.1 0.44 0 -29.94 -0.24 0 -30.18
4 0 -0.8 0 -26.38 -1.41 0 -26.54 0 0 -27.89 -0.07 0 -27.22
4 0 -3.69 0 -31.79 -3.27 0 -32.12 -2.54 0 -31.9 -2.57 0 -31.44
4 0 -1.67 0 -31.5 -1.64 0 -31.97 -0.75 0 -32.59 -0.51 0 -32.07
3 0 4.34 0 -31.11 3.74 0 -31.47 4.31 0 -31.66
4 0 4.78 0 -30.59 4.34 0 -31.11 4.85 0 -31.5 4.84 0 -31.18
4 0 4.68 0 -32.05 4.85 0 -31.5 4.34 0 -31.11 4.31 0 -31.66
3 0 -0.51 0 -32.07 -0.75 0 -32.59 -0.01 0 -32.29
3 0 0 0 -27.89 0.44 0 -27.6 -0.07 0 -27.22
4 0 5.3 0 -33.47 5.35 0 -32.63 4.87 0 -32.58 4.87 0 -33.18
4 0 2.4 0 -27.49 1.91 0 -27.73 1.09 0 -28.29 2.16 0 -28.11
3 0 1.91 0 -27.73 1.07 0 -27.78 1.09 0 -28.29
4 0 0 0 -27.89 1.09 0 -28.29 1.07 0 -27.78 0.44 0 -27.6
4 0 4.9 0 -34.35 5.3 0 -33.47 4.87 0 -33.18 4.69 0 -33.78
4 0 0.18 0 -29.4 1.16 0 -28.9 2.16 0 -28.11 1.09 0 -28.29
3 0 4.9 0 -34.35 4.69 0 -33.78 4.32 0 -34.3
4 0 -0.24 0 -30.18 0.44 0 -29.94 1.16 0 -28.9 0.18 0 -29.4
4 0 4.9 0 -34.35 4.32 0 -34.3 3.77 0 -34.7 4.05 0 -35.07
3 0 -8.12 0 17.27 -7.84 0 16.35 -7.39 0 16.48
4 0 -9.34 0 13.98 -8.68 0 13.65 -7.65 0 14.39 -8.72 0 14.55
4 0 -10.43 0 11.43 -9.2 0 12.73 -9.03 0 13.19 -9.6 0 13.61
4 0 -9.6 0 13.61 -9.03 0 13.19 -8.68 0 13.65 -9.34 0 13.98
4 0 -8.72 0 14.55 -7.65 0 14.39 -7.04 0 14.61 -7.25 0 15.31
4 0 -3.88 0 20.52 -4.27 0 20.88 -4.79 0 20.19 -4.37 0 19.93
4 0 -5.56 0 19.69 -5.46 0 19.28 -4.37 0 19.93 -4.79 0 20.19
4 0 -6.15 0 19.68 -6.99 0 20.01 -7.37 0 19.7 -6.33 0 19.26
4 0 -5.56 0 19.69 -6.15 0 19.68 -6.33 0 19.26 -5.46 0 19.28
4 0 -6.84 0 15.56 -7.25 0 15.31 -7.04 0 14.61 -6.62 0 15.4
3 0 -6.17 0 14.64 -5.67 0 14.4 -4.79 0 15.12
4 0 -7.04 0 14.61 -6.17 0 14.64 -4.79 0 15.12 -6.62 0 15.4
4 0 -7.75 0 20.54 -8.13 0 18.05 -7.66 0 17.56 -7.37 0 19.7
4 0 -4.48 0 14 -5.53 0 14.1 -5.52 0 13.4 -4.6 0 13.32
4 0 -5.67 0 14.4 -5.53 0 14.1 -4.48 0 14 -4.79 0 15.12
3 0 -4.48 0 14 -4.28 0 14.28 -4.79 0 15.12
4 0 -8.13 0 18.05 -8.12 0 17.27 -7.39 0 16.48 -7.66 0 17.56
4 0 -3.01 0 15.01 -4.79 0 15.12 -4.28 0 14.28 -3.72 0 14.43
4 0 -7.84 0 16.35 -7.25 0 15.31 -6.84 0 15.56 -7.39 0 16.48
3 0 -3.72 0 14.43 -3.12 0 14.35 -3.01 0 15.01
3 0 -1.59 0 14.27 -2.42 0 14.83 -2.13 0 13.83
4 0 -0.93 0 13.59 -1.21 0 12.66 -1.11 0 11.85 -0.61 0 13.02
3 0 -1.58 0 13.29 -1.21 0 12.66 -0.93 0 13.59
4 0 -3.01 0 15.01 -3.12 0 14.35 -2.13 0 13.83 -2.42 0 14.83
4 0 -2.52 0 10.89 -2.1 0 11.21 -2.61 0 12.03 -2.97 0 11.75
4 0 -3.68 0 12.4 -2.97 0 11.75 -2.61 0 12.03 -3.17 0 12.59
3 0 -3.17 0 12.59 -3.78 0 12.98 -3.68 0 12.4
4 0 -4.6 0 13.32 -4.56 0 12.8 -3.68 0 12.4 -3.78 0 12.98
4 0 -9.2 0 12.73 -10.43 0 11.43 -9.34 0 11.08 -9.17 0 12.3
3 0 -9.34 0 11.08 -10.43 0 11.43 -9.82 0 10.98
3 0 -10.93 0 10.48 -10.31 0 10.15 -10.14 0 10.65
4 0 -10.93 0 10.48 -11.04 0 9.74 -10.34 0 9.56 -10.31 0 10.15
4 0 -7.91 0 11.46 -8.31 0 11.72 -8.89 0 11.95 -8.69 0 10.88
4 0 -0.64 0 10.1 0.24 0 9.42 -0.61 0 13.02 -1.11 0 11.85
4 0 0.23 0 8.58 0.24 0 9.42 -0.48 0 9.79 -0.44 0 9
4 0 -1.36 0 11.44 -0.92 0 10.32 -0.64 0 10.1 -1.11 0 11.85
3 0 -0.64 0 10.1 -0.48 0 9.79 0.24 0 9.42
4 0 -2.1 0 11.21 -1.34 0 10.4 -0.92 0 10.32 -1.36 0 11.44
4 0 -10.93 0 10.48 -10.14 0 10.65 -9.82 0 10.98 -10.43 0 11.43
4 0 -9.17 0 12.3 -9.34 0 11.08 -8.69 0 10.88 -8.89 0 11.95
4 0 -1.96 0 9.5 -1.92 0 10.32 -2.52 0 10.89 -2.37 0 9.92
4 0 -1.34 0 10.4 -2.1 0 11.21 -2.52 0 10.89 -1.92 0 10.32
4 0 -7.98 0 8.64 -8.27 0 9.58 -8.69 0 9.28 -8.48 0 8.65
4 0 -8.69 0 10.88 -8.69 0 9.28 -8.27 0 9.58 -8.26 0 10.56
4 0 -7.4 0 7.86 -7.98 0 8.64 -8.48 0 8.65 -7.93 0 7.75
3 0 -8.69 0 10.88 -8.26 0 10.56 -7.91 0 11.46
4 0 -5.52 0 13.4 -5.51 0 12.89 -4.56 0 12.8 -4.6 0 13.32
3 0 -6.45 0 12.69 -5.51 0 12.89 -5.52 0 13.4
4 0 -7.19 0 12.82 -8.31 0 11.72 -7.91 0 11.46 -7.27 0 12.2
4 0 -2.15 0 8.78 -1.96 0 9.5 -2.37 0 9.92 -2.55 0 8.96
4 0 -2.15 0 8.78 -2.55 0 8.96 -3.05 0 8.13 -2.55 0 8.07
4 0 -2.55 0 8.07 -3.05 0 8.13 -3.8 0 7.52 -3.17 0 7.36
4 0 -2.91 0 6.97 -3.17 0 7.36 -3.8 0 7.52 -3.97 0 6.9
4 0 -3.8 0 7.52 -4.7 0 7.18 -5.04 0 6.65 -3.97 0 6.9
4 0 -6.59 0 7.33 -7.4 0 7.86 -7.93 0 7.75 -7.26 0 7.14
4 0 -5.66 0 7.12 -6.59 0 7.33 -7.26 0 7.14 -5.69 0 6.66
4 0 -7.71 0 6.22 -7.62 0 6.66 -8.29 0 7.35 -8.76 0 7.16
4 0 -7.93 0 7.75 -8.29 0 7.35 -7.62 0 6.66 -7.26 0 7.14
4 0 -0.14 0 7.56 0.23 0 8.58 -0.44 0 9 -0.64 0 8.19
4 0 -0.64 0 8.19 -1.2 0 7.24 -0.77 0 6.7 -0.14 0 7.56
4 0 -1.74 0 6.78 -2.34 0 6.63 -3.65 0 5.9 -1.37 0 6.25
4 0 -1.2 0 7.24 -1.74 0 6.78 -1.37 0 6.25 -0.77 0 6.7
4 0 -4.7 0 7.18 -5.66 0 7.12 -5.69 0 6.66 -5.04 0 6.65
4 0 -9.36 0 7.36 -10.29 0 7.33 -7.71 0 6.22 -8.76 0 7.16
4 0 -9.75 0 7.76 -10.05 0 8.29 -10.86 0 8.29 -10.29 0 7.33
4 0 -11.04 0 9.74 -10.86 0 8.29 -10.05 0 8.29 -10.34 0 9.56
3 0 -3.97 0 6.9 -3.65 0 6.35 -2.91 0 6.97
4 0 -3.65 0 5.9 -2.34 0 6.63 -2.91 0 6.97 -3.65 0 6.35
3 0 -9.36 0 7.36 -9.75 0 7.76 -10.29 0 7.33
4 0 -10.29 0 7.33 -7.41 0 4.88 -7.39 0 5.71 -7.71 0 6.22
3 0 -7.39 0 5.71 -7.41 0 4.88 -6.87 0 5.34
4 0 -4.02 0 4.71 -4.35 0 5.26 -4.93 0 5.1 -4.79 0 4.44
4 0 -3.9 0 5.53 -4.02 0 4.71 -1.37 0 6.25 -3.65 0 5.9
4 0 -6.03 0 4.4 -6.25 0 5.13 -6.87 0 5.34 -7.41 0 4.88
3 0 -4.02 0 4.71 -3.9 0 5.53 -4.35 0 5.26
4 0 -7.2 0 9.6 -7.24 0 10.3 -7.68 0 10.44 -7.67 0 9.57
4 0 -6.93 0 8.95 -7.2 0 9.6 -7.67 0 9.57 -7.37 0 8.75
4 0 -6.45 0 8.45 -6.93 0 8.95 -7.37 0 8.75 -6.78 0 8.11
4 0 -5.12 0 8.14 -5.81 0 8.17 -6 0 7.75 -5.14 0 7.7
4 0 -6.78 0 8.11 -6 0 7.75 -5.81 0 8.17 -6.45 0 8.45
4 0 -4.46 0 8.34 -5.12 0 8.14 -5.14 0 7.7 -4.31 0 7.92
4 0 -3.6 0 8.39 -3.11 0 9.12 -3.52 0 9.34 -3.89 0 8.75
4 0 -3.11 0 9.12 -2.95 0 9.98 -3.41 0 10.04 -3.52 0 9.34
4 0 -4.31 0 7.92 -3.6 0 8.39 -3.89 0 8.75 -4.46 0 8.34
4 0 -6.76 0 9.6 -6.11 0 9.78 -6.1 0 10.28 -6.84 0 10.17
4 0 -5.74 0 11.38 -6.27 0 11.14 -6.1 0 10.28 -5.78 0 10.65
4 0 -6.84 0 10.17 -6.1 0 10.28 -6.27 0 11.14 -6.66 0 10.73
4 0 -5.78 0 10.65 -5.3 0 10.77 -5.17 0 11.43 -5.74 0 11.38
3 0 -4.16 0 10.93 -4.61 0 11.29 -4.85 0 10.63
4 0 -4.61 0 11.29 -5.17 0 11.43 -5.3 0 10.77 -4.85 0 10.63
4 0 -4.85 0 10.63 -4.57 0 10.21 -3.91 0 10.41 -4.16 0 10.93
4 0 -3.58 0 10.72 -3.41 0 10.04 -2.95 0 9.98 -3.13 0 10.83
4 0 -3.97 0 11.3 -3.58 0 10.72 -3.13 0 10.83 -3.59 0 11.58
4 0 -5.21 0 11.87 -4.54 0 11.7 -4.29 0 12.09 -5.11 0 12.32
4 0 -3.59 0 11.58 -4.29 0 12.09 -4.54 0 11.7 -3.97 0 11.3
4 0 -5.9 0 11.79 -5.21 0 11.87 -5.11 0 12.32 -5.97 0 12.24
4 0 -6.52 0 11.48 -5.9 0 11.79 -5.97 0 12.24 -6.75 0 11.87
4 0 -6.99 0 10.97 -6.52 0 11.48 -6.75 0 11.87 -7.35 0 11.25
4 0 -7.24 0 10.3 -6.99 0 10.97 -7.35 0 11.25 -7.68 0 10.44
3 0 -3.85 0 9.83 -3.91 0 10.41 -4.57 0 10.21
4 0 -4.91 0 9.34 -4.41 0 8.85 -4.03 0 9.27 -4.59 0 9.71
4 0 -4.57 0 10.21 -4.59 0 9.71 -4.03 0 9.27 -3.85 0 9.83
3 0 -4.93 0 8.6 -4.41 0 8.85 -4.91 0 9.34
4 0 -5.51 0 8.55 -4.93 0 8.6 -4.91 0 9.34 -5.38 0 9.21
4 0 -5.51 0 8.55 -5.38 0 9.21 -5.83 0 9.37 -6.06 0 8.71
3 0 -6.11 0 9.78 -6.76 0 9.6 -6.5 0 9.08
4 0 -6.06 0 8.71 -5.83 0 9.37 -6.11 0 9.78 -6.5 0 9.08
4 0 3.82 0 2.23 4.35 0 2.85 4.02 0 3.45 3.44 0 3.46
4 0 4.58 0 1.16 5.71 0 0.35 6.89 0 2.17 5.56 0 2.26
4 0 9.51 0 2.56 8.52 0 2.28 8.64 0 -0.08 9.86 0 0.24
4 0 5.71 0 0.35 7.2 0 -0.08 7.49 0 2.24 6.89 0 2.17
3 0 9.86 0 0.24 10.87 0 0.85 9.51 0 2.56
4 0 9.51 0 2.56 10.87 0 0.85 11.63 0 1.68 10.44 0 3.02
4 0 11.07 0 3.5 12.16 0 2.68 12.44 0 3.81 11.55 0 4.07
4 0 11.55 0 4.07 12.44 0 3.81 12.47 0 5.01 11.82 0 4.71
4 0 11.52 0 6.21 11.83 0 5.44 12.47 0 5.01 12.22 0 6.22
4 0 12.22 0 6.22 11.93 0 7.02 10.94 0 6.92 11.52 0 6.21
4 0 11.93 0 7.02 11.44 0 7.68 10.1 0 7.6 10.94 0 6.92
3 0 12.47 0 5.01 11.83 0 5.44 11.82 0 4.71
4 0 3.45 0 4.7 3.44 0 3.46 4.02 0 3.45 4.01 0 4.13
3 0 4.35 0 2.85 3.82 0 2.23 4.9 0 2.48
4 0 3.82 0 2.23 4.58 0 1.16 5.56 0 2.26 4.9 0 2.48
4 0 11.63 0 1.68 12.16 0 2.68 11.07 0 3.5 10.44 0 3.02
4 0 7.2 0 -0.08 8.64 0 -0.08 8.52 0 2.28 7.49 0 2.24
4 0 6.89 0 2.17 7.49 0 2.24 7.49 0 7.65 6.89 0 5.41
3 0 6.89 0 5.41 7.49 0 7.65 5.86 0 7.46
4 0 6.89 0 5.41 5.86 0 7.46 4.65 0 6.81 5.51 0 5.34
3 0 4.86 0 5.14 3.85 0 5.87 4.32 0 4.74
4 0 3.85 0 5.87 3.45 0 4.7 4.01 0 4.13 4.32 0 4.74
4 0 -8.4 0 24.87 -7.91 0 24.95 -8.05 0 26.24 -8.41 0 25.86
4 0 -8.41 0 25.86 -8.05 0 26.24 -8.51 0 27.38 -8.76 0 26.82
3 0 -8.51 0 27.38 -9.01 0 27.24 -8.76 0 26.82
4 0 -9.71 0 26.22 -8.76 0 26.82 -9.01 0 27.24 -9.55 0 26.94
3 0 -10.24 0 26.36 -10.73 0 25.72 -10.38 0 25.37
4 0 -9.55 0 26.94 -10.24 0 26.36 -10.38 0 25.37 -9.71 0 26.22
4 0 -10.43 0 24.59 -10.38 0 25.37 -10.73 0 25.72 -10.92 0 24.9
4 5 -2.34 0 6.63 -2.55 0 8.07 -3.17 0 7.36 -2.91 0 6.97
4 5 -5.9 0 11.79 -5.74 0 11.38 -5.17 0 11.43 -5.21 0 11.87
4 5 -7.27 0 12.2 -6.75 0 11.87 -5.97 0 12.24 -6.45 0 12.69
4 5 -2.1 0 11.21 -1.36 0 11.44 -1.11 0 11.85 -2.61 0 12.03
4 5 -1.11 0 11.85 -1.21 0 12.66 -1.58 0 13.29 -2.61 0 12.03
4 5 -2.13 0 13.83 -3.17 0 12.59 -2.61 0 12.03 -1.58 0 13.29
3 5 -3.12 0 14.35 -3.72 0 14.43 -3.78 0 12.98
4 5 -2.13 0 13.83 -3.12 0 14.35 -3.78 0 12.98 -3.17 0 12.59
3 5 -4.48 0 14 -4.6 0 13.32 -3.78 0 12.98
4 5 -4.28 0 14.28 -4.48 0 14 -3.78 0 12.98 -3.72 0 14.43
4 5 -0.44 0 9 -0.48 0 9.79 -0.64 0 10.1 -1.96 0 9.5
3 5 -0.64 0 10.1 -0.92 0 10.32 -1.96 0 9.5
4 5 -0.92 0 10.32 -1.34 0 10.4 -1.92 0 10.32 -1.96 0 9.5
4 5 -0.64 0 8.19 -0.44 0 9 -1.96 0 9.5 -2.15 0 8.78
4 5 -2.34 0 6.63 -1.74 0 6.78 -1.2 0 7.24 -2.55 0 8.07
4 5 -0.64 0 8.19 -2.15 0 8.78 -2.55 0 8.07 -1.2 0 7.24
3 5 -3.65 0 6.35 -3.97 0 6.9 -5.04 0 6.65
4 5 -7.71 0 6.22 -7.39 0 5.71 -7.26 0 7.14 -7.62 0 6.66
4 5 -3.65 0 5.9 -3.65 0 6.35 -5.04 0 6.65 -3.9 0 5.53
4 5 -3.9 0 5.53 -5.04 0 6.65 -4.93 0 5.1 -4.35 0 5.26
4 5 -5.04 0 6.65 -5.69 0 6.66 -6.25 0 5.13 -4.93 0 5.1
4 5 -7.26 0 7.14 -7.39 0 5.71 -6.87 0 5.34 -5.69 0 6.66
3 5 -6.87 0 5.34 -6.25 0 5.13 -5.69 0 6.66
3 5 -10.34 0 9.56 -10.05 0 8.29 -8.69 0 9.28
4 5 -9.75 0 7.76 -8.48 0 8.65 -8.69 0 9.28 -10.05 0 8.29
4 5 -9.75 0 7.76 -9.36 0 7.36 -8.76 0 7.16 -8.48 0 8.65
4 5 -8.76 0 7.16 -8.29 0 7.35 -7.93 0 7.75 -8.48 0 8.65
4 5 -9.34 0 11.08 -10.31 0 10.15 -10.34 0 9.56 -8.69 0 9.28
4 5 -10.31 0 10.15 -9.34 0 11.08 -9.82 0 10.98 -10.14 0 10.65
3 5 -8.69 0 9.28 -8.69 0 10.88 -9.34 0 11.08
3 5 -6.59 0 7.33 -5.66 0 7.12 -6 0 7.75
4 5 -7.4 0 7.86 -6.59 0 7.33 -6 0 7.75 -6.78 0 8.11
4 5 -6 0 7.75 -5.66 0 7.12 -4.7 0 7.18 -5.14 0 7.7
4 5 -5.14 0 7.7 -4.7 0 7.18 -3.8 0 7.52 -4.31 0 7.92
4 5 -4.31 0 7.92 -3.8 0 7.52 -3.05 0 8.13 -3.6 0 8.39
4 5 -2.55 0 8.96 -3.11 0 9.12 -3.6 0 8.39 -3.05 0 8.13
4 5 -3.11 0 9.12 -2.55 0 8.96 -2.37 0 9.92 -2.95 0 9.98
4 5 -8.26 0 10.56 -8.27 0 9.58 -7.67 0 9.57 -7.68 0 10.44
4 5 -8.27 0 9.58 -7.98 0 8.64 -7.37 0 8.75 -7.67 0 9.57
4 5 -7.98 0 8.64 -7.4 0 7.86 -6.78 0 8.11 -7.37 0 8.75
4 5 -6.76 0 9.6 -6.84 0 10.17 -7.24 0 10.3 -7.2 0 9.6
4 5 -6.5 0 9.08 -6.76 0 9.6 -7.2 0 9.6 -6.93 0 8.95
4 5 -6.06 0 8.71 -6.5 0 9.08 -6.93 0 8.95 -6.45 0 8.45
4 5 -5.51 0 8.55 -6.06 0 8.71 -6.45 0 8.45 -5.81 0 8.17
4 5 -4.93 0 8.6 -5.51 0 8.55 -5.81 0 8.17 -5.12 0 8.14
3 5 -4.46 0 8.34 -3.89 0 8.75 -4.41 0 8.85
4 5 -5.12 0 8.14 -4.46 0 8.34 -4.41 0 8.85 -4.93 0 8.6
4 5 -3.41 0 10.04 -3.85 0 9.83 -4.03 0 9.27 -3.52 0 9.34
4 5 -3.52 0 9.34 -4.03 0 9.27 -4.41 0 8.85 -3.89 0 8.75
4 5 -3.58 0 10.72 -3.91 0 10.41 -3.85 0 9.83 -3.41 0 10.04
4 5 -3.97 0 11.3 -4.16 0 10.93 -3.91 0 10.41 -3.58 0 10.72
4 5 -5.21 0 11.87 -5.17 0 11.43 -4.61 0 11.29 -4.54 0 11.7
4 5 -6.52 0 11.48 -6.27 0 11.14 -5.74 0 11.38 -5.9 0 11.79
4 5 -6.52 0 11.48 -6.99 0 10.97 -6.66 0 10.73 -6.27 0 11.14
4 5 -6.99 0 10.97 -7.24 0 10.3 -6.84 0 10.17 -6.66 0 10.73
4 5 -4.54 0 11.7 -4.61 0 11.29 -4.16 0 10.93 -3.97 0 11.3
4 5 -3.13 0 10.83 -2.95 0 9.98 -2.37 0 9.92 -2.52 0 10.89
4 5 -3.59 0 11.58 -3.13 0 10.83 -2.52 0 10.89 -2.97 0 11.75
4 5 -4.29 0 12.09 -3.59 0 11.58 -2.97 0 11.75 -3.68 0 12.4
3 5 -3.68 0 12.4 -4.56 0 12.8 -4.29 0 12.09
4 5 -6.45 0 12.69 -5.97 0 12.24 -5.11 0 12.32 -5.51 0 12.89
4 5 -8.26 0 10.56 -7.68 0 10.44 -7.35 0 11.25 -7.91 0 11.46
4 5 -7.91 0 11.46 -7.35 0 11.25 -6.75 0 11.87 -7.27 0 12.2
4 5 -5.51 0 12.89 -5.11 0 12.32 -4.29 0 12.09 -4.56 0 12.8
4 5 -9.03 0 13.19 -9.2 0 12.73 -9.17 0 12.3 -8.89 0 11.95
4 5 -8.89 0 11.95 -8.31 0 11.72 -7.19 0 12.82 -9.03 0 13.19
4 5 -7.04 0 14.61 -7.19 0 12.82 -5.52 0 13.4 -6.17 0 14.64
4 5 -5.67 0 14.4 -6.17 0 14.64 -5.52 0 13.4 -5.53 0 14.1
3 5 -7.04 0 14.61 -7.65 0 14.39 -7.19 0 12.82
4 5 -7.65 0 14.39 -8.68 0 13.65 -9.03 0 13.19 -7.19 0 12.82
4 78 3.85 0 5.87 -0.14 0 7.56 -0.77 0 6.7 3.45 0 4.7
4 78 -2.58 0 -2 10.87 0 -2 8.64 0 -0.08 7.2 0 -0.08
4 78 -8 0 21.92 -10.39 0 19.45 -9.92 0 19.27 -7.8 0 21.32
3 78 11.68 0 -14.55 10.39 0 -16.26 11.36 0 -15.88
4 78 -8.52 0 -6.86 -9.8 0 -7.27 -8.39 0 -8.83 -8.22 0 -7.7
4 78 -6.27 0 -7.55 -6.27 0 -5.39 -7.18 0 -5.45 -7.17 0 -7.48
4 78 -8.43 0 -12.23 -10.52 0 -12.03 -8.33 0 -15.21 -8.38 0 -13.06
4 78 -3.53 0 -17.39 -3.36 0 -17.02 -4.22 0 -17.63 -3.84 0 -17.6
4 78 11.82 0 -16.31 11.06 0 -16.43 11.36 0 -17.75 11.74 0 -17.6
4 78 -5.56 0 19.69 -4.79 0 20.19 -5 0 21.18 -5.75 0 21.13
4 78 -10.43 0 24.59 -8.53 0 24.43 -8.4 0 24.87 -10.38 0 25.37
4 78 2.91 0 32.26 2.43 0 33.24 1.88 0 33.31 2.22 0 32
4 78 -13.16 0 21.03 -12.25 0 22.17 -12.04 0 23.48 -12.68 0 23.91
3 78 -13.61 0 27.82 -13.7 0 26.98 -13.12 0 28
3 78 -13.61 0 27.82 -13.12 0 28 -12.29 0 28.79
4 78 -13.61 0 27.82 -12.29 0 28.79 -4.9 0 34.59 -4.55 0 34.99
3 78 -5.55 0 33.41 -5.3 0 34.04 -11.21 0 29.17
4 78 -4.9 0 34.59 -12.29 0 28.79 -11.21 0 29.17 -5.3 0 34.04
4 78 -5.61 0 32.73 -5.55 0 33.41 -11.21 0 29.17 -10.06 0 29.2
4 78 -5.06 0 31.5 -6.75 0 28.53 -4.89 0 28.29 -4.5 0 31.14
4 78 -10.06 0 29.2 -6.75 0 28.53 -5.06 0 31.5 -5.44 0 32.06
3 78 -5.44 0 32.06 -5.61 0 32.73 -10.06 0 29.2
4 78 -4.5 0 31.14 -4.89 0 28.29 -3.52 0 28.38 -3.83 0 31.05
4 78 -3.19 0 31.24 -3.83 0 31.05 -3.52 0 28.38 -2.01 0 28.92
4 78 -2.67 0 31.67 -3.19 0 31.24 -2.01 0 28.92 -0.95 0 29.71
3 78 -0.95 0 29.71 -0.51 0 30.4 -2.67 0 31.67
4 78 -2.53 0 32 -2.67 0 31.67 -0.51 0 30.4 -0.29 0 31.14
4 78 -0.29 0 31.14 -0.26 0 31.92 -0.41 0 32.67 -2.53 0 32
4 78 -0.73 0 33.38 -2.55 0 32.33 -2.53 0 32 -0.41 0 32.67
3 78 -1.19 0 33.99 -1.78 0 34.46 -2.77 0 32.66
4 78 -1.78 0 34.46 -2.49 0 34.74 -3.3 0 34.8 -2.77 0 32.66
3 78 -3.3 0 34.8 -4.02 0 34.63 -2.77 0 32.66
4 78 -4.02 0 34.63 -4.56 0 34.29 -4.92 0 33.83 -2.77 0 32.66
4 78 -4.92 0 33.83 -5.12 0 33.3 -5.15 0 32.76 -2.77 0 32.66
3 78 -5.15 0 32.76 -5.03 0 32.25 -2.77 0 32.66
4 78 -4.76 0 31.84 -2.93 0 32.12 -2.77 0 32.66 -5.03 0 32.25
3 78 -4.76 0 31.84 -4.31 0 31.55 -2.93 0 32.12
4 78 -4.31 0 31.55 -3.76 0 31.5 -3.26 0 31.69 -2.93 0 32.12
4 78 -0.73 0 33.38 -1.19 0 33.99 -2.77 0 32.66 -2.55 0 32.33
4 78 12.36 0 24.37 13.61 0 27.82 6.29 0 26.43 11.88 0 24.36
3 78 4.55 0 34.99 3.36 0 35.24 3.98 0 34.62
3 78 4.55 0 34.99 3.98 0 34.62 4.26 0 33.86
4 78 6.29 0 26.43 6.28 0 25.98 6.54 0 23.19 8.84 0 23.1
4 78 11.73 0 23.55 11.88 0 24.36 8.84 0 23.1 11.29 0 23.19
3 78 5.9 0 23.7 6.54 0 23.19 6.28 0 25.98
4 78 5.9 0 23.7 6.28 0 25.98 5.38 0 24.88 5.46 0 24.47
4 78 5.4 0 25.26 5.38 0 24.88 6.28 0 25.98 5.57 0 25.58
4 78 4.55 0 34.99 4.19 0 33.17 6.29 0 26.43 13.61 0 27.82
3 78 4.55 0 34.99 4.26 0 33.86 4.19 0 33.17
3 78 8.84 0 23.1 11.88 0 24.36 6.29 0 26.43
3 78 4.19 0 33.17 3.82 0 32.44 6.29 0 26.43
3 78 3.82 0 32.44 3.18 0 31.89 6.29 0 26.43
4 78 6.29 0 26.43 3.18 0 31.89 2.23 0 31.53 3.55 0 26.42
3 78 1.29 0 31.56 0.21 0 32.05 0.08 0 30.72
3 78 3.55 0 26.42 2.23 0 31.53 -0.36 0 29.71
4 78 1.29 0 31.56 0.08 0 30.72 -0.36 0 29.71 2.23 0 31.53
4 78 3.42 0 25.73 3.55 0 26.42 -0.36 0 29.71 -1.07 0 28.96
3 78 3.77 0 24.75 3.42 0 25.73 3.33 0 23.12
3 78 3.33 0 23.12 5.68 0 23.12 4.51 0 23.94
3 78 4.51 0 23.94 3.77 0 24.75 3.33 0 23.12
4 78 -1.07 0 28.96 -2.01 0 28.39 3.33 0 23.12 3.42 0 25.73
3 78 -8.19 0 24.06 -8.92 0 23.23 -8.26 0 22.9
3 78 -7.91 0 24.95 -8.19 0 24.06 -8.26 0 22.9
4 78 -8.26 0 22.9 3.33 0 23.12 -2.01 0 28.39 -3.15 0 27.98
4 78 -5.11 0 27.86 -7.91 0 24.95 -8.26 0 22.9 -3.15 0 27.98
4 78 -6.47 0 28.02 -8.05 0 26.24 -7.91 0 24.95 -5.11 0 27.86
4 78 -9.01 0 27.24 -8.51 0 27.38 -6.47 0 28.02 -9.72 0 28.69
3 78 -9.01 0 27.24 -9.72 0 28.69 -9.55 0 26.94
3 78 -8.51 0 27.38 -8.05 0 26.24 -6.47 0 28.02
4 78 -10.63 0 28.75 -11.54 0 28.62 -12.34 0 28.19 -10.24 0 26.36
4 78 -10.73 0 25.72 -10.24 0 26.36 -12.34 0 28.19 -12.92 0 27.47
4 78 -12.92 0 27.47 -13.26 0 26.6 -13.26 0 25.67 -10.73 0 25.72
4 78 -12.9 0 24.83 -12.26 0 24.14 -11.46 0 23.72 -10.92 0 24.9
3 78 -11.46 0 23.72 -10.57 0 23.51 -10.92 0 24.9
4 78 -13.26 0 25.67 -12.9 0 24.83 -10.92 0 24.9 -10.73 0 25.72
4 78 -9.72 0 28.69 -10.63 0 28.75 -10.24 0 26.36 -9.55 0 26.94
4 78 5.17 0 20.87 5.04 0 20.59 5.01 0 19.8 6.06 0 21.01
4 78 -4.53 0 21.5 -3.67 0 21.05 4.08 0 21.36 3.33 0 23.12
4 78 3.53 0 17.28 9.11 0 17.27 6.06 0 21.01 5.01 0 19.8
4 78 11.68 0 20.7 11.35 0 20.94 10.98 0 18.37 11.9 0 19.91
4 78 6.06 0 21.01 9.11 0 17.27 10.98 0 18.37 11.35 0 20.94
3 78 -8.26 0 22.9 -7.79 0 22.44 -5.61 0 21.59
4 78 3.33 0 23.12 -8.26 0 22.9 -5.61 0 21.59 -4.53 0 21.5
4 78 10.98 0 18.37 11.45 0 18.32 12.35 0 19.88 11.9 0 19.91
3 78 5.01 0 19.8 4.53 0 19.8 3.53 0 17.28
4 78 11.07 0 17.52 10.98 0 18.37 9.11 0 17.27 10.67 0 17.39
4 78 -6.33 0 19.26 -7.66 0 17.56 -7.39 0 16.48 -5.46 0 19.28
3 78 -6.33 0 19.26 -7.37 0 19.7 -7.66 0 17.56
4 78 3.53 0 17.28 -4.37 0 19.93 -5.46 0 19.28 -7.39 0 16.48
3 78 -4.37 0 19.93 3.53 0 17.28 -3.88 0 20.52
3 78 -3.88 0 20.52 3.53 0 17.28 -3.67 0 21.05
4 78 4.53 0 19.8 4.08 0 21.36 -3.67 0 21.05 3.53 0 17.28
4 78 12.36 0 24.37 12.35 0 19.88 12.51 0 15.53 13.61 0 27.82
3 78 11.45 0 18.32 12.51 0 15.53 12.35 0 19.88
3 78 -7.48 0 21.83 -7.28 0 20.64 -6.58 0 21.26
4 78 -7.79 0 22.44 -7.48 0 21.83 -6.58 0 21.26 -5.61 0 21.59
3 78 12.51 0 15.53 11.17 0 15.16 11.91 0 13.94
3 78 12.51 0 15.53 11.91 0 13.94 12.43 0 12.41
4 78 13.61 0 27.82 12.47 0 11.39 12.47 0 5.01 13.59 0 -10.97
4 78 13.61 0 27.82 12.51 0 15.53 12.43 0 12.41 12.47 0 11.39
3 78 12.22 0 6.22 12.47 0 5.01 12.47 0 11.39
4 78 12.47 0 11.39 12.14 0 10.52 11.93 0 7.02 12.22 0 6.22
4 78 11.93 0 7.02 12.14 0 10.52 11.31 0 9.88 11.44 0 7.68
4 78 10.1 0 7.6 10.59 0 9.68 5.39 0 9.49 7.49 0 7.65
4 78 5.86 0 7.46 5.39 0 9.49 5.07 0 9.17 4.95 0 8.5
4 78 10.44 0 3.02 11.07 0 3.5 11.52 0 6.21 10.94 0 6.92
4 78 9.51 0 2.56 10.44 0 3.02 10.94 0 6.92 10.1 0 7.6
4 78 11.31 0 9.88 10.59 0 9.68 10.1 0 7.6 11.44 0 7.68
3 78 7.49 0 7.65 5.39 0 9.49 5.86 0 7.46
3 78 11.55 0 4.07 11.82 0 4.71 11.83 0 5.44
4 78 11.83 0 5.44 11.52 0 6.21 11.07 0 3.5 11.55 0 4.07
4 78 8.52 0 2.28 9.51 0 2.56 10.1 0 7.6 7.49 0 7.65
3 78 7.49 0 7.65 7.49 0 2.24 8.52 0 2.28
4 78 -0.61 0 13.02 0.24 0 9.42 4.05 0 10.2 3.54 0 11.78
4 78 4.39 0 8.62 4.05 0 10.2 0.24 0 9.42 0.23 0 8.58
4 78 10.31 0 11.9 11.16 0 14.11 10.58 0 15.18 8.79 0 11.78
4 78 10.31 0 11.9 10.79 0 12.1 11.15 0 12.42 11.32 0 12.94
4 78 11.32 0 12.94 11.31 0 13.58 11.16 0 14.11 10.31 0 11.9
3 78 10.58 0 15.18 5.45 0 15.14 8.79 0 11.78
4 78 8.79 0 11.78 5.45 0 15.14 5.14 0 14.93 4.97 0 14.13
4 78 8.79 0 11.78 4.97 0 14.13 4.45 0 14.13 3.54 0 11.78
4 78 -6.84 0 15.56 -6.62 0 15.4 -4.79 0 15.12 -7.39 0 16.48
3 78 -4.79 0 15.12 -3.01 0 15.01 -7.39 0 16.48
4 78 4.57 0 8.49 4.65 0 6.81 5.86 0 7.46 4.95 0 8.5
4 78 3.85 0 5.87 4.65 0 6.81 4.57 0 8.49 4.39 0 8.62
4 78 -7.39 0 16.48 -3.01 0 15.01 -2.42 0 14.83 3.53 0 17.28
3 78 3.53 0 17.28 -2.42 0 14.83 -1.59 0 14.27
4 78 4.45 0 14.13 3.53 0 17.28 -1.59 0 14.27 -0.93 0 13.59
4 78 3.44 0 3.46 3.45 0 4.7 -0.77 0 6.7 -1.37 0 6.25
4 78 3.54 0 11.78 4.45 0 14.13 -0.93 0 13.59 -0.61 0 13.02
4 78 4.39 0 8.62 0.23 0 8.58 -0.14 0 7.56 3.85 0 5.87
4 78 -5.86 0 -3.94 -2.58 0 -2 -4.79 0 4.44 -6.03 0 4.4
3 78 -4.02 0 4.71 -4.79 0 4.44 -2.58 0 -2
4 78 3.44 0 3.46 -1.37 0 6.25 -4.02 0 4.71 -2.58 0 -2
3 78 13.59 0 -10.97 12.47 0 5.01 12.44 0 3.81
3 78 12.36 0 -0.91 12.44 0 3.81 12.16 0 2.68
3 78 12.36 0 -0.91 12.16 0 2.68 11.63 0 1.68
4 78 11.55 0 -1.76 11.88 0 -0.92 9.86 0 0.24 10.87 0 -2
3 78 8.64 0 -0.08 10.87 0 -2 9.86 0 0.24
3 78 3.82 0 2.23 3.44 0 3.46 -2.58 0 -2
3 78 4.58 0 1.16 3.82 0 2.23 -2.58 0 -2
4 78 11.88 0 -0.92 12.36 0 -0.91 11.63 0 1.68 10.87 0 0.85
3 78 5.71 0 0.35 4.58 0 1.16 -2.58 0 -2
3 78 7.2 0 -0.08 5.71 0 0.35 -2.58 0 -2
3 78 11.88 0 -0.92 10.87 0 0.85 9.86 0 0.24
3 78 0.49 0 -4.1 -0.99 0 -4.22 -1.12 0 -5.23
4 78 0.49 0 -4.1 1.77 0 -6.03 7.36 0 -7.66 11.17 0 -4.14
4 78 11.67 0 -4.41 11.17 0 -4.14 7.36 0 -7.66 11.9 0 -5.2
3 78 -3.13 0 -3.98 -2.58 0 -2 -3.42 0 -3.87
4 78 -7.84 0 -4.52 -7.08 0 -4.06 -6.03 0 4.4 -7.41 0 4.88
4 78 -7.84 0 -4.52 -7.41 0 4.88 -10.29 0 7.33 -11.64 0 -4.88
4 78 -3.42 0 -3.87 -2.58 0 -2 -5.86 0 -3.94 -4.11 0 -3.95
4 78 12.44 0 3.81 12.36 0 -0.91 12.35 0 -5.23 13.59 0 -10.97
3 78 5.55 0 -12.23 12.53 0 -12.2 7.36 0 -8.21
4 78 5.55 0 -12.23 7.36 0 -8.21 5.67 0 -9.25 5.52 0 -10.21
4 78 5.91 0 -8.83 5.67 0 -9.25 7.36 0 -8.21 6.24 0 -8.54
4 78 13.29 0 -11.85 13.59 0 -10.97 7.36 0 -8.21 12.53 0 -12.2
4 78 -12.68 0 16.82 -10.43 0 11.43 -9.6 0 13.61 -11.91 0 16.4
4 78 -9.34 0 13.98 -11.05 0 16.28 -11.91 0 16.4 -9.6 0 13.61
4 78 12.35 0 -5.23 11.9 0 -5.2 7.36 0 -8.21 13.59 0 -10.97
3 78 7.36 0 -7.66 7.36 0 -8.21 11.9 0 -5.2
4 78 1.8 0 -6.61 2.87 0 -7.63 7.36 0 -7.66 1.77 0 -6.03
4 78 4.78 0 -10.19 4.62 0 -9.08 4.36 0 -8.68 3.99 0 -8.44
3 78 3.99 0 -8.44 2.89 0 -8.23 4.78 0 -10.19
4 78 -0.55 0 -8.33 -0.81 0 -9.98 -0.8 0 -12.23 2.89 0 -8.23
4 78 0.19 0 -7.27 -0.24 0 -7.71 -0.55 0 -8.33 2.89 0 -8.23
3 78 0.73 0 -6.95 0.19 0 -7.27 2.89 0 -8.23
4 78 0.49 0 -4.1 -1.12 0 -5.23 -1.58 0 -6.23 1.77 0 -6.03
4 78 -2.54 0 -6 -1.58 0 -6.23 -1.12 0 -5.23 -1.57 0 -5.21
4 78 1.8 0 -6.61 0.73 0 -6.95 2.89 0 -8.23 2.87 0 -7.63
3 78 -2.61 0 -5.22 -2.54 0 -6 -1.57 0 -5.21
4 78 4.77 0 -12.23 4.78 0 -10.19 2.89 0 -8.23 -0.8 0 -12.23
4 78 -7.25 0 15.31 -7.84 0 16.35 -10.22 0 16.53 -8.72 0 14.55
4 78 -8.12 0 17.27 -9.58 0 17.14 -10.22 0 16.53 -7.84 0 16.35
4 78 -7.8 0 21.32 -9.92 0 19.27 -9.54 0 18.86 -7.75 0 20.54
4 78 -9.33 0 18.33 -9.32 0 17.73 -8.12 0 17.27 -8.13 0 18.05
3 78 -9.58 0 17.14 -8.12 0 17.27 -9.32 0 17.73
3 78 -8 0 21.92 -8.35 0 22.38 -10.39 0 19.45
4 78 -8.35 0 22.38 -9.11 0 22.83 -9.76 0 22.99 -10.39 0 19.45
4 78 -9.76 0 22.99 -10.38 0 22.93 -10.97 0 22.64 -10.39 0 19.45
3 78 -10.97 0 22.64 -11.73 0 22.03 -10.39 0 19.45
4 78 -12.4 0 21.33 -10.89 0 19.45 -10.39 0 19.45 -11.73 0 22.03
3 78 -12.89 0 20.49 -13.17 0 19.54 -11.35 0 19.22
4 78 -11.35 0 19.22 -13.17 0 19.54 -13.2 0 18.55 -11.66 0 18.81
4 78 -13.02 0 17.93 -11.67 0 18.29 -11.66 0 18.81 -13.2 0 18.55
4 78 -13.02 0 17.93 -12.69 0 17.39 -12.19 0 16.99 -11.67 0 18.29
3 78 -11.67 0 18.29 -12.19 0 16.99 -11.3 0 17.95
4 78 -12.19 0 16.99 -11.6 0 16.77 -10.97 0 16.76 -11.3 0 17.95
4 78 -10.97 0 16.76 -10.38 0 16.99 -9.92 0 17.43 -11.3 0 17.95
4 78 -9.92 0 17.43 -9.75 0 18.05 -9.95 0 18.67 -11.3 0 17.95
4 78 -10.47 0 19.01 -11.28 0 18.5 -11.3 0 17.95 -9.95 0 18.67
3 78 -10.47 0 19.01 -10.98 0 18.92 -11.28 0 18.5
4 78 -12.89 0 20.49 -11.35 0 19.22 -10.89 0 19.45 -12.4 0 21.33
3 78 -2.99 0 -5.32 -3.17 0 -4.88 -3.09 0 -6.14
4 78 -4.11 0 -3.95 -3.69 0 -6.82 -3.09 0 -6.14 -3.17 0 -4.88
3 78 -4.65 0 -7.3 -3.69 0 -6.82 -4.11 0 -3.95
4 78 -5.23 0 -7.45 -4.65 0 -7.3 -4.11 0 -3.95 -5.86 0 -3.94
3 78 -5.86 0 -3.94 -5.85 0 -7.52 -5.23 0 -7.45
3 78 -5.86 0 -3.94 -6.03 0 4.4 -6.67 0 -3.94
3 78 -6.03 0 4.4 -7.08 0 -4.06 -6.67 0 -3.94
4 78 -8.53 0 -5.79 -9.89 0 -6.54 -9.8 0 -7.27 -8.52 0 -6.86
4 78 -9.89 0 -6.54 -8.53 0 -5.79 -8.15 0 -4.87 -10.47 0 -5.51
4 78 -10.47 0 -5.51 -8.15 0 -4.87 -7.84 0 -4.52 -11.04 0 -5.04
3 78 -11.04 0 -5.04 -7.84 0 -4.52 -11.64 0 -4.88
4 78 -2.58 0 -2 -3.13 0 -3.98 -2.61 0 -5.22 -1.57 0 -5.21
3 78 -10.29 0 7.33 -10.86 0 8.29 -11.64 0 -4.88
4 78 -10.86 0 8.29 -13.71 0 18.25 -12.35 0 -8.3 -11.64 0 -4.88
3 78 -12.51 0 -9.09 -12.35 0 -8.3 -13.71 0 18.25
4 78 -12.49 0 -9.99 -12.51 0 -9.09 -13.71 0 18.25 -13.72 0 -27.3
4 78 -10.86 0 8.29 -11.04 0 9.74 -13.28 0 17.47 -13.71 0 18.25
4 78 -10.43 0 11.43 -12.68 0 16.82 -13.28 0 17.47 -10.93 0 10.48
3 78 -13.28 0 17.47 -11.04 0 9.74 -10.93 0 10.48
4 78 -8.72 0 14.55 -10.22 0 16.53 -11.05 0 16.28 -9.34 0 13.98
4 78 -7.75 0 20.54 -9.54 0 18.86 -9.33 0 18.33 -8.13 0 18.05
3 78 -4.55 0 -34.99 -4.14 0 -35.04 -4.65 0 -34.25
4 78 -13.61 0 -27.82 -4.55 0 -34.99 -4.65 0 -34.25 -9.56 0 -28.4
3 78 -12.13 0 -24.21 -13.72 0 -27.3 -11.91 0 -25.48
4 78 -13.61 0 -27.82 -11.4 0 -26.64 -11.91 0 -25.48 -13.72 0 -27.3
3 78 -10.61 0 -27.64 -11.4 0 -26.64 -13.61 0 -27.82
4 78 -4.65 0 -34.25 -4.78 0 -33.63 -8.37 0 -28.85 -9.56 0 -28.4
4 78 -5.85 0 -28.8 -7.1 0 -28.98 -4.66 0 -32.95 -4.28 0 -32.28
4 78 -4.78 0 -33.63 -4.66 0 -32.95 -7.1 0 -28.98 -8.37 0 -28.85
3 78 -9.56 0 -28.4 -10.61 0 -27.64 -13.61 0 -27.82
3 78 -1.67 0 -31.5 -0.51 0 -32.07 -0.49 0 -31.31
4 78 -2.57 0 -31.44 -1.67 0 -31.5 -0.49 0 -31.31 -0.24 0 -30.18
3 78 0.18 0 -29.4 1.09 0 -28.29 0 0 -27.89
4 78 0.18 0 -29.4 0 0 -27.89 -3.7 0 -27.5 -0.24 0 -30.18
4 78 -4.28 0 -32.28 -3.69 0 -31.79 -4.69 0 -28.32 -5.85 0 -28.8
4 78 -3.69 0 -31.79 -2.57 0 -31.44 -3.7 0 -27.5 -4.69 0 -28.32
3 78 -0.24 0 -30.18 -3.7 0 -27.5 -2.57 0 -31.44
4 78 0 0 -27.89 -1.41 0 -26.54 -3.07 0 -26.58 -3.7 0 -27.5
4 78 -1.35 0 -26.29 -2.65 0 -25.56 -3.07 0 -26.58 -1.41 0 -26.54
4 78 -2.65 0 -25.56 -0.99 0 -25.92 -0.08 0 -25.69 -2.47 0 -24.46
3 78 -2.65 0 -25.56 -1.35 0 -26.29 -0.99 0 -25.92
4 78 5.2 0 -23.95 -2.47 0 -24.46 -0.08 0 -25.69 0.86 0 -25.82
4 78 5.29 0 -24.58 5.2 0 -23.95 0.86 0 -25.82 1.65 0 -26.28
3 78 6.21 0 -26 5.84 0 -25.63 5.05 0 -27.27
4 78 5.29 0 -24.58 1.65 0 -26.28 2.4 0 -27.49 3.96 0 -27.21
4 78 5.29 0 -24.58 3.96 0 -27.21 5.05 0 -27.27 5.84 0 -25.63
4 78 6.97 0 -26.37 6.21 0 -26 5.05 0 -27.27 6 0 -27.6
4 78 6.97 0 -26.37 6 0 -27.6 8.73 0 -28.9 7.26 0 -26.32
4 78 8.73 0 -28.9 9.62 0 -26.83 9.36 0 -26.38 7.26 0 -26.32
3 78 10.4 0 -29.16 10.99 0 -29 10.67 0 -27.53
4 78 11.72 0 -28.48 11.19 0 -27.57 10.67 0 -27.53 10.99 0 -29
4 78 11.72 0 -28.48 12.25 0 -27.73 12.4 0 -27.17 11.19 0 -27.57
4 78 10.4 0 -29.16 10.67 0 -27.53 10.11 0 -27.3 9.72 0 -29.15
4 78 7.26 0 -26.32 9.36 0 -26.38 9.27 0 -25.83 7.54 0 -25.96
4 78 6.05 0 -22.8 7.06 0 -23.49 7.13 0 -21.87 6.38 0 -22.34
3 78 8.2 0 -21.69 7.13 0 -21.87 7.06 0 -23.49
4 78 12 0 -23.03 8.81 0 -21.78 10.35 0 -24.45 10.89 0 -24.33
4 78 8.2 0 -21.69 7.06 0 -23.49 7.51 0 -24.3 8.81 0 -21.78
4 78 9.72 0 -29.15 10.11 0 -27.3 9.62 0 -26.83 8.73 0 -28.9
4 78 13.57 0 -23.3 12 0 -23.03 12.32 0 -24.89 13.53 0 -23.96
4 78 12.93 0 -25.9 13.28 0 -25.11 13.53 0 -23.96 12.32 0 -24.89
4 78 7.54 0 -25.96 9.27 0 -25.83 9.43 0 -25.23 7.64 0 -25.1
3 78 11.48 0 -24.38 12.32 0 -24.89 12 0 -23.03
3 78 10.89 0 -24.33 11.48 0 -24.38 12 0 -23.03
4 78 7.64 0 -25.1 9.43 0 -25.23 9.89 0 -24.7 7.51 0 -24.3
4 78 10.35 0 -24.45 8.81 0 -21.78 7.51 0 -24.3 9.89 0 -24.7
4 78 -11.1 0 -21.7 -9.2 0 -20.51 -9.95 0 -20.74 -10.65 0 -21.2
4 78 -11.1 0 -21.7 -11.48 0 -22.42 -11.67 0 -23.21 -9.2 0 -20.51
4 78 -11.68 0 -24.03 -11.5 0 -24.84 -11.11 0 -25.59 -10.51 0 -26.23
4 78 -10.51 0 -26.23 -9.69 0 -26.73 -8.63 0 -27.05 -9.2 0 -20.51
3 78 -8.63 0 -27.05 -7.33 0 -27.12 -9.2 0 -20.51
4 78 -5.02 0 -20.29 -6.21 0 -26.98 -5.23 0 -26.67 -4.02 0 -21.15
4 78 -7.33 0 -27.12 -6.21 0 -26.98 -5.02 0 -20.29 -9.2 0 -20.51
3 78 -5.23 0 -26.67 -4.41 0 -26.22 -4.02 0 -21.15
4 78 -3.75 0 -25.64 -3.52 0 -21.8 -4.02 0 -21.15 -4.41 0 -26.22
3 78 -3.27 0 -24.97 -3 0 -24.23 -2.94 0 -23.43
4 78 -3.75 0 -25.64 -3.27 0 -24.97 -2.94 0 -23.43 -3.11 0 -22.61
3 78 -3.11 0 -22.61 -3.52 0 -21.8 -3.75 0 -25.64
4 78 -11.67 0 -23.21 -11.68 0 -24.03 -10.51 0 -26.23 -9.2 0 -20.51
4 78 -5.2 0 -19.99 -9.06 0 -20.28 -9.2 0 -20.51 -5.02 0 -20.29
4 78 -7.78 0 -18.47 -8.12 0 -17.97 -9.52 0 -20.18 -9.06 0 -20.28
4 78 -8.12 0 -17.97 -8.51 0 -16.77 -11.46 0 -20.18 -9.52 0 -20.18
4 78 -5.2 0 -19.99 -6.79 0 -18.97 -7.33 0 -18.82 -9.06 0 -20.28
4 78 -12.13 0 -24.21 -12.09 0 -22.93 -12.26 0 -10.79 -13.72 0 -27.3
3 78 -12.26 0 -10.79 -12.49 0 -9.99 -13.72 0 -27.3
4 78 -12.09 0 -22.93 -11.46 0 -20.18 -11.94 0 -11.27 -12.26 0 -10.79
4 78 -11.94 0 -11.27 -11.46 0 -20.18 -8.51 0 -16.77 -11.53 0 -11.63
4 78 -2.47 0 -24.46 5.2 0 -23.95 5.3 0 -23.28 -2.48 0 -23.35
4 78 -2.48 0 -23.35 5.3 0 -23.28 5.74 0 -22.37 -2.7 0 -22.26
4 78 6.01 0 -18.3 -2.66 0 -18.27 -2.7 0 -22.26 5.74 0 -22.37
4 78 7.1 0 -19.9 6.33 0 -19.19 5.74 0 -22.37 6.28 0 -21.84
4 78 -3.61 0 -19.1 -3.81 0 -20.02 -3.1 0 -21.22 -3.04 0 -18.82
3 78 5.74 0 -22.37 6.33 0 -19.19 6.01 0 -18.3
3 78 7 0 -21.43 8.32 0 -21.23 7.93 0 -20.15
4 78 10.25 0 -21.79 9.21 0 -19.77 7.93 0 -20.15 8.32 0 -21.23
4 78 6.28 0 -21.84 7 0 -21.43 7.93 0 -20.15 7.1 0 -19.9
3 78 -9.06 0 -20.28 -7.33 0 -18.82 -7.78 0 -18.47
3 78 -3.81 0 -20.02 -3.61 0 -19.1 -4.26 0 -19.07
4 78 -2.7 0 -22.26 -2.66 0 -18.27 -3.04 0 -18.82 -3.1 0 -21.22
4 78 11.68 0 -14.55 0.13 0 -14.57 6.01 0 -18.3 6.61 0 -18.01
4 78 10.39 0 -16.26 6.61 0 -18.01 7.56 0 -17.88 9.8 0 -16.79
3 78 -6.14 0 -18.88 -6.79 0 -18.97 -5.2 0 -19.99
4 78 -8.05 0 -17.24 -7.51 0 -17.55 -8.01 0 -16.38 -8.14 0 -16.78
4 78 -6.72 0 -17.43 -7.68 0 -16.02 -8.01 0 -16.38 -7.51 0 -17.55
4 78 -5.77 0 -15.85 -7.24 0 -15.85 -7.68 0 -16.02 -6.72 0 -17.43
4 78 -5.2 0 -19.99 -4.92 0 -18.6 -5.34 0 -17.8 -6.14 0 -18.88
4 78 -5.77 0 -15.85 -6.72 0 -17.43 -6.14 0 -18.88 -5.34 0 -17.8
4 78 -3.81 0 -20.02 -4.26 0 -19.07 -4.92 0 -18.6 -5.2 0 -19.99
3 78 8.19 0 -17.96 9.06 0 -18.44 9.45 0 -17.37
4 78 9.45 0 -17.37 9.8 0 -16.79 7.56 0 -17.88 8.19 0 -17.96
3 78 13.1 0 -16.39 13.61 0 -16.98 13.64 0 -16.22
4 78 12.68 0 -16.11 13.1 0 -16.39 13.64 0 -16.22 13.54 0 -15.46
4 78 13.13 0 -14.84 12.43 0 -14.6 11.68 0 -14.55 12.11 0 -15.91
3 78 -1.12 0 -16.03 0.13 0 -14.57 -0.98 0 -15.24
4 78 0.13 0 -14.57 -0.37 0 -14.67 -0.78 0 -14.89 -0.98 0 -15.24
4 78 -2.66 0 -18.27 6.01 0 -18.3 0.13 0 -14.57 -1.12 0 -16.03
3 78 11.68 0 -14.55 6.61 0 -18.01 10.39 0 -16.26
4 78 -1.57 0 -16.08 -2.52 0 -15.64 -3.2 0 -15.84 -2.7 0 -16.79
4 78 -2.7 0 -16.79 -2.54 0 -17.51 -1.12 0 -16.03 -1.57 0 -16.08
3 78 -1.12 0 -16.03 -2.54 0 -17.51 -2.66 0 -18.27
4 78 13.54 0 -15.46 13.13 0 -14.84 12.11 0 -15.91 12.68 0 -16.11
3 78 11.36 0 -15.88 12.11 0 -15.91 11.68 0 -14.55
4 78 -11.79 0 -9.04 -12.08 0 -9.45 -12.15 0 -9.92 -11.91 0 -10.38
4 78 -11.36 0 -8.78 -11.79 0 -9.04 -11.91 0 -10.38 -10.94 0 -10.75
4 78 -11.36 0 -8.78 -10.94 0 -10.75 -8.4 0 -10.79 -10.71 0 -8.67
4 78 -10.61 0 -8.36 -10.71 0 -8.67 -8.4 0 -10.79 -8.39 0 -8.83
4 78 -7.68 0 -8.36 -7.88 0 -9.07 -7.87 0 -10.8 -6.52 0 -8.97
4 78 -3.41 0 -10.76 -5.01 0 -9.04 -6.52 0 -8.97 -7.87 0 -10.8
4 78 -8.22 0 -7.7 -8.39 0 -8.83 -7.88 0 -9.07 -7.68 0 -8.36
4 78 -4.13 0 -8.76 -3.41 0 -10.76 -3.07 0 -10.58 -2.92 0 -10.03
4 78 -4.13 0 -8.76 -2.92 0 -10.03 -2.65 0 -9.99 -3.15 0 -7.96
4 78 -2.62 0 -6.77 -3.15 0 -7.96 -2.65 0 -9.99 -1.58 0 -6.23
3 78 -1.58 0 -6.23 -2.54 0 -6 -2.62 0 -6.77
3 78 -3.41 0 -10.76 -4.13 0 -8.76 -5.01 0 -9.04
3 78 -11.64 0 -6.24 -11.64 0 -4.88 -12.35 0 -8.3
4 78 -10.27 0 -6.79 -10.66 0 -6.5 -11.64 0 -6.24 -11.11 0 -8.23
4 78 -10.61 0 -8.36 -10.1 0 -7.17 -10.27 0 -6.79 -11.11 0 -8.23
3 78 -11.64 0 -6.24 -12.35 0 -8.3 -11.11 0 -8.23
4 78 -8.39 0 -8.83 -9.8 0 -7.27 -10.1 0 -7.17 -10.61 0 -8.36
3 78 -8.16 0 -6.16 -8.19 0 -6.46 -7.9 0 -5.75
3 78 -8.19 0 -6.46 -8.16 0 -6.73 -7.9 0 -7.15
3 78 -7.9 0 -7.15 -7.17 0 -7.48 -7.18 0 -5.45
4 78 -8.19 0 -6.46 -7.9 0 -7.15 -7.18 0 -5.45 -7.9 0 -5.75
4 78 -1.58 0 -6.23 -2.65 0 -9.99 -2.67 0 -12.96 -1.57 0 -16.08
4 78 -3.07 0 -12.44 -3.38 0 -12.28 -3.51 0 -13.73 -2.9 0 -12.92
4 78 -3.65 0 -14.38 -3.51 0 -13.73 -3.38 0 -12.28 -6.45 0 -12.19
4 78 -3.51 0 -13.73 -3.25 0 -13.78 -2.67 0 -12.96 -2.9 0 -12.92
4 78 -1.57 0 -16.08 -2.67 0 -12.96 -3.25 0 -13.78 -2.52 0 -15.64
3 78 -3.65 0 -14.38 -3.51 0 -14.18 -3.51 0 -13.73
3 78 -6.45 0 -12.19 -7.88 0 -12.23 -7.91 0 -13.05
4 78 -3.65 0 -14.38 -6.45 0 -12.19 -7.91 0 -13.05 -7.2 0 -14.51
4 78 -7.2 0 -14.51 -7.91 0 -13.05 -8.38 0 -13.06 -7.96 0 -14.82
4 78 -11.53 0 -11.63 -8.51 0 -16.77 -8.49 0 -15.63 -10.52 0 -12.03
3 78 -8.33 0 -15.21 -7.96 0 -14.82 -8.38 0 -13.06
3 78 -10.52 0 -12.03 -8.49 0 -15.63 -8.33 0 -15.21
4 78 -4.98 0 -17.14 -4.61 0 -17.48 -3.36 0 -17.02 -3.36 0 -16.5
3 78 -4.22 0 -17.63 -3.36 0 -17.02 -4.61 0 -17.48
3 78 -3.36 0 -16.5 -3.59 0 -15.85 -4.98 0 -17.14
4 78 -5.38 0 -15.84 -5.25 0 -16.6 -4.98 0 -17.14 -3.59 0 -15.85
3 78 5.67 0 -24.07 5.81 0 -24.8 6.96 0 -24.17
3 78 6.43 0 -25.58 7.06 0 -25.86 7.18 0 -24.91
4 78 6.43 0 -25.58 7.18 0 -24.91 6.96 0 -24.17 5.81 0 -24.8
4 78 5.77 0 -23.26 5.67 0 -24.07 6.96 0 -24.17 6.41 0 -23.55
4 78 10.41 0 -24.91 9.99 0 -25.27 9.75 0 -25.8 9.82 0 -26.19
4 78 10.96 0 -24.78 10.41 0 -24.91 9.82 0 -26.19 10.3 0 -26.88
4 78 10.3 0 -26.88 10.68 0 -27.07 11.16 0 -27.11 10.96 0 -24.78
4 78 12.38 0 -26.56 12.45 0 -26.19 12.29 0 -25.65 12.12 0 -26.84
4 78 12.12 0 -26.84 12.29 0 -25.65 11.97 0 -25.18 11.16 0 -27.11
4 78 10.96 0 -24.78 11.16 0 -27.11 11.97 0 -25.18 11.51 0 -24.87
4 78 3.2 0 -31.05 4.78 0 -30.59 4.95 0 -27.73 3.44 0 -27.68
4 78 6.12 0 -28.13 4.95 0 -27.73 4.78 0 -30.59 5.22 0 -30.46
4 78 3.44 0 -27.68 2.16 0 -28.11 1.16 0 -28.9 3.2 0 -31.05
4 78 3.2 0 -31.05 1.16 0 -28.9 0.44 0 -29.94 2.66 0 -31.31
4 78 2.66 0 -31.31 0.44 0 -29.94 0.04 0 -31.1 2.34 0 -31.72
4 78 -0.01 0 -32.29 0.31 0 -33.37 1.02 0 -34.25 2.27 0 -32.41
3 78 2.27 0 -32.41 1.02 0 -34.25 2.47 0 -32.66
4 78 3.05 0 -34.88 2.47 0 -32.66 1.02 0 -34.25 2.15 0 -34.79
3 78 3.05 0 -34.88 3.77 0 -34.7 2.47 0 -32.66
4 78 3.77 0 -34.7 4.32 0 -34.3 4.69 0 -33.78 2.47 0 -32.66
4 78 4.69 0 -33.78 4.87 0 -33.18 4.87 0 -32.58 2.47 0 -32.66
4 78 3.74 0 -31.47 3.39 0 -31.47 2.91 0 -31.68 2.65 0 -32.04
4 78 4.87 0 -32.58 4.68 0 -32.05 2.65 0 -32.04 2.47 0 -32.66
4 78 4.31 0 -31.66 3.74 0 -31.47 2.65 0 -32.04 4.68 0 -32.05
4 78 -0.01 0 -32.29 2.24 0 -32.07 2.34 0 -31.72 0.04 0 -31.1
3 78 6.12 0 -28.13 5.22 0 -30.46 5.59 0 -30.6
4 78 12.68 0 -27.87 13.61 0 -27.82 13.61 0 -25.68 13.05 0 -26.58
3 78 4.55 0 -34.99 13.61 0 -27.82 11.69 0 -29.13
4 78 4.05 0 -35.07 4.55 0 -34.99 10.96 0 -29.49 4.9 0 -34.35
3 78 13.61 0 -27.82 12.68 0 -27.87 12.31 0 -28.51
3 78 4.85 0 -31.5 5.35 0 -32.63 5.85 0 -31.11
4 78 4.84 0 -31.18 4.85 0 -31.5 5.85 0 -31.11 5.13 0 -30.92
3 78 13.61 0 -27.82 12.31 0 -28.51 11.69 0 -29.13
3 78 4.55 0 -34.99 11.69 0 -29.13 10.96 0 -29.49
3 78 5.3 0 -33.47 4.9 0 -34.35 10.96 0 -29.49
4 78 5.85 0 -31.11 5.35 0 -32.63 10.13 0 -29.6 8.77 0 -29.38
4 78 5.35 0 -32.63 5.3 0 -33.47 10.96 0 -29.49 10.13 0 -29.6
4 78 6.12 0 -28.13 5.59 0 -30.6 5.85 0 -31.11 8.77 0 -29.38
3 78 -0.01 0 -32.29 2.27 0 -32.41 2.24 0 -32.07
3 78 3.2 0 -31.05 4.34 0 -31.11 4.78 0 -30.59
4 78 -1.64 0 -31.97 -2.11 0 -33.43 -1.85 0 -33.84 -0.75 0 -32.59
4 78 -2.11 0 -33.43 -1.64 0 -31.97 -2.54 0 -31.9 -2.54 0 -33.2
4 78 -2.54 0 -31.9 -3.27 0 -32.12 -3.03 0 -33.25 -2.54 0 -33.2
4 78 -3.27 0 -32.12 -3.92 0 -32.62 -3.25 0 -33.67 -3.03 0 -33.25
4 78 -3.92 0 -32.62 -4.3 0 -33.29 -4.25 0 -34.05 -3.25 0 -33.67
4 78 -4.25 0 -34.05 -3.68 0 -34.74 -3.04 0 -34.91 -3.25 0 -33.67
3 78 -3.04 0 -34.91 -2.53 0 -34.69 -3.25 0 -33.67
3 78 -2.26 0 -34.25 -2.39 0 -33.78 -2.65 0 -33.64
4 78 -2.26 0 -34.25 -2.65 0 -33.64 -3.25 0 -33.67 -2.53 0 -34.69
3 78 -0.14 0 -35.63 2.95 0 -35.36 1.65 0 -35.09
3 78 -2.26 0 -35.04 -2.81 0 -35.35 -0.14 0 -35.63
3 78 -1.96 0 -34.73 -2.26 0 -35.04 -0.14 0 -35.63
3 78 -0.14 0 -35.63 1.65 0 -35.09 0.75 0 -34.61
3 78 -0.14 0 -35.63 0.75 0 -34.61 0.27 0 -34.12
4 78 -0.75 0 -32.59 -1.85 0 -33.84 -1.8 0 -34.33 0.27 0 -34.12
4 78 -1.96 0 -34.73 -0.14 0 -35.63 0.27 0 -34.12 -1.8 0 -34.33
4 78 1.1 0 -26.45 0.76 0 -26.25 -0.07 0 -27.22 0.44 0 -27.6
4 78 -0.8 0 -26.38 -0.07 0 -27.22 0.76 0 -26.25 -0.01 0 -26.11
4 78 1.64 0 -27.01 1.1 0 -26.45 0.44 0 -27.6 1.07 0 -27.78
3 78 1.07 0 -27.78 1.91 0 -27.73 1.64 0 -27.01
4 78 6.54 0 -18.53 7.11 0 -19.34 8.22 0 -18.46 7.21 0 -18.36
4 78 7.11 0 -19.34 7.68 0 -19.65 8.33 0 -19.66 8.22 0 -18.46
4 78 8.22 0 -18.46 8.33 0 -19.66 8.99 0 -19.28 8.74 0 -18.78
3 78 9.71 0 -19.77 10.02 0 -20.57 11.66 0 -18.92
4 78 9.56 0 -18.94 9.71 0 -19.77 11.66 0 -18.92 11.26 0 -18.33
4 78 12.18 0 -19.14 11.66 0 -18.92 10.02 0 -20.57 10.5 0 -21.32
4 78 10.5 0 -21.32 11.12 0 -21.96 11.86 0 -22.45 12.18 0 -19.14
4 78 12.18 0 -19.14 11.86 0 -22.45 12.69 0 -22.75 12.66 0 -19.11
3 78 13.62 0 -22.8 13.62 0 -18.31 13.04 0 -18.92
4 78 12.69 0 -22.75 13.62 0 -22.8 13.04 0 -18.92 12.66 0 -19.11
4 78 9.56 0 -18.94 11.26 0 -18.33 10.11 0 -17.15 9.62 0 -18.17
3 78 13.19 0 -17.31 12.95 0 -16.91 11.74 0 -17.6
4 78 11.82 0 -16.31 11.74 0 -17.6 12.95 0 -16.91 12.21 0 -16.39
4 78 13.14 0 -18.13 13.24 0 -17.73 13.19 0 -17.31 11.74 0 -17.6
3 78 12.92 0 -18.44 13.14 0 -18.13 11.74 0 -17.6
4 78 11.85 0 -18.48 12.17 0 -18.67 12.52 0 -18.65 11.71 0 -17.99
4 78 12.52 0 -18.65 12.92 0 -18.44 11.74 0 -17.6 11.71 0 -17.99
4 78 11.06 0 -16.43 10.11 0 -17.15 11.26 0 -18.33 11.36 0 -17.75
3 78 -6.15 0 19.68 -5.56 0 19.69 -5.75 0 21.13
4 78 -6.99 0 20.01 -6.15 0 19.68 -5.75 0 21.13 -6.67 0 20.59
3 78 -4.79 0 20.19 -4.27 0 20.88 -5 0 21.18
3 78 -6.11 0 9.78 -5.83 0 9.37 -5.38 0 9.21
3 78 -5.38 0 9.21 -4.91 0 9.34 -5.3 0 10.77
4 78 -4.59 0 9.71 -4.57 0 10.21 -5.3 0 10.77 -4.91 0 9.34
3 78 -4.57 0 10.21 -4.85 0 10.63 -5.3 0 10.77
4 78 -6.11 0 9.78 -5.38 0 9.21 -5.3 0 10.77 -5.78 0 10.65
3 78 -5.78 0 10.65 -6.1 0 10.28 -6.11 0 9.78
4 78 4.32 0 4.74 4.01 0 4.13 4.02 0 3.45 4.35 0 2.85
4 78 4.9 0 2.48 4.86 0 5.14 4.32 0 4.74 4.35 0 2.85
4 78 4.86 0 5.14 4.9 0 2.48 5.56 0 2.26 5.51 0 5.34
4 78 6.89 0 2.17 6.89 0 5.41 5.51 0 5.34 5.56 0 2.26
3 78 -8.41 0 25.86 -8.76 0 26.82 -9.71 0 26.22
4 78 -8.41 0 25.86 -9.71 0 26.22 -10.38 0 25.37 -8.4 0 24.87
4 78 -9.96 0 23.49 -9.46 0 23.55 -9.06 0 23.75 -10.43 0 24.59
3 78 -9.06 0 23.75 -8.53 0 24.43 -10.43 0 24.59
4 78 2.66 0 33.42 3.79 0 33.41 3.73 0 34.12 2.8 0 33.75
4 78 3.73 0 34.12 3.45 0 34.54 3.07 0 34.84 2.8 0 33.75
3 78 3.07 0 34.84 2.59 0 34.94 2.8 0 33.75
4 78 2.31 0 33.69 2.8 0 33.75 2.59 0 34.94 2.13 0 34.77
4 78 1.88 0 33.89 2.31 0 33.69 2.13 0 34.77 1.83 0 34.38
4 78 3.79 0 33.41 2.66 0 33.42 2.91 0 32.26 3.47 0 32.76
4 78 0.42 0 32.54 1.35 0 32 2.22 0 32 1.88 0 33.31
4 78 1.88 0 33.31 1.47 0 33.72 -0.58 0 34.01 0.42 0 32.54
3 78 2.91 0 32.26 2.66 0 33.42 2.43 0 33.24
3 78 -1.32 0 35.66 -3.18 0 35.29 -1.93 0 35.01
3 78 -1.32 0 35.66 -1.93 0 35.01 -1.3 0 34.7
3 78 2.46 0 35.43 0.58 0 35.65 1.94 0 35.18
4 78 -0.58 0 34.01 0.58 0 35.65 -1.32 0 35.66 -1.3 0 34.7
3 78 1.94 0 35.18 0.58 0 35.65 1.52 0 34.8
3 78 1.52 0 34.8 0.58 0 35.65 1.32 0 34.27
4 78 1.47 0 33.72 1.32 0 34.27 0.58 0 35.65 -0.58 0 34.01
4 78 -13.13 0 24.36 -13.69 0 25.31 -13.71 0 19.67 -13.16 0 21.03
3 78 -12.68 0 23.91 -13.13 0 24.36 -13.16 0 21.03
3 78 -12.25 0 22.17 -11.12 0 23.1 -12.04 0 23.48
4 0 -16.37 0 -0.22 -16.37 0 0.22 -18.36 0 0.21 -18.36 0 -0.21
4 0 -14.08 0 -0.22 -14.08 0 0.22 -15.64 0 0.2 -15.64 0 -0.2