0 Tap  1 x  2 with Two Valves
0 Name: 6936.dat
0 Author: J.C. Tchang [tchang]
0 !LDRAW_ORG Part UPDATE 2019-02
0 !LICENSE Redistributable under CCAL version 2.0 : see CAreadme.txt

0 BFC CERTIFY CW

0 !KEYWORDS Faucet, Water Faucet, Water Tap

0 !HISTORY 2007-08-25 {LEGO Universe Team} Original part shape
0 !HISTORY 2007-10-17 [tchang] File preparation for LDraw Parts Tracker
0 !HISTORY 2011-06-25 [MagFors] Further improvements
0 !HISTORY 2011-12-29 [PTadmin] Official Update 2011-02
0 !HISTORY 2018-01-29 [Philo] Subparted for variant
0 !HISTORY 2019-09-09 [PTadmin] Official Update 2019-02

1 16 0 0 0 1 0 0 0 1 0 0 0 1 s\6936s02.dat
1 16 -10.927 -20.678 0 0.35355 0.86603 0.35355 -0.61237 0.5 -0.61237 -0.70711 0 0.70711 s\6936s01.dat
1 16 -10.927 -20.678 0 -0.35355 0.86603 0.35355 0.61237 0.5 -0.61237 -0.70711 0 -0.70711 s\6936s01.dat
1 16 -10.927 -20.678 0 -0.35355 0.86603 -0.35355 0.61237 0.5 0.61237 0.70711 0 -0.70711 s\6936s01.dat
1 16 -10.927 -20.678 0 0.35355 0.86603 -0.35355 -0.61237 0.5 0.61237 0.70711 0 0.70711 s\6936s01.dat
1 16 10.927 -20.678 0 -0.35355 -0.86603 -0.35355 -0.61237 0.5 -0.61237 0.70711 0 -0.70711 s\6936s01.dat
1 16 10.927 -20.678 0 0.35355 -0.86603 -0.35355 0.61237 0.5 -0.61237 0.70711 0 0.70711 s\6936s01.dat
1 16 10.927 -20.678 0 0.35355 -0.86603 0.35355 0.61237 0.5 0.61237 -0.70711 0 0.70711 s\6936s01.dat
1 16 10.927 -20.678 0 -0.35355 -0.86603 0.35355 -0.61237 0.5 0.61237 -0.70711 0 -0.70711 s\6936s01.dat
