0 Minifig Trophy Cup  5L
0 Name: 72092.dat
0 Author: Santeri Piippo [arezey]
0 !LDRAW_ORG Part UPDATE 2019-01
0 !LICENSE Redistributable under CCAL version 2.0 : see CAreadme.txt

0 BFC CERTIFY CCW

0 !CATEGORY Minifig Accessory
0 !KEYWORDS Scala

0 !HISTORY 2019-06-28 [PTadmin] Official Update 2019-01

1 16 0 0 0 -0.382683 0 0.92388 0 1 0 -0.92388 0 -0.382683 s\72092s01.dat
1 16 0 0 0 -0.707107 0 0.707107 0 1 0 -0.707107 0 -0.707107 s\72092s01.dat
1 16 0 0 0 -0.92388 0 0.382683 0 1 0 -0.382683 0 -0.92388 s\72092s01.dat
1 16 0 0 0 -1 0 0 0 1 0 0 0 -1 s\72092s01.dat
1 16 0 0 0 -0.92388 0 -0.382683 0 1 0 0.382683 0 -0.92388 s\72092s01.dat
1 16 0 0 0 -0.707107 0 -0.707107 0 1 0 0.707107 0 -0.707107 s\72092s01.dat
1 16 0 0 0 -0.382683 0 -0.92388 0 1 0 0.92388 0 -0.382683 s\72092s01.dat
1 16 0 0 0 0 0 1 0 1 0 -1 0 0 s\72092s01.dat
1 16 0 0 0 0.382683 0 -0.92388 0 1 0 0.92388 0 0.382683 s\72092s01.dat
1 16 0 0 0 0.707107 0 -0.707107 0 1 0 0.707107 0 0.707107 s\72092s01.dat
1 16 0 0 0 0.92388 0 -0.382683 0 1 0 0.382683 0 0.92388 s\72092s01.dat
1 16 0 0 0 1 0 0 0 1 0 0 0 1 s\72092s01.dat
1 16 0 0 0 0.92388 0 0.382683 0 1 0 -0.382683 0 0.92388 s\72092s01.dat
1 16 0 0 0 0.707107 0 0.707107 0 1 0 -0.707107 0 0.707107 s\72092s01.dat
1 16 0 0 0 0.382683 0 0.92388 0 1 0 -0.92388 0 0.382683 s\72092s01.dat
1 16 0 0 0 0 0 -1 0 1 0 1 0 0 s\72092s01.dat
1 16 0 0 0 1 0 0 0 1 0 0 0 1 s\72092s02.dat
1 16 0 0 0 -1 0 0 0 1 0 0 0 1 s\72092s02.dat
1 16 0 -7.5 0 1 0 0 0 -1.875 0 0 0 1 stud4.dat
