0 Brick  2 x  4 with Triple Curved Top with Black Squiggly Line Pattern
0 Name: 7525p01.dat
0 Author: Philippe Hurbain [Philo]
0 !LDRAW_ORG Part UPDATE 2026-03
0 !LICENSE Licensed under CC BY 4.0 : see CAreadme.txt

0 BFC CERTIFY CCW

0 !KEYWORDS Blastoise, Bricklink 7525pb001, Brickowl 1608810, Brickset 115960
0 !KEYWORDS Kanto, Nintendo, Nose, Pocket Monsters, Rebrickable 7525pr0001
0 !KEYWORDS Set 72153, Snout, Squirtle Line, Starter Pokémon, tortoise, Turtle

0 !HISTORY 2026-03-31 [OrionP] Official Update 2026-03

1 16 0 0 0 1 0 0 0 1 0 0 0 1 s\7525s01.dat
1 16 20 20 0 0 -40 0 0 0 -20 -20 0 0 1-8cyli.dat
1 16 20 20 0 20 0 0 0 -20 0 0 0 -20 1-8sphe.dat
1 16 -20 20 0 -20 0 0 0 -20 0 0 0 -20 1-8sphe.dat
1 16 20 20 0 20 0 0 0 0 -20 0 20 0 1-4cyli.dat
1 16 -20 20 0 -20 0 0 0 0 -20 0 20 0 1-4cyli.dat
4 16 20 0 0 20 0 20 -20 0 20 -20 0 0
5 24 20 0 0 -20 0 0 20 1.522 -7.654 20 0 20
5 24 20 1.522 -7.654 -20 1.522 -7.654 20 5.858 -14.142 20 0 0
5 24 20 5.858 -14.142 -20 5.858 -14.142 20 12.346 -18.478 20 1.522 -7.654
4 0 -10.0734 2.8808 -9.6872 -10.7398 2.1929 -8.6579 -12.0715 2.4097 -8.9823 -11.0976 3.126 -10.0541
4 0 -9.1843 2.4593 -9.0565 -8.4123 1.9391 -8.278 -7.9386 1.522 -7.654 -9.2892 1.522 -7.654
4 0 -9.2892 1.522 -7.654 -10.7398 2.1929 -8.6579 -10.0734 2.8808 -9.6872 -9.1843 2.4593 -9.0565
3 0 -12.1745 3.2025 -10.1685 -11.0976 3.126 -10.0541 -12.0715 2.4097 -8.9823
3 0 -15.188 2.529 -9.1607 -15.1952 2.6611 -9.3584 -14.8128 2.4573 -9.0535
4 0 -14.6782 2.9467 -9.7858 -14.8128 2.4573 -9.0535 -15.1952 2.6611 -9.3584 -15.0511 2.8221 -9.5993
4 0 -13.2612 3.1762 -10.1292 -13.4409 2.4668 -9.0678 -14.8128 2.4573 -9.0535 -14.6782 2.9467 -9.7858
4 0 -12.1745 3.2025 -10.1685 -12.0715 2.4097 -8.9823 -13.4409 2.4668 -9.0678 -13.2612 3.1762 -10.1292
4 0 9.1843 2.4593 -9.0565 9.2892 1.522 -7.654 7.9386 1.522 -7.654 8.4123 1.9391 -8.278
4 0 9.1843 2.4593 -9.0565 10.0734 2.8808 -9.6872 11.0976 3.126 -10.0541 10.7398 2.1929 -8.6579
3 0 12.1745 3.2025 -10.1685 13.2612 3.1762 -10.1292 12.0715 2.4097 -8.9823
4 0 12.0715 2.4097 -8.9823 13.2612 3.1762 -10.1292 14.6782 2.9467 -9.7858 13.4409 2.4668 -9.0678
4 0 15.188 2.529 -9.1607 14.8128 2.4573 -9.0535 15.0511 2.8221 -9.5993 15.1952 2.6611 -9.3584
4 0 15.0511 2.8221 -9.5993 14.8128 2.4573 -9.0535 13.4409 2.4668 -9.0678 14.6782 2.9467 -9.7858
3 0 9.1843 2.4593 -9.0565 10.7398 2.1929 -8.6579 9.2892 1.522 -7.654
4 0 12.1745 3.2025 -10.1685 12.0715 2.4097 -8.9823 10.7398 2.1929 -8.6579 11.0976 3.126 -10.0541
3 0 7.9386 1.522 -7.654 9.2892 1.522 -7.654 8.6139 1.3796 -6.9377
4 0 7.9386 1.522 -7.654 8.6139 1.3796 -6.9377 7.8016 1.1547 -5.8068 7.2717 1.3473 -6.7755
4 0 7.4256 1.1067 -5.5653 7.0449 1.308 -6.5777 7.2717 1.3473 -6.7755 7.8016 1.1547 -5.8068
4 0 0 1.1858 -5.9634 0 1.3891 -6.9856 3.9921 1.3595 -6.8368 3.7807 1.169 -5.8789
4 0 -7.4256 1.1067 -5.5653 -7.0449 1.308 -6.5777 -3.9921 1.3595 -6.8368 -3.7807 1.169 -5.8789
3 0 -9.2892 1.522 -7.654 -7.9386 1.522 -7.654 -8.6139 1.3796 -6.9377
4 0 -7.8016 1.1547 -5.8068 -8.6139 1.3796 -6.9377 -7.9386 1.522 -7.654 -7.2717 1.3473 -6.7755
4 0 -7.2717 1.3473 -6.7755 -7.0449 1.308 -6.5777 -7.4256 1.1067 -5.5653 -7.8016 1.1547 -5.8068
4 0 3.9921 1.3595 -6.8368 7.0449 1.308 -6.5777 7.4256 1.1067 -5.5653 3.7807 1.169 -5.8789
4 0 -3.9921 1.3595 -6.8368 0 1.3891 -6.9856 0 1.1858 -5.9634 -3.7807 1.169 -5.8789
4 16 0 1.1858 -5.9634 -20 0 0 -7.4256 1.1067 -5.5653 -3.7807 1.169 -5.8789
4 16 9.1843 2.4593 -9.0565 8.4123 1.9391 -8.278 -8.4123 1.9391 -8.278 -9.1843 2.4593 -9.0565
4 16 3.7807 1.169 -5.8789 20 0 0 -20 0 0 0 1.1858 -5.9634
3 16 -20 0 0 -20 1.522 -7.654 -9.2892 1.522 -7.654
3 16 -7.4256 1.1067 -5.5653 -20 0 0 -7.8016 1.1547 -5.8068
4 16 -7.8016 1.1547 -5.8068 -20 0 0 -9.2892 1.522 -7.654 -8.6139 1.3796 -6.9377
3 16 9.2892 1.522 -7.654 20 1.522 -7.654 20 0 0
4 16 7.8016 1.1547 -5.8068 8.6139 1.3796 -6.9377 9.2892 1.522 -7.654 20 0 0
3 16 3.7807 1.169 -5.8789 7.4256 1.1067 -5.5653 20 0 0
3 16 7.4256 1.1067 -5.5653 7.8016 1.1547 -5.8068 20 0 0
4 16 20 1.522 -7.654 9.2892 1.522 -7.654 13.4409 2.4668 -9.0678 14.8128 2.4573 -9.0535
4 16 10.7398 2.1929 -8.6579 12.0715 2.4097 -8.9823 13.4409 2.4668 -9.0678 9.2892 1.522 -7.654
4 16 -20 1.522 -7.654 -14.8128 2.4573 -9.0535 -13.4409 2.4668 -9.0678 -9.2892 1.522 -7.654
4 16 -10.7398 2.1929 -8.6579 -9.2892 1.522 -7.654 -13.4409 2.4668 -9.0678 -12.0715 2.4097 -8.9823
3 16 20 1.522 -7.654 14.8128 2.4573 -9.0535 15.188 2.529 -9.1607
3 16 -15.188 2.529 -9.1607 -14.8128 2.4573 -9.0535 -20 1.522 -7.654
4 16 15.0511 2.8221 -9.5993 20 5.858 -14.142 20 1.522 -7.654 15.1952 2.6611 -9.3584
3 16 20 1.522 -7.654 15.188 2.529 -9.1607 15.1952 2.6611 -9.3584
3 16 -15.188 2.529 -9.1607 -20 1.522 -7.654 -15.1952 2.6611 -9.3584
3 16 20 5.858 -14.142 15.0511 2.8221 -9.5993 14.6782 2.9467 -9.7858
4 16 -20 1.522 -7.654 -20 5.858 -14.142 -15.0511 2.8221 -9.5993 -15.1952 2.6611 -9.3584
3 16 -14.6782 2.9467 -9.7858 -15.0511 2.8221 -9.5993 -20 5.858 -14.142
3 16 20 5.858 -14.142 14.6782 2.9467 -9.7858 13.2612 3.1762 -10.1292
3 16 20 5.858 -14.142 13.2612 3.1762 -10.1292 12.1745 3.2025 -10.1685
3 16 -13.2612 3.1762 -10.1292 -14.6782 2.9467 -9.7858 -20 5.858 -14.142
3 16 -12.1745 3.2025 -10.1685 -13.2612 3.1762 -10.1292 -20 5.858 -14.142
4 16 -12.1745 3.2025 -10.1685 -20 5.858 -14.142 20 5.858 -14.142 12.1745 3.2025 -10.1685
4 16 12.1745 3.2025 -10.1685 11.0976 3.126 -10.0541 -11.0976 3.126 -10.0541 -12.1745 3.2025 -10.1685
4 16 11.0976 3.126 -10.0541 10.0734 2.8808 -9.6872 -10.0734 2.8808 -9.6872 -11.0976 3.126 -10.0541
4 16 10.0734 2.8808 -9.6872 9.1843 2.4593 -9.0565 -9.1843 2.4593 -9.0565 -10.0734 2.8808 -9.6872
4 16 7.9386 1.522 -7.654 -7.9386 1.522 -7.654 -8.4123 1.9391 -8.278 8.4123 1.9391 -8.278
4 16 -3.9921 1.3595 -6.8368 -7.9386 1.522 -7.654 7.9386 1.522 -7.654 0 1.3891 -6.9856
4 16 7.2717 1.3473 -6.7755 3.9921 1.3595 -6.8368 0 1.3891 -6.9856 7.9386 1.522 -7.654
3 16 7.2717 1.3473 -6.7755 7.0449 1.308 -6.5777 3.9921 1.3595 -6.8368
4 16 -7.9386 1.522 -7.654 -3.9921 1.3595 -6.8368 -7.0449 1.308 -6.5777 -7.2717 1.3473 -6.7755