0 Plate  1 x  6 with  2 x  3  Top Extension
0 Name: 7863.dat
0 Author: Gerald Lasser [GeraldLasser]
0 !LDRAW_ORG Part UPDATE 2026-06
0 !LICENSE Licensed under CC BY 4.0 : see CAreadme.txt

0 BFC CERTIFY CCW

0 !KEYWORDS Brickowl 628750

0 !HISTORY 2026-06-28 [OrionP] Official Update 2026-06

4 16 -60 16 -30 -56 16 -26 56 16 -26 60 16 -30
4 16 60 16 -30 56 16 -26 56 16 -14 60 16 -10
4 16 60 16 -10 56 16 -14 -56 16 -14 -60 16 -10
4 16 -56 16 -14 -56 16 -26 -60 16 -30 -60 16 -10
3 16 -56 16 -26 -56 11 -26 -16 11 -26
3 16 16 11 -26 56 11 -26 56 16 -26
4 16 -16 11 -26 16 11 -26 56 16 -26 -56 16 -26
3 16 56 16 -14 56 11 -14 16 11 -14
4 16 16 11 -14 -16 11 -14 -56 16 -14 56 16 -14
3 16 -16 11 -14 -56 11 -14 -56 16 -14
2 24 -60 16 -30 60 16 -30
2 24 -56 16 -26 56 16 -26
2 24 56 16 -14 -56 16 -14
2 24 60 16 -10 -60 16 -10
0 BFC INVERTNEXT
1 16 -36 13.5 -20 0 0 -20 0 -2.5 0 6 0 0 box2-5.dat
0 BFC INVERTNEXT
1 16 36 13.5 -20 0 0 20 0 -2.5 0 6 0 0 box2-5.dat
0 BFC INVERTNEXT
1 16 0 11 -20 0 0 16 0 -8 0 6 0 0 box5-4a.dat
1 16 -30 11 -20 1 0 0 0 -1.25 0 0 0 1 stug3-1x2.dat
1 16 30 11 -20 1 0 0 0 -1.25 0 0 0 1 stug3-1x2.dat
1 16 0 3 -20 1 0 0 0 -3.25 0 0 0 1 stud3.dat
1 16 0 3 -16 0 0 1 0 8 0 -1 0 0 boxjcyl4.dat
1 16 0 3 -15 0 0 1 0 8 0 -1 0 0 box3u5p.dat
1 16 0 3 -24 0 0 1 0 8 0 1 0 0 boxjcyl4.dat
1 16 0 3 -25 0 0 1 0 8 0 1 0 0 box3u5p.dat

1 16 -40 12 -20 0 0 -20 0 -4 0 10 0 0 box2-5.dat
1 16 40 12 -20 0 0 20 0 -4 0 10 0 0 box2-5.dat
1 16 40 8 -20 0 0 -1 0 1 0 1 0 0 stug-2x1.dat
1 16 -40 8 -20 0 0 -1 0 1 0 1 0 0 stug-2x1.dat
3 16 -60 8 -30 -60 16 -30 -20 8 -30
4 16 60 16 -30 20 8 -30 -20 8 -30 -60 16 -30
3 16 20 8 -30 60 16 -30 60 8 -30
3 16 -60 8 -10 -20 8 -10 -60 16 -10
4 16 -60 16 -10 -20 8 -10 20 8 -10 60 16 -10
3 16 60 16 -10 20 8 -10 60 8 -10

0 BFC INVERTNEXT
1 16 0 8 8 16 0 0 0 -5 0 0 0 18 box5-1.dat
1 16 0 3 10 1 0 0 0 -1.25 0 0 0 1 stud4.dat
1 16 0 3 -10 1 0 0 0 -1.25 0 0 0 1 2-4stud4.dat
1 16 -7 5.5 -10 1 0 0 0 0 2.5 0 -1 0 recte3.dat
1 16 7 5.5 -10 1 0 0 0 0 2.5 0 -1 0 recte3.dat
4 16 -16 8 26 -20 8 30 20 8 30 16 8 26
4 16 -20 8 30 -16 8 26 -16 8 -10 -20 8 -10
4 16 16 8 -10 16 8 26 20 8 30 20 8 -10
2 24 16 8 -10 20 8 -10
2 24 -20 8 -10 -16 8 -10
1 16 0 8 0 20 0 0 0 -8 0 0 0 -30 box3u4a.dat
4 16 -20 8 -10 -20 0 -30 -20 0 30 -20 8 30
4 16 20 8 -10 20 8 30 20 0 30 20 0 -30
3 16 20 8 -30 20 8 -10 20 0 -30
3 16 -20 8 -30 -20 0 -30 -20 8 -10
1 16 0 8 10 20 0 0 0 1 0 0 0 20 recte3.dat
1 16 10 0 0 0 0 -1 0 1 0 1 0 0 stug-1x3.dat
1 16 -10 0 0 0 0 -1 0 1 0 1 0 0 stug-1x3.dat