0 Bracket  3 x  1 x  1.333
0 Name: 7891.dat
0 Author: Gerald Lasser [GeraldLasser]
0 !LDRAW_ORG Part UPDATE 2026-06
0 !LICENSE Licensed under CC BY 4.0 : see CAreadme.txt

0 BFC CERTIFY CCW

0 !KEYWORDS Brickowl 44827

0 !HISTORY 2026-06-28 [OrionP] Official Update 2026-06

4 16 10 32 -30 6 32 -26 6 32 6 10 32 10
4 16 -6 32 6 -10 32 10 10 32 10 6 32 6
4 16 -6 32 -26 -10 32 -30 -10 32 10 -6 32 6
4 16 -10 32 -30 -6 32 -26 6 32 -26 10 32 -30
2 24 10 32 10 -10 32 10
2 24 10 32 -30 10 32 10
2 24 -10 32 10 -10 32 -30
2 24 6 32 -26 6 32 6
2 24 -6 32 6 -6 32 -26

0 BFC INVERTNEXT
1 16 0 30 -16 -6 0 0 0 0 -2 0 -10 0 box2-5.dat
1 16 0 16 -6 0 0 -6 12 0 0 0 -1 0 rect2p.dat
0 BFC INVERTNEXT
1 16 0 18 0 -6 0 0 0 0 -14 0 6 0 box2-5.dat
4 16 -6 28 -6 -6 28 -26 -6 32 -26 -6 32 6
4 16 -6 28 -6 -6 32 6 -6 4 6 -6 4 -6
4 16 6 32 -26 6 28 -26 6 28 -6 6 32 6
4 16 6 32 6 6 28 -6 6 4 -6 6 4 6
1 16 0 28 -10 0 0 1 0 -1 0 -1 0 0 stud3.dat

4 16 10 32 10 -10 32 10 -6 8 10 6 8 10
3 16 -10 32 10 -10 8 10 -6 8 10
3 16 10 32 10 6 8 10 10 8 10
4 16 -6 8 10 -10 8 10 -10 8 30 -6 8 26
4 16 10 8 30 6 8 26 -6 8 26 -10 8 30
4 16 10 8 30 10 8 10 6 8 10 6 8 26
0 BFC INVERTNEXT
1 16 0 8 18 -6 0 0 0 -4 0 0 0 8 box5-1.dat
1 16 0 6 10 -1.5 0 0 0 0 2 0 4 0 box4-1.dat
2 24 -10 32 10 -10 8 10
2 24 6 8 10 10 8 10
2 24 10 8 10 10 32 10
2 24 -10 8 10 -6 8 10

1 16 0 28 -20 -10 0 0 0 0 -4 0 -10 0 box2-5.dat
1 16 0 12 -10 0 0 -10 12 0 0 0 1 0 rect2p.dat
1 16 0 4 10 10 0 0 0 0 -4 0 20 0 box2-5.dat
4 16 10 32 10 10 24 -10 10 24 -30 10 32 -30
4 16 10 32 10 10 8 10 10 0 -10 10 24 -10
4 16 10 0 -10 10 8 10 10 8 30 10 0 30
4 16 -10 32 10 -10 24 -10 -10 0 -10 -10 8 10
4 16 -10 8 30 -10 8 10 -10 0 -10 -10 0 30
4 16 -10 24 -30 -10 24 -10 -10 32 10 -10 32 -30
2 24 -10 8 10 -10 8 30
2 24 10 8 30 10 8 10

1 16 0 24 -20 0 0 1 0 1 0 -1 0 0 stud.dat
1 16 0 0 10 0 0 1 0 1 0 -1 0 0 stug-1x2.dat