0 Animal Fish Skeleton
0 Name: 8043.dat
0 Author: Philippe Hurbain [Philo]
0 !LDRAW_ORG Part UPDATE 2026-06
0 !LICENSE Licensed under CC BY 4.0 : see CAreadme.txt

0 BFC CERTIFY CCW

0 !KEYWORDS Brickowl 1315076, Fishbone

0 !HISTORY 2026-05-01 {LEGO Instructions App} Original part shape
0 !HISTORY 2026-05-01 [Philo] File preparation for LDraw Parts Tracker
0 !HISTORY 2026-06-28 [OrionP] Official Update 2026-06

1 16 0 0 0 1 0 0 0 0 -1 0 1 0 stud2.dat
1 16 0 0 0 1 0 0 0 1 0 0 0 1 s\8043s01.dat
1 16 0 0 0 -1 0 0 0 1 0 0 0 1 s\8043s01.dat
4 16 -6.525 -1.5667 8.7945 6.525 -1.5667 8.7945 6.41 -2.6 8.97 -6.41 -2.6 8.97
4 16 -6.41 -2.6 8.97 6.41 -2.6 8.97 6.14 -3.6333 8.7945 -6.14 -3.6333 8.7945
4 16 -6.635 -.1055 7.3333 6.635 -.1055 7.3333 6.64 -.7 8.18 -6.64 -.7 8.18
4 16 -6.64 -.7 8.18 6.64 -.7 8.18 6.525 -1.5667 8.7945 -6.525 -1.5667 8.7945
4 16 -6.6 -.1055 5.2667 6.6 -.1055 5.2667 6.63 .1 6.26 -6.63 .1 6.26
4 16 -6.63 .1 6.26 6.63 .1 6.26 6.635 -.1055 7.3333 -6.635 -.1055 7.3333
4 16 -6.4 -1.5667 3.8055 6.4 -1.5667 3.8055 6.57 -.7 4.33 -6.57 -.7 4.33
4 16 -6.57 -.7 4.33 6.57 -.7 4.33 6.6 -.1055 5.2667 -6.6 -.1055 5.2667
4 16 -5.94 -3.6333 3.8055 5.94 -3.6333 3.8055 6.23 -2.61 3.56 -6.23 -2.61 3.56
4 16 -6.23 -2.61 3.56 6.23 -2.61 3.56 6.4 -1.5667 3.8055 -6.4 -1.5667 3.8055
4 16 -5.5 -5.0945 5.2667 5.5 -5.0945 5.2667 5.65 -4.52 4.35 -5.65 -4.52 4.35
4 16 -5.65 -4.52 4.35 5.65 -4.52 4.35 5.94 -3.6333 3.8055 -5.94 -3.6333 3.8055
4 16 -5.61 -5.0945 7.3333 5.61 -5.0945 7.3333 5.45 -5.32 6.27 -5.45 -5.32 6.27
4 16 -5.45 -5.32 6.27 5.45 -5.32 6.27 5.5 -5.0945 5.2667 -5.5 -5.0945 5.2667
4 16 -6.14 -3.6333 8.7945 6.14 -3.6333 8.7945 5.87 -4.48 8.21 -5.87 -4.48 8.21
4 16 -5.87 -4.48 8.21 5.87 -4.48 8.21 5.61 -5.0945 7.3333 -5.61 -5.0945 7.3333
5 24 -6.6 -.1055 5.2667 6.6 -.1055 5.2667 6.57 -.7 4.33 6.63 .1 6.26
5 24 -6.63 .1 6.26 6.63 .1 6.26 6.6 -.1055 5.2667 6.635 -.1055 7.3333
5 24 -6.4 -1.5667 3.8055 6.4 -1.5667 3.8055 6.23 -2.61 3.56 6.57 -.7 4.33
5 24 -6.57 -.7 4.33 6.57 -.7 4.33 6.4 -1.5667 3.8055 6.6 -.1055 5.2667
5 24 -5.94 -3.6333 3.8055 5.94 -3.6333 3.8055 5.65 -4.52 4.35 6.23 -2.61 3.56
5 24 -6.23 -2.61 3.56 6.23 -2.61 3.56 5.94 -3.6333 3.8055 6.4 -1.5667 3.8055
5 24 -5.5 -5.0945 5.2667 5.5 -5.0945 5.2667 5.45 -5.32 6.27 5.65 -4.52 4.35
5 24 -5.65 -4.52 4.35 5.65 -4.52 4.35 5.5 -5.0945 5.2667 5.94 -3.6333 3.8055
5 24 -5.61 -5.0945 7.3333 5.61 -5.0945 7.3333 5.87 -4.48 8.21 5.45 -5.32 6.27
5 24 -5.45 -5.32 6.27 5.45 -5.32 6.27 5.61 -5.0945 7.3333 5.5 -5.0945 5.2667
5 24 -6.14 -3.6333 8.7945 6.14 -3.6333 8.7945 5.87 -4.48 8.21 6.41 -2.6 8.97
5 24 -5.87 -4.48 8.21 5.87 -4.48 8.21 6.14 -3.6333 8.7945 5.61 -5.0945 7.3333
5 24 -6.525 -1.5667 8.7945 6.525 -1.5667 8.7945 6.64 -.7 8.18 6.41 -2.6 8.97
5 24 -6.41 -2.6 8.97 6.41 -2.6 8.97 6.525 -1.5667 8.7945 6.14 -3.6333 8.7945
5 24 -6.635 -.1055 7.3333 6.635 -.1055 7.3333 6.63 .1 6.26 6.64 -.7 8.18
5 24 -6.64 -.7 8.18 6.64 -.7 8.18 6.635 -.1055 7.3333 6.525 -1.5667 8.7945
5 24 0 -9.65 55.25 0 -8.6 53.35 -1.53 -8.13 53.67 1.53 -8.13 53.67
5 24 0 -13.97 30.65 0 -14.77 22.79 -1.24 -13.71 30.56 1.24 -13.71 30.56
5 24 0 9.65 55.25 0 10.43 58.18 -1.32 9.89 58.02 1.32 9.89 58.02
5 24 0 10.43 58.18 0 8 58.93 -1.32 9.89 58.02 1.32 9.89 58.02
5 24 0 8 58.93 0 3.78 58.49 -1.38 7.68 58.31 1.38 7.68 58.31
5 24 0 3.9621 48.4287 0 5.36 49.5 1.59 4.96 49.99 -1.59 4.96 49.99
5 24 0 3.78 58.49 0 0 57.84 -1.39 0 57.15 1.39 0 57.15
5 24 0 -13.57 14.95 0 -11.67 11.41 -1.21 -11.37 11.49 1.21 -11.37 11.49
5 24 0 -8.96 5.19 0 -6.2 0 -2.37 -5.73 0 2.37 -5.73 0
5 24 0 9.91 22 0 9.22 25.2 3.29 8.06 22 -3.29 8.06 22
5 24 0 -10.43 58.18 0 -9.65 55.25 -1.32 -9.89 58.02 1.32 -9.89 58.02
5 24 0 8.45 5.53 0 10.19 11.4 -3.14 7.13 5.57 3.14 7.13 5.57
5 24 0 -14.53 18.36 0 -13.57 14.95 -1.26 -13.26 15.03 1.26 -13.26 15.03
5 24 0 -14.77 22.79 0 -14.77 20.27 -1.26 -14.45 20.33 1.26 -14.45 20.33
5 24 0 -11.67 11.41 0 -10.24 9.56 1.21 -11.37 11.49 -1.21 -11.37 11.49
5 24 0 -12.34 31.85 0 -13.39 31.64 -.87 -13.33 31.55 .87 -13.33 31.55
5 24 0 7.87 28.9 0 4 35 1.5308 3.6956 35 -1.5308 3.6956 35
5 24 0 -13.39 31.64 0 -13.97 30.65 -.87 -13.33 31.55 .87 -13.33 31.55
5 24 0 -10.24 9.56 0 -8.96 5.19 -1.16 -9.77 9.26 1.16 -9.77 9.26
5 24 0 5.36 49.5 0 7.11 51.31 1.54 6.66 51.69 -1.54 6.66 51.69
5 24 0 0 57.84 0 -3.78 58.49 -1.42 -3.78 57.77 1.42 -3.78 57.77
5 24 0 -3.78 58.49 0 -8 58.93 1.38 -7.68 58.31 -1.38 -7.68 58.31
5 24 0 -7.11 51.31 0 -5.36 49.5 1.59 -4.96 49.99 -1.59 -4.96 49.99
5 24 0 -4 35 0 -6.76 30.75 -1.5308 -3.6956 35 1.5308 -3.6956 35
5 24 0 10.48 15.1 0 10.39 18.3 -2.69 9.16 15.1 2.69 9.16 15.1
5 24 0 6.2 0 0 8.45 5.53 -2.37 5.73 0 2.37 5.73 0
5 24 0 -6.76 30.75 0 -12.34 31.85 -.87 -12.3 31.77 .87 -12.3 31.77
5 24 0 -8 58.93 0 -10.43 58.18 -1.32 -9.89 58.02 1.32 -9.89 58.02
5 24 0 8.6 53.35 0 9.65 55.25 -1.53 8.13 53.67 1.53 8.13 53.67
5 24 0 -5.36 49.5 0 -3.9621 48.4287 1.59 -4.96 49.99 -1.59 -4.96 49.99
5 24 0 -14.77 20.27 0 -14.53 18.36 1.27 -14.2 18.42 -1.27 -14.2 18.42
5 24 0 -8.6 53.35 0 -7.11 51.31 1.54 -6.66 51.69 -1.54 -6.66 51.69
5 24 0 7.11 51.31 0 8.6 53.35 1.53 8.13 53.67 -1.53 8.13 53.67