0 Sticker  1.1 x  2.8 Trapezoidal with Yellow "8" on Red Stripes Left
0 Name: 821412a.dat
0 Author: Takeshi Takahashi [RainbowDolphin]
0 !LDRAW_ORG Part UPDATE 2026-04
0 !LICENSE Licensed under CC BY 4.0 : see CAreadme.txt

0 BFC CERTIFY CCW

0 !KEYWORDS Baja blaster, Desert racer, Dune buggy, Set 8818, Technic

0 !HISTORY 2026-04-27 [OrionP] Official Update 2026-04

0 // Sticker Box
3 16 -46 0 -7 -10 0 11 9 0 11
4 16 -46 0 -7 9 0 11 9 0 -11 -46 0 -11
4 16 -46 0 -7 -46 0 -11 -46 -.25 -11 -46 -.25 -7
4 16 -10 0 11 -10 -.25 11 9 -.25 11 9 0 11
4 16 9 -.25 -11 9 0 -11 9 0 11 9 -.25 11
4 16 -46 0 -7 -46 -.25 -7 -10 -.25 11 -10 0 11
4 16 9 -.25 -11 -46 -.25 -11 -46 0 -11 9 0 -11

0 // Pattern
4 4 1 -.25 5.5 -.1 -.25 5.6 -1.2 -.25 5.5 -2 -.25 5.1
4 4 1.6 -.25 5.1 1 -.25 5.5 -2 -.25 5.1 -2.6 -.25 4.5
4 4 1.9 -.25 4.5 1.6 -.25 5.1 -2.6 -.25 4.5 -2.9 -.25 3.9
4 4 2 -.25 3.9 1.9 -.25 4.5 -2.9 -.25 3.9 -3 -.25 3.2
4 4 1.8 -.25 3.2 2 -.25 3.9 -3 -.25 3.2 -2.8 -.25 2.5
4 4 1.2 -.25 2.4 1.8 -.25 3.2 -2.8 -.25 2.5 -2.1 -.25 1.9
4 4 .2 -.25 1.8 1.2 -.25 2.4 -2.1 -.25 1.9 -1 -.25 1.7
4 0 -.1 -.25 5.6 0 -.25 6.2 -1.4 -.25 6 -1.2 -.25 5.5
4 0 -1.2 -.25 5.5 -1.4 -.25 6 -2.3 -.25 5.5 -2 -.25 5.1
4 0 -2 -.25 5.1 -2.3 -.25 5.5 -3 -.25 4.9 -2.6 -.25 4.5
4 0 -2.6 -.25 4.5 -3 -.25 4.9 -3.5 -.25 4.1 -2.9 -.25 3.9
4 0 -2.9 -.25 3.9 -3.5 -.25 4.1 -3.6 -.25 3.3 -3 -.25 3.2
4 0 -3 -.25 3.2 -3.6 -.25 3.3 -3.4 -.25 2.5 -2.8 -.25 2.5
4 0 -2.8 -.25 2.5 -3.4 -.25 2.5 -2.9 -.25 1.7 -2.1 -.25 1.9
4 0 -2.1 -.25 1.9 -2.9 -.25 1.7 -2 -.25 1.3 -1 -.25 1.7
4 0 -1 -.25 1.7 -2 -.25 1.3 -1 -.25 1.2 .1 -.25 1.3
4 0 .2 -.25 1.8 -1 -.25 1.7 .1 -.25 1.3 1 -.25 1.6
4 0 1.2 -.25 2.4 .2 -.25 1.8 1 -.25 1.6 1.8 -.25 2.3
4 0 1.8 -.25 3.2 1.2 -.25 2.4 1.8 -.25 2.3 2.3 -.25 3.1
4 0 2 -.25 3.9 1.8 -.25 3.2 2.3 -.25 3.1 2.6 -.25 3.9
4 0 2 -.25 3.9 2.6 -.25 3.9 2.5 -.25 4.8 1.9 -.25 4.5
4 0 1.9 -.25 4.5 2.5 -.25 4.8 2.1 -.25 5.4 1.6 -.25 5.1
4 0 1.6 -.25 5.1 2.1 -.25 5.4 1.3 -.25 6 1 -.25 5.5
4 0 1 -.25 5.5 1.3 -.25 6 0 -.25 6.2 -.1 -.25 5.6
4 4 -.1 -.25 -1.1 -1.5 -.25 -.9 -2.6 -.25 -1 -3.5 -.25 -1.4
4 4 .5 -.25 -1.6 -.1 -.25 -1.1 -3.5 -.25 -1.4 -4.3 -.25 -2.2
4 4 .9 -.25 -2.2 .5 -.25 -1.6 -4.3 -.25 -2.2 -4.7 -.25 -3.3
3 4 .9 -.25 -2.2 -4.7 -.25 -3.3 1 -.25 -2.9
4 4 -.4 -.25 -5 -4.2 -.25 -5.1 -3.3 -.25 -5.6 -1.4 -.25 -5.6
3 4 -1.4 -.25 -5.6 -3.3 -.25 -5.6 -2.3 -.25 -5.7
4 0 -2.6 -.25 -1 -1.5 -.25 -.9 -1.4 -.25 -.2 -2.7 -.25 -.4
4 0 -3.5 -.25 -1.4 -2.6 -.25 -1 -2.7 -.25 -.4 -3.9 -.25 -1
4 0 -4.3 -.25 -2.2 -3.5 -.25 -1.4 -3.9 -.25 -1 -4.6 -.25 -1.7
4 0 -4.7 -.25 -3.3 -4.3 -.25 -2.2 -4.6 -.25 -1.7 -5.2 -.25 -2.7
4 0 -4.7 -.25 -3.3 -5.2 -.25 -2.7 -5.4 -.25 -3.8 -5.2 -.25 -4.8
4 0 -4.2 -.25 -5.1 -4.7 -.25 -3.3 -5.2 -.25 -4.8 -4.5 -.25 -5.7
4 0 -3.3 -.25 -5.6 -4.2 -.25 -5.1 -4.5 -.25 -5.7 -3.6 -.25 -6.2
4 0 -2.3 -.25 -5.7 -3.3 -.25 -5.6 -3.6 -.25 -6.2 -2.3 -.25 -6.3
4 0 -1.4 -.25 -5.6 -2.3 -.25 -5.7 -2.3 -.25 -6.3 -1 -.25 -6.1
4 0 -.4 -.25 -5 -1.4 -.25 -5.6 -1 -.25 -6.1 0 -.25 -5.4
4 0 -.4 -.25 -5 0 -.25 -5.4 .9 -.25 -4.4 1 -.25 -2.9
4 0 1 -.25 -2.9 .9 -.25 -4.4 1.4 -.25 -3.2 1.5 -.25 -2.1
4 0 .9 -.25 -2.2 1 -.25 -2.9 1.5 -.25 -2.1 1.1 -.25 -1.3
4 0 .5 -.25 -1.6 .9 -.25 -2.2 1.1 -.25 -1.3 .2 -.25 -.6
3 0 .2 -.25 -.6 -.1 -.25 -1.1 .5 -.25 -1.6
4 0 -.1 -.25 -1.1 .2 -.25 -.6 -1.4 -.25 -.2 -1.5 -.25 -.9
4 0 -4.7 -.25 -3.3 -4.2 -.25 -5.1 -.4 -.25 -5 1 -.25 -2.9
4 14 0 -.25 6.2 .5 -.25 7.9 -1.3 -.25 7.8 -1.4 -.25 6
4 14 -1.4 -.25 6 -1.3 -.25 7.8 -2.9 -.25 7.2 -2.3 -.25 5.5
4 14 -2.3 -.25 5.5 -2.9 -.25 7.2 -4.1 -.25 6.4 -3 -.25 4.9
4 14 -3 -.25 4.9 -4.1 -.25 6.4 -5.1 -.25 5.4 -3.5 -.25 4.1
4 14 -3.5 -.25 4.1 -5.1 -.25 5.4 -5.7 -.25 4.2 -3.6 -.25 3.3
4 14 -3.6 -.25 3.3 -5.7 -.25 4.2 -5.8 -.25 3 -3.4 -.25 2.5
4 14 -3.4 -.25 2.5 -5.8 -.25 3 -5.5 -.25 1.9 -2.9 -.25 1.7
4 14 -2.9 -.25 1.7 -5.5 -.25 1.9 -4.7 -.25 1 -3.5 -.25 .4
4 14 -2 -.25 1.3 -2.9 -.25 1.7 -3.5 -.25 .4 -2.7 -.25 -.4
4 14 -3.9 -.25 -1 -2.7 -.25 -.4 -3.5 -.25 .4 -4.9 -.25 .1
4 14 -3.9 -.25 -1 -4.9 -.25 .1 -6.3 -.25 -.6 -4.6 -.25 -1.7
4 14 -4.6 -.25 -1.7 -6.3 -.25 -.6 -7.1 -.25 -1.5 -5.2 -.25 -2.7
4 14 -5.2 -.25 -2.7 -7.1 -.25 -1.5 -7.7 -.25 -2.6 -5.4 -.25 -3.8
4 14 -5.4 -.25 -3.8 -7.7 -.25 -2.6 -8 -.25 -3.9 -8.1 -.25 -5.1
4 14 -5.2 -.25 -4.8 -5.4 -.25 -3.8 -8.1 -.25 -5.1 -7.7 -.25 -6.2
4 14 -5.2 -.25 -4.8 -7.7 -.25 -6.2 -6.7 -.25 -7.1 -4.5 -.25 -5.7
4 14 -4.5 -.25 -5.7 -6.7 -.25 -7.1 -5.3 -.25 -7.8 -3.6 -.25 -6.2
4 14 -3.6 -.25 -6.2 -5.3 -.25 -7.8 -3.8 -.25 -8.1 -2.3 -.25 -6.3
4 14 -2.3 -.25 -6.3 -3.8 -.25 -8.1 -1.7 -.25 -8 -1 -.25 -6.1
4 14 -1 -.25 -6.1 -1.7 -.25 -8 0 -.25 -7.5 1.3 -.25 -6.8
4 14 0 -.25 -5.4 -1 -.25 -6.1 1.3 -.25 -6.8 2.4 -.25 -6
4 14 .9 -.25 -4.4 0 -.25 -5.4 2.4 -.25 -6 3.4 -.25 -4.9
4 14 1.4 -.25 -3.2 .9 -.25 -4.4 3.4 -.25 -4.9 4 -.25 -3.5
4 14 1.5 -.25 -2.1 1.4 -.25 -3.2 4 -.25 -3.5 4.3 -.25 -2
4 14 1.5 -.25 -2.1 4.3 -.25 -2 3.8 -.25 -.9 1.1 -.25 -1.3
4 14 1.1 -.25 -1.3 3.8 -.25 -.9 2.9 -.25 0 1.5 -.25 .6
4 14 .2 -.25 -.6 1.1 -.25 -1.3 1.5 -.25 .6 .1 -.25 1.3
4 14 -1.4 -.25 -.2 .2 -.25 -.6 .1 -.25 1.3 -1 -.25 1.2
4 14 -2.7 -.25 -.4 -1.4 -.25 -.2 -1 -.25 1.2 -2 -.25 1.3
4 14 1 -.25 1.6 .1 -.25 1.3 1.5 -.25 .6 2.9 -.25 1.2
4 14 1.8 -.25 2.3 1 -.25 1.6 2.9 -.25 1.2 4.1 -.25 2.1
4 14 2.3 -.25 3.1 1.8 -.25 2.3 4.1 -.25 2.1 4.8 -.25 3.3
4 14 2.6 -.25 3.9 2.3 -.25 3.1 4.8 -.25 3.3 5.1 -.25 4.5
4 14 2.5 -.25 4.8 2.6 -.25 3.9 5.1 -.25 4.5 5 -.25 5.7
4 14 2.1 -.25 5.4 2.5 -.25 4.8 5 -.25 5.7 4.3 -.25 6.7
4 14 2.1 -.25 5.4 4.3 -.25 6.7 3.1 -.25 7.5 1.3 -.25 6
4 14 1.3 -.25 6 3.1 -.25 7.5 1.8 -.25 7.8 0 -.25 6.2
3 14 .5 -.25 7.9 0 -.25 6.2 1.8 -.25 7.8
4 4 -46 -.25 -7 -46 -.25 -7.9 -8.6 -.25 -3.8 -8.3 -.25 -2.4
3 4 -7.6 -.25 -1.2 -46 -.25 -7 -8.3 -.25 -2.4
3 4 -6.6 -.25 -.3 -46 -.25 -7 -7.6 -.25 -1.2
4 4 -46 -.25 -7 -6.6 -.25 -.3 -5.1 -.25 .5 -5.8 -.25 1.2
3 4 -6.3 -.25 2.2 -46 -.25 -7 -5.8 -.25 1.2
3 4 -6.4 -.25 3.3 -46 -.25 -7 -6.3 -.25 2.2
3 4 -6.2 -.25 4.5 -46 -.25 -7 -6.4 -.25 3.3
4 4 -8.5 -.25 -5.9 -46 -.25 -9.8 -46 -.25 -11 -8.1 -.25 -6.7
3 4 -8.1 -.25 -6.7 -46 -.25 -11 -7.5 -.25 -7.3
3 4 9 -.25 9 4.2 -.25 7.6 5 -.25 6.9
3 4 9 -.25 9 5 -.25 6.9 5.6 -.25 5.9
4 4 9 -.25 9 5.6 -.25 5.9 5.7 -.25 4.5 9 -.25 -2
3 4 5.7 -.25 4.5 5.5 -.25 3.3 9 -.25 -2
3 4 5.5 -.25 3.3 4.8 -.25 2 9 -.25 -2
4 4 9 -.25 -2 4.8 -.25 2 4 -.25 1.3 4 -.25 -.1
3 4 4 -.25 1.3 3 -.25 .6 4 -.25 -.1
3 4 4 -.25 -.1 4.7 -.25 -1.2 9 -.25 -2
3 4 4.7 -.25 -1.2 4.8 -.25 -2.3 9 -.25 -2
4 4 9 -.25 -5.6 9 -.25 -4 4.3 -.25 -4.5 3.9 -.25 -5.3
3 4 3.9 -.25 -5.3 3.2 -.25 -6.1 9 -.25 -5.6
4 0 -10 -.25 11 -46 -.25 -7 -6.2 -.25 4.5 -5.1 -.25 5.4
3 0 -10 -.25 11 -5.1 -.25 5.4 -4.1 -.25 6.4
3 0 -10 -.25 11 -4.1 -.25 6.4 -2.9 -.25 7.2
3 0 -10 -.25 11 -2.9 -.25 7.2 -1.3 -.25 7.8
4 0 -10 -.25 11 -1.3 -.25 7.8 .5 -.25 7.9 9 -.25 11
3 0 9 -.25 11 .5 -.25 7.9 1.8 -.25 7.8
4 0 9 -.25 11 1.8 -.25 7.8 3.1 -.25 7.5 4.2 -.25 7.6
3 0 9 -.25 11 4.2 -.25 7.6 9 -.25 9
4 0 4.2 -.25 7.6 3.1 -.25 7.5 4.3 -.25 6.7 5 -.25 6.9
4 0 5 -.25 6.9 4.3 -.25 6.7 5 -.25 5.7 5.6 -.25 5.9
4 0 5.6 -.25 5.9 5 -.25 5.7 5.1 -.25 4.5 5.7 -.25 4.5
4 0 5.5 -.25 3.3 5.7 -.25 4.5 5.1 -.25 4.5 4.8 -.25 3.3
4 0 4.8 -.25 2 5.5 -.25 3.3 4.8 -.25 3.3 4.1 -.25 2.1
4 0 4 -.25 1.3 4.8 -.25 2 4.1 -.25 2.1 2.9 -.25 1.2
4 0 3 -.25 .6 4 -.25 1.3 2.9 -.25 1.2 1.5 -.25 .6
4 0 3 -.25 .6 1.5 -.25 .6 2.9 -.25 0 4 -.25 -.1
4 0 4 -.25 -.1 2.9 -.25 0 3.8 -.25 -.9 4.7 -.25 -1.2
4 0 4.7 -.25 -1.2 3.8 -.25 -.9 4.3 -.25 -2 4.8 -.25 -2.3
4 0 4.8 -.25 -2.3 4.3 -.25 -2 4 -.25 -3.5 4.3 -.25 -4.5
4 0 9 -.25 -2 4.8 -.25 -2.3 4.3 -.25 -4.5 9 -.25 -4
4 0 4.3 -.25 -4.5 4 -.25 -3.5 3.4 -.25 -4.9 3.9 -.25 -5.3
4 0 3.2 -.25 -6.1 3.9 -.25 -5.3 3.4 -.25 -4.9 2.4 -.25 -6
4 0 3.2 -.25 -6.1 2.4 -.25 -6 1.3 -.25 -6.8 9 -.25 -11
3 0 9 -.25 -5.6 3.2 -.25 -6.1 9 -.25 -11
3 0 1.3 -.25 -6.8 0 -.25 -7.5 9 -.25 -11
3 0 0 -.25 -7.5 -1.7 -.25 -8 9 -.25 -11
4 0 9 -.25 -11 -1.7 -.25 -8 -3.8 -.25 -8.1 -46 -.25 -11
3 0 -5.3 -.25 -7.8 -46 -.25 -11 -3.8 -.25 -8.1
3 0 -7.5 -.25 -7.3 -46 -.25 -11 -5.3 -.25 -7.8
3 0 -7.5 -.25 -7.3 -5.3 -.25 -7.8 -6.7 -.25 -7.1
4 0 -7.7 -.25 -6.2 -8.1 -.25 -6.7 -7.5 -.25 -7.3 -6.7 -.25 -7.1
4 0 -8.1 -.25 -6.7 -7.7 -.25 -6.2 -8.1 -.25 -5.1 -8.5 -.25 -5.9
4 0 -8 -.25 -3.9 -8.6 -.25 -3.8 -8.5 -.25 -5.9 -8.1 -.25 -5.1
4 0 -46 -.25 -9.8 -8.5 -.25 -5.9 -8.6 -.25 -3.8 -46 -.25 -7.9
4 0 -8.3 -.25 -2.4 -8.6 -.25 -3.8 -8 -.25 -3.9 -7.7 -.25 -2.6
4 0 -7.6 -.25 -1.2 -8.3 -.25 -2.4 -7.7 -.25 -2.6 -7.1 -.25 -1.5
4 0 -6.6 -.25 -.3 -7.6 -.25 -1.2 -7.1 -.25 -1.5 -6.3 -.25 -.6
4 0 -5.1 -.25 .5 -6.6 -.25 -.3 -6.3 -.25 -.6 -4.9 -.25 .1
4 0 -4.7 -.25 1 -5.1 -.25 .5 -4.9 -.25 .1 -3.5 -.25 .4
4 0 -5.8 -.25 1.2 -5.1 -.25 .5 -4.7 -.25 1 -5.5 -.25 1.9
4 0 -6.3 -.25 2.2 -5.8 -.25 1.2 -5.5 -.25 1.9 -5.8 -.25 3
4 0 -6.4 -.25 3.3 -6.3 -.25 2.2 -5.8 -.25 3 -5.7 -.25 4.2
4 0 -6.2 -.25 4.5 -6.4 -.25 3.3 -5.7 -.25 4.2 -5.1 -.25 5.4