0 Sticker  0.9 x  3.1 with Black "MT 5581" on White Background and Black Border
0 Name: 821437a.dat
0 Author: Chris Böhnke [KnightOfTarenta]
0 !LDRAW_ORG Part UPDATE 2026-05
0 !LICENSE Licensed under CC BY 4.0 : see CAreadme.txt

0 BFC CERTIFY CCW

0 !KEYWORDS Bricklink 5581stk01, Brickowl 997456, License plate, Magic Flash
0 !KEYWORDS Model Team, Rebrickable 821437, Set 5581, Trailer, van

0 !HISTORY 2025-10-08 [KnightOfTarenta] Modified from 162275e.dat by Takeshi Takahashi [RainbowDolphin]
0 !HISTORY 2026-05-31 [OrionP] Official Update 2026-05

0 // Sticker Back
1 16 0 -0.25 0 31 0 0 0 0.25 0 0 0 9 box5-12.dat

0 BFC NOCLIP
0 // Text
1 15 -20 -.25 0 9.5 0 0 0 1 0 0 0 9.5 type-swiss721bt-bold-um.dat
1 15 -10.4 -.25 0 9.5 0 0 0 1 0 0 0 9.5 type-swiss721bt-bold-ut.dat
1 15 2 -.25 0 9.5 0 0 0 1 0 0 0 9.5 type-swiss721bt-bold-n5.dat
1 15 9.5 -.25 0 9.5 0 0 0 1 0 0 0 9.5 type-swiss721bt-bold-n5.dat
1 15 16.9 -.25 0 9.5 0 0 0 1 0 0 0 9.5 type-swiss721bt-bold-n8.dat
1 15 23 -.25 0 9.5 0 0 0 1 0 0 0 9.5 type-swiss721bt-bold-n1.dat

0 // Black Border
3 0 31 -.25 9 0 -.25 6.4 28.4 -.25 6.4
3 0 28.4 -.25 -6.4 0 -.25 -6.4 31 -.25 -9
4 0 31 -.25 -9 31 -.25 9 28.4 -.25 6.4 28.4 -.25 -6.4
4 0 -31 -.25 9 -31 -.25 -9 -28.4 -.25 -6.4 -28.4 -.25 6.4
4 0 -31 -.25 9 -28.4 -.25 6.4 0 -.25 6.4 31 -.25 9
4 0 0 -.25 -6.4 -28.4 -.25 -6.4 -31 -.25 -9 31 -.25 -9

0 // White Background
3 15 -28.4 -.25 6.4 -24.75 -.25 4.75 -21.862 -.25 4.75
3 15 -28.4 -.25 6.4 -21.862 -.25 4.75 -18.138 -.25 4.75
3 15 -28.4 -.25 6.4 -18.138 -.25 4.75 -15.25 -.25 4.75
3 15 -28.4 -.25 6.4 -15.25 -.25 4.75 -14.1905 -.25 4.75
3 15 0 -.25 6.4 -1.401 -.25 4.75 -.47 -.25 4.75
3 15 0 -.25 6.4 -.47 -.25 4.75 5.002 -.25 4.75
3 15 0 -.25 6.4 5.002 -.25 4.75 5.401 -.25 4.75
3 15 0 -.25 6.4 5.401 -.25 4.75 6.099 -.25 4.75
3 15 0 -.25 6.4 6.099 -.25 4.75 7.03 -.25 4.75
3 15 0 -.25 6.4 7.03 -.25 4.75 12.502 -.25 4.75
3 15 0 -.25 6.4 12.502 -.25 4.75 12.901 -.25 4.75
3 15 28.4 -.25 6.4 16.9 -.25 4.75 20.225 -.25 4.75
3 15 28.4 -.25 6.4 20.225 -.25 4.75 20.93375 -.25 4.75
3 15 28.4 -.25 6.4 20.93375 -.25 4.75 23.53675 -.25 4.75
3 15 28.4 -.25 6.4 23.53675 -.25 4.75 25.06625 -.25 4.75
3 15 0 -.25 6.4 12.901 -.25 4.75 13.575 -.25 4.75
3 15 13.575 -.25 -1.8715 12.901 -.25 -4.75 13.575 -.25 -4.75
3 15 20.93375 -.25 4.75 20.225 -.25 4.75 20.93375 -.25 3.078
3 15 25.06625 -.25 -4.75 23.20425 -.25 -4.75 28.4 -.25 -6.4
3 15 23.20425 -.25 -4.75 20.93375 -.25 -4.75 28.4 -.25 -6.4
3 15 20.93375 -.25 -4.75 20.225 -.25 -4.75 28.4 -.25 -6.4
3 15 20.225 -.25 -4.75 16.9 -.25 -4.75 28.4 -.25 -6.4
3 15 16.9 -.25 -4.75 13.575 -.25 -4.75 28.4 -.25 -6.4
3 15 5.401 -.25 -4.75 1.8575 -.25 -4.75 0 -.25 -6.4
3 15 6.099 -.25 -4.75 5.401 -.25 -4.75 0 -.25 -6.4
3 15 9.3575 -.25 -4.75 6.099 -.25 -4.75 0 -.25 -6.4
3 15 12.901 -.25 -4.75 9.3575 -.25 -4.75 0 -.25 -6.4
3 15 1.8575 -.25 -4.75 -1.401 -.25 -4.75 0 -.25 -6.4
3 15 -1.401 -.25 -4.75 -6.6095 -.25 -4.75 0 -.25 -6.4
3 15 -1.401 -.25 -1.9285 -6.6095 -.25 -4.75 -1.401 -.25 -4.75
3 15 -22.945 -.25 -4.75 -24.75 -.25 -4.75 -28.4 -.25 -6.4
3 15 -20.9975 -.25 -4.75 -22.945 -.25 -4.75 -28.4 -.25 -6.4
3 15 -19.0025 -.25 -4.75 -20.9975 -.25 -4.75 -28.4 -.25 -6.4
3 15 -17.055 -.25 -4.75 -19.0025 -.25 -4.75 -28.4 -.25 -6.4
3 15 -15.25 -.25 -4.75 -17.055 -.25 -4.75 -28.4 -.25 -6.4
3 15 -9.4025 -.25 -4.75 -11.3595 -.25 -4.75 0 -.25 -6.4
3 15 -6.6095 -.25 -4.75 -9.4025 -.25 -4.75 0 -.25 -6.4
3 15 -11.3595 -.25 -4.75 -14.1905 -.25 -4.75 0 -.25 -6.4
3 15 -14.1905 -.25 4.75 -15.25 -.25 4.75 -14.1905 -.25 3.059
4 15 -28.4 -.25 6.4 -14.1905 -.25 4.75 -6.6095 -.25 4.75 0 -.25 6.4
4 15 -1.401 -.25 4.75 0 -.25 6.4 -6.6095 -.25 4.75 -6.6095 -.25 3.059
4 15 13.575 -.25 4.75 16.9 -.25 4.75 28.4 -.25 6.4 0 -.25 6.4
4 15 13.575 -.25 -1.8715 13.575 -.25 4.75 12.901 -.25 4.75 12.901 -.25 -4.75
4 15 20.225 -.25 -1.8715 20.225 -.25 -4.75 20.93375 -.25 -4.75 20.93375 -.25 1.7385
4 15 20.93375 -.25 1.7385 20.93375 -.25 3.078 20.225 -.25 4.75 20.225 -.25 -1.8715
4 15 28.4 -.25 6.4 25.06625 -.25 4.75 25.06625 -.25 -4.75 28.4 -.25 -6.4
4 15 28.4 -.25 -6.4 13.575 -.25 -4.75 12.901 -.25 -4.75 0 -.25 -6.4
4 15 6.099 -.25 4.75 5.401 -.25 4.75 5.401 -.25 -1.3965 6.099 -.25 -1.9285
4 15 6.099 -.25 -1.9285 5.401 -.25 -1.3965 5.401 -.25 -4.75 6.099 -.25 -4.75
4 15 -1.401 -.25 -1.9285 -1.401 -.25 4.75 -6.6095 -.25 3.059 -6.6095 -.25 -4.75
4 15 -24.75 -.25 -4.75 -24.75 -.25 4.75 -28.4 -.25 6.4 -28.4 -.25 -6.4
4 15 -14.1905 -.25 -4.75 -15.25 -.25 -4.75 -28.4 -.25 -6.4 0 -.25 -6.4
4 15 -15.25 -.25 -4.75 -14.1905 -.25 -4.75 -14.1905 -.25 3.059 -15.25 -.25 4.75