0 Sticker  1.9 x  2.3 with Black "TEAM 5" on Clear Background (Formed)
0 Name: 821437fc01.dat
0 Author: Chris Böhnke [KnightOfTarenta]
0 !LDRAW_ORG Part UPDATE 2026-05
0 !LICENSE Licensed under CC BY 4.0 : see CAreadme.txt

0 !HELP Place on 3684.dat at 0 0 0 1 0 0 0 1 0 0 0 1

0 BFC CERTIFY CCW

0 !KEYWORDS Bricklink 5581stk01, Brickowl 997456, Magic Flash, Model Team
0 !KEYWORDS Rebrickable 821437, Set 5581, stamp, van

0 !HISTORY 2026-05-31 [OrionP] Official Update 2026-05

0 // Sticker Back
4 16 -19 -7 -10 -19 -7 -10.25 19 -7 -10.25 19 -7 -10
4 16 19 36.611 -21.028 -19 36.611 -21.028 -19 36.682 -20.789 19 36.682 -20.789
4 16 -19 36.682 -20.789 -19 0 -10 19 0 -10 19 36.682 -20.789
4 16 -19 -7 -10 19 -7 -10 19 0 -10 -19 0 -10
4 16 19 36.611 -21.028 19 36.682 -20.789 19 0 -10 19 -.036 -10.25
4 16 19 -7 -10.25 19 -.036 -10.25 19 0 -10 19 -7 -10
4 16 -19 36.611 -21.028 -19 -.036 -10.25 -19 0 -10 -19 36.682 -20.789
4 16 -19 0 -10 -19 -.036 -10.25 -19 -7 -10.25 -19 -7 -10
2 24 -19 0 -10 19 0 -10

0 // Front Edge Line
2 24 -19 -.036 -10.25 19 -.036 -10.25

0 // Sticker Image
0 // Top Areas
0 // Colour 0 Black
0 BFC NOCLIP
3 0 -12.231 -5 -10.25 -14.14 -3.818 -10.25 -12.44 -3.818 -10.25
3 0 -11.531 -5 -10.25 -10.721 -2.791 -10.25 -10.54 -3.818 -10.25
3 0 -11.531 -5 -10.25 -10.929 -1.609 -10.25 -10.721 -2.791 -10.25
3 0 -3.371 -5 -10.25 -4.313 -3.262 -10.25 -4.084 -1.682 -10.25
3 0 -12.231 -5 -10.25 -15.34 -3.818 -10.25 -14.14 -3.818 -10.25
3 0 .076 -3 -10.25 .392 -.036 -10.25 1.329 -1.2 -10.25
3 0 1.329 -1.2 -10.25 .392 -.036 -10.25 1.855 -.036 -10.25
3 0 3.276 -3 -10.25 1.329 -1.2 -10.25 1.855 -.036 -10.25
3 0 -3.912 -.5 -10.25 -3.84 -.036 -10.25 -2.645 -.036 -10.25
3 0 -5.915 -.5 -10.25 -7.571 -.036 -10.25 -6.205 -.036 -10.25
4 0 -16.831 -5 -10.25 -17.04 -3.818 -10.25 -15.34 -3.818 -10.25 -12.231 -5 -10.25
4 0 -11.11 -.582 -10.25 -10.929 -1.609 -10.25 -11.531 -5 -10.25 -12.413 -.036 -10.25
4 0 -7.921 -2.791 -10.25 -10.721 -2.791 -10.25 -10.929 -1.609 -10.25 -8.129 -1.609 -10.25
4 0 -7.74 -3.818 -10.25 -7.531 -5 -10.25 -11.531 -5 -10.25 -10.54 -3.818 -10.25
4 0 -5.915 -.5 -10.25 -5.229 -1.682 -10.25 -4.671 -5 -10.25 -7.571 -.036 -10.25
4 0 -4.084 -1.682 -10.25 -5.229 -1.682 -10.25 -5.915 -.5 -10.25 -3.912 -.5 -10.25
4 0 -3.371 -5 -10.25 -4.084 -1.682 -10.25 -3.912 -.5 -10.25 -2.645 -.036 -10.25
4 0 -4.313 -3.262 -10.25 -3.371 -5 -10.25 -4.671 -5 -10.25 -5.229 -1.682 -10.25
4 0 1.329 -1.2 -10.25 .929 -5 -10.25 -.771 -5 -10.25 .076 -3 -10.25
4 0 1.329 -1.2 -10.25 3.276 -3 -10.25 4.829 -5 -10.25 3.129 -5 -10.25
4 0 .076 -3 -10.25 -.771 -5 -10.25 -1.652 -.036 -10.25 -.452 -.036 -10.25
4 0 3.276 -3 -10.25 2.748 -.036 -10.25 3.948 -.036 -10.25 4.829 -5 -10.25
4 0 5.8 -2.5 -10.25 5.36 -.036 -10.25 15.546 -.036 -10.25 16.1 -2.5 -10.25
4 0 -11.11 -.582 -10.25 -12.413 -.036 -10.25 -8.413 -.036 -10.25 -8.31 -.582 -10.25
4 0 -14.14 -3.818 -10.25 -15.34 -3.818 -10.25 -16.013 -.036 -10.25 -14.813 -.036 -10.25

0 // Colour 16 Main Colour
0 BFC CLIP
3 16 -19 -7 -10.25 -16.831 -5 -10.25 -12.231 -5 -10.25
3 16 -4.671 -5 -10.25 -7.74 -3.818 -10.25 -7.921 -2.791 -10.25
3 16 -4.671 -5 -10.25 -7.531 -5 -10.25 -7.74 -3.818 -10.25
3 16 19 -7 -10.25 -7.531 -5 -10.25 -4.671 -5 -10.25
3 16 19 -7 -10.25 -4.671 -5 -10.25 -3.371 -5 -10.25
3 16 19 -7 -10.25 -3.371 -5 -10.25 -.771 -5 -10.25
3 16 19 -7 -10.25 -.771 -5 -10.25 .929 -5 -10.25
3 16 19 -7 -10.25 .929 -5 -10.25 3.129 -5 -10.25
3 16 19 -7 -10.25 3.129 -5 -10.25 4.829 -5 -10.25
3 16 -4.671 -5 -10.25 -7.921 -2.791 -10.25 -8.129 -1.609 -10.25
3 16 3.129 -5 -10.25 .929 -5 -10.25 1.329 -1.2 -10.25
3 16 -4.313 -3.262 -10.25 -5.229 -1.682 -10.25 -4.084 -1.682 -10.25
3 16 19 -7 -10.25 -11.531 -5 -10.25 -7.531 -5 -10.25
3 16 -8.31 -.582 -10.25 -8.413 -.036 -10.25 -7.571 -.036 -10.25
3 16 .076 -3 -10.25 -.452 -.036 -10.25 .392 -.036 -10.25
3 16 3.276 -3 -10.25 1.855 -.036 -10.25 2.748 -.036 -10.25
4 16 -17.04 -3.818 -10.25 -16.831 -5 -10.25 -19 -7 -10.25 -19 -.036 -10.25
4 16 -19 -7 -10.25 -12.231 -5 -10.25 -11.531 -5 -10.25 19 -7 -10.25
4 16 -4.671 -5 -10.25 -8.129 -1.609 -10.25 -8.31 -.582 -10.25 -7.571 -.036 -10.25
4 16 -8.129 -1.609 -10.25 -10.929 -1.609 -10.25 -11.11 -.582 -10.25 -8.31 -.582 -10.25
4 16 -10.721 -2.791 -10.25 -7.921 -2.791 -10.25 -7.74 -3.818 -10.25 -10.54 -3.818 -10.25
4 16 19 -7 -10.25 4.829 -5 -10.25 5.8 -2.5 -10.25 16.1 -2.5 -10.25
4 16 16.1 -2.5 -10.25 15.546 -.036 -10.25 19 -.036 -10.25 19 -7 -10.25
4 16 3.948 -.036 -10.25 5.36 -.036 -10.25 5.8 -2.5 -10.25 4.829 -5 -10.25
4 16 -19 -.036 -10.25 -16.013 -.036 -10.25 -15.34 -3.818 -10.25 -17.04 -3.818 -10.25
4 16 -12.44 -3.818 -10.25 -14.14 -3.818 -10.25 -14.813 -.036 -10.25 -12.413 -.036 -10.25
4 16 -12.44 -3.818 -10.25 -12.413 -.036 -10.25 -11.531 -5 -10.25 -12.231 -5 -10.25
4 16 -5.915 -.5 -10.25 -6.205 -.036 -10.25 -3.84 -.036 -10.25 -3.912 -.5 -10.25
4 16 -2.645 -.036 -10.25 -1.652 -.036 -10.25 -.771 -5 -10.25 -3.371 -5 -10.25

0 // Bottom Areas
0 // Colour 0 Black
0 BFC NOCLIP
3 0 -5.551 24.088 -17.345 -7.898 25.317 -17.706 -5.394 24.73 -17.534
3 0 -5.194 16.501 -15.114 -9.635 16.501 -15.114 -3.487 18.372 -15.664
3 0 -2.352 14.761 -14.602 -1.339 17.037 -15.271 -.496 16.872 -15.223
3 0 .991 14.502 -14.526 .362 16.919 -15.237 1.054 17.152 -15.305
3 0 -5.514 22.161 -16.778 -15.414 22.161 -16.778 -15.414 24.656 -17.512
4 0 -7.369 26.574 -18.076 -7 27.153 -18.246 -5.132 25.341 -17.713 -5.394 24.73 -17.534
4 0 -5.394 24.73 -17.534 -7.898 25.317 -17.706 -7.668 25.958 -17.895 -7.369 26.574 -18.076
4 0 -5.551 24.088 -17.345 -5.615 23.431 -17.152 -8.061 24.656 -17.512 -7.898 25.317 -17.706
4 0 -8.061 24.656 -17.512 -5.615 23.431 -17.152 -5.599 22.794 -16.964 -12.81 24.656 -17.512
4 0 -.496 16.872 -15.223 -.134 14.381 -14.49 -1.261 14.475 -14.518 -2.352 14.761 -14.602
4 0 1.054 17.152 -15.305 2.57 15.109 -14.704 1.806 14.743 -14.596 .991 14.502 -14.526
4 0 -9.635 16.501 -15.114 -13.214 18.995 -15.847 -4.05 18.995 -15.847 -3.487 18.372 -15.664
4 0 -4.755 25.892 -17.876 -6.561 27.686 -18.403 -5.955 28.241 -18.566 -4.243 26.363 -18.014
4 0 -6.561 27.686 -18.403 -4.755 25.892 -17.876 -5.132 25.341 -17.713 -7 27.153 -18.246
4 0 -5.265 28.697 -18.701 -4.508 29.041 -18.802 -3.703 29.263 -18.867 -3.622 26.696 -18.112
4 0 -5.955 28.241 -18.566 -5.265 28.697 -18.701 -3.622 26.696 -18.112 -4.243 26.363 -18.014
4 0 -2.871 29.36 -18.896 -2.934 26.863 -18.161 -3.622 26.696 -18.112 -3.703 29.263 -18.867
4 0 -1.654 29.291 -18.875 -2.223 26.868 -18.163 -2.934 26.863 -18.161 -2.871 29.36 -18.896
4 0 -1.654 29.291 -18.875 -.474 28.996 -18.788 -1.112 26.585 -18.079 -2.223 26.868 -18.163
4 0 -12.81 24.656 -17.512 -5.599 22.794 -16.964 -5.514 22.161 -16.778 -15.414 24.656 -17.512
4 0 -.474 28.996 -18.788 .635 28.508 -18.645 -.113 26.038 -17.918 -1.112 26.585 -18.079
4 0 .751 25.311 -17.705 -.113 26.038 -17.918 .635 28.508 -18.645 1.651 27.863 -18.455
4 0 3.361 26.201 -17.966 .751 25.311 -17.705 1.651 27.863 -18.455 2.563 27.086 -18.227
4 0 .751 25.311 -17.705 3.361 26.201 -17.966 3.969 25.343 -17.714 1.475 24.454 -17.453
4 0 1.475 24.454 -17.453 3.969 25.343 -17.714 4.477 24.425 -17.444 1.959 23.685 -17.226
4 0 -3.487 18.372 -15.664 -2.845 17.822 -15.502 -4.333 15.798 -14.907 -5.194 16.501 -15.114
4 0 5.173 22.463 -16.867 2.621 22.006 -16.733 2.343 22.865 -16.985 4.88 23.462 -17.161
4 0 1.959 23.685 -17.226 4.477 24.425 -17.444 4.88 23.462 -17.161 2.343 22.865 -16.985
4 0 -2.845 17.822 -15.502 -2.128 17.367 -15.368 -3.382 15.21 -14.734 -4.333 15.798 -14.907
4 0 5.348 21.439 -16.566 2.783 21.12 -16.472 2.621 22.006 -16.733 5.173 22.463 -16.867
4 0 -1.339 17.037 -15.271 -2.352 14.761 -14.602 -3.382 15.21 -14.734 -2.128 17.367 -15.368
4 0 2.783 21.12 -16.472 5.348 21.439 -16.566 5.397 20.402 -16.261 2.817 20.508 -16.292
4 0 2.817 20.508 -16.292 5.397 20.402 -16.261 5.348 19.654 -16.041 2.784 19.895 -16.112
4 0 5.348 19.654 -16.041 5.224 18.914 -15.823 2.674 19.291 -15.934 2.784 19.895 -16.112
4 0 -.496 16.872 -15.223 .362 16.919 -15.237 .991 14.502 -14.526 -.134 14.381 -14.49
4 0 5.224 18.914 -15.823 5.021 18.19 -15.61 2.477 18.707 -15.762 2.674 19.291 -15.934
4 0 5.021 18.19 -15.61 4.735 17.492 -15.405 2.134 18.086 -15.58 2.477 18.707 -15.762
4 0 4.735 17.492 -15.405 4.364 16.832 -15.211 3.861 16.171 -15.017 2.134 18.086 -15.58
4 0 3.26 15.591 -14.846 1.656 17.553 -15.423 2.134 18.086 -15.58 3.861 16.171 -15.017
4 0 1.054 17.152 -15.305 1.656 17.553 -15.423 3.26 15.591 -14.846 2.57 15.109 -14.704
4 0 -13.214 18.995 -15.847 -9.635 16.501 -15.114 -4.566 1.535 -10.712 -7.3 1.535 -10.712
4 0 -11.132 29.565 -18.956 -13.23 31.044 -19.391 -12.477 31.925 -19.65 -10.586 30.205 -19.144
4 0 -9.787 30.892 -19.346 -10.586 30.205 -19.144 -12.477 31.925 -19.65 -11.594 32.686 -19.874
4 0 -13.882 30.092 -19.111 -13.23 31.044 -19.391 -11.132 29.565 -18.956 -11.633 28.833 -18.74
4 0 -13.882 30.092 -19.111 -11.633 28.833 -18.74 -12.05 28.055 -18.512 -14.425 29.079 -18.813
4 0 -14.854 28.017 -18.501 -14.425 29.079 -18.813 -12.05 28.055 -18.512 -12.38 27.239 -18.272
4 0 -12.38 27.239 -18.272 -12.618 26.394 -18.023 -15.164 26.918 -18.177 -14.854 28.017 -18.501
4 0 -12.81 24.656 -17.512 -15.414 24.656 -17.512 -15.351 25.793 -17.847 -12.762 25.53 -17.769
4 0 -15.164 26.918 -18.177 -12.618 26.394 -18.023 -12.762 25.53 -17.769 -15.351 25.793 -17.847
4 0 -8.949 31.555 -19.541 -9.787 30.892 -19.346 -11.594 32.686 -19.874 -10.589 33.494 -20.111
4 0 -7.009 32.487 -19.815 -8.014 32.09 -19.698 -9.479 34.165 -20.309 -8.286 34.687 -20.462
4 0 -10.589 33.494 -20.111 -9.479 34.165 -20.309 -8.014 32.09 -19.698 -8.949 31.555 -19.541
4 0 -8.286 34.687 -20.462 -7.033 35.061 -20.572 -5.956 32.75 -19.892 -7.009 32.487 -19.815
4 0 -4.878 32.884 -19.932 -5.956 32.75 -19.892 -7.033 35.061 -20.572 -5.743 35.288 -20.639
4 0 -2.438 32.765 -19.897 -3.79 32.898 -19.936 -4.435 35.377 -20.665 -2.737 35.3 -20.642
4 0 -5.743 35.288 -20.639 -4.435 35.377 -20.665 -3.79 32.898 -19.936 -4.878 32.884 -19.932
4 0 -1.111 32.48 -19.813 -2.438 32.765 -19.897 -2.737 35.3 -20.642 -1.062 35.023 -20.561
4 0 .177 32.063 -19.69 -1.111 32.48 -19.813 -1.062 35.023 -20.561 .57 34.567 -20.427
4 0 .57 34.567 -20.427 2.143 33.95 -20.245 1.417 31.527 -19.533 .177 32.063 -19.69
4 0 2.601 30.886 -19.344 1.417 31.527 -19.533 2.143 33.95 -20.245 3.646 33.187 -20.021
4 0 3.724 30.15 -19.128 2.601 30.886 -19.344 3.646 33.187 -20.021 5.067 32.294 -19.758
4 0 4.779 29.327 -18.886 3.724 30.15 -19.128 5.067 32.294 -19.758 6.399 31.281 -19.46
4 0 5.762 28.426 -18.621 4.779 29.327 -18.886 6.399 31.281 -19.46 7.632 30.159 -19.13
4 0 8.758 28.937 -18.771 6.666 27.452 -18.334 5.762 28.426 -18.621 7.632 30.159 -19.13
4 0 9.767 27.625 -18.385 7.486 26.411 -18.028 6.666 27.452 -18.334 8.758 28.937 -18.771
4 0 10.648 26.231 -17.975 8.214 25.31 -17.704 7.486 26.411 -18.028 9.767 27.625 -18.385
4 0 -4.253 12.591 -13.964 -3.25 12.715 -14 -4.566 11.994 -13.788 -4.471 12.322 -13.885
4 0 -4.253 12.591 -13.964 -3.945 12.76 -14.013 -3.593 12.804 -14.026 -3.25 12.715 -14
4 0 11.39 24.763 -17.543 8.841 24.152 -17.364 8.214 25.31 -17.704 10.648 26.231 -17.975
4 0 -4.566 11.994 -13.788 -3.25 12.715 -14 -2.291 12.304 -13.879 -4.524 11.656 -13.689
4 0 11.978 23.234 -17.094 9.356 22.944 -17.009 8.841 24.152 -17.364 11.39 24.763 -17.543
4 0 12.396 21.653 -16.629 9.746 21.695 -16.641 9.356 22.944 -17.009 11.978 23.234 -17.094
4 0 -1.303 11.961 -13.778 -.997 9.314 -13 -4.524 11.656 -13.689 -2.291 12.304 -13.879
4 0 .135 9.101 -12.937 -.997 9.314 -13 -1.303 11.961 -13.778 -.289 11.696 -13.7
4 0 1.281 8.976 -12.9 .135 9.101 -12.937 -.289 11.696 -13.7 .744 11.513 -13.647
4 0 9.746 21.695 -16.641 12.396 21.653 -16.629 12.626 20.037 -16.154 9.996 20.412 -16.264
4 0 2.435 8.945 -12.891 1.281 8.976 -12.9 .744 11.513 -13.647 1.79 11.424 -13.62
4 0 9.996 20.412 -16.264 12.626 20.037 -16.154 12.648 18.407 -15.674 10.088 19.111 -15.881
4 0 12.509 17.155 -15.306 10.034 18.069 -15.575 10.088 19.111 -15.881 12.648 18.407 -15.674
4 0 1.79 11.424 -13.62 2.878 11.438 -13.625 3.743 9.034 -12.918 2.435 8.945 -12.891
4 0 5.033 9.262 -12.984 3.743 9.034 -12.918 2.878 11.438 -13.625 3.956 11.573 -13.664
4 0 .208 5.756 -11.954 -1.681 3.262 -11.22 -4.524 11.656 -13.689 -.997 9.314 -13
4 0 6.286 9.636 -13.095 5.033 9.262 -12.984 3.956 11.573 -13.664 5.009 11.836 -13.741
4 0 10.034 18.069 -15.575 12.509 17.155 -15.306 12.227 15.926 -14.945 9.857 17.039 -15.272
4 0 7.479 10.158 -13.248 6.286 9.636 -13.095 5.009 11.836 -13.741 6.014 12.233 -13.858
4 0 9.857 17.039 -15.272 12.227 15.926 -14.945 11.794 14.739 -14.595 9.547 16.04 -14.978
4 0 8.589 10.828 -13.445 7.479 10.158 -13.248 6.014 12.233 -13.858 6.949 12.767 -14.015
4 0 9.547 16.04 -14.978 11.794 14.739 -14.595 11.208 13.613 -14.264 9.098 15.09 -14.699
4 0 10.472 12.572 -13.958 8.509 14.212 -14.44 9.098 15.09 -14.699 11.208 13.613 -14.264
4 0 9.594 11.637 -13.683 8.589 10.828 -13.445 6.949 12.767 -14.015 7.787 13.431 -14.211
4 0 8.509 14.212 -14.44 10.472 12.572 -13.958 9.594 11.637 -13.683 7.787 13.431 -14.211
4 0 -1.681 3.262 -11.22 .208 5.756 -11.954 14.216 5.756 -11.954 12.129 3.262 -11.22
4 0 -16.013 -.036 -10.25 -16.119 .576 -10.43 -14.919 .576 -10.43 -14.813 -.036 -10.25
4 0 -8.413 -.036 -10.25 -12.413 -.036 -10.25 -12.519 .576 -10.43 -8.519 .576 -10.43
4 0 -7.571 -.036 -10.25 -7.919 .576 -10.43 -6.553 .576 -10.43 -6.205 -.036 -10.25
4 0 -3.753 .576 -10.43 -2.558 .576 -10.43 -2.645 -.036 -10.25 -3.84 -.036 -10.25
4 0 -.452 -.036 -10.25 -1.652 -.036 -10.25 -1.758 .576 -10.43 -.558 .576 -10.43
4 0 1.855 -.036 -10.25 .392 -.036 -10.25 .455 .576 -10.43 1.571 .576 -10.43
4 0 2.748 -.036 -10.25 2.642 .576 -10.43 3.842 .576 -10.43 3.948 -.036 -10.25
4 0 5.36 -.036 -10.25 5.342 .096 -10.289 12.86 .096 -10.289 15.546 -.036 -10.25
4 0 15.546 -.036 -10.25 12.86 .096 -10.289 12.129 3.262 -11.22 14.216 5.756 -11.954

0 // Colour 16 Main Colour
0 BFC CLIP
3 16 -12.477 31.925 -19.65 -19 36.611 -21.028 -11.594 32.686 -19.874
3 16 -13.23 31.044 -19.391 -19 36.611 -21.028 -12.477 31.925 -19.65
3 16 -11.594 32.686 -19.874 -19 36.611 -21.028 -10.589 33.494 -20.111
3 16 -13.882 30.092 -19.111 -19 36.611 -21.028 -13.23 31.044 -19.391
3 16 -10.589 33.494 -20.111 -19 36.611 -21.028 -9.479 34.165 -20.309
3 16 -14.425 29.079 -18.813 -19 36.611 -21.028 -13.882 30.092 -19.111
3 16 -9.479 34.165 -20.309 -19 36.611 -21.028 -8.286 34.687 -20.462
3 16 -14.854 28.017 -18.501 -19 36.611 -21.028 -14.425 29.079 -18.813
3 16 -8.286 34.687 -20.462 -19 36.611 -21.028 -7.033 35.061 -20.572
3 16 -15.164 26.918 -18.177 -19 36.611 -21.028 -14.854 28.017 -18.501
3 16 -7.033 35.061 -20.572 -19 36.611 -21.028 -5.743 35.288 -20.639
3 16 -15.351 25.793 -17.847 -19 36.611 -21.028 -15.164 26.918 -18.177
3 16 -5.743 35.288 -20.639 -19 36.611 -21.028 -4.435 35.377 -20.665
3 16 -15.414 24.656 -17.512 -19 36.611 -21.028 -15.351 25.793 -17.847
3 16 8.758 28.937 -18.771 7.632 30.159 -19.13 19 36.611 -21.028
3 16 7.632 30.159 -19.13 6.399 31.281 -19.46 19 36.611 -21.028
3 16 6.399 31.281 -19.46 5.067 32.294 -19.758 19 36.611 -21.028
3 16 5.067 32.294 -19.758 3.646 33.187 -20.021 19 36.611 -21.028
3 16 3.646 33.187 -20.021 2.143 33.95 -20.245 19 36.611 -21.028
3 16 2.143 33.95 -20.245 .57 34.567 -20.427 19 36.611 -21.028
3 16 .57 34.567 -20.427 -1.062 35.023 -20.561 19 36.611 -21.028
3 16 -1.062 35.023 -20.561 -2.737 35.3 -20.642 19 36.611 -21.028
3 16 9.767 27.625 -18.385 8.758 28.937 -18.771 19 36.611 -21.028
3 16 10.648 26.231 -17.975 9.767 27.625 -18.385 19 36.611 -21.028
3 16 11.39 24.763 -17.543 10.648 26.231 -17.975 19 36.611 -21.028
3 16 11.978 23.234 -17.094 11.39 24.763 -17.543 19 36.611 -21.028
3 16 12.396 21.653 -16.629 11.978 23.234 -17.094 19 36.611 -21.028
3 16 12.626 20.037 -16.154 12.396 21.653 -16.629 19 36.611 -21.028
3 16 .208 5.756 -11.954 -.997 9.314 -13 .135 9.101 -12.937
3 16 .208 5.756 -11.954 .135 9.101 -12.937 1.281 8.976 -12.9
3 16 -.558 .576 -10.43 -1.758 .576 -10.43 -1.681 3.262 -11.22
3 16 1.571 .576 -10.43 .455 .576 -10.43 -1.681 3.262 -11.22
3 16 14.216 5.756 -11.954 7.479 10.158 -13.248 8.589 10.828 -13.445
3 16 14.216 5.756 -11.954 8.589 10.828 -13.445 9.594 11.637 -13.683
3 16 14.216 5.756 -11.954 9.594 11.637 -13.683 10.472 12.572 -13.958
3 16 14.216 5.756 -11.954 10.472 12.572 -13.958 11.208 13.613 -14.264
3 16 14.216 5.756 -11.954 11.208 13.613 -14.264 11.794 14.739 -14.595
3 16 14.216 5.756 -11.954 11.794 14.739 -14.595 12.227 15.926 -14.945
3 16 14.216 5.756 -11.954 12.227 15.926 -14.945 12.509 17.155 -15.306
3 16 14.216 5.756 -11.954 12.509 17.155 -15.306 12.648 18.407 -15.674
3 16 14.216 5.756 -11.954 3.743 9.034 -12.918 5.033 9.262 -12.984
3 16 14.216 5.756 -11.954 5.033 9.262 -12.984 6.286 9.636 -13.095
3 16 14.216 5.756 -11.954 6.286 9.636 -13.095 7.479 10.158 -13.248
3 16 -7 27.153 -18.246 -9.787 30.892 -19.346 -6.561 27.686 -18.403
3 16 -7.898 25.317 -17.706 -12.05 28.055 -18.512 -7.668 25.958 -17.895
3 16 -8.061 24.656 -17.512 -12.618 26.394 -18.023 -7.898 25.317 -17.706
3 16 -5.394 24.73 -17.534 -5.132 25.341 -17.713 -2.223 26.868 -18.163
3 16 -14.919 .576 -10.43 -16.119 .576 -10.43 -15.414 22.161 -16.778
3 16 .744 11.513 -13.647 .991 14.502 -14.526 1.806 14.743 -14.596
3 16 3.956 11.573 -13.664 2.57 15.109 -14.704 3.26 15.591 -14.846
3 16 9.857 17.039 -15.272 4.735 17.492 -15.405 5.021 18.19 -15.61
3 16 8.509 14.212 -14.44 4.735 17.492 -15.405 9.098 15.09 -14.699
3 16 -6.553 .576 -10.43 -7.919 .576 -10.43 -4.566 1.535 -10.712
3 16 3.842 .576 -10.43 2.642 .576 -10.43 12.129 3.262 -11.22
3 16 14.216 5.756 -11.954 2.435 8.945 -12.891 3.743 9.034 -12.918
3 16 -3.84 -.036 -10.25 -6.205 -.036 -10.25 -6.553 .576 -10.43
3 16 .392 -.036 -10.25 -.452 -.036 -10.25 -.558 .576 -10.43
3 16 -16.013 -.036 -10.25 -19 -.036 -10.25 -16.119 .576 -10.43
3 16 -15.414 22.161 -16.778 -19 36.611 -21.028 -15.414 24.656 -17.512
4 16 -7.369 26.574 -18.076 -11.633 28.833 -18.74 -11.132 29.565 -18.956 -10.586 30.205 -19.144
4 16 -7.898 25.317 -17.706 -12.618 26.394 -18.023 -12.38 27.239 -18.272 -12.05 28.055 -18.512
4 16 -8.061 24.656 -17.512 -12.81 24.656 -17.512 -12.762 25.53 -17.769 -12.618 26.394 -18.023
4 16 -.113 26.038 -17.918 -5.615 23.431 -17.152 -5.551 24.088 -17.345 -5.394 24.73 -17.534
4 16 -3.25 12.715 -14 -3.593 12.804 -14.026 -2.352 14.761 -14.602 -1.261 14.475 -14.518
4 16 -1.261 14.475 -14.518 -1.303 11.961 -13.778 -2.291 12.304 -13.879 -3.25 12.715 -14
4 16 1.806 14.743 -14.596 2.878 11.438 -13.625 1.79 11.424 -13.62 .744 11.513 -13.647
4 16 -7.919 .576 -10.43 -8.519 .576 -10.43 -7.3 1.535 -10.712 -4.566 1.535 -10.712
4 16 3.26 15.591 -14.846 6.014 12.233 -13.858 5.009 11.836 -13.741 3.956 11.573 -13.664
4 16 9.547 16.04 -14.978 9.098 15.09 -14.699 4.735 17.492 -15.405 9.857 17.039 -15.272
4 16 8.509 14.212 -14.44 7.787 13.431 -14.211 4.364 16.832 -15.211 4.735 17.492 -15.405
4 16 .208 5.756 -11.954 1.281 8.976 -12.9 2.435 8.945 -12.891 14.216 5.756 -11.954
4 16 -2.558 .576 -10.43 -3.753 .576 -10.43 -4.566 1.535 -10.712 -4.524 11.656 -13.689
4 16 -.558 .576 -10.43 -1.681 3.262 -11.22 .455 .576 -10.43 .392 -.036 -10.25
4 16 2.642 .576 -10.43 1.571 .576 -10.43 -1.681 3.262 -11.22 12.129 3.262 -11.22
4 16 -13.214 18.995 -15.847 -12.519 .576 -10.43 -14.919 .576 -10.43 -15.414 22.161 -16.778
4 16 -9.787 30.892 -19.346 -8.949 31.555 -19.541 -5.955 28.241 -18.566 -6.561 27.686 -18.403
4 16 -7 27.153 -18.246 -7.369 26.574 -18.076 -10.586 30.205 -19.144 -9.787 30.892 -19.346
4 16 -8.949 31.555 -19.541 -8.014 32.09 -19.698 -5.265 28.697 -18.701 -5.955 28.241 -18.566
4 16 -5.956 32.75 -19.892 -5.265 28.697 -18.701 -8.014 32.09 -19.698 -7.009 32.487 -19.815
4 16 -7.668 25.958 -17.895 -12.05 28.055 -18.512 -11.633 28.833 -18.74 -7.369 26.574 -18.076
4 16 -4.878 32.884 -19.932 -4.508 29.041 -18.802 -5.265 28.697 -18.701 -5.956 32.75 -19.892
4 16 -4.508 29.041 -18.802 -4.878 32.884 -19.932 -3.79 32.898 -19.936 -3.703 29.263 -18.867
4 16 -2.438 32.765 -19.897 -2.871 29.36 -18.896 -3.703 29.263 -18.867 -3.79 32.898 -19.936
4 16 -2.871 29.36 -18.896 -2.438 32.765 -19.897 -1.111 32.48 -19.813 -1.654 29.291 -18.875
4 16 -.474 28.996 -18.788 -1.654 29.291 -18.875 -1.111 32.48 -19.813 .177 32.063 -19.69
4 16 -3.622 26.696 -18.112 -2.934 26.863 -18.161 -4.755 25.892 -17.876 -4.243 26.363 -18.014
4 16 .635 28.508 -18.645 -.474 28.996 -18.788 .177 32.063 -19.69 1.417 31.527 -19.533
4 16 -2.934 26.863 -18.161 -2.223 26.868 -18.163 -5.132 25.341 -17.713 -4.755 25.892 -17.876
4 16 -1.112 26.585 -18.079 -.113 26.038 -17.918 -5.394 24.73 -17.534 -2.223 26.868 -18.163
4 16 1.417 31.527 -19.533 2.601 30.886 -19.344 1.651 27.863 -18.455 .635 28.508 -18.645
4 16 2.563 27.086 -18.227 1.651 27.863 -18.455 2.601 30.886 -19.344 3.724 30.15 -19.128
4 16 .751 25.311 -17.705 -5.599 22.794 -16.964 -5.615 23.431 -17.152 -.113 26.038 -17.918
4 16 5.762 28.426 -18.621 2.563 27.086 -18.227 3.724 30.15 -19.128 4.779 29.327 -18.886
4 16 1.475 24.454 -17.453 -5.514 22.161 -16.778 -5.599 22.794 -16.964 .751 25.311 -17.705
4 16 1.475 24.454 -17.453 1.959 23.685 -17.226 -4.05 18.995 -15.847 -5.514 22.161 -16.778
4 16 7.486 26.411 -18.028 3.969 25.343 -17.714 3.361 26.201 -17.966 6.666 27.452 -18.334
4 16 2.563 27.086 -18.227 5.762 28.426 -18.621 6.666 27.452 -18.334 3.361 26.201 -17.966
4 16 2.621 22.006 -16.733 -4.05 18.995 -15.847 1.959 23.685 -17.226 2.343 22.865 -16.985
4 16 2.783 21.12 -16.472 -3.487 18.372 -15.664 -4.05 18.995 -15.847 2.621 22.006 -16.733
4 16 -2.737 35.3 -20.642 -4.435 35.377 -20.665 -19 36.611 -21.028 19 36.611 -21.028
4 16 -3.487 18.372 -15.664 2.783 21.12 -16.472 2.817 20.508 -16.292 -2.845 17.822 -15.502
4 16 8.841 24.152 -17.364 4.88 23.462 -17.161 4.477 24.425 -17.444 8.214 25.31 -17.704
4 16 3.969 25.343 -17.714 7.486 26.411 -18.028 8.214 25.31 -17.704 4.477 24.425 -17.444
4 16 2.817 20.508 -16.292 2.784 19.895 -16.112 -2.128 17.367 -15.368 -2.845 17.822 -15.502
4 16 2.784 19.895 -16.112 2.674 19.291 -15.934 -1.339 17.037 -15.271 -2.128 17.367 -15.368
4 16 -4.333 15.798 -14.907 -4.253 12.591 -13.964 -4.471 12.322 -13.885 -5.194 16.501 -15.114
4 16 -3.382 15.21 -14.734 -3.945 12.76 -14.013 -4.253 12.591 -13.964 -4.333 15.798 -14.907
4 16 -5.194 16.501 -15.114 -4.471 12.322 -13.885 -4.566 11.994 -13.788 -9.635 16.501 -15.114
4 16 2.674 19.291 -15.934 2.477 18.707 -15.762 -.496 16.872 -15.223 -1.339 17.037 -15.271
4 16 -2.352 14.761 -14.602 -3.593 12.804 -14.026 -3.945 12.76 -14.013 -3.382 15.21 -14.734
4 16 1.656 17.553 -15.423 -.496 16.872 -15.223 2.477 18.707 -15.762 2.134 18.086 -15.58
4 16 -4.566 1.535 -10.712 -9.635 16.501 -15.114 -4.566 11.994 -13.788 -4.524 11.656 -13.689
4 16 -.496 16.872 -15.223 1.656 17.553 -15.423 1.054 17.152 -15.305 .362 16.919 -15.237
4 16 9.746 21.695 -16.641 5.348 21.439 -16.566 5.173 22.463 -16.867 9.356 22.944 -17.009
4 16 4.88 23.462 -17.161 8.841 24.152 -17.364 9.356 22.944 -17.009 5.173 22.463 -16.867
4 16 -.289 11.696 -13.7 -1.303 11.961 -13.778 -1.261 14.475 -14.518 -.134 14.381 -14.49
4 16 5.348 21.439 -16.566 9.746 21.695 -16.641 9.996 20.412 -16.264 5.397 20.402 -16.261
4 16 .991 14.502 -14.526 .744 11.513 -13.647 -.289 11.696 -13.7 -.134 14.381 -14.49
4 16 10.034 18.069 -15.575 5.224 18.914 -15.823 5.348 19.654 -16.041 10.088 19.111 -15.881
4 16 5.397 20.402 -16.261 9.996 20.412 -16.264 10.088 19.111 -15.881 5.348 19.654 -16.041
4 16 3.956 11.573 -13.664 2.878 11.438 -13.625 1.806 14.743 -14.596 2.57 15.109 -14.704
4 16 10.034 18.069 -15.575 9.857 17.039 -15.272 5.021 18.19 -15.61 5.224 18.914 -15.823
4 16 14.216 5.756 -11.954 12.648 18.407 -15.674 12.626 20.037 -16.154 19 36.611 -21.028
4 16 3.26 15.591 -14.846 3.861 16.171 -15.017 6.949 12.767 -14.015 6.014 12.233 -13.858
4 16 6.949 12.767 -14.015 3.861 16.171 -15.017 4.364 16.832 -15.211 7.787 13.431 -14.211
4 16 -6.553 .576 -10.43 -4.566 1.535 -10.712 -3.753 .576 -10.43 -3.84 -.036 -10.25
4 16 -2.558 .576 -10.43 -4.524 11.656 -13.689 -1.681 3.262 -11.22 -1.758 .576 -10.43
4 16 12.86 .096 -10.289 5.342 .096 -10.289 3.842 .576 -10.43 12.129 3.262 -11.22
4 16 -15.414 22.161 -16.778 -5.514 22.161 -16.778 -4.05 18.995 -15.847 -13.214 18.995 -15.847
4 16 -8.519 .576 -10.43 -12.519 .576 -10.43 -13.214 18.995 -15.847 -7.3 1.535 -10.712
4 16 -12.413 -.036 -10.25 -14.813 -.036 -10.25 -14.919 .576 -10.43 -12.519 .576 -10.43
4 16 -7.919 .576 -10.43 -7.571 -.036 -10.25 -8.413 -.036 -10.25 -8.519 .576 -10.43
4 16 -1.652 -.036 -10.25 -2.645 -.036 -10.25 -2.558 .576 -10.43 -1.758 .576 -10.43
4 16 2.642 .576 -10.43 2.748 -.036 -10.25 1.855 -.036 -10.25 1.571 .576 -10.43
4 16 5.342 .096 -10.289 5.36 -.036 -10.25 3.948 -.036 -10.25 3.842 .576 -10.43
4 16 19 -.036 -10.25 15.546 -.036 -10.25 14.216 5.756 -11.954 19 36.611 -21.028
4 16 -15.414 22.161 -16.778 -16.119 .576 -10.43 -19 -.036 -10.25 -19 36.611 -21.028