0 Sticker  0.8 x  1.8 with "1", "2" and "3" in Yellow Circle
0 Name: 821577d.dat
0 Author: Evert-Jan Boer [ejboer]
0 !LDRAW_ORG Part UPDATE 2026-07
0 !LICENSE Licensed under CC BY 4.0 : see CAreadme.txt

0 BFC CERTIFY CCW

0 !CATEGORY Sticker
0 !KEYWORDS Multi Control, Set 8082

0 !HISTORY 2026-07-30 [OrionP] Official Update 2026-07

1 16 0 -.25 0 18 0 0 0 0.25 0 0 0 8 box5-12.dat
3 16 -18 -.25 8 -11.73 -.25 4.94 -10.75 -.25 5.04
3 16 -18 -.25 8 -13.55 -.25 4.19 -12.68 -.25 4.66
3 16 -18 -.25 8 -14.31 -.25 3.56 -13.55 -.25 4.19
3 16 -18 -.25 8 -14.94 -.25 2.8 -14.31 -.25 3.56
3 16 -18 -.25 8 -15.41 -.25 1.93 -14.94 -.25 2.8
3 16 -18 -.25 8 -15.69 -.25 .98 -15.41 -.25 1.93
3 16 -15.79 -.25 0 -18 -.25 -8 -15.69 -.25 -.98
3 16 -15.69 -.25 -.98 -18 -.25 -8 -15.41 -.25 -1.93
3 16 -14.94 -.25 -2.8 -18 -.25 -8 -14.31 -.25 -3.56
3 16 -14.31 -.25 -3.56 -18 -.25 -8 -13.55 -.25 -4.19
3 16 -13.55 -.25 -4.19 -18 -.25 -8 -12.68 -.25 -4.66
3 16 -12.68 -.25 -4.66 -18 -.25 -8 -11.73 -.25 -4.94
3 16 -11.73 -.25 -4.94 -18 -.25 -8 -10.75 -.25 -5.04
3 16 10.75 -.25 -5.04 0 -.25 -5.04 18 -.25 -8
3 16 12.68 -.25 -4.66 11.73 -.25 -4.94 18 -.25 -8
3 16 13.55 -.25 -4.19 12.68 -.25 -4.66 18 -.25 -8
3 16 14.31 -.25 -3.56 13.55 -.25 -4.19 18 -.25 -8
3 16 14.94 -.25 -2.8 14.31 -.25 -3.56 18 -.25 -8
3 16 15.41 -.25 -1.93 14.94 -.25 -2.8 18 -.25 -8
3 16 15.69 -.25 -.98 15.41 -.25 -1.93 18 -.25 -8
3 16 18 -.25 8 15.69 -.25 .98 15.79 -.25 0
3 16 18 -.25 8 15.41 -.25 1.93 15.69 -.25 .98
3 16 18 -.25 8 14.31 -.25 3.56 14.94 -.25 2.8
3 16 18 -.25 8 13.55 -.25 4.19 14.31 -.25 3.56
3 16 18 -.25 8 12.68 -.25 4.66 13.55 -.25 4.19
3 16 18 -.25 8 11.73 -.25 4.94 12.68 -.25 4.66
3 16 18 -.25 8 0 -.25 5.04 10.75 -.25 5.04
3 16 18 -.25 8 10.75 -.25 5.04 11.73 -.25 4.94
4 16 -.98 -.25 4.94 0 -.25 5.04 -10.75 -.25 5.04 -9.77 -.25 4.94
4 16 -1.93 -.25 4.66 -.98 -.25 4.94 -9.77 -.25 4.94 -8.82 -.25 4.66
4 16 -2.8 -.25 4.19 -1.93 -.25 4.66 -8.82 -.25 4.66 -7.95 -.25 4.19
4 16 -7.19 -.25 3.56 -3.56 -.25 3.56 -2.8 -.25 4.19 -7.95 -.25 4.19
4 16 -6.56 -.25 2.8 -4.19 -.25 2.8 -3.56 -.25 3.56 -7.19 -.25 3.56
4 16 -6.09 -.25 1.93 -4.66 -.25 1.93 -4.19 -.25 2.8 -6.56 -.25 2.8
4 16 -5.81 -.25 .98 -4.94 -.25 .98 -4.66 -.25 1.93 -6.09 -.25 1.93
4 16 -5.71 -.25 0 -5.04 -.25 0 -4.94 -.25 .98 -5.81 -.25 .98
4 16 -5.81 -.25 -.98 -4.94 -.25 -.98 -5.04 -.25 0 -5.71 -.25 0
4 16 -6.09 -.25 -1.93 -4.66 -.25 -1.93 -4.94 -.25 -.98 -5.81 -.25 -.98
4 16 -6.56 -.25 -2.8 -4.19 -.25 -2.8 -4.66 -.25 -1.93 -6.09 -.25 -1.93
4 16 -7.19 -.25 -3.56 -3.56 -.25 -3.56 -4.19 -.25 -2.8 -6.56 -.25 -2.8
4 16 -2.8 -.25 -4.19 -3.56 -.25 -3.56 -7.19 -.25 -3.56 -7.95 -.25 -4.19
4 16 -8.82 -.25 -4.66 -1.93 -.25 -4.66 -2.8 -.25 -4.19 -7.95 -.25 -4.19
4 16 -9.77 -.25 -4.94 -.98 -.25 -4.94 -1.93 -.25 -4.66 -8.82 -.25 -4.66
4 16 -10.75 -.25 -5.04 0 -.25 -5.04 -.98 -.25 -4.94 -9.77 -.25 -4.94
4 16 9.77 -.25 4.94 10.75 -.25 5.04 0 -.25 5.04 .98 -.25 4.94
4 16 8.82 -.25 4.66 9.77 -.25 4.94 .98 -.25 4.94 1.93 -.25 4.66
4 16 7.95 -.25 4.19 8.82 -.25 4.66 1.93 -.25 4.66 2.8 -.25 4.19
4 16 2.8 -.25 4.19 3.56 -.25 3.56 7.19 -.25 3.56 7.95 -.25 4.19
4 16 6.56 -.25 2.8 7.19 -.25 3.56 3.56 -.25 3.56 4.19 -.25 2.8
4 16 6.09 -.25 1.93 6.56 -.25 2.8 4.19 -.25 2.8 4.66 -.25 1.93
4 16 5.81 -.25 .98 6.09 -.25 1.93 4.66 -.25 1.93 4.94 -.25 .98
4 16 5.71 -.25 0 5.81 -.25 .98 4.94 -.25 .98 5.04 -.25 0
4 16 5.81 -.25 -.98 5.71 -.25 0 5.04 -.25 0 4.94 -.25 -.98
4 16 6.09 -.25 -1.93 5.81 -.25 -.98 4.94 -.25 -.98 4.66 -.25 -1.93
4 16 6.56 -.25 -2.8 6.09 -.25 -1.93 4.66 -.25 -1.93 4.19 -.25 -2.8
4 16 4.19 -.25 -2.8 3.56 -.25 -3.56 7.19 -.25 -3.56 6.56 -.25 -2.8
4 16 7.95 -.25 -4.19 7.19 -.25 -3.56 3.56 -.25 -3.56 2.8 -.25 -4.19
4 16 8.82 -.25 -4.66 7.95 -.25 -4.19 2.8 -.25 -4.19 1.93 -.25 -4.66
4 16 9.77 -.25 -4.94 8.82 -.25 -4.66 1.93 -.25 -4.66 .98 -.25 -4.94
4 16 10.75 -.25 -5.04 9.77 -.25 -4.94 .98 -.25 -4.94 0 -.25 -5.04
3 16 -11.73 -.25 4.94 -18 -.25 8 -12.68 -.25 4.66
4 16 -15.79 -.25 0 -15.69 -.25 .98 -18 -.25 8 -18 -.25 -8
3 16 -15.41 -.25 -1.93 -18 -.25 -8 -14.94 -.25 -2.8
4 16 -18 -.25 -8 18 -.25 -8 0 -.25 -5.04 -10.75 -.25 -5.04
3 16 10.75 -.25 -5.04 18 -.25 -8 11.73 -.25 -4.94
4 16 18 -.25 -8 18 -.25 8 15.79 -.25 0 15.69 -.25 -.98
3 16 15.41 -.25 1.93 18 -.25 8 14.94 -.25 2.8
4 16 0 -.25 5.04 18 -.25 8 -18 -.25 8 -10.75 -.25 5.04

0 BFC NOCLIP

3 0 1.1 -.25 .8 -.8 -.25 -.7 1.8 -.25 .75
3 0 -1 -.25 -1.85 -1.8 -.25 -2.9 -1.1 -.25 -2.3
3 0 -10.4 -.25 3.3 -11.05 -.25 3.3 -11.1 -.25 2.85
3 14 -6.98 -.25 2.52 -6.31 -.25 .88 -6.57 -.25 1.73
3 14 -6.22 -.25 0 -6.57 -.25 -1.73 -6.31 -.25 -.88
3 14 -14.52 -.25 -2.52 -13.95 -.25 -3.2 -13.27 -.25 -3.77
3 14 -15.19 -.25 -.88 -14.93 -.25 -1.73 -14.52 -.25 -2.52
3 14 -14.93 -.25 1.73 -15.19 -.25 .88 -15.28 -.25 0
3 14 .88 -.25 4.44 -.25 -.25 3.3 .45 -.25 3.3
3 14 -.7 -.25 -1.4 -1 -.25 -1.85 -1.1 -.25 -2.3
3 14 1.45 -.25 .25 -.35 -.25 -1.05 -.7 -.25 -1.4
3 14 .88 -.25 -4.44 -.88 -.25 -4.44 0 -.25 -4.53
3 14 -3.2 -.25 -3.2 -2.52 -.25 -3.77 -1.73 -.25 -4.18
3 14 -.85 -.25 2.4 -1.1 -.25 2 -1.2 -.25 1.3
3 14 1.15 -.25 2.1 1.3 -.25 1.25 1.3 -.25 1.65
3 14 .55 -.25 2.65 1.15 -.25 2.1 .9 -.25 2.45
4 0 -1.2 -.25 1.3 -1.1 -.25 2 -1.7 -.25 2.1 -1.8 -.25 1.3
4 0 -1.1 -.25 2 -.85 -.25 2.4 -1.4 -.25 2.7 -1.7 -.25 2.1
4 0 -.85 -.25 2.4 -.5 -.25 2.65 -.95 -.25 3.1 -1.4 -.25 2.7
4 0 -.25 -.25 3.3 -.95 -.25 3.1 -.5 -.25 2.65 0 -.25 2.75
4 0 .45 -.25 3.3 -.25 -.25 3.3 0 -.25 2.75 .55 -.25 2.65
4 0 .55 -.25 2.65 .9 -.25 2.45 1.15 -.25 3.05 .45 -.25 3.3
4 0 .9 -.25 2.45 1.15 -.25 2.1 1.6 -.25 2.55 1.15 -.25 3.05
4 0 1.85 -.25 1.95 1.6 -.25 2.55 1.15 -.25 2.1 1.3 -.25 1.65
4 0 1.3 -.25 1.65 1.3 -.25 1.25 1.9 -.25 1.35 1.85 -.25 1.95
4 0 1.8 -.25 .75 1.9 -.25 1.35 1.3 -.25 1.25 1.1 -.25 .8
4 0 -1.4 -.25 -1.3 1.45 -.25 .25 1.8 -.25 .75 -.8 -.25 -.7
4 0 1.45 -.25 .25 -1.4 -.25 -1.3 -1.7 -.25 -1.8 -.35 -.25 -1.05
4 0 -.35 -.25 -1.05 -1.7 -.25 -1.8 -1.8 -.25 -2.3 -.7 -.25 -1.4
4 0 -.7 -.25 -1.4 -1.8 -.25 -2.3 -1.8 -.25 -2.9 -1 -.25 -1.85
4 0 1.9 -.25 -2.3 -1.1 -.25 -2.3 -1.8 -.25 -2.9 1.9 -.25 -2.9
4 0 -11.05 -.25 1.7 -11.6 -.25 2.25 -12.7 -.25 2.15 -12.7 -.25 1.7
4 0 -11.05 -.25 1.7 -10.4 -.25 2.8 -11.25 -.25 2.5 -11.6 -.25 2.25
4 0 -11.1 -.25 2.85 -11.25 -.25 2.5 -10.4 -.25 2.8 -10.4 -.25 3.3
4 0 -11.05 -.25 1.7 -11.05 -.25 -2.9 -10.4 -.25 -2.9 -10.4 -.25 2.8
4 4 -4.53 -.25 0 -4.44 -.25 .88 -4.94 -.25 .98 -5.04 -.25 0
4 4 -4.44 -.25 -.88 -4.53 -.25 0 -5.04 -.25 0 -4.94 -.25 -.98
4 4 -4.94 -.25 -.98 -4.66 -.25 -1.93 -4.18 -.25 -1.73 -4.44 -.25 -.88
4 4 -3.77 -.25 -2.52 -4.18 -.25 -1.73 -4.66 -.25 -1.93 -4.19 -.25 -2.8
4 4 -3.2 -.25 -3.2 -3.77 -.25 -2.52 -4.19 -.25 -2.8 -3.56 -.25 -3.56
4 4 -2.52 -.25 -3.77 -3.2 -.25 -3.2 -3.56 -.25 -3.56 -2.8 -.25 -4.19
4 4 -2.8 -.25 -4.19 -1.93 -.25 -4.66 -1.73 -.25 -4.18 -2.52 -.25 -3.77
4 4 -1.93 -.25 -4.66 -.98 -.25 -4.94 -.88 -.25 -4.44 -1.73 -.25 -4.18
4 4 -.98 -.25 -4.94 0 -.25 -5.04 0 -.25 -4.53 -.88 -.25 -4.44
4 4 .88 -.25 -4.44 0 -.25 -4.53 0 -.25 -5.04 .98 -.25 -4.94
4 4 .98 -.25 -4.94 1.93 -.25 -4.66 1.73 -.25 -4.18 .88 -.25 -4.44
4 4 2.52 -.25 -3.77 1.73 -.25 -4.18 1.93 -.25 -4.66 2.8 -.25 -4.19
4 4 2.8 -.25 -4.19 3.56 -.25 -3.56 3.2 -.25 -3.2 2.52 -.25 -3.77
4 4 3.56 -.25 -3.56 4.19 -.25 -2.8 3.77 -.25 -2.52 3.2 -.25 -3.2
4 4 4.19 -.25 -2.8 4.66 -.25 -1.93 4.18 -.25 -1.73 3.77 -.25 -2.52
4 4 4.66 -.25 -1.93 4.94 -.25 -.98 4.44 -.25 -.88 4.18 -.25 -1.73
4 4 4.94 -.25 -.98 5.04 -.25 0 4.53 -.25 0 4.44 -.25 -.88
4 4 5.04 -.25 0 4.94 -.25 .98 4.44 -.25 .88 4.53 -.25 0
4 4 4.18 -.25 1.73 4.44 -.25 .88 4.94 -.25 .98 4.66 -.25 1.93
4 4 4.66 -.25 1.93 4.19 -.25 2.8 3.77 -.25 2.52 4.18 -.25 1.73
4 4 4.19 -.25 2.8 3.56 -.25 3.56 3.2 -.25 3.2 3.77 -.25 2.52
4 4 3.56 -.25 3.56 2.8 -.25 4.19 2.52 -.25 3.77 3.2 -.25 3.2
4 4 1.73 -.25 4.18 2.52 -.25 3.77 2.8 -.25 4.19 1.93 -.25 4.66
4 4 .88 -.25 4.44 1.73 -.25 4.18 1.93 -.25 4.66 .98 -.25 4.94
4 4 0 -.25 4.53 .88 -.25 4.44 .98 -.25 4.94 0 -.25 5.04
4 4 -.88 -.25 4.44 0 -.25 4.53 0 -.25 5.04 -.98 -.25 4.94
4 4 -1.73 -.25 4.18 -.88 -.25 4.44 -.98 -.25 4.94 -1.93 -.25 4.66
4 4 -2.52 -.25 3.77 -1.73 -.25 4.18 -1.93 -.25 4.66 -2.8 -.25 4.19
4 4 -3.2 -.25 3.2 -2.52 -.25 3.77 -2.8 -.25 4.19 -3.56 -.25 3.56
4 4 -3.77 -.25 2.52 -3.2 -.25 3.2 -3.56 -.25 3.56 -4.19 -.25 2.8
4 4 -4.18 -.25 1.73 -3.77 -.25 2.52 -4.19 -.25 2.8 -4.66 -.25 1.93
4 4 -4.44 -.25 .88 -4.18 -.25 1.73 -4.66 -.25 1.93 -4.94 -.25 .98
4 4 -15.69 -.25 .98 -15.79 -.25 0 -15.28 -.25 0 -15.19 -.25 .88
4 4 -15.79 -.25 0 -15.69 -.25 -.98 -15.19 -.25 -.88 -15.28 -.25 0
4 4 -15.69 -.25 -.98 -15.41 -.25 -1.93 -14.93 -.25 -1.73 -15.19 -.25 -.88
4 4 -15.41 -.25 -1.93 -14.94 -.25 -2.8 -14.52 -.25 -2.52 -14.93 -.25 -1.73
4 4 -13.95 -.25 -3.2 -14.52 -.25 -2.52 -14.94 -.25 -2.8 -14.31 -.25 -3.56
4 4 -14.31 -.25 -3.56 -13.55 -.25 -4.19 -13.27 -.25 -3.77 -13.95 -.25 -3.2
4 4 -13.55 -.25 -4.19 -12.68 -.25 -4.66 -12.48 -.25 -4.18 -13.27 -.25 -3.77
4 4 -12.68 -.25 -4.66 -11.73 -.25 -4.94 -11.63 -.25 -4.44 -12.48 -.25 -4.18
4 4 -11.73 -.25 -4.94 -10.75 -.25 -5.04 -10.75 -.25 -4.53 -11.63 -.25 -4.44
4 4 -10.75 -.25 -5.04 -9.77 -.25 -4.94 -9.87 -.25 -4.44 -10.75 -.25 -4.53
4 4 -9.77 -.25 -4.94 -8.82 -.25 -4.66 -9.02 -.25 -4.18 -9.87 -.25 -4.44
4 4 -8.82 -.25 -4.66 -7.95 -.25 -4.19 -8.23 -.25 -3.77 -9.02 -.25 -4.18
4 4 -7.55 -.25 -3.2 -8.23 -.25 -3.77 -7.95 -.25 -4.19 -7.19 -.25 -3.56
4 4 -6.98 -.25 -2.52 -7.55 -.25 -3.2 -7.19 -.25 -3.56 -6.56 -.25 -2.8
4 4 -6.56 -.25 -2.8 -6.09 -.25 -1.93 -6.57 -.25 -1.73 -6.98 -.25 -2.52
4 4 -6.31 -.25 -.88 -6.57 -.25 -1.73 -6.09 -.25 -1.93 -5.81 -.25 -.98
4 4 -6.22 -.25 0 -6.31 -.25 -.88 -5.81 -.25 -.98 -5.71 -.25 0
4 4 -6.31 -.25 .88 -6.22 -.25 0 -5.71 -.25 0 -5.81 -.25 .98
4 4 -6.57 -.25 1.73 -6.31 -.25 .88 -5.81 -.25 .98 -6.09 -.25 1.93
4 4 -6.98 -.25 2.52 -6.57 -.25 1.73 -6.09 -.25 1.93 -6.56 -.25 2.8
4 4 -7.55 -.25 3.2 -6.98 -.25 2.52 -6.56 -.25 2.8 -7.19 -.25 3.56
4 4 -8.23 -.25 3.77 -7.55 -.25 3.2 -7.19 -.25 3.56 -7.95 -.25 4.19
4 4 -9.02 -.25 4.18 -8.23 -.25 3.77 -7.95 -.25 4.19 -8.82 -.25 4.66
4 4 -9.87 -.25 4.44 -9.02 -.25 4.18 -8.82 -.25 4.66 -9.77 -.25 4.94
4 4 -10.75 -.25 4.53 -9.87 -.25 4.44 -9.77 -.25 4.94 -10.75 -.25 5.04
4 4 -10.75 -.25 5.04 -11.73 -.25 4.94 -11.63 -.25 4.44 -10.75 -.25 4.53
4 4 -11.73 -.25 4.94 -12.68 -.25 4.66 -12.48 -.25 4.18 -11.63 -.25 4.44
4 4 -12.68 -.25 4.66 -13.55 -.25 4.19 -13.27 -.25 3.77 -12.48 -.25 4.18
4 4 -13.55 -.25 4.19 -14.31 -.25 3.56 -13.95 -.25 3.2 -13.27 -.25 3.77
4 4 -14.31 -.25 3.56 -14.94 -.25 2.8 -14.52 -.25 2.52 -13.95 -.25 3.2
4 4 -14.93 -.25 1.73 -14.52 -.25 2.52 -14.94 -.25 2.8 -15.41 -.25 1.93
4 4 -15.41 -.25 1.93 -15.69 -.25 .98 -15.19 -.25 .88 -14.93 -.25 1.73
4 14 -11.05 -.25 3.3 -10.4 -.25 3.3 -10.75 -.25 4.53 -11.63 -.25 4.44
4 14 -9.87 -.25 4.44 -10.75 -.25 4.53 -10.4 -.25 3.3 -9.02 -.25 4.18
4 14 -10.4 -.25 2.8 -8.23 -.25 3.77 -9.02 -.25 4.18 -10.4 -.25 3.3
4 14 -7.55 -.25 3.2 -8.23 -.25 3.77 -10.4 -.25 2.8 -6.98 -.25 2.52
4 14 -10.4 -.25 -2.9 -6.31 -.25 .88 -6.98 -.25 2.52 -10.4 -.25 2.8
4 14 -6.31 -.25 .88 -10.4 -.25 -2.9 -6.57 -.25 -1.73 -6.22 -.25 0
4 14 -6.98 -.25 -2.52 -6.57 -.25 -1.73 -10.4 -.25 -2.9 -7.55 -.25 -3.2
4 14 -8.23 -.25 -3.77 -7.55 -.25 -3.2 -10.4 -.25 -2.9 -9.02 -.25 -4.18
4 14 -9.87 -.25 -4.44 -9.02 -.25 -4.18 -10.4 -.25 -2.9 -10.75 -.25 -4.53
4 14 -10.75 -.25 -4.53 -10.4 -.25 -2.9 -11.05 -.25 -2.9 -11.63 -.25 -4.44
4 14 -11.05 -.25 -2.9 -13.27 -.25 -3.77 -12.48 -.25 -4.18 -11.63 -.25 -4.44
4 14 -15.19 -.25 -.88 -14.52 -.25 -2.52 -13.27 -.25 -3.77 -11.05 -.25 -2.9
4 14 -14.93 -.25 1.73 -15.28 -.25 0 -15.19 -.25 -.88 -12.7 -.25 1.7
4 14 -15.19 -.25 -.88 -11.05 -.25 -2.9 -11.05 -.25 1.7 -12.7 -.25 1.7
4 14 -14.52 -.25 2.52 -14.93 -.25 1.73 -12.7 -.25 1.7 -12.7 -.25 2.15
4 14 -13.95 -.25 3.2 -14.52 -.25 2.52 -12.7 -.25 2.15 -13.27 -.25 3.77
4 14 -13.27 -.25 3.77 -12.7 -.25 2.15 -11.6 -.25 2.25 -11.25 -.25 2.5
4 14 -13.27 -.25 3.77 -11.25 -.25 2.5 -11.1 -.25 2.85 -12.48 -.25 4.18
4 14 -11.1 -.25 2.85 -11.05 -.25 3.3 -11.63 -.25 4.44 -12.48 -.25 4.18
4 14 -.95 -.25 3.1 -.25 -.25 3.3 .88 -.25 4.44 0 -.25 4.53
4 14 .45 -.25 3.3 1.15 -.25 3.05 1.73 -.25 4.18 .88 -.25 4.44
4 14 1.15 -.25 3.05 1.6 -.25 2.55 2.52 -.25 3.77 1.73 -.25 4.18
4 14 1.6 -.25 2.55 1.85 -.25 1.95 3.2 -.25 3.2 2.52 -.25 3.77
4 14 1.85 -.25 1.95 4.18 -.25 1.73 3.77 -.25 2.52 3.2 -.25 3.2
4 14 4.18 -.25 1.73 1.85 -.25 1.95 1.9 -.25 1.35 4.44 -.25 .88
4 14 1.8 -.25 .75 4.53 -.25 0 4.44 -.25 .88 1.9 -.25 1.35
4 14 1.45 -.25 .25 4.44 -.25 -.88 4.53 -.25 0 1.8 -.25 .75
4 14 1.45 -.25 .25 1.9 -.25 -2.3 4.18 -.25 -1.73 4.44 -.25 -.88
4 14 1.9 -.25 -2.3 3.2 -.25 -3.2 3.77 -.25 -2.52 4.18 -.25 -1.73
4 14 1.9 -.25 -2.9 2.52 -.25 -3.77 3.2 -.25 -3.2 1.9 -.25 -2.3
4 14 1.45 -.25 .25 -.7 -.25 -1.4 -1.1 -.25 -2.3 1.9 -.25 -2.3
4 14 1.9 -.25 -2.9 .88 -.25 -4.44 1.73 -.25 -4.18 2.52 -.25 -3.77
4 14 .88 -.25 -4.44 1.9 -.25 -2.9 -1.8 -.25 -2.9 -.88 -.25 -4.44
4 14 -.88 -.25 -4.44 -1.8 -.25 -2.9 -3.2 -.25 -3.2 -1.73 -.25 -4.18
4 14 -1.8 -.25 -2.3 -3.77 -.25 -2.52 -3.2 -.25 -3.2 -1.8 -.25 -2.9
4 14 -4.18 -.25 -1.73 -3.77 -.25 -2.52 -1.8 -.25 -2.3 -1.7 -.25 -1.8
4 14 -4.44 -.25 -.88 -4.18 -.25 -1.73 -1.7 -.25 -1.8 -1.4 -.25 -1.3
4 14 -4.53 -.25 0 -4.44 -.25 -.88 -1.4 -.25 -1.3 -.8 -.25 -.7
4 14 -1.8 -.25 1.3 -4.44 -.25 .88 -4.53 -.25 0 -.8 -.25 -.7
4 14 -4.18 -.25 1.73 -4.44 -.25 .88 -1.8 -.25 1.3 -1.7 -.25 2.1
4 14 -3.77 -.25 2.52 -4.18 -.25 1.73 -1.7 -.25 2.1 -3.2 -.25 3.2
4 14 -1.7 -.25 2.1 -1.4 -.25 2.7 -2.52 -.25 3.77 -3.2 -.25 3.2
4 14 -1.4 -.25 2.7 -.95 -.25 3.1 -1.73 -.25 4.18 -2.52 -.25 3.77
4 14 0 -.25 4.53 -.88 -.25 4.44 -1.73 -.25 4.18 -.95 -.25 3.1
4 14 -.8 -.25 -.7 1.1 -.25 .8 -1.2 -.25 1.3 -1.8 -.25 1.3
4 14 -1.2 -.25 1.3 1.1 -.25 .8 1.3 -.25 1.25 -.85 -.25 2.4
4 14 1.15 -.25 2.1 -.5 -.25 2.65 -.85 -.25 2.4 1.3 -.25 1.25
4 14 1.15 -.25 2.1 .55 -.25 2.65 0 -.25 2.75 -.5 -.25 2.65
4 4 5.81 -.25 .98 5.71 -.25 0 6.22 -.25 0 6.31 -.25 .88
4 4 5.71 -.25 0 5.81 -.25 -.98 6.31 -.25 -.88 6.22 -.25 0
4 4 5.81 -.25 -.98 6.09 -.25 -1.93 6.57 -.25 -1.73 6.31 -.25 -.88
4 4 6.09 -.25 -1.93 6.56 -.25 -2.8 6.98 -.25 -2.52 6.57 -.25 -1.73
4 4 7.55 -.25 -3.2 6.98 -.25 -2.52 6.56 -.25 -2.8 7.19 -.25 -3.56
4 4 7.19 -.25 -3.56 7.95 -.25 -4.19 8.23 -.25 -3.77 7.55 -.25 -3.2
4 4 7.95 -.25 -4.19 8.82 -.25 -4.66 9.02 -.25 -4.18 8.23 -.25 -3.77
4 4 8.82 -.25 -4.66 9.77 -.25 -4.94 9.87 -.25 -4.44 9.02 -.25 -4.18
4 4 9.77 -.25 -4.94 10.75 -.25 -5.04 10.75 -.25 -4.53 9.87 -.25 -4.44
4 4 10.75 -.25 -5.04 11.73 -.25 -4.94 11.63 -.25 -4.44 10.75 -.25 -4.53
4 4 11.73 -.25 -4.94 12.68 -.25 -4.66 12.48 -.25 -4.18 11.63 -.25 -4.44
4 4 12.68 -.25 -4.66 13.55 -.25 -4.19 13.27 -.25 -3.77 12.48 -.25 -4.18
4 4 13.95 -.25 -3.2 13.27 -.25 -3.77 13.55 -.25 -4.19 14.31 -.25 -3.56
4 4 14.52 -.25 -2.52 13.95 -.25 -3.2 14.31 -.25 -3.56 14.94 -.25 -2.8
4 4 14.94 -.25 -2.8 15.41 -.25 -1.93 14.93 -.25 -1.73 14.52 -.25 -2.52
4 4 15.19 -.25 -.88 14.93 -.25 -1.73 15.41 -.25 -1.93 15.69 -.25 -.98
4 4 15.28 -.25 0 15.19 -.25 -.88 15.69 -.25 -.98 15.79 -.25 0
4 4 15.19 -.25 .88 15.28 -.25 0 15.79 -.25 0 15.69 -.25 .98
4 4 14.93 -.25 1.73 15.19 -.25 .88 15.69 -.25 .98 15.41 -.25 1.93
4 4 14.52 -.25 2.52 14.93 -.25 1.73 15.41 -.25 1.93 14.94 -.25 2.8
4 4 13.95 -.25 3.2 14.52 -.25 2.52 14.94 -.25 2.8 14.31 -.25 3.56
4 4 13.27 -.25 3.77 13.95 -.25 3.2 14.31 -.25 3.56 13.55 -.25 4.19
4 4 12.48 -.25 4.18 13.27 -.25 3.77 13.55 -.25 4.19 12.68 -.25 4.66
4 4 11.63 -.25 4.44 12.48 -.25 4.18 12.68 -.25 4.66 11.73 -.25 4.94
4 4 10.75 -.25 4.53 11.63 -.25 4.44 11.73 -.25 4.94 10.75 -.25 5.04
4 4 10.75 -.25 5.04 9.77 -.25 4.94 9.87 -.25 4.44 10.75 -.25 4.53
4 4 9.77 -.25 4.94 8.82 -.25 4.66 9.02 -.25 4.18 9.87 -.25 4.44
4 4 8.82 -.25 4.66 7.95 -.25 4.19 8.23 -.25 3.77 9.02 -.25 4.18
4 4 7.95 -.25 4.19 7.19 -.25 3.56 7.55 -.25 3.2 8.23 -.25 3.77
4 4 7.19 -.25 3.56 6.56 -.25 2.8 6.98 -.25 2.52 7.55 -.25 3.2
4 4 6.57 -.25 1.73 6.98 -.25 2.52 6.56 -.25 2.8 6.09 -.25 1.93
4 4 6.09 -.25 1.93 5.81 -.25 .98 6.31 -.25 .88 6.57 -.25 1.73
4 0 9.6 -.25 1.93 9.05 -.25 2.03 8.94 -.25 1.49 9.5 -.25 1.49
4 0 9.79 -.25 2.28 9.29 -.25 2.47 9.05 -.25 2.03 9.6 -.25 1.93
4 0 9.29 -.25 2.47 9.79 -.25 2.28 10.1 -.25 2.53 9.63 -.25 2.82
4 0 9.63 -.25 2.82 10.1 -.25 2.53 10.44 -.25 2.63 10.1 -.25 3.07
4 0 10.83 -.25 2.69 10.73 -.25 3.17 10.1 -.25 3.07 10.44 -.25 2.63
4 0 11.33 -.25 3.07 10.73 -.25 3.17 10.83 -.25 2.69 11.74 -.25 2.88
4 0 12.09 -.25 2.47 11.74 -.25 2.88 10.83 -.25 2.69 11.33 -.25 2.57
4 0 11.33 -.25 2.57 11.64 -.25 2.26 12.28 -.25 1.97 12.09 -.25 2.47
4 0 12.18 -.25 .99 12.32 -.25 1.49 11.78 -.25 1.87 11.74 -.25 1.39
4 0 11.64 -.25 2.26 11.78 -.25 1.87 12.32 -.25 1.49 12.28 -.25 1.97
4 0 11.93 -.25 .56 12.18 -.25 .99 11.74 -.25 1.39 11.55 -.25 .97
4 0 11.26 -.25 0 11.93 -.25 .56 11.55 -.25 .97 11.22 -.25 .5
4 0 11.68 -.25 -.27 12.03 -.25 .14 11.72 -.25 .31 11.26 -.25 0
4 0 11.97 -.25 -.65 12.38 -.25 -.21 12.03 -.25 .14 11.68 -.25 -.27
4 0 12.38 -.25 -.21 11.97 -.25 -.65 12.09 -.25 -1.04 12.57 -.25 -.65
4 0 12.63 -.25 -1.29 12.57 -.25 -.65 12.09 -.25 -1.04 12.51 -.25 -1.89
4 0 12.51 -.25 -1.89 12.09 -.25 -1.04 12.07 -.25 -1.58 12.2 -.25 -2.45
4 0 12.2 -.25 -2.45 12.07 -.25 -1.58 11.87 -.25 -2.04 11.68 -.25 -2.82
4 0 11.68 -.25 -2.82 11.87 -.25 -2.04 11.55 -.25 -2.35 11.14 -.25 -2.99
4 0 11.14 -.25 -2.99 11.55 -.25 -2.35 11.04 -.25 -2.55 10.29 -.25 -2.99
4 0 10.29 -.25 -2.99 11.04 -.25 -2.55 10.44 -.25 -2.55 9.54 -.25 -2.74
4 0 9.54 -.25 -2.74 10.44 -.25 -2.55 9.94 -.25 -2.37 9.07 -.25 -2.33
4 0 8.82 -.25 -1.79 9.07 -.25 -2.33 9.6 -.25 -2.1 9.34 -.25 -1.64
3 0 9.6 -.25 -2.1 9.07 -.25 -2.33 9.94 -.25 -2.37
4 0 9.34 -.25 -1.64 9.29 -.25 -1.19 8.75 -.25 -1.19 8.82 -.25 -1.79
4 0 11.22 -.25 .5 10.33 -.25 .5 10.33 -.25 0 11.26 -.25 0
3 0 11.93 -.25 .56 11.26 -.25 0 11.72 -.25 .31
4 14 10.33 -.25 0 10.33 -.25 .5 9.5 -.25 1.49 9.29 -.25 -1.19
4 14 9.34 -.25 -1.64 9.94 -.25 -2.37 11.26 -.25 0 10.33 -.25 0
3 14 10.33 -.25 0 9.29 -.25 -1.19 9.34 -.25 -1.64
3 14 9.34 -.25 -1.64 9.6 -.25 -2.1 9.94 -.25 -2.37
4 14 9.94 -.25 -2.37 10.44 -.25 -2.55 11.68 -.25 -.27 11.26 -.25 0
4 14 12.07 -.25 -1.58 12.09 -.25 -1.04 11.68 -.25 -.27 11.55 -.25 -2.35
4 14 11.04 -.25 -2.55 11.55 -.25 -2.35 11.68 -.25 -.27 10.44 -.25 -2.55
3 14 11.68 -.25 -.27 12.09 -.25 -1.04 11.97 -.25 -.65
3 14 12.07 -.25 -1.58 11.55 -.25 -2.35 11.87 -.25 -2.04
4 14 10.33 -.25 .5 11.22 -.25 .5 11.74 -.25 1.39 9.5 -.25 1.49
3 14 11.74 -.25 1.39 11.22 -.25 .5 11.55 -.25 .97
4 14 9.5 -.25 1.49 11.74 -.25 1.39 11.78 -.25 1.87 9.6 -.25 1.93
4 14 10.1 -.25 2.53 9.79 -.25 2.28 9.6 -.25 1.93 10.83 -.25 2.69
3 14 10.83 -.25 2.69 10.44 -.25 2.63 10.1 -.25 2.53
4 14 10.83 -.25 2.69 9.6 -.25 1.93 11.78 -.25 1.87 11.64 -.25 2.26
3 14 10.83 -.25 2.69 11.64 -.25 2.26 11.33 -.25 2.57
4 14 8.94 -.25 1.49 8.75 -.25 -1.19 9.29 -.25 -1.19 9.5 -.25 1.49
4 14 8.94 -.25 1.49 6.57 -.25 1.73 6.31 -.25 .88 6.22 -.25 0
4 14 8.94 -.25 1.49 6.22 -.25 0 6.31 -.25 -.88 8.75 -.25 -1.19
4 14 8.75 -.25 -1.19 6.31 -.25 -.88 6.57 -.25 -1.73 6.98 -.25 -2.52
4 14 8.82 -.25 -1.79 8.75 -.25 -1.19 6.98 -.25 -2.52 7.55 -.25 -3.2
4 14 9.07 -.25 -2.33 8.82 -.25 -1.79 7.55 -.25 -3.2 8.23 -.25 -3.77
4 14 9.54 -.25 -2.74 9.07 -.25 -2.33 8.23 -.25 -3.77 9.02 -.25 -4.18
4 14 10.29 -.25 -2.99 9.54 -.25 -2.74 9.02 -.25 -4.18 9.87 -.25 -4.44
4 14 10.29 -.25 -2.99 9.87 -.25 -4.44 10.75 -.25 -4.53 11.14 -.25 -2.99
4 14 11.14 -.25 -2.99 10.75 -.25 -4.53 11.63 -.25 -4.44 11.68 -.25 -2.82
4 14 11.68 -.25 -2.82 11.63 -.25 -4.44 12.48 -.25 -4.18 12.2 -.25 -2.45
4 14 12.2 -.25 -2.45 12.48 -.25 -4.18 13.27 -.25 -3.77 13.95 -.25 -3.2
4 14 12.51 -.25 -1.89 12.2 -.25 -2.45 13.95 -.25 -3.2 14.52 -.25 -2.52
4 14 12.63 -.25 -1.29 12.51 -.25 -1.89 14.52 -.25 -2.52 14.93 -.25 -1.73
4 14 12.63 -.25 -1.29 14.93 -.25 -1.73 15.19 -.25 -.88 12.57 -.25 -.65
4 14 12.57 -.25 -.65 15.19 -.25 -.88 15.28 -.25 0 12.38 -.25 -.21
4 14 12.38 -.25 -.21 15.28 -.25 0 15.19 -.25 .88 12.03 -.25 .14
4 14 11.93 -.25 .56 12.03 -.25 .14 15.19 -.25 .88 12.18 -.25 .99
4 14 12.18 -.25 .99 15.19 -.25 .88 14.93 -.25 1.73 12.32 -.25 1.49
3 14 11.93 -.25 .56 11.72 -.25 .31 12.03 -.25 .14
4 14 6.57 -.25 1.73 8.94 -.25 1.49 9.05 -.25 2.03 6.98 -.25 2.52
4 14 7.55 -.25 3.2 6.98 -.25 2.52 9.05 -.25 2.03 8.23 -.25 3.77
4 14 8.23 -.25 3.77 9.05 -.25 2.03 9.29 -.25 2.47 9.02 -.25 4.18
3 14 9.02 -.25 4.18 9.29 -.25 2.47 9.63 -.25 2.82
4 14 9.02 -.25 4.18 9.63 -.25 2.82 10.1 -.25 3.07 9.87 -.25 4.44
4 14 9.87 -.25 4.44 10.1 -.25 3.07 10.73 -.25 3.17 10.75 -.25 4.53
4 14 10.75 -.25 4.53 10.73 -.25 3.17 11.33 -.25 3.07 11.63 -.25 4.44
4 14 11.63 -.25 4.44 11.33 -.25 3.07 11.74 -.25 2.88 12.48 -.25 4.18
4 14 13.27 -.25 3.77 12.48 -.25 4.18 11.74 -.25 2.88 12.09 -.25 2.47
4 14 13.95 -.25 3.2 13.27 -.25 3.77 12.09 -.25 2.47 12.28 -.25 1.97
4 14 14.52 -.25 2.52 13.95 -.25 3.2 12.28 -.25 1.97 12.32 -.25 1.49
3 14 14.52 -.25 2.52 12.32 -.25 1.49 14.93 -.25 1.73