0 Sticker  0.8 x  1.8 with Car and Red Straight Arrow Up
0 Name: 821577e.dat
0 Author: Evert-Jan Boer [ejboer]
0 !LDRAW_ORG Part UPDATE 2026-07
0 !LICENSE Licensed under CC BY 4.0 : see CAreadme.txt

0 BFC CERTIFY CCW

0 !CATEGORY Sticker
0 !KEYWORDS Multi Control, Set 8082

0 !HISTORY 2026-07-30 [OrionP] Official Update 2026-07

1 16 0 -.25 0 18 0 0 0 0.25 0 0 0 8 box5-12.dat
4 16 12.97 -.25 1.36 9.62 -.25 1.36 9.62 -.25 -6.15 18 -.25 -8
4 16 -5.93 -.25 -5.74 -5.93 -.25 -2.31 -6.48 -.25 6.1 -6.48 -.25 -6.1
3 16 -6.48 -.25 6.1 -5.93 -.25 -2.31 -5.93 -.25 2.4
3 16 -6.48 -.25 6.1 -5.93 -.25 2.4 -5.93 -.25 5.83
4 16 -5.93 -.25 -2.31 -4.76 -.25 -2.31 -4.76 -.25 2.4 -5.93 -.25 2.4
4 16 -9.82 -.25 -6.1 -10.46 -.25 -5.74 -11.63 -.25 -5.74 -18 -.25 -8
4 16 -10.46 -.25 -5.74 -9.82 -.25 -6.1 -9.82 -.25 6.1 -10.46 -.25 -2.31
3 16 -9.82 -.25 6.1 -10.46 -.25 2.4 -10.46 -.25 -2.31
3 16 -9.82 -.25 6.1 -10.46 -.25 5.83 -10.46 -.25 2.4
4 16 -10.46 -.25 2.4 -11.63 -.25 2.4 -11.63 -.25 -2.31 -10.46 -.25 -2.31
4 16 3.38 -.25 -6.15 3.38 -.25 1.36 -4.76 -.25 -2.31 -4.76 -.25 -5.74
3 16 3.38 -.25 1.36 .4 -.25 1.36 -4.76 -.25 -2.31
4 16 -4.76 -.25 -2.31 .4 -.25 1.36 6.46 -.25 6.15 -4.76 -.25 2.4
3 16 6.46 -.25 6.15 -4.76 -.25 5.83 -4.76 -.25 2.4
3 16 -18 -.25 8 -11.63 -.25 2.4 -11.63 -.25 5.83
4 16 -11.63 -.25 -2.31 -11.63 -.25 2.4 -18 -.25 8 -18 -.25 -8
3 16 -11.63 -.25 -5.74 -11.63 -.25 -2.31 -18 -.25 -8
4 16 -10.46 -.25 5.83 -9.82 -.25 6.1 -18 -.25 8 -11.63 -.25 5.83
3 16 18 -.25 8 6.46 -.25 6.15 12.97 -.25 1.36
3 16 18 -.25 8 12.97 -.25 1.36 18 -.25 -8
3 16 18 -.25 -8 9.62 -.25 -6.15 3.38 -.25 -6.15
4 16 -6.48 -.25 6.1 -5.93 -.25 5.83 -4.76 -.25 5.83 6.46 -.25 6.15
4 16 -9.82 -.25 6.1 -6.48 -.25 6.1 6.46 -.25 6.15 18 -.25 8
3 16 18 -.25 8 -18 -.25 8 -9.82 -.25 6.1
4 16 18 -.25 -8 3.38 -.25 -6.15 -5.93 -.25 -5.74 -6.48 -.25 -6.1
3 16 -5.93 -.25 -5.74 3.38 -.25 -6.15 -4.76 -.25 -5.74
4 16 -18 -.25 -8 18 -.25 -8 -6.48 -.25 -6.1 -9.82 -.25 -6.1

0 BFC NOCLIP

4 14 -5.93 -.25 -2.31 -5.93 -.25 -5.74 -4.76 -.25 -5.74 -4.76 -.25 -2.31
4 14 -11.63 -.25 -2.31 -11.63 -.25 -5.74 -10.46 -.25 -5.74 -10.46 -.25 -2.31
4 14 -5.93 -.25 5.83 -5.93 -.25 2.4 -4.76 -.25 2.4 -4.76 -.25 5.83
4 14 -11.63 -.25 5.83 -11.63 -.25 2.4 -10.46 -.25 2.4 -10.46 -.25 5.83
4 0 -9.82 -.25 6.1 -9.82 -.25 -6.1 -6.48 -.25 -6.1 -6.48 -.25 6.1
3 4 6.46 -.25 6.15 9.62 -.25 1.36 12.97 -.25 1.36
3 4 6.46 -.25 6.15 9.62 -.25 -6.15 9.62 -.25 1.36
3 4 6.46 -.25 6.15 .4 -.25 1.36 3.38 -.25 1.36
4 4 6.46 -.25 6.15 3.38 -.25 1.36 3.38 -.25 -6.15 9.62 -.25 -6.15