0 Minifig Paint Palette with Yellow and Blue Paint Spots Pattern
0 Name: 93551p02.dat
0 Author: Evert-Jan Boer [ejboer]
0 !LDRAW_ORG Part UPDATE 2026-07
0 !LICENSE Licensed under CC BY 4.0 : see CAreadme.txt

0 BFC CERTIFY CCW

0 !CATEGORY Minifig Accessory
0 !KEYWORDS Bricklink 93551pb02, Brickowl 162375, Brickset 98873
0 !KEYWORDS Rebrickable 93551pr0002, Set 21333, Set 41731, Set 43221, Set 43222

0 !HISTORY 2026-07-30 [OrionP] Official Update 2026-07

1 16 0 0 0 1 0 0 0 1 0 0 0 1 s\93551s01.dat
4 16 -23.222 -13.125 -3.429 -20.976 -13.125 -5.972 -17.586 -13.125 -5.876 -23.718 -13.125 -.01
4 16 -23.718 -13.125 -.01 -17.586 -13.125 -5.876 -14.915 -13.125 -4.643 -23.034 -13.125 3.995
4 16 -23.034 -13.125 3.995 -14.915 -13.125 -4.643 -10.763 -13.125 -3.368 -20.85 -13.125 7.996
4 16 -11.953 -13.125 3.478 -20.85 -13.125 7.996 -10.763 -13.125 -3.368 -11.061 -13.125 2.101
4 16 -20.85 -13.125 7.996 -11.953 -13.125 3.478 -11.814 -13.125 5.113 -16.883 -13.125 11.786
4 16 -9.42 -13.125 1.378 -11.061 -13.125 2.101 -10.763 -13.125 -3.368 -7.866 -13.125 -3.441
4 16 -16.883 -13.125 11.786 -11.814 -13.125 5.113 -10.706 -13.125 6.524 -12.497 -13.125 14.27
4 16 -7.581 -13.125 1.454 -9.42 -13.125 1.378 -7.866 -13.125 -3.441 -6.107 -13.125 -4.705
4 16 -12.497 -13.125 14.27 -10.706 -13.125 6.524 -9.048 -13.125 7.322 -5.832 -13.125 16.281
4 16 -5.832 -13.125 16.281 -9.048 -13.125 7.322 -7.21 -13.125 7.398 -5.05 -13.125 11.3
3 16 -5.923 -13.125 2.252 -7.581 -13.125 1.454 -6.107 -13.125 -4.705
4 16 19.808 -13.125 9.34 22.524 -13.125 -5.488 23.718 -13.125 -1.44 21.993 -13.125 6.383
3 16 21.993 -13.125 6.383 23.718 -13.125 -1.44 23.523 -13.125 2.644
4 16 -5.923 -13.125 2.252 -6.107 -13.125 -4.705 -5.616 -13.125 -6.822 -4.815 -13.125 3.663
4 16 -6.049 -13.125 -16.262 -1.799 -13.125 -16.774 -6.745 -13.125 -9.836 -7.989 -13.125 -11.669
4 16 -7.989 -13.125 -11.669 -8.48 -13.125 -13.598 -7.887 -13.125 -15.051 -6.049 -13.125 -16.262
4 14 -4.5 -13.125 12.1 -4.95 -13.125 11.8 -5.05 -13.125 11.3 -4.9 -13.125 10.65
4 14 -3.7 -13.125 12.25 -4.5 -13.125 12.1 -4.9 -13.125 10.65 -4.4 -13.125 9.9
4 14 -3.7 -13.125 12.25 -4.4 -13.125 9.9 -3.6 -13.125 9.3 -2.6 -13.125 12.3
4 14 -2.6 -13.125 12.3 -3.6 -13.125 9.3 -3.05 -13.125 8.8 -2.05 -13.125 12.5
4 14 -2.05 -13.125 12.5 -3.05 -13.125 8.8 -2.7 -13.125 8.4 -1.7 -13.125 12.9
4 14 -1.7 -13.125 12.9 -2.7 -13.125 8.4 -2.6 -13.125 7.8 -1.25 -13.125 13.3
4 14 -.8 -13.125 13.45 -1.25 -13.125 13.3 -2.6 -13.125 7.8 -.35 -13.125 13.4
4 14 .2 -13.125 13.1 -.35 -13.125 13.4 -2.6 -13.125 7.8 -2.3 -13.125 6.9
4 14 .2 -13.125 13.1 -2.3 -13.125 6.9 -1.8 -13.125 6.15 -.9 -13.125 5.3
4 14 .95 -13.125 12.6 .2 -13.125 13.1 -.9 -13.125 5.3 .2 -13.125 4.6
4 14 1.45 -13.125 12.55 .95 -13.125 12.6 .2 -13.125 4.6 .75 -13.125 4.35
4 14 1.45 -13.125 12.55 .75 -13.125 4.35 1.25 -13.125 4.3 1.6 -13.125 4.55
4 14 1.85 -13.125 12.75 1.45 -13.125 12.55 1.6 -13.125 4.55 2 -13.125 4.65
4 14 2.65 -13.125 13.1 1.85 -13.125 12.75 2 -13.125 4.65 2.6 -13.125 4.45
4 14 4.1 -13.125 6.45 2.65 -13.125 13.1 2.6 -13.125 4.45 4.2 -13.125 5.8
4 14 4.15 -13.125 5.3 4.2 -13.125 5.8 2.6 -13.125 4.45 3.2 -13.125 4.45
3 14 4.15 -13.125 5.3 3.2 -13.125 4.45 3.8 -13.125 4.75
4 14 2.65 -13.125 13.1 4.1 -13.125 6.45 4.25 -13.125 6.85 3.2 -13.125 13.3
4 14 3.95 -13.125 13.25 3.2 -13.125 13.3 4.25 -13.125 6.85 4.6 -13.125 12.95
4 14 5.2 -13.125 12.3 4.6 -13.125 12.95 4.25 -13.125 6.85 4.7 -13.125 7.3
4 14 5.9 -13.125 11.15 5.2 -13.125 12.3 4.7 -13.125 7.3 5.4 -13.125 7.9
4 14 5.9 -13.125 11.15 5.4 -13.125 7.9 6 -13.125 8.7 6.2 -13.125 10.1
3 14 6.2 -13.125 10.1 6 -13.125 8.7 6.2 -13.125 9.35
3 16 -5.832 -13.125 16.281 -4.95 -13.125 11.8 -4.5 -13.125 12.1
4 16 -5.832 -13.125 16.281 -4.5 -13.125 12.1 -3.7 -13.125 12.25 -1.378 -13.125 16.774
4 16 -1.378 -13.125 16.774 -3.7 -13.125 12.25 -2.6 -13.125 12.3 -2.05 -13.125 12.5
3 16 -1.378 -13.125 16.774 -2.05 -13.125 12.5 -1.7 -13.125 12.9
3 16 -1.378 -13.125 16.774 -1.7 -13.125 12.9 -1.25 -13.125 13.3
3 16 -1.378 -13.125 16.774 -1.25 -13.125 13.3 -.8 -13.125 13.45
3 16 -1.378 -13.125 16.774 -.8 -13.125 13.45 -.35 -13.125 13.4
4 16 -1.378 -13.125 16.774 -.35 -13.125 13.4 .2 -13.125 13.1 4.587 -13.125 16.495
4 16 4.587 -13.125 16.495 .2 -13.125 13.1 2.65 -13.125 13.1 3.2 -13.125 13.3
4 16 .2 -13.125 13.1 .95 -13.125 12.6 1.45 -13.125 12.55 1.85 -13.125 12.75
3 16 2.65 -13.125 13.1 .2 -13.125 13.1 1.85 -13.125 12.75
3 16 4.587 -13.125 16.495 3.2 -13.125 13.3 3.95 -13.125 13.25
4 16 4.587 -13.125 16.495 3.95 -13.125 13.25 4.6 -13.125 12.95 10.016 -13.125 15.256
3 16 -5.832 -13.125 16.281 -5.05 -13.125 11.3 -4.95 -13.125 11.8
4 16 -4.9 -13.125 10.65 -5.05 -13.125 11.3 -7.21 -13.125 7.398 -5.569 -13.125 6.675
3 16 -4.9 -13.125 10.65 -5.569 -13.125 6.675 -4.4 -13.125 9.9
4 16 -3.6 -13.125 9.3 -4.4 -13.125 9.9 -5.569 -13.125 6.675 -3.05 -13.125 8.8
4 16 -2.7 -13.125 8.4 -3.05 -13.125 8.8 -5.569 -13.125 6.675 -2.6 -13.125 7.8
4 16 -2.6 -13.125 7.8 -5.569 -13.125 6.675 -4.677 -13.125 5.298 -2.3 -13.125 6.9
4 16 -1.8 -13.125 6.15 -2.3 -13.125 6.9 -4.677 -13.125 5.298 -4.815 -13.125 3.663
3 16 -1.8 -13.125 6.15 -4.815 -13.125 3.663 -.9 -13.125 5.3
4 322 2.9 -13.125 1.9 2.7 -13.125 1.6 2.75 -13.125 1.25 3.05 -13.125 1
4 322 3.3 -13.125 1.95 2.9 -13.125 1.9 3.05 -13.125 1 3.4 -13.125 .7
4 322 3.8 -13.125 2.1 3.3 -13.125 1.95 3.4 -13.125 .7 3.55 -13.125 .35
4 322 4.15 -13.125 2.35 3.8 -13.125 2.1 3.55 -13.125 .35 3.6 -13.125 -.25
4 322 4.15 -13.125 2.35 3.6 -13.125 -.25 3.75 -13.125 -.65 4.15 -13.125 -.8
4 322 4.15 -13.125 2.35 4.15 -13.125 -.8 6 -13.125 3.05 5.55 -13.125 3.25
4 322 4.15 -13.125 2.35 5.55 -13.125 3.25 5 -13.125 3.3 4.3 -13.125 2.85
3 322 5 -13.125 3.3 4.6 -13.125 3.15 4.3 -13.125 2.85
4 322 6.6 -13.125 2.9 6 -13.125 3.05 4.15 -13.125 -.8 5.6 -13.125 -.9
4 322 7.05 -13.125 2.55 6.6 -13.125 2.9 5.6 -13.125 -.9 7.4 -13.125 2
4 322 7.4 -13.125 2 5.6 -13.125 -.9 6.95 -13.125 -.85 7.9 -13.125 1.75
4 322 8.35 -13.125 1.4 7.9 -13.125 1.75 6.95 -13.125 -.85 7.85 -13.125 -.65
4 322 8.65 -13.125 .75 8.35 -13.125 1.4 7.85 -13.125 -.65 8.35 -13.125 -.3
3 322 8.65 -13.125 .75 8.35 -13.125 -.3 8.6 -13.125 .1
4 16 .2 -13.125 4.6 -.9 -13.125 5.3 -4.815 -13.125 3.663 2.7 -13.125 1.6
4 16 .75 -13.125 4.35 .2 -13.125 4.6 2.7 -13.125 1.6 2.9 -13.125 1.9
4 16 1.25 -13.125 4.3 .75 -13.125 4.35 2.9 -13.125 1.9 3.3 -13.125 1.95
4 16 1.6 -13.125 4.55 1.25 -13.125 4.3 3.3 -13.125 1.95 2 -13.125 4.65
4 16 2.6 -13.125 4.45 2 -13.125 4.65 3.3 -13.125 1.95 3.8 -13.125 2.1
4 16 2.6 -13.125 4.45 3.8 -13.125 2.1 4.15 -13.125 2.35 4.3 -13.125 2.85
4 16 3.2 -13.125 4.45 2.6 -13.125 4.45 4.3 -13.125 2.85 4.6 -13.125 3.15
4 16 3.8 -13.125 4.75 3.2 -13.125 4.45 4.6 -13.125 3.15 5 -13.125 3.3
4 16 4.15 -13.125 5.3 3.8 -13.125 4.75 5 -13.125 3.3 5.55 -13.125 3.25
4 16 4.2 -13.125 5.8 4.15 -13.125 5.3 5.55 -13.125 3.25 6 -13.125 3.05
4 16 4.1 -13.125 6.45 4.2 -13.125 5.8 6 -13.125 3.05 4.25 -13.125 6.85
4 16 4.7 -13.125 7.3 4.25 -13.125 6.85 6 -13.125 3.05 6.6 -13.125 2.9
4 16 5.4 -13.125 7.9 4.7 -13.125 7.3 6.6 -13.125 2.9 7.05 -13.125 2.55
4 322 6.75 -13.125 7.55 6.5 -13.125 7.05 6.55 -13.125 6.45 6.95 -13.125 5.75
4 322 7.3 -13.125 7.9 6.75 -13.125 7.55 6.95 -13.125 5.75 8.25 -13.125 8.2
4 322 8.25 -13.125 8.2 6.95 -13.125 5.75 7.45 -13.125 5.05 8.85 -13.125 8.55
4 322 8.85 -13.125 8.55 7.45 -13.125 5.05 7.85 -13.125 4.35 9.25 -13.125 9
4 322 9.25 -13.125 9 7.85 -13.125 4.35 8.4 -13.125 3.6 13.5 -13.125 10.25
4 322 9.25 -13.125 9 13.5 -13.125 10.25 12.75 -13.125 10.45 11.8 -13.125 10.5
4 322 9.5 -13.125 9.6 9.25 -13.125 9 11.8 -13.125 10.5 9.95 -13.125 10.1
3 322 11.8 -13.125 10.5 10.85 -13.125 10.4 9.95 -13.125 10.1
4 322 13.5 -13.125 10.25 8.4 -13.125 3.6 9.2 -13.125 2.85 14.7 -13.125 9.55
4 322 15.5 -13.125 8.85 14.7 -13.125 9.55 9.2 -13.125 2.85 15.85 -13.125 8.25
4 322 15.9 -13.125 7.6 15.85 -13.125 8.25 9.2 -13.125 2.85 9.8 -13.125 2.45
4 322 15.9 -13.125 7.6 9.8 -13.125 2.45 10.6 -13.125 2.15 11.5 -13.125 2.15
4 322 15.9 -13.125 7.6 11.5 -13.125 2.15 12.05 -13.125 2.45 12.55 -13.125 2.85
4 322 15.85 -13.125 6.8 15.9 -13.125 7.6 12.55 -13.125 2.85 13.05 -13.125 3
4 322 16.05 -13.125 6.25 15.85 -13.125 6.8 13.05 -13.125 3 13.65 -13.125 2.8
4 322 16.7 -13.125 5.6 16.05 -13.125 6.25 13.65 -13.125 2.8 14.5 -13.125 2.65
4 322 16.7 -13.125 5.6 14.5 -13.125 2.65 15.35 -13.125 2.65 17 -13.125 4.9
4 322 17 -13.125 4.2 17 -13.125 4.9 15.35 -13.125 2.65 16 -13.125 2.85
3 322 17 -13.125 4.2 16 -13.125 2.85 16.65 -13.125 3.4
4 16 6.75 -13.125 7.55 6 -13.125 8.7 5.4 -13.125 7.9 6.5 -13.125 7.05
3 16 5.4 -13.125 7.9 6.55 -13.125 6.45 6.5 -13.125 7.05
4 16 6.55 -13.125 6.45 5.4 -13.125 7.9 7.05 -13.125 2.55 6.95 -13.125 5.75
4 16 7.45 -13.125 5.05 6.95 -13.125 5.75 7.05 -13.125 2.55 7.85 -13.125 4.35
4 16 7.85 -13.125 4.35 7.05 -13.125 2.55 7.4 -13.125 2 8.4 -13.125 3.6
4 16 8.4 -13.125 3.6 7.4 -13.125 2 7.9 -13.125 1.75 9.2 -13.125 2.85
4 16 9.2 -13.125 2.85 7.9 -13.125 1.75 8.35 -13.125 1.4 9.8 -13.125 2.45
4 16 9.8 -13.125 2.45 8.35 -13.125 1.4 8.65 -13.125 .75 10.6 -13.125 2.15
4 16 10.6 -13.125 2.15 8.65 -13.125 .75 8.6 -13.125 .1 11.5 -13.125 2.15
4 16 6 -13.125 8.7 6.75 -13.125 7.55 7.3 -13.125 7.9 6.2 -13.125 9.35
4 16 6.2 -13.125 9.35 7.3 -13.125 7.9 8.25 -13.125 8.2 8.85 -13.125 8.55
4 16 6.2 -13.125 9.35 8.85 -13.125 8.55 9.25 -13.125 9 9.5 -13.125 9.6
4 16 6.2 -13.125 10.1 6.2 -13.125 9.35 9.5 -13.125 9.6 9.95 -13.125 10.1
4 16 5.9 -13.125 11.15 6.2 -13.125 10.1 9.95 -13.125 10.1 10.85 -13.125 10.4
4 16 5.9 -13.125 11.15 10.85 -13.125 10.4 10.016 -13.125 15.256 5.2 -13.125 12.3
3 16 10.016 -13.125 15.256 4.6 -13.125 12.95 5.2 -13.125 12.3
4 16 10.016 -13.125 15.256 10.85 -13.125 10.4 11.8 -13.125 10.5 15.55 -13.125 12.696
3 16 15.55 -13.125 12.696 11.8 -13.125 10.5 12.75 -13.125 10.45
3 16 15.55 -13.125 12.696 12.75 -13.125 10.45 13.5 -13.125 10.25
3 16 15.55 -13.125 12.696 13.5 -13.125 10.25 14.7 -13.125 9.55
3 16 15.55 -13.125 12.696 14.7 -13.125 9.55 15.5 -13.125 8.85
4 16 15.55 -13.125 12.696 15.5 -13.125 8.85 15.85 -13.125 8.25 19.808 -13.125 9.34
4 1 6.7 -13.125 -5.05 6.45 -13.125 -5.7 6.55 -13.125 -6.25 6.9 -13.125 -6.75
4 1 7.15 -13.125 -4.6 6.7 -13.125 -5.05 6.9 -13.125 -6.75 8.1 -13.125 -4.1
4 1 8.1 -13.125 -4.1 6.9 -13.125 -6.75 7.8 -13.125 -7.25 9.1 -13.125 -3.7
4 1 9.1 -13.125 -3.7 7.8 -13.125 -7.25 8.75 -13.125 -7.8 9.75 -13.125 -3.2
4 1 9.75 -13.125 -3.2 8.75 -13.125 -7.8 9.25 -13.125 -8.45 10.15 -13.125 -2.65
4 1 10.15 -13.125 -2.65 9.25 -13.125 -8.45 9.7 -13.125 -9.3 10.4 -13.125 -9.85
4 1 10.15 -13.125 -2.65 10.4 -13.125 -9.85 11.2 -13.125 -10.15 12 -13.125 -10.2
3 1 10.15 -13.125 -2.65 12 -13.125 -10.2 12.45 -13.125 -10
4 1 10.15 -13.125 -2.65 12.45 -13.125 -10 13 -13.125 -9.85 10.35 -13.125 -2.1
4 1 10.85 -13.125 -1.05 10.35 -13.125 -2.1 13 -13.125 -9.85 11.45 -13.125 -.3
4 1 12.1 -13.125 .1 11.45 -13.125 -.3 13 -13.125 -9.85 12.95 -13.125 .25
4 1 13.6 -13.125 .2 12.95 -13.125 .25 13 -13.125 -9.85 14.2 -13.125 -.1
4 1 14.75 -13.125 -.8 14.2 -13.125 -.1 13 -13.125 -9.85 13.6 -13.125 -9.9
4 1 15.35 -13.125 -1.2 14.75 -13.125 -.8 13.6 -13.125 -9.9 14.2 -13.125 -10
4 1 15.35 -13.125 -1.2 14.2 -13.125 -10 14.8 -13.125 -9.95 15.45 -13.125 -9.55
4 1 15.35 -13.125 -1.2 15.45 -13.125 -9.55 15.8 -13.125 -8.95 16.05 -13.125 -1.25
4 1 16.05 -13.125 -1.25 15.8 -13.125 -8.95 16.35 -13.125 -8.45 17.2 -13.125 -4.9
4 1 17.3 -13.125 -5.35 17.2 -13.125 -4.9 16.35 -13.125 -8.45 17.1 -13.125 -8
4 1 17.95 -13.125 -5.7 17.3 -13.125 -5.35 17.1 -13.125 -8 17.85 -13.125 -7.65
4 1 18.35 -13.125 -6.25 17.95 -13.125 -5.7 17.85 -13.125 -7.65 18.3 -13.125 -7.25
3 1 18.35 -13.125 -6.25 18.3 -13.125 -7.25 18.4 -13.125 -6.85
4 1 16.05 -13.125 -1.25 17.2 -13.125 -4.9 17.4 -13.125 -4.45 17.25 -13.125 -1.35
4 1 17.95 -13.125 -1.65 17.25 -13.125 -1.35 17.4 -13.125 -4.45 18.05 -13.125 -3.9
4 1 18.65 -13.125 -2.2 17.95 -13.125 -1.65 18.05 -13.125 -3.9 18.6 -13.125 -3.55
3 1 18.65 -13.125 -2.2 18.6 -13.125 -3.55 18.75 -13.125 -2.95
4 16 5.6 -13.125 -.9 6.7 -13.125 -5.05 7.15 -13.125 -4.6 6.95 -13.125 -.85
4 16 6.95 -13.125 -.85 7.15 -13.125 -4.6 8.1 -13.125 -4.1 7.85 -13.125 -.65
4 16 7.85 -13.125 -.65 8.1 -13.125 -4.1 9.1 -13.125 -3.7 9.75 -13.125 -3.2
4 16 7.85 -13.125 -.65 9.75 -13.125 -3.2 10.15 -13.125 -2.65 8.35 -13.125 -.3
4 16 8.35 -13.125 -.3 10.15 -13.125 -2.65 10.35 -13.125 -2.1 8.6 -13.125 .1
3 16 8.6 -13.125 .1 10.35 -13.125 -2.1 10.85 -13.125 -1.05
4 16 8.6 -13.125 .1 10.85 -13.125 -1.05 11.45 -13.125 -.3 11.5 -13.125 2.15
4 16 11.5 -13.125 2.15 11.45 -13.125 -.3 12.1 -13.125 .1 12.05 -13.125 2.45
4 16 12.05 -13.125 2.45 12.1 -13.125 .1 12.95 -13.125 .25 12.55 -13.125 2.85
4 16 13.05 -13.125 3 12.55 -13.125 2.85 12.95 -13.125 .25 13.65 -13.125 2.8
4 16 13.65 -13.125 2.8 12.95 -13.125 .25 13.6 -13.125 .2 14.5 -13.125 2.65
4 16 14.5 -13.125 2.65 13.6 -13.125 .2 14.2 -13.125 -.1 15.35 -13.125 2.65
4 16 15.35 -13.125 2.65 14.2 -13.125 -.1 14.75 -13.125 -.8 15.35 -13.125 -1.2
4 16 16 -13.125 2.85 15.35 -13.125 2.65 15.35 -13.125 -1.2 16.05 -13.125 -1.25
4 16 16.65 -13.125 3.4 16 -13.125 2.85 16.05 -13.125 -1.25 17.25 -13.125 -1.35
3 16 19.808 -13.125 9.34 15.85 -13.125 8.25 15.9 -13.125 7.6
4 16 19.808 -13.125 9.34 15.9 -13.125 7.6 15.85 -13.125 6.8 16.05 -13.125 6.25
3 16 19.808 -13.125 9.34 16.05 -13.125 6.25 16.7 -13.125 5.6
3 16 19.808 -13.125 9.34 16.7 -13.125 5.6 17 -13.125 4.9
4 16 19.808 -13.125 9.34 17 -13.125 4.9 17 -13.125 4.2 18.65 -13.125 -2.2
4 16 16.65 -13.125 3.4 17.25 -13.125 -1.35 17.95 -13.125 -1.65 17 -13.125 4.2
3 16 17 -13.125 4.2 17.95 -13.125 -1.65 18.65 -13.125 -2.2
4 16 22.524 -13.125 -5.488 19.808 -13.125 9.34 18.65 -13.125 -2.2 18.75 -13.125 -2.95
4 16 22.524 -13.125 -5.488 18.75 -13.125 -2.95 18.6 -13.125 -3.55 18.35 -13.125 -6.25
4 16 17.4 -13.125 -4.45 17.2 -13.125 -4.9 17.3 -13.125 -5.35 17.95 -13.125 -5.7
4 16 18.05 -13.125 -3.9 17.4 -13.125 -4.45 17.95 -13.125 -5.7 18.35 -13.125 -6.25
3 16 18.6 -13.125 -3.55 18.05 -13.125 -3.9 18.35 -13.125 -6.25
4 16 22.524 -13.125 -5.488 18.35 -13.125 -6.25 18.4 -13.125 -6.85 19.079 -13.125 -10.087
3 16 18.4 -13.125 -6.85 18.3 -13.125 -7.25 19.079 -13.125 -10.087
3 16 18.3 -13.125 -7.25 17.85 -13.125 -7.65 19.079 -13.125 -10.087
4 16 19.079 -13.125 -10.087 17.85 -13.125 -7.65 17.1 -13.125 -8 16.35 -13.125 -8.45
4 16 19.079 -13.125 -10.087 16.35 -13.125 -8.45 15.8 -13.125 -8.95 15.45 -13.125 -9.55
4 16 19.079 -13.125 -10.087 15.45 -13.125 -9.55 14.8 -13.125 -9.95 11.433 -13.125 -14.771
3 16 14.8 -13.125 -9.95 14.2 -13.125 -10 11.433 -13.125 -14.771
4 16 12.45 -13.125 -10 12 -13.125 -10.2 11.433 -13.125 -14.771 13 -13.125 -9.85
4 16 13.6 -13.125 -9.9 13 -13.125 -9.85 11.433 -13.125 -14.771 14.2 -13.125 -10
3 16 11.2 -13.125 -10.15 11.433 -13.125 -14.771 12 -13.125 -10.2
4 16 11.433 -13.125 -14.771 11.2 -13.125 -10.15 10.4 -13.125 -9.85 6.9 -13.125 -11.2
4 16 -4.815 -13.125 3.663 -5.616 -13.125 -6.822 2.75 -13.125 1.25 2.7 -13.125 1.6
4 272 -3.9 -13.125 -9.05 -4.15 -13.125 -9.7 -4.1 -13.125 -10.4 -3.8 -13.125 -11
4 272 -3.45 -13.125 -8.7 -3.9 -13.125 -9.05 -3.8 -13.125 -11 -2.6 -13.125 -8.45
4 272 -2.6 -13.125 -8.45 -3.8 -13.125 -11 -3.15 -13.125 -11.4 -2.1 -13.125 -8.2
4 272 -2.1 -13.125 -8.2 -3.15 -13.125 -11.4 -2.65 -13.125 -11.85 -1.95 -13.125 -7.9
4 272 -1.95 -13.125 -7.9 -2.65 -13.125 -11.85 -2.5 -13.125 -12.25 4 -13.125 -6.3
4 272 -2 -13.125 -7.5 -1.95 -13.125 -7.9 4 -13.125 -6.3 3.45 -13.125 -5.75
4 272 -2 -13.125 -7.5 3.45 -13.125 -5.75 2.55 -13.125 -5.25 -2.25 -13.125 -6.9
4 272 -2.2 -13.125 -6.3 -2.25 -13.125 -6.9 2.55 -13.125 -5.25 -1.95 -13.125 -5.65
4 272 -1.95 -13.125 -5.65 2.55 -13.125 -5.25 1.45 -13.125 -4.95 .45 -13.125 -4.75
4 272 -1.4 -13.125 -5.15 -1.95 -13.125 -5.65 .45 -13.125 -4.75 -.65 -13.125 -4.85
4 272 4 -13.125 -6.3 -2.5 -13.125 -12.25 -2.55 -13.125 -12.7 -2.45 -13.125 -13.1
4 272 4 -13.125 -6.3 -2.45 -13.125 -13.1 -2.1 -13.125 -13.35 4.45 -13.125 -6.95
4 272 4.45 -13.125 -6.95 -2.1 -13.125 -13.35 -1.25 -13.125 -13.8 4.7 -13.125 -7.45
4 272 4.7 -13.125 -7.45 -1.25 -13.125 -13.8 -.7 -13.125 -14.05 .05 -13.125 -14.35
4 272 5.15 -13.125 -7.55 4.7 -13.125 -7.45 .05 -13.125 -14.35 5.55 -13.125 -8.85
4 272 5.15 -13.125 -7.55 5.55 -13.125 -8.85 5.75 -13.125 -8.5 5.6 -13.125 -7.75
3 272 5.6 -13.125 -7.75 5.75 -13.125 -8.5 5.75 -13.125 -8.05
4 272 4.2 -13.125 -13.4 4.2 -13.125 -12.8 .05 -13.125 -14.35 4 -13.125 -13.9
4 272 4 -13.125 -13.9 .05 -13.125 -14.35 1.3 -13.125 -14.55 2.05 -13.125 -14.6
4 272 3.65 -13.125 -14.4 4 -13.125 -13.9 2.05 -13.125 -14.6 2.65 -13.125 -14.7
3 272 3.65 -13.125 -14.4 2.65 -13.125 -14.7 3.2 -13.125 -14.65
4 272 .05 -13.125 -14.35 4.2 -13.125 -12.8 4.4 -13.125 -12.4 5.55 -13.125 -9.25
3 272 5.55 -13.125 -8.85 .05 -13.125 -14.35 5.55 -13.125 -9.25
4 272 5.8 -13.125 -9.6 5.55 -13.125 -9.25 4.4 -13.125 -12.4 5 -13.125 -12.1
4 272 6.25 -13.125 -10.05 5.8 -13.125 -9.6 5 -13.125 -12.1 5.75 -13.125 -12.05
4 272 6.75 -13.125 -10.7 6.25 -13.125 -10.05 5.75 -13.125 -12.05 6.3 -13.125 -12
4 272 6.9 -13.125 -11.2 6.75 -13.125 -10.7 6.3 -13.125 -12 6.65 -13.125 -11.85
3 272 6.9 -13.125 -11.2 6.65 -13.125 -11.85 6.85 -13.125 -11.65
4 16 -2 -13.125 -7.5 -2.6 -13.125 -8.45 -2.1 -13.125 -8.2 -1.95 -13.125 -7.9
4 16 -3.45 -13.125 -8.7 -2.6 -13.125 -8.45 -2 -13.125 -7.5 -2.25 -13.125 -6.9
4 16 -5.616 -13.125 -6.822 -3.45 -13.125 -8.7 -2.25 -13.125 -6.9 -2.2 -13.125 -6.3
3 16 -1.95 -13.125 -5.65 -5.616 -13.125 -6.822 -2.2 -13.125 -6.3
4 16 -5.616 -13.125 -6.822 -1.95 -13.125 -5.65 -1.4 -13.125 -5.15 2.75 -13.125 1.25
4 16 2.75 -13.125 1.25 -1.4 -13.125 -5.15 -.65 -13.125 -4.85 3.05 -13.125 1
4 16 3.4 -13.125 .7 3.05 -13.125 1 -.65 -13.125 -4.85 3.55 -13.125 .35
4 16 3.55 -13.125 .35 -.65 -13.125 -4.85 .45 -13.125 -4.75 3.6 -13.125 -.25
4 16 3.6 -13.125 -.25 .45 -13.125 -4.75 1.45 -13.125 -4.95 3.75 -13.125 -.65
4 16 3.75 -13.125 -.65 1.45 -13.125 -4.95 2.55 -13.125 -5.25 4.15 -13.125 -.8
4 16 4.15 -13.125 -.8 2.55 -13.125 -5.25 3.45 -13.125 -5.75 5.6 -13.125 -.9
4 16 6.7 -13.125 -5.05 5.6 -13.125 -.9 3.45 -13.125 -5.75 6.45 -13.125 -5.7
4 16 6.45 -13.125 -5.7 3.45 -13.125 -5.75 4 -13.125 -6.3 6.55 -13.125 -6.25
4 16 6.55 -13.125 -6.25 4 -13.125 -6.3 4.45 -13.125 -6.95 6.9 -13.125 -6.75
4 16 6.9 -13.125 -6.75 4.45 -13.125 -6.95 4.7 -13.125 -7.45 5.15 -13.125 -7.55
4 16 6.9 -13.125 -6.75 5.15 -13.125 -7.55 5.6 -13.125 -7.75 7.8 -13.125 -7.25
4 16 7.8 -13.125 -7.25 5.6 -13.125 -7.75 5.75 -13.125 -8.05 8.75 -13.125 -7.8
4 16 8.75 -13.125 -7.8 5.75 -13.125 -8.05 5.75 -13.125 -8.5 9.25 -13.125 -8.45
4 16 9.25 -13.125 -8.45 5.75 -13.125 -8.5 5.55 -13.125 -8.85 5.55 -13.125 -9.25
4 16 9.25 -13.125 -8.45 5.55 -13.125 -9.25 5.8 -13.125 -9.6 6.25 -13.125 -10.05
4 16 9.7 -13.125 -9.3 9.25 -13.125 -8.45 6.25 -13.125 -10.05 6.75 -13.125 -10.7
4 16 10.4 -13.125 -9.85 9.7 -13.125 -9.3 6.75 -13.125 -10.7 6.9 -13.125 -11.2
3 16 6.9 -13.125 -11.2 6.85 -13.125 -11.65 11.433 -13.125 -14.771
4 16 3.65 -13.125 -14.4 3.2 -13.125 -14.65 4.836 -13.125 -16.481 11.433 -13.125 -14.771
4 16 4 -13.125 -13.9 3.65 -13.125 -14.4 11.433 -13.125 -14.771 5.75 -13.125 -12.05
4 16 5 -13.125 -12.1 4.4 -13.125 -12.4 4.2 -13.125 -12.8 4.2 -13.125 -13.4
4 16 5.75 -13.125 -12.05 5 -13.125 -12.1 4.2 -13.125 -13.4 4 -13.125 -13.9
3 16 6.3 -13.125 -12 5.75 -13.125 -12.05 11.433 -13.125 -14.771
3 16 6.65 -13.125 -11.85 6.3 -13.125 -12 11.433 -13.125 -14.771
3 16 6.85 -13.125 -11.65 6.65 -13.125 -11.85 11.433 -13.125 -14.771
3 16 -1.25 -13.125 -13.8 -1.799 -13.125 -16.774 -.7 -13.125 -14.05
3 16 -.7 -13.125 -14.05 -1.799 -13.125 -16.774 .05 -13.125 -14.35
4 16 1.3 -13.125 -14.55 .05 -13.125 -14.35 -1.799 -13.125 -16.774 4.836 -13.125 -16.481
4 16 2.05 -13.125 -14.6 1.3 -13.125 -14.55 4.836 -13.125 -16.481 2.65 -13.125 -14.7
3 16 3.2 -13.125 -14.65 2.65 -13.125 -14.7 4.836 -13.125 -16.481
3 16 -2.1 -13.125 -13.35 -1.799 -13.125 -16.774 -1.25 -13.125 -13.8
3 16 -2.45 -13.125 -13.1 -1.799 -13.125 -16.774 -2.1 -13.125 -13.35
4 16 -2.55 -13.125 -12.7 -2.5 -13.125 -12.25 -2.65 -13.125 -11.85 -3.15 -13.125 -11.4
4 16 -2.55 -13.125 -12.7 -3.15 -13.125 -11.4 -3.8 -13.125 -11 -6.745 -13.125 -9.836
4 16 -2.45 -13.125 -13.1 -2.55 -13.125 -12.7 -6.745 -13.125 -9.836 -1.799 -13.125 -16.774
3 16 -4.15 -13.125 -9.7 -6.745 -13.125 -9.836 -4.1 -13.125 -10.4
3 16 -6.745 -13.125 -9.836 -3.8 -13.125 -11 -4.1 -13.125 -10.4
4 16 -6.745 -13.125 -9.836 -4.15 -13.125 -9.7 -3.9 -13.125 -9.05 -5.616 -13.125 -6.822
3 16 -5.616 -13.125 -6.822 -3.9 -13.125 -9.05 -3.45 -13.125 -8.7
