0 Figure Friends Award Ribbon with Number One
0 Name: 94718.dat
0 Author: Takeshi Takahashi [RainbowDolphin]
0 !LDRAW_ORG Part UPDATE 2025-02
0 !LICENSE Licensed under CC BY 4.0 : see CAreadme.txt

0 BFC CERTIFY CCW

0 !CATEGORY Figure Accessory
0 !KEYWORDS animal, First prize, Horse, Multipack 92355, Race, Riding

0 !HISTORY 2013-08-14 {LEGO Digital Designer} Original part shape (medal section)
0 !HISTORY 2020-09-28 [RainbowDolphin] File preparation for LDraw Parts Tracker
0 !HISTORY 2024-12-17 {LEGO Instructions App} Original part shape 1004213 (ribbon section)
0 !HISTORY 2025-02-23 [RainbowDolphin] Total rebuild of ribbon section
0 !HISTORY 2025-02-27 [OrionP] Official Update 2025-02

1 16 0 0 0 1 0 0 0 1 0 0 0 1 s\94718s01.dat
4 16 7.011 -4.048 -13.5 2.113 -4.922 -13.5 7.011 4.048 -13.5 8.096 0 -13.5
4 16 2.113 -4.922 -13.5 7.011 -4.048 -13.5 4.048 -7.011 -13.5 1.79 -5.631 -13.5
4 16 -.014 -8.095 -13.5 1.064 -6.007 -13.5 1.79 -5.631 -13.5 4.048 -7.011 -13.5
4 16 .172 -5.737 -13.5 -4.048 -7.011 -13.5 -7.011 -4.048 -13.5 -.848 -5.221 -13.5
4 16 -.014 -8.095 -13.5 -4.048 -7.011 -13.5 .172 -5.737 -13.5 1.064 -6.007 -13.5
4 16 -3.384 -1.558 -13.5 -3.788 -2.951 -13.5 -7.011 -4.048 -13.5 -8.096 0 -13.5
3 16 -2.639 -4.408 -13.5 -.848 -5.221 -13.5 -7.011 -4.048 -13.5
3 16 -3.733 -3.654 -13.5 -2.639 -4.408 -13.5 -7.011 -4.048 -13.5
3 16 -3.788 -2.951 -13.5 -3.733 -3.654 -13.5 -7.011 -4.048 -13.5
3 16 -3.024 -1.037 -13.5 -3.384 -1.558 -13.5 -8.096 0 -13.5
4 16 -3.024 -1.037 -13.5 -8.096 0 -13.5 -2.248 -.745 -13.5 -2.387 -.837 -13.5
4 16 -2.126 5.078 -13.5 -2.248 -.745 -13.5 -8.096 0 -13.5 -7.011 4.048 -13.5
4 16 -7.011 4.048 -13.5 -4.048 7.011 -13.5 -1.833 5.785 -13.5 -2.126 5.078 -13.5
3 16 -4.048 7.011 -13.5 -1.126 6.078 -13.5 -1.833 5.785 -13.5
4 16 -1.126 6.078 -13.5 -4.048 7.011 -13.5 .014 8.095 -13.5 .919 6.078 -13.5
4 16 1.623 5.788 -13.5 .919 6.078 -13.5 .014 8.095 -13.5 4.048 7.011 -13.5
3 16 4.048 7.011 -13.5 1.919 5.086 -13.5 1.623 5.788 -13.5
4 16 2.113 -4.922 -13.5 1.919 5.086 -13.5 4.048 7.011 -13.5 7.011 4.048 -13.5
3 16 1.064 -6.007 -13.5 .172 -5.737 -13.5 1.021 -5.982 -12.524
3 16 1.021 -5.982 -12.524 .172 -5.737 -13.5 .195 -5.692 -12.524
4 16 .195 -5.692 -12.524 .172 -5.737 -13.5 -.848 -5.221 -13.5 -.826 -5.175 -12.524
4 16 -2.619 -4.362 -12.524 -.826 -5.175 -12.524 -.848 -5.221 -13.5 -2.639 -4.408 -13.5
4 16 -3.687 -3.632 -12.524 -2.619 -4.362 -12.524 -2.639 -4.408 -13.5 -3.733 -3.654 -13.5
4 16 -3.733 -3.654 -13.5 -3.788 -2.951 -13.5 -3.739 -2.965 -12.524 -3.687 -3.632 -12.524
4 16 -3.739 -2.965 -12.524 -3.788 -2.951 -13.5 -3.384 -1.558 -13.5 -3.335 -1.573 -12.524
4 16 -3.384 -1.558 -13.5 -3.024 -1.037 -13.5 -2.994 -1.078 -12.524 -3.335 -1.573 -12.524
3 16 -3.024 -1.037 -13.5 -2.387 -.837 -13.5 -2.994 -1.078 -12.524
3 16 -2.994 -1.078 -12.524 -2.387 -.837 -13.5 -2.353 -.89 -12.524
3 16 -2.197 -.75 -12.524 -2.353 -.89 -12.524 -2.248 -.745 -13.5
3 16 -2.353 -.89 -12.524 -2.387 -.837 -13.5 -2.248 -.745 -13.5
4 16 -2.197 -.75 -12.524 -2.248 -.745 -13.5 -2.126 5.078 -13.5 -2.075 5.076 -12.524
4 16 -1.797 5.748 -12.524 -2.075 5.076 -12.524 -2.126 5.078 -13.5 -1.833 5.785 -13.5
4 16 -1.126 6.026 -12.524 -1.797 5.748 -12.524 -1.833 5.785 -13.5 -1.126 6.078 -13.5
4 16 -1.126 6.026 -12.524 -1.126 6.078 -13.5 .919 6.078 -13.5 .919 6.026 -12.524
4 16 1.587 5.751 -12.524 .919 6.026 -12.524 .919 6.078 -13.5 1.623 5.788 -13.5
4 16 1.623 5.788 -13.5 1.919 5.086 -13.5 1.868 5.086 -12.524 1.587 5.751 -12.524
4 16 1.919 5.086 -13.5 2.113 -4.922 -13.5 2.062 -4.924 -12.524 1.868 5.086 -12.524
4 16 1.754 -5.597 -12.524 2.062 -4.924 -12.524 2.113 -4.922 -13.5 1.79 -5.631 -13.5
4 16 1.021 -5.982 -12.524 1.754 -5.597 -12.524 1.79 -5.631 -13.5 1.064 -6.007 -13.5
3 16 -.826 -5.175 -12.524 2.062 -4.924 -12.524 .195 -5.692 -12.524
4 16 1.021 -5.982 -12.524 .195 -5.692 -12.524 2.062 -4.924 -12.524 1.754 -5.597 -12.524
4 16 -2.353 -.89 -12.524 -2.619 -4.362 -12.524 -3.687 -3.632 -12.524 -2.994 -1.078 -12.524
4 16 -2.197 -.75 -12.524 2.062 -4.924 -12.524 -.826 -5.175 -12.524 -2.619 -4.362 -12.524
4 16 2.062 -4.924 -12.524 -2.197 -.75 -12.524 -2.075 5.076 -12.524 1.868 5.086 -12.524
3 16 -2.619 -4.362 -12.524 -2.353 -.89 -12.524 -2.197 -.75 -12.524
4 16 -2.994 -1.078 -12.524 -3.687 -3.632 -12.524 -3.739 -2.965 -12.524 -3.335 -1.573 -12.524
4 16 1.868 5.086 -12.524 -2.075 5.076 -12.524 -1.797 5.748 -12.524 1.587 5.751 -12.524
4 16 1.587 5.751 -12.524 -1.797 5.748 -12.524 -1.126 6.026 -12.524 .919 6.026 -12.524
5 24 1.587 5.751 -12.524 1.623 5.788 -13.5 1.919 5.086 -13.5 .919 6.026 -12.524
5 24 .172 -5.737 -13.5 .195 -5.692 -12.524 -.848 -5.221 -13.5 1.021 -5.982 -12.524
2 24 -.848 -5.221 -13.5 .172 -5.737 -13.5
2 24 -3.024 -1.037 -13.5 -2.387 -.837 -13.5
2 24 -3.024 -1.037 -13.5 -3.384 -1.558 -13.5
2 24 -1.126 6.026 -12.524 -1.797 5.748 -12.524
2 24 -3.335 -1.573 -12.524 -3.739 -2.965 -12.524
2 24 2.113 -4.922 -13.5 1.919 5.086 -13.5
2 24 -2.353 -.89 -12.524 -2.994 -1.078 -12.524
5 24 -2.248 -.745 -13.5 -2.197 -.75 -12.524 -2.353 -.89 -12.524 -2.126 5.078 -13.5
2 24 -2.639 -4.408 -13.5 -.848 -5.221 -13.5
5 24 -1.797 5.748 -12.524 -1.833 5.785 -13.5 -2.075 5.076 -12.524 -1.126 6.078 -13.5
5 24 -3.335 -1.573 -12.524 -3.384 -1.558 -13.5 -3.739 -2.965 -12.524 -3.024 -1.037 -13.5
5 24 -1.126 6.026 -12.524 -1.126 6.078 -13.5 .919 6.078 -13.5 -1.797 5.748 -12.524
5 24 -.826 -5.175 -12.524 -.848 -5.221 -13.5 .195 -5.692 -12.524 -2.639 -4.408 -13.5
2 24 -3.733 -3.654 -13.5 -2.639 -4.408 -13.5
2 24 -3.687 -3.632 -12.524 -2.619 -4.362 -12.524
2 24 1.064 -6.007 -13.5 1.79 -5.631 -13.5
2 24 -2.387 -.837 -13.5 -2.248 -.745 -13.5
5 24 -2.075 5.076 -12.524 -2.126 5.078 -13.5 -2.197 -.75 -12.524 -1.833 5.785 -13.5
2 24 -1.797 5.748 -12.524 -2.075 5.076 -12.524
2 24 .919 6.026 -12.524 -1.126 6.026 -12.524
5 24 1.919 5.086 -13.5 1.868 5.086 -12.524 1.587 5.751 -12.524 2.113 -4.922 -13.5
2 24 1.021 -5.982 -12.524 1.754 -5.597 -12.524
2 24 -1.833 5.785 -13.5 -2.126 5.078 -13.5
2 24 1.064 -6.007 -13.5 .172 -5.737 -13.5
2 24 -2.197 -.75 -12.524 -2.353 -.89 -12.524
2 24 -3.384 -1.558 -13.5 -3.788 -2.951 -13.5
2 24 1.623 5.788 -13.5 .919 6.078 -13.5
5 24 1.79 -5.631 -13.5 1.754 -5.597 -12.524 2.062 -4.924 -12.524 1.064 -6.007 -13.5
5 24 -3.687 -3.632 -12.524 -3.733 -3.654 -13.5 -3.788 -2.951 -13.5 -2.619 -4.362 -12.524
5 24 1.021 -5.982 -12.524 .172 -5.737 -13.5 1.064 -6.007 -13.5 .195 -5.692 -12.524
2 24 -1.126 6.078 -13.5 -1.833 5.785 -13.5
2 24 .919 6.078 -13.5 -1.126 6.078 -13.5
2 24 -2.126 5.078 -13.5 -2.248 -.745 -13.5
2 24 .195 -5.692 -12.524 -.826 -5.175 -12.524
2 24 -2.619 -4.362 -12.524 -.826 -5.175 -12.524
5 24 -2.248 -.745 -13.5 -2.353 -.89 -12.524 -2.387 -.837 -13.5 -2.197 -.75 -12.524
5 24 2.062 -4.924 -12.524 2.113 -4.922 -13.5 1.868 5.086 -12.524 1.79 -5.631 -13.5
2 24 .195 -5.692 -12.524 1.021 -5.982 -12.524
2 24 -3.788 -2.951 -13.5 -3.733 -3.654 -13.5
5 24 .919 6.078 -13.5 .919 6.026 -12.524 -1.126 6.026 -12.524 1.623 5.788 -13.5
2 24 2.062 -4.924 -12.524 1.868 5.086 -12.524
5 24 -3.788 -2.951 -13.5 -3.739 -2.965 -12.524 -3.384 -1.558 -13.5 -3.687 -3.632 -12.524
5 24 -2.639 -4.408 -13.5 -2.619 -4.362 -12.524 -.826 -5.175 -12.524 -3.733 -3.654 -13.5
5 24 1.021 -5.982 -12.524 1.064 -6.007 -13.5 .172 -5.737 -13.5 1.754 -5.597 -12.524
5 24 -2.994 -1.078 -12.524 -3.024 -1.037 -13.5 -3.335 -1.573 -12.524 -2.387 -.837 -13.5
2 24 -3.739 -2.965 -12.524 -3.687 -3.632 -12.524
2 24 1.79 -5.631 -13.5 2.113 -4.922 -13.5
5 24 -2.387 -.837 -13.5 -2.353 -.89 -12.524 -2.994 -1.078 -12.524 -2.248 -.745 -13.5
2 24 1.868 5.086 -12.524 1.587 5.751 -12.524
2 24 1.919 5.086 -13.5 1.623 5.788 -13.5
2 24 1.587 5.751 -12.524 .919 6.026 -12.524
2 24 -2.994 -1.078 -12.524 -3.335 -1.573 -12.524
5 24 -2.994 -1.078 -12.524 -2.387 -.837 -13.5 -2.353 -.89 -12.524 -3.024 -1.037 -13.5
2 24 1.754 -5.597 -12.524 2.062 -4.924 -12.524
2 24 -2.075 5.076 -12.524 -2.197 -.75 -12.524
