0 Minifig Torso with ST Bright Light Orange Starfleet Duty Uniform and Silver Klingon Baldrik Pattern
0 Name: 973pv4.dat
0 Author: Philippe Hurbain [Philo]
0 !LDRAW_ORG Part UPDATE 2026-04
0 !LICENSE Licensed under CC BY 4.0 : see CAreadme.txt

0 BFC CERTIFY CCW

0 !KEYWORDS Icons, Lieutenant Worf, Set 10356, Star Trek, The Next Generation
0 !KEYWORDS U.S.S. Enterprise NCC-1701-D

0 !HISTORY 2026-03-31 [OrionP] Official Update 2026-03
0 !HISTORY 2026-04-05 [Holly-Wood] Sanded description
0 !HISTORY 2026-04-27 [OrionP] Official Update 2026-04

1 16 0 0 0 1 0 0 0 1 0 0 0 1 s\973s01.dat
1 15 0 -4 0 4.243 0 -4.243 0 -8 0 -4.243 0 -4.243 1-4cyli.dat

0 // Front
1 16 0 0 0 1 0 0 0 1 0 0 0 1 s\973pv0s03.dat
3 16 -12 0 -10 -11.79 1.1 -10 -11.03 1.04 -10
3 16 -12.84 4.52 -10 -13.55 4.47 -10 -12.53 4.81 -10
3 16 -8.71 4.65 -10 -8.28 5.05 -10 -7.73 4.62 -10
3 16 14.86 21.89 -10 -4.89 6.17 -10 -2.82 7.87 -10
3 16 -9.32 7.1 -10 -9.14 6.6 -10 -9.59 6.73 -10
3 16 -9.35 5.25 -10 -8.99 5.51 -10 -8.91 5.03 -10
3 16 -13.15 2.24 -10 -12.9 1.86 -10 -14.345 2 -10
3 16 -2.13 10.43 -10 -3.23 10.04 -10 -2.91 10.32 -10
3 16 2.95 15.24 -10 1.63 16.71 -10 3.23 15.51 -10
3 16 2.55 18.05 -10 4.02 18.71 -10 3.69 18.44 -10
3 16 7.38 19 -10 8.16 19.08 -10 7.06 18.73 -10
3 16 10.22 20.82 -10 9.11 20.43 -10 9.4 20.71 -10
3 16 8.73 23.23 -10 10.21 23.92 -10 9.86 23.64 -10
3 16 11.92 25.39 -10 10.79 24.98 -10 12.27 25.69 -10
3 16 15.3 25.63 -10 13.98 27.12 -10 15.61 25.93 -10
3 16 17.34 27.35 -10 16.04 28.85 -10 16.39 29.12 -10
3 16 16.05 31.18 -10 16.96 30.17 -10 16.6 29.82 -10
3 16 19 32 -10 16.05 31.18 -10 -19 32 -10
3 16 -.43 14.98 -10 -1.56 14.58 -10 -.09 15.29 -10
3 16 -3.62 12.86 -10 -2.16 13.51 -10 -2.48 13.25 -10
3 16 -10.19 7.46 -10 -10.7 7.13 -10 -10.67 7.96 -10
3 16 -5.68 9.61 -10 -6.62 10.15 -10 -5.76 10.5 -10
3 16 -6.31 8.91 -10 -6.58 8.34 -10 -6.81 8.94 -10
3 16 -6.64 8 -10 -6.13 7.9 -10 -6.98 7.2 -10
3 16 -9.36 2.4 -10 -5.7656 4.4 -10 -10.71 1.21 -10
3 16 -5.7656 4.4 -10 -12 0 -10 -10.71 1.21 -10
3 16 -12 0 -10 -14.345 2 -10 -12.64 1.57 -10
3 16 -12 0 -10 -12.64 1.57 -10 -12.24 1.24 -10
3 16 -11.03 1.04 -10 -10.71 1.21 -10 -12 0 -10
3 16 -12 0 -10 -12.24 1.24 -10 -11.79 1.1 -10
3 16 -10.37 3.52 -10 -12.03 2.1 -10 -11.53 3.06 -10
3 16 -12.03 2.1 -10 -12.9 1.86 -10 -11.53 3.06 -10
3 16 -8.99 2.69 -10 -7.31 4.11 -10 -5.7656 4.4 -10
3 16 -10.51 3.93 -10 -9.94 3.74 -10 -10.37 3.52 -10
3 16 -9.94 3.74 -10 -8.99 2.69 -10 -9.36 2.4 -10
3 16 -10.37 3.52 -10 -9.94 3.74 -10 -9.36 2.4 -10
3 16 -8.99 2.69 -10 -5.7656 4.4 -10 -9.36 2.4 -10
3 16 -14.2579 7.2948 -10 -13.89 6.12 -10 -13.75 5.01 -10
3 16 -11.21 3.33 -10 -10.51 3.93 -10 -10.37 3.52 -10
3 16 -14.345 2 -10 -14.2579 7.2948 -10 -13.75 5.01 -10
3 16 -14.345 2 -10 -13.75 5.01 -10 -13.55 4.47 -10
3 16 -13.47 3.95 -10 -14.345 2 -10 -13.55 4.47 -10
3 16 -11.21 3.33 -10 -10.37 3.52 -10 -11.53 3.06 -10
3 16 -11.21 3.33 -10 -11.53 3.06 -10 -12.53 4.81 -10
3 16 -11.53 3.06 -10 -12.84 4.52 -10 -12.53 4.81 -10
3 16 -13.36 4.15 -10 -13.47 3.95 -10 -13.55 4.47 -10
3 16 -12.84 4.52 -10 -13.36 4.15 -10 -13.55 4.47 -10
3 16 -7.73 4.62 -10 -8.65 3.92 -10 -8.71 4.65 -10
3 16 -8.65 3.92 -10 -9.16 3.78 -10 -9.3 4.43 -10
3 16 -8.71 4.65 -10 -8.65 3.92 -10 -9.3 4.43 -10
3 16 -9.16 3.78 -10 -9.94 3.74 -10 -9.3 4.43 -10
3 16 -9.94 3.74 -10 -10.51 3.93 -10 -9.94 4.45 -10
3 16 -10.51 3.93 -10 -11.27 4.45 -10 -10.52 4.69 -10
3 16 -11.27 4.45 -10 -11.85 5.39 -10 -10.94 5.1 -10
3 16 -10.52 4.69 -10 -11.27 4.45 -10 -10.94 5.1 -10
3 16 -11.85 5.39 -10 -12.53 4.81 -10 -12.18 5.66 -10
3 16 -12.53 4.81 -10 -13.55 4.47 -10 -12.18 5.66 -10
3 16 -9.94 3.74 -10 -9.94 4.45 -10 -9.3 4.43 -10
3 16 -10.51 3.93 -10 -10.52 4.69 -10 -9.94 4.45 -10
3 16 -11.85 5.39 -10 -12.18 5.66 -10 -11.92 6.01 -10
3 16 -13.13 6.72 -10 -13.89 6.12 -10 -14.2579 7.2948 -10
3 16 14.86 21.89 -10 -5.7656 4.4 -10 -4.89 6.17 -10
3 16 -5.7656 4.4 -10 -7.31 4.11 -10 -6.94 4.42 -10
3 16 -6.94 4.42 -10 -5.25 5.89 -10 -5.7656 4.4 -10
3 16 -5.25 5.89 -10 -4.89 6.17 -10 -5.7656 4.4 -10
3 16 -13.13 6.72 -10 -14.2579 7.2948 -10 -12.81 7.07 -10
3 16 -11.92 6.01 -10 -11.18 6.15 -10 -11.15 5.61 -10
3 16 -13.13 6.72 -10 -12.81 7.07 -10 -11.92 6.01 -10
3 16 -8.28 5.05 -10 -7.42 5.01 -10 -7.73 4.62 -10
3 16 -7.42 5.01 -10 -6.94 4.42 -10 -7.73 4.62 -10
3 16 -7.73 4.62 -10 -6.94 4.42 -10 -7.31 4.11 -10
3 16 -12.18 5.66 -10 -13.13 6.72 -10 -11.92 6.01 -10
3 16 -11.92 6.01 -10 -11.15 5.61 -10 -11.85 5.39 -10
3 16 -11.15 5.61 -10 -10.94 5.1 -10 -11.85 5.39 -10
3 16 -4.89 6.17 -10 -3.19 7.6 -10 -2.82 7.87 -10
3 16 -2.82 7.87 -10 -1.14 9.32 -10 14.86 21.89 -10
3 16 -10.35 5.88 -10 -10.75 5.79 -10 -10.74 6.2 -10
3 16 -10.74 6.2 -10 -10.57 6.6 -10 -10.29 6.27 -10
3 16 -10.57 6.6 -10 -10.26 6.93 -10 -10.03 6.6 -10
3 16 -10.26 6.93 -10 -9.82 7.11 -10 -10.03 6.6 -10
3 16 -9.82 7.11 -10 -9.32 7.1 -10 -9.59 6.73 -10
3 16 -10.03 6.6 -10 -9.82 7.11 -10 -9.59 6.73 -10
3 16 -9.32 7.1 -10 -8.88 6.91 -10 -9.14 6.6 -10
3 16 -8.88 6.91 -10 -8.58 6.57 -10 -9.14 6.6 -10
3 16 -8.58 6.57 -10 -8.43 6.17 -10 -8.88 6.27 -10
3 16 -8.43 6.17 -10 -8.44 5.75 -10 -8.84 5.88 -10
3 16 -8.88 6.27 -10 -8.43 6.17 -10 -8.84 5.88 -10
3 16 -8.88 6.27 -10 -9.14 6.6 -10 -8.58 6.57 -10
3 16 -10.57 6.6 -10 -10.03 6.6 -10 -10.29 6.27 -10
3 16 -10.29 6.27 -10 -10.35 5.88 -10 -10.74 6.2 -10
3 16 -8.99 5.51 -10 -8.84 5.88 -10 -8.6 5.36 -10
3 16 -8.84 5.88 -10 -8.44 5.75 -10 -8.6 5.36 -10
3 16 -8.6 5.36 -10 -8.91 5.03 -10 -8.99 5.51 -10
3 16 -8.91 5.03 -10 -9.35 4.84 -10 -9.35 5.25 -10
3 16 -9.35 4.84 -10 -9.85 4.87 -10 -9.81 5.27 -10
3 16 -9.85 4.87 -10 -10.29 5.06 -10 -9.81 5.27 -10
3 16 -10.29 5.06 -10 -10.61 5.39 -10 -10.19 5.51 -10
3 16 -9.81 5.27 -10 -10.29 5.06 -10 -10.19 5.51 -10
3 16 -10.61 5.39 -10 -10.75 5.79 -10 -10.35 5.88 -10
3 16 -10.61 5.39 -10 -10.35 5.88 -10 -10.19 5.51 -10
3 16 -9.35 4.84 -10 -9.81 5.27 -10 -9.35 5.25 -10
3 16 -12.03 2.1 -10 -11.03 1.04 -10 -11.79 1.1 -10
3 16 -12.42 1.79 -10 -12.64 1.57 -10 -12.9 1.86 -10
3 16 -12.64 1.57 -10 -14.345 2 -10 -12.9 1.86 -10
3 16 -12.03 2.1 -10 -11.79 1.1 -10 -12.42 1.79 -10
3 16 -12.9 1.86 -10 -12.03 2.1 -10 -12.42 1.79 -10
3 16 -14.345 2 -10 -13.47 3.95 -10 -13.34 2.84 -10
3 16 -14.345 2 -10 -13.34 2.84 -10 -13.15 2.24 -10
3 16 -2.13 10.43 -10 -3.81 9.02 -10 -3.23 10.04 -10
3 16 -3.81 9.02 -10 -4.84 8.53 -10 -3.23 10.04 -10
3 16 3.34 13.09 -10 5.04 14.52 -10 14.86 21.89 -10
3 16 -8.7 10.5 -10 -14.2579 7.2948 -10 -6.64 12.21 -10
3 16 -6.95 11.92 -10 -8.7 10.5 -10 -6.64 12.21 -10
3 16 -6.95 11.92 -10 -6.64 12.21 -10 -6.23 11.11 -10
3 16 -6.64 12.21 -10 -5.68 11.13 -10 -6.23 11.11 -10
3 16 -6.06 10.75 -10 -6.23 11.11 -10 -5.68 11.13 -10
3 16 -5.76 10.5 -10 -6.67 10.92 -10 -6.06 10.75 -10
3 16 -4.51 11.52 -10 -5.76 10.5 -10 -5.68 11.13 -10
3 16 -5.76 10.5 -10 -6.06 10.75 -10 -5.68 11.13 -10
3 16 -5.68 11.13 -10 -4.23 11.79 -10 -4.51 11.52 -10
3 16 -.78 9.62 -10 -1.14 9.32 -10 -1.74 10.73 -10
3 16 -1.14 9.32 -10 -2.13 10.43 -10 -1.74 10.73 -10
3 16 -4.51 11.52 -10 -4.23 11.79 -10 -2.91 10.32 -10
3 16 -3.23 10.04 -10 -4.51 11.52 -10 -2.91 10.32 -10
3 16 -2.91 10.32 -10 -1.74 10.73 -10 -2.13 10.43 -10
3 16 4.11 15.64 -10 2.37 14.22 -10 2.95 15.24 -10
3 16 2.37 14.22 -10 1.21 13.79 -10 2.95 15.24 -10
3 16 5.4 14.81 -10 7.09 16.23 -10 14.86 21.89 -10
3 16 4.04 16.09 -10 4.42 15.94 -10 4.11 15.64 -10
3 16 4.42 15.94 -10 5.4 14.81 -10 4.11 15.64 -10
3 16 5.4 14.81 -10 5.04 14.52 -10 4.11 15.64 -10
3 16 -.85 17.12 -10 -2.53 15.7 -10 -14.2579 7.2948 -10
3 16 -.09 15.29 -10 -1.56 14.58 -10 .14 16.06 -10
3 16 -.85 17.12 -10 -14.2579 7.2948 -10 -.5 17.4 -10
3 16 1.63 16.71 -10 -.09 15.29 -10 .5 16.31 -10
3 16 -.09 15.29 -10 .14 16.06 -10 .5 16.31 -10
3 16 .14 16.06 -10 -.85 17.12 -10 -.5 17.4 -10
3 16 .14 16.06 -10 -.5 17.4 -10 .5 16.31 -10
3 16 1.63 16.71 -10 .5 16.31 -10 1.95 16.99 -10
3 16 3.23 15.51 -10 4.04 16.09 -10 4.11 15.64 -10
3 16 1.63 16.71 -10 1.95 16.99 -10 3.23 15.51 -10
3 16 3.23 15.51 -10 4.11 15.64 -10 2.95 15.24 -10
3 16 6.1 17.36 -10 4.42 15.94 -10 4.99 16.94 -10
3 16 4.42 15.94 -10 4.04 16.09 -10 4.99 16.94 -10
3 16 9.16 17.93 -10 14.86 21.89 -10 7.09 16.23 -10
3 16 7.45 16.55 -10 9.16 17.93 -10 7.09 16.23 -10
3 16 7.45 16.55 -10 7.09 16.23 -10 6.45 17.64 -10
3 16 7.09 16.23 -10 6.1 17.36 -10 6.45 17.64 -10
3 16 5.31 17.24 -10 7.06 18.73 -10 6.1 17.36 -10
3 16 7.06 18.73 -10 6.45 17.64 -10 6.1 17.36 -10
3 16 3.69 18.44 -10 1.95 16.99 -10 2.55 18.05 -10
3 16 1.95 16.99 -10 .5 16.31 -10 2.21 17.7 -10
3 16 1.95 16.99 -10 2.21 17.7 -10 2.55 18.05 -10
3 16 6.1 17.36 -10 4.99 16.94 -10 5.31 17.24 -10
3 16 5.31 17.24 -10 4.99 16.94 -10 3.69 18.44 -10
3 16 -.5 17.4 -10 -14.2579 7.2948 -10 1.58 19.12 -10
3 16 1.3 18.86 -10 -.5 17.4 -10 1.58 19.12 -10
3 16 1.3 18.86 -10 1.58 19.12 -10 2.55 18.05 -10
3 16 4.02 18.71 -10 5.31 17.24 -10 3.69 18.44 -10
3 16 2.21 17.7 -10 1.3 18.86 -10 2.55 18.05 -10
3 16 8.16 19.08 -10 6.45 17.64 -10 7.06 18.73 -10
3 16 11.21 19.72 -10 14.86 21.89 -10 9.16 17.93 -10
3 16 9.51 18.29 -10 11.21 19.72 -10 9.16 17.93 -10
3 16 9.51 18.29 -10 9.16 17.93 -10 8.53 19.37 -10
3 16 9.16 17.93 -10 8.16 19.08 -10 8.53 19.37 -10
3 16 3.26 20.59 -10 1.58 19.12 -10 -14.2579 7.2948 -10
3 16 4.02 18.71 -10 2.55 18.05 -10 4.26 19.49 -10
3 16 3.26 20.59 -10 -14.2579 7.2948 -10 3.64 20.9 -10
3 16 5.75 20.19 -10 4.02 18.71 -10 4.61 19.78 -10
3 16 4.02 18.71 -10 4.26 19.49 -10 4.61 19.78 -10
3 16 4.26 19.49 -10 3.26 20.59 -10 3.64 20.9 -10
3 16 4.26 19.49 -10 3.64 20.9 -10 4.61 19.78 -10
3 16 5.75 20.19 -10 4.61 19.78 -10 6.1 20.49 -10
3 16 7.38 19 -10 8.53 19.37 -10 8.16 19.08 -10
3 16 5.75 20.19 -10 6.1 20.49 -10 7.06 18.73 -10
3 16 6.1 20.49 -10 7.38 19 -10 7.06 18.73 -10
3 16 10.22 20.82 -10 8.53 19.37 -10 9.11 20.43 -10
3 16 8.53 19.37 -10 7.38 19 -10 9.11 20.43 -10
3 16 11.57 20.01 -10 13.26 21.44 -10 14.86 21.89 -10
3 16 -14.2579 7.2948 -10 3.7851 22.4727 -10 3.64 20.9 -10
3 16 3.7851 22.4727 -10 5.69 22.62 -10 5.32 22.32 -10
3 16 5.32 22.32 -10 3.64 20.9 -10 3.7851 22.4727 -10
3 16 6.1 20.49 -10 4.61 19.78 -10 6.31 21.2 -10
3 16 7.81 21.91 -10 6.1 20.49 -10 6.68 21.5 -10
3 16 6.1 20.49 -10 6.31 21.2 -10 6.68 21.5 -10
3 16 6.31 21.2 -10 5.32 22.32 -10 5.69 22.62 -10
3 16 6.31 21.2 -10 5.69 22.62 -10 6.68 21.5 -10
3 16 11.57 20.01 -10 14.86 21.89 -10 11.21 19.72 -10
3 16 11.57 20.01 -10 11.21 19.72 -10 10.59 21.14 -10
3 16 11.21 19.72 -10 10.22 20.82 -10 10.59 21.14 -10
3 16 7.81 21.91 -10 6.68 21.5 -10 8.13 22.2 -10
3 16 7.81 21.91 -10 8.13 22.2 -10 9.4 20.71 -10
3 16 9.4 20.71 -10 10.59 21.14 -10 10.22 20.82 -10
3 16 9.11 20.43 -10 7.81 21.91 -10 9.4 20.71 -10
3 16 12.27 22.56 -10 10.59 21.14 -10 11.16 22.15 -10
3 16 10.59 21.14 -10 9.4 20.71 -10 11.16 22.15 -10
3 16 15.31 23.21 -10 16.069 17.8 -10 14.86 21.89 -10
3 16 13.62 21.74 -10 15.31 23.21 -10 14.86 21.89 -10
3 16 9.86 23.64 -10 8.13 22.2 -10 8.73 23.23 -10
3 16 8.13 22.2 -10 6.68 21.5 -10 8.37 22.9 -10
3 16 8.13 22.2 -10 8.37 22.9 -10 8.73 23.23 -10
3 16 13.62 21.74 -10 14.86 21.89 -10 13.26 21.44 -10
3 16 11.48 22.44 -10 13.23 23.93 -10 12.27 22.56 -10
3 16 13.23 23.93 -10 12.64 22.86 -10 12.27 22.56 -10
3 16 12.64 22.86 -10 13.62 21.74 -10 13.26 21.44 -10
3 16 12.64 22.86 -10 13.26 21.44 -10 12.27 22.56 -10
3 16 7.36 24.06 -10 5.69 22.62 -10 3.7851 22.4727 -10
3 16 11.48 22.44 -10 12.27 22.56 -10 11.16 22.15 -10
3 16 11.48 22.44 -10 11.16 22.15 -10 10.21 23.92 -10
3 16 11.16 22.15 -10 9.86 23.64 -10 10.21 23.92 -10
3 16 7.36 24.06 -10 3.7851 22.4727 -10 7.73 24.33 -10
3 16 7.36 24.06 -10 7.73 24.33 -10 8.37 22.9 -10
3 16 7.73 24.33 -10 8.73 23.23 -10 8.37 22.9 -10
3 16 14.32 24.29 -10 12.64 22.86 -10 13.23 23.93 -10
3 16 11.92 25.39 -10 10.21 23.92 -10 10.79 24.98 -10
3 16 10.21 23.92 -10 8.73 23.23 -10 10.43 24.69 -10
3 16 10.21 23.92 -10 10.43 24.69 -10 10.79 24.98 -10
3 16 17.25 24.97 -10 19 29 -10 16.069 17.8 -10
3 16 15.68 23.47 -10 17.25 24.97 -10 16.069 17.8 -10
3 16 9.44 25.77 -10 7.73 24.33 -10 3.7851 22.4727 -10
3 16 15.68 23.47 -10 16.069 17.8 -10 15.31 23.21 -10
3 16 9.44 25.77 -10 3.7851 22.4727 -10 9.81 26.05 -10
3 16 15.68 23.47 -10 15.31 23.21 -10 14.68 24.56 -10
3 16 15.31 23.21 -10 14.32 24.29 -10 14.68 24.56 -10
3 16 9.44 25.77 -10 9.81 26.05 -10 10.43 24.69 -10
3 16 9.81 26.05 -10 10.79 24.98 -10 10.43 24.69 -10
3 16 13.58 24.16 -10 14.68 24.56 -10 14.32 24.29 -10
3 16 13.58 24.16 -10 14.32 24.29 -10 13.23 23.93 -10
3 16 13.58 24.16 -10 13.23 23.93 -10 12.27 25.69 -10
3 16 13.23 23.93 -10 11.92 25.39 -10 12.27 25.69 -10
3 16 16.39 26.01 -10 14.68 24.56 -10 15.3 25.63 -10
3 16 14.68 24.56 -10 13.58 24.16 -10 15.3 25.63 -10
3 16 13.98 27.12 -10 12.27 25.69 -10 12.85 26.7 -10
3 16 12.27 25.69 -10 10.79 24.98 -10 12.48 26.4 -10
3 16 12.27 25.69 -10 12.48 26.4 -10 12.85 26.7 -10
3 16 17.4 25.61 -10 17.63 27.02 -10 19 29 -10
3 16 3.7851 22.4727 -10 -14.8 27.3 -10 9.81 26.05 -10
3 16 -14.8 27.3 -10 11.87 27.82 -10 11.49 27.52 -10
3 16 11.49 27.52 -10 9.81 26.05 -10 -14.8 27.3 -10
3 16 17.4 25.61 -10 19 29 -10 17.25 24.97 -10
3 16 11.49 27.52 -10 11.87 27.82 -10 12.48 26.4 -10
3 16 11.87 27.82 -10 12.85 26.7 -10 12.48 26.4 -10
3 16 17.4 25.61 -10 17.25 24.97 -10 16.76 26.29 -10
3 16 17.25 24.97 -10 16.39 26.01 -10 16.76 26.29 -10
3 16 13.98 27.12 -10 12.85 26.7 -10 14.33 27.41 -10
3 16 15.61 25.93 -10 16.76 26.29 -10 16.39 26.01 -10
3 16 13.98 27.12 -10 14.33 27.41 -10 15.61 25.93 -10
3 16 15.61 25.93 -10 16.39 26.01 -10 15.3 25.63 -10
3 16 19 29 -10 17.63 27.02 -10 17.76 27.64 -10
3 16 17.63 27.02 -10 16.76 26.29 -10 17.34 27.35 -10
3 16 17.76 27.64 -10 17.63 27.02 -10 17.34 27.35 -10
3 16 16.76 26.29 -10 15.61 25.93 -10 17.34 27.35 -10
3 16 16.04 28.85 -10 14.33 27.41 -10 14.9 28.43 -10
3 16 14.33 27.41 -10 12.85 26.7 -10 14.53 28.12 -10
3 16 14.33 27.41 -10 14.53 28.12 -10 14.9 28.43 -10
3 16 13.55 29.24 -10 11.87 27.82 -10 -14.8 27.3 -10
3 16 17.76 27.64 -10 18.08 29.62 -10 19 29 -10
3 16 -14.8 27.3 -10 -19 29 -10 13.91 29.54 -10
3 16 13.55 29.24 -10 -14.8 27.3 -10 13.91 29.54 -10
3 16 13.55 29.24 -10 13.91 29.54 -10 14.53 28.12 -10
3 16 13.91 29.54 -10 14.9 28.43 -10 14.53 28.12 -10
3 16 16.04 28.85 -10 14.9 28.43 -10 16.39 29.12 -10
3 16 17.76 27.64 -10 17.34 27.35 -10 16.39 29.12 -10
3 16 18.07 30.58 -10 16.39 29.12 -10 16.96 30.17 -10
3 16 16.39 29.12 -10 14.9 28.43 -10 16.6 29.82 -10
3 16 16.39 29.12 -10 16.6 29.82 -10 16.96 30.17 -10
3 16 19 29 -10 18.08 29.62 -10 18.07 30.58 -10
3 16 18.08 31.19 -10 19 32 -10 18.07 30.58 -10
3 16 19 32 -10 19 29 -10 18.07 30.58 -10
3 16 15.61 30.97 -10 13.91 29.54 -10 -19 32 -10
3 16 13.91 29.54 -10 -19 29 -10 -19 32 -10
3 16 -19 32 -10 16.05 31.18 -10 15.61 30.97 -10
3 16 16.96 30.17 -10 18.08 31.19 -10 18.07 30.58 -10
3 16 15.61 30.97 -10 16.05 31.18 -10 16.6 29.82 -10
3 16 19 32 -10 18.08 31.19 -10 16.05 31.18 -10
3 16 1.99 13.89 -10 .3 12.45 -10 .88 13.52 -10
3 16 .3 12.45 -10 -.85 12.05 -10 .88 13.52 -10
3 16 3.34 13.09 -10 2.98 12.8 -10 1.99 13.89 -10
3 16 -4.59 13.99 -10 -14.2579 7.2948 -10 -2.53 15.7 -10
3 16 -2.84 15.4 -10 -4.59 13.99 -10 -2.53 15.7 -10
3 16 -2.84 15.4 -10 -2.53 15.7 -10 -1.56 14.58 -10
3 16 -2.16 13.51 -10 -3.62 12.86 -10 -1.91 14.28 -10
3 16 -1.91 14.28 -10 -2.84 15.4 -10 -1.56 14.58 -10
3 16 2.37 14.22 -10 3.34 13.09 -10 1.99 13.89 -10
3 16 -.43 14.98 -10 -2.16 13.51 -10 -1.56 14.58 -10
3 16 -2.16 13.51 -10 -1.91 14.28 -10 -1.56 14.58 -10
3 16 2.37 14.22 -10 1.99 13.89 -10 1.21 13.79 -10
3 16 1.99 13.89 -10 .88 13.52 -10 1.21 13.79 -10
3 16 1.21 13.79 -10 .88 13.52 -10 -.09 15.29 -10
3 16 .88 13.52 -10 -.43 14.98 -10 -.09 15.29 -10
3 16 .3 12.45 -10 1.27 11.38 -10 .02 12.17 -10
3 16 1.27 11.38 -10 .92 11.09 -10 .02 12.17 -10
3 16 -.85 12.05 -10 .3 12.45 -10 .02 12.17 -10
3 16 .02 12.17 -10 -1.74 10.73 -10 -1.19 11.74 -10
3 16 -1.74 10.73 -10 -2.91 10.32 -10 -1.19 11.74 -10
3 16 -6.64 12.21 -10 -14.2579 7.2948 -10 -4.97 13.65 -10
3 16 -14.2579 7.2948 -10 -4.59 13.99 -10 -4.97 13.65 -10
3 16 -4.97 13.65 -10 -4.59 13.99 -10 -3.97 12.57 -10
3 16 -4.59 13.99 -10 -3.62 12.86 -10 -3.97 12.57 -10
3 16 -4.23 11.79 -10 -5.68 11.13 -10 -3.97 12.57 -10
3 16 -2.16 13.51 -10 -.85 12.05 -10 -1.19 11.74 -10
3 16 -.85 12.05 -10 .02 12.17 -10 -1.19 11.74 -10
3 16 -2.48 13.25 -10 -4.23 11.79 -10 -3.62 12.86 -10
3 16 -4.23 11.79 -10 -3.97 12.57 -10 -3.62 12.86 -10
3 16 -1.19 11.74 -10 -2.48 13.25 -10 -2.16 13.51 -10
3 16 -9.3 8.22 -10 -9.15 8.61 -10 -8.54 8.41 -10
3 16 -9.3 8.22 -10 -8.54 8.41 -10 -8.94 7.42 -10
3 16 -8.54 8.41 -10 -7.02 6.73 -10 -8.44 7.08 -10
3 16 -8.94 7.42 -10 -8.54 8.41 -10 -8.44 7.08 -10
3 16 -10.22 8.17 -10 -9.3 8.22 -10 -9.56 7.56 -10
3 16 -5.55 6.95 -10 -4.89 6.17 -10 -5.25 5.89 -10
3 16 -5.96 6.66 -10 -6.84 6.02 -10 -7.02 6.73 -10
3 16 -6.84 6.02 -10 -7.29 5.94 -10 -7.02 6.73 -10
3 16 -5.55 6.95 -10 -5.25 5.89 -10 -5.96 6.66 -10
3 16 -7.02 6.73 -10 -5.55 6.95 -10 -5.96 6.66 -10
3 16 -7.29 5.94 -10 -7.42 5.01 -10 -8.04 5.55 -10
3 16 -7.42 5.01 -10 -8.28 5.05 -10 -8.04 5.55 -10
3 16 -7.02 6.73 -10 -7.29 5.94 -10 -7.98 6.09 -10
3 16 -7.29 5.94 -10 -8.04 5.55 -10 -7.98 6.09 -10
3 16 -7.02 6.73 -10 -7.98 6.09 -10 -8.11 6.61 -10
3 16 -7.02 6.73 -10 -8.11 6.61 -10 -8.44 7.08 -10
3 16 -9.3 8.22 -10 -8.94 7.42 -10 -9.56 7.56 -10
3 16 -11.16 8.47 -10 -12.81 7.07 -10 -14.2579 7.2948 -10
3 16 -11.92 6.01 -10 -11.5 7.22 -10 -11.03 6.67 -10
3 16 -11.5 7.22 -10 -10.67 7.96 -10 -10.7 7.13 -10
3 16 -11.92 6.01 -10 -11.03 6.67 -10 -11.18 6.15 -10
3 16 -11.16 8.47 -10 -14.2579 7.2948 -10 -10.78 8.77 -10
3 16 -11.03 6.67 -10 -11.5 7.22 -10 -10.7 7.13 -10
3 16 -10.67 7.96 -10 -11.16 8.47 -10 -10.78 8.77 -10
3 16 -10.22 8.17 -10 -9.56 7.56 -10 -10.19 7.46 -10
3 16 -10.67 7.96 -10 -10.78 8.77 -10 -10.22 8.17 -10
3 16 -10.22 8.17 -10 -10.19 7.46 -10 -10.67 7.96 -10
3 16 -4.23 7.98 -10 -5.55 6.95 -10 -5.2 8.13 -10
3 16 -5.55 6.95 -10 -7.02 6.73 -10 -5.2 8.13 -10
3 16 -5.2 8.13 -10 -5.65 8.35 -10 -4.84 8.53 -10
3 16 -5.65 8.35 -10 -5.79 8.56 -10 -5.08 8.97 -10
3 16 -4.19 8.71 -10 -4.15 8.28 -10 -4.84 8.53 -10
3 16 -4.15 8.28 -10 -4.23 7.98 -10 -4.84 8.53 -10
3 16 -2.82 7.87 -10 -3.19 7.6 -10 -3.81 9.02 -10
3 16 -3.19 7.6 -10 -4.19 8.71 -10 -3.81 9.02 -10
3 16 -5.76 10.5 -10 -4.99 9.89 -10 -5.68 9.61 -10
3 16 -4.99 9.89 -10 -5.08 8.97 -10 -5.68 9.61 -10
3 16 -8.02 9.73 -10 -6.67 10.92 -10 -6.62 10.15 -10
3 16 -6.67 10.92 -10 -5.76 10.5 -10 -6.62 10.15 -10
3 16 -10.78 8.77 -10 -14.2579 7.2948 -10 -9 10.21 -10
3 16 -14.2579 7.2948 -10 -8.7 10.5 -10 -9 10.21 -10
3 16 -9 10.21 -10 -8.7 10.5 -10 -8.02 9.73 -10
3 16 -8.54 8.41 -10 -9.15 8.61 -10 -8.35 9.44 -10
3 16 -8.35 9.44 -10 -9 10.21 -10 -8.02 9.73 -10
3 16 -4.23 7.98 -10 -5.2 8.13 -10 -4.84 8.53 -10
3 16 -5.65 8.35 -10 -5.08 8.97 -10 -4.84 8.53 -10
3 16 -5.79 8.56 -10 -5.68 9.61 -10 -5.08 8.97 -10
3 16 -6.62 10.15 -10 -8.54 8.41 -10 -8.02 9.73 -10
3 16 -8.54 8.41 -10 -8.35 9.44 -10 -8.02 9.73 -10
3 16 -4.84 8.53 -10 -3.81 9.02 -10 -4.19 8.71 -10
3 16 -7.41 8.3 -10 -7.99 8.34 -10 -6.6 9.57 -10
3 16 -6.6 9.57 -10 -6.31 8.91 -10 -6.81 8.94 -10
3 16 -6.31 8.91 -10 -6.13 7.9 -10 -6.58 8.34 -10
3 16 -6.81 8.94 -10 -7.41 8.3 -10 -6.6 9.57 -10
3 16 -6.64 8 -10 -6.58 8.34 -10 -6.13 7.9 -10
3 16 -6.98 7.2 -10 -7.99 8.34 -10 -6.98 7.76 -10
3 16 -7.99 8.34 -10 -7.41 8.3 -10 -6.98 7.76 -10
3 16 -6.98 7.76 -10 -6.64 8 -10 -6.98 7.2 -10
3 80 -10.71 1.21 -10 -12.03 2.1 -10 -10.37 3.52 -10
3 80 -8.99 2.69 -10 -9.16 3.78 -10 -8.65 3.92 -10
3 80 -11.5 7.22 -10 -11.92 6.01 -10 -12.81 7.07 -10
3 80 -9.56 7.56 -10 -9.32 7.1 -10 -9.82 7.11 -10
3 80 -9.81 5.27 -10 -9.59 6.73 -10 -8.84 5.88 -10
3 80 -9.94 4.45 -10 -9.85 4.87 -10 -9.35 4.84 -10
3 80 -6.94 4.42 -10 -7.42 5.01 -10 -6.84 6.02 -10
3 80 -12.18 5.66 -10 -13.75 5.01 -10 -13.89 6.12 -10
3 80 -11.27 4.45 -10 -11.21 3.33 -10 -12.53 4.81 -10
3 80 -13.15 2.24 -10 -13.34 2.84 -10 -11.53 3.06 -10
3 80 -12.42 1.79 -10 -12.24 1.24 -10 -12.64 1.57 -10
3 80 -2.82 7.87 -10 -2.13 10.43 -10 -1.14 9.32 -10
3 80 3.34 13.09 -10 2.37 14.22 -10 4.11 15.64 -10
3 80 5.4 14.81 -10 6.1 17.36 -10 7.09 16.23 -10
3 80 7.45 16.55 -10 8.16 19.08 -10 9.16 17.93 -10
3 80 9.51 18.29 -10 10.22 20.82 -10 11.21 19.72 -10
3 80 11.57 20.01 -10 12.27 22.56 -10 13.26 21.44 -10
3 80 17.63 27.02 -10 17.4 25.61 -10 16.76 26.29 -10
3 80 18.08 29.62 -10 16.39 29.12 -10 18.07 30.58 -10
3 80 18.08 31.19 -10 16.96 30.17 -10 16.05 31.18 -10
3 80 15.61 30.97 -10 14.9 28.43 -10 13.91 29.54 -10
3 80 13.55 29.24 -10 12.85 26.7 -10 11.87 27.82 -10
3 80 16.04 28.85 -10 15.61 25.93 -10 14.33 27.41 -10
3 80 11.49 27.52 -10 10.79 24.98 -10 9.81 26.05 -10
3 80 13.98 27.12 -10 13.58 24.16 -10 12.27 25.69 -10
3 80 17.25 24.97 -10 15.68 23.47 -10 14.68 24.56 -10
3 80 9.44 25.77 -10 8.73 23.23 -10 7.73 24.33 -10
3 80 13.23 23.93 -10 11.48 22.44 -10 10.21 23.92 -10
3 80 14.32 24.29 -10 13.62 21.74 -10 12.64 22.86 -10
3 80 7.36 24.06 -10 6.68 21.5 -10 5.69 22.62 -10
3 80 9.86 23.64 -10 9.4 20.71 -10 8.13 22.2 -10
3 80 5.32 22.32 -10 4.61 19.78 -10 3.64 20.9 -10
3 80 7.81 21.91 -10 7.38 19 -10 6.1 20.49 -10
3 80 3.26 20.59 -10 2.55 18.05 -10 1.58 19.12 -10
3 80 7.06 18.73 -10 5.31 17.24 -10 4.02 18.71 -10
3 80 1.3 18.86 -10 .5 16.31 -10 -.5 17.4 -10
3 80 4.04 16.09 -10 3.23 15.51 -10 1.95 16.99 -10
3 80 -.85 17.12 -10 -1.56 14.58 -10 -2.53 15.7 -10
3 80 -2.84 15.4 -10 -3.62 12.86 -10 -4.59 13.99 -10
3 80 -4.97 13.65 -10 -5.68 11.13 -10 -6.64 12.21 -10
3 80 -2.48 13.25 -10 -2.91 10.32 -10 -4.23 11.79 -10
3 80 -.78 9.62 -10 .02 12.17 -10 .92 11.09 -10
3 80 -.43 14.98 -10 -.85 12.05 -10 -2.16 13.51 -10
3 80 1.99 13.89 -10 1.27 11.38 -10 .3 12.45 -10
3 80 1.63 16.71 -10 1.21 13.79 -10 -.09 15.29 -10
3 80 -4.23 7.98 -10 -4.15 8.28 -10 -3.19 7.6 -10
3 80 -4.51 11.52 -10 -3.23 10.04 -10 -4.99 9.89 -10
3 80 -6.23 11.11 -10 -6.06 10.75 -10 -6.67 10.92 -10
3 80 -9.15 8.61 -10 -10.22 8.17 -10 -10.78 8.77 -10
3 80 -6.64 8 -10 -7.41 8.3 -10 -6.58 8.34 -10
3 80 -8.54 8.41 -10 -7.99 8.34 -10 -6.98 7.2 -10
3 80 -10.37 3.52 -10 -9.36 2.4 -10 -10.71 1.21 -10
3 80 -10.71 1.21 -10 -11.03 1.04 -10 -12.03 2.1 -10
3 80 -7.73 4.62 -10 -7.31 4.11 -10 -8.65 3.92 -10
3 80 -7.31 4.11 -10 -8.99 2.69 -10 -8.65 3.92 -10
3 80 -8.99 2.69 -10 -9.94 3.74 -10 -9.16 3.78 -10
3 80 -12.81 7.07 -10 -11.16 8.47 -10 -11.5 7.22 -10
3 80 -11.16 8.47 -10 -10.67 7.96 -10 -11.5 7.22 -10
3 80 -11.18 6.15 -10 -11.03 6.67 -10 -10.74 6.2 -10
3 80 -11.03 6.67 -10 -10.7 7.13 -10 -10.57 6.6 -10
3 80 -10.7 7.13 -10 -10.19 7.46 -10 -10.26 6.93 -10
3 80 -10.19 7.46 -10 -9.56 7.56 -10 -9.82 7.11 -10
3 80 -10.26 6.93 -10 -10.19 7.46 -10 -9.82 7.11 -10
3 80 -9.56 7.56 -10 -8.94 7.42 -10 -9.32 7.1 -10
3 80 -8.94 7.42 -10 -8.44 7.08 -10 -8.88 6.91 -10
3 80 -8.44 7.08 -10 -8.11 6.61 -10 -8.58 6.57 -10
3 80 -8.11 6.61 -10 -7.98 6.09 -10 -8.43 6.17 -10
3 80 -8.58 6.57 -10 -8.11 6.61 -10 -8.43 6.17 -10
3 80 -8.58 6.57 -10 -8.88 6.91 -10 -8.44 7.08 -10
3 80 -8.94 7.42 -10 -8.88 6.91 -10 -9.32 7.1 -10
3 80 -11.03 6.67 -10 -10.57 6.6 -10 -10.74 6.2 -10
3 80 -10.75 5.79 -10 -11.15 5.61 -10 -11.18 6.15 -10
3 80 -10.74 6.2 -10 -10.75 5.79 -10 -11.18 6.15 -10
3 80 -10.26 6.93 -10 -10.57 6.6 -10 -10.7 7.13 -10
3 80 -10.19 5.51 -10 -10.35 5.88 -10 -10.29 6.27 -10
3 80 -10.29 6.27 -10 -10.03 6.6 -10 -9.59 6.73 -10
3 80 -9.59 6.73 -10 -9.14 6.6 -10 -8.84 5.88 -10
3 80 -9.14 6.6 -10 -8.88 6.27 -10 -8.84 5.88 -10
3 80 -8.84 5.88 -10 -8.99 5.51 -10 -9.81 5.27 -10
3 80 -8.99 5.51 -10 -9.35 5.25 -10 -9.81 5.27 -10
3 80 -9.81 5.27 -10 -10.19 5.51 -10 -10.29 6.27 -10
3 80 -10.29 6.27 -10 -9.59 6.73 -10 -9.81 5.27 -10
3 80 -8.44 5.75 -10 -8.43 6.17 -10 -7.98 6.09 -10
3 80 -7.98 6.09 -10 -8.04 5.55 -10 -8.44 5.75 -10
3 80 -8.04 5.55 -10 -8.28 5.05 -10 -8.6 5.36 -10
3 80 -8.28 5.05 -10 -8.71 4.65 -10 -8.91 5.03 -10
3 80 -8.71 4.65 -10 -9.3 4.43 -10 -9.35 4.84 -10
3 80 -8.91 5.03 -10 -8.71 4.65 -10 -9.35 4.84 -10
3 80 -9.3 4.43 -10 -9.94 4.45 -10 -9.35 4.84 -10
3 80 -9.94 4.45 -10 -10.52 4.69 -10 -9.85 4.87 -10
3 80 -9.85 4.87 -10 -10.52 4.69 -10 -10.29 5.06 -10
3 80 -10.52 4.69 -10 -10.94 5.1 -10 -10.29 5.06 -10
3 80 -10.94 5.1 -10 -11.15 5.61 -10 -10.61 5.39 -10
3 80 -10.29 5.06 -10 -10.94 5.1 -10 -10.61 5.39 -10
3 80 -11.15 5.61 -10 -10.75 5.79 -10 -10.61 5.39 -10
3 80 -8.04 5.55 -10 -8.6 5.36 -10 -8.44 5.75 -10
3 80 -8.6 5.36 -10 -8.28 5.05 -10 -8.91 5.03 -10
3 80 -7.42 5.01 -10 -7.29 5.94 -10 -6.84 6.02 -10
3 80 -6.84 6.02 -10 -5.96 6.66 -10 -5.25 5.89 -10
3 80 -5.25 5.89 -10 -6.94 4.42 -10 -6.84 6.02 -10
3 80 -13.89 6.12 -10 -13.13 6.72 -10 -12.18 5.66 -10
3 80 -12.18 5.66 -10 -13.55 4.47 -10 -13.75 5.01 -10
3 80 -12.53 4.81 -10 -11.85 5.39 -10 -11.27 4.45 -10
3 80 -11.27 4.45 -10 -10.51 3.93 -10 -11.21 3.33 -10
3 80 -13.34 2.84 -10 -13.47 3.95 -10 -11.53 3.06 -10
3 80 -13.47 3.95 -10 -13.36 4.15 -10 -12.84 4.52 -10
3 80 -11.53 3.06 -10 -13.47 3.95 -10 -12.84 4.52 -10
3 80 -11.53 3.06 -10 -12.9 1.86 -10 -13.15 2.24 -10
3 80 -12.42 1.79 -10 -11.79 1.1 -10 -12.24 1.24 -10
3 80 -2.82 7.87 -10 -3.81 9.02 -10 -2.13 10.43 -10
3 80 4.11 15.64 -10 5.04 14.52 -10 3.34 13.09 -10
3 80 5.4 14.81 -10 4.42 15.94 -10 6.1 17.36 -10
3 80 7.45 16.55 -10 6.45 17.64 -10 8.16 19.08 -10
3 80 9.51 18.29 -10 8.53 19.37 -10 10.22 20.82 -10
3 80 11.57 20.01 -10 10.59 21.14 -10 12.27 22.56 -10
3 80 18.08 29.62 -10 17.76 27.64 -10 16.39 29.12 -10
3 80 15.61 30.97 -10 16.6 29.82 -10 14.9 28.43 -10
3 80 13.55 29.24 -10 14.53 28.12 -10 12.85 26.7 -10
3 80 16.04 28.85 -10 17.34 27.35 -10 15.61 25.93 -10
3 80 11.49 27.52 -10 12.48 26.4 -10 10.79 24.98 -10
3 80 13.98 27.12 -10 15.3 25.63 -10 13.58 24.16 -10
3 80 14.68 24.56 -10 16.39 26.01 -10 17.25 24.97 -10
3 80 9.44 25.77 -10 10.43 24.69 -10 8.73 23.23 -10
3 80 10.21 23.92 -10 11.92 25.39 -10 13.23 23.93 -10
3 80 14.32 24.29 -10 15.31 23.21 -10 13.62 21.74 -10
3 80 7.36 24.06 -10 8.37 22.9 -10 6.68 21.5 -10
3 80 9.86 23.64 -10 11.16 22.15 -10 9.4 20.71 -10
3 80 5.32 22.32 -10 6.31 21.2 -10 4.61 19.78 -10
3 80 7.81 21.91 -10 9.11 20.43 -10 7.38 19 -10
3 80 3.26 20.59 -10 4.26 19.49 -10 2.55 18.05 -10
3 80 4.02 18.71 -10 5.75 20.19 -10 7.06 18.73 -10
3 80 1.3 18.86 -10 2.21 17.7 -10 .5 16.31 -10
3 80 1.95 16.99 -10 3.69 18.44 -10 4.04 16.09 -10
3 80 3.69 18.44 -10 4.99 16.94 -10 4.04 16.09 -10
3 80 -.85 17.12 -10 .14 16.06 -10 -1.56 14.58 -10
3 80 -2.84 15.4 -10 -1.91 14.28 -10 -3.62 12.86 -10
3 80 -4.97 13.65 -10 -3.97 12.57 -10 -5.68 11.13 -10
3 80 -2.48 13.25 -10 -1.19 11.74 -10 -2.91 10.32 -10
3 80 -1.74 10.73 -10 .02 12.17 -10 -.78 9.62 -10
3 80 -.43 14.98 -10 .88 13.52 -10 -.85 12.05 -10
3 80 1.99 13.89 -10 2.98 12.8 -10 1.27 11.38 -10
3 80 1.63 16.71 -10 2.95 15.24 -10 1.21 13.79 -10
3 80 -4.15 8.28 -10 -4.19 8.71 -10 -3.19 7.6 -10
3 80 -3.19 7.6 -10 -4.89 6.17 -10 -4.23 7.98 -10
3 80 -4.89 6.17 -10 -5.55 6.95 -10 -4.23 7.98 -10
3 80 -4.84 8.53 -10 -5.08 8.97 -10 -3.23 10.04 -10
3 80 -5.08 8.97 -10 -4.99 9.89 -10 -3.23 10.04 -10
3 80 -4.99 9.89 -10 -5.76 10.5 -10 -4.51 11.52 -10
3 80 -6.67 10.92 -10 -8.02 9.73 -10 -8.7 10.5 -10
3 80 -8.7 10.5 -10 -6.95 11.92 -10 -6.67 10.92 -10
3 80 -6.95 11.92 -10 -6.23 11.11 -10 -6.67 10.92 -10
3 80 -10.78 8.77 -10 -9 10.21 -10 -9.15 8.61 -10
3 80 -9 10.21 -10 -8.35 9.44 -10 -9.15 8.61 -10
3 80 -9.15 8.61 -10 -9.3 8.22 -10 -10.22 8.17 -10
3 80 -6.62 10.15 -10 -5.68 9.61 -10 -6.6 9.57 -10
3 80 -5.68 9.61 -10 -5.79 8.56 -10 -6.31 8.91 -10
3 80 -5.65 8.35 -10 -5.2 8.13 -10 -6.13 7.9 -10
3 80 -5.79 8.56 -10 -5.65 8.35 -10 -6.13 7.9 -10
3 80 -5.79 8.56 -10 -6.13 7.9 -10 -6.31 8.91 -10
3 80 -7.99 8.34 -10 -8.54 8.41 -10 -6.6 9.57 -10
3 80 -8.54 8.41 -10 -6.62 10.15 -10 -6.6 9.57 -10
3 80 -5.68 9.61 -10 -6.31 8.91 -10 -6.6 9.57 -10
3 80 -6.98 7.76 -10 -7.41 8.3 -10 -6.64 8 -10
3 80 -7.41 8.3 -10 -6.81 8.94 -10 -6.58 8.34 -10
3 80 -6.98 7.2 -10 -6.13 7.9 -10 -7.02 6.73 -10
3 80 -6.13 7.9 -10 -5.2 8.13 -10 -7.02 6.73 -10
3 80 -7.02 6.73 -10 -8.54 8.41 -10 -6.98 7.2 -10
3 191 -.473 2.644 -10 -.824 3.2 -10 -.346 2.727 -10
3 191 -.346 2.727 -10 -.615 3.305 -10 -.152 2.786 -10
3 191 -1.23 2.49 -10 -.473 2.644 -10 -.728 2.152 -10
3 191 -.152 2.786 -10 -.311 3.375 -10 0 2.8 -10
3 191 0 2.8 -10 0 3.4 -10 .311 3.375 -10
3 191 -1.23 2.49 -10 -.945 1.754 -10 -1.516 1.968 -10
3 191 -1.516 1.968 -10 -1.183 1.369 -10 -1.84 1.469 -10
3 191 -1.441 .996 -10 -1.84 1.469 -10 -1.183 1.369 -10
3 191 .824 3.2 -10 .473 2.644 -10 .346 2.727 -10
3 191 .615 3.305 -10 .346 2.727 -10 .152 2.786 -10
3 191 1.23 2.49 -10 .473 2.644 -10 .983 3.032 -10
3 191 .311 3.375 -10 .152 2.786 -10 0 2.8 -10
3 191 1.23 2.49 -10 .945 1.754 -10 .728 2.152 -10
3 191 1.516 1.968 -10 1.183 1.369 -10 .945 1.754 -10
3 191 1.441 .996 -10 1.84 1.469 -10 2.2 .996 -10
3 191 0 4.4 -10 7.668 5.24 -10 7.9 5.2 -10
3 191 13.759 4.4 -10 0 4.4 -10 7.9 5.2 -10
3 191 13.759 4.4 -10 7.9 5.2 -10 8.133 5.24 -10
3 191 13.759 4.4 -10 8.133 5.24 -10 8.339 5.355 -10
3 191 13.759 4.4 -10 8.339 5.355 -10 8.495 5.532 -10
3 191 8.979 6.314 -10 9.479 7.26 -10 9.879 7.387 -10
3 191 13.759 4.4 -10 9.879 7.387 -10 10.268 7.545 -10
3 191 13.759 4.4 -10 10.268 7.545 -10 10.642 7.736 -10
3 191 13.759 4.4 -10 10.642 7.736 -10 10.996 7.962 -10
3 191 13.759 4.4 -10 10.996 7.962 -10 11.325 8.223 -10
3 191 13.759 4.4 -10 11.325 8.223 -10 11.594 8.489 -10
3 191 13.759 4.4 -10 11.594 8.489 -10 11.831 8.784 -10
3 191 13.759 4.4 -10 11.831 8.784 -10 12.027 9.108 -10
3 191 13.759 4.4 -10 12.175 9.456 -10 12.268 9.823 -10
3 191 13.759 4.4 -10 12.027 9.108 -10 12.175 9.456 -10
3 191 12.3 10.2 -10 12.268 10.577 -10 16.069 17.8 -10
3 191 12.268 10.577 -10 12.175 10.944 -10 16.069 17.8 -10
3 191 12.175 10.944 -10 12.027 11.292 -10 16.069 17.8 -10
3 191 12.027 11.292 -10 11.831 11.616 -10 16.069 17.8 -10
3 191 11.831 11.616 -10 11.594 11.911 -10 16.069 17.8 -10
3 191 10.984 12.751 -10 10.89 12.976 -10 16.069 17.8 -10
3 191 11.325 12.177 -10 10.986 12.446 -10 10.994 12.506 -10
3 191 11.325 12.177 -10 10.994 12.506 -10 10.984 12.751 -10
3 191 10.89 12.976 -10 10.725 13.157 -10 16.069 17.8 -10
3 191 9.776 13.05 -10 9.41 13.159 -10 9.821 13.111 -10
3 191 5.957 13.026 -10 5.753 13.204 -10 6.335 13.144 -10
3 191 4.475 12.177 -10 4.709 12.489 -10 4.726 12.382 -10
3 191 0 4.4 -10 7.461 5.355 -10 7.668 5.24 -10
3 191 0 4.4 -10 7.305 5.532 -10 7.461 5.355 -10
3 191 6.82 6.315 -10 5.915 7.389 -10 6.314 7.262 -10
3 191 0 4.4 -10 5.528 7.547 -10 5.915 7.389 -10
3 191 0 4.4 -10 5.156 7.738 -10 5.528 7.547 -10
3 191 0 4.4 -10 4.803 7.963 -10 5.156 7.738 -10
3 191 0 4.4 -10 4.475 8.223 -10 4.803 7.963 -10
3 191 0 4.4 -10 4.206 8.489 -10 4.475 8.223 -10
3 191 0 4.4 -10 3.969 8.784 -10 4.206 8.489 -10
3 191 0 4.4 -10 3.773 9.108 -10 3.969 8.784 -10
3 191 0 4.4 -10 3.625 9.456 -10 3.773 9.108 -10
3 191 0 4.4 -10 3.532 9.823 -10 3.625 9.456 -10
3 191 14.86 21.89 -10 5.102 13.233 -10 4.917 13.106 -10
3 191 13.759 4.4 -10 8.979 6.314 -10 9.879 7.387 -10
3 191 12.3 10.2 -10 13.759 4.4 -10 12.268 9.823 -10
3 191 11.594 11.911 -10 10.984 12.751 -10 16.069 17.8 -10
3 191 10.026 13.244 -10 9.41 13.159 -10 9.038 13.243 -10
3 191 4.709 12.714 -10 4.475 12.177 -10 4.206 11.911 -10
3 191 6.82 6.315 -10 0 4.4 -10 5.915 7.389 -10
3 191 3.7851 22.4727 -10 -16.172 18.4 -10 -14.8 27.3 -10
3 191 -.473 2.644 -10 -.983 3.032 -10 -.824 3.2 -10
3 191 -.346 2.727 -10 -.824 3.2 -10 -.615 3.305 -10
3 191 -1.23 2.49 -10 -.983 3.032 -10 -.473 2.644 -10
3 191 -.152 2.786 -10 -.615 3.305 -10 -.311 3.375 -10
3 191 0 2.8 -10 -.311 3.375 -10 0 3.4 -10
3 191 -1.23 2.49 -10 -.728 2.152 -10 -.945 1.754 -10
3 191 -1.516 1.968 -10 -.945 1.754 -10 -1.183 1.369 -10
3 191 -1.441 .996 -10 -2.2 .996 -10 -1.84 1.469 -10
3 191 .824 3.2 -10 .983 3.032 -10 .473 2.644 -10
3 191 .615 3.305 -10 .824 3.2 -10 .346 2.727 -10
3 191 1.23 2.49 -10 .728 2.152 -10 .473 2.644 -10
3 191 .311 3.375 -10 .615 3.305 -10 .152 2.786 -10
3 191 1.23 2.49 -10 1.516 1.968 -10 .945 1.754 -10
3 191 1.516 1.968 -10 1.84 1.469 -10 1.183 1.369 -10
3 191 1.441 .996 -10 1.183 1.369 -10 1.84 1.469 -10
3 191 3.5 10.2 -10 3.532 9.823 -10 0 4.4 -10
3 191 14.86 21.89 -10 16.069 17.8 -10 10.725 13.157 -10
3 191 14.86 21.89 -10 10.725 13.157 -10 10.507 13.269 -10
3 191 3.5 10.2 -10 0 4.4 -10 -5.7656 4.4 -10
3 191 3.532 10.577 -10 3.5 10.2 -10 -5.7656 4.4 -10
3 191 14.86 21.89 -10 10.507 13.269 -10 10.265 13.299 -10
3 191 10.265 13.299 -10 10.026 13.244 -10 9.038 13.243 -10
3 191 10.265 13.299 -10 9.038 13.243 -10 14.86 21.89 -10
3 191 9.038 13.243 -10 8.661 13.303 -10 14.86 21.89 -10
3 191 3.625 10.944 -10 3.532 10.577 -10 -5.7656 4.4 -10
3 191 3.773 11.292 -10 3.625 10.944 -10 -5.7656 4.4 -10
3 191 8.281 13.338 -10 7.9 13.35 -10 14.86 21.89 -10
3 191 8.661 13.303 -10 8.281 13.338 -10 14.86 21.89 -10
3 191 3.969 11.616 -10 3.773 11.292 -10 -5.7656 4.4 -10
3 191 4.709 12.714 -10 4.206 11.911 -10 4.781 12.927 -10
3 191 4.206 11.911 -10 3.969 11.616 -10 4.781 12.927 -10
3 191 7.504 13.337 -10 7.111 13.299 -10 14.86 21.89 -10
3 191 7.9 13.35 -10 7.504 13.337 -10 14.86 21.89 -10
4 191 5.753 13.204 -10 5.543 13.285 -10 6.72 13.235 -10 6.335 13.144 -10
4 191 14.86 21.89 -10 7.111 13.299 -10 6.72 13.235 -10 5.543 13.285 -10
3 191 4.781 12.927 -10 3.969 11.616 -10 -5.7656 4.4 -10
3 191 4.917 13.106 -10 4.781 12.927 -10 -5.7656 4.4 -10
3 191 14.86 21.89 -10 5.543 13.285 -10 5.319 13.295 -10
3 191 4.917 13.106 -10 -5.7656 4.4 -10 14.86 21.89 -10
3 191 14.86 21.89 -10 5.319 13.295 -10 5.102 13.233 -10
3 191 13.759 4.4 -10 8.495 5.532 -10 8.979 6.314 -10
3 191 12.3 10.2 -10 16.069 17.8 -10 13.759 4.4 -10
3 191 11.594 11.911 -10 11.325 12.177 -10 10.984 12.751 -10
3 191 10.026 13.244 -10 9.821 13.111 -10 9.41 13.159 -10
3 191 4.709 12.714 -10 4.709 12.489 -10 4.475 12.177 -10
3 191 6.82 6.315 -10 7.305 5.532 -10 0 4.4 -10
3 191 3.7851 22.4727 -10 -14.2579 7.2948 -10 -16.172 18.4 -10
3 16 -16.172 18.4 -10 -19 29 -10 -14.8 27.3 -10
3 16 -.311 3.375 -10 0 4.4 -10 0 3.4 -10
3 16 -.615 3.305 -10 0 4.4 -10 -.311 3.375 -10
3 16 -.824 3.2 -10 0 4.4 -10 -.615 3.305 -10
3 16 .728 2.152 -10 .346 2.727 -10 .473 2.644 -10
3 16 0 0 -10 -1.441 .996 -10 1.441 .996 -10
3 16 .311 3.375 -10 0 3.4 -10 0 4.4 -10
3 16 .615 3.305 -10 .311 3.375 -10 0 4.4 -10
3 16 .983 3.032 -10 .824 3.2 -10 13.759 4.4 -10
3 16 13.759 4.4 -10 12 0 -10 2.2 .996 -10
3 16 14.345 2 -10 16.069 17.8 -10 19 29 -10
3 16 -1.441 .996 -10 1.183 1.369 -10 1.441 .996 -10
3 16 -1.183 1.369 -10 .945 1.754 -10 1.183 1.369 -10
3 16 -.945 1.754 -10 .728 2.152 -10 .945 1.754 -10
3 16 -.473 2.644 -10 -.152 2.786 -10 -.728 2.152 -10
3 16 -.728 2.152 -10 0 2.8 -10 .728 2.152 -10
3 16 .728 2.152 -10 .152 2.786 -10 .346 2.727 -10
3 16 0 0 -10 -2.2 .996 -10 -1.441 .996 -10
3 16 0 0 -10 2.2 .996 -10 12 0 -10
3 16 .824 3.2 -10 0 4.4 -10 13.759 4.4 -10
3 16 1.23 2.49 -10 13.759 4.4 -10 1.516 1.968 -10
3 16 1.84 1.469 -10 13.759 4.4 -10 2.2 .996 -10
3 16 13.759 4.4 -10 14.345 2 -10 12 0 -10
3 16 14.345 2 -10 13.759 4.4 -10 16.069 17.8 -10
3 16 -1.441 .996 -10 -1.183 1.369 -10 1.183 1.369 -10
3 16 -1.183 1.369 -10 -.945 1.754 -10 .945 1.754 -10
3 16 -.945 1.754 -10 -.728 2.152 -10 .728 2.152 -10
3 16 -.473 2.644 -10 -.346 2.727 -10 -.152 2.786 -10
3 16 -.728 2.152 -10 -.152 2.786 -10 0 2.8 -10
3 16 .728 2.152 -10 0 2.8 -10 .152 2.786 -10
3 16 0 0 -10 -12 0 -10 -2.2 .996 -10
3 16 0 0 -10 1.441 .996 -10 2.2 .996 -10
3 16 .824 3.2 -10 .615 3.305 -10 0 4.4 -10
3 16 1.23 2.49 -10 .983 3.032 -10 13.759 4.4 -10
3 16 1.84 1.469 -10 1.516 1.968 -10 13.759 4.4 -10
3 16 -.983 3.032 -10 -1.23 2.49 -10 -5.7656 4.4 -10
3 16 -.824 3.2 -10 -.983 3.032 -10 -5.7656 4.4 -10
3 16 -14.345 2 -10 -16.172 18.4 -10 -14.2579 7.2948 -10
3 16 -1.516 1.968 -10 -1.84 1.469 -10 -5.7656 4.4 -10
3 16 -1.84 1.469 -10 -2.2 .996 -10 -5.7656 4.4 -10
3 16 -2.2 .996 -10 -12 0 -10 -5.7656 4.4 -10
3 16 -5.7656 4.4 -10 0 4.4 -10 -.824 3.2 -10
3 16 -1.23 2.49 -10 -1.516 1.968 -10 -5.7656 4.4 -10
3 16 -14.345 2 -10 -19 29 -10 -16.172 18.4 -10
3 16 5.04 14.52 -10 5.4 14.81 -10 14.86 21.89 -10
4 16 2.98 12.8 -10 3.34 13.09 -10 14.86 21.89 -10 1.27 11.38 -10
4 16 .92 11.09 -10 1.27 11.38 -10 14.86 21.89 -10 -.78 9.62 -10
3 16 -1.14 9.32 -10 -.78 9.62 -10 14.86 21.89 -10

0 // Back
2 24 19 32 10 -19 32 10
2 24 14.35 2 10 12 0 10
2 24 -14.35 2 10 -12 0 10
2 24 -19 29 10 -19 32 10
2 24 19 29 10 14.35 2 10
2 24 -19 29 10 -14.35 2 10
2 24 19 32 10 19 29 10
2 24 12 0 10 -12 0 10
3 16 -11.7 5.05 10 -11.35 5.36 10 -12.38 6.41 10
3 16 -11.36 1.51 10 -12.2 1.31 10 -12 0 10
3 16 -10.93 2.51 10 -10.66 2.79 10 -11.97 4.22 10
3 16 -8.3 7.61 10 -6.59 6.49 10 -7.97 7.95 10
3 16 -6.27 9.45 10 -4.61 8.32 10 -6 9.78 10
3 16 -5.46 10.83 10 -5.8 10.55 10 -4.32 11.26 10
3 16 -3.47 12.66 10 -3.83 12.38 10 -2.32 13.1 10
3 16 .96 13.5 10 1.28 13.81 10 -.08 15.22 10
3 16 .42 16.3 10 .11 15.98 10 1.56 16.75 10
3 16 2.41 18.13 10 2.08 17.82 10 3.55 18.58 10
3 16 5.55 20.42 10 7.15 19.28 10 5.83 20.71 10
3 16 6.3 21.77 10 6.02 21.41 10 7.45 22.24 10
3 16 9.43 24.07 10 11.1 22.94 10 9.77 24.37 10
3 16 9.95 25.14 10 11.42 25.9 10 10.28 25.43 10
3 16 16.73 28.1 10 17.09 28.43 10 15.69 29.87 10
3 16 15.29 31.18 10 17.08 31.17 10 19 32 10
3 16 15.1 26.61 10 13.72 28.04 10 13.4 27.72 10
3 16 -5.18 4.23 10 15.49 23.18 10 -4.77 5.58 10
3 16 -5.18 4.23 10 -4.77 5.58 10 -6.47 4.09 10
3 16 -6.74 3.81 10 13.59 4.63 10 -5.18 4.23 10
3 16 -6.74 3.81 10 -5.18 4.23 10 -6.47 4.09 10
3 16 -7.43 5.17 10 -5.72 6.66 10 -6.93 6.17 10
3 16 -6.74 3.81 10 -6.47 4.09 10 -7.78 4.85 10
3 16 -6.47 4.09 10 -7.43 5.17 10 -7.78 4.85 10
3 16 -7.43 5.17 10 -6.93 6.17 10 -8.72 4.5 10
3 16 -10.13 5.94 10 -8.3 7.61 10 -9.73 6.88 10
3 16 -7.78 4.85 10 -7.43 5.17 10 -8.72 4.5 10
3 16 -10.13 5.94 10 -9.73 6.88 10 -11.35 5.36 10
3 16 -9.09 4.16 10 -7.78 4.85 10 -8.72 4.5 10
3 16 -13.91 6.36 10 -16.1 18 10 -14.35 2 10
3 16 -16.1 18 10 -19 29 10 -14.35 2 10
3 16 -14.35 2 10 -13.69 5.11 10 -13.91 6.36 10
3 16 -9.09 4.16 10 -8.72 4.5 10 -10.13 5.94 10
3 16 -10.5 5.62 10 -9.09 4.16 10 -10.13 5.94 10
3 16 -10.5 5.62 10 -10.13 5.94 10 -11.35 5.36 10
3 16 -13.91 6.36 10 -13.69 5.11 10 -12.68 6.11 10
3 16 -11.7 5.05 10 -10.5 5.62 10 -11.35 5.36 10
3 16 -12.38 6.41 10 -13.91 6.36 10 -12.68 6.11 10
3 16 -12.68 6.11 10 -11.7 5.05 10 -12.38 6.41 10
3 16 12 0 10 -8.71 1.98 10 -9.57 1.1 10
3 16 12 0 10 -9.57 1.1 10 -12 0 10
3 16 -9.57 1.1 10 -10.87 1.1 10 -12 0 10
3 16 -13.2 2.43 10 -13.27 2.95 10 -14.35 2 10
3 16 -12.92 1.89 10 -13.2 2.43 10 -14.35 2 10
3 16 -11.36 1.51 10 -9.71 3.02 10 -10.93 2.51 10
3 16 -12 0 10 -10.87 1.1 10 -11.36 1.51 10
3 16 -12.92 1.89 10 -14.35 2 10 -12 0 10
3 16 -11.36 1.51 10 -10.93 2.51 10 -12.2 1.31 10
3 16 -12.2 1.31 10 -12.92 1.89 10 -12 0 10
3 16 14.35 2 10 13.59 4.63 10 12 0 10
3 16 13.59 4.63 10 -6.74 3.81 10 12 0 10
3 16 -6.74 3.81 10 -8.37 2.27 10 12 0 10
3 16 -8.71 1.98 10 12 0 10 -8.37 2.27 10
3 16 -9.39 3.34 10 -7.78 4.85 10 -9.09 4.16 10
3 16 -8.71 1.98 10 -8.37 2.27 10 -9.39 3.34 10
3 16 -9.71 3.02 10 -8.71 1.98 10 -9.39 3.34 10
3 16 -9.39 3.34 10 -9.09 4.16 10 -10.66 2.79 10
3 16 -11.97 4.22 10 -10.5 5.62 10 -11.7 5.05 10
3 16 -9.71 3.02 10 -9.39 3.34 10 -10.66 2.79 10
3 16 -11.97 4.22 10 -11.7 5.05 10 -12.35 3.92 10
3 16 -11.7 5.05 10 -13.38 3.53 10 -12.35 3.92 10
3 16 -10.93 2.51 10 -9.71 3.02 10 -10.66 2.79 10
3 16 -13.38 3.53 10 -13.69 5.11 10 -14.35 2 10
3 16 -14.35 2 10 -13.27 2.95 10 -13.38 3.53 10
3 16 -13.27 2.95 10 -12.35 3.92 10 -13.38 3.53 10
3 16 -12.35 3.92 10 -10.93 2.51 10 -11.97 4.22 10
3 16 -13.91 6.36 10 -12.38 6.41 10 -10.78 7.93 10
3 16 -4.77 5.58 10 15.49 23.18 10 -2.81 7.41 10
3 16 -4.77 5.58 10 -2.81 7.41 10 -4.45 5.9 10
3 16 -5.72 6.66 10 -4.77 5.58 10 -4.45 5.9 10
3 16 -5.45 7 10 -3.83 8.49 10 -4.95 8.01 10
3 16 -5.72 6.66 10 -4.45 5.9 10 -5.45 7 10
3 16 -10.42 8.24 10 -13.91 6.36 10 -10.78 7.93 10
3 16 -6.27 9.45 10 -7.76 8.67 10 -7.97 7.95 10
3 16 -7.76 8.67 10 -9.45 7.17 10 -8.3 7.61 10
3 16 -7.97 7.95 10 -7.76 8.67 10 -8.3 7.61 10
3 16 -9.45 7.17 10 -10.42 8.24 10 -9.73 6.88 10
3 16 -10.42 8.24 10 -10.78 7.93 10 -9.73 6.88 10
3 16 -6.93 6.17 10 -5.72 6.66 10 -6.59 6.49 10
3 16 -5.72 6.66 10 -5.45 7 10 -6.59 6.49 10
3 16 -5.45 7 10 -4.95 8.01 10 -6.59 6.49 10
3 16 -8.3 7.61 10 -6.93 6.17 10 -6.59 6.49 10
3 16 -9.45 7.17 10 -9.73 6.88 10 -8.3 7.61 10
3 16 -2.81 7.41 10 15.49 23.18 10 -.84 9.25 10
3 16 -2.81 7.41 10 -.84 9.25 10 -2.5 7.74 10
3 16 -3.83 8.49 10 -2.81 7.41 10 -3.49 8.77 10
3 16 -2.81 7.41 10 -2.5 7.74 10 -3.49 8.77 10
3 16 -3.49 8.77 10 -1.84 10.31 10 -2.98 9.84 10
3 16 -13.91 6.36 10 -10.42 8.24 10 -8.79 9.76 10
3 16 -4.32 11.26 10 -5.8 10.55 10 -6 9.78 10
3 16 -5.8 10.55 10 -7.46 9 10 -6.27 9.45 10
3 16 -6 9.78 10 -5.8 10.55 10 -6.27 9.45 10
3 16 -8.45 10.07 10 -13.91 6.36 10 -8.79 9.76 10
3 16 -4.95 8.01 10 -3.83 8.49 10 -4.61 8.32 10
3 16 -3.83 8.49 10 -3.49 8.77 10 -4.61 8.32 10
3 16 -3.49 8.77 10 -2.98 9.84 10 -4.61 8.32 10
3 16 -7.46 9 10 -8.45 10.07 10 -8.79 9.76 10
3 16 -7.46 9 10 -8.79 9.76 10 -7.76 8.67 10
3 16 -6.27 9.45 10 -4.95 8.01 10 -4.61 8.32 10
3 16 -7.46 9 10 -7.76 8.67 10 -6.27 9.45 10
3 16 -.84 9.25 10 15.49 23.18 10 -.52 9.54 10
3 16 15.49 23.18 10 1.14 11.08 10 -.52 9.54 10
3 16 -1.84 10.31 10 -.84 9.25 10 -1.52 10.61 10
3 16 -.84 9.25 10 -.52 9.54 10 -1.52 10.61 10
3 16 -1.52 10.61 10 .15 12.14 10 -1.01 11.67 10
3 16 -13.91 6.36 10 -8.45 10.07 10 -6.47 11.91 10
3 16 -8.45 10.07 10 -6.81 11.57 10 -6.47 11.91 10
3 16 -2.32 13.1 10 -3.83 12.38 10 -4.02 11.55 10
3 16 -3.83 12.38 10 -5.46 10.83 10 -4.32 11.26 10
3 16 -4.02 11.55 10 -3.83 12.38 10 -4.32 11.26 10
3 16 -2.98 9.84 10 -1.84 10.31 10 -2.62 10.15 10
3 16 -1.84 10.31 10 -1.52 10.61 10 -2.62 10.15 10
3 16 -1.52 10.61 10 -1.01 11.67 10 -2.62 10.15 10
3 16 -5.46 10.83 10 -6.47 11.91 10 -5.8 10.55 10
3 16 -6.47 11.91 10 -6.81 11.57 10 -5.8 10.55 10
3 16 -4.32 11.26 10 -2.98 9.84 10 -4.02 11.55 10
3 16 -2.98 9.84 10 -2.62 10.15 10 -4.02 11.55 10
3 16 15.49 23.18 10 3.1 12.91 10 1.49 11.39 10
3 16 .44 12.44 10 2.06 13.96 10 .96 13.5 10
3 16 1.14 11.08 10 15.49 23.18 10 1.49 11.39 10
3 16 .44 12.44 10 .96 13.5 10 -.63 11.97 10
3 16 1.14 11.08 10 1.49 11.39 10 .44 12.44 10
3 16 .15 12.14 10 1.14 11.08 10 .44 12.44 10
3 16 .15 12.14 10 .44 12.44 10 -.63 11.97 10
3 16 -13.91 6.36 10 -6.47 11.91 10 -4.51 13.74 10
3 16 -6.47 11.91 10 -4.78 13.41 10 -4.51 13.74 10
3 16 -.43 14.92 10 -1.85 14.15 10 -2.05 13.38 10
3 16 -1.85 14.15 10 -3.47 12.66 10 -2.32 13.1 10
3 16 -2.05 13.38 10 -1.85 14.15 10 -2.32 13.1 10
3 16 -1.01 11.67 10 .15 12.14 10 -.63 11.97 10
3 16 -3.47 12.66 10 -4.51 13.74 10 -4.78 13.41 10
3 16 -2.32 13.1 10 -1.01 11.67 10 -2.05 13.38 10
3 16 -1.01 11.67 10 -.63 11.97 10 -2.05 13.38 10
3 16 -3.47 12.66 10 -4.78 13.41 10 -3.83 12.38 10
3 16 15.49 23.18 10 7.03 16.57 10 5.47 15.03 10
3 16 5.47 15.03 10 5.07 14.74 10 3.4 13.22 10
3 16 2.41 14.27 10 4.04 15.79 10 2.93 15.33 10
3 16 15.49 23.18 10 5.47 15.03 10 3.1 12.91 10
3 16 5.47 15.03 10 3.4 13.22 10 3.1 12.91 10
3 16 2.41 14.27 10 2.93 15.33 10 1.28 13.81 10
3 16 -.08 15.22 10 1.56 16.75 10 .11 15.98 10
3 16 -.08 15.22 10 .11 15.98 10 -.43 14.92 10
3 16 .11 15.98 10 -1.49 14.49 10 -.43 14.92 10
3 16 -13.91 6.36 10 -4.51 13.74 10 -2.94 15.23 10
3 16 2.06 13.96 10 3.1 12.91 10 2.41 14.27 10
3 16 3.1 12.91 10 3.4 13.22 10 2.41 14.27 10
3 16 -2.55 15.59 10 -13.91 6.36 10 -2.94 15.23 10
3 16 2.06 13.96 10 2.41 14.27 10 1.28 13.81 10
3 16 -2.55 15.59 10 -2.94 15.23 10 -1.85 14.15 10
3 16 -1.49 14.49 10 -2.55 15.59 10 -1.85 14.15 10
3 16 -1.49 14.49 10 -1.85 14.15 10 -.43 14.92 10
3 16 .96 13.5 10 2.06 13.96 10 1.28 13.81 10
3 16 -.43 14.92 10 .96 13.5 10 -.08 15.22 10
3 16 4.04 15.79 10 5.07 14.74 10 4.38 16.1 10
3 16 5.07 14.74 10 5.47 15.03 10 4.38 16.1 10
3 16 4.38 16.1 10 6.03 17.6 10 4.9 17.17 10
3 16 -13.91 6.36 10 -2.55 15.59 10 -.91 17.03 10
3 16 3.55 18.58 10 2.08 17.82 10 1.89 17.05 10
3 16 2.08 17.82 10 .42 16.3 10 1.56 16.75 10
3 16 1.89 17.05 10 2.08 17.82 10 1.56 16.75 10
3 16 -.57 17.34 10 -13.91 6.36 10 -.91 17.03 10
3 16 2.93 15.33 10 4.04 15.79 10 3.25 15.62 10
3 16 4.04 15.79 10 4.38 16.1 10 3.25 15.62 10
3 16 4.38 16.1 10 4.9 17.17 10 3.25 15.62 10
3 16 .42 16.3 10 -.57 17.34 10 .11 15.98 10
3 16 -.57 17.34 10 -.91 17.03 10 .11 15.98 10
3 16 1.56 16.75 10 2.93 15.33 10 1.89 17.05 10
3 16 2.93 15.33 10 3.25 15.62 10 1.89 17.05 10
3 16 15.49 23.18 10 9 18.35 10 7.37 16.86 10
3 16 6.36 17.93 10 8 19.45 10 6.88 19 10
3 16 7.03 16.57 10 15.49 23.18 10 7.37 16.86 10
3 16 6.36 17.93 10 6.88 19 10 5.25 17.46 10
3 16 7.03 16.57 10 7.37 16.86 10 6.36 17.93 10
3 16 6.03 17.6 10 7.03 16.57 10 6.36 17.93 10
3 16 6.03 17.6 10 6.36 17.93 10 5.25 17.46 10
3 16 -13.91 6.36 10 -.57 17.34 10 1.06 18.86 9.99
3 16 5.55 20.42 10 4.05 19.65 10 3.86 18.88 10
3 16 4.05 19.65 10 2.41 18.13 10 3.55 18.58 10
3 16 3.86 18.88 10 4.05 19.65 10 3.55 18.58 10
3 16 1.4 19.17 10 -13.91 6.36 10 1.06 18.86 9.99
3 16 4.9 17.17 10 6.03 17.6 10 5.25 17.46 10
3 16 2.41 18.13 10 1.4 19.17 10 2.08 17.82 10
3 16 1.4 19.17 10 1.06 18.86 9.99 2.08 17.82 10
3 16 3.55 18.58 10 4.9 17.17 10 3.86 18.88 10
3 16 4.9 17.17 10 5.25 17.46 10 3.86 18.88 10
3 16 9 18.35 10 15.49 23.18 10 10.97 20.18 10
3 16 9 18.35 10 10.97 20.18 10 9.27 18.68 10
3 16 8 19.45 10 9 18.35 10 9.27 18.68 10
3 16 8.32 19.77 10 10.02 21.26 10 8.84 20.77 10
3 16 8 19.45 10 9.27 18.68 10 8.32 19.77 10
3 16 -13.91 6.36 10 1.4 19.17 10 3.36 21.01 10
3 16 1.4 19.17 10 3.05 20.7 10 3.36 21.01 10
3 16 7.45 22.24 10 6.02 21.41 10 5.83 20.71 10
3 16 6.02 21.41 10 4.4 19.95 10 5.55 20.42 10
3 16 5.83 20.71 10 6.02 21.41 10 5.55 20.42 10
3 16 6.88 19 10 8 19.45 10 7.15 19.28 10
3 16 8 19.45 10 8.32 19.77 10 7.15 19.28 10
3 16 8.32 19.77 10 8.84 20.77 10 7.15 19.28 10
3 16 4.4 19.95 10 3.36 21.01 10 4.05 19.65 10
3 16 3.36 21.01 10 3.05 20.7 10 4.05 19.65 10
3 16 5.55 20.42 10 6.88 19 10 7.15 19.28 10
3 16 4.4 19.95 10 4.05 19.65 10 5.55 20.42 10
3 16 15.49 23.18 10 12.95 22.01 10 11.34 20.49 10
3 16 10.29 21.54 10 11.91 23.08 10 10.82 22.6 10
3 16 10.97 20.18 10 15.49 23.18 10 11.34 20.49 10
3 16 10.29 21.54 10 10.82 22.6 10 9.14 21.12 10
3 16 10.97 20.18 10 11.34 20.49 10 10.29 21.54 10
3 16 10.02 21.26 10 10.97 20.18 10 10.29 21.54 10
3 16 10.02 21.26 10 10.29 21.54 10 9.14 21.12 10
3 16 -13.91 6.36 10 3.36 21.01 10 4.98 22.51 10
3 16 9.43 24.07 10 7.97 23.25 10 7.8 22.54 10
3 16 7.97 23.25 10 6.3 21.77 10 7.45 22.24 10
3 16 7.8 22.54 10 7.97 23.25 10 7.45 22.24 10
3 16 5.33 22.84 10 -13.91 6.36 10 4.98 22.51 10
3 16 8.84 20.77 10 10.02 21.26 10 9.14 21.12 10
3 16 6.3 21.77 10 5.33 22.84 10 4.98 22.51 10
3 16 7.45 22.24 10 8.84 20.77 10 9.14 21.12 10
3 16 6.3 21.77 10 4.98 22.51 10 6.02 21.41 10
3 16 7.45 22.24 10 9.14 21.12 10 7.8 22.54 10
3 16 12.95 22.01 10 15.49 23.18 10 13.25 22.32 10
3 16 15.49 23.18 10 14.91 23.84 10 13.25 22.32 10
3 16 11.91 23.08 10 12.95 22.01 10 12.26 23.37 10
3 16 12.95 22.01 10 13.25 22.32 10 12.26 23.37 10
3 16 12.26 23.37 10 13.92 24.91 10 12.78 24.43 10
3 16 -13.91 6.36 10 5.33 22.84 10 6.98 24.31 10
3 16 11.42 25.9 10 9.95 25.14 10 9.77 24.37 10
3 16 9.95 25.14 10 8.39 23.59 10 9.43 24.07 10
3 16 9.77 24.37 10 9.95 25.14 10 9.43 24.07 10
3 16 7.3 24.67 10 -13.91 6.36 10 6.98 24.31 10
3 16 10.82 22.6 10 11.91 23.08 10 11.1 22.94 10
3 16 11.91 23.08 10 12.26 23.37 10 11.1 22.94 10
3 16 12.26 23.37 10 12.78 24.43 10 11.1 22.94 10
3 16 8.39 23.59 10 7.3 24.67 10 7.97 23.25 10
3 16 7.3 24.67 10 6.98 24.31 10 7.97 23.25 10
3 16 9.43 24.07 10 10.82 22.6 10 11.1 22.94 10
3 16 8.39 23.59 10 7.97 23.25 10 9.43 24.07 10
3 16 19 29 10 17.9 28.55 10 17.55 26.41 10
3 16 17.23 25.98 10 16.88 25.67 10 15.49 23.18 10
3 16 16.88 25.67 10 15.22 24.14 10 15.49 23.18 10
3 16 16.13 18.92 10 19 29 10 17.55 26.41 10
3 16 16.13 18.92 10 17.55 26.41 10 17.23 25.98 10
3 16 15.49 23.18 10 16.13 18.92 10 17.23 25.98 10
3 16 14.91 23.84 10 15.49 23.18 10 15.22 24.14 10
3 16 14.23 25.2 10 15.9 26.74 10 14.76 26.27 10
3 16 14.91 23.84 10 15.22 24.14 10 14.23 25.2 10
3 16 13.92 24.91 10 14.91 23.84 10 14.23 25.2 10
3 16 14.23 25.2 10 14.76 26.27 10 13.12 24.78 10
3 16 11.75 26.21 10 13.4 27.72 10 11.92 26.92 10
3 16 13.92 24.91 10 14.23 25.2 10 13.12 24.78 10
3 16 11.75 26.21 10 11.92 26.92 10 11.42 25.9 10
3 16 11.92 26.92 10 10.28 25.43 10 11.42 25.9 10
3 16 12.78 24.43 10 13.92 24.91 10 13.12 24.78 10
3 16 9.27 26.5 10 7.71 26.45 10 8.94 26.17 10
3 16 7.71 26.45 10 -13.91 6.36 10 7.3 24.67 10
3 16 8.94 26.17 10 7.71 26.45 10 7.3 24.67 10
3 16 11.42 25.9 10 12.78 24.43 10 13.12 24.78 10
3 16 11.42 25.9 10 13.12 24.78 10 11.75 26.21 10
3 16 10.28 25.43 10 9.27 26.5 10 9.95 25.14 10
3 16 9.27 26.5 10 8.94 26.17 10 9.95 25.14 10
3 16 -6.9 29.3 10 7.71 26.45 10 12.91 29.81 10
3 16 7.71 26.45 10 11.23 28.33 10 12.91 29.81 10
3 16 17.08 31.17 10 15.86 30.58 10 15.69 29.87 10
3 16 15.86 30.58 10 14.22 29.04 10 15.32 29.56 10
3 16 15.69 29.87 10 15.86 30.58 10 15.32 29.56 10
3 16 13.21 30.11 10 -6.9 29.3 10 12.91 29.81 10
3 16 16.73 28.1 10 17.9 28.55 10 17.09 28.43 10
3 16 17.9 28.55 10 19 29 10 17.81 29.05 10
3 16 17.09 28.43 10 17.9 28.55 10 17.81 29.05 10
3 16 19 29 10 18.09 29.69 10 17.81 29.05 10
3 16 13.21 30.11 10 12.91 29.81 10 13.89 28.75 10
3 16 14.22 29.04 10 13.21 30.11 10 13.89 28.75 10
3 16 14.22 29.04 10 13.89 28.75 10 15.32 29.56 10
3 16 15.32 29.56 10 16.73 28.1 10 15.69 29.87 10
3 16 -19 32 10 -6.9 29.3 10 14.32 31.22 10
3 16 -6.9 29.3 10 13.21 30.11 10 14.32 31.22 10
3 16 18.09 29.69 10 19 29 10 18.08 31.23 10
3 16 19 29 10 19 32 10 18.08 31.23 10
3 16 19 32 10 -19 32 10 14.32 31.22 10
3 16 15.29 31.18 10 15.86 30.58 10 17.08 31.17 10
3 16 19 32 10 14.32 31.22 10 15.29 31.18 10
3 16 17.08 31.17 10 18.08 31.23 10 19 32 10
3 16 13.72 28.04 10 15.32 29.56 10 13.89 28.75 10
3 16 13.72 28.04 10 13.89 28.75 10 13.4 27.72 10
3 16 13.89 28.75 10 12.27 27.26 10 13.4 27.72 10
3 16 17.9 28.55 10 16.73 28.1 10 16.19 27.03 10
3 16 16.73 28.1 10 15.1 26.61 10 16.19 27.03 10
3 16 11.23 28.33 10 7.71 26.45 10 10.92 27.99 10
3 16 7.71 26.45 10 9.27 26.5 10 10.92 27.99 10
3 16 12.27 27.26 10 11.23 28.33 10 10.92 27.99 10
3 16 15.9 26.74 10 16.88 25.67 10 16.19 27.03 10
3 16 16.88 25.67 10 17.23 25.98 10 16.19 27.03 10
3 16 12.27 27.26 10 10.92 27.99 10 11.92 26.92 10
3 16 15.9 26.74 10 16.19 27.03 10 15.1 26.61 10
3 16 12.27 27.26 10 11.92 26.92 10 13.4 27.72 10
3 16 14.76 26.27 10 15.9 26.74 10 15.1 26.61 10
3 16 13.4 27.72 10 14.76 26.27 10 15.1 26.61 10
3 80 -10.93 2.51 10 -12.35 3.92 10 -13.2 2.43 10
3 80 -9.57 1.1 10 -8.71 1.98 10 -9.71 3.02 10
3 80 -11.7 5.05 10 -13.69 5.11 10 -13.38 3.53 10
3 80 -10.66 2.79 10 -10.5 5.62 10 -11.97 4.22 10
3 80 -8.37 2.27 10 -7.78 4.85 10 -9.39 3.34 10
3 80 -9.45 7.17 10 -8.79 9.76 10 -10.42 8.24 10
3 80 -7.46 9 10 -6.81 11.57 10 -8.45 10.07 10
3 80 -5.46 10.83 10 -4.78 13.41 10 -6.47 11.91 10
3 80 -3.47 12.66 10 -2.94 15.23 10 -4.51 13.74 10
3 80 -1.49 14.49 10 -.91 17.03 10 -2.55 15.59 10
3 80 .42 16.3 10 1.06 18.86 9.99 -.57 17.34 10
3 80 2.41 18.13 10 3.05 20.7 10 1.4 19.17 10
3 80 4.4 19.95 10 4.98 22.51 10 3.36 21.01 10
3 80 6.3 21.77 10 6.98 24.31 10 5.33 22.84 10
3 80 8.39 23.59 10 8.94 26.17 10 7.3 24.67 10
3 80 18.09 29.69 10 15.69 29.87 10 17.81 29.05 10
3 80 14.32 31.22 10 13.21 30.11 10 14.22 29.04 10
3 80 15.32 29.56 10 15.1 26.61 10 16.73 28.1 10
3 80 16.19 27.03 10 17.55 26.41 10 17.9 28.55 10
3 80 10.92 27.99 10 10.28 25.43 10 11.92 26.92 10
3 80 12.27 27.26 10 12.91 29.81 10 11.23 28.33 10
3 80 13.4 27.72 10 13.12 24.78 10 14.76 26.27 10
3 80 15.9 26.74 10 15.22 24.14 10 16.88 25.67 10
3 80 11.42 25.9 10 11.1 22.94 10 12.78 24.43 10
3 80 13.92 24.91 10 13.25 22.32 10 14.91 23.84 10
3 80 9.43 24.07 10 9.14 21.12 10 10.82 22.6 10
3 80 11.91 23.08 10 11.34 20.49 10 12.95 22.01 10
3 80 7.45 22.24 10 7.15 19.28 10 8.84 20.77 10
3 80 8.32 19.77 10 10.97 20.18 10 10.02 21.26 10
3 80 5.55 20.42 10 5.25 17.46 10 6.88 19 10
3 80 8 19.45 10 7.37 16.86 10 9 18.35 10
3 80 3.55 18.58 10 3.25 15.62 10 4.9 17.17 10
3 80 6.03 17.6 10 5.47 15.03 10 7.03 16.57 10
3 80 1.56 16.75 10 1.28 13.81 10 2.93 15.33 10
3 80 4.04 15.79 10 3.4 13.22 10 5.07 14.74 10
3 80 -.43 14.92 10 -.63 11.97 10 .96 13.5 10
3 80 2.06 13.96 10 1.49 11.39 10 3.1 12.91 10
3 80 -2.32 13.1 10 -2.62 10.15 10 -1.01 11.67 10
3 80 .15 12.14 10 -.52 9.54 10 1.14 11.08 10
3 80 -4.32 11.26 10 -4.61 8.32 10 -2.98 9.84 10
3 80 -1.84 10.31 10 -2.5 7.74 10 -.84 9.25 10
3 80 -6.27 9.45 10 -6.59 6.49 10 -4.95 8.01 10
3 80 -3.83 8.49 10 -4.45 5.9 10 -2.81 7.41 10
3 80 -10.78 7.93 10 -11.35 5.36 10 -9.73 6.88 10
3 80 -8.3 7.61 10 -8.72 4.5 10 -6.93 6.17 10
3 80 -5.72 6.66 10 -6.47 4.09 10 -4.77 5.58 10
3 80 -13.27 2.95 10 -13.2 2.43 10 -12.35 3.92 10
3 80 -13.2 2.43 10 -12.92 1.89 10 -10.93 2.51 10
3 80 -12.92 1.89 10 -12.2 1.31 10 -10.93 2.51 10
3 80 -9.71 3.02 10 -11.36 1.51 10 -10.87 1.1 10
3 80 -10.87 1.1 10 -9.57 1.1 10 -9.71 3.02 10
3 80 -11.7 5.05 10 -12.68 6.11 10 -13.69 5.11 10
3 80 -10.66 2.79 10 -9.09 4.16 10 -10.5 5.62 10
3 80 -8.37 2.27 10 -6.74 3.81 10 -7.78 4.85 10
3 80 -9.45 7.17 10 -7.76 8.67 10 -8.79 9.76 10
3 80 -7.46 9 10 -5.8 10.55 10 -6.81 11.57 10
3 80 -5.46 10.83 10 -3.83 12.38 10 -4.78 13.41 10
3 80 -3.47 12.66 10 -1.85 14.15 10 -2.94 15.23 10
3 80 -1.49 14.49 10 .11 15.98 10 -.91 17.03 10
3 80 .42 16.3 10 2.08 17.82 10 1.06 18.86 9.99
3 80 2.41 18.13 10 4.05 19.65 10 3.05 20.7 10
3 80 4.4 19.95 10 6.02 21.41 10 4.98 22.51 10
3 80 6.3 21.77 10 7.97 23.25 10 6.98 24.31 10
3 80 8.39 23.59 10 9.95 25.14 10 8.94 26.17 10
3 80 18.09 29.69 10 18.08 31.23 10 17.08 31.17 10
3 80 17.08 31.17 10 15.69 29.87 10 18.09 29.69 10
3 80 15.69 29.87 10 17.09 28.43 10 17.81 29.05 10
3 80 15.86 30.58 10 15.29 31.18 10 14.22 29.04 10
3 80 15.29 31.18 10 14.32 31.22 10 14.22 29.04 10
3 80 15.32 29.56 10 13.72 28.04 10 15.1 26.61 10
3 80 16.19 27.03 10 17.23 25.98 10 17.55 26.41 10
3 80 10.92 27.99 10 9.27 26.5 10 10.28 25.43 10
3 80 12.27 27.26 10 13.89 28.75 10 12.91 29.81 10
3 80 13.4 27.72 10 11.75 26.21 10 13.12 24.78 10
3 80 15.9 26.74 10 14.23 25.2 10 15.22 24.14 10
3 80 11.42 25.9 10 9.77 24.37 10 11.1 22.94 10
3 80 13.92 24.91 10 12.26 23.37 10 13.25 22.32 10
3 80 9.43 24.07 10 7.8 22.54 10 9.14 21.12 10
3 80 11.91 23.08 10 10.29 21.54 10 11.34 20.49 10
3 80 7.45 22.24 10 5.83 20.71 10 7.15 19.28 10
3 80 8.32 19.77 10 9.27 18.68 10 10.97 20.18 10
3 80 5.55 20.42 10 3.86 18.88 10 5.25 17.46 10
3 80 8 19.45 10 6.36 17.93 10 7.37 16.86 10
3 80 3.55 18.58 10 1.89 17.05 10 3.25 15.62 10
3 80 6.03 17.6 10 4.38 16.1 10 5.47 15.03 10
3 80 1.56 16.75 10 -.08 15.22 10 1.28 13.81 10
3 80 4.04 15.79 10 2.41 14.27 10 3.4 13.22 10
3 80 -.43 14.92 10 -2.05 13.38 10 -.63 11.97 10
3 80 2.06 13.96 10 .44 12.44 10 1.49 11.39 10
3 80 -2.32 13.1 10 -4.02 11.55 10 -2.62 10.15 10
3 80 .15 12.14 10 -1.52 10.61 10 -.52 9.54 10
3 80 -4.32 11.26 10 -6 9.78 10 -4.61 8.32 10
3 80 -1.84 10.31 10 -3.49 8.77 10 -2.5 7.74 10
3 80 -6.27 9.45 10 -7.97 7.95 10 -6.59 6.49 10
3 80 -3.83 8.49 10 -5.45 7 10 -4.45 5.9 10
3 80 -10.78 7.93 10 -12.38 6.41 10 -11.35 5.36 10
3 80 -8.3 7.61 10 -10.13 5.94 10 -8.72 4.5 10
3 80 -5.72 6.66 10 -7.43 5.17 10 -6.47 4.09 10
3 191 16.13 18.92 10 -5.18 4.23 10 13.59 4.63 10
3 191 -6.9 29.3 10 -13.8 25.2 10 -16.1 18 10
3 191 16.13 18.92 10 15.49 23.18 10 -5.18 4.23 10
3 191 -16.1 18 10 -13.91 6.36 10 7.71 26.45 10
3 16 -16.1 18 10 -13.8 25.2 10 -19 29 10
3 16 -13.8 25.2 10 -19 32 10 -19 29 10
3 16 16.13 18.92 10 14.35 2 10 19 29 10
3 16 -13.8 25.2 10 -6.9 29.3 10 -19 32 10
3 16 16.13 18.92 10 13.59 4.63 10 14.35 2 10
3 191 7.71 26.45 10 -6.9 29.3 10 -16.1 18 10