0 Minifig Torso with V-Neck Shirt and Green Creases Pattern
0 Name: 973p0v.dat
0 Author: Evert-Jan Boer [ejboer]
0 !LDRAW_ORG Part UPDATE 2026-07
0 !LICENSE Licensed under CC BY 4.0 : see CAreadme.txt

0 BFC CERTIFY CCW

0 !CATEGORY Minifig Torso
0 !KEYWORDS Bricklink 973pb2054, Scooby-Doo, Set 71206, set 75900, set 75901
0 !KEYWORDS Set 75902, set 75904, Shaggy

0 !HISTORY 2026-07-30 [OrionP] Official Update 2026-07

1 16 0 0 0 1 0 0 0 1 0 0 0 1 s\973s01.dat
1 16 0 -4 0 4.243 0 -4.243 0 -8 0 -4.243 0 -4.243 1-4cyli.dat

4 0 -8.7 1 -10 -9.2 1 -10 -8.5 2.2 -10 -8.05 2.1 -10
4 0 -8.05 2.1 -10 -8.5 2.2 -10 -7.5 3.65 -10 -7.05 3.5 -10
4 0 -7.05 3.5 -10 -7.5 3.65 -10 -6.35 4.95 -10 -5.9 4.8 -10
4 0 -5.9 4.8 -10 -6.35 4.95 -10 -4.95 6.3 -10 -4.45 6.1 -10
4 0 -4.45 6.1 -10 -4.95 6.3 -10 -3.6 7.4 -10 -3.2 7.15 -10
4 0 -3.2 7.15 -10 -3.6 7.4 -10 -2.25 8.4 -10 -1.85 8.15 -10
4 0 -1.85 8.15 -10 -2.25 8.4 -10 -1.1 9.1 -10 -0.7 8.8 -10
4 0 -0.7 8.8 -10 -1.1 9.1 -10 -0.4 9.45 -10 0 9.05 -10
4 0 0 9.05 -10 -0.4 9.45 -10 0 9.55 -10 0.4 9.45 -10
4 78 0 1 -10 -8.7 1 -10 -8.05 2.1 -10 -7.05 3.5 -10
4 78 0 1 -10 -7.05 3.5 -10 -5.9 4.8 -10 -4.45 6.1 -10
4 78 0 1 -10 -4.45 6.1 -10 -3.2 7.15 -10 -1.85 8.15 -10
4 78 0 1 -10 -1.85 8.15 -10 -0.7 8.8 -10 0 9.05 -10
4 0 8.5 2.2 -10 9.2 1 -10 8.7 1 -10 8.05 2.1 -10
4 0 7.5 3.65 -10 8.5 2.2 -10 8.05 2.1 -10 7.05 3.5 -10
4 0 6.35 4.95 -10 7.5 3.65 -10 7.05 3.5 -10 5.9 4.8 -10
4 0 4.95 6.3 -10 6.35 4.95 -10 5.9 4.8 -10 4.45 6.1 -10
4 0 3.6 7.4 -10 4.95 6.3 -10 4.45 6.1 -10 3.2 7.15 -10
4 0 2.25 8.4 -10 3.6 7.4 -10 3.2 7.15 -10 1.85 8.15 -10
4 0 1.1 9.1 -10 2.25 8.4 -10 1.85 8.15 -10 0.7 8.8 -10
4 0 0.4 9.45 -10 1.1 9.1 -10 0.7 8.8 -10 0 9.05 -10
4 78 8.05 2.1 -10 8.7 1 -10 0 1 -10 7.05 3.5 -10
4 78 5.9 4.8 -10 7.05 3.5 -10 0 1 -10 4.45 6.1 -10
4 78 3.2 7.15 -10 4.45 6.1 -10 0 1 -10 1.85 8.15 -10
4 78 0.7 8.8 -10 1.85 8.15 -10 0 1 -10 0 9.05 -10
4 2 -9.5 20.75 -10 -9 20.4 -10 -9.75 20.6 -10 -10.2 20.9 -10
4 2 -9.75 21.15 -10 -9.5 20.75 -10 -10.2 20.9 -10 -10.45 21.25 -10
4 2 -9.75 21.15 -10 -10.45 21.25 -10 -10.45 21.6 -10 -9.7 21.4 -10
4 2 -9.7 21.4 -10 -10.45 21.6 -10 -10.15 22 -10 -9.4 21.7 -10
4 2 -9.4 21.7 -10 -10.15 22 -10 -9.6 22.5 -10 -8.7 22.05 -10
4 2 -8.7 22.05 -10 -9.6 22.5 -10 -8.45 22.9 -10 -7.75 22.25 -10
4 2 -7.75 22.25 -10 -8.45 22.9 -10 -7.05 23.05 -10 -6.25 22.25 -10
4 2 -6.25 22.25 -10 -7.05 23.05 -10 -5 23 -10 -4.25 22.05 -10
4 2 -4.25 22.05 -10 -5 23 -10 -3.1 22.75 -10 -1.5 21.45 -10
4 2 -1.5 21.45 -10 -3.1 22.75 -10 0 22.05 -10 1.5 20.6 -10
4 2 1.5 20.6 -10 0 22.05 -10 3.1 20.95 -10 4.5 19.4 -10
4 2 4.5 19.4 -10 3.1 20.95 -10 6 19.5 -10 7.55 17.8 -10
4 2 7.55 17.8 -10 6 19.5 -10 8.7 17.95 -10 9.95 16.4 -10
4 2 9.95 16.4 -10 8.7 17.95 -10 10.9 16.4 -10 12 14.9 -10
4 2 12 14.9 -10 10.9 16.4 -10 12.7 14.9 -10 13.45 13.7 -10
3 2 13.45 13.7 -10 12.7 14.9 -10 13.85 13.75 -10
4 2 -8.05 24.7 -10 -9.65 23.95 -10 -8.75 24.75 -10 -7.05 25.75 -10
4 2 -6.2 25.35 -10 -8.05 24.7 -10 -7.05 25.75 -10 -4.8 26.7 -10
4 2 -3.15 26.1 -10 -6.2 25.35 -10 -4.8 26.7 -10 -2.25 27.45 -10
4 2 -1.15 26.4 -10 -3.15 26.1 -10 -2.25 27.45 -10 -0.8 27.65 -10
4 2 0.55 26.5 -10 -1.15 26.4 -10 -0.8 27.65 -10 1.15 27.65 -10
4 2 2.55 26.5 -10 0.55 26.5 -10 1.15 27.65 -10 3.3 27.35 -10
4 2 5.35 26.35 -10 2.55 26.5 -10 3.3 27.35 -10 6.15 26.8 -10
4 2 7.2 26.2 -10 5.35 26.35 -10 6.15 26.8 -10 7.75 26.45 -10
3 2 9.25 25.95 -10 7.2 26.2 -10 7.75 26.45 -10
3 16 -12 0 -10 -9.2 1 -10 -8.7 1 -10
4 16 -12 0 -10 -8.7 1 -10 0 1 -10 12 0 -10
3 16 12 0 -10 0 1 -10 8.7 1 -10
3 16 12 0 -10 8.7 1 -10 9.2 1 -10
4 16 14.345 2 -10 12 0 -10 9.2 1 -10 8.5 2.2 -10
4 16 -9.2 1 -10 -12 0 -10 -14.345 2 -10 -8.5 2.2 -10
3 16 -14.345 2 -10 -7.5 3.65 -10 -8.5 2.2 -10
3 16 -14.345 2 -10 -6.35 4.95 -10 -7.5 3.65 -10
4 16 -4.95 6.3 -10 -6.35 4.95 -10 -14.345 2 -10 -9 20.4 -10
4 16 -3.6 7.4 -10 -4.95 6.3 -10 -9 20.4 -10 -7.75 22.25 -10
4 16 -3.6 7.4 -10 -7.75 22.25 -10 -6.25 22.25 -10 -2.25 8.4 -10
4 16 -2.25 8.4 -10 -6.25 22.25 -10 -4.25 22.05 -10 -1.1 9.1 -10
4 16 -1.1 9.1 -10 -4.25 22.05 -10 -1.5 21.45 -10 -0.4 9.45 -10
4 16 -0.4 9.45 -10 -1.5 21.45 -10 1.5 20.6 -10 0 9.55 -10
4 16 0 9.55 -10 1.5 20.6 -10 4.5 19.4 -10 0.4 9.45 -10
4 16 0.4 9.45 -10 4.5 19.4 -10 7.55 17.8 -10 1.1 9.1 -10
4 16 1.1 9.1 -10 7.55 17.8 -10 9.95 16.4 -10 2.25 8.4 -10
4 16 2.25 8.4 -10 9.95 16.4 -10 12 14.9 -10 3.6 7.4 -10
4 16 3.6 7.4 -10 12 14.9 -10 13.45 13.7 -10 4.95 6.3 -10
4 16 14.345 2 -10 8.5 2.2 -10 13.45 13.7 -10 13.85 13.75 -10
3 16 8.5 2.2 -10 7.5 3.65 -10 13.45 13.7 -10
3 16 6.35 4.95 -10 4.95 6.3 -10 13.45 13.7 -10
3 16 7.5 3.65 -10 6.35 4.95 -10 13.45 13.7 -10
4 16 -9.5 20.75 -10 -9.75 21.15 -10 -9.7 21.4 -10 -9.4 21.7 -10
4 16 -9 20.4 -10 -9.5 20.75 -10 -9.4 21.7 -10 -8.7 22.05 -10
3 16 -9 20.4 -10 -8.7 22.05 -10 -7.75 22.25 -10
3 16 -14.345 2 -10 -9.75 20.6 -10 -9 20.4 -10
3 16 -14.345 2 -10 -10.2 20.9 -10 -9.75 20.6 -10
4 16 -10.45 21.25 -10 -10.2 20.9 -10 -14.345 2 -10 -19 29 -10
4 16 -8.45 22.9 -10 -9.6 22.5 -10 -9.65 23.95 -10 -8.05 24.7 -10
4 16 -7.05 23.05 -10 -8.45 22.9 -10 -8.05 24.7 -10 -6.2 25.35 -10
4 16 -5 23 -10 -7.05 23.05 -10 -6.2 25.35 -10 -3.15 26.1 -10
4 16 -3.1 22.75 -10 -5 23 -10 -3.15 26.1 -10 -1.15 26.4 -10
4 16 0 22.05 -10 -3.1 22.75 -10 -1.15 26.4 -10 0.55 26.5 -10
4 16 0 22.05 -10 0.55 26.5 -10 2.55 26.5 -10 3.1 20.95 -10
4 16 3.1 20.95 -10 2.55 26.5 -10 5.35 26.35 -10 6 19.5 -10
4 16 6 19.5 -10 5.35 26.35 -10 7.2 26.2 -10 9.25 25.95 -10
3 16 8.7 17.95 -10 6 19.5 -10 9.25 25.95 -10
4 16 10.9 16.4 -10 8.7 17.95 -10 9.25 25.95 -10 19 29 -10
3 16 12.7 14.9 -10 10.9 16.4 -10 19 29 -10
3 16 13.85 13.75 -10 12.7 14.9 -10 19 29 -10
3 16 14.345 2 -10 13.85 13.75 -10 19 29 -10
3 16 -10.45 21.25 -10 -19 29 -10 -10.45 21.6 -10
3 16 -10.45 21.6 -10 -19 29 -10 -10.15 22 -10
4 16 -9.6 22.5 -10 -10.15 22 -10 -19 29 -10 -9.65 23.95 -10
4 16 -8.75 24.75 -10 -9.65 23.95 -10 -19 29 -10 -19 32 -10
3 16 -8.75 24.75 -10 -19 32 -10 -7.05 25.75 -10
3 16 -7.05 25.75 -10 -19 32 -10 -4.8 26.7 -10
3 16 -4.8 26.7 -10 -19 32 -10 -2.25 27.45 -10
3 16 -2.25 27.45 -10 -19 32 -10 -0.8 27.65 -10
4 16 19 29 -10 9.25 25.95 -10 7.75 26.45 -10 19 32 -10
3 16 7.75 26.45 -10 6.15 26.8 -10 19 32 -10
3 16 6.15 26.8 -10 3.3 27.35 -10 19 32 -10
4 16 19 32 -10 3.3 27.35 -10 1.15 27.65 -10 -19 32 -10
3 16 1.15 27.65 -10 -0.8 27.65 -10 -19 32 -10

4 2 7.75 7.2 10 9.8 5.65 10 8.4 7.2 10 6.2 9.2 10
4 2 4.95 9.35 10 7.75 7.2 10 6.2 9.2 10 2.7 12 10
4 2 1.6 11.75 10 4.95 9.35 10 2.7 12 10 -.75 14.2 10
4 2 -2.15 13.9 10 1.6 11.75 10 -.75 14.2 10 -4.25 15.85 10
4 2 -5.75 15.5 10 -2.15 13.9 10 -4.25 15.85 10 -7.45 16.85 10
4 2 -8.4 16.25 10 -5.75 15.5 10 -7.45 16.85 10 -9.15 17.05 10
4 2 -9.85 16.35 10 -8.4 16.25 10 -9.15 17.05 10 -10.5 17 10
4 2 -11.3 16.25 10 -9.85 16.35 10 -10.5 17 10 -11.75 16.8 10
4 2 -12.1 15.95 10 -11.3 16.25 10 -11.75 16.8 10 -12.5 16.4 10
4 2 -12.3 15.75 10 -12.1 15.95 10 -12.5 16.4 10 -12.75 16 10
4 2 -12.3 15.75 10 -12.75 16 10 -12.75 15.6 10 -12.55 15.35 10
3 2 -12.55 15.35 10 -12.3 15.4 10 -12.3 15.75 10
3 2 -12.05 15 10 -12.3 15.4 10 -12.55 15.35 10
3 2 8.6 11.7 10 6.65 14 10 6.05 13.9 10
4 2 6.05 13.9 10 6.65 14 10 4.8 16.25 10 4.1 16.1 10
4 2 4.1 16.1 10 4.8 16.25 10 3.5 18.35 10 2.65 18.45 10
4 2 2.65 18.45 10 3.5 18.35 10 2.5 20.3 10 1.75 20.4 10
4 2 1.75 20.4 10 2.5 20.3 10 1.9 21.8 10 1.15 22 10
4 2 1.15 22 10 1.9 21.8 10 1.65 23.05 10 .95 23.35 10
4 2 .95 23.35 10 1.65 23.05 10 1.55 24.1 10 .95 24.4 10
4 2 .95 24.4 10 1.55 24.1 10 1.6 25 10 1.15 25.35 10
4 2 1.15 25.35 10 1.6 25 10 1.7 25.65 10 1.3 25.75 10
4 16 12 0 10 14.345 2 10 9.8 5.65 10 -12 0 10
3 16 -12 0 10 9.8 5.65 10 7.75 7.2 10
4 16 -12 0 10 7.75 7.2 10 4.95 9.35 10 1.6 11.75 10
4 16 -12 0 10 1.6 11.75 10 -2.15 13.9 10 -5.75 15.5 10
4 16 -14.345 2 10 -12 0 10 -5.75 15.5 10 -8.4 16.25 10
4 16 -12.05 15 10 -14.345 2 10 -8.4 16.25 10 -9.85 16.35 10
4 16 -12.05 15 10 -9.85 16.35 10 -11.3 16.25 10 -12.1 15.95 10
4 16 -12.3 15.4 10 -12.05 15 10 -12.1 15.95 10 -12.3 15.75 10
3 16 -14.345 2 10 -12.05 15 10 -12.55 15.35 10
3 16 -14.345 2 10 -12.55 15.35 10 -12.75 15.6 10
4 16 8.6 11.7 10 8.4 7.2 10 9.8 5.65 10 19 29 10
4 16 6.2 9.2 10 8.4 7.2 10 8.6 11.7 10 6.05 13.9 10
4 16 2.7 12 10 6.2 9.2 10 6.05 13.9 10 4.1 16.1 10
4 16 -.75 14.2 10 2.7 12 10 4.1 16.1 10 2.65 18.45 10
4 16 -4.25 15.85 10 -.75 14.2 10 2.65 18.45 10 1.75 20.4 10
4 16 -7.45 16.85 10 -4.25 15.85 10 1.75 20.4 10 1.15 22 10
4 16 -9.15 17.05 10 -7.45 16.85 10 1.15 22 10 .95 23.35 10
4 16 -10.5 17 10 -9.15 17.05 10 .95 23.35 10 .95 24.4 10
4 16 -10.5 17 10 .95 24.4 10 -19 29 10 -11.75 16.8 10
3 16 -12.5 16.4 10 -11.75 16.8 10 -19 29 10
3 16 -12.75 16 10 -12.5 16.4 10 -19 29 10
4 16 -12.75 15.6 10 -12.75 16 10 -19 29 10 -14.345 2 10
4 16 -19 29 10 .95 24.4 10 1.15 25.35 10 -19 32 10
3 16 1.15 25.35 10 1.3 25.75 10 -19 32 10
4 16 1.3 25.75 10 1.7 25.65 10 19 32 10 -19 32 10
4 16 19 29 10 19 32 10 1.7 25.65 10 1.6 25 10
4 16 19 29 10 1.6 25 10 1.55 24.1 10 1.65 23.05 10
4 16 19 29 10 1.65 23.05 10 1.9 21.8 10 2.5 20.3 10
4 16 19 29 10 2.5 20.3 10 3.5 18.35 10 4.8 16.25 10
4 16 19 29 10 4.8 16.25 10 6.65 14 10 8.6 11.7 10
3 16 14.345 2 10 19 29 10 9.8 5.65 10
