0 Tile  1 x  1 Round with Bright Light Yellow Emoji with Crying Medium Azure Tear Streams and Wide Open Mouth with Coral Tongue Pattern
0 Name: 98138p18.dat
0 Author: Gerald Lasser [GeraldLasser]
0 !LDRAW_ORG Part UPDATE 2025-02
0 !LICENSE Licensed under CC BY 4.0 : see CAreadme.txt

0 BFC CERTIFY CCW

0 !KEYWORDS Bricklink 98138pb138, Brickowl 719161, Dots, Rebrickable 98138pr0135
0 !KEYWORDS Sad, Set 41908, Unhappy

0 !HISTORY 2025-02-27 [OrionP] Official Update 2025-02

1 16 0 0 0 1 0 0 0 1 0 0 0 1 s\98138s02.dat
1 16 0 0 0 0 0 -1 0 1 0 1 0 0 3-8ring9.dat
1 16 0 0 0 0 0 1 0 1 0 1 0 0 3-8ring9.dat
1 16 0 0 0 0 0 10 0 1 0 -10 0 0 1-8ering.dat
1 16 0 0 0 0 0 -10 0 1 0 -10 0 0 1-8ering.dat

1 226 0 0 0 9 0 0 0 1 0 0 0 9 1-8chrd.dat
1 226 0 0 0 9 0 0 0 1 0 0 0 -9 1-8chrd.dat
1 226 0 0 0 -9 0 0 0 1 0 0 0 9 1-8chrd.dat
1 226 0 0 0 -9 0 0 0 1 0 0 0 -9 1-8chrd.dat
1 226 0 0 0 0 0 9 0 1 0 9 0 0 1-8chrd.dat
1 226 0 0 0 0 0 -9 0 1 0 9 0 0 1-8chrd.dat

4 353 3.31 0 -6.33 3.6 0 -6.44 3.91 0 -6.36 4.26 0 -5.98
4 353 3.31 0 -6.33 4.26 0 -5.98 4.49 0 -5.57 4.51 0 -5.34
4 353 3.31 0 -6.33 4.51 0 -5.34 4.43 0 -5.12 3.06 0 -6.17
4 353 3.06 0 -6.17 4.43 0 -5.12 4.09 0 -4.77 2.38 0 -5.73
4 353 2.38 0 -5.73 4.09 0 -4.77 3.38 0 -4.31 2.53 0 -4
4 353 1.63 0 -5.38 2.38 0 -5.73 2.53 0 -4 1.62 0 -3.84
4 353 .87 0 -5.21 1.63 0 -5.38 1.62 0 -3.84 .66 0 -3.77
4 353 .22 0 -5.16 .87 0 -5.21 .66 0 -3.77 -.08 0 -3.79
4 353 -.45 0 -5.25 .22 0 -5.16 -.08 0 -3.79 -.93 0 -3.92
4 353 -1.12 0 -5.48 -.45 0 -5.25 -.93 0 -3.92 -1.81 0 -4.18
4 353 -2.04 0 -5.86 -1.12 0 -5.48 -1.81 0 -4.18 -2.63 0 -4.6
4 353 -2.04 0 -5.86 -2.63 0 -4.6 -3.05 0 -4.97 -2.41 0 -5.96
4 353 -2.78 0 -6.02 -2.41 0 -5.96 -3.05 0 -4.97 -3.07 0 -5.99
4 353 -3.21 0 -5.91 -3.07 0 -5.99 -3.05 0 -4.97 -3.26 0 -5.29
4 353 -3.21 0 -5.91 -3.26 0 -5.29 -3.35 0 -5.53 -3.33 0 -5.76
4 0 .87 0 -5.21 .22 0 -5.16 .23 0 -5.81 .73 0 -5.84
4 0 1.63 0 -5.38 .87 0 -5.21 .73 0 -5.84 1.35 0 -5.97
4 0 1.63 0 -5.38 1.35 0 -5.97 1.97 0 -6.3 2.38 0 -5.73
4 0 2.38 0 -5.73 1.97 0 -6.3 2.54 0 -6.64 3.06 0 -6.17
4 0 3.06 0 -6.17 2.54 0 -6.64 2.95 0 -6.92 3.31 0 -6.33
4 0 3.31 0 -6.33 2.95 0 -6.92 3.29 0 -7.05 3.6 0 -6.44
4 0 3.6 0 -6.44 3.29 0 -7.05 3.69 0 -7.11 3.91 0 -6.36
4 0 3.91 0 -6.36 3.69 0 -7.11 4.09 0 -7.04 4.43 0 -6.81
4 0 3.91 0 -6.36 4.43 0 -6.81 4.75 0 -6.38 4.26 0 -5.98
4 0 4.26 0 -5.98 4.75 0 -6.38 5.09 0 -5.59 4.49 0 -5.57
4 0 4.51 0 -5.34 4.49 0 -5.57 5.09 0 -5.59 5.38 0 -4.58
4 0 4.43 0 -5.12 4.51 0 -5.34 5.38 0 -4.58 5.46 0 -3.73
4 0 4.09 0 -4.77 4.43 0 -5.12 5.46 0 -3.73 5.41 0 -2.93
4 0 4.09 0 -4.77 5.41 0 -2.93 5.22 0 -2.39 5 0 -2.19
4 0 4.09 0 -4.77 5 0 -2.19 4.77 0 -2.04 3.38 0 -4.31
4 0 3.38 0 -4.31 4.77 0 -2.04 4.38 0 -1.91 4 0 -1.88
4 0 3.38 0 -4.31 4 0 -1.88 3.6 0 -1.99 3.09 0 -2.18
3 0 3.09 0 -2.18 2.53 0 -4 3.38 0 -4.31
4 0 1.62 0 -3.84 2.53 0 -4 3.09 0 -2.18 2.24 0 -2.45
3 0 2.24 0 -2.45 1.48 0 -2.59 1.62 0 -3.84
4 0 1.62 0 -3.84 1.48 0 -2.59 .56 0 -2.67 .66 0 -3.77
4 0 -.08 0 -3.79 .66 0 -3.77 .56 0 -2.67 -.49 0 -2.61
4 0 -.93 0 -3.92 -.08 0 -3.79 -.49 0 -2.61 -1.22 0 -2.45
4 0 -1.81 0 -4.18 -.93 0 -3.92 -1.22 0 -2.45 -1.92 0 -2.21
4 0 -1.81 0 -4.18 -2.92 0 -2.02 -3.35 0 -2.04 -3.67 0 -2.12
4 0 -1.81 0 -4.18 -3.67 0 -2.12 -4.06 0 -2.36 -4.37 0 -2.72
4 0 -2.63 0 -4.6 -1.81 0 -4.18 -4.37 0 -2.72 -4.61 0 -3.18
4 0 -2.63 0 -4.6 -4.61 0 -3.18 -4.71 0 -3.75 -4.65 0 -4.45
4 0 -3.05 0 -4.97 -2.63 0 -4.6 -4.65 0 -4.45 -4.45 0 -5.01
4 0 -3.26 0 -5.29 -3.05 0 -4.97 -4.45 0 -5.01 -4.18 0 -5.59
3 0 -3.26 0 -5.29 -4.18 0 -5.59 -3.35 0 -5.53
4 0 -3.33 0 -5.76 -3.35 0 -5.53 -4.18 0 -5.59 -3.79 0 -6.25
4 0 -3.21 0 -5.91 -3.33 0 -5.76 -3.79 0 -6.25 -3.55 0 -6.48
4 0 -3.21 0 -5.91 -3.55 0 -6.48 -3.24 0 -6.65 -3.07 0 -5.99
4 0 -3.07 0 -5.99 -3.24 0 -6.65 -2.87 0 -6.68 -2.78 0 -6.02
4 0 -2.78 0 -6.02 -2.87 0 -6.68 -2.45 0 -6.66 -2.41 0 -5.96
4 0 -2.41 0 -5.96 -2.45 0 -6.66 -2.1 0 -6.58 -2.04 0 -5.86
4 0 -2.04 0 -5.86 -2.1 0 -6.58 -1.51 0 -6.33 -1.12 0 -5.48
4 0 -1.12 0 -5.48 -1.51 0 -6.33 -.73 0 -5.98 -.45 0 -5.25
4 0 -.45 0 -5.25 -.73 0 -5.98 -.26 0 -5.84 .22 0 -5.16
3 0 .22 0 -5.16 -.26 0 -5.84 .23 0 -5.81
4 0 -4.88 0 3.49 -5.03 0 3.45 -5.09 0 3.34 -5.1 0 3.22
4 0 -4.88 0 3.49 -5.1 0 3.22 -5.07 0 3.04 -4.97 0 2.95
4 0 -4.72 0 3.49 -4.88 0 3.49 -4.97 0 2.95 -4.68 0 2.8
4 0 -4.72 0 3.49 -4.68 0 2.8 -4.3 0 2.71 -4.39 0 3.42
4 0 -4.39 0 3.42 -4.3 0 2.71 -3.87 0 2.66 -3.89 0 3.39
4 0 -3.89 0 3.39 -3.87 0 2.66 -3.43 0 2.69 -3.46 0 3.45
4 0 -3.46 0 3.45 -3.43 0 2.69 -2.88 0 2.86 -3.04 0 3.63
4 0 -3.04 0 3.63 -2.88 0 2.86 -2.45 0 3.1 -2.6 0 3.9
4 0 -2.6 0 3.9 -2.45 0 3.1 -2.04 0 3.49 -2.28 0 4.22
4 0 -2.28 0 4.22 -2.04 0 3.49 -1.76 0 3.88 -2.15 0 4.31
4 0 -2.15 0 4.31 -1.76 0 3.88 -1.73 0 4.06 -1.77 0 4.17
4 0 -1.99 0 4.31 -2.15 0 4.31 -1.77 0 4.17 -1.87 0 4.27
4 0 5.54 0 2.72 5.4819 0 2.831 5.3327 0 2.8736 5.5479 0 2.5998
4 0 5.5148 0 2.4204 5.5479 0 2.5998 5.3327 0 2.8736 5.4132 0 2.3322
4 0 5.4132 0 2.3322 5.3327 0 2.8736 5.1727 0 2.8764 5.1206 0 2.1872
4 0 4.7391 0 2.1039 5.1206 0 2.1872 5.1727 0 2.8764 4.8415 0 2.8122
4 0 4.3083 0 2.0614 4.7391 0 2.1039 4.8415 0 2.8122 4.3411 0 2.7909
4 0 3.8689 0 2.0991 4.3083 0 2.0614 4.3411 0 2.7909 3.9122 0 2.8584
4 0 3.322 0 2.2786 3.8689 0 2.0991 3.9122 0 2.8584 3.4954 0 3.0457
4 0 2.8962 0 2.5261 3.322 0 2.2786 3.4954 0 3.0457 3.0602 0 3.3234
4 0 2.4931 0 2.9232 2.8962 0 2.5261 3.0602 0 3.3234 2.7458 0 3.6489
4 0 2.2199 0 3.318 2.4931 0 2.9232 2.7458 0 3.6489 2.6174 0 3.7412
4 0 2.1931 0 3.4985 2.2199 0 3.318 2.6174 0 3.7412 2.235 0 3.6078
4 0 2.235 0 3.6078 2.6174 0 3.7412 2.4574 0 3.744 2.3367 0 3.7061
4 0 -1.81 0 -4.18 -1.92 0 -2.21 -2.43 0 -2.06 -2.92 0 -2.02
4 0 -5.77 0 1.75 -5.84 0 1.64 -5.83 0 1.49 -5.78 0 1.37
4 0 -5.65 0 1.85 -5.77 0 1.75 -5.78 0 1.37 -5.66 0 1.26
4 0 -5.48 0 1.88 -5.65 0 1.85 -5.66 0 1.26 -4.6 0 1.8
4 0 -4.6 0 1.8 -5.66 0 1.26 -4.76 0 1.15 -3.22 0 1.56
3 0 -3.22 0 1.56 -4.76 0 1.15 -3.48 0 .89
4 0 -3.22 0 1.56 -3.48 0 .89 -3.14 0 .82 -1.77 0 1.27
4 0 -1.78 0 .61 -1.77 0 1.27 -3.14 0 .82 -3.11 0 .11
4 0 -3.11 0 .11 -3.14 0 .82 -3.52 0 .69 -4.73 0 -.48
4 0 -4.73 0 -.48 -3.52 0 .69 -4.71 0 .28 -5.75 0 -.17
4 0 -5.57 0 -.8 -4.73 0 -.48 -5.75 0 -.17 -5.75 0 -.79
4 0 -5.75 0 -.79 -5.75 0 -.17 -5.88 0 -.28 -5.93 0 -.46
3 0 -5.93 0 -.46 -5.9 0 -.67 -5.75 0 -.79
4 0 -1.77 0 1.27 -1.78 0 .61 -1.64 0 .7 -1.6 0 1.2
4 0 -1.52 0 1.09 -1.6 0 1.2 -1.64 0 .7 -1.52 0 .8
3 0 -1.52 0 1.09 -1.52 0 .8 -1.47 0 .93
3 322 -1.78 0 .61 -2.43 0 -2.06 -1.92 0 -2.21
3 322 -1.78 0 .61 -2.92 0 -2.02 -2.43 0 -2.06
4 322 -3.35 0 -2.04 -2.92 0 -2.02 -1.78 0 .61 -3.11 0 .11
3 322 -3.11 0 .11 -3.67 0 -2.12 -3.35 0 -2.04
4 322 -4.06 0 -2.36 -3.67 0 -2.12 -3.11 0 .11 -4.73 0 -.48
4 322 -4.06 0 -2.36 -4.73 0 -.48 -5.57 0 -.8 -4.37 0 -2.72
3 322 -5.57 0 -.8 -4.61 0 -3.18 -4.37 0 -2.72
4 322 -4.71 0 -3.75 -4.61 0 -3.18 -5.57 0 -.8 -5.57 0 -7.0609
3 322 -4.71 0 -3.75 -5.57 0 -7.0609 -4.65 0 -4.45
3 322 -4.65 0 -4.45 -5.57 0 -7.0609 -4.45 0 -5.01
3 322 -4.45 0 -5.01 -5.57 0 -7.0609 -4.18 0 -5.59
3 322 -4.18 0 -5.59 -5.57 0 -7.0609 -3.79 0 -6.25
4 322 -3.55 0 -6.48 -3.79 0 -6.25 -5.57 0 -7.0609 -5.4792 0 -7.1406
4 322 -3.4443 0 -8.3151 -3.24 0 -6.65 -3.55 0 -6.48 -4.5 0 -7.794
3 322 -3.24 0 -6.65 -3.4443 0 -8.3151 -2.87 0 -6.68
3 322 -2.45 0 -6.66 -2.87 0 -6.68 -3.4443 0 -8.3151
4 0 6.3631 0 1.1802 6.3809 0 1.3295 6.3167 0 1.443 6.3068 0 1.063
3 322 -2.1 0 -6.58 -2.45 0 -6.66 -2.1 0 -8.7387
3 322 -2.1 0 -8.7387 -2.45 0 -6.66 -2.3292 0 -8.6931
3 322 -2.3292 0 -8.6931 -2.45 0 -6.66 -3.4443 0 -8.3151
4 322 4.43 0 -6.81 4.09 0 -7.04 5.4792 0 -7.1406 5.96 0 -6.7185

4 0 6.3068 0 1.063 6.3167 0 1.443 6.2021 0 1.5491 6.1812 0 .9594
4 0 6.1812 0 .9594 6.2021 0 1.5491 6.0339 0 1.588 5.151 0 1.5541
4 0 5.2767 0 .8967 6.1812 0 .9594 5.151 0 1.5541 3.7603 0 1.3867
3 0 3.7603 0 1.3867 3.9849 0 .704 5.2767 0 .8967
4 0 3.6417 0 .6519 3.9849 0 .704 3.7603 0 1.3867 2.2971 0 1.173
4 0 3.6417 0 .6519 2.2971 0 1.173 2.2725 0 .5134 3.5746 0 -.0556
4 0 4.0144 0 .5022 3.6417 0 .6519 3.5746 0 -.0556 5.1615 0 -.7295
4 0 5.1813 0 .0305 4.0144 0 .5022 5.1615 0 -.7295 6.1963 0 -.4734
4 0 6.1963 0 -.4734 5.1615 0 -.7295 5.96 0 -1.09 6.1638 0 -1.0925
4 0 6.3203 0 -.59 6.1963 0 -.4734 6.1638 0 -1.0925 6.3609 0 -.7724
3 0 6.3609 0 -.7724 6.1638 0 -1.0925 6.3199 0 -.9805
4 0 2.1374 0 .6106 2.2725 0 .5134 2.2971 0 1.173 2.1237 0 1.112
4 0 2.1374 0 .6106 2.1237 0 1.112 2.028 0 1.0063 2.0228 0 .7167
3 0 2.028 0 1.0063 1.9797 0 .8491 2.0228 0 .7167
4 322 2.2725 0 .5134 2.24 0 -2.45 3.09 0 -2.18 3.6 0 -1.99
4 322 3.5746 0 -.0556 2.2725 0 .5134 3.6 0 -1.99 4 0 -1.88
4 322 3.5746 0 -.0556 4 0 -1.88 4.38 0 -1.91 5.1615 0 -.7295
3 322 5.1615 0 -.7295 4.38 0 -1.91 4.77 0 -2.04
4 322 5.1615 0 -.7295 4.77 0 -2.04 5 0 -2.19 5.96 0 -1.09
3 322 5.96 0 -1.09 5 0 -2.19 5.22 0 -2.39
3 322 5.96 0 -1.09 5.22 0 -2.39 5.41 0 -2.93
4 322 5.96 0 -1.09 5.41 0 -2.93 5.46 0 -3.73 5.96 0 -6.7185
3 322 5.46 0 -3.73 5.38 0 -4.58 5.96 0 -6.7185
3 322 5.38 0 -4.58 5.09 0 -5.59 5.96 0 -6.7185
3 322 5.09 0 -5.59 4.75 0 -6.38 5.96 0 -6.7185
3 322 4.75 0 -6.38 4.43 0 -6.81 5.96 0 -6.7185
4 322 4.09 0 -7.04 3.69 0 -7.11 3.4443 0 -8.3151 5.4792 0 -7.1406
3 322 3.29 0 -7.05 3.4443 0 -8.3151 3.69 0 -7.11
4 322 3.4443 0 -8.3151 3.29 0 -7.05 2.95 0 -6.92 2.3292 0 -8.6931
4 322 1.97 0 -8.7645 2.95 0 -6.92 2.54 0 -6.64 1.97 0 -6.3
4 226 -1.78 0 .61 -1.92 0 -2.21 -1.22 0 -2.45 -.49 0 -2.61
3 226 -1.64 0 .7 -1.78 0 .61 -.49 0 -2.61
4 226 -1.52 0 .8 -1.64 0 .7 -.49 0 -2.61 2.0228 0 .7167
4 226 -1.52 0 .8 2.0228 0 .7167 1.9797 0 .8491 -1.47 0 .93
4 226 -1.52 0 1.09 -1.47 0 .93 1.9797 0 .8491 2.028 0 1.0063
4 226 -1.52 0 1.09 2.028 0 1.0063 2.1237 0 1.112 -1.6 0 1.2
4 226 2.1374 0 .6106 2.0228 0 .7167 -.49 0 -2.61 .56 0 -2.67
4 226 2.1374 0 .6106 .56 0 -2.67 1.48 0 -2.59 2.24 0 -2.45
3 226 2.1374 0 .6106 2.24 0 -2.45 2.2725 0 .5134
3 226 3.9849 0 .704 3.6417 0 .6519 4.0144 0 .5022
4 226 3.9849 0 .704 4.0144 0 .5022 5.1813 0 .0305 5.2767 0 .8967
4 226 6.1812 0 .9594 5.2767 0 .8967 5.1813 0 .0305 6.1963 0 -.4734
4 226 6.3068 0 1.063 6.1812 0 .9594 6.1963 0 -.4734 6.3203 0 -.59
4 226 6.3068 0 1.063 6.3203 0 -.59 9 0 0 6.3631 0 1.1802
3 226 6.3809 0 1.3295 6.3631 0 1.1802 9 0 0
4 226 2.6174 0 3.7412 2.7458 0 3.6489 6.3639 0 6.3639 0 0 9
4 226 6.3639 0 6.3639 2.7458 0 3.6489 3.0602 0 3.3234 3.4954 0 3.0457
4 226 6.3639 0 6.3639 3.4954 0 3.0457 3.9122 0 2.8584 4.3411 0 2.7909
4 226 6.3639 0 6.3639 4.3411 0 2.7909 4.8415 0 2.8122 5.1727 0 2.8764
3 226 6.3639 0 6.3639 5.1727 0 2.8764 5.3327 0 2.8736
3 226 6.3639 0 6.3639 5.3327 0 2.8736 5.4819 0 2.831
4 226 6.3639 0 6.3639 5.4819 0 2.831 5.54 0 2.72 6.2021 0 1.5491
4 226 6.2021 0 1.5491 5.54 0 2.72 5.5479 0 2.5998 6.0339 0 1.588
3 226 5.5479 0 2.5998 5.5148 0 2.4204 6.0339 0 1.588
3 226 5.5148 0 2.4204 5.4132 0 2.3322 6.0339 0 1.588
4 226 6.0339 0 1.588 5.4132 0 2.3322 5.1206 0 2.1872 5.151 0 1.5541
3 226 5.1206 0 2.1872 4.7391 0 2.1039 5.151 0 1.5541
4 226 5.151 0 1.5541 4.7391 0 2.1039 4.3083 0 2.0614 3.7603 0 1.3867
3 226 3.8689 0 2.0991 3.7603 0 1.3867 4.3083 0 2.0614
4 226 3.7603 0 1.3867 3.8689 0 2.0991 3.322 0 2.2786 2.2971 0 1.173
4 226 2.2971 0 1.173 3.322 0 2.2786 2.8962 0 2.5261 2.1237 0 1.112
3 226 2.4931 0 2.9232 2.1237 0 1.112 2.8962 0 2.5261
4 226 2.1237 0 1.112 2.4931 0 2.9232 2.2199 0 3.318 -1.6 0 1.2
4 226 -1.6 0 1.2 2.2199 0 3.318 -1.76 0 3.88 -1.77 0 1.27
3 226 -1.76 0 3.88 -2.04 0 3.49 -1.77 0 1.27
3 226 -2.04 0 3.49 -2.45 0 3.1 -1.77 0 1.27
4 226 -1.77 0 1.27 -2.45 0 3.1 -2.88 0 2.86 -3.22 0 1.56
3 226 -2.88 0 2.86 -3.43 0 2.69 -3.22 0 1.56
3 226 -3.43 0 2.69 -3.87 0 2.66 -3.22 0 1.56
4 226 -3.22 0 1.56 -3.87 0 2.66 -4.3 0 2.71 -4.6 0 1.8
3 226 -4.68 0 2.8 -4.6 0 1.8 -4.3 0 2.71
4 226 -4.6 0 1.8 -4.68 0 2.8 -4.97 0 2.95 -5.48 0 1.88
3 226 -5.07 0 3.04 -5.48 0 1.88 -4.97 0 2.95
4 226 -5.48 0 1.88 -5.07 0 3.04 -5.1 0 3.22 -5.65 0 1.85
4 226 -5.77 0 1.75 -5.65 0 1.85 -5.1 0 3.22 -5.09 0 3.34
4 226 -5.77 0 1.75 -5.09 0 3.34 -6.3639 0 6.3639 -5.84 0 1.64
3 226 -6.3639 0 6.3639 -5.09 0 3.34 -5.03 0 3.45
3 226 -6.3639 0 6.3639 -5.03 0 3.45 -4.88 0 3.49
3 226 -6.3639 0 6.3639 -4.88 0 3.49 -4.72 0 3.49
4 226 -6.3639 0 6.3639 -4.72 0 3.49 -4.39 0 3.42 -3.89 0 3.39
4 226 -6.3639 0 6.3639 -3.89 0 3.39 -3.46 0 3.45 -3.04 0 3.63
4 226 -6.3639 0 6.3639 -3.04 0 3.63 -2.6 0 3.9 -2.28 0 4.22
4 226 -6.3639 0 6.3639 -2.28 0 4.22 -2.15 0 4.31 0 0 9
3 226 0 0 9 -2.15 0 4.31 -1.99 0 4.31
3 226 0 0 9 -1.99 0 4.31 -1.87 0 4.27
3 226 0 0 9 -1.87 0 4.27 -1.77 0 4.17
4 226 0 0 9 -1.77 0 4.17 -1.73 0 4.06 2.3367 0 3.7061
3 226 -1.73 0 4.06 2.235 0 3.6078 2.3367 0 3.7061
3 226 -1.73 0 4.06 2.1931 0 3.4985 2.235 0 3.6078
4 226 2.2199 0 3.318 2.1931 0 3.4985 -1.73 0 4.06 -1.76 0 3.88
3 226 0 0 9 2.3367 0 3.7061 2.4574 0 3.744
3 226 0 0 9 2.4574 0 3.744 2.6174 0 3.7412
4 226 9 0 0 6.3639 0 6.3639 6.3167 0 1.443 6.3809 0 1.3295
3 226 6.3639 0 6.3639 6.2021 0 1.5491 6.3167 0 1.443
3 226 9 0 0 6.3203 0 -.59 6.3609 0 -.7724
4 226 9 0 0 6.3609 0 -.7724 6.3199 0 -.9805 6.3639 0 -6.3639
3 226 6.3199 0 -.9805 6.1638 0 -1.0925 6.3639 0 -6.3639
4 226 6.3639 0 -6.3639 6.1638 0 -1.0925 5.96 0 -1.09 5.96 0 -6.7185
4 226 -6.3639 0 -6.3639 -5.57 0 -7.0609 -5.57 0 -.8 -5.75 0 -.79
4 226 -6.3639 0 -6.3639 -5.75 0 -.79 -5.9 0 -.67 -9 0 0
3 226 -9 0 0 -5.9 0 -.67 -5.93 0 -.46
3 226 -9 0 0 -5.93 0 -.46 -5.88 0 -.28
4 226 -9 0 0 -5.88 0 -.28 -5.75 0 -.17 -5.78 0 1.37
3 226 -5.83 0 1.49 -9 0 0 -5.78 0 1.37
4 226 -9 0 0 -5.83 0 1.49 -5.84 0 1.64 -6.3639 0 6.3639
4 226 -5.66 0 1.26 -5.78 0 1.37 -5.75 0 -.17 -4.71 0 .28
4 226 -4.76 0 1.15 -5.66 0 1.26 -4.71 0 .28 -3.52 0 .69
4 226 -3.48 0 .89 -4.76 0 1.15 -3.52 0 .69 -3.14 0 .82
4 226 -1.1745 0 -8.9226 -1.51 0 -6.33 -2.1 0 -6.58 -2.1 0 -8.7387
4 226 -.26 0 -5.84 -.73 0 -5.98 -1.51 0 -6.33 -1.1745 0 -8.9226
4 226 -.26 0 -5.84 -1.1745 0 -8.9226 0 0 -9 .23 0 -5.81
4 226 .23 0 -5.81 0 0 -9 1.1745 0 -8.9226 1.97 0 -8.7645
4 226 .73 0 -5.84 .23 0 -5.81 1.97 0 -8.7645 1.35 0 -5.97
3 226 1.35 0 -5.97 1.97 0 -8.7645 1.97 0 -6.3
3 322 5.4792 0 -7.1406 3.4443 0 -8.3151 4.5 0 -7.794
3 322 2.95 0 -6.92 1.97 0 -8.7645 2.3292 0 -8.6931
3 322 -3.55 0 -6.48 -5.4792 0 -7.1406 -4.5 0 -7.794
3 16 -6.3639 0 -6.3639 -7.071 0 -7.071 -5.57 0 -7.0609
3 16 -5.57 0 -7.0609 -7.071 0 -7.071 -5.4792 0 -7.1406
3 16 -5.4792 0 -7.1406 -7.071 0 -7.071 -4.5 0 -7.794
3 16 -4.5 0 -7.794 -7.071 0 -7.071 -3.827 0 -9.239
3 16 -4.5 0 -7.794 -3.827 0 -9.239 -3.4443 0 -8.3151
3 16 -3.4443 0 -8.3151 -3.827 0 -9.239 -2.3292 0 -8.6931
3 16 -2.3292 0 -8.6931 -3.827 0 -9.239 -2.1 0 -8.7387
3 16 -1.1745 0 -8.9226 -2.1 0 -8.7387 -3.827 0 -9.239
3 16 0 0 -9 -1.1745 0 -8.9226 -3.827 0 -9.239
3 16 0 0 -9 -3.827 0 -9.239 0 0 -10
3 16 0 0 -9 0 0 -10 1.1745 0 -8.9226
3 16 1.1745 0 -8.9226 0 0 -10 1.97 0 -8.7645
3 16 1.97 0 -8.7645 0 0 -10 3.827 0 -9.239
3 16 1.97 0 -8.7645 3.827 0 -9.239 2.3292 0 -8.6931
3 16 2.3292 0 -8.6931 3.827 0 -9.239 3.4443 0 -8.3151
3 16 3.4443 0 -8.3151 3.827 0 -9.239 4.5 0 -7.794
3 16 4.5 0 -7.794 3.827 0 -9.239 5.4792 0 -7.1406
3 16 5.4792 0 -7.1406 3.827 0 -9.239 7.071 0 -7.071
3 16 5.4792 0 -7.1406 7.071 0 -7.071 5.96 0 -6.7185
3 16 5.96 0 -6.7185 7.071 0 -7.071 6.3639 0 -6.3639
