0 Sail 12 x 10 Trapezoidal with Black Crossed Anchors, Crown and Barrel Pattern (Formed)
0 Name: u767p03c03.dat
0 Author: Takeshi Takahashi [RainbowDolphin]
0 !LDRAW_ORG Part UPDATE 2026-05
0 !LICENSE Licensed under CC BY 4.0 : see CAreadme.txt

0 BFC CERTIFY CCW

0 !CATEGORY Sheet Fabric

0 !KEYWORDS Bricklink sailbb30, Brickowl 629361, Imperial Guards, Pirates
0 !KEYWORDS Rebrickable upn0016pr0001, set 6277, Trading ship

0 !HISTORY 2026-05-05 [MagFors] used canvas colour
0 !HISTORY 2026-05-31 [OrionP] Official Update 2026-05

1 16 0 0 0 1 0 0 0 1 0 0 0 1 s\u767p03c03s01.dat
1 16 0 0 0 -1 0 0 0 1 0 0 0 1 s\u767p03c03s01.dat
0 BFC INVERTNEXT
1 16 0 0 .3 1 0 0 0 1 0 0 0 1 s\u767c03s01.dat
0 BFC INVERTNEXT
1 16 0 0 .3 -1 0 0 0 1 0 0 0 1 s\u767c03s01.dat

1 16 0 0 0 1 0 0 0 1 0 0 0 1 s\u767c03s02.dat
1 16 0 0 0 -1 0 0 0 1 0 0 0 1 s\u767c03s02.dat
4 16 104.5381 164.5971 -16.7112 100.8175 174.1175 -19.1859 104.4473 172.6749 -15.2403 107.6344 169.3081 -12.1858
4 16 104.5381 164.5971 -16.7112 107.6344 169.3081 -12.1858 109.8937 164.5296 -10.4873 110.8812 159.0669 -10.4035
3 16 110.8812 159.0669 -10.4035 105.6497 162.2464 -15.8754 104.5381 164.5971 -16.7112
4 16 106.1355 159.5589 -15.8343 105.6497 162.2464 -15.8754 110.8812 159.0669 -10.4035 110.4467 153.7516 -11.947
3 16 110.4467 153.7516 -11.947 105.9218 156.9439 -16.5936 106.1355 159.5589 -15.8343
4 16 105.0408 154.7999 -18.0381 105.9218 156.9439 -16.5936 110.4467 153.7516 -11.947 107.716 141.4788 -17.5226
3 16 104.5381 164.5971 -16.7112 102.9703 166.2536 -18.2137 100.8175 174.1175 -19.1859
4 16 101.1846 166.9631 -20.1549 97.2978 173.4162 -23.4218 100.8175 174.1175 -19.1859 102.9703 166.2536 -18.2137
3 16 99.453 166.6183 -22.2388 97.2978 173.4162 -23.4218 101.1846 166.9631 -20.1549
4 16 103.6271 153.4525 -19.9474 105.0408 154.7999 -18.0381 107.716 141.4788 -17.5226 105.0817 118.4306 -25.0892
3 16 105.0817 118.4306 -25.0892 101.8954 153.1077 -22.0314 103.6271 153.4525 -19.9474
3 16 105.0817 118.4306 -25.0892 100.1097 153.8172 -23.9725 101.8954 153.1077 -22.0314
3 16 105.0817 118.4306 -25.0892 98.5419 155.4737 -25.4751 100.1097 153.8172 -23.9725
3 16 105.0817 118.4306 -25.0892 97.4303 157.8244 -26.3108 98.5419 155.4737 -25.4751
3 16 105.0817 118.4306 -25.0892 93.2455 170.9456 -28.6234 97.4303 157.8244 -26.3108
3 16 97.4303 157.8244 -26.3108 93.2455 170.9456 -28.6234 96.9446 160.5119 -26.3519
3 16 96.9446 160.5119 -26.3519 93.2455 170.9456 -28.6234 97.1583 163.1268 -25.5927
4 16 98.0393 165.2709 -24.1482 97.1583 163.1268 -25.5927 93.2455 170.9456 -28.6234 97.2978 173.4162 -23.4218
3 16 98.0393 165.2709 -24.1482 97.2978 173.4162 -23.4218 99.453 166.6183 -22.2388
3 16 97.8788 92.5121 -27.0553 73.8317 162.5312 -43.1815 105.0817 118.4306 -25.0892
3 16 105.0817 118.4306 -25.0892 73.8317 162.5312 -43.1815 93.2455 170.9456 -28.6234
3 16 97.8788 92.5121 -27.0553 45.9146 157.1351 -50.7285 73.8317 162.5312 -43.1815
4 16 -104.5381 164.5971 -16.7112 -107.6344 169.3081 -12.1858 -104.4473 172.6749 -15.2403 -100.8175 174.1175 -19.1859
4 16 -104.5381 164.5971 -16.7112 -110.8812 159.0669 -10.4035 -109.8937 164.5296 -10.4873 -107.6344 169.3081 -12.1858
3 16 -110.8812 159.0669 -10.4035 -104.5381 164.5971 -16.7112 -105.6497 162.2464 -15.8754
4 16 -106.1355 159.5589 -15.8343 -110.4467 153.7516 -11.947 -110.8812 159.0669 -10.4035 -105.6497 162.2464 -15.8754
3 16 -110.4467 153.7516 -11.947 -106.1355 159.5589 -15.8343 -105.9218 156.9439 -16.5936
4 16 -110.4467 153.7516 -11.947 -105.9218 156.9439 -16.5936 -105.0408 154.7999 -18.0381 -107.716 141.4788 -17.5226
3 16 -104.5381 164.5971 -16.7112 -100.8175 174.1175 -19.1859 -102.9703 166.2536 -18.2137
4 16 -101.1846 166.9631 -20.1549 -102.9703 166.2536 -18.2137 -100.8175 174.1175 -19.1859 -97.2978 173.4162 -23.4218
3 16 -99.453 166.6183 -22.2388 -101.1846 166.9631 -20.1549 -97.2978 173.4162 -23.4218
4 16 -107.716 141.4788 -17.5226 -105.0408 154.7999 -18.0381 -103.6271 153.4525 -19.9474 -105.0817 118.4306 -25.0892
3 16 -105.0817 118.4306 -25.0892 -103.6271 153.4525 -19.9474 -101.8954 153.1077 -22.0314
3 16 -105.0817 118.4306 -25.0892 -101.8954 153.1077 -22.0314 -100.1097 153.8172 -23.9725
3 16 -105.0817 118.4306 -25.0892 -100.1097 153.8172 -23.9725 -98.5419 155.4737 -25.4751
3 16 -105.0817 118.4306 -25.0892 -98.5419 155.4737 -25.4751 -97.4303 157.8244 -26.3108
3 16 -105.0817 118.4306 -25.0892 -97.4303 157.8244 -26.3108 -93.2455 170.9456 -28.6234
3 16 -97.4303 157.8244 -26.3108 -96.9446 160.5119 -26.3519 -93.2455 170.9456 -28.6234
3 16 -96.9446 160.5119 -26.3519 -97.1583 163.1268 -25.5927 -93.2455 170.9456 -28.6234
4 16 -98.0393 165.2709 -24.1482 -97.2978 173.4162 -23.4218 -93.2455 170.9456 -28.6234 -97.1583 163.1268 -25.5927
3 16 -98.0393 165.2709 -24.1482 -99.453 166.6183 -22.2388 -97.2978 173.4162 -23.4218
4 20000 -82.8 146.3 -37.7709 -84.6749 147.2291 -36.9038 -83.7 147.8 -37.4191 -82.7 147.2 -37.8752
3 20000 -83.7 147.8 -37.4191 -84.6749 147.2291 -36.9038 -83.6484 148.6777 -37.4981
4 20000 -83.1384 149.3974 -37.7934 -82.6799 150.0444 -38.0588 -82.6 150 -38.0955 -82.7 149.3 -38.0034
4 20000 -80.6 146.6 -38.8733 -80.8 145.6 -38.7137 -81.4 146.2 -38.4547 -81 147.2 -38.7128
4 20000 -81 147.2 -38.7128 -81.4 146.2 -38.4547 -81.7 147.7 -38.3985 -80.8 148.8 -38.9091
4 20000 -80.8 148.8 -38.9091 -81.7 147.7 -38.3985 -81.6 150.3 -38.6065 -80.6 150.8 -39.1298
4 20000 -80.6 150.8 -39.1298 -81.6 150.3 -38.6065 -81.1 151.7 -38.9384 -80.2 152 -39.4002
4 20000 -79.9 150.9 -39.4809 -80.6 150.8 -39.1298 -80.2 152 -39.4002 -79.3 151.6 -39.8193
4 20000 -79.5 150.1 -39.6291 -79.9 150.9 -39.4809 -79.3 151.6 -39.8193 -78.7 150.2 -40.0294
4 20000 -79.5 150.1 -39.6291 -78.7 150.2 -40.0294 -79.1 148.2 -39.7102 -79.5 149.1 -39.568
4 20000 -79.5 149.1 -39.568 -79.1 148.2 -39.7102 -80.1 148.5 -39.2357 -80.2 149.3 -39.2353
4 20000 -80 145.8 -39.1201 -80.8 145.6 -38.7137 -80.6 146.6 -38.8733 -80 146.9 -39.1873
3 20000 -80 145.8 -39.1201 -80 146.9 -39.1873 -79.357 146.443 -39.4762
4 20000 -79.357 146.443 -39.4762 -79.1 148.2 -39.7102 -78.7 150.2 -40.0294 -77.8786 150.7476 -40.4676
4 16 -73.8317 162.5312 -43.1815 -77.8786 150.7476 -40.4676 -78.7 150.2 -40.0294 -79.3 151.6 -39.8193
3 16 -79.3 151.6 -39.8193 -80.2 152 -39.4002 -73.8317 162.5312 -43.1815
3 16 -105.0817 118.4306 -25.0892 -84.6749 147.2291 -36.9038 -82.8 146.3 -37.7709
4 16 -105.0817 118.4306 -25.0892 -82.8 146.3 -37.7709 -81.4 146.2 -38.4547 -80.8 145.6 -38.7137
4 16 -81.4 146.2 -38.4547 -82.8 146.3 -37.7709 -82.7 147.2 -37.8752 -81.7 147.7 -38.3985
4 16 -81.7 147.7 -38.3985 -82.7 147.2 -37.8752 -83.7 147.8 -37.4191 -82.7 149.3 -38.0034
4 16 -83.1384 149.3974 -37.7934 -82.7 149.3 -38.0034 -83.7 147.8 -37.4191 -83.6484 148.6777 -37.4981
4 16 -81.7 147.7 -38.3985 -82.7 149.3 -38.0034 -82.6 150 -38.0955 -81.6 150.3 -38.6065
3 16 -73.8317 162.5312 -43.1815 -80.2 152 -39.4002 -81.1 151.7 -38.9384
4 16 -79.1 148.2 -39.7102 -79.357 146.443 -39.4762 -80 146.9 -39.1873 -80.1 148.5 -39.2357
4 16 -80.1 148.5 -39.2357 -80 146.9 -39.1873 -80.6 146.6 -38.8733 -81 147.2 -38.7128
4 16 -80.1 148.5 -39.2357 -81 147.2 -38.7128 -80.8 148.8 -38.9091 -80.2 149.3 -39.2353
4 16 -80.2 149.3 -39.2353 -80.8 148.8 -38.9091 -80.6 150.8 -39.1298 -79.9 150.9 -39.4809
4 16 -80.2 149.3 -39.2353 -79.9 150.9 -39.4809 -79.5 150.1 -39.6291 -79.5 149.1 -39.568
4 16 -97.8788 92.5121 -27.0553 -105.0817 118.4306 -25.0892 -80.8 145.6 -38.7137 -80 145.8 -39.1201
3 16 -97.8788 92.5121 -27.0553 -80 145.8 -39.1201 -79.357 146.443 -39.4762
4 20000 -91.6 150.4 -31.6951 -91.6 149.4 -31.7877 -92.7 149.9 -30.9607 -92.6 151.1 -30.9205
4 20000 -92.6 151.1 -30.9205 -92.7 149.9 -30.9607 -93.7 151.3 -30.1213 -93.1 152.5 -30.4359
4 20000 -93.1 152.5 -30.4359 -93.7 151.3 -30.1213 -93.8 153.2 -29.8742 -92.6 154 -30.6518
4 20000 -92.6 154 -30.6518 -93.8 153.2 -29.8742 -93.3 154.7 -30.0901 -91.7 154.7 -31.2256
4 20000 -91.7 154.7 -31.2256 -93.3 154.7 -30.0901 -91.9 155.6 -31 -90.7 154.8 -31.9261
4 20000 -90.7 154.8 -31.9261 -91.9 155.6 -31 -90.1 155.7 -32.2685 -89.3 154.4 -32.9568
4 20000 -90.7 154.8 -31.9261 -89.3 154.4 -32.9568 -90.5 153.8 -32.1607 -91.5 154 -31.4325
4 20000 -91.5 154 -31.4325 -90.5 153.8 -32.1607 -90.9 152.5 -31.9973 -91.8 152.3 -31.3771
4 20000 -91.8 152.3 -31.3771 -90.9 152.5 -31.9973 -90.4 151.2 -32.4726 -91.6 150.4 -31.6951
4 20000 -91.6 150.4 -31.6951 -90.4 151.2 -32.4726 -89.7 150.5 -33.0343 -91.6 149.4 -31.7877
4 20000 -90 149.3 -32.9326 -91.6 149.4 -31.7877 -89.7 150.5 -33.0343 -88.7 149.9 -33.7996
4 20000 -88.7 149.9 -33.7996 -89.7 150.5 -33.0343 -88.9 151.4 -33.5187 -87.9 151 -34.2654
4 20000 -87.9 151 -34.2654 -88.9 151.4 -33.5187 -88.5 152.5 -33.7006 -87.6 152.5 -34.3394
4 20000 -87.6 152.5 -34.3394 -88.5 152.5 -33.7006 -88.7 153.8 -33.4382 -87.9 154.3 -33.9597
4 20000 -87.9 154.3 -33.9597 -88.7 153.8 -33.4382 -89.3 154.4 -32.9568 -88.7 155.4 -33.2899
3 20000 -89.3 154.4 -32.9568 -90.1 155.7 -32.2685 -88.7 155.4 -33.2899
4 20000 -85.8 153.3 -35.5427 -86.4 147.9 -35.6173 -87.2 148.3 -35.0124 -86.6 154.6 -34.8545
4 20000 -85.8 153.3 -35.5427 -86.6 154.6 -34.8545 -84.7 153.7 -36.2864 -84.7 152.9 -36.3605
4 20000 -83.6484 148.6777 -37.4981 -84.6749 147.2291 -36.9038 -84.1 153.5 -36.7307 -83.6 149.5 -37.4562
4 20000 -83.5 150.5 -37.4346 -83.6 149.5 -37.4562 -84.1 153.5 -36.7307 -83.4 152.3 -37.3387
4 20000 -83.1384 149.3974 -37.7934 -83.6 149.5 -37.4562 -83.5 150.5 -37.4346 -82.6799 150.0444 -38.0588
4 20000 -83.4 152.3 -37.3387 -84.1 153.5 -36.7307 -81.9 152.5 -38.3848 -82 151.7 -38.3879
4 16 -91.8 152.3 -31.3771 -91.6 150.4 -31.6951 -92.6 151.1 -30.9205 -93.1 152.5 -30.4359
4 16 -91.8 152.3 -31.3771 -93.1 152.5 -30.4359 -92.6 154 -30.6518 -91.5 154 -31.4325
4 16 -91.5 154 -31.4325 -92.6 154 -30.6518 -91.7 154.7 -31.2256 -90.7 154.8 -31.9261
4 16 -88.9 151.4 -33.5187 -89.7 150.5 -33.0343 -90.4 151.2 -32.4726 -90.9 152.5 -31.9973
4 16 -88.5 152.5 -33.7006 -88.9 151.4 -33.5187 -90.9 152.5 -31.9973 -90.5 153.8 -32.1607
4 16 -88.7 153.8 -33.4382 -88.5 152.5 -33.7006 -90.5 153.8 -32.1607 -89.3 154.4 -32.9568
3 16 -81.9 152.5 -38.3848 -84.1 153.5 -36.7307 -73.8317 162.5312 -43.1815
4 16 -73.8317 162.5312 -43.1815 -84.1 153.5 -36.7307 -84.7 153.7 -36.2864 -86.6 154.6 -34.8545
4 16 -93.2455 170.9456 -28.6234 -73.8317 162.5312 -43.1815 -86.6 154.6 -34.8545 -88.7 155.4 -33.2899
3 16 -88.7 155.4 -33.2899 -90.1 155.7 -32.2685 -93.2455 170.9456 -28.6234
3 16 -91.9 155.6 -31 -93.2455 170.9456 -28.6234 -90.1 155.7 -32.2685
3 16 -93.3 154.7 -30.0901 -93.2455 170.9456 -28.6234 -91.9 155.6 -31
3 16 -93.8 153.2 -29.8742 -93.2455 170.9456 -28.6234 -93.3 154.7 -30.0901
3 16 -105.0817 118.4306 -25.0892 -93.2455 170.9456 -28.6234 -93.8 153.2 -29.8742
3 16 -105.0817 118.4306 -25.0892 -93.8 153.2 -29.8742 -93.7 151.3 -30.1213
3 16 -105.0817 118.4306 -25.0892 -93.7 151.3 -30.1213 -92.7 149.9 -30.9607
3 16 -105.0817 118.4306 -25.0892 -92.7 149.9 -30.9607 -91.6 149.4 -31.7877
3 16 -105.0817 118.4306 -25.0892 -91.6 149.4 -31.7877 -90 149.3 -32.9326
4 16 -105.0817 118.4306 -25.0892 -90 149.3 -32.9326 -88.7 149.9 -33.7996 -87.2 148.3 -35.0124
3 16 -87.2 148.3 -35.0124 -88.7 149.9 -33.7996 -87.9 151 -34.2654
4 16 -87.2 148.3 -35.0124 -87.9 151 -34.2654 -87.6 152.5 -34.3394 -86.6 154.6 -34.8545
3 16 -87.6 152.5 -34.3394 -87.9 154.3 -33.9597 -86.6 154.6 -34.8545
3 16 -87.9 154.3 -33.9597 -88.7 155.4 -33.2899 -86.6 154.6 -34.8545
3 16 -105.0817 118.4306 -25.0892 -87.2 148.3 -35.0124 -86.4 147.9 -35.6173
3 16 -105.0817 118.4306 -25.0892 -86.4 147.9 -35.6173 -84.6749 147.2291 -36.9038
4 16 -84.7 152.9 -36.3605 -84.6749 147.2291 -36.9038 -86.4 147.9 -35.6173 -85.8 153.3 -35.5427
4 16 -84.7 153.7 -36.2864 -84.1 153.5 -36.7307 -84.6749 147.2291 -36.9038 -84.7 152.9 -36.3605
3 16 -83.6484 148.6777 -37.4981 -83.6 149.5 -37.4562 -83.1384 149.3974 -37.7934
4 16 -83.4 152.3 -37.3387 -82 151.7 -38.3879 -82.6799 150.0444 -38.0588 -83.5 150.5 -37.4346
3 16 -73.8317 162.5312 -43.1815 -82.6799 150.0444 -38.0588 -82 151.7 -38.3879
3 16 -82 151.7 -38.3879 -81.9 152.5 -38.3848 -73.8317 162.5312 -43.1815
4 20000 -77.5 145.8 -39.9416 -77.6 144.7 -39.7703 -78.5 145.1 -39.5561 -78.3 146 -39.7312
4 20000 -78.3 146 -39.7312 -78.5 145.1 -39.5561 -79.357 146.443 -39.4762 -78.5 147.4 -39.8526
4 20000 -77.8786 150.7476 -40.4676 -78 149.1 -40.2194 -78.5 147.4 -39.8526 -79.357 146.443 -39.4762
3 20000 -78 149.1 -40.2194 -77.8786 150.7476 -40.4676 -77.3 150 -40.5421
4 20000 -77.3 150 -40.5421 -77.8786 150.7476 -40.4676 -76.7 150.7 -40.8095 -76.6 149.3 -40.6585
4 20000 -76.6 149.3 -40.6585 -76.7 150.7 -40.8095 -75.9 149.6 -40.9039 -75.7 147.6 -40.7051
4 20000 -76.5 147.6 -40.4689 -76.6 149.3 -40.6585 -75.7 147.6 -40.7051 -76 145.6 -40.3587
4 20000 -76.7 146.3 -40.2423 -76.5 147.6 -40.4689 -76 145.6 -40.3587 -76.7 144.9 -40.0618
4 20000 -77.5 145.8 -39.9416 -76.7 146.3 -40.2423 -76.7 144.9 -40.0618 -77.6 144.7 -39.7703
4 16 -77.5 145.8 -39.9416 -78.3 146 -39.7312 -78.5 147.4 -39.8526 -76.7 146.3 -40.2423
4 16 -76.5 147.6 -40.4689 -76.7 146.3 -40.2423 -78.5 147.4 -39.8526 -78 149.1 -40.2194
4 16 -76.6 149.3 -40.6585 -76.5 147.6 -40.4689 -78 149.1 -40.2194 -77.3 150 -40.5421
4 16 -76 145.6 -40.3587 -45.9146 157.1351 -50.7285 -97.8788 92.5121 -27.0553 -76.7 144.9 -40.0618
3 16 -76 145.6 -40.3587 -75.7 147.6 -40.7051 -45.9146 157.1351 -50.7285
3 16 -75.7 147.6 -40.7051 -75.9 149.6 -40.9039 -45.9146 157.1351 -50.7285
4 16 -45.9146 157.1351 -50.7285 -75.9 149.6 -40.9039 -76.7 150.7 -40.8095 -73.8317 162.5312 -43.1815
3 16 -76.7 150.7 -40.8095 -77.8786 150.7476 -40.4676 -73.8317 162.5312 -43.1815
3 16 -97.8788 92.5121 -27.0553 -79.357 146.443 -39.4762 -78.5 145.1 -39.5561
3 16 -97.8788 92.5121 -27.0553 -78.5 145.1 -39.5561 -77.6 144.7 -39.7703
3 16 -97.8788 92.5121 -27.0553 -77.6 144.7 -39.7703 -76.7 144.9 -40.0618
3 16 -82.6 150 -38.0955 -82.6799 150.0444 -38.0588 -81.6 150.3 -38.6065
3 16 -81.6 150.3 -38.6065 -82.6799 150.0444 -38.0588 -81.1 151.7 -38.9384
3 16 -81.1 151.7 -38.9384 -82.6799 150.0444 -38.0588 -73.8317 162.5312 -43.1815