0 ELECTRIC_NXT_CABLE-Constraints
0 Name: ELECTRIC_POWER_FUNCTION_CABLE-Constraints.ldr
0 Author: Holly Wood
0 Unofficial Model
0 ROTATION CENTER 0 0 0 1 "Custom" 
0 ROTATION CONFIG 0 0
1 0 10 -40 210 1 0 0 0 1 0 0 0 1 58119.dat
1 7 -40 0 -90 -1 0 0 0 1 0 0 0 -1 58123.dat
1 7 -30 -126 210 0 0 1 0 1 0 -1 0 0 58124c01.dat
0 SYNTH BEGIN ELECTRIC_POWER_FUNCTIONS_CABLE 2
0 SYNTH SHOW
1 2 -30 -119 180 -1 0 0 0 0 1 0 1 0 LS06.dat
1 2 -30 -47 120 -1 0 0 0 -1 0 0 0 1 LS06.dat
1 2 -30 57 20 -1 0 0 0 0 1 0 1 0 LS06.dat
1 2 -30 57 -130 0 0 1 1 0 0 0 1 0 LS06.dat
1 2 -40 10 -130 1 0 0 0 0 1 0 -1 0 LS06.dat
0 SYNTH END
1 7 40 0 -90 -1 0 0 0 1 0 0 0 -1 58123.dat
1 7 -30 -142 210 0 0 1 0 1 0 -1 0 0 58124c01.dat
0 SYNTH BEGIN ELECTRIC_POWER_FUNCTIONS_CABLE 19
0 SYNTH SHOW
1 2 -30 -135 180 -1 0 0 0 0 1 0 1 0 LS06.dat
1 19 40 57 50 -1 0 0 0 0 1 0 1 0 LS06.dat
1 19 40 57 -130 0 0 1 1 0 0 0 1 0 LS06.dat
1 2 40 10 -130 1 0 0 0 0 1 0 -1 0 LS06.dat
0 SYNTH END
1 7 317.782 -24 -172.218 -0.707107 0 -0.707107 0 1 0 0.707107 0 -0.707107 58121.dat
1 7 20 -16 -110 0 0 1 0 1 0 -1 0 0 58124c01.dat
0 SYNTH BEGIN ELECTRIC_POWER_FUNCTIONS_CABLE 6
0 SYNTH SHOW
1 2 20 -9 -140 -1 0 0 0 0 1 0 1 0 LS06.dat
1 6 20 -35 -176 -1 0 0 0 1 0 0 0 -1 LS06.dat
1 6 120 -68 -345 -1 0 0 0 0 1 0 1 0 LS06.dat
1 6 195 -68 -345 1 0 0 0 0 1 0 -1 0 LS06.dat
1 6 201.109 -68 -288.891 0.707107 -0.707107 0 0 0 1 -0.707107 -0.707107 0 LS06.dat
1 4 241.737 -66 -248.263 0.707107 -0.5 -0.5 0 -0.707107 0.707107 -0.707107 -0.5 -0.5 LS06.dat
0 SYNTH END
1 0 -180 0 -350 0 0 1 0 1 0 -1 0 0 58120.dat
1 7 -20 -16 -110 0 0 1 0 1 0 -1 0 0 58124c01.dat
0 SYNTH BEGIN ELECTRIC_POWER_FUNCTIONS_CABLE 14
0 SYNTH SHOW
1 2 -20 -9 -140 -1 0 0 0 0 1 0 1 0 LS06.dat
1 14 -38 -9 -190 0 1 0 0 0 1 1 0 0 LS06.dat
1 14 -117 -12 -248 0 -1 0 -1 0 0 0 0 -1 LS06.dat
1 14 -80 3 -248 0 0 1 -1 0 0 0 -1 0 LS06.dat
1 14 -75 -27 -248 0 0 1 1 0 0 0 1 0 LS06.dat
1 14 -70 3 -248 0 0 1 -1 0 0 0 -1 0 LS06.dat
1 14 -65 -27 -248 0 0 1 1 0 0 0 1 0 LS06.dat
1 14 -60 3 -248 0 0 1 -1 0 0 0 -1 0 LS06.dat
1 14 -55 -27 -248 0 0 1 1 0 0 0 1 0 LS06.dat
1 14 -50 3 -248 0 0 1 -1 0 0 0 -1 0 LS06.dat
1 14 -45 -27 -248 0 0 1 1 0 0 0 1 0 LS06.dat
1 14 -40 3 -248 0 0 1 -1 0 0 0 -1 0 LS06.dat
1 14 -35 -27 -248 0 0 1 1 0 0 0 1 0 LS06.dat
1 14 -30 3 -248 0 0 1 -1 0 0 0 -1 0 LS06.dat
1 14 -25 -27 -248 0 0 1 1 0 0 0 1 0 LS06.dat
1 14 -20 3 -248 0 0 1 -1 0 0 0 -1 0 LS06.dat
1 14 -15 -27 -248 0 0 1 1 0 0 0 1 0 LS06.dat
1 14 -10 3 -248 0 0 1 -1 0 0 0 -1 0 LS06.dat
1 14 -5 -27 -248 0 0 1 1 0 0 0 1 0 LS06.dat
1 14 15 -12 -248 0 -1 0 0.707107 0 0.707107 -0.707107 0 0.707107 LS06.dat
1 14 -25 -28 -350 0 1 0 0 0 1 1 0 0 LS06.dat
1 4 -62 -23 -350 0 0.707107 0.707107 0 -0.707107 0.707107 1 0 0 LS06.dat
0 SYNTH END
1 1 290 -24 160 -1 0 0 0 1 0 0 0 -1 58121.dat
1 7 60 -16 -110 0 0 1 0 1 0 -1 0 0 58124c01.dat
0 SYNTH BEGIN ELECTRIC_POWER_FUNCTIONS_CABLE 25
0 SYNTH SHOW
1 2 60 -9 -140 -1 0 0 0 0 1 0 1 0 LS06.dat
1 25 108 -8 -160 0 0 1 -1 0 0 0 -1 0 LS06.dat
1 25 108 -8 -94 0 0 1 -1 0 0 0 -1 0 LS06.dat
1 25 128 -8 -30 0 -1 0 -1 0 0 0 0 -1 LS06.dat
1 25 168 -8 -30 0 -1 0 -1 0 0 0 0 -1 LS06.dat
1 25 208 -8 10 0 0 1 -1 0 0 0 -1 0 LS06.dat
1 25 168 -8 50 0 1 0 -1 0 0 0 0 1 LS06.dat
1 25 128 -8 10 0 0 -1 -1 0 0 0 1 0 LS06.dat
1 25 168 -8 -26 0 -1 0 -1 0 0 0 0 -1 LS06.dat
1 25 204 -8 10 0 0 1 -1 0 0 0 -1 0 LS06.dat
1 25 168 -8 46 0 1 0 -1 0 0 0 0 1 LS06.dat
1 25 132 -8 10 0 0 -1 -1 0 0 0 1 0 LS06.dat
1 25 168 2 -22 0 -1 0 -1 0 0 0 0 -1 LS06.dat
1 25 206 11 -22 0 -1 0 -1 0 0 0 0 -1 LS06.dat
1 25 290 21 -2 1 0 0 0 0 1 0 -1 0 LS06.dat
1 4 290 -66 52 1 0 0 0 -0.707107 0.707107 0 -0.707107 -0.707107 LS06.dat
0 SYNTH END
1 0 -260 0 290 -1 0 0 0 1 0 0 0 -1 58120.dat
1 7 -60 -16 -110 0 0 1 0 1 0 -1 0 0 58124c01.dat
0 SYNTH BEGIN ELECTRIC_POWER_FUNCTIONS_CABLE 15
0 SYNTH SHOW
1 2 -60 -9 -140 -1 0 0 0 0 1 0 1 0 LS06.dat
1 15 -85 -19 -170 0 1 0 0 0 1 1 0 0 LS06.dat
1 15 -268 -37 -140 1 0 0 0 0 1 0 -1 0 LS06.dat
1 15 -270 -21 -78 0 1 0 0 0 1 1 0 0 LS06.dat
1 15 -270 -51 -72 0 -1 0 0 0 -1 1 0 0 LS06.dat
1 15 -270 -21 -67 0 1 0 0 0 1 1 0 0 LS06.dat
1 15 -270 -51 -61 0 -1 0 0 0 -1 1 0 0 LS06.dat
1 15 -270 -21 -56 0 1 0 0 0 1 1 0 0 LS06.dat
1 15 -270 -51 -50 0 -1 0 0 0 -1 1 0 0 LS06.dat
1 15 -270 -21 -45 0 1 0 0 0 1 1 0 0 LS06.dat
1 15 -270 -51 -39 0 -1 0 0 0 -1 1 0 0 LS06.dat
1 15 -270 -21 -34 0 1 0 0 0 1 1 0 0 LS06.dat
1 15 -270 -51 -28 0 -1 0 0 0 -1 1 0 0 LS06.dat
1 15 -270 -21 -23 0 1 0 0 0 1 1 0 0 LS06.dat
1 15 -270 -51 -17 0 -1 0 0 0 -1 1 0 0 LS06.dat
1 15 -270 -21 -12 0 1 0 0 0 1 1 0 0 LS06.dat
1 15 -270 -51 -6 0 -1 0 0 0 -1 1 0 0 LS06.dat
1 15 -270 -21 -1 0 1 0 0 0 1 1 0 0 LS06.dat
1 15 -270 -51 5 0 -1 0 0 0 -1 1 0 0 LS06.dat
1 15 -268 -37 40 -1 0 0 0 0 -1 0 -1 0 LS06.dat
1 15 -260 -37 110 -1 0 0 0 0 -1 0 -1 0 LS06.dat
1 4 -260 -23 172 -1 0 0 0 -0.707107 -0.707107 0 -0.707107 0.707107 LS06.dat
0 SYNTH END
0
