0 ELECTRIC_RCX_CABLE-Constraints
0 Name: ELECTRIC_RCX_CABLE-Constraints.ldr
0 Author: Holly Wood
0 Unofficial Model
0 ROTATION CENTER 0 0 0 1 "Custom" 
0 ROTATION CONFIG 0 0
1 16 0 0 0 1 0 0 0 1 0 0 0 1 884.DAT
1 7 209.442 72 -19.582 0.62932 0 -0.777146 0 1 0 0.777146 0 0.62932 879.DAT
1 0 40 -8 -60 1 0 0 0 1 0 0 0 1 5306.DAT
1 0 215.736 56 -11.809 -0.62932 0 0.777146 0 1 0 -0.777146 0 -0.62932 5306.DAT
0 SYNTH BEGIN ELECTRIC_RCX_CABLE 1
0 SYNTH SHOW
1 2 56 -2.7 -60 0 -1 0 0 0 1 -1 0 0 LS07.dat
1 1 80 -2.7 -60 0 -1 0 0 0 1 -1 0 0 LS07.dat
1 1 190.564 61.2 -42.893 0.766044 -0.64269 -0.0112184 0 -0.0174527 0.999847 -0.642788 -0.765928 -0.0133696 LS07.dat
1 4 205.986 61.616 -24.511 0.766044 -0.64269 -0.0112184 0 -0.0174527 0.999847 -0.642788 -0.765928 -0.0133696 LS07.dat
0 SYNTH END
1 7 -80 72 -310 -1 0 0 0 1 0 0 0 -1 879.DAT
1 0 -40 -8 -60 -1 0 0 0 1 0 0 0 -1 5306.DAT
1 0 -90 56 -310 1 0 0 0 1 0 0 0 1 5306.DAT
0 SYNTH BEGIN ELECTRIC_RCX_CABLE 14
0 SYNTH SHOW
1 2 -56 -2.7 -60 0 1 0 0 0 1 1 0 0 LS07.dat
1 14 -80 -2.7 -60 0 1 0 0 0 1 1 0 0 LS07.dat
1 14 -117 77 -208 0 -1 0 -0.707107 0 0.707107 -0.707107 0 -0.707107 LS07.dat
1 14 -80 92 -208 0 0 1 -1 0 0 0 -1 0 LS07.dat
1 14 -75 62 -208 0 0 1 1 0 0 0 1 0 LS07.dat
1 14 -70 92 -208 0 0 1 -1 0 0 0 -1 0 LS07.dat
1 14 -65 62 -208 0 0 1 1 0 0 0 1 0 LS07.dat
1 14 -60 92 -208 0 0 1 -1 0 0 0 -1 0 LS07.dat
1 14 -55 62 -208 0 0 1 1 0 0 0 1 0 LS07.dat
1 14 -50 92 -208 0 0 1 -1 0 0 0 -1 0 LS07.dat
1 14 -45 62 -208 0 0 1 1 0 0 0 1 0 LS07.dat
1 14 -40 92 -208 0 0 1 -1 0 0 0 -1 0 LS07.dat
1 14 -35 62 -208 0 0 1 1 0 0 0 1 0 LS07.dat
1 14 -30 92 -208 0 0 1 -1 0 0 0 -1 0 LS07.dat
1 14 -25 62 -208 0 0 1 1 0 0 0 1 0 LS07.dat
1 14 -20 92 -208 0 0 1 -1 0 0 0 -1 0 LS07.dat
1 14 -15 62 -208 0 0 1 1 0 0 0 1 0 LS07.dat
1 14 -10 92 -208 0 0 1 -1 0 0 0 -1 0 LS07.dat
1 14 -5 62 -208 0 0 1 1 0 0 0 1 0 LS07.dat
1 14 15 77 -208 0 -1 0 0.707107 0 0.707107 -0.707107 0 0.707107 LS07.dat
1 14 -50 61.3 -310 0 1 0 0 0 1 1 0 0 LS07.dat
1 4 -74 61.3 -310 0 1 0 0 0 1 1 0 0 LS07.dat
0 SYNTH END
1 1 200 88 -180 0.587785 0 -0.809017 0 1 0 0.809017 0 0.587785 2982C01.DAT
1 0 0 -8 -60 0 0 1 0 1 0 -1 0 0 5306.DAT
0 SYNTH BEGIN ELECTRIC_RCX_CABLE 6
0 SYNTH SHOW
1 2 0 -2.8 -76 -1 0 0 0 0 1 0 1 0 LS07.dat
1 6 0 -2.8 -101 -1 0 0 0 0 1 0 1 0 LS07.dat
1 6 0 41 -126 -1 0 0 0 -1 0 0 0 1 LS07.dat
1 6 22.001 94 -164.106 -0.707107 -0.707107 0 0 0 1 -0.707107 0.707107 0 LS07.dat
1 6 80 94 -275 -1 0 0 0 0 1 0 1 0 LS07.dat
1 6 155 94 -275 1 0 0 0 0 1 0 -1 0 LS07.dat
1 6 165.11 86.6 -227.952 0.798636 -0.601723 0.0105033 0 0.0174527 0.999847 -0.601815 -0.798514 0.0139384 LS07.dat
1 4 178.84 86.6 -209.124 0.798636 -0.601723 0.0105033 0 0.0174527 0.999847 -0.601815 -0.798514 0.0139384 LS07.dat
0 SYNTH END
1 7 170 24 230 -1 0 0 0 1 0 0 0 -1 71427C01.DAT
1 0 40 -8 40 1 0 0 0 1 0 0 0 1 5306.DAT
1 0 170 24 250 0 0 1 0 1 0 -1 0 0 5306.DAT
0 SYNTH BEGIN ELECTRIC_RCX_CABLE 25
0 SYNTH SHOW
1 2 56 -2.6 40 0 -1 0 0 0 1 -1 0 0 LS07.dat
1 25 80 -2.6 40 0 -1 0 0 0 1 -1 0 0 LS07.dat
1 25 186 94 40 0 -1 0 0 0 1 -1 0 0 LS07.dat
1 25 226 94 40 0 -1 0 0 0 1 -1 0 0 LS07.dat
1 25 266 94 80 1 0 0 0 0 1 0 -1 0 LS07.dat
1 25 226 94 120 0 1 0 0 0 1 1 0 0 LS07.dat
1 25 186 92 80 -1 0 0 0 0 1 0 1 0 LS07.dat
1 25 226 90 40 0 -1 0 0 0 1 -1 0 0 LS07.dat
1 25 266 90 80 1 0 0 0 0 1 0 -1 0 LS07.dat
1 25 226 90 120 0 1 0 0 0 1 1 0 0 LS07.dat
1 25 186 90 120 0 1 0 0 0 1 1 0 0 LS07.dat
1 25 170 26.2 190 1 0 0 0 0 1 0 -1 0 LS07.dat
1 4 170 27.2 234 1 0 0 0 0 1 0 -1 0 LS07.dat
0 SYNTH END
1 7 -190 24 210 -1 0 0 0 1 0 0 0 -1 71427C01.DAT
1 0 -40 -8 40 -1 0 0 0 1 0 0 0 -1 5306.DAT
1 0 -190 24 230 0 0 1 0 1 0 -1 0 0 5306.DAT
0 SYNTH BEGIN ELECTRIC_RCX_CABLE 15
0 SYNTH SHOW
1 2 -56 -2.6 40 0 1 0 0 0 1 1 0 0 LS07.dat
1 15 -80 -2.6 40 0 1 0 0 0 1 1 0 0 LS07.dat
1 15 -163 78 -120 -1 0 0 0 0 1 0 1 0 LS07.dat
1 15 -238 78 -120 1 0 0 0 0 1 0 -1 0 LS07.dat
1 15 -240 94 -78 0 1 0 0 0 1 1 0 0 LS07.dat
1 15 -240 64 -73 0 -1 0 0 0 -1 1 0 0 LS07.dat
1 15 -240 94 -68 0 1 0 0 0 1 1 0 0 LS07.dat
1 15 -240 64 -63 0 -1 0 0 0 -1 1 0 0 LS07.dat
1 15 -240 94 -58 0 1 0 0 0 1 1 0 0 LS07.dat
1 15 -240 64 -53 0 -1 0 0 0 -1 1 0 0 LS07.dat
1 15 -240 94 -48 0 1 0 0 0 1 1 0 0 LS07.dat
1 15 -240 64 -43 0 -1 0 0 0 -1 1 0 0 LS07.dat
1 15 -240 94 -38 0 1 0 0 0 1 1 0 0 LS07.dat
1 15 -240 64 -33 0 -1 0 0 0 -1 1 0 0 LS07.dat
1 15 -240 94 -28 0 1 0 0 0 1 1 0 0 LS07.dat
1 15 -240 64 -23 0 -1 0 0 0 -1 1 0 0 LS07.dat
1 15 -240 94 -18 0 1 0 0 0 1 1 0 0 LS07.dat
1 15 -240 64 -13 0 -1 0 0 0 -1 1 0 0 LS07.dat
1 15 -240 94 -8 0 1 0 0 0 1 1 0 0 LS07.dat
1 15 -240 64 -3 0 -1 0 0 0 -1 1 0 0 LS07.dat
1 15 -240 94 2 0 1 0 0 0 1 1 0 0 LS07.dat
1 15 -240 64 7 0 -1 0 0 0 -1 1 0 0 LS07.dat
1 15 -240 94 12 0 1 0 0 0 1 1 0 0 LS07.dat
1 15 -240 64 17 0 -1 0 0 0 -1 1 0 0 LS07.dat
1 15 -240 94 22 0 1 0 0 0 1 1 0 0 LS07.dat
1 15 -240 64 27 0 -1 0 0 0 -1 1 0 0 LS07.dat
1 15 -240 94 32 0 1 0 0 0 1 1 0 0 LS07.dat
1 15 -240 64 37 0 -1 0 0 0 -1 1 0 0 LS07.dat
1 15 -240 94 42 0 1 0 0 0 1 1 0 0 LS07.dat
1 15 -240 64 47 0 -1 0 0 0 -1 1 0 0 LS07.dat
1 15 -240 94 52 0 1 0 0 0 1 1 0 0 LS07.dat
1 15 -240 64 57 0 -1 0 0 0 -1 1 0 0 LS07.dat
1 15 -240 94 62 0 1 0 0 0 1 1 0 0 LS07.dat
1 15 -240 64 67 0 -1 0 0 0 -1 1 0 0 LS07.dat
1 15 -240 94 72 0 1 0 0 0 1 1 0 0 LS07.dat
1 15 -240 64 77 0 -1 0 0 0 -1 1 0 0 LS07.dat
1 15 -238 78 100 -1 0 0 0 0 -1 0 -1 0 LS07.dat
1 15 -190 26 170 -1 0 0 0 0 -1 0 -1 0 LS07.dat
1 4 -190 27 214 -1 0 0 0 0 -1 0 -1 0 LS07.dat
0 SYNTH END
0
