0 FIBER_OPTICS_CABLE-Constraints
0 Name: FIBER_OPTICS_CABLE-Constraints.ldr
0 Author: Holly Wood
0 Unofficial Model
0 ROTATION CENTER 0 0 0 1 "Custom" 
0 ROTATION CONFIG 0 0
1 47 0 -24 130 1 0 0 0 1 0 0 0 1 3701.DAT
1 47 0 -32 130 1 0 0 0 1 0 0 0 1 3710.DAT
1 47 -30 -40 130 1 0 0 0 1 0 0 0 1 3623.DAT
1 47 30 -40 130 1 0 0 0 1 0 0 0 1 3623.DAT
1 47 0 -64 130 1 0 0 0 1 0 0 0 1 3701.DAT
1 47 -30 -88 130 1 0 0 0 1 0 0 0 1 6541.DAT
1 47 30 -88 130 1 0 0 0 1 0 0 0 1 6541.DAT
1 47 0 -14 130 0 0 -1 0 1 0 1 0 0 3704.DAT
1 47 0 -14 100 -1 0 0 0 1 0 0 0 -1 2853.DAT
1 47 10.045 -14.017 100 -0.71934 -0.694658 0 -0.694658 0.71934 0 0 0 -1 2852.DAT
1 47 9.973 -14 100 0.45399 0.891007 0 -0.891007 0.45399 0 0 0 1 2852.DAT
1 47 0 -14 80 1 0 0 0 1 0 0 0 1 2854.DAT
1 47 -10 -14 60 -0.45399 -0.891007 0 -0.891007 0.45399 0 0 0 -1 2852.DAT
1 47 -10 -14 60 0.71934 0.694658 0 -0.694658 0.71934 0 0 0 1 2852.DAT
1 47 0 -14 60 1 0 0 0 1 0 0 0 1 2853.DAT
1 47 0 -14 30 0 0 -1 0 1 0 1 0 0 3704.DAT
1 47 38.156 -43.458 100 0 -0.743145 -0.669131 0 0.669131 -0.743145 1 0 0 2851.DAT
1 47 -26.294 -33.075 100 0 0.743145 -0.669131 0 0.669131 0.743145 1 0 0 2851.DAT
1 47 26.296 -32.074 60 0 -0.743145 -0.669131 0 0.669131 -0.743145 1 0 0 2851.DAT
1 47 -38.158 -44.457 60 0 0.743145 -0.669131 0 0.669131 0.743145 1 0 0 2851.DAT
1 47 46.511 -24.268 120 0 0.669131 -0.743145 0 0.743145 0.669131 1 0 0 4274.DAT
1 47 46.511 -24.268 80 0 0.669131 -0.743145 0 0.743145 0.669131 1 0 0 4459.DAT
1 47 46.511 -24.268 40 0 0.669131 0.743145 0 0.743145 -0.669131 -1 0 0 4274.DAT
1 47 -46.513 -24.27 120 0 -0.669131 -0.743145 0 0.743145 -0.669131 1 0 0 4274.DAT
1 47 -46.513 -24.27 80 0 -0.669131 0.743145 0 0.743145 0.669131 -1 0 0 4459.DAT
1 47 -46.513 -24.27 40 0 -0.669131 0.743145 0 0.743145 0.669131 -1 0 0 4274.DAT
1 47 -19.748 -53.996 120 0 -0.669131 0.743145 0 0.743145 0.669131 -1 0 0 4459.DAT
1 47 -19.748 -53.996 80 0 -0.669131 0.743145 0 0.743145 0.669131 -1 0 0 4459.DAT
1 47 -19.748 -53.996 40 0 -0.669131 0.743145 0 0.743145 0.669131 -1 0 0 4459.DAT
1 47 19.747 -53.997 120 0 0.669131 -0.743145 0 0.743145 0.669131 1 0 0 4459.DAT
1 47 19.747 -53.997 80 0 0.669131 -0.743145 0 0.743145 0.669131 1 0 0 4459.DAT
1 47 19.747 -53.997 40 0 0.669131 -0.743145 0 0.743145 0.669131 1 0 0 4459.DAT
1 47 -52.452 -56.531 100 0.669131 0.743145 0 -0.743145 0.669131 0 0 0 1 2850.DAT
1 47 52.45 -56.531 100 -0.669131 -0.743145 0 -0.743145 0.669131 0 0 0 -1 2850.DAT
1 47 -52.452 -56.531 60 0.669131 0.743145 0 -0.743145 0.669131 0 0 0 1 2850.DAT
1 47 52.45 -56.531 60 -0.669131 -0.743145 0 -0.743145 0.669131 0 0 0 -1 2850.DAT
1 47 0 -24 30 1 0 0 0 1 0 0 0 1 3701.DAT
1 47 0 -32 30 1 0 0 0 1 0 0 0 1 3710.DAT
1 47 -30 -40 30 1 0 0 0 1 0 0 0 1 3623.DAT
1 47 30 -40 30 1 0 0 0 1 0 0 0 1 3623.DAT
1 47 0 -64 30 1 0 0 0 1 0 0 0 1 3701.DAT
1 47 -30 -88 30 1 0 0 0 1 0 0 0 1 6541.DAT
1 47 30 -88 30 1 0 0 0 1 0 0 0 1 6541.DAT
1 47 -30 -78 80 0 -0.374607 -0.927184 0 0.927184 -0.374607 1 0 0 3707.DAT
1 47 30 -78 80 0 0.374607 0.927184 0 0.927184 -0.374607 -1 0 0 3707.DAT
1 47 0 -78 140 1 0 0 0 0 -1 0 1 0 4263.DAT
1 47 -30 -78 151 -0.927184 -0.374607 0 -0.374607 0.927184 0 0 0 -1 4265A.DAT
1 47 30 -78 151 0.927184 -0.374607 0 -0.374607 -0.927184 0 0 0 -1 4265A.DAT
1 47 -30 -78 110 0 -0.927184 0.374607 0 -0.374607 -0.927184 1 0 0 6536.DAT
1 47 -30 -78 90 0 -0.927184 0.374607 0 -0.374607 -0.927184 1 0 0 6536.DAT
1 47 -30 -78 70 0 -0.927184 0.374607 0 -0.374607 -0.927184 1 0 0 6536.DAT
1 47 -30 -78 50 0 -0.927184 0.374607 0 -0.374607 -0.927184 1 0 0 6536.DAT
1 47 -44.798 -94.763 110 0.374607 -0.927184 0 -0.927184 -0.374607 0 0 0 -1 4274.DAT
1 47 -44.798 -94.763 90 0.374607 -0.927184 0 -0.927184 -0.374607 0 0 0 -1 4274.DAT
1 47 -44.798 -94.763 70 0.374607 -0.927184 0 -0.927184 -0.374607 0 0 0 -1 4274.DAT
1 47 -44.798 -94.763 50 0.374607 -0.927184 0 -0.927184 -0.374607 0 0 0 -1 4274.DAT
1 47 30 -78 110 0 0.927184 -0.374607 0 -0.374607 -0.927184 -1 0 0 6536.DAT
1 47 30 -78 90 0 0.927184 -0.374607 0 -0.374607 -0.927184 -1 0 0 6536.DAT
1 47 30 -78 70 0 0.927184 -0.374607 0 -0.374607 -0.927184 -1 0 0 6536.DAT
1 47 30 -78 50 0 0.927184 -0.374607 0 -0.374607 -0.927184 -1 0 0 6536.DAT
1 47 44.799 -94.761 110 -0.374607 0.927184 0 -0.927184 -0.374607 0 0 0 1 4274.DAT
1 47 44.799 -94.761 90 -0.374607 0.927184 0 -0.927184 -0.374607 0 0 0 1 4274.DAT
1 47 44.799 -94.761 70 -0.374607 0.927184 0 -0.927184 -0.374607 0 0 0 1 4274.DAT
1 47 44.799 -94.761 50 -0.374607 0.927184 0 -0.927184 -0.374607 0 0 0 1 4274.DAT
1 47 0 -78 20 1 0 0 0 0 1 0 -1 0 4263.DAT
1 47 -30 -78 9 -0.927184 0.374607 0 -0.374607 -0.927184 0 0 0 1 4265A.DAT
1 47 30 -78 9 0.927184 0.374607 0 -0.374607 0.927184 0 0 0 1 4265A.DAT
1 47 0 -47 -69 0 0 -1 -1 0 0 0 1 0 5306.DAT
0 Original Line: 1 47 0 -47 -21 -1 0 0 0 0 1 0 1 0 6637.dat
0 Inlined by LDDesignPad

0 Electric Technic Fiber Optics Element
0 Name: 6637.dat
0 Author: Remco Braak
0 !LDRAW_ORG Part UPDATE 1999-01
0 !LICENSE Redistributable under CCAL version 2.0 : see CAreadme.txt

0 !HISTORY 1997-09-29 [PTadmin] Official Update 1997-15
0 !HISTORY 1999-02-01 [PTadmin] Official Update 1999-01
0 !HISTORY 2007-07-18 [PTadmin] Header formatted for Contributor Agreement
0 !HISTORY 2008-07-01 [PTadmin] Official Update 2008-01

1 47 0 -47 3 -1 0 0 0 0 1 0 1 0 6637a.dat
1 47 0 -47 3 -1 0 0 0 0 1 0 1 0 6637b.dat
1 47 0 -47 3 1 0 0 0 0 1 0 1 0 6637b.dat
1 47 0 -47 3 -1 0 0 0 0 -1 0 1 0 6637b.dat
1 47 0 -47 3 1 0 0 0 0 -1 0 1 0 6637b.dat
1 47 0 -47 -21 -1 0 0 0 0 1 0 1 0 6637c.dat
1 47 0 -47 -21 -0.7 0.7 0 0 0 1 0.7 0.7 0 6637c.dat
1 47 0 -47 -21 0 1 0 0 0 1 1 0 0 6637c.dat
1 47 0 -47 -21 0.7 0.7 0 0 0 1 0.7 -0.7 0 6637c.dat
1 47 0 -47 -21 1 0 0 0 0 1 0 -1 0 6637c.dat
1 47 0 -47 -21 0.7 -0.7 0 0 0 1 -0.7 -0.7 0 6637c.dat
1 47 0 -47 -21 0 -1 0 0 0 1 -1 0 0 6637c.dat
1 47 0 -47 -21 -0.7 -0.7 0 0 0 1 -0.7 0.7 0 6637c.dat
1 47 0 -47 3 -1 0 0 0 0 1 0 1 0 6637d.dat
0
0 End of Inlined Part

0 SYNTH BEGIN ELECTRIC_RCX_CABLE 0
0 SYNTH SHOW
1 2 0 -63 -63.7 1 0 0 0 1 0 0 0 1 LS09.dat
1 0 0 -87 -63.7 1 0 0 0 1 0 0 0 1 LS09.dat
1 4 -40 -127 -101 0.707107 0.707107 0 -0.482246 0.482246 -0.731354 -0.517145 0.517145 0.681998 LS09.dat
0 SYNTH END
0 SYNTH BEGIN FIBER_OPTICS_CABLE 1
0 SYNTH SHOW
1 2 -7 -65 -38 1 0 0 0 1 0 0 0 1 LS02.dat
1 4 -50.795 -79.927 50 0 0.374607 0.927184 0 -0.927184 0.374607 1 0 0 LS02.dat
0 SYNTH END
0 SYNTH BEGIN FIBER_OPTICS_CABLE 14
0 SYNTH SHOW
1 2 -17 -65 -28 1 0 0 0 1 0 0 0 1 LS02.dat
1 4 -50.795 -79.927 70 0 0.374607 0.927184 0 -0.927184 0.374607 1 0 0 LS02.dat
0 SYNTH END
0 SYNTH BEGIN FIBER_OPTICS_CABLE 6
0 SYNTH SHOW
1 2 -17 -65 -14 1 0 0 0 1 0 0 0 1 LS02.dat
1 4 -50.795 -79.927 90 0 0.374607 0.927184 0 -0.927184 0.374607 1 0 0 LS02.dat
0 SYNTH END
0 SYNTH BEGIN FIBER_OPTICS_CABLE 7
0 SYNTH SHOW
1 2 -7 -65 -3 1 0 0 0 1 0 0 0 1 LS02.dat
1 4 -50.795 -79.927 110 0 0.374607 0.927184 0 -0.927184 0.374607 1 0 0 LS02.dat
0 SYNTH END
0 SYNTH BEGIN FIBER_OPTICS_CABLE 22
0 SYNTH SHOW
1 2 7 -65 -3 1 0 0 0 1 0 0 0 1 LS02.dat
1 22 7 -81 -3 1 0 0 0 0.999848 0.0174524 0 -0.0174524 0.999848 LS02.dat
1 22 36.301 -112.473 110 0 -0.374607 -0.927184 0 -0.927184 0.374607 -1 0 0 LS02.dat
1 4 50.795 -79.927 110 0 -0.374607 -0.927184 0 -0.927184 0.374607 -1 0 0 LS02.dat
0 SYNTH END
0 SYNTH BEGIN FIBER_OPTICS_CABLE 10
0 SYNTH SHOW
1 2 17 -65 -14 1 0 0 0 1 0 0 0 1 LS02.dat
1 10 17 -85 -14 1 0 0 0 0.999391 0.0348995 0 -0.0348995 0.999391 LS02.dat
1 10 35.301 -114.473 90 0 -0.374607 -0.927184 0 -0.927184 0.374607 -1 0 0 LS02.dat
1 4 50.795 -79.927 90 0 -0.374607 -0.927184 0 -0.927184 0.374607 -1 0 0 LS02.dat
0 SYNTH END
0 SYNTH BEGIN FIBER_OPTICS_CABLE 19
0 SYNTH SHOW
1 2 17 -65 -28 1 0 0 0 1 0 0 0 1 LS02.dat
1 19 17 -89 -28 1 0 0 0 0.99863 0.052336 0 -0.052336 0.99863 LS02.dat
1 19 35.301 -115.473 70 0 -0.374607 -0.927184 0 -0.927184 0.374607 -1 0 0 LS02.dat
1 4 50.795 -79.927 70 0 -0.374607 -0.927184 0 -0.927184 0.374607 -1 0 0 LS02.dat
0 SYNTH END
0 SYNTH BEGIN FIBER_OPTICS_CABLE 20
0 SYNTH SHOW
1 2 7 -65 -38 1 0 0 0 1 0 0 0 1 LS02.dat
1 20 7 -93 -38 1 0 0 0 0.997564 0.0697565 0 -0.0697565 0.997564 LS02.dat
1 20 36.301 -118.473 50 0 -0.342021 -0.939693 0 -0.939693 0.342021 -1 0 0 LS02.dat
1 4 50.795 -79.927 50 0 -0.374607 -0.927184 0 -0.927184 0.374607 -1 0 0 LS02.dat
0 SYNTH END
1 16 101 -8 20 1 0 0 0 1 0 0 0 1 6640.dat
1 47 100 -2 30 1 0 0 0 1 0 0 0 1 2555.DAT
0 SYNTH BEGIN FIBER_OPTICS_CABLE 1
0 SYNTH SHOW
1 2 130 -8 -60 0 0 -1 1 0 0 0 -1 0 LS02.dat
1 1 130 -8 10 0 0 -1 1 0 0 0 -1 0 LS02.dat
1 4 130 -8 40 0 0 -1 1 0 0 0 -1 0 LS02.dat
0 SYNTH END
0 SYNTH BEGIN FIBER_OPTICS_CABLE 14
0 SYNTH SHOW
1 2 160 -8 -60 0 0 -1 1 0 0 0 -1 0 LS02.dat
1 4 160 -8 40 0 0 -1 1 0 0 0 -1 0 LS02.dat
0 SYNTH END
1 47 -180 -80 -20 0 0 -1 0 1 0 1 0 0 5306.DAT
1 47 -180 -32 -20 1 0 0 0 1 0 0 0 1 6637.DAT
1 47 -210 -80 -30 1 0 0 0 1 0 0 0 1 4589.DAT
1 47 -150 -80 -30 1 0 0 0 1 0 0 0 1 4589.DAT
1 47 -210 -80 -10 0 0 1 0 1 0 -1 0 0 4070.DAT
1 47 -150 -80 -10 0 0 -1 0 1 0 1 0 0 4070.DAT
1 47 -180 -88 -20 1 0 0 0 1 0 0 0 1 3020.DAT
1 47 -210 -96 -30 0 0 1 0 1 0 -1 0 0 2555.DAT
1 47 -150 -96 -30 0 0 1 0 1 0 -1 0 0 2555.DAT
0 SYNTH BEGIN ELECTRIC_RCX_CABLE 0
0 SYNTH SHOW
1 2 -180 -74.8 -4 1 0 0 0 0 1 0 -1 0 LS09.dat
1 0 -180 -74.8 20 1 0 0 0 0 1 0 -1 0 LS09.dat
1 0 -200 -74.8 36 0 1 0 0 0 1 1 0 0 LS09.dat
1 4 -240 -74.8 36 0 1 0 0 0 1 1 0 0 LS09.dat
0 SYNTH END
0 SYNTH BEGIN FIBER_OPTICS_CABLE 1
0 SYNTH SHOW
1 2 -173 -49 -38 -1 0 0 0 0 1 0 1 0 LS02.dat
1 1 -173 -49 -58 -1 0 0 0 0 1 0 1 0 LS02.dat
1 1 -115 -102 -32 0.258819 0.954034 -0.151104 0 0.156434 0.987688 0.965926 -0.255633 0.0404882 LS02.dat
1 4 -160 -103 -30 0 1 0 0 0 1 1 0 0 LS02.dat
0 SYNTH END
0 SYNTH BEGIN FIBER_OPTICS_CABLE 14
0 SYNTH SHOW
1 2 -163 -39 -38 -1 0 0 0 0 1 0 1 0 LS02.dat
1 14 -163 -39 -58 -1 0 0 0 0 1 0 1 0 LS02.dat
1 14 -123 -70 -10 0 1 0 0 0 1 1 0 0 LS02.dat
1 4 -160 -70 -10 0 1 0 0 0 1 1 0 0 LS02.dat
0 SYNTH END
0 SYNTH BEGIN FIBER_OPTICS_CABLE 6
0 SYNTH SHOW
1 2 -163 -25 -38 -1 0 0 0 0 1 0 1 0 LS02.dat
1 6 -136 -5 -78 1 0 0 0 0 1 0 -1 0 LS02.dat
1 6 -150 -25 -108 -1 0 0 0 0 1 0 1 0 LS02.dat
1 4 -150 -25 -128 -1 0 0 0 0 1 0 1 0 LS02.dat
0 SYNTH END
0 SYNTH BEGIN FIBER_OPTICS_CABLE 7
0 SYNTH SHOW
1 2 -173 -14 -38 -1 0 0 0 0 1 0 1 0 LS02.dat
1 25 -173 -14 -58 -1 0 0 0 0 1 0 1 0 LS02.dat
1 4 -143 -30 -178 -0.707107 -0.541675 0.454519 0 0.642788 0.766044 -0.707107 0.541675 -0.454519 LS02.dat
0 SYNTH END
0 SYNTH BEGIN FIBER_OPTICS_CABLE 22
0 SYNTH SHOW
1 2 -187 -14 -38 -1 0 0 0 0 1 0 1 0 LS02.dat
1 4 -217 -30 -178 -0.707107 0.541675 -0.454519 0 0.642788 0.766044 0.707107 0.541675 -0.454519 LS02.dat
0 SYNTH END
0 SYNTH BEGIN FIBER_OPTICS_CABLE 10
0 SYNTH SHOW
1 2 -197 -25 -38 -1 0 0 0 0 1 0 1 0 LS02.dat
1 4 -210 -25 -128 -1 0 0 0 0 1 0 1 0 LS02.dat
0 SYNTH END
0 SYNTH BEGIN FIBER_OPTICS_CABLE 19
0 SYNTH SHOW
1 2 -197 -39 -38 -1 0 0 0 0 1 0 1 0 LS02.dat
1 4 -200 -70 -10 0 -1 0 0 0 1 -1 0 0 LS02.dat
0 SYNTH END
0 SYNTH BEGIN FIBER_OPTICS_CABLE 20
0 SYNTH SHOW
1 2 -187 -49 -38 -1 0 0 0 0 1 0 1 0 LS02.dat
1 4 -200 -103 -30 0 -1 0 0 0 1 -1 0 0 LS02.dat
0 SYNTH END
0
