0 HOSE_FLEXIBLE_12L-Constraints
0 Name: HOSE_FLEXIBLE_12L-Constraints.ldr
0 Author: Holly Wood
0 Unofficial Model
0 ROTATION CENTER 0 0 0 1 "Custom" 
0 ROTATION CONFIG 0 0
1 47 70 30.731 266.526 1 0 0 0 0.390731 -0.920505 0 0.920505 0.390731 3062B.DAT
1 47 -70 37.348 -76.492 1 0 0 0 0.809017 -0.587785 0 0.587785 0.809017 4740.DAT
1 47 70 37.348 -76.492 1 0 0 0 0.809017 -0.587785 0 0.587785 0.809017 4740.DAT
1 47 70 21.351 244.434 0 0 1 0.920505 0.390731 0 -0.390731 0.920505 0 6541.DAT
1 47 -70 17.932 -90.597 0 0 1 0.587785 0.809017 0 -0.809017 0.587785 0 6541.DAT
1 47 70 17.932 -90.597 0 0 1 0.587785 0.809017 0 -0.809017 0.587785 0 6541.DAT
1 47 -120 26.023 -84.72 1 0 0 0 0.809017 0.587785 0 -0.587785 0.809017 3749.DAT
1 47 -90 26.023 -84.72 1 0 0 0 0.809017 0.587785 0 -0.587785 0.809017 32054.DAT
1 47 90 26.023 -84.72 -1 0 0 0 0.809017 0.587785 0 0.587785 -0.809017 32054.DAT
1 47 120 26.023 -84.72 -1 0 0 0 0.809017 0.587785 0 0.587785 -0.809017 3749.DAT
1 47 -120 26.023 -84.72 0 0 1 -0.587785 0.809017 0 -0.809017 -0.587785 0 30324.DAT
1 47 120 26.023 -84.72 0 0 -1 -0.587785 0.809017 0 0.809017 0.587785 0 30324.DAT
1 47 20 25.259 253.641 1 0 0 0 0.920505 0.390731 0 -0.390731 0.920505 3749.DAT
1 47 50 25.259 253.641 1 0 0 0 0.920505 0.390731 0 -0.390731 0.920505 32054.DAT
0 MLCAD HIDE 1 47 70 25.259 253.641 1 0 0 0 0.390731 -0.920505 0 0.920505 0.390731 Her.dat
1 47 20 25.259 253.641 0 0 1 -0.390731 0.920505 0 -0.920505 -0.390731 0 30324.DAT
1 47 0 0 0 0 0 -1 0 1 0 1 0 0 3032.DAT
1 47 50 1.813 198.41 0 -1 0 0.920505 0 0.390731 -0.390731 0 0.920505 32524.DAT
1 47 10 -6 180 -1 0 0 0 0.857167 0.515038 0 0.515038 -0.857167 32054.DAT
0 MLCAD HIDE 1 47 10 -6 180 1 0 0 0 0.920505 0.390731 0 -0.390731 0.920505 Her.dat
1 47 40 -6 180 -1 0 0 0 0.920505 -0.390731 0 -0.390731 -0.920505 3749.DAT
1 47 0 -16 180 1 0 0 0 1 0 0 0 1 2817.DAT
1 47 -90 -9.245 -36.179 0 -1 0 0.809017 0 -0.587785 0.587785 0 0.809017 32524.DAT
1 47 90 -9.245 -36.179 0 -1 0 0.809017 0 -0.587785 0.587785 0 0.809017 32524.DAT
1 47 -30 -24 30 -1 0 0 0 1 0 0 0 -1 3040B.DAT
1 47 30 -24 30 -1 0 0 0 1 0 0 0 -1 3040B.DAT
1 47 0 -24 30 -1 0 0 0 1 0 0 0 -1 3747.DAT
1 47 0 -24 -20 0 0 1 0 1 0 -1 0 0 30283.DAT
0 MLCAD HIDE 1 47 -90 -21 -20 1 0 0 0 0.809017 -0.587785 0 0.587785 0.809017 Her.dat
1 47 -80 -21 -20 1 0 0 0 1 0 0 0 1 3673.DAT
1 47 80 -21 -20 1 0 0 0 1 0 0 0 1 3673.DAT
0 MLCAD HIDE 1 47 90 -21 -20 1 0 0 0 0.809017 -0.587785 0 0.587785 0.809017 Her.dat
1 47 40 -21.63 143.179 1 0 0 0 0.920505 0.390731 0 -0.390731 0.920505 6628.DAT
1 47 0 -24 160 0 0 1 0 1 0 -1 0 0 3020.DAT
1 47 0 -24 100 1 0 0 0 1 0 0 0 1 3020a.dat
1 47 0 -32 -10 1 0 0 0 1 0 0 0 1 3004.DAT
1 47 -60 -32 -20 -1 0 0 0 1 0 0 0 -1 2444.DAT
1 47 60 -32 -20 1 0 0 0 1 0 0 0 1 2444.DAT
1 47 -70 -30 -62 1 0 0 0 0 -1 0 1 0 6141.DAT
1 47 70 -30 -62 1 0 0 0 0 -1 0 1 0 6141.DAT
1 47 0 -32 50 1 0 0 0 1 0 0 0 1 3023.DAT
1 47 0 -32 20 1 0 0 0 1 0 0 0 1 3795.DAT
1 47 -50 -32 -50 0 0 1 0 1 0 -1 0 0 4081B.DAT
1 47 50 -32 -50 0 0 -1 0 1 0 1 0 0 4081B.DAT
1 47 0 -48 170 -1 0 0 0 1 0 0 0 -1 3039.DAT
1 47 0 -48 150 1 0 0 0 1 0 0 0 1 3004.DAT
1 47 0 -48 130 1 0 0 0 1 0 0 0 1 32000.DAT
1 47 0 -48 110 -1 0 0 0 1 0 0 0 -1 30526.DAT
1 47 -30 -48 100 0 0 1 0 1 0 -1 0 0 30237.DAT
1 47 30 -48 100 0 0 -1 0 1 0 1 0 0 30237.DAT
1 47 0 -48 90 1 0 0 0 1 0 0 0 1 32000.DAT
1 47 0 -48 70 -1 0 0 0 1 0 0 0 -1 30526.DAT
1 47 -70 -40 -20 0 0 1 0 1 0 -1 0 0 3023.DAT
1 47 70 -40 -20 0 0 1 0 1 0 -1 0 0 3023.DAT
1 47 -80 -44.512 12.362 -1 0 0 0 0.809017 -0.587785 0 -0.587785 -0.809017 6628.DAT
1 47 80 -44.512 12.362 1 0 0 0 0.809017 -0.587785 0 0.587785 0.809017 6628.DAT
1 47 0 -56 40 1 0 0 0 1 0 0 0 1 2456.DAT
1 47 -50 -56 0 0 0 1 0 1 0 -1 0 0 2877.DAT
1 47 50 -56 0 0 0 -1 0 1 0 1 0 0 2877.DAT
1 47 -50 -56 -30 1 0 0 0 1 0 0 0 1 3040B.DAT
1 47 50 -56 -30 1 0 0 0 1 0 0 0 1 3040B.DAT
1 47 -70 -48 -30 1 0 0 0 1 0 0 0 1 2555.DAT
1 47 70 -48 -30 1 0 0 0 1 0 0 0 1 2555.DAT
1 47 0 -56 150 0 0 1 0 1 0 -1 0 0 3021.DAT
1 47 -10 -56 70 0 0 1 0 1 0 -1 0 0 4085A.DAT
1 47 10 -56 70 0 0 -1 0 1 0 1 0 0 4085A.DAT
1 47 -10 -72 100 0 0 1 0 1 0 -1 0 0 3039.DAT
1 47 10 -72 100 0 0 -1 0 1 0 1 0 0 3039.DAT
1 47 0 -80 140 1 0 0 0 1 0 0 0 1 6232.DAT
1 47 0 -80 50 0 0 1 0 1 0 -1 0 0 3002.DAT
1 47 -40 -80 40 -1 0 0 0 1 0 0 0 -1 6232.DAT
1 47 40 -80 40 1 0 0 0 1 0 0 0 1 6232.DAT
1 47 -50 -80 10 1 0 0 0 1 0 0 0 1 4286.DAT
1 47 50 -80 10 1 0 0 0 1 0 0 0 1 4286.DAT
1 47 0 -80 100 1 0 0 0 1 0 0 0 1 3022.DAT
1 47 0 -104 140 1 0 0 0 1 0 0 0 1 3062B.DAT
1 47 50 -40 100 1 0 0 0 1 0 0 0 1 4095.DAT
1 47 0 -104 50 -1 0 0 0 1 0 0 0 -1 3039.DAT
1 47 0 -104 30 1 0 0 0 1 0 0 0 1 3660.DAT
1 47 -30 -104 20 0 0 1 0 1 0 -1 0 0 3039.DAT
1 47 30 -104 20 0 0 -1 0 1 0 1 0 0 3039.DAT
0 MLCAD HIDE 1 47 0 -108 -4 1 0 0 0 0.75471 0.656059 0 -0.656059 0.75471 Her.dat
1 47 0 -112 40 1 0 0 0 1 0 0 0 1 3022.DAT
1 47 0 -112 10 1 0 0 0 1 0 0 0 1 4315.DAT
1 47 0 -120 20 1 0 0 0 1 0 0 0 1 4150.DAT
1 47 0 -124 140 0 0 -1 0 1 0 1 0 0 4479.DAT
1 47 -50 -32 100 1 0 0 0 1 0 0 0 1 2569.DAT
1 47 50 -144 86 1 0 0 0 0 1 0 -1 0 4740.DAT
1 47 50 -144 78 1 0 0 0 0 1 0 -1 0 6141.DAT
1 47 50 -144 94 1 0 0 0 0 1 0 -1 0 2555.DAT
1 47 0 -108 -4 -1 0 0 0 -0.75471 0.656059 0 0.656059 0.75471 30083.DAT
1 47 -70 -54 -66 1 0 0 0 0 -1 0 1 0 6141.DAT
1 47 70 -54 -66 1 0 0 0 0 -1 0 1 0 6141.DAT
1 8 70 -54 -58 1 0 0 0 0 -1 0 1 0 757.dat
0 SYNTH BEGIN HOSE_FLEXIBLE_12L 1
0 SYNTH SHOW
1 2 30 -40 70 -1 0 0 0 1 0 0 0 -1 LS101.dat
1 1 50 -128 50 -0.707107 -0.707107 0 0 0 1 -0.707107 0.707107 0 LS02.dat
1 4 70 -54 -22 -1 0 0 0 0 1 0 1 0 LS101.dat
0 SYNTH END
1 8 30 -24 70 1 0 0 0 -1 0 0 0 -1 757.dat
1 8 -70 -54 -58 1 0 0 0 0 -1 0 1 0 757.dat
0 SYNTH BEGIN PLI_HOSE_FLEXIBLE_12L 14
0 SYNTH SHOW
1 2 -30 -40 70 -1 0 0 0 1 0 0 0 -1 LS101.dat
1 14 -50 -128 50 -0.707107 0.707107 0 0 0 1 0.707107 0.707107 0 LS02.dat
1 4 -70 -54 -22 -1 0 0 0 0 1 0 1 0 LS101.dat
0 SYNTH END
1 8 -30 -24 70 1 0 0 0 -1 0 0 0 -1 757.dat
0
