0 HOSE_FLEXIBLE_19L-Synthesis
0 Name: HOSE_FLEXIBLE_19L-Synthesis.ldr
0 Author: Holly Wood
0 Unofficial Model
0 ROTATION CENTER 0 0 0 1 "Custom" 
0 ROTATION CONFIG 0 0
1 47 0 0 0 -1 0 0 0 1 0 0 0 -1 3958.DAT
1 47 -120 0 40 1 0 0 0 1 0 0 0 1 2639.DAT
1 47 -100 0 -20 0 0 1 0 1 0 -1 0 0 30503.DAT
1 47 120 0 40 0 0 -1 0 1 0 1 0 0 2639.DAT
1 47 100 0 -20 1 0 0 0 1 0 0 0 1 30503.DAT
1 47 -120 -8 80 -1 0 0 0 1 0 0 0 -1 61780.DAT
1 47 -120 -56 80 -1 0 0 0 1 0 0 0 -1 3068B.DAT
1 47 -70 -24 50 0 0 1 0 1 0 -1 0 0 3040B.DAT
1 47 -30 -24 -10 1 0 0 0 1 0 0 0 1 3040B.DAT
1 47 70 -24 50 0 0 -1 0 1 0 1 0 0 3040B.DAT
1 47 60 -32 50 -1 0 0 0 1 0 0 0 -1 2412B.DAT
1 47 -60 -32 50 -1 0 0 0 1 0 0 0 -1 2412B.DAT
1 47 70 -72 10 0 0 1 0 1 0 -1 0 0 2357.DAT
1 47 -70 -72 10 -1 0 0 0 1 0 0 0 -1 2357.DAT
1 47 0 -72 -10 -1 0 0 0 1 0 0 0 -1 3009.DAT
1 47 90 -72 10 0 0 -1 0 1 0 1 0 0 50746.DAT
1 47 -90 -72 10 0 0 1 0 1 0 -1 0 0 50746.DAT
1 47 -70 -72 -10 0 0 -1 0 1 0 1 0 0 50746.DAT
1 47 10 -72 -10 0 0 1 0 1 0 -1 0 0 50746.DAT
1 47 -90 -48 20 0 0 1 0 1 0 -1 0 0 3678.DAT
1 47 -60 -48 -10 1 0 0 0 1 0 0 0 1 3678.DAT
1 47 30 -24 -10 1 0 0 0 1 0 0 0 1 3040B.DAT
1 47 0 -48 -10 1 0 0 0 1 0 0 0 1 3678.DAT
1 47 60 -48 -10 1 0 0 0 1 0 0 0 1 3678.DAT
1 47 -30 -48 -10 -1 0 0 0 1 0 0 0 -1 30071.DAT
1 47 90 -48 20 0 0 -1 0 1 0 1 0 0 3678.DAT
1 47 30 -48 -10 1 0 0 0 1 0 0 0 1 4070.DAT
1 47 10 0 30 -1 0 0 0 1 0 0 0 -1 50746.DAT
1 47 -10 0 30 -1 0 0 0 1 0 0 0 -1 50746.DAT
1 47 50 -24 40 0 0 -1 0 1 0 1 0 0 3700.DAT
1 47 -50 -24 40 0 0 -1 0 1 0 1 0 0 3700.DAT
1 47 0 -24 40 -1 0 0 0 1 0 0 0 -1 30157.DAT
1 47 0 -32 40 -1 0 0 0 1 0 0 0 -1 3068B.DAT
1 47 180 0 60 -1 0 0 0 1 0 0 0 -1 3031.DAT
1 47 180 -24 90 -1 0 0 0 1 0 0 0 -1 3039.DAT
1 47 210 -24 60 0 0 -1 0 1 0 1 0 0 3039.DAT
1 47 180 -24 30 1 0 0 0 1 0 0 0 1 3039.DAT
1 47 150 -24 60 0 0 1 0 1 0 -1 0 0 3039.DAT
1 47 210 -24 30 1 0 0 0 1 0 0 0 1 4070.DAT
1 47 150 -24 30 1 0 0 0 1 0 0 0 1 4070.DAT
1 47 180 -32 40 -1 0 0 0 1 0 0 0 -1 3020.DAT
1 47 200 -32 80 -1 0 0 0 1 0 0 0 -1 3068B.DAT
1 47 160 -32 80 -1 0 0 0 1 0 0 0 -1 3068B.DAT
1 47 180 -128 60 1 0 0 0 1 0 0 0 1 6259.DAT
1 47 200 -136 30 -1 0 0 0 1 0 0 0 -1 3023.DAT
1 47 160 -136 40 -1 0 0 0 1 0 0 0 -1 3022.DAT
1 47 180 -128 60 -1 0 0 0 1 0 0 0 -1 6259.DAT
1 47 200 -136 90 1 0 0 0 1 0 0 0 1 3023.DAT
1 47 160 -136 80 1 0 0 0 1 0 0 0 1 3022.DAT
1 47 220 -136 60 1 0 0 0 1 0 0 0 1 2429.DAT
1 47 180 -144 70 -1 0 0 0 1 0 0 0 -1 2431.DAT
1 47 180 -144 90 -1 0 0 0 1 0 0 0 -1 2431.DAT
1 47 180 -144 40 -1 0 0 0 1 0 0 0 -1 3020.DAT
1 47 220 -136 60 -1 0 0 0 1 0 0 0 -1 2430.DAT
1 47 180 -152 60 -1 0 0 0 1 0 0 0 -1 61485.dat
1 47 180 -160 60 -1 0 0 0 1 0 0 0 -1 60474.dat
1 47 180 -168 100 -1 0 0 0 1 0 0 0 -1 32059.DAT
1 47 180 -168 20 1 0 0 0 1 0 0 0 1 32059.DAT
1 47 130 -192 10 -1 0 0 0 1 0 0 0 -1 30071.DAT
1 47 130 -192 110 -1 0 0 0 1 0 0 0 -1 30071.DAT
1 47 130 -192 60 0 0 1 0 1 0 -1 0 0 30414.DAT
1 47 130 -200 60 0 0 -1 0 1 0 1 0 0 6636.DAT
1 47 230 -192 110 1 0 0 0 1 0 0 0 1 30071.DAT
1 47 230 -192 10 1 0 0 0 1 0 0 0 1 30071.DAT
1 47 230 -192 60 0 0 -1 0 1 0 1 0 0 30414.DAT
1 47 230 -200 60 0 0 1 0 1 0 -1 0 0 6636.DAT
1 47 150 -192 110 1 0 0 0 1 0 0 0 1 6541.DAT
1 47 210 -192 110 1 0 0 0 1 0 0 0 1 6541.DAT
1 47 180 -200 110 -1 0 0 0 1 0 0 0 -1 2432.DAT
1 47 150 -182 130 0 0 1 0 1 0 -1 0 0 6587.DAT
1 47 210 -182 130 0 0 1 0 1 0 -1 0 0 6587.DAT
1 47 180 -182 154 0 0 1 -1 0 0 0 -1 0 32449.DAT
1 47 210 -182 105 -1 0 0 0 0 1 0 1 0 58176.dat
1 47 150 -182 105 -1 0 0 0 0 1 0 1 0 58176.dat
1 47 210 -192 10 -1 0 0 0 1 0 0 0 -1 6541.DAT
1 47 150 -192 10 -1 0 0 0 1 0 0 0 -1 6541.DAT
1 47 180 -192 10 -1 0 0 0 1 0 0 0 -1 3039.DAT
1 47 180 -192 -10 1 0 0 0 1 0 0 0 1 2458.DAT
1 47 180 -200 0 -1 0 0 0 1 0 0 0 -1 3068B.DAT
1 47 210 -200 60 0 0 -1 0 1 0 1 0 0 6636.DAT
1 47 150 -200 60 0 0 -1 0 1 0 1 0 0 6636.DAT
1 47 170 -234 115 1 0 0 0 1 0 0 0 1 30377.DAT
1 47 190 -234 115 1 0 0 0 1 0 0 0 1 30377.DAT
1 47 180 -234 115 0 0 -1 -1 0 0 0 1 0 4697b.dat
1 47 180 -234 138 -1 0 0 0 0 -1 0 -1 0 3960.DAT
1 47 112 -182 58 0 1 0 0 0 1 1 0 0 3023.DAT
1 47 96 -182 88 0 1 0 1 0 0 0 0 -1 50950.DAT
1 47 96 -182 28 0 1 0 -1 0 0 0 0 1 50950.DAT
1 47 248 -182 58 0 -1 0 0 0 1 -1 0 0 3023.DAT
1 47 264 -182 28 0 -1 0 1 0 0 0 0 1 50950.DAT
1 47 264 -182 88 0 -1 0 -1 0 0 0 0 -1 50950.DAT
1 47 180 -182 -40 0 0 -1 0 1 0 1 0 0 75535.DAT
1 47 180 -182 -111 0 0 -1 0 1 0 1 0 0 75535.DAT
1 47 210 -182 0 0 0 1 0 1 0 -1 0 0 61184.dat
1 47 210 -182 -24 -1 0 0 0 0 1 0 1 0 6188.DAT
1 47 150 -182 0 0 0 1 0 1 0 -1 0 0 61184.dat
1 47 150 -182 -24 -1 0 0 0 0 1 0 1 0 6188.DAT
1 47 180 -182 -60 -1 0 0 0 0 -1 0 -1 0 577.DAT
1 7 300 0 190 0 0 1 0 1 0 -1 0 0 57539.dat
0 SYNTH BEGIN HOSE_FLEXIBLE_19L 0
0 SYNTH SHOW
0 MLCAD HIDE 1 2 30 -38 -20 -1 0 0 0 0 1 0 1 0 LS102.dat
0 MLCAD HIDE 1 6 90 -9 -110 0 -1 0 0 0 1 -1 0 0 LS02.dat
0 MLCAD HIDE 1 4 150 -14 8 1 0 0 0 0 1 0 -1 0 LS102.dat
0 SYNTH SYNTHESIZED BEGIN
1 0 30 -38 -20 -1 -0.0099 -0.0001 0.0001 -0.0266 0.9996 -0.0099 0.9996 0.0266 57539a.dat
1 0 30.2103 -37.4651 -31.9462 -0.9996 0.0283 -0.0099 -0.0079 0.07 0.9975 -0.0289 -0.9972 0.0697 57539b.dat
1 0 30.4266 -36.9708 -36.5901 -0.9988 0.0451 -0.0171 -0.0123 0.1034 0.9946 -0.0466 -0.9936 0.1027 57539b.dat
1 0 30.7307 -36.3286 -41.1883 -0.9976 0.0639 -0.0248 -0.0159 0.1356 0.9906 -0.0667 -0.9887 0.1343 57539b.dat
1 0 31.1336 -35.5421 -45.7649 -0.9958 0.0849 -0.033 -0.0185 0.1665 0.9859 -0.0892 -0.9824 0.1642 57539b.dat
1 0 31.6443 -34.6224 -50.2819 -0.9932 0.1083 -0.0418 -0.0199 0.196 0.9804 -0.1144 -0.9746 0.1925 57539b.dat
1 0 32.2808 -33.5654 -54.7931 -0.9896 0.1343 -0.0512 -0.02 0.2241 0.9744 -0.1423 -0.9653 0.2191 57539b.dat
1 0 33.05 -32.3909 -59.2289 -0.9847 0.1632 -0.061 -0.0185 0.2505 0.9679 -0.1732 -0.9543 0.2436 57539b.dat
1 0 33.9705 -31.1007 -63.6098 -0.9782 0.1952 -0.0713 -0.0152 0.2751 0.9613 -0.2073 -0.9414 0.2662 57539b.dat
1 0 35.0591 -29.7042 -67.9243 -0.9695 0.2309 -0.0821 -0.0099 0.2978 0.9546 -0.2448 -0.9263 0.2865 57539b.dat
1 0 36.3341 -28.2121 -72.1582 -0.9582 0.2704 -0.0932 -0.0024 0.3183 0.948 -0.286 -0.9086 0.3044 57539b.dat
1 0 37.8143 -26.6378 -76.2952 -0.9436 0.3141 -0.1044 0.0077 0.3361 0.9418 -0.3309 -0.8879 0.3195 57539b.dat
1 0 39.5109 -25.0071 -80.2869 -0.9248 0.3624 -0.1155 0.0205 0.3508 0.9362 -0.3798 -0.8635 0.3319 57539b.dat
1 0 41.4765 -23.3063 -84.1921 -0.9008 0.4156 -0.1263 0.0363 0.3619 0.9315 -0.4328 -0.8345 0.341 57539b.dat
1 0 43.6969 -21.5908 -87.9013 -0.8704 0.4732 -0.1362 0.0551 0.3684 0.928 -0.4893 -0.8002 0.3467 57539b.dat
1 0 46.2026 -19.8757 -91.409 -0.8322 0.5354 -0.1446 0.0769 0.3697 0.926 -0.5492 -0.7594 0.3488 57539b.dat
1 0 49.0397 -18.1684 -94.7276 -0.7849 0.601 -0.1508 0.1013 0.3646 0.9256 -0.6112 -0.7113 0.3471 57539b.dat
1 0 52.1647 -16.5372 -97.7494 -0.728 0.6681 -0.1538 0.1275 0.3524 0.9271 -0.6736 -0.6553 0.3417 57539b.dat
1 0 55.6109 -14.9946 -100.484 -0.661 0.7346 -0.153 0.1542 0.3325 0.9304 -0.7344 -0.5914 0.333 57539b.dat
1 0 59.3436 -13.5857 -102.882 -0.585 0.7975 -0.1475 0.1799 0.3049 0.9353 -0.7908 -0.5206 0.3218 57539b.dat
1 0 63.3359 -12.3398 -104.924 -0.502 0.8539 -0.1371 0.2029 0.2704 0.9411 -0.8407 -0.4446 0.309 57539b.dat
1 0 67.5529 -11.2795 -106.603 -0.4151 0.9016 -0.1221 0.2218 0.2305 0.9475 -0.8823 -0.3662 0.2957 57539b.dat
1 0 71.9528 -10.4185 -107.925 -0.3279 0.939 -0.1034 0.2358 0.1873 0.9536 -0.9148 -0.2884 0.2828 57539b.dat
1 0 76.4625 -9.7681 -108.896 -0.2439 0.9663 -0.0818 0.2445 0.1429 0.959 -0.9385 -0.2139 0.2712 57539b.dat
1 0 81.066 -9.3189 -109.549 -0.1654 0.9845 -0.0588 0.2485 0.0993 0.9635 -0.9544 -0.1448 0.261 57539b.dat
1 0 85.6899 -9.0666 -109.907 -0.0938 0.995 -0.0351 0.2484 0.0575 0.967 -0.9641 -0.082 0.2525 57539b.dat
1 0 90.3562 -8.9934 -110.009 -0.0296 0.9995 -0.0116 0.245 0.0185 0.9693 -0.9691 -0.0258 0.2455 57539b.dat
1 0 94.9952 -9.016 -109.781 0.0433 0.999 -0.0074 0.2398 -0.0032 0.9708 -0.9699 0.0438 0.2397 57539b.dat
1 0 99.612 -9.0643 -109.111 0.1355 0.9905 -0.0225 0.2334 -0.0099 0.9723 -0.9629 0.137 0.2325 57539b.dat
1 0 104.132 -9.1451 -107.975 0.2342 0.9715 -0.0376 0.2263 -0.0168 0.9739 -0.9455 0.2366 0.2237 57539b.dat
1 0 108.496 -9.2581 -106.361 0.336 0.9404 -0.0523 0.2183 -0.0238 0.9756 -0.9162 0.3393 0.2133 57539b.dat
1 0 112.682 -9.4021 -104.268 0.4363 0.8974 -0.0657 0.2095 -0.0303 0.9773 -0.8751 0.4402 0.2012 57539b.dat
1 0 116.586 -9.5722 -101.752 0.5301 0.8444 -0.0771 0.2001 -0.0362 0.9791 -0.824 0.5344 0.1882 57539b.dat
1 0 120.216 -9.7651 -98.8421 0.6142 0.7844 -0.0863 0.1903 -0.0411 0.9809 -0.7658 0.6189 0.1745 57539b.dat
1 0 123.565 -9.9764 -95.5864 0.6867 0.7209 -0.093 0.1803 -0.0449 0.9826 -0.7042 0.6915 0.1609 57539b.dat
1 0 126.609 -10.2002 -92.0609 0.747 0.6576 -0.0974 0.1704 -0.0478 0.9842 -0.6426 0.7518 0.1478 57539b.dat
1 0 129.363 -10.4322 -88.3188 0.7962 0.5967 -0.0998 0.1608 -0.0497 0.9857 -0.5833 0.8009 0.1355 57539b.dat
1 0 131.844 -10.6686 -84.4066 0.8361 0.5393 -0.1004 0.1514 -0.0509 0.9872 -0.5273 0.8405 0.1242 57539b.dat
1 0 134.109 -10.9101 -80.305 0.868 0.4864 -0.0997 0.1424 -0.0514 0.9885 -0.4756 0.8722 0.1139 57539b.dat
1 0 136.12 -11.1483 -76.1402 0.8936 0.4381 -0.098 0.1337 -0.0514 0.9897 -0.4285 0.8975 0.1046 57539b.dat
1 0 137.946 -11.3867 -71.8457 0.9142 0.3939 -0.0953 0.1253 -0.051 0.9908 -0.3855 0.9177 0.096 57539b.dat
1 0 139.587 -11.6215 -67.477 0.9307 0.3541 -0.0921 0.1172 -0.0503 0.9918 -0.3465 0.9339 0.0883 57539b.dat
1 0 141.046 -11.8492 -63.0875 0.944 0.3179 -0.0883 0.1095 -0.0493 0.9928 -0.3113 0.9468 0.0813 57539b.dat
1 0 142.362 -12.0722 -58.6235 0.9549 0.2848 -0.0841 0.1019 -0.048 0.9936 -0.279 0.9574 0.0748 57539b.dat
1 0 143.545 -12.2894 -54.0968 0.9637 0.2547 -0.0796 0.0944 -0.0465 0.9944 -0.2496 0.9659 0.0688 57539b.dat
1 0 144.587 -12.4961 -49.5859 0.971 0.2271 -0.0749 0.0872 -0.0447 0.9952 -0.2227 0.9728 0.0633 57539b.dat
1 0 145.526 -12.6966 -44.9927 0.9769 0.2018 -0.0699 0.0801 -0.0428 0.9959 -0.1979 0.9785 0.058 57539b.dat
1 0 146.346 -12.885 -40.4274 0.9818 0.1784 -0.0648 0.0732 -0.0408 0.9965 -0.1752 0.9831 0.0531 57539b.dat
1 0 147.071 -13.0637 -35.823 0.9858 0.1568 -0.0596 0.0664 -0.0385 0.9971 -0.1541 0.9869 0.0483 57539b.dat
1 0 147.7 -13.2302 -31.2169 0.9891 0.1367 -0.0543 0.0597 -0.036 0.9976 -0.1344 0.99 0.0438 57539b.dat
1 0 148.245 -13.3849 -26.5748 0.9918 0.1179 -0.0488 0.0531 -0.0333 0.998 -0.1161 0.9925 0.0393 57539b.dat
1 0 148.708 -13.5256 -21.9326 0.994 0.1003 -0.0433 0.0465 -0.0303 0.9985 -0.0989 0.9945 0.0348 57539b.dat
1 0 149.093 -13.651 -17.29 0.9958 0.0838 -0.0377 0.0401 -0.0272 0.9988 -0.0827 0.9961 0.0304 57539b.dat
1 0 149.405 -13.7601 -12.6463 0.9972 0.0682 -0.0321 0.0338 -0.0237 0.9991 -0.0674 0.9974 0.0259 57539b.dat
1 0 149.648 -13.8513 -8.0008 0.9982 0.0534 -0.0264 0.0275 -0.0199 0.9994 -0.0529 0.9984 0.0213 57539b.dat
1 0 149.826 -13.9229 -3.3524 0.999 0.0393 -0.0206 0.0213 -0.0157 0.9997 -0.039 0.9991 0.0165 57539b.dat
1 0 149.942 -13.9727 1.2995 0.9996 0.0258 -0.0148 0.0151 -0.0111 0.9998 -0.0256 0.9996 0.0114 57539b.dat
1 0 149.981 -13.991 5.9556 0.9999 0.0095 -0.009 0.009 -0.0044 0.9999 -0.0095 0.9999 0.0045 57539b.dat
1 0 150 -14 20 1 -0 -0 0 0 1 0 1 -0 57539a.dat
0 SYNTH SYNTHESIZED END
0 SYNTH END
0 SYNTH BEGIN HOSE_FLEXIBLE_19L 1
0 SYNTH SHOW
0 MLCAD HIDE 1 2 330 0 190 -1 0 0 0 0 1 0 1 0 LS102.dat
0 MLCAD HIDE 1 4 330 0 -138 -1 0 0 0 0 1 0 1 0 LS102.dat
0 SYNTH SYNTHESIZED BEGIN
1 1 330 0 190 -1 0 0 0 0 1 0 1 0 57539a.dat
1 1 330 0 178.029 -1 0 0 0 0 1 0 -1 0 57539b.dat
1 1 330 0 172.438 -1 0 0 0 0 1 0 -1 0 57539b.dat
1 1 330 0 166.827 -1 0 0 0 0 1 0 -1 0 57539b.dat
1 1 330 0 161.192 -1 0 0 0 0 1 0 -1 0 57539b.dat
1 1 330 0 155.582 -1 0 0 0 0 1 0 -1 0 57539b.dat
1 1 330 0 149.982 -1 0 0 0 0 1 0 -1 0 57539b.dat
1 1 330 0 144.367 -1 0 0 0 0 1 0 -1 0 57539b.dat
1 1 330 0 138.795 -1 0 0 0 0 1 0 -1 0 57539b.dat
1 1 330 0 133.188 -1 0 0 0 0 1 0 -1 0 57539b.dat
1 1 330 0 127.551 -1 0 0 0 0 1 0 -1 0 57539b.dat
1 1 330 0 121.973 -1 0 0 0 0 1 0 -1 0 57539b.dat
1 1 330 0 116.33 -1 0 0 0 0 1 0 -1 0 57539b.dat
1 1 330 0 110.748 -1 0 0 0 0 1 0 -1 0 57539b.dat
1 1 330 0 105.144 -1 0 0 0 0 1 0 -1 0 57539b.dat
1 1 330 0 99.5165 -1 0 0 0 0 1 0 -1 0 57539b.dat
1 1 330 0 93.9055 -1 0 0 0 0 1 0 -1 0 57539b.dat
1 1 330 0 88.3082 -1 0 0 0 0 1 0 -1 0 57539b.dat
1 1 330 0 82.7216 -1 0 0 0 0 1 0 -1 0 57539b.dat
1 1 330 0 77.104 -1 0 0 0 0 1 0 -1 0 57539b.dat
1 1 330 0 71.4914 -1 0 0 0 0 1 0 -1 0 57539b.dat
1 1 330 0 65.88 -1 0 0 0 0 1 0 -1 0 57539b.dat
1 1 330 0 60.2662 -1 0 0 0 0 1 0 -1 0 57539b.dat
1 1 330 0 54.6837 -1 0 0 0 0 1 0 -1 0 57539b.dat
1 1 330 0 49.0531 -1 0 0 0 0 1 0 -1 0 57539b.dat
1 1 330 0 43.4455 -1 0 0 0 0 1 0 -1 0 57539b.dat
1 1 330 0 37.8561 -1 0 0 0 0 1 0 -1 0 57539b.dat
1 1 330 0 32.2434 -1 0 0 0 0 1 0 -1 0 57539b.dat
1 1 330 0 26.6399 -1 0 0 0 0 1 0 -1 0 57539b.dat
1 1 330 0 21.0411 -1 0 0 0 0 1 0 -1 0 57539b.dat
1 1 330 0 15.4051 -1 0 0 0 0 1 0 -1 0 57539b.dat
1 1 330 0 9.802 -1 0 0 0 0 1 0 -1 0 57539b.dat
1 1 330 0 4.227 -1 0 0 0 0 1 0 -1 0 57539b.dat
1 1 330 0 -1.3988 -1 0 0 0 0 1 0 -1 0 57539b.dat
1 1 330 0 -7.0055 -1 0 0 0 0 1 0 -1 0 57539b.dat
1 1 330 0 -12.5972 -1 0 0 0 0 1 0 -1 0 57539b.dat
1 1 330 0 -18.2158 -1 0 0 0 0 1 0 -1 0 57539b.dat
1 1 330 0 -23.828 -1 0 0 0 0 1 0 -1 0 57539b.dat
1 1 330 0 -29.4374 -1 0 0 0 0 1 0 -1 0 57539b.dat
1 1 330 0 -35.0478 -1 0 0 0 0 1 0 -1 0 57539b.dat
1 1 330 0 -40.6631 -1 0 0 0 0 1 0 -1 0 57539b.dat
1 1 330 0 -46.2472 -1 0 0 0 0 1 0 -1 0 57539b.dat
1 1 330 0 -51.8814 -1 0 0 0 0 1 0 -1 0 57539b.dat
1 1 330 0 -57.4898 -1 0 0 0 0 1 0 -1 0 57539b.dat
1 1 330 0 -63.0739 -1 0 0 0 0 1 0 -1 0 57539b.dat
1 1 330 0 -68.6751 -1 0 0 0 0 1 0 -1 0 57539b.dat
1 1 330 0 -74.2949 -1 0 0 0 0 1 0 -1 0 57539b.dat
1 1 330 0 -79.8924 -1 0 0 0 0 1 0 -1 0 57539b.dat
1 1 330 0 -85.5083 -1 0 0 0 0 1 0 -1 0 57539b.dat
1 1 330 0 -91.0986 -1 0 0 0 0 1 0 -1 0 57539b.dat
1 1 330 0 -96.702 -1 0 0 0 0 1 0 -1 0 57539b.dat
1 1 330 0 -102.313 -1 0 0 0 0 1 0 -1 0 57539b.dat
1 1 330 0 -107.923 -1 0 0 0 0 1 0 -1 0 57539b.dat
1 1 330 0 -113.563 -1 0 0 0 0 1 0 -1 0 57539b.dat
1 1 330 0 -119.169 -1 0 0 0 0 1 0 -1 0 57539b.dat
1 1 330 0 -124.756 -1 0 0 0 0 1 0 -1 0 57539b.dat
1 1 330 0 -130.364 -1 0 0 0 0 1 0 -1 0 57539b.dat
1 1 330 0 -135.953 -1 0 0 0 0 1 0 -1 0 57539b.dat
1 1 330 0 -150 -1 0 0 0 0 1 0 -1 0 57539a.dat
0 SYNTH SYNTHESIZED END
0 SYNTH END
0
