0 HOSE_FLEXIBLE_12L-Synthesis
0 Name: HOSE_FLEXIBLE_12L-Synthesis.ldr
0 Author: Holly Wood
0 Unofficial Model
0 ROTATION CENTER 0 0 0 1 "Custom" 
0 ROTATION CONFIG 0 0
1 47 70 30.731 266.526 1 0 0 0 0.390731 -0.920505 0 0.920505 0.390731 3062B.DAT
1 47 -70 37.348 -76.492 1 0 0 0 0.809017 -0.587785 0 0.587785 0.809017 4740.DAT
1 47 70 37.348 -76.492 1 0 0 0 0.809017 -0.587785 0 0.587785 0.809017 4740.DAT
1 47 70 21.351 244.434 0 0 1 0.920505 0.390731 0 -0.390731 0.920505 0 6541.DAT
1 47 -70 17.932 -90.597 0 0 1 0.587785 0.809017 0 -0.809017 0.587785 0 6541.DAT
1 47 70 17.932 -90.597 0 0 1 0.587785 0.809017 0 -0.809017 0.587785 0 6541.DAT
1 47 -120 26.023 -84.72 1 0 0 0 0.809017 0.587785 0 -0.587785 0.809017 3749.DAT
1 47 -90 26.023 -84.72 1 0 0 0 0.809017 0.587785 0 -0.587785 0.809017 32054.DAT
1 47 90 26.023 -84.72 -1 0 0 0 0.809017 0.587785 0 0.587785 -0.809017 32054.DAT
1 47 120 26.023 -84.72 -1 0 0 0 0.809017 0.587785 0 0.587785 -0.809017 3749.DAT
1 47 -120 26.023 -84.72 0 0 1 -0.587785 0.809017 0 -0.809017 -0.587785 0 30324.DAT
1 47 120 26.023 -84.72 0 0 -1 -0.587785 0.809017 0 0.809017 0.587785 0 30324.DAT
1 47 20 25.259 253.641 1 0 0 0 0.920505 0.390731 0 -0.390731 0.920505 3749.DAT
1 47 50 25.259 253.641 1 0 0 0 0.920505 0.390731 0 -0.390731 0.920505 32054.DAT
0 MLCAD HIDE 1 47 70 25.259 253.641 1 0 0 0 0.390731 -0.920505 0 0.920505 0.390731 Her.dat
1 47 20 25.259 253.641 0 0 1 -0.390731 0.920505 0 -0.920505 -0.390731 0 30324.DAT
1 47 0 0 0 0 0 -1 0 1 0 1 0 0 3032.DAT
1 47 50 1.813 198.41 0 -1 0 0.920505 0 0.390731 -0.390731 0 0.920505 32524.DAT
1 47 10 -6 180 -1 0 0 0 0.857167 0.515038 0 0.515038 -0.857167 32054.DAT
0 MLCAD HIDE 1 47 10 -6 180 1 0 0 0 0.920505 0.390731 0 -0.390731 0.920505 Her.dat
1 47 40 -6 180 -1 0 0 0 0.920505 -0.390731 0 -0.390731 -0.920505 3749.DAT
1 47 0 -16 180 1 0 0 0 1 0 0 0 1 2817.DAT
1 47 -90 -9.245 -36.179 0 -1 0 0.809017 0 -0.587785 0.587785 0 0.809017 32524.DAT
1 47 90 -9.245 -36.179 0 -1 0 0.809017 0 -0.587785 0.587785 0 0.809017 32524.DAT
1 47 -30 -24 30 -1 0 0 0 1 0 0 0 -1 3040B.DAT
1 47 30 -24 30 -1 0 0 0 1 0 0 0 -1 3040B.DAT
1 47 0 -24 30 -1 0 0 0 1 0 0 0 -1 3747.DAT
1 47 0 -24 -20 0 0 1 0 1 0 -1 0 0 30283.DAT
0 MLCAD HIDE 1 47 -90 -21 -20 1 0 0 0 0.809017 -0.587785 0 0.587785 0.809017 Her.dat
1 47 -80 -21 -20 1 0 0 0 1 0 0 0 1 3673.DAT
1 47 80 -21 -20 1 0 0 0 1 0 0 0 1 3673.DAT
0 MLCAD HIDE 1 47 90 -21 -20 1 0 0 0 0.809017 -0.587785 0 0.587785 0.809017 Her.dat
1 47 40 -21.63 143.179 1 0 0 0 0.920505 0.390731 0 -0.390731 0.920505 6628.DAT
1 47 0 -24 160 0 0 1 0 1 0 -1 0 0 3020.DAT
1 47 0 -24 100 1 0 0 0 1 0 0 0 1 3020a.dat
1 47 0 -32 -10 1 0 0 0 1 0 0 0 1 3004.DAT
1 47 -60 -32 -20 -1 0 0 0 1 0 0 0 -1 2444.DAT
1 47 60 -32 -20 1 0 0 0 1 0 0 0 1 2444.DAT
1 47 -70 -30 -62 1 0 0 0 0 -1 0 1 0 6141.DAT
1 47 70 -30 -62 1 0 0 0 0 -1 0 1 0 6141.DAT
1 47 0 -32 50 1 0 0 0 1 0 0 0 1 3023.DAT
1 47 0 -32 20 1 0 0 0 1 0 0 0 1 3795.DAT
1 47 -50 -32 -50 0 0 1 0 1 0 -1 0 0 4081B.DAT
1 47 50 -32 -50 0 0 -1 0 1 0 1 0 0 4081B.DAT
1 47 0 -48 170 -1 0 0 0 1 0 0 0 -1 3039.DAT
1 47 0 -48 150 1 0 0 0 1 0 0 0 1 3004.DAT
1 47 0 -48 130 1 0 0 0 1 0 0 0 1 32000.DAT
1 47 0 -48 110 -1 0 0 0 1 0 0 0 -1 30526.DAT
1 47 -30 -48 100 0 0 1 0 1 0 -1 0 0 30237.DAT
1 47 30 -48 100 0 0 -1 0 1 0 1 0 0 30237.DAT
1 47 0 -48 90 1 0 0 0 1 0 0 0 1 32000.DAT
1 47 0 -48 70 -1 0 0 0 1 0 0 0 -1 30526.DAT
1 47 -70 -40 -20 0 0 1 0 1 0 -1 0 0 3023.DAT
1 47 70 -40 -20 0 0 1 0 1 0 -1 0 0 3023.DAT
1 47 -80 -44.512 12.362 -1 0 0 0 0.809017 -0.587785 0 -0.587785 -0.809017 6628.DAT
1 47 80 -44.512 12.362 1 0 0 0 0.809017 -0.587785 0 0.587785 0.809017 6628.DAT
1 47 0 -56 40 1 0 0 0 1 0 0 0 1 2456.DAT
1 47 -50 -56 0 0 0 1 0 1 0 -1 0 0 2877.DAT
1 47 50 -56 0 0 0 -1 0 1 0 1 0 0 2877.DAT
1 47 -50 -56 -30 1 0 0 0 1 0 0 0 1 3040B.DAT
1 47 50 -56 -30 1 0 0 0 1 0 0 0 1 3040B.DAT
1 47 -70 -48 -30 1 0 0 0 1 0 0 0 1 2555.DAT
1 47 70 -48 -30 1 0 0 0 1 0 0 0 1 2555.DAT
1 47 0 -56 150 0 0 1 0 1 0 -1 0 0 3021.DAT
1 47 -10 -56 70 0 0 1 0 1 0 -1 0 0 4085A.DAT
1 47 10 -56 70 0 0 -1 0 1 0 1 0 0 4085A.DAT
1 47 -10 -72 100 0 0 1 0 1 0 -1 0 0 3039.DAT
1 47 10 -72 100 0 0 -1 0 1 0 1 0 0 3039.DAT
1 47 0 -80 140 1 0 0 0 1 0 0 0 1 6232.DAT
1 47 0 -80 50 0 0 1 0 1 0 -1 0 0 3002.DAT
1 47 -40 -80 40 -1 0 0 0 1 0 0 0 -1 6232.DAT
1 47 40 -80 40 1 0 0 0 1 0 0 0 1 6232.DAT
1 47 -50 -80 10 1 0 0 0 1 0 0 0 1 4286.DAT
1 47 50 -80 10 1 0 0 0 1 0 0 0 1 4286.DAT
1 47 0 -80 100 1 0 0 0 1 0 0 0 1 3022.DAT
1 47 0 -104 140 1 0 0 0 1 0 0 0 1 3062B.DAT
1 47 50 -40 100 1 0 0 0 1 0 0 0 1 4095.DAT
1 47 0 -104 50 -1 0 0 0 1 0 0 0 -1 3039.DAT
1 47 0 -104 30 1 0 0 0 1 0 0 0 1 3660.DAT
1 47 -30 -104 20 0 0 1 0 1 0 -1 0 0 3039.DAT
1 47 30 -104 20 0 0 -1 0 1 0 1 0 0 3039.DAT
0 MLCAD HIDE 1 47 0 -108 -4 1 0 0 0 0.75471 0.656059 0 -0.656059 0.75471 Her.dat
1 47 0 -112 40 1 0 0 0 1 0 0 0 1 3022.DAT
1 47 0 -112 10 1 0 0 0 1 0 0 0 1 4315.DAT
1 47 0 -120 20 1 0 0 0 1 0 0 0 1 4150.DAT
1 47 0 -124 140 0 0 -1 0 1 0 1 0 0 4479.DAT
1 47 -50 -32 100 1 0 0 0 1 0 0 0 1 2569.DAT
1 47 50 -144 86 1 0 0 0 0 1 0 -1 0 4740.DAT
1 47 50 -144 78 1 0 0 0 0 1 0 -1 0 6141.DAT
1 47 50 -144 94 1 0 0 0 0 1 0 -1 0 2555.DAT
1 47 0 -108 -4 -1 0 0 0 -0.75471 0.656059 0 0.656059 0.75471 30083.DAT
1 47 -70 -54 -66 1 0 0 0 0 -1 0 1 0 6141.DAT
1 47 70 -54 -66 1 0 0 0 0 -1 0 1 0 6141.DAT
1 8 70 -54 -58 1 0 0 0 0 -1 0 1 0 757.dat
0 SYNTH BEGIN HOSE_FLEXIBLE_12L 1
0 SYNTH SHOW
0 MLCAD HIDE 1 2 30 -40 70 -1 0 0 0 1 0 0 0 -1 LS101.dat
0 MLCAD HIDE 1 1 50 -128 50 -0.707107 -0.707107 0 0 0 1 -0.707107 0.707107 0 LS02.dat
0 MLCAD HIDE 1 4 70 -54 -22 -1 0 0 0 0 1 0 1 0 LS101.dat
0 SYNTH SYNTHESIZED BEGIN
1 1 30 -40 70 -1 -0.0004 -0 0.0004 -1 -0.0004 -0 0.0004 -1 759.DAT
1 1 30.0144 -56.9636 69.9856 -0.9962 0.007 0.0868 -0.0064 -1 0.0076 -0.0869 -0.007 -0.9962 758.DAT
1 1 30.0826 -62.8984 69.9174 -0.9922 0.016 0.1234 -0.0139 -0.9997 0.0179 -0.1237 -0.016 -0.9922 758.DAT
1 1 30.2123 -68.8179 69.7877 -0.9868 0.0278 0.1596 -0.023 -0.9992 0.0319 -0.1604 -0.0278 -0.9867 758.DAT
1 1 30.4207 -74.7393 69.5793 -0.9798 0.0425 0.1954 -0.0333 -0.9982 0.05 -0.1971 -0.0425 -0.9795 758.DAT
1 1 30.7259 -80.6338 69.2741 -0.9713 0.0606 0.2301 -0.0449 -0.9963 0.073 -0.2337 -0.0606 -0.9704 758.DAT
1 1 31.1526 -86.5418 68.8474 -0.961 0.083 0.2639 -0.0577 -0.9931 0.1022 -0.2706 -0.083 -0.9591 758.DAT
1 1 31.7263 -92.3988 68.2737 -0.9488 0.1107 0.2957 -0.0719 -0.9877 0.1391 -0.3075 -0.1108 -0.9451 758.DAT
1 1 32.4876 -98.2231 67.5123 -0.9345 0.1459 0.3246 -0.0879 -0.9785 0.1867 -0.3449 -0.1459 -0.9272 758.DAT
1 1 33.4898 -103.984 66.5102 -0.9175 0.1913 0.3487 -0.1062 -0.9627 0.2489 -0.3833 -0.1913 -0.9036 758.DAT
1 1 34.8042 -109.611 65.1958 -0.8969 0.2513 0.3638 -0.1273 -0.9347 0.3318 -0.4235 -0.2513 -0.8704 758.DAT
1 1 36.5311 -114.979 63.4689 -0.8711 0.3321 0.3619 -0.152 -0.8829 0.4444 -0.4671 -0.3321 -0.8195 758.DAT
1 1 38.8256 -119.928 61.1744 -0.8369 0.4392 0.3267 -0.1791 -0.7837 0.5948 -0.5173 -0.4392 -0.7345 758.DAT
1 1 41.7952 -124.007 58.2048 -0.7917 0.5649 0.2325 -0.2021 -0.6014 0.773 -0.5765 -0.5649 -0.5903 758.DAT
1 1 45.4411 -126.735 54.5589 -0.7404 0.6683 0.0719 -0.2053 -0.3267 0.9226 -0.64 -0.6683 -0.3791 758.DAT
1 1 49.49 -127.776 50.4896 -0.7028 0.7034 -0.1068 -0.1803 -0.0309 0.9831 -0.6882 -0.7102 -0.1485 758.DAT
1 1 53.4416 -127.044 46.2623 -0.714 0.636 -0.2926 -0.1454 0.2741 0.9506 -0.6848 -0.7213 0.1033 758.DAT
1 1 56.8341 -124.708 42.119 -0.7448 0.5167 -0.4223 -0.1244 0.5142 0.8486 -0.6556 -0.6846 0.3187 758.DAT
1 1 59.5705 -121.226 38.2119 -0.777 0.4072 -0.48 -0.1148 0.6582 0.7441 -0.6189 -0.6333 0.4647 758.DAT
1 1 61.7239 -117.092 34.5974 -0.8067 0.3228 -0.495 -0.1113 0.7397 0.6637 -0.5804 -0.5905 0.5608 758.DAT
1 1 63.4508 -112.558 31.1827 -0.8335 0.2594 -0.4879 -0.1104 0.787 0.6069 -0.5414 -0.5597 0.6274 758.DAT
1 1 64.8438 -107.806 27.9233 -0.8576 0.2109 -0.4691 -0.1106 0.8151 0.5687 -0.5023 -0.5396 0.6757 758.DAT
1 1 65.978 -102.933 24.7639 -0.8793 0.1728 -0.4437 -0.1113 0.8315 0.5443 -0.463 -0.528 0.7119 758.DAT
1 1 66.91 -97.9772 21.646 -0.8991 0.1419 -0.4142 -0.112 0.84 0.5308 -0.4233 -0.5236 0.7394 758.DAT
1 1 67.6739 -92.9937 18.5377 -0.9168 0.1163 -0.382 -0.1125 0.8427 0.5265 -0.3831 -0.5257 0.7595 758.DAT
1 1 68.2965 -88.0193 15.4042 -0.9327 0.0946 -0.348 -0.1127 0.8402 0.5305 -0.3425 -0.534 0.773 758.DAT
1 1 68.8009 -83.0624 12.1935 -0.9469 0.0757 -0.3125 -0.1125 0.8324 0.5426 -0.3012 -0.5489 0.7797 758.DAT
1 1 69.202 -78.1556 8.8633 -0.9594 0.0593 -0.2758 -0.1114 0.8187 0.5633 -0.2592 -0.5712 0.7788 758.DAT
1 1 69.5083 -73.3867 5.3968 -0.9701 0.0446 -0.2386 -0.1095 0.797 0.594 -0.2167 -0.6023 0.7683 758.DAT
1 1 69.7341 -68.7569 1.6937 -0.9791 0.0315 -0.2007 -0.106 0.7636 0.6369 -0.1733 -0.6449 0.7443 758.DAT
1 1 69.8862 -64.3764 -2.3103 -0.9865 0.0198 -0.1625 -0.1003 0.7116 0.6954 -0.1293 -0.7023 0.7001 758.DAT
1 1 69.9731 -60.409 -6.7013 -0.9922 0.0096 -0.1243 -0.0908 0.628 0.7729 -0.0855 -0.7781 0.6223 758.DAT
1 1 70.0068 -57.1066 -11.5918 -0.9962 0.0018 -0.0867 -0.0747 0.4892 0.869 -0.044 -0.8722 0.4872 758.DAT
1 1 70.0076 -55.0598 -17.054 -0.9987 -0.0016 -0.05 -0.0492 0.2096 0.9765 -0.009 -0.9778 0.2095 758.DAT
1 1 69.9991 -53.9984 -42 -1 0 0 -0 -0.0001 1 0 1 0.0001 759.DAT
0 SYNTH SYNTHESIZED END
0 SYNTH END
1 8 30 -24 70 1 0 0 0 -1 0 0 0 -1 757.dat
1 8 -70 -54 -58 1 0 0 0 0 -1 0 1 0 757.dat
0 LPUB PLI BEGIN SUB 758C01.dat 14
0 SYNTH BEGIN PLI_HOSE_FLEXIBLE_12L 14
0 SYNTH SHOW
0 MLCAD HIDE 1 2 -30 -40 70 -1 0 0 0 1 0 0 0 -1 LS101.dat
0 MLCAD HIDE 1 14 -50 -128 50 -0.707107 0.707107 0 0 0 1 0.707107 0.707107 0 LS02.dat
0 MLCAD HIDE 1 4 -70 -54 -22 -1 0 0 0 0 1 0 1 0 LS101.dat
0 SYNTH SYNTHESIZED BEGIN
1 14 -30 -40 70 -1 0.0004 0 -0.0004 -1 -0.0004 0 0.0004 -1 759.DAT
1 14 -30.0144 -56.9636 69.9856 -0.9962 -0.007 -0.0868 0.0064 -1 0.0076 0.0869 -0.007 -0.9962 758.DAT
1 14 -30.0826 -62.8984 69.9174 -0.9922 -0.016 -0.1234 0.0139 -0.9997 0.0179 0.1237 -0.016 -0.9922 758.DAT
1 14 -30.2123 -68.8179 69.7877 -0.9868 -0.0278 -0.1596 0.023 -0.9992 0.0319 0.1604 -0.0278 -0.9867 758.DAT
1 14 -30.4207 -74.7393 69.5793 -0.9798 -0.0425 -0.1954 0.0333 -0.9982 0.05 0.1971 -0.0425 -0.9795 758.DAT
1 14 -30.7259 -80.6338 69.2741 -0.9713 -0.0606 -0.2301 0.0449 -0.9963 0.073 0.2337 -0.0606 -0.9704 758.DAT
1 14 -31.1526 -86.5418 68.8474 -0.961 -0.083 -0.2639 0.0577 -0.9931 0.1022 0.2706 -0.083 -0.9591 758.DAT
1 14 -31.7263 -92.3988 68.2737 -0.9488 -0.1107 -0.2957 0.0719 -0.9877 0.1391 0.3075 -0.1108 -0.9451 758.DAT
1 14 -32.4876 -98.2231 67.5123 -0.9345 -0.1459 -0.3246 0.0879 -0.9785 0.1867 0.3449 -0.1459 -0.9272 758.DAT
1 14 -33.4898 -103.984 66.5102 -0.9175 -0.1913 -0.3487 0.1062 -0.9627 0.2489 0.3833 -0.1913 -0.9036 758.DAT
1 14 -34.8042 -109.611 65.1958 -0.8969 -0.2513 -0.3638 0.1273 -0.9347 0.3318 0.4235 -0.2513 -0.8704 758.DAT
1 14 -36.5311 -114.979 63.4689 -0.8711 -0.3321 -0.3619 0.152 -0.8829 0.4444 0.4671 -0.3321 -0.8195 758.DAT
1 14 -38.8256 -119.928 61.1744 -0.8369 -0.4392 -0.3267 0.1791 -0.7837 0.5948 0.5173 -0.4392 -0.7345 758.DAT
1 14 -41.7952 -124.007 58.2048 -0.7917 -0.5649 -0.2325 0.2021 -0.6014 0.773 0.5765 -0.5649 -0.5903 758.DAT
1 14 -45.4411 -126.735 54.5589 -0.7404 -0.6683 -0.0719 0.2053 -0.3267 0.9226 0.64 -0.6683 -0.3791 758.DAT
1 14 -49.49 -127.776 50.4896 -0.7028 -0.7034 0.1068 0.1803 -0.0309 0.9831 0.6882 -0.7102 -0.1485 758.DAT
1 14 -53.4416 -127.044 46.2623 -0.714 -0.636 0.2926 0.1454 0.2741 0.9506 0.6848 -0.7213 0.1033 758.DAT
1 14 -56.8341 -124.708 42.119 -0.7448 -0.5167 0.4223 0.1244 0.5142 0.8486 0.6556 -0.6846 0.3187 758.DAT
1 14 -59.5705 -121.226 38.2119 -0.777 -0.4072 0.48 0.1148 0.6582 0.7441 0.6189 -0.6333 0.4647 758.DAT
1 14 -61.7239 -117.092 34.5974 -0.8067 -0.3228 0.495 0.1113 0.7397 0.6637 0.5804 -0.5905 0.5608 758.DAT
1 14 -63.4508 -112.558 31.1827 -0.8335 -0.2594 0.4879 0.1104 0.787 0.6069 0.5414 -0.5597 0.6274 758.DAT
1 14 -64.8438 -107.806 27.9233 -0.8576 -0.2109 0.4691 0.1106 0.8151 0.5687 0.5023 -0.5396 0.6757 758.DAT
1 14 -65.978 -102.933 24.7639 -0.8793 -0.1728 0.4437 0.1113 0.8315 0.5443 0.463 -0.528 0.7119 758.DAT
1 14 -66.91 -97.9772 21.646 -0.8991 -0.1419 0.4142 0.112 0.84 0.5308 0.4233 -0.5236 0.7394 758.DAT
1 14 -67.6739 -92.9937 18.5377 -0.9168 -0.1163 0.382 0.1125 0.8427 0.5265 0.3831 -0.5257 0.7595 758.DAT
1 14 -68.2965 -88.0193 15.4042 -0.9327 -0.0946 0.348 0.1127 0.8402 0.5305 0.3425 -0.534 0.773 758.DAT
1 14 -68.8009 -83.0624 12.1935 -0.9469 -0.0757 0.3125 0.1125 0.8324 0.5426 0.3012 -0.5489 0.7797 758.DAT
1 14 -69.202 -78.1556 8.8633 -0.9594 -0.0593 0.2758 0.1114 0.8187 0.5633 0.2592 -0.5712 0.7788 758.DAT
1 14 -69.5083 -73.3867 5.3968 -0.9701 -0.0446 0.2386 0.1095 0.797 0.594 0.2167 -0.6023 0.7683 758.DAT
1 14 -69.7341 -68.7569 1.6937 -0.9791 -0.0315 0.2007 0.106 0.7636 0.6369 0.1733 -0.6449 0.7443 758.DAT
1 14 -69.8862 -64.3764 -2.3103 -0.9865 -0.0198 0.1625 0.1003 0.7116 0.6954 0.1293 -0.7023 0.7001 758.DAT
1 14 -69.9731 -60.409 -6.7013 -0.9922 -0.0096 0.1243 0.0908 0.628 0.7729 0.0855 -0.7781 0.6223 758.DAT
1 14 -70.0068 -57.1066 -11.5918 -0.9962 -0.0018 0.0867 0.0747 0.4892 0.869 0.044 -0.8722 0.4872 758.DAT
1 14 -70.0076 -55.0598 -17.054 -0.9987 0.0016 0.05 0.0492 0.2096 0.9765 0.009 -0.9778 0.2095 758.DAT
1 14 -69.9991 -53.9984 -42 -1 -0 -0 0 -0.0001 1 -0 1 0.0001 759.DAT
0 SYNTH SYNTHESIZED END
0 SYNTH END
0 LPUB PLI END
1 8 -30 -24 70 1 0 0 0 -1 0 0 0 -1 757.dat
0
