0 HOSE_FLEXIBLE_8.5L-Synthesis
0 Name: HOSE_FLEXIBLE_8.5L-Synthesis.ldr
0 Author: Holly Wood
0 Unofficial Model
0 ROTATION CENTER 0 0 0 1 "Custom" 
0 ROTATION CONFIG 0 0
1 47 70 8 60 0 0 1 0 1 0 -1 0 0 3710.DAT
1 47 -70 0 60 0 0 1 0 1 0 -1 0 0 3023.DAT
1 47 70 0 60 0 0 1 0 1 0 -1 0 0 3023.DAT
1 47 0 0 0 0 0 -1 0 1 0 1 0 0 3934.DAT
1 47 0 0 120 0 0 -1 0 1 0 1 0 0 3933.DAT
1 47 20 -8 30 1 0 0 0 1 0 0 0 1 3794.DAT
1 47 70 -8 60 0 0 1 0 1 0 -1 0 0 3710.DAT
1 47 -70 -24 60 0 0 1 0 1 0 -1 0 0 3008.DAT
1 47 -70 -48 -10 0 0 -1 0 1 0 1 0 0 4070.DAT
1 47 -70 -48 10 1 0 0 0 1 0 0 0 1 3005.DAT
1 47 -70 -48 30 0 0 -1 0 1 0 1 0 0 4070.DAT
1 47 -70 -48 60 0 0 1 0 1 0 -1 0 0 3004.DAT
1 47 -70 -48 90 0 0 -1 0 1 0 1 0 0 4070.DAT
1 47 -70 -48 110 0 0 -1 0 1 0 1 0 0 4070.DAT
1 47 -70 -48 130 1 0 0 0 1 0 0 0 1 3005.DAT
0 STEP
0 BUFEXCHG A STORE
1 1 22 -38 -10 1 0 0 0 1 0 0 0 1 73590B.DAT
1 14 22 -38 30 1 0 0 0 1 0 0 0 1 73590B.DAT
1 6 22 -38 90 1 0 0 0 1 0 0 0 1 73590A.DAT
1 25 -30 -86 110 0 1 0 -1 0 0 0 0 1 73590A.DAT
0 STEP
0 BUFEXCHG A RETRIEVE
0 PLIST BEGIN ING
1 1 -10 -16 10 1 0 0 0 1 0 0 0 1 750.DAT
1 1 -48 -38 -10 0 -1 0 1 0 0 0 0 1 750.DAT
0 SYNTH BEGIN HOSE_FLEXIBLE_8.5L 1
0 SYNTH SHOW
0 MLCAD HIDE 1 2 -10 -16 10 1 0 0 0 1 0 0 0 1 LS100.dat
0 MLCAD HIDE 1 1 -10 -39 10 1 0 0 0 1 0 0 0 1 LS02.dat
0 MLCAD HIDE 1 1 18.942 -64.911 0 -0.707 -0.707 0 0.707 -0.707 0 0 0 1 LS02.dat
0 MLCAD HIDE 1 4 -43 -38 -10 0 1 0 -1 0 0 0 0 1 LS100.dat
0 SYNTH SYNTHESIZED BEGIN
1 1 -10 -16 10 1 0 0 0 -1 0 0 0 1 755.DAT
1 1 -10 -22.9516 10 0.9998 0 0.0222 0 -1 0 -0.0222 0 0.9998 756.DAT
1 1 -10 -26.3657 10 0.9991 0 0.0413 0 -1 0 -0.0413 0 0.9991 756.DAT
1 1 -10 -29.7809 10 0.9982 0 0.0604 0 -1 0 -0.0604 0 0.9982 756.DAT
1 1 -10 -33.2004 10 0.9968 0 0.0795 0 -1 0 -0.0795 0 0.9968 756.DAT
1 1 -10 -36.6159 10 0.9951 0 0.0986 0 -1 0 -0.0986 0 0.9951 756.DAT
1 1 -9.9946 -40.0278 9.9932 0.9931 0.0018 0.1176 0.002 -1 -0.002 -0.1176 -0.0023 0.9931 756.DAT
1 1 -9.9358 -43.4462 9.9211 0.9904 0.0194 0.1368 0.0224 -0.9995 -0.0208 -0.1364 -0.0237 0.9904 756.DAT
1 1 -9.7981 -46.8652 9.7609 0.9867 0.0432 0.1565 0.0504 -0.9978 -0.0427 -0.1544 -0.05 0.9867 756.DAT
1 1 -9.5678 -50.259 9.5083 0.9817 0.0709 0.1766 0.0833 -0.9945 -0.0638 -0.1712 -0.0773 0.9822 756.DAT
1 1 -9.227 -53.6435 9.1579 0.9748 0.1037 0.1974 0.1222 -0.989 -0.084 -0.1865 -0.106 0.9767 756.DAT
1 1 -8.7547 -56.9842 8.7058 0.9652 0.1435 0.2186 0.169 -0.9802 -0.103 -0.1995 -0.1364 0.9704 756.DAT
1 1 -8.1146 -60.3039 8.1396 0.9512 0.1929 0.2407 0.2265 -0.9665 -0.1206 -0.2094 -0.1692 0.9631 756.DAT
1 1 -7.2701 -63.5174 7.4574 0.93 0.2562 0.2634 0.2988 -0.9446 -0.136 -0.214 -0.2052 0.955 756.DAT
1 1 -6.1382 -66.6433 6.6334 0.8952 0.3408 0.287 0.393 -0.9075 -0.1482 -0.21 -0.2455 0.9464 756.DAT
1 1 -4.6251 -69.5477 5.6611 0.8337 0.4567 0.3105 0.5183 -0.8411 -0.1545 -0.1906 -0.2897 0.9379 756.DAT
1 1 -2.5982 -72.0217 4.5452 0.7155 0.6155 0.3305 0.6838 -0.7139 -0.1507 -0.1432 -0.3338 0.9317 756.DAT
1 1 0.0657 -73.7261 3.3377 0.4876 0.8055 0.3369 0.8715 -0.4725 -0.1316 -0.0531 -0.3578 0.9323 756.DAT
1 1 3.2134 -74.2783 2.2134 0.146 0.9381 0.3141 0.9874 -0.1189 -0.1041 0.0603 -0.3254 0.9437 756.DAT
1 1 6.4266 -73.7106 1.3447 -0.175 0.9472 0.2686 0.9749 0.2049 -0.0875 0.1379 -0.2466 0.9593 756.DAT
1 1 9.4753 -72.3832 0.7444 -0.39 0.8937 0.2218 0.9055 0.4159 -0.0836 0.167 -0.1682 0.9715 756.DAT
1 1 12.3478 -70.5834 0.3527 -0.5222 0.8334 0.1811 0.836 0.5422 -0.0846 0.1687 -0.1072 0.9798 756.DAT
1 1 15.0393 -68.4966 0.1238 -0.6062 0.7818 0.1462 0.7794 0.6205 -0.0865 0.1584 -0.0615 0.9855 756.DAT
1 1 17.5818 -66.2227 0.0192 -0.663 0.7397 0.1153 0.7349 0.6724 -0.088 0.1426 -0.0264 0.9894 756.DAT
1 1 19.9761 -63.7967 -0.0121 -0.7107 0.6971 0.0941 0.6923 0.7169 -0.0821 0.1247 -0.0068 0.9922 756.DAT
1 1 22.0429 -61.0922 -0.1205 -0.7972 0.5939 0.1081 0.5938 0.8038 -0.0364 0.1085 -0.0352 0.9935 756.DAT
1 1 23.4537 -57.9954 -0.3993 -0.9133 0.386 0.1299 0.3939 0.9183 0.0403 0.1037 -0.0879 0.9907 756.DAT
1 1 23.6136 -54.6611 -0.9141 -0.9909 0.0011 0.1348 0.0226 0.9872 0.1581 0.1329 -0.1597 0.9782 756.DAT
1 1 22.2863 -51.6765 -1.5969 -0.8923 -0.4426 0.0889 -0.4055 0.8723 0.2732 0.1984 -0.2078 0.9578 756.DAT
1 1 19.9894 -49.303 -2.3176 -0.7071 -0.7066 0.0269 -0.6621 0.6749 0.3258 0.2484 -0.2125 0.945 756.DAT
1 1 17.217 -47.4517 -3.0124 -0.5619 -0.8271 -0.0169 -0.782 0.5244 0.3368 0.2697 -0.2024 0.9414 756.DAT
1 1 14.2263 -45.9747 -3.6662 -0.4611 -0.8862 -0.045 -0.8438 0.4222 0.3315 0.2747 -0.1908 0.9424 756.DAT
1 1 11.1162 -44.7582 -4.2821 -0.3881 -0.9194 -0.0636 -0.8807 0.3496 0.3195 0.2715 -0.1801 0.9454 756.DAT
1 1 7.8943 -43.7186 -4.8718 -0.3325 -0.94 -0.0764 -0.9055 0.2956 0.3043 0.2635 -0.1703 0.9495 756.DAT
1 1 4.6413 -42.8338 -5.4274 -0.2886 -0.9537 -0.085 -0.9235 0.2538 0.2876 0.2527 -0.1615 0.954 756.DAT
1 1 1.3694 -42.0719 -5.9517 -0.2524 -0.9634 -0.0908 -0.9374 0.2201 0.27 0.2401 -0.1532 0.9586 756.DAT
1 1 -1.9614 -41.3998 -6.4542 -0.2216 -0.9706 -0.0944 -0.9486 0.1921 0.2516 0.2261 -0.1453 0.9632 756.DAT
1 1 -5.2708 -40.8193 -6.9238 -0.195 -0.9761 -0.0961 -0.9578 0.1684 0.2331 0.2113 -0.1375 0.9677 756.DAT
1 1 -8.6182 -40.3064 -7.3704 -0.1713 -0.9805 -0.0964 -0.9656 0.1477 0.2142 0.1957 -0.1298 0.972 756.DAT
1 1 -11.9714 -39.8582 -7.7891 -0.15 -0.9841 -0.0953 -0.9722 0.1293 0.195 0.1796 -0.1219 0.9762 756.DAT
1 1 -15.3648 -39.4633 -8.1837 -0.1304 -0.9871 -0.0929 -0.978 0.1127 0.1756 0.1629 -0.1137 0.9801 756.DAT
1 1 -18.746 -39.1234 -8.5467 -0.1125 -0.9897 -0.0891 -0.9829 0.0976 0.1562 0.1459 -0.1052 0.9837 756.DAT
1 1 -22.1262 -38.8327 -8.8778 -0.0957 -0.9919 -0.0841 -0.9871 0.0836 0.1367 0.1286 -0.096 0.987 756.DAT
1 1 -25.5177 -38.587 -9.176 -0.0798 -0.9938 -0.0775 -0.9906 0.0704 0.1171 0.111 -0.0862 0.9901 756.DAT
1 1 -28.9054 -38.3854 -9.4366 -0.0647 -0.9955 -0.0694 -0.9935 0.0577 0.0976 0.0931 -0.0753 0.9928 756.DAT
1 1 -32.3034 -38.2258 -9.6561 -0.05 -0.997 -0.0593 -0.9959 0.0453 0.078 0.0751 -0.0629 0.9952 756.DAT
1 1 -35.7254 -38.1074 -9.8295 -0.0357 -0.9983 -0.0468 -0.9978 0.033 0.0583 0.0567 -0.0488 0.9972 756.DAT
1 1 -39.1282 -38.0329 -9.9457 -0.0216 -0.9993 -0.0313 -0.999 0.0204 0.0388 0.0382 -0.0321 0.9988 756.DAT
1 1 -42.5506 -38.0031 -9.9947 -0.0073 -0.9999 -0.0117 -0.9998 0.0071 0.0194 0.0193 -0.0118 0.9997 756.DAT
1 1 -47.9995 -37.9647 -10.059 -0.0071 0.9999 -0.0118 -1 -0.0071 0 -0.0001 0.0118 0.9999 755.DAT
0 SYNTH SYNTHESIZED END
0 SYNTH END
1 14 20 -24 30 1 0 0 0 1 0 0 0 1 750.DAT
1 14 -48 -38 30 0 -1 0 1 0 0 0 0 1 750.DAT
0 LPUB PLI BEGIN SUB 73590b.dat 14
0 SYNTH BEGIN PLI_HOSE_FLEXIBLE_8.5L_WITH_TABS 14
0 SYNTH SHOW
0 MLCAD HIDE 1 2 20 -24 30 0 0 1 0 1 0 -1 0 0 LS100.dat
0 MLCAD HIDE 1 14 20 -35 30 0 0 1 0 1 0 -1 0 0 LS02.dat
0 MLCAD HIDE 1 14 -4.058 -80.911 30 0 1 0 0 0 -1 -1 0 0 LS02.dat
0 MLCAD HIDE 1 14 -35.058 -37.911 30 0 1 0 0 0 -1 -1 0 0 LS02.dat
0 MLCAD HIDE 1 4 -43 -38 30 0 1 0 0 0 -1 -1 0 0 LS100.dat
0 SYNTH SYNTHESIZED BEGIN
1 14 20 -24 30 0 0 1 0 -1 0 -1 0 0 755.DAT
1 14 20 -30.951 30 -0.0002 0 1 0 -1 0 -1 0 -0.0002 756.DAT
1 14 20 -33.7753 30 -0.0004 0 1 0 -1 0 -1 0 -0.0004 756.DAT
1 14 20.0018 -36.6008 30 -0.0005 0.0006 1 -0 -1 0.0006 -1 0 -0.0005 756.DAT
1 14 20.0127 -39.4419 30 -0.0007 0.0037 1 -0 -1 0.0037 -1 0 -0.0007 756.DAT
1 14 20.0252 -42.2515 30 -0.0008 0.0044 1 -0 -1 0.0044 -1 0 -0.0008 756.DAT
1 14 20.0292 -45.0794 30 -0.001 0.0016 1 -0 -1 0.0016 -1 0 -0.001 756.DAT
1 14 20.0136 -47.8981 30 -0.0011 -0.0051 1 0 -1 -0.0051 -1 0 -0.0011 756.DAT
1 14 19.9651 -50.7378 30 -0.0013 -0.0165 0.9999 0 -0.9999 -0.0165 -1 0 -0.0013 756.DAT
1 14 19.8685 -53.5381 30 -0.0014 -0.0333 0.9994 0 -0.9994 -0.0333 -1 0 -0.0014 756.DAT
1 14 19.7034 -56.3551 30 -0.0016 -0.0571 0.9984 0.0001 -0.9984 -0.0571 -1 0 -0.0016 756.DAT
1 14 19.4447 -59.182 30 -0.0017 -0.0893 0.996 0.0002 -0.996 -0.0893 -1 0 -0.0017 756.DAT
1 14 19.0642 -61.9761 30 -0.0019 -0.1322 0.9912 0.0003 -0.9912 -0.1322 -1 0 -0.0019 756.DAT
1 14 18.5216 -64.7464 30 -0.002 -0.1887 0.982 0.0004 -0.982 -0.1887 -1 0 -0.002 756.DAT
1 14 17.7699 -67.4592 30 -0.0021 -0.2623 0.965 0.0006 -0.965 -0.2623 -1 0 -0.0022 756.DAT
1 14 16.748 -70.0915 30 -0.0022 -0.3561 0.9344 0.0008 -0.9344 -0.3561 -1 0 -0.0024 756.DAT
1 14 15.3993 -72.5671 30 -0.0022 -0.4713 0.882 0.0012 -0.882 -0.4713 -1 0 -0.0025 756.DAT
1 14 13.6733 -74.817 30 -0.0021 -0.6015 0.7989 0.0016 -0.7989 -0.6015 -1 0 -0.0027 756.DAT
1 14 11.5873 -76.7281 30 -0.0019 -0.7302 0.6832 0.0021 -0.6832 -0.7302 -1 0 -0.0028 756.DAT
1 14 9.2102 -78.2404 30 -0.0016 -0.8376 0.5463 0.0025 -0.5463 -0.8376 -1 0 -0.003 756.DAT
1 14 6.6339 -79.3543 30 -0.0013 -0.9135 0.4069 0.0028 -0.4069 -0.9135 -1 0 -0.0031 756.DAT
1 14 3.9008 -80.134 30 -0.0009 -0.9596 0.2815 0.0031 -0.2815 -0.9596 -1 0 -0.0033 756.DAT
1 14 1.1266 -80.6128 30 -0.0006 -0.9842 0.177 0.0034 -0.177 -0.9842 -1 0 -0.0034 756.DAT
1 14 -1.6883 -80.8592 30 -0.0003 -0.9957 0.0924 0.0036 -0.0924 -0.9957 -1 0 -0.0036 756.DAT
1 14 -4.4961 -80.9137 30 -0.0001 -0.9997 0.0241 0.0037 -0.0241 -0.9997 -1 0 -0.0037 756.DAT
1 14 -7.3114 -80.6762 30 0.0003 -0.997 -0.0778 0.0039 0.0778 -0.997 -1 0 -0.0039 756.DAT
1 14 -10.0696 -79.9636 30 0.001 -0.9704 -0.2415 0.0039 0.2415 -0.9704 -1 0 -0.004 756.DAT
1 14 -12.5757 -78.6687 30 0.0019 -0.8948 -0.4465 0.0037 0.4465 -0.8948 -1 0 -0.0042 756.DAT
1 14 -14.6671 -76.782 30 0.0029 -0.7538 -0.6572 0.0033 0.6572 -0.7537 -1 0 -0.0043 756.DAT
1 14 -16.2374 -74.4603 30 0.0037 -0.5745 -0.8185 0.0026 0.8185 -0.5745 -1 0 -0.0045 756.DAT
1 14 -17.3612 -71.8707 30 0.0042 -0.4092 -0.9125 0.0019 0.9125 -0.4092 -1 0 -0.0046 756.DAT
1 14 -18.148 -69.145 30 0.0046 -0.2847 -0.9586 0.0014 0.9586 -0.2847 -1 0 -0.0048 756.DAT
1 14 -18.6951 -66.3811 30 0.0049 -0.1997 -0.9798 0.001 0.9798 -0.1997 -1 0 -0.005 756.DAT
1 14 -19.0945 -63.5941 30 0.005 -0.1454 -0.9894 0.0007 0.9894 -0.1454 -1 0 -0.0051 756.DAT
1 14 -19.4156 -60.7765 30 0.0052 -0.115 -0.9934 0.0006 0.9934 -0.115 -1 0 -0.0053 756.DAT
1 14 -19.7101 -57.9645 30 0.0054 -0.1047 -0.9945 0.0006 0.9945 -0.1047 -1 0 -0.0054 756.DAT
1 14 -20.0313 -55.1592 30 0.0055 -0.1132 -0.9936 0.0006 0.9936 -0.1132 -1 0 -0.0056 756.DAT
1 14 -20.4356 -52.3618 30 0.0057 -0.1413 -0.9899 0.0008 0.99 -0.1413 -1 0 -0.0057 756.DAT
1 14 -20.9861 -49.6111 30 0.0058 -0.1926 -0.9813 0.0011 0.9813 -0.1926 -1 0 -0.0059 756.DAT
1 14 -21.7735 -46.9093 30 0.0058 -0.2744 -0.9616 0.0017 0.9616 -0.2744 -1 0 -0.006 756.DAT
1 14 -22.9147 -44.3014 30 0.0057 -0.3945 -0.9189 0.0024 0.9189 -0.3945 -1 0 -0.0062 756.DAT
1 14 -24.505 -41.9841 30 0.0053 -0.5554 -0.8315 0.0035 0.8316 -0.5554 -1 0 -0.0063 756.DAT
1 14 -26.6141 -40.1037 30 0.0044 -0.7363 -0.6767 0.0048 0.6767 -0.7363 -1 0 -0.0065 756.DAT
1 14 -29.1358 -38.8198 30 0.0031 -0.8838 -0.4678 0.0059 0.4678 -0.8838 -1 0 -0.0066 756.DAT
1 14 -31.8618 -38.1303 30 0.0018 -0.9656 -0.26 0.0065 0.26 -0.9656 -1 0 -0.0068 756.DAT
1 14 -34.6731 -37.9015 30 0.0006 -0.9957 -0.0921 0.0069 0.0921 -0.9957 -1 0 -0.0069 756.DAT
1 14 -37.5018 -37.9238 30 -0 -1 0.0021 0.0071 -0.0021 -1 -1 0 -0.0071 756.DAT
1 14 -40.3068 -37.9815 30 -0.0001 -0.9998 0.0193 0.0072 -0.0193 -0.9998 -1 0 -0.0072 756.DAT
1 14 -43.13 -38.0008 30 -0.0001 -1 0.0075 0.0074 -0.0075 -0.9999 -1 0 -0.0074 756.DAT
1 14 -47.9999 -38.0377 30 -0.0001 1 0.0075 0.0075 0.0075 -0.9999 -1 0 -0.0075 755.DAT
0 SYNTH SYNTHESIZED END
0 SYNTH END
0 LPUB PLI END
1 6 -46 -38 90 0 -1 0 1 0 0 0 0 1 752.DAT
1 6 10 -18 10 1 0 0 0 1 0 0 0 1 752.DAT
0 SYNTH BEGIN HOSE_FLEXIBLE_8.5L 6
0 SYNTH SHOW
0 MLCAD HIDE 1 2 -46 -38 90 0 -1 0 1 0 0 0 0 1 LS100.dat
0 MLCAD HIDE 1 6 -37 -38 90 0 -1 0 1 0 0 0 0 1 LS02.dat
0 MLCAD HIDE 1 6 10 -30 10 0 0 1 0 -1 0 1 0 0 LS02.dat
0 MLCAD HIDE 1 4 10 -23 10 0 0 1 0 -1 0 1 0 0 LS100.dat
0 SYNTH SYNTHESIZED BEGIN
1 6 -46 -38 90 0 1 0 1 0 0 0 0 1 755.DAT
1 6 -39.0475 -38 90 0 1 0 1 0 -0.0038 0.0038 0 1 756.DAT
1 6 -36.5886 -38 90 0 1 0 1 0 -0.0062 0.0062 0 1 756.DAT
1 6 -34.1401 -38.0532 89.8042 0.0183 0.9977 0.0651 0.9998 -0.0177 -0.0092 0.008 -0.0653 0.9978 756.DAT
1 6 -31.7473 -38.2096 89.2176 0.0576 0.9767 0.2066 0.9983 -0.0553 -0.0168 0.005 -0.2072 0.9783 756.DAT
1 6 -29.4379 -38.4436 88.3194 0.0921 0.9381 0.3339 0.9957 -0.0875 -0.0288 -0.0022 -0.3351 0.9422 756.DAT
1 6 -27.2758 -38.7349 87.1739 0.1202 0.8898 0.4403 0.9927 -0.1129 -0.0428 -0.0116 -0.4422 0.8968 756.DAT
1 6 -25.2606 -39.0673 85.8344 0.1423 0.8382 0.5265 0.9896 -0.1319 -0.0575 -0.0213 -0.5292 0.8482 756.DAT
1 6 -23.356 -39.4321 84.3256 0.1594 0.7873 0.5956 0.9867 -0.1456 -0.0717 -0.0303 -0.5992 0.8001 756.DAT
1 6 -21.5583 -39.819 82.6812 0.1726 0.7396 0.6505 0.9843 -0.1549 -0.0849 -0.038 -0.655 0.7547 756.DAT
1 6 -19.861 -40.2195 80.9304 0.1826 0.6965 0.694 0.9822 -0.1609 -0.0969 -0.0441 -0.6993 0.7134 756.DAT
1 6 -18.2848 -40.6205 79.1233 0.1902 0.6577 0.7289 0.9805 -0.1642 -0.1077 -0.0488 -0.7352 0.6761 756.DAT
1 6 -16.7698 -41.0291 77.2236 0.1962 0.6227 0.7575 0.9792 -0.1656 -0.1176 -0.0522 -0.7648 0.6422 756.DAT
1 6 -15.3358 -41.4347 75.2724 0.2009 0.5912 0.7811 0.9781 -0.1653 -0.1265 -0.0543 -0.7894 0.6115 756.DAT
1 6 -13.9529 -41.8402 73.2509 0.2046 0.563 0.8007 0.9773 -0.1637 -0.1346 -0.0553 -0.8101 0.5837 756.DAT
1 6 -12.659 -42.2304 71.2275 0.2074 0.5377 0.8172 0.9767 -0.161 -0.1419 -0.0553 -0.8276 0.5586 756.DAT
1 6 -11.4052 -42.6154 69.146 0.2095 0.5147 0.8314 0.9763 -0.1573 -0.1487 -0.0543 -0.8428 0.5355 756.DAT
1 6 -10.207 -42.9871 67.041 0.2112 0.4937 0.8436 0.976 -0.1527 -0.1549 -0.0524 -0.8561 0.5142 756.DAT
1 6 -9.04 -43.3497 64.8829 0.2123 0.4746 0.8542 0.9759 -0.1474 -0.1607 -0.0496 -0.8678 0.4944 756.DAT
1 6 -7.9362 -43.6903 62.7371 0.2131 0.457 0.8635 0.976 -0.1412 -0.1661 -0.046 -0.8782 0.4761 756.DAT
1 6 -6.8556 -44.0182 60.5387 0.2135 0.4407 0.8719 0.9761 -0.1342 -0.1711 -0.0416 -0.8876 0.4588 756.DAT
1 6 -5.8113 -44.3265 58.3198 0.2135 0.4257 0.8793 0.9763 -0.1264 -0.1759 -0.0363 -0.896 0.4426 756.DAT
1 6 -4.8156 -44.6088 56.1129 0.2132 0.4118 0.886 0.9765 -0.1178 -0.1803 -0.0301 -0.9036 0.4272 756.DAT
1 6 -3.833 -44.8724 53.849 0.2127 0.3987 0.8921 0.9769 -0.1082 -0.1845 -0.023 -0.9107 0.4124 756.DAT
1 6 -2.8913 -45.1065 51.5944 0.2117 0.3864 0.8977 0.9772 -0.0977 -0.1884 -0.0149 -0.9171 0.3983 756.DAT
1 6 -1.9722 -45.313 49.3131 0.2105 0.3749 0.9029 0.9776 -0.0861 -0.1922 -0.0057 -0.9231 0.3846 756.DAT
1 6 -1.0878 -45.4854 47.0381 0.2089 0.3639 0.9077 0.9779 -0.0734 -0.1956 0.0046 -0.9285 0.3712 756.DAT
1 6 -0.2212 -45.6238 44.7326 0.2069 0.3536 0.9122 0.9782 -0.0592 -0.1989 0.0163 -0.9335 0.3581 756.DAT
1 6 0.6157 -45.7219 42.4311 0.2045 0.3437 0.9166 0.9784 -0.0435 -0.202 0.0295 -0.9381 0.3452 756.DAT
1 6 1.4246 -45.7754 40.1331 0.2016 0.3342 0.9207 0.9785 -0.026 -0.2048 0.0445 -0.9422 0.3322 756.DAT
1 6 2.2201 -45.7803 37.8015 0.1981 0.3249 0.9248 0.9783 -0.0063 -0.2073 0.0616 -0.9457 0.3191 756.DAT
1 6 2.9896 -45.7285 35.4739 0.1939 0.3159 0.9288 0.9777 0.0161 -0.2096 0.0812 -0.9487 0.3057 756.DAT
1 6 3.7464 -45.6116 33.1141 0.1889 0.3069 0.9328 0.9765 0.0418 -0.2115 0.1039 -0.9508 0.2918 756.DAT
1 6 4.4773 -45.4206 30.764 0.1831 0.2981 0.9368 0.9745 0.0711 -0.213 0.1301 -0.9519 0.2774 756.DAT
1 6 5.1817 -45.1449 28.43 0.1761 0.2891 0.941 0.9712 0.1049 -0.214 0.1605 -0.9515 0.2623 756.DAT
1 6 5.8572 -44.7698 26.122 0.1677 0.2798 0.9453 0.966 0.1449 -0.2142 0.1969 -0.9491 0.246 756.DAT
1 6 6.5243 -44.2655 23.7741 0.1574 0.2698 0.95 0.9578 0.1926 -0.2134 0.2406 -0.9435 0.2281 756.DAT
1 6 7.1543 -43.6209 21.4871 0.1451 0.2588 0.955 0.945 0.2497 -0.2112 0.2932 -0.9331 0.2084 756.DAT
1 6 7.7512 -42.8014 19.2523 0.13 0.2462 0.9605 0.925 0.3188 -0.2069 0.3571 -0.9153 0.1863 756.DAT
1 6 8.3038 -41.7717 17.1164 0.1114 0.2308 0.9666 0.893 0.4036 -0.1993 0.4361 -0.8853 0.1611 756.DAT
1 6 8.8156 -40.4622 15.0744 0.089 0.211 0.9734 0.8414 0.5071 -0.1868 0.5331 -0.8356 0.1324 756.DAT
1 6 9.2547 -38.8545 13.2629 0.0631 0.1848 0.9808 0.7599 0.6282 -0.1672 0.647 -0.7558 0.1008 756.DAT
1 6 9.6048 -36.9213 11.7698 0.0359 0.1502 0.988 0.6372 0.7581 -0.1384 0.7698 -0.6346 0.0685 756.DAT
1 6 9.8473 -34.7065 10.7008 0.0123 0.108 0.9941 0.4727 0.8754 -0.101 0.8811 -0.4711 0.0403 756.DAT
1 6 9.9778 -32.3232 10.1065 -0.0028 0.0635 0.998 0.286 0.9564 -0.06 0.9582 -0.2852 0.0208 756.DAT
1 6 10.0113 -29.8787 9.9479 -0.0084 0.0231 0.9997 0.1065 0.9941 -0.022 0.9943 -0.1063 0.0108 756.DAT
1 6 10.0002 -27.4138 9.9989 -0.0072 0.0004 1 0.0021 1 -0.0004 1 -0.0021 0.0072 756.DAT
1 6 10 -24.9642 10 -0.0048 -0 1 -0 1 0 1 0 0.0048 756.DAT
1 6 10 -22.5079 10 -0.0024 -0 1 -0 1 0 1 0 0.0024 756.DAT
1 6 10 -18 10.0001 -0 0 1 -0 -1 0 1 -0 0 755.DAT
0 SYNTH SYNTHESIZED END
0 SYNTH END
1 25 -30 -18 110 1 0 0 0 1 0 0 0 1 752.DAT
1 25 -46 -38 110 0 -1 0 1 0 0 0 0 1 752.DAT
0 LPUB PLI BEGIN SUB 73590a.dat 25
0 SYNTH BEGIN PLI_HOSE_FLEXIBLE_8.5L_WITHOUT_TABS 25
0 SYNTH SHOW
0 MLCAD HIDE 1 2 -30 -18 110 0 0 -1 0 1 0 1 0 0 LS100.dat
0 MLCAD HIDE 1 25 0 -49 110 0 -0.707107 -0.707107 0 0.707107 -0.707107 1 0 0 LS02.dat
0 MLCAD HIDE 1 25 -25 -72 110 0 0.707107 0.707107 0 -0.707107 0.707107 1 0 0 LS02.dat
0 MLCAD HIDE 1 4 -41 -38 110 0 1 0 0 0 1 1 0 0 LS100.dat
0 SYNTH SYNTHESIZED BEGIN
1 25 -30 -18 110 0 0.0482 -0.9988 0 -0.9988 -0.0482 1 0 0 755.DAT
1 25 -29.3305 -24.9064 110 0.0019 0.1597 -0.9872 0.0003 -0.9872 -0.1597 1 0 0.0019 756.DAT
1 25 -28.4237 -27.8381 110 0.0033 0.2986 -0.9544 0.001 -0.9544 -0.2986 1 0 0.0034 756.DAT
1 25 -26.9805 -30.5356 110 0.0044 0.4751 -0.8799 0.0024 -0.88 -0.4751 1 0 0.005 756.DAT
1 25 -24.9905 -32.8427 110 0.0049 0.6557 -0.755 0.0042 -0.755 -0.6557 1 0 0.0065 756.DAT
1 25 -22.5855 -34.7282 110 0.0049 0.7892 -0.6141 0.0063 -0.6141 -0.7892 1 0 0.008 756.DAT
1 25 -19.9579 -36.2846 110 0.0048 0.8616 -0.5076 0.0081 -0.5077 -0.8615 1 0 0.0095 756.DAT
1 25 -17.2344 -37.6683 110 0.005 0.892 -0.4519 0.0098 -0.452 -0.892 0.9999 0 0.011 756.DAT
1 25 -14.4809 -39.0153 110 0.0055 0.8984 -0.4391 0.0112 -0.4391 -0.8984 0.9999 0 0.0125 756.DAT
1 25 -11.7605 -40.4104 110 0.0064 0.8896 -0.4566 0.0124 -0.4567 -0.8896 0.9999 0 0.014 756.DAT
1 25 -9.0899 -41.9233 110 0.0076 0.8696 -0.4937 0.0135 -0.4937 -0.8695 0.9999 0 0.0155 756.DAT
1 25 -6.5205 -43.5761 110 0.0092 0.8405 -0.5418 0.0143 -0.5418 -0.8404 0.9999 0 0.017 756.DAT
1 25 -4.0515 -45.3954 110 0.011 0.8042 -0.5942 0.0149 -0.5943 -0.8041 0.9998 0 0.0185 756.DAT
1 25 -1.7232 -47.364 110 0.0129 0.7629 -0.6463 0.0152 -0.6465 -0.7628 0.9998 0 0.02 756.DAT
1 25 0.4799 -49.491 110 0.0149 0.7185 -0.6954 0.0154 -0.6955 -0.7183 0.9998 0 0.0215 756.DAT
1 25 2.5072 -51.7753 110 0.0172 0.6628 -0.7486 0.0152 -0.7488 -0.6626 0.9997 0 0.023 756.DAT
1 25 4.3194 -54.2429 110 0.0198 0.5904 -0.8068 0.0145 -0.8071 -0.5903 0.9997 0 0.0245 756.DAT
1 25 5.8515 -56.8881 110 0.0225 0.4995 -0.866 0.013 -0.8663 -0.4993 0.9997 0 0.026 756.DAT
1 25 7.0413 -59.7144 110 0.0254 0.3854 -0.9224 0.0106 -0.9227 -0.3853 0.9996 0 0.0275 756.DAT
1 25 7.805 -62.6874 110 0.0281 0.2456 -0.969 0.0071 -0.9694 -0.2455 0.9996 0 0.029 756.DAT
1 25 8.0546 -65.7246 110 0.0304 0.0793 -0.9964 0.0024 -0.9969 -0.0792 0.9995 0 0.0305 756.DAT
1 25 7.7307 -68.7622 110 0.0318 -0.1094 -0.9935 -0.0035 -0.994 0.1094 0.9995 0 0.032 756.DAT
1 25 6.7989 -71.673 110 0.0319 -0.3085 -0.9507 -0.0103 -0.9512 0.3083 0.9994 0 0.0335 756.DAT
1 25 5.278 -74.3072 110 0.0303 -0.5026 -0.864 -0.0176 -0.8645 0.5023 0.9994 0 0.035 756.DAT
1 25 3.2188 -76.5745 110 0.0269 -0.6756 -0.7367 -0.0247 -0.7372 0.6752 0.9993 0 0.0365 756.DAT
1 25 0.7342 -78.3559 110 0.022 -0.815 -0.579 -0.031 -0.5794 0.8144 0.9993 0 0.038 756.DAT
1 25 -2.0493 -79.5905 110 0.0159 -0.9154 -0.4023 -0.0362 -0.4027 0.9146 0.9992 0 0.0395 756.DAT
1 25 -5.0386 -80.2754 110 0.009 -0.9757 -0.219 -0.04 -0.2192 0.9749 0.9992 0 0.041 756.DAT
1 25 -8.0887 -80.4106 110 0.0017 -0.9992 -0.0411 -0.0425 -0.0411 0.9983 0.9991 0 0.0425 756.DAT
1 25 -11.1088 -80.0396 110 -0.0055 -0.9922 0.1241 -0.0437 0.1243 0.9913 0.999 0 0.044 756.DAT
1 25 -14.0733 -79.2163 110 -0.0123 -0.9625 0.2709 -0.0438 0.2712 0.9615 0.999 0 0.0455 756.DAT
1 25 -16.8823 -78.0113 110 -0.0186 -0.918 0.3961 -0.0432 0.3965 0.917 0.9989 0 0.047 756.DAT
1 25 -19.5191 -76.4887 110 -0.0243 -0.8651 0.501 -0.042 0.5016 0.8641 0.9988 0 0.0485 756.DAT
1 25 -21.9969 -74.6935 110 -0.0294 -0.8086 0.5876 -0.0404 0.5883 0.8076 0.9987 0 0.05 756.DAT
1 25 -24.2939 -72.6851 110 -0.034 -0.7518 0.6585 -0.0387 0.6594 0.7508 0.9987 0 0.0515 756.DAT
1 25 -26.3882 -70.4514 110 -0.0388 -0.6825 0.7298 -0.0362 0.7309 0.6816 0.9986 0 0.053 756.DAT
1 25 -28.106 -67.9229 110 -0.0452 -0.5595 0.8276 -0.0305 0.8288 0.5587 0.9985 0 0.0545 756.DAT
1 25 -29.3867 -65.1491 110 -0.0509 -0.4165 0.9077 -0.0233 0.9091 0.4158 0.9984 0 0.056 756.DAT
1 25 -30.2409 -62.2058 110 -0.0553 -0.2757 0.9597 -0.0159 0.9613 0.2752 0.9983 0 0.0575 756.DAT
1 25 -30.7203 -59.1943 110 -0.0583 -0.1552 0.9862 -0.0092 0.9879 0.1549 0.9983 0 0.059 756.DAT
1 25 -30.9256 -56.1347 110 -0.0604 -0.065 0.9961 -0.0039 0.9979 0.0649 0.9982 0 0.0605 756.DAT
1 25 -30.9582 -53.069 110 -0.062 -0.0095 0.998 -0.0006 1 0.0094 0.9981 0 0.062 756.DAT
1 25 -30.9367 -50.0098 110 -0.0635 0.0074 0.998 0.0005 1 -0.0073 0.998 0 0.0635 756.DAT
1 25 -31.0152 -46.9489 110 -0.065 -0.0263 0.9975 -0.0017 0.9997 0.0263 0.9979 0 0.065 756.DAT
1 25 -31.4451 -43.9212 110 -0.0658 -0.1428 0.9876 -0.0095 0.9898 0.1425 0.9978 0 0.0665 756.DAT
1 25 -32.6653 -41.1202 110 -0.0622 -0.404 0.9126 -0.0275 0.9148 0.4031 0.9977 0 0.068 756.DAT
1 25 -34.9674 -39.1564 110 -0.0449 -0.7635 0.6442 -0.0531 0.6458 0.7617 0.9976 0 0.0695 756.DAT
1 25 -37.8556 -38.2458 110 -0.0211 -0.9549 0.2962 -0.0678 0.2969 0.9525 0.9975 0 0.071 756.DAT
1 25 -40.8999 -38.0075 110 -0.0054 -0.9973 0.0738 -0.0723 0.074 0.9946 0.9974 0 0.0725 756.DAT
1 25 -45.9863 -37.6299 110 -0.0055 0.9973 0.0738 -0.0738 -0.074 0.9945 0.9973 0 0.074 755.DAT
0 SYNTH SYNTHESIZED END
0 SYNTH END
0 LPUB PLI END
0 PLIST END
0
