0 Untitled
0 Name: MINIFIG_CHAIN_16L-Synthesis.ldr
0 Author: Willy Tschager
0 Unofficial Model
0 ROTATION CENTER 0 0 0 1 "Custom" 
0 ROTATION CONFIG 0 0
1 47 -170 8 -160 1 0 0 0 1 0 0 0 1 3867.DAT
1 1 -20 -8 -11 -1 0 0 0 1 0 0 0 -1 208.dat
1 1 -20 -8 -310 1 0 0 0 1 0 0 0 1 208.dat
0 LPUB PLI BEGIN SUB 208C01.dat 1
0 SYNTH BEGIN PLI_MINIFIG_CHAIN_16L 1
0 SYNTH SHOW
0 MLCAD HIDE 1 1 -20 -6 -30 -1 0 0 0 0 1 0 1 0 LS08.dat
0 MLCAD HIDE 1 1 -20 -6 -284 -1 0 0 0 0 1 0 1 0 LS08.dat
0 SYNTH SYNTHESIZED BEGIN
1 1 -20 -6 -39 0 0 -1 -1 0 0 0 -1 0 209.DAT
1 1 -20 -6 -51.6761 1 0 0 0 0 -1 0 -1 0 209.DAT
1 1 -20 -6 -64.3517 0 0 1 1 0 0 0 -1 0 209.DAT
1 1 -20 -6 -77.0669 -1 0 0 0 0 1 0 -1 0 209.DAT
1 1 -20 -6 -89.7629 0 0 -1 -1 0 0 0 -1 0 209.DAT
1 1 -20 -6 -102.476 1 0 0 0 0 -1 0 -1 0 209.DAT
1 1 -20 -6 -115.178 0 0 1 1 0 0 0 -1 0 209.DAT
1 1 -20 -6 -127.878 -1 0 0 0 0 1 0 -1 0 209.DAT
1 1 -20 -6 -140.576 0 0 -1 -1 0 0 0 -1 0 209.DAT
1 1 -20 -6 -153.256 1 0 0 0 0 -1 0 -1 0 209.DAT
1 1 -20 -6 -165.967 0 0 1 1 0 0 0 -1 0 209.DAT
1 1 -20 -6 -178.677 -1 0 0 0 0 1 0 -1 0 209.DAT
1 1 -20 -6 -191.354 0 0 -1 -1 0 0 0 -1 0 209.DAT
1 1 -20 -6 -204.078 1 0 0 0 0 -1 0 -1 0 209.DAT
1 1 -20 -6 -216.773 0 0 1 1 0 0 0 -1 0 209.DAT
1 1 -20 -6 -229.469 -1 0 0 0 0 1 0 -1 0 209.DAT
1 1 -20 -6 -242.174 0 0 -1 -1 0 0 0 -1 0 209.DAT
1 1 -20 -6 -254.861 1 0 0 0 0 -1 0 -1 0 209.DAT
1 1 -20 -6 -267.567 0 0 1 1 0 0 0 -1 0 209.DAT
1 1 -20 -6 -280.268 -1 0 0 0 0 1 0 -1 0 209.DAT
1 1 -20 -6 -292.971 0 0 -1 -1 0 0 0 -1 0 209.DAT
0 SYNTH SYNTHESIZED END
0 SYNTH END
0 LPUB PLI END
0 LPUB PLI END
1 14 -50 -8 -11 -1 0 0 0 1 0 0 0 -1 208.dat
1 14 -50 -8 -290 1 0 0 0 1 0 0 0 1 208.dat
0 SYNTH BEGIN MINIFIG_CHAIN_16L 14
0 SYNTH SHOW
0 MLCAD HIDE 1 14 -50 -6 -30 -1 0 0 0 -0.5 0.866025 0 0.866025 0.5 LS08.dat
0 MLCAD HIDE 1 14 -50 18 -155 -1 0 0 0 0 1 0 1 0 LS02.dat
0 MLCAD HIDE 1 14 -50 -1 -265 -1 0 0 0 0.5 0.866025 0 0.866025 -0.5 LS08.dat
0 SYNTH SYNTHESIZED BEGIN
1 14 -50 -1.9048 -38.0143 0 0 -1 -0.8905 0.455 0 -0.455 -0.8905 0 209.DAT
1 14 -50 2.8441 -49.088 1 0 0 0 0.373 -0.9278 0 -0.9278 -0.373 209.DAT
1 14 -50 6.7179 -60.5156 0 0 1 0.953 0.3031 0 0.3031 -0.953 0 209.DAT
1 14 -50 9.8419 -72.1749 -1 0 0 0 0.2436 0.9699 0 -0.9699 0.2436 209.DAT
1 14 -50 12.3322 -84.0129 0 0 -1 -0.9812 0.1928 0 -0.1928 -0.9812 0 209.DAT
1 14 -50 14.2718 -95.9454 1 0 0 0 0.1493 -0.9888 0 -0.9888 -0.1493 209.DAT
1 14 -50 15.7376 -107.94 0 0 1 0.9937 0.1117 0 0.1117 -0.9937 0 209.DAT
1 14 -50 16.7926 -119.977 -1 0 0 0 0.0789 0.9969 0 -0.9969 0.0789 209.DAT
1 14 -50 17.489 -132.046 0 0 -1 -0.9987 0.0503 0 -0.0503 -0.9987 0 209.DAT
1 14 -50 17.8707 -144.139 1 0 0 0 0.0251 -0.9997 0 -0.9997 -0.0251 209.DAT
1 14 -50 17.9888 -156.21 0 0 1 1 0.0046 0 0.0046 -1 0 209.DAT
1 14 -50 18.0001 -168.308 -1 0 0 0 -0.0003 1 0 -1 -0.0003 209.DAT
1 14 -50 17.8955 -180.384 0 0 -1 -0.9999 -0.0115 0 0.0115 -0.9999 0 209.DAT
1 14 -50 17.5324 -192.461 1 0 0 0 -0.0364 -0.9993 0 -0.9993 0.0364 209.DAT
1 14 -50 16.7333 -204.513 0 0 1 0.9971 -0.0763 0 -0.0763 -0.9971 0 209.DAT
1 14 -50 15.3098 -216.528 -1 0 0 0 -0.1318 0.9913 0 -0.9913 -0.1318 209.DAT
1 14 -50 13.0847 -228.41 0 0 -1 -0.9794 -0.2019 0 0.2019 -0.9794 0 209.DAT
1 14 -50 9.9154 -240.041 1 0 0 0 -0.2834 -0.959 0 -0.959 0.2834 209.DAT
1 14 -50 5.6989 -251.365 0 0 1 0.9286 -0.3711 0 -0.3711 -0.9286 0 209.DAT
1 14 -50 0.4345 -262.22 -1 0 0 0 -0.4582 0.8889 0 -0.8889 -0.4582 209.DAT
1 14 -50 -5.484 -272.772 0 0 -1 -0.8662 -0.4998 0 0.4998 -0.8662 0 209.DAT
0 SYNTH SYNTHESIZED END
0 SYNTH END
1 6 -80 -8 -11 -1 0 0 0 1 0 0 0 -1 208.dat
1 6 -80 -8 -290 1 0 0 0 1 0 0 0 1 208.dat
0 SYNTH BEGIN MINIFIG_CHAIN_16L 6
0 SYNTH SHOW
0 MLCAD HIDE 1 6 -80 -6 -30 -1 0 0 0 -0.5 0.866025 0 0.866025 0.5 LS08.dat
0 MLCAD HIDE 1 6 -80 18 -155 0 0 -1 -1 0 0 0 1 0 LS02.dat
0 MLCAD HIDE 1 6 -80 -1 -265 -1 0 0 0 0.5 0.866025 0 0.866025 -0.5 LS08.dat
0 SYNTH SYNTHESIZED BEGIN
1 6 -80 -1.9048 -38.0143 0 0 -1 -0.8905 0.455 0 -0.455 -0.8905 0 209.DAT
1 6 -80 2.8441 -49.088 1 0 0 0 0.373 -0.9278 0 -0.9278 -0.373 209.DAT
1 6 -80 6.7179 -60.5156 0 0 1 0.953 0.3031 0 0.3031 -0.953 0 209.DAT
1 6 -80 9.8419 -72.1749 -1 0 0 0 0.2436 0.9699 0 -0.9699 0.2436 209.DAT
1 6 -80 12.3322 -84.0129 0 0 -1 -0.9812 0.1928 0 -0.1928 -0.9812 0 209.DAT
1 6 -80 14.2718 -95.9454 1 0 0 0 0.1493 -0.9888 0 -0.9888 -0.1493 209.DAT
1 6 -80 15.7376 -107.94 0 0 1 0.9937 0.1117 0 0.1117 -0.9937 0 209.DAT
1 6 -80 16.7926 -119.977 -1 0 0 0 0.0789 0.9969 0 -0.9969 0.0789 209.DAT
1 6 -80 17.489 -132.046 0 0 -1 -0.9987 0.0503 0 -0.0503 -0.9987 0 209.DAT
1 6 -80 17.8707 -144.139 1 0 0 0 0.0251 -0.9997 0 -0.9997 -0.0251 209.DAT
1 6 -80 17.9888 -156.21 0 0 1 1 0.0046 0 0.0046 -1 0 209.DAT
1 6 -80 18.0001 -168.308 -1 0 0 0 -0.0003 1 0 -1 -0.0003 209.DAT
1 6 -80 17.8955 -180.384 0 0 -1 -0.9999 -0.0115 0 0.0115 -0.9999 0 209.DAT
1 6 -80 17.5324 -192.461 1 0 0 0 -0.0364 -0.9993 0 -0.9993 0.0364 209.DAT
1 6 -80 16.7333 -204.513 0 0 1 0.9971 -0.0763 0 -0.0763 -0.9971 0 209.DAT
1 6 -80 15.3098 -216.528 -1 0 0 0 -0.1318 0.9913 0 -0.9913 -0.1318 209.DAT
1 6 -80 13.0847 -228.41 0 0 -1 -0.9794 -0.2019 0 0.2019 -0.9794 0 209.DAT
1 6 -80 9.9154 -240.041 1 0 0 0 -0.2834 -0.959 0 -0.959 0.2834 209.DAT
1 6 -80 5.6989 -251.365 0 0 1 0.9286 -0.3711 0 -0.3711 -0.9286 0 209.DAT
1 6 -80 0.4345 -262.22 -1 0 0 0 -0.4582 0.8889 0 -0.8889 -0.4582 209.DAT
1 6 -80 -5.484 -272.772 0 0 -1 -0.8662 -0.4998 0 0.4998 -0.8662 0 209.DAT
0 SYNTH SYNTHESIZED END
0 SYNTH END
1 25 -110 -8 -11 -1 0 0 0 1 0 0 0 -1 208.dat
1 25 -110 -8 -270 1 0 0 0 1 0 0 0 1 208.dat
0 SYNTH BEGIN MINIFIG_CHAIN_16L 25
0 SYNTH SHOW
0 MLCAD HIDE 1 25 -110 -6 -30 -1 0 0 0 -0.5 0.866025 0 0.866025 0.5 LS08.dat
0 MLCAD HIDE 1 25 -110 18 -135 -1 0 0 0 0 1 0 1 0 LS02.dat
0 MLCAD HIDE 1 25 -110 -1 -245 -1 0 0 0 0.5 0.866025 0 0.866025 -0.5 LS08.dat
0 SYNTH SYNTHESIZED BEGIN
1 25 -110 -1.7216 -37.918 0 0 -1 -0.8798 0.4754 0 -0.4754 -0.8798 0 209.DAT
1 25 -110 3.0463 -47.8978 1 0 0 0 0.4208 -0.9072 0 -0.9072 -0.4208 209.DAT
1 25 -110 7.1782 -58.2309 0 0 1 0.9332 0.3594 0 0.3594 -0.9332 0 209.DAT
1 25 -110 10.5757 -68.788 -1 0 -0.0001 0 0.2939 0.9559 0 -0.9558 0.2939 209.DAT
1 25 -110 13.2535 -79.587 0.0001 0 -1 -0.9737 0.228 -0.0001 -0.228 -0.9737 0 209.DAT
1 25 -110 15.2259 -90.5017 1 0 0.0001 0.0001 0.1661 -0.9861 0 -0.9861 -0.1661 209.DAT
1 25 -110 16.5846 -101.544 -0.0001 0 1 0.9937 0.1117 0.0001 0.1117 -0.9937 0 209.DAT
1 25 -110 17.4233 -112.628 -1 0 -0.0001 -0.0001 0.0669 0.9978 0 -0.9978 0.0669 209.DAT
1 25 -110 17.8539 -123.725 0.0001 0 -1 -0.9995 0.0322 -0.0001 -0.0322 -0.9995 0 209.DAT
1 25 -110 17.9856 -134.831 1 0 0.0002 0.0002 0.0071 -1 0 -1 -0.0071 209.DAT
1 25 -110 18.0057 -145.96 -0.0002 0 1 1 0.0006 0.0002 0.0006 -1 0 209.DAT
1 25 -110 17.9484 -157.067 -1 0 -0.0002 -0.0002 -0.0065 1 0 -1 -0.0065 209.DAT
1 25 -110 17.7119 -168.178 0.0002 0 -1 -0.9997 -0.0248 -0.0002 0.0248 -0.9997 0 209.DAT
1 25 -110 17.1617 -179.279 1 0 0.0002 0.0002 -0.0553 -0.9985 0 -0.9985 0.0553 209.DAT
1 25 -110 16.1547 -190.343 -0.0002 0 1 0.9951 -0.0989 0.0002 -0.0989 -0.9951 0 209.DAT
1 25 -110 14.5465 -201.327 -1 0 -0.0003 -0.0003 -0.1556 0.9878 0 -0.9878 -0.1556 209.DAT
1 25 -110 12.2009 -212.199 0.0003 0 -1 -0.9746 -0.2239 -0.0003 0.2239 -0.9746 0.0001 209.DAT
1 25 -110 9.0249 -222.826 1 0 0.0003 0.0003 -0.3007 -0.9537 -0.0001 -0.9537 0.3007 209.DAT
1 25 -110 4.9569 -233.149 -0.0003 0 1 0.9243 -0.3818 0.0003 -0.3818 -0.9243 -0.0001 209.DAT
1 25 -110 -0.0137 -243.107 -1 0 -0.0003 -0.0003 -0.4617 0.8871 0.0002 -0.8871 -0.4617 209.DAT
1 25 -110 -5.4858 -252.771 0.0003 0 -1 -0.8661 -0.5 -0.0003 0.5 -0.8661 0.0002 209.DAT
0 SYNTH SYNTHESIZED END
0 SYNTH END
1 20 -140 -8 -11 -1 0 0 0 1 0 0 0 -1 208.dat
1 20 -140 -8 -160 1 0 0 0 1 0 0 0 1 208.dat
0 SYNTH BEGIN MINIFIG_CHAIN_16L 20
0 SYNTH SHOW
0 MLCAD HIDE 1 20 -140 -5 -28.5 -1 0 0 0 -1 0 0 0 1 LS08.dat
0 MLCAD HIDE 1 20 -140 26 -28.5 -1 0 0 0 -1 0 0 0 1 LS02.dat
0 MLCAD HIDE 1 20 -140 90 -85 -1 0 0 0 0 1 0 1 0 LS02.dat
0 MLCAD HIDE 1 20 -140 26 -142.5 -1 0 0 0 1 0 0 0 -1 LS02.dat
0 MLCAD HIDE 1 20 -140 3 -142.5 -1 0 0 0 1 0 0 0 -1 LS08.dat
0 SYNTH SYNTHESIZED BEGIN
1 20 -140 4 -28.5 0 0 -1 0 1 0 -1 0 0 209.DAT
1 20 -140 16.4782 -28.5 1 0 0 0 1 0 0 0 -1 209.DAT
1 20 -140 28.9955 -28.6105 0 0 1 0.0123 0.9999 0 0.9999 -0.0123 0 209.DAT
1 20 -140 41.4604 -29.5953 -1 0 0 0 0.9945 0.1046 0 -0.1046 0.9945 209.DAT
1 20 -140 53.7012 -32.1594 0 0 -1 -0.2438 0.9698 0 -0.9698 -0.2438 0 209.DAT
1 20 -140 65.2029 -36.8787 1 0 0 0 0.9028 -0.43 0 -0.43 -0.9028 209.DAT
1 20 -140 75.2232 -44.2316 0 0 1 0.649 0.7608 0 0.7608 -0.649 0 209.DAT
1 20 -140 82.7352 -54.0469 -1 0 0 0 0.5416 0.8406 0 -0.8406 0.5416 209.DAT
1 20 -140 87.4005 -65.5525 0 0 -1 -0.9515 0.3077 0 -0.3077 -0.9515 0 209.DAT
1 20 -140 89.5177 -77.7917 1 0 0 0 0.1166 -0.9932 0 -0.9932 -0.1166 209.DAT
1 20 -140 89.68 -90.2907 0 0 1 0.9996 -0.0277 0 -0.0277 -0.9996 0 209.DAT
1 20 -140 87.9143 -102.616 -1 0 0 0 -0.1855 0.9826 0 -0.9826 -0.1855 209.DAT
1 20 -140 83.7313 -114.361 0 0 -1 -0.9199 -0.3921 0 0.3921 -0.9199 0 209.DAT
1 20 -140 76.7554 -124.612 1 0 0 0 -0.623 -0.7822 0 -0.7822 0.623 209.DAT
1 20 -140 67.2626 -132.525 0 0 1 0.5788 -0.8155 0 -0.8155 -0.5788 0 209.DAT
1 20 -140 56.0497 -137.871 -1 0 0 0 -0.9293 0.3693 0 -0.3693 -0.9293 209.DAT
1 20 -140 43.9789 -140.939 0 0 -1 -0.1975 -0.9803 0 0.9803 -0.1975 0 209.DAT
1 20 -140 31.5596 -142.245 1 0 0 0 -0.9977 -0.0681 0 -0.0681 0.9977 209.DAT
1 20 -140 19.0524 -142.496 0 0 1 0.0013 -1 0 -1 -0.0013 0 209.DAT
1 20 -140 6.5673 -142.5 -1 0 0 0 -1 0 0 0 -1 209.DAT
1 20 -140 -5.957 -142.5 0 0 -1 0 -1 0 1 0 0 209.DAT
0 SYNTH SYNTHESIZED END
0 SYNTH END
1 10 -170 -8 -11 -1 0 0 0 1 0 0 0 -1 208.dat
1 10 -170 -8 -160 1 0 0 0 1 0 0 0 1 208.dat
0 SYNTH BEGIN MINIFIG_CHAIN_16L 10
0 SYNTH SHOW
0 MLCAD HIDE 1 10 -170 -5 -28.5 -1 0 0 0 -1 0 0 0 1 LS08.dat
0 MLCAD HIDE 1 10 -170 3 -142.5 -1 0 0 0 1 0 0 0 -1 LS08.dat
0 SYNTH SYNTHESIZED BEGIN
1 10 -170 3.8675 -30.0387 0 0 -1 -0.171 0.9853 0 -0.9853 -0.171 0 209.DAT
1 10 -170 9.7765 -34.0282 1 0 0 0 0.8765 -0.4814 0 -0.4814 -0.8765 209.DAT
1 10 -170 14.5674 -39.3166 0 0 1 0.6918 0.7221 0 0.7221 -0.6918 0 209.DAT
1 10 -170 18.3864 -45.2854 -1 0 0 0 0.5814 0.8136 0 -0.8136 0.5814 209.DAT
1 10 -170 21.4698 -51.6756 0 0 -1 -0.8842 0.4671 0 -0.4671 -0.8842 0 209.DAT
1 10 -170 23.9354 -58.3067 1 0 0 0 0.3745 -0.9272 0 -0.9272 -0.3745 209.DAT
1 10 -170 25.8843 -65.1066 0 0 1 0.9549 0.2971 0 0.2971 -0.9549 0 209.DAT
1 10 -170 27.3762 -72.0224 -1 0 0 0 0.2295 0.9733 0 -0.9733 0.2295 209.DAT
1 10 -170 28.4446 -79.01 0 0 -1 -0.9858 0.1681 0 -0.1681 -0.9858 0 209.DAT
1 10 -170 29.1082 -86.0511 1 0 0 0 0.1098 -0.994 0 -0.994 -0.1098 209.DAT
1 10 -170 29.3672 -93.1237 0 0 1 0.9986 0.0523 0 0.0523 -0.9986 0 209.DAT
1 10 -170 29.2038 -100.193 -1 0 0 0 -0.0069 1 0 -1 -0.0069 209.DAT
1 10 -170 28.5819 -107.234 0 0 -1 -0.9975 -0.0706 0 0.0706 -0.9975 0 209.DAT
1 10 -170 27.4381 -114.221 1 0 0 0 -0.1422 -0.9898 0 -0.9898 0.1422 209.DAT
1 10 -170 25.6723 -121.071 0 0 1 0.9739 -0.2268 0 -0.2268 -0.9739 0 209.DAT
1 10 -170 23.1212 -127.694 -1 0 0 0 -0.3317 0.9434 0 -0.9434 -0.3317 209.DAT
1 10 -170 19.554 -133.818 0 0 -1 -0.8838 -0.4679 0 0.4679 -0.8838 0 209.DAT
1 10 -170 14.649 -138.981 1 0 0 0 -0.6456 -0.7637 0 -0.7637 0.6456 209.DAT
1 10 -170 8.2913 -142.257 0 0 1 0.5309 -0.8474 0 -0.8474 -0.5309 0 209.DAT
1 10 -170 1.1104 -142.857 -1 0 0 0 -0.9832 0.1827 0 -0.1827 -0.9832 209.DAT
1 10 -170 -5.9662 -142.508 0 0 -1 -0.0009 -1 0 1 -0.0009 0 209.DAT
0 SYNTH SYNTHESIZED END
0 SYNTH END
1 22 -200 -8 -11 -1 0 0 0 1 0 0 0 -1 208.dat
1 22 -200 -96 -157 1 0 0 0 0 1 0 -1 0 208.dat
0 SYNTH BEGIN MINIFIG_CHAIN_16L 22
0 SYNTH SHOW
0 MLCAD HIDE 1 22 -200 -5 -28.5 -1 0 0 0 -1 0 0 0 1 LS08.dat
0 MLCAD HIDE 1 22 -200 -69 -159 -1 0 0 0 1 0 0 0 -1 LS08.dat
0 SYNTH SYNTHESIZED BEGIN
1 22 -200 3.5756 -31.2311 0 0 -1 -0.3035 0.9528 0 -0.9528 -0.3035 0 209.DAT
1 22 -200 7.2918 -38.7936 1 0 0 0 0.4978 -0.8673 0 -0.8673 -0.4978 209.DAT
1 22 -200 7.6895 -47.1153 0 0 1 0.9964 0.0853 0 0.0853 -0.9964 0 209.DAT
1 22 -200 6.6505 -55.4673 -1 0 0 0 -0.1098 0.994 0 -0.994 -0.1098 209.DAT
1 22 -200 4.7509 -63.6462 0 0 -1 -0.9758 -0.2185 0 0.2185 -0.9758 0 209.DAT
1 22 -200 2.2662 -71.6725 1 0 0 0 -0.2906 -0.9568 0 -0.9568 0.2906 209.DAT
1 22 -200 -0.6613 -79.5526 0 0 1 0.9388 -0.3445 0 -0.3445 -0.9388 0 209.DAT
1 22 -200 -3.9557 -87.3075 -1 0 0 0 -0.388 0.9216 0 -0.9216 -0.388 209.DAT
1 22 -200 -7.5509 -94.8924 0 0 -1 -0.9049 -0.4256 0 0.4256 -0.9049 0 209.DAT
1 22 -200 -11.4422 -102.36 1 0 0 0 -0.4598 -0.888 0 -0.888 0.4598 209.DAT
1 22 -200 -15.5995 -109.665 0 0 1 0.8704 -0.4923 0 -0.4923 -0.8704 0 209.DAT
1 22 -200 -20.0314 -116.819 -1 0 0 0 -0.5245 0.8514 0 -0.8514 -0.5245 209.DAT
1 22 -200 -24.7361 -123.782 0 0 -1 -0.8302 -0.5575 0 0.5575 -0.8302 0 209.DAT
1 22 -200 -29.7367 -130.529 1 0 0 0 -0.5929 -0.8053 0 -0.8053 0.5929 209.DAT
1 22 -200 -35.0828 -137.035 0 0 1 0.7748 -0.6322 0 -0.6322 -0.7748 0 209.DAT
1 22 -200 -40.8056 -143.191 -1 0 0 0 -0.6777 0.7353 0 -0.7353 -0.6777 209.DAT
1 22 -200 -46.9982 -148.883 0 0 -1 -0.6807 -0.7326 0 0.7326 -0.6807 0 209.DAT
1 22 -200 -53.7722 -153.857 1 0 0 0 -0.8015 -0.598 0 -0.598 0.8015 209.DAT
1 22 -200 -61.3041 -157.634 0 0 1 0.4584 -0.8888 0 -0.8888 -0.4584 0 209.DAT
1 22 -200 -69.5805 -159.124 -1 0 0 0 -0.9804 0.1969 0 -0.1969 -0.9804 209.DAT
1 22 -200 -77.9622 -159.011 0 0 -1 -0.0012 -1 0 1 -0.0012 0 209.DAT
0 SYNTH SYNTHESIZED END
0 SYNTH END
1 9 -230 -8 -11 -1 0 0 0 1 0 0 0 -1 208.dat
1 9 -230 -96 -157 1 0 0 0 0 1 0 -1 0 208.dat
0 SYNTH BEGIN MINIFIG_CHAIN_16L 9
0 SYNTH SHOW
0 MLCAD HIDE 1 9 -230 -5 -28.5 -1 0 0 0 -1 0 0 0 1 LS08.dat
0 MLCAD HIDE 1 9 -230 10 -28.5 -1 0 0 0 -1 0 0 0 1 LS02.dat
0 MLCAD HIDE 1 9 -230 26 -147 -1 0 0 0 0.906308 0.422618 0 0.422618 -0.906308 LS02.dat
0 MLCAD HIDE 1 9 -230 -69 -159 -1 0 0 0 1 0 0 0 -1 LS08.dat
0 SYNTH SYNTHESIZED BEGIN
1 9 -230 4 -28.5 0 0 -1 0 1 0 -1 0 0 209.DAT
1 9 -230 16.5237 -30.151 1 0 0 0 0.983 -0.1834 0 -0.1834 -0.983 209.DAT
1 9 -230 27.1432 -36.3744 0 0 1 0.618 0.7862 0 0.7862 -0.618 0 209.DAT
1 9 -230 35.0223 -46.1064 -1 0 0 0 0.5567 0.8307 0 -0.8307 0.5567 209.DAT
1 9 -230 40.5595 -57.4795 0 0 -1 -0.9223 0.3865 0 -0.3865 -0.9223 0 209.DAT
1 9 -230 44.2824 -69.5622 1 0 0 0 0.2561 -0.9666 0 -0.9666 -0.2561 209.DAT
1 9 -230 46.5314 -82.0518 0 0 1 0.9895 0.1444 0 0.1444 -0.9895 0 209.DAT
1 9 -230 47.4032 -94.7428 -1 0 0 0 0.0369 0.9993 0 -0.9993 0.0369 209.DAT
1 9 -230 46.8328 -107.447 0 0 -1 -0.9969 -0.0787 0 0.0787 -0.9969 0 209.DAT
1 9 -230 44.5764 -119.93 1 0 0 0 -0.2183 -0.9759 0 -0.9759 0.2183 209.DAT
1 9 -230 40.112 -131.763 0 0 1 0.9137 -0.4063 0 -0.4063 -0.9137 0 209.DAT
1 9 -230 32.5921 -141.839 -1 0 0 0 -0.6684 0.7438 0 -0.7438 -0.6684 209.DAT
1 9 -230 22.0879 -148.542 0 0 -1 -0.4435 -0.8963 0 0.8963 -0.4435 0 209.DAT
1 9 -230 10.3345 -153.232 1 0 0 0 -0.9403 -0.3402 0 -0.3402 0.9403 209.DAT
1 9 -230 -1.8829 -156.66 0 0 1 0.2409 -0.9705 0 -0.9705 -0.2409 0 209.DAT
1 9 -230 -14.4298 -158.722 -1 0 0 0 -0.9916 0.1292 0 -0.1292 -0.9916 209.DAT
1 9 -230 -27.1014 -159.526 0 0 -1 -0.0361 -0.9993 0 0.9993 -0.0361 0 209.DAT
1 9 -230 -39.8199 -159.528 1 0 0 0 -0.9999 0.0147 0 0.0147 0.9999 209.DAT
1 9 -230 -52.5256 -159.243 0 0 1 -0.0256 -0.9997 0 -0.9997 0.0256 0 209.DAT
1 9 -230 -65.2422 -159.043 -1 0 0 0 -0.9999 -0.0117 0 0.0117 -0.9999 209.DAT
1 9 -230 -77.9647 -159 0 0 -1 0 -1 0 1 0 0 209.DAT
0 SYNTH SYNTHESIZED END
0 SYNTH END
1 19 -260 -8 -11 -1 0 0 0 1 0 0 0 -1 208.dat
1 19 -340 -8 -190 0 0 1 0 1 0 -1 0 0 208.dat
0 SYNTH BEGIN MINIFIG_CHAIN_16L 19
0 SYNTH SHOW
0 MLCAD HIDE 1 19 -260 -6 -30 -1 0 0 0 0 1 0 1 0 LS08.dat
0 MLCAD HIDE 1 19 -313 -6 -190 0 1 0 0 0 1 1 0 0 LS08.dat
0 SYNTH SYNTHESIZED BEGIN
1 19 -260.175 -6 -38.9983 0 -0.0194 -0.9998 -1 0 0 0 -0.9998 0.0194 209.DAT
1 19 -260.604 -6 -47.8446 0.9988 -0.048 0 0 0 -1 -0.048 -0.9988 0 209.DAT
1 19 -261.223 -6 -56.7089 0 -0.0693 0.9976 1 0 0 0 -0.9976 -0.0693 209.DAT
1 19 -262.003 -6 -65.5509 -0.9962 -0.0877 0 0 0 1 0.0877 -0.9962 0 209.DAT
1 19 -262.937 -6 -74.3943 0 -0.1048 -0.9945 -1 0 0 0 -0.9945 0.1048 209.DAT
1 19 -264.019 -6 -83.212 0.9926 -0.1216 0 0 0 -1 -0.1216 -0.9926 0 209.DAT
1 19 -265.256 -6 -92.0242 0 -0.1388 0.9903 1 0 0 0 -0.9903 -0.1388 209.DAT
1 19 -266.653 -6 -100.802 -0.9876 -0.1569 0 0 0 1 0.1569 -0.9876 0 209.DAT
1 19 -268.221 -6 -109.542 0 -0.1764 -0.9843 -1 0 0 0 -0.9843 0.1764 209.DAT
1 19 -269.984 -6 -118.264 0.9802 -0.1978 0 0 0 -1 -0.1978 -0.9802 0 209.DAT
1 19 -271.958 -6 -126.922 0 -0.2219 0.9751 1 0 0 0 -0.9751 -0.2219 209.DAT
1 19 -274.179 -6 -135.523 -0.9683 -0.2497 0 0 0 1 0.2497 -0.9683 0 209.DAT
1 19 -276.697 -6 -144.058 0 -0.2826 -0.9593 -1 0 0 0 -0.9593 0.2826 209.DAT
1 19 -279.568 -6 -152.478 0.9466 -0.3223 0 0 0 -1 -0.3223 -0.9466 0 209.DAT
1 19 -282.876 -6 -160.713 0 -0.3721 0.9282 1 0 0 0 -0.9282 -0.3721 209.DAT
1 19 -286.771 -6 -168.719 -0.8996 -0.4368 0 0 0 1 0.4368 -0.8996 0 209.DAT
1 19 -291.438 -6 -176.263 0 -0.5248 -0.8512 -1 0 0 0 -0.8512 0.5248 209.DAT
1 19 -297.225 -6 -183.026 0.7609 -0.6489 0 0 0 -1 -0.6489 -0.7609 0 209.DAT
1 19 -304.499 -6 -188.112 0 -0.8175 0.576 1 0 0 0 -0.576 -0.8175 209.DAT
1 19 -313.143 -6 -190.042 -0.2244 -0.9745 0 0 0 1 0.9745 -0.2244 0 209.DAT
1 19 -321.959 -6 -190.01 0 -1 -0.0011 -1 0 0 0 -0.0011 1 209.DAT
0 SYNTH SYNTHESIZED END
0 SYNTH END
1 18 -220 -8 -191 -1 0 0 0 1 0 0 0 -1 208.dat
1 18 -120 -8 -330 0 0 -1 0 1 0 1 0 0 208.dat
0 SYNTH BEGIN MINIFIG_CHAIN_16L 18
0 SYNTH SHOW
0 MLCAD HIDE 1 18 -220 -6 -210 -1 0 0 0 0 1 0 1 0 LS08.dat
0 MLCAD HIDE 1 18 -255 -6 -262 -0.707107 0.707107 0 0 0 1 0.707107 0.707107 0 LS02.dat
0 MLCAD HIDE 1 18 -200 -6 -330 0 -1 0 0 0 1 -1 0 0 LS02.dat
0 MLCAD HIDE 1 18 -147 -6 -330 0 -1 0 0 0 1 -1 0 0 LS08.dat
0 SYNTH SYNTHESIZED BEGIN
1 18 -220.587 -6 -218.981 0 -0.0652 -0.9979 -1 0 0 0 -0.9979 0.0652 209.DAT
1 18 -223.348 -6 -229.988 0.9572 -0.2894 0 0 0 -1 -0.2894 -0.9572 0 209.DAT
1 18 -229.555 -6 -239.38 0 -0.613 0.7901 1 0 0 0 -0.7901 -0.613 209.DAT
1 18 -237.907 -6 -247.04 -0.6426 -0.7662 0 0 0 1 0.7662 -0.6426 0 209.DAT
1 18 -246.673 -6 -254.364 0 -0.7678 -0.6407 -1 0 0 0 -0.6407 0.7678 209.DAT
1 18 -255.017 -6 -262.193 0.6957 -0.7183 0 0 0 -1 -0.7183 -0.6957 0 209.DAT
1 18 -261.404 -6 -271.608 0 -0.5147 0.8574 1 0 0 0 -0.8574 -0.5147 209.DAT
1 18 -263.659 -6 -282.551 -0.9932 -0.1168 0 0 0 1 0.1168 -0.9932 0 209.DAT
1 18 -261.339 -6 -293.495 0 0.2882 -0.9576 -1 0 0 0 -0.9576 -0.2882 209.DAT
1 18 -255.628 -6 -303.278 0.8303 0.5573 0 0 0 -1 0.5573 -0.8303 0 209.DAT
1 18 -247.827 -6 -311.504 0 0.7195 0.6945 1 0 0 0 -0.6945 0.7195 209.DAT
1 18 -238.666 -6 -318.273 -0.5655 0.8247 0 0 0 1 -0.8247 -0.5655 0 209.DAT
1 18 -228.578 -6 -323.588 0 0.8988 -0.4383 -1 0 0 0 -0.4383 -0.8988 209.DAT
1 18 -217.827 -6 -327.38 0.3035 0.9528 0 0 0 -1 0.9528 -0.3035 0 209.DAT
1 18 -206.586 -6 -329.492 0 0.9884 0.1516 1 0 0 0 -0.1516 0.9884 209.DAT
1 18 -195.215 -6 -329.969 -0.0126 0.9999 0 0 0 1 -0.9999 -0.0126 0 209.DAT
1 18 -183.793 -6 -330 0 1 0 -1 0 0 0 0 -1 209.DAT
1 18 -172.349 -6 -330 0 1 0 0 0 -1 1 0 0 209.DAT
1 18 -160.91 -6 -330 0 1 0 1 0 0 0 0 1 209.DAT
1 18 -149.483 -6 -330 0 1 0 0 0 1 -1 0 0 209.DAT
1 18 -138.037 -6 -330 0 1 0 -1 0 0 0 0 -1 209.DAT
0 SYNTH SYNTHESIZED END
0 SYNTH END
1 23 -270 -8 -191 -1 0 0 0 1 0 0 0 -1 208.dat
1 23 -190 16 -360 0 0 -1 0 1 0 1 0 0 208.dat
0 SYNTH BEGIN MINIFIG_CHAIN_16L 23
0 SYNTH SHOW
0 MLCAD HIDE 1 23 -270 -6 -210 -1 0 0 0 0 1 0 1 0 LS08.dat
0 MLCAD HIDE 1 23 -305 10 -262 -0.97437 0.224951 0 -0.0371276 -0.160817 0.986286 0.221866 0.961007 0.165048 LS02.dat
0 MLCAD HIDE 1 23 -274 -30 -332 -0.707107 -0.707107 0 0 0 1 -0.707107 0.707107 0 LS02.dat
0 MLCAD HIDE 1 23 -217 18 -360 0 -1 0 0 0 1 -1 0 0 LS08.dat
0 SYNTH SYNTHESIZED BEGIN
1 23 -271.346 -5.4693 -218.883 -0.0044 -0.1495 -0.9888 -0.9983 0.059 -0.0044 -0.059 -0.987 0.1495 209.DAT
1 23 -276.941 -3.2081 -229.498 0.8234 -0.5634 -0.0675 0.0765 0.2282 -0.9706 -0.5622 -0.7941 -0.231 209.DAT
1 23 -285.888 0.5561 -237.079 0.1639 -0.7769 0.608 0.9281 0.3302 0.1718 0.3343 -0.5361 -0.7751 209.DAT
1 23 -295.148 4.7305 -244.522 -0.6801 -0.7177 0.1492 -0.1454 0.3316 0.9322 0.7185 -0.6123 0.3299 209.DAT
1 23 -301.975 8.2089 -254.323 -0.0756 -0.4717 -0.8785 -0.9657 0.254 -0.0533 -0.2483 -0.8443 0.4748 209.DAT
1 23 -305.736 10.1822 -266.007 0.9726 -0.2319 -0.019 0.009 0.1191 -0.9928 -0.2325 -0.9654 -0.118 209.DAT
1 23 -307.566 8.8556 -278.237 -0.0413 -0.111 0.993 0.9807 -0.1948 0.019 -0.1914 -0.9745 -0.1169 209.DAT
1 23 -307.248 3.3289 -289.227 -0.9955 0.0787 -0.053 -0.0872 -0.5378 0.8386 -0.0375 -0.8394 -0.5422 209.DAT
1 23 -304.561 -4.8446 -298.207 0.0165 0.2676 -0.9634 -0.6883 -0.6959 -0.2051 0.7253 -0.6665 -0.1727 209.DAT
1 23 -299.795 -13.6014 -305.853 0.9064 0.4223 -0.0001 0.3235 -0.6943 -0.6429 0.2716 -0.5827 0.766 209.DAT
1 23 -293.253 -21.394 -313.215 -0.0391 0.5582 0.8288 0.6858 -0.5883 0.4285 -0.7268 -0.5851 0.3598 209.DAT
1 23 -285.249 -27.0063 -321.074 -0.7315 0.6652 -0.15 -0.5098 -0.3874 0.7681 -0.4528 -0.6383 -0.6225 209.DAT
1 23 -276.47 -29.5443 -329.595 0.3121 0.7103 -0.6309 -0.8244 -0.1275 -0.5514 0.4721 -0.6923 -0.5458 209.DAT
1 23 -267.778 -28.6068 -338.485 0.5374 0.6838 0.4935 0.5542 0.1548 -0.8179 0.6357 -0.713 0.2958 209.DAT
1 23 -260.151 -23.4092 -346.771 -0.7091 0.5742 0.4093 0.7015 0.5157 0.4919 -0.0714 -0.6359 0.7685 209.DAT
1 23 -254.17 -14.5637 -352.992 -0.2872 0.4401 -0.8508 -0.3446 0.7813 0.5204 -0.8937 -0.4427 0.0727 209.DAT
1 23 -248.783 -3.9683 -356.913 0.8832 0.4241 -0.2001 -0.4597 0.8674 -0.1904 -0.0928 -0.2601 -0.9611 209.DAT
1 23 -242.048 6.4328 -359.007 0.1215 0.5775 0.8073 0.0699 0.8063 -0.5873 0.9901 -0.1278 -0.0576 209.DAT
1 23 -232.393 14.1554 -359.817 -0.5365 0.8428 0.0439 0.8437 0.5369 0.004 0.0202 -0.0392 0.999 209.DAT
1 23 -220.538 17.4468 -359.987 -0.0044 0.9878 -0.1558 0.0052 0.1559 0.9878 -1 -0.0036 0.0058 209.DAT
1 23 -208.032 18.0027 -360 0.0003 1 0 -1 0.0003 0 0 0 -1 209.DAT
0 SYNTH SYNTHESIZED END
0 SYNTH END
0
