0 Untitled
0 Name: MINIFIG_CHAIN_16L-Constraints.ldr
0 Author: Willy Tschager
0 Unofficial Model
0 ROTATION CENTER 0 0 0 1 "Custom" 
0 ROTATION CONFIG 0 0
1 47 -170 8 -160 1 0 0 0 1 0 0 0 1 3867.DAT
1 1 -20 -8 -11 -1 0 0 0 1 0 0 0 -1 208.dat
1 1 -20 -8 -310 1 0 0 0 1 0 0 0 1 208.dat
0 SYNTH BEGIN PLI_MINIFIG_CHAIN_16L 1
0 SYNTH SHOW
1 1 -20 -6 -30 -1 0 0 0 0 1 0 1 0 LS08.dat
1 1 -20 -6 -284 -1 0 0 0 0 1 0 1 0 LS08.dat
0 SYNTH END
0 LPUB PLI END
1 14 -50 -8 -11 -1 0 0 0 1 0 0 0 -1 208.dat
1 14 -50 -8 -290 1 0 0 0 1 0 0 0 1 208.dat
0 SYNTH BEGIN MINIFIG_CHAIN_16L 14
0 SYNTH SHOW
1 14 -50 -6 -30 -1 0 0 0 -0.5 0.866025 0 0.866025 0.5 LS08.dat
1 14 -50 18 -155 -1 0 0 0 0 1 0 1 0 LS02.dat
1 14 -50 -1 -265 -1 0 0 0 0.5 0.866025 0 0.866025 -0.5 LS08.dat
0 SYNTH END
1 6 -80 -8 -11 -1 0 0 0 1 0 0 0 -1 208.dat
1 6 -80 -8 -290 1 0 0 0 1 0 0 0 1 208.dat
0 SYNTH BEGIN MINIFIG_CHAIN_16L 6
0 SYNTH SHOW
1 6 -80 -6 -30 -1 0 0 0 -0.5 0.866025 0 0.866025 0.5 LS08.dat
1 6 -80 18 -155 0 0 -1 -1 0 0 0 1 0 LS02.dat
1 6 -80 -1 -265 -1 0 0 0 0.5 0.866025 0 0.866025 -0.5 LS08.dat
0 SYNTH END
1 25 -110 -8 -11 -1 0 0 0 1 0 0 0 -1 208.dat
1 25 -110 -8 -270 1 0 0 0 1 0 0 0 1 208.dat
0 SYNTH BEGIN MINIFIG_CHAIN_16L 25
0 SYNTH SHOW
1 25 -110 -6 -30 -1 0 0 0 -0.5 0.866025 0 0.866025 0.5 LS08.dat
1 25 -110 18 -135 -1 0 0 0 0 1 0 1 0 LS02.dat
1 25 -110 -1 -245 -1 0 0 0 0.5 0.866025 0 0.866025 -0.5 LS08.dat
0 SYNTH END
1 20 -140 -8 -11 -1 0 0 0 1 0 0 0 -1 208.dat
1 20 -140 -8 -160 1 0 0 0 1 0 0 0 1 208.dat
0 SYNTH BEGIN MINIFIG_CHAIN_16L 20
0 SYNTH SHOW
1 20 -140 -5 -28.5 -1 0 0 0 -1 0 0 0 1 LS08.dat
1 20 -140 26 -28.5 -1 0 0 0 -1 0 0 0 1 LS02.dat
1 20 -140 90 -85 -1 0 0 0 0 1 0 1 0 LS02.dat
1 20 -140 26 -142.5 -1 0 0 0 1 0 0 0 -1 LS02.dat
1 20 -140 3 -142.5 -1 0 0 0 1 0 0 0 -1 LS08.dat
0 SYNTH END
1 10 -170 -8 -11 -1 0 0 0 1 0 0 0 -1 208.dat
1 10 -170 -8 -160 1 0 0 0 1 0 0 0 1 208.dat
0 SYNTH BEGIN MINIFIG_CHAIN_16L 10
0 SYNTH SHOW
1 10 -170 -5 -28.5 -1 0 0 0 -1 0 0 0 1 LS08.dat
1 10 -170 3 -142.5 -1 0 0 0 1 0 0 0 -1 LS08.dat
0 SYNTH END
1 22 -200 -8 -11 -1 0 0 0 1 0 0 0 -1 208.dat
1 22 -200 -96 -157 1 0 0 0 0 1 0 -1 0 208.dat
0 SYNTH BEGIN MINIFIG_CHAIN_16L 22
0 SYNTH SHOW
1 22 -200 -5 -28.5 -1 0 0 0 -1 0 0 0 1 LS08.dat
1 22 -200 -69 -159 -1 0 0 0 1 0 0 0 -1 LS08.dat
0 SYNTH END
1 9 -230 -8 -11 -1 0 0 0 1 0 0 0 -1 208.dat
1 9 -230 -96 -157 1 0 0 0 0 1 0 -1 0 208.dat
0 SYNTH BEGIN MINIFIG_CHAIN_16L 9
0 SYNTH SHOW
1 9 -230 -5 -28.5 -1 0 0 0 -1 0 0 0 1 LS08.dat
1 9 -230 10 -28.5 -1 0 0 0 -1 0 0 0 1 LS02.dat
1 9 -230 26 -147 -1 0 0 0 0.906308 0.422618 0 0.422618 -0.906308 LS02.dat
1 9 -230 -69 -159 -1 0 0 0 1 0 0 0 -1 LS08.dat
0 SYNTH END
1 19 -260 -8 -11 -1 0 0 0 1 0 0 0 -1 208.dat
1 19 -340 -8 -190 0 0 1 0 1 0 -1 0 0 208.dat
0 SYNTH BEGIN MINIFIG_CHAIN_16L 19
0 SYNTH SHOW
1 19 -260 -6 -30 -1 0 0 0 0 1 0 1 0 LS08.dat
1 19 -313 -6 -190 0 1 0 0 0 1 1 0 0 LS08.dat
0 SYNTH END
1 18 -220 -8 -191 -1 0 0 0 1 0 0 0 -1 208.dat
1 18 -120 -8 -330 0 0 -1 0 1 0 1 0 0 208.dat
0 SYNTH BEGIN MINIFIG_CHAIN_16L 18
0 SYNTH SHOW
1 18 -220 -6 -210 -1 0 0 0 0 1 0 1 0 LS08.dat
1 18 -255 -6 -262 -0.707107 0.707107 0 0 0 1 0.707107 0.707107 0 LS02.dat
1 18 -200 -6 -330 0 -1 0 0 0 1 -1 0 0 LS02.dat
1 18 -147 -6 -330 0 -1 0 0 0 1 -1 0 0 LS08.dat
0 SYNTH END
1 23 -270 -8 -191 -1 0 0 0 1 0 0 0 -1 208.dat
1 23 -190 16 -360 0 0 -1 0 1 0 1 0 0 208.dat
0 SYNTH BEGIN MINIFIG_CHAIN_16L 23
0 SYNTH SHOW
1 23 -270 -6 -210 -1 0 0 0 0 1 0 1 0 LS08.dat
1 23 -305 10 -262 -0.97437 0.224951 0 -0.0371276 -0.160817 0.986286 0.221866 0.961007 0.165048 LS02.dat
1 23 -274 -30 -332 -0.707107 -0.707107 0 0 0 1 -0.707107 0.707107 0 LS02.dat
1 23 -217 18 -360 0 -1 0 0 0 1 -1 0 0 LS08.dat
0 SYNTH END
0
