0 Untitled
0 Name: STRING_HOSE-Synthesis.ldr
0 Author: Willy Tschager
0 Unofficial Model
0 ROTATION CENTER 0 0 0 1 "Custom" 
0 ROTATION CONFIG 0 0
1 47 0 0 0 1 0 0 0 1 0 0 0 1 30.DAT
1 47 0 -20 0 1 0 0 0 1 0 0 0 1 4185.DAT
1 47 0 -128 0 1 0 0 0 1 0 0 0 1 32012.DAT
1 47 0 -20 0 0 0 1 0 1 0 -1 0 0 3704.DAT
0 SYNTH BEGIN STRING_HOSE 1
0 SYNTH SHOW
0 MLCAD HIDE 1 2 2 -124 4 -1 0 0 0 0.573577 0.819152 0 0.819152 -0.573577 LS04.dat
0 MLCAD HIDE 1 1 4 -128 -11 -1 0 0 0 -1 0 0 0 1 LS04.dat
0 MLCAD HIDE 1 1 4.5 -117 0 -1 0 0 0 0 -1 0 -1 0 LS04.dat
0 MLCAD HIDE 1 1 5 -128 11 -1 0 0 0 1 0 0 0 -1 LS04.dat
0 MLCAD HIDE 1 1 5.5 -139 0 -1 0 0 0 0 1 0 1 0 LS04.dat
0 MLCAD HIDE 1 1 6 -128 -11 -1 0 0 0 -1 0 0 0 1 LS04.dat
0 MLCAD HIDE 1 1 6.5 -117 0 -1 0 0 0 0 -1 0 -1 0 LS04.dat
0 MLCAD HIDE 1 1 7 -128 11 -1 0 0 0 1 0 0 0 -1 LS04.dat
0 MLCAD HIDE 1 1 7.5 -139 0 -1 0 0 0 0 1 0 1 0 LS04.dat
0 MLCAD HIDE 1 1 8 -128 -11 -1 0 0 0 -1 0 0 0 1 LS04.dat
0 MLCAD HIDE 1 1 8.5 -117 0 -1 0 0 0 0 -1 0 -1 0 LS04.dat
0 MLCAD HIDE 1 1 9 -128 11 -1 0 0 0 1 0 0 0 -1 LS04.dat
0 MLCAD HIDE 1 1 9.5 -139 0 -1 0 0 0 0 1 0 1 0 LS04.dat
0 MLCAD HIDE 1 1 10 -128 -11 -1 0 0 0 -1 0 0 0 1 LS04.dat
0 MLCAD HIDE 1 1 10.5 -117 0 -1 0 0 0 0 -1 0 -1 0 LS04.dat
0 MLCAD HIDE 1 1 11 -128 11 -1 0 0 0 1 0 0 0 -1 LS04.dat
0 MLCAD HIDE 1 1 11.5 -139 0 -1 0 0 0 0 1 0 1 0 LS04.dat
0 MLCAD HIDE 1 1 12 -128 -11 -1 0 0 0 -1 0 0 0 1 LS04.dat
0 MLCAD HIDE 1 1 12.5 -117 0 -1 0 0 0 0 -1 0 -1 0 LS04.dat
0 MLCAD HIDE 1 1 13 -128 11 -1 0 0 0 1 0 0 0 -1 LS04.dat
0 MLCAD HIDE 1 1 13.5 -139 0 -1 0 0 0 0 1 0 1 0 LS04.dat
0 MLCAD HIDE 1 1 14 -128 -11 -1 0 0 0 -1 0 0 0 1 LS04.dat
0 MLCAD HIDE 1 1 14 -105 -9 -1 0 0 0 -0.984808 -0.173648 0 -0.173648 0.984808 LS04.dat
0 MLCAD HIDE 1 1 29 -19 0 -1 0 0 0 -1 0 0 0 1 LS04.dat
0 MLCAD HIDE 1 1 0 9 0 0 1 0 -1 0 0 0 0 1 LS04.dat
0 MLCAD HIDE 1 1 -30 -19 0 1 0 0 0 1 0 0 0 1 LS04.dat
0 MLCAD HIDE 1 1 -30 -83 0 1 0 0 0 1 0 0 0 1 LS04.dat
0 MLCAD HIDE 1 4 -42 -107 0 0 1 0 -1 0 0 0 0 1 LS04.dat
0 SYNTH SYNTHESIZED BEGIN
1 1 2.0193 -125.169 2.377 -0.0001 1 0.0097 -0.8115 0.0055 -0.5843 0.5843 0.0079 -0.8115 LS60.dat
1 1 2.0701 -126.081 1.1853 -0.001 0.9996 0.0278 -0.7986 0.016 -0.6017 0.6019 0.0228 -0.7982 LS60.dat
1 1 2.1454 -127.007 0.0072 -0.0052 0.999 0.0446 -0.7892 0.0233 -0.6137 0.6141 0.0384 -0.7883 LS60.dat
1 1 2.244 -127.942 -1.1632 -0.0128 0.9981 0.0604 -0.7838 0.0275 -0.6204 0.6209 0.0553 -0.782 LS60.dat
1 1 2.3655 -128.875 -2.3317 -0.0251 0.9968 0.0759 -0.7828 0.0276 -0.6216 0.6217 0.075 -0.7796 LS60.dat
1 1 2.5106 -129.798 -3.5075 -0.0448 0.9948 0.0914 -0.7873 0.0211 -0.6162 0.6149 0.0996 -0.7823 LS60.dat
1 1 2.6808 -130.694 -4.7008 -0.0776 0.9911 0.1079 -0.7988 0.003 -0.6015 0.5965 0.1329 -0.7915 LS60.dat
1 1 2.8799 -131.537 -5.9271 -0.1349 0.9828 0.1264 -0.8194 -0.0389 -0.5719 0.5572 0.1807 -0.8105 LS60.dat
1 1 3.1154 -132.278 -7.2147 -0.2357 0.9603 0.1493 -0.849 -0.1287 -0.5125 0.4729 0.2475 -0.8456 LS60.dat
1 1 3.403 -132.772 -8.6124 -0.3591 0.9156 0.1809 -0.8859 -0.2734 -0.3749 0.2937 0.2949 -0.9093 LS60.dat
1 1 3.7518 -132.488 -10.1079 -0.2766 0.9356 0.2195 -0.9547 -0.2936 0.0485 -0.1098 0.1961 -0.9744 LS60.dat
1 1 3.9543 -130.973 -10.8599 -0.0434 0.9868 0.1559 -0.6205 -0.149 0.7699 -0.783 0.0633 -0.6188 LS60.dat
1 1 4.0009 -129.414 -11.0083 0.0017 0.9981 0.0622 -0.2291 -0.0601 0.9715 -0.9734 0.0159 -0.2286 LS60.dat
1 1 4.0085 -127.903 -11.03 0.0016 0.9998 0.0193 -0.0679 -0.0192 0.9975 -0.9977 0.0029 -0.0679 LS60.dat
1 1 4.0071 -126.401 -10.9428 0.0001 1 0.0041 0.0267 -0.0041 0.9996 -0.9996 0 0.0267 LS60.dat
1 1 4.0307 -124.907 -10.7751 0.0012 0.9999 0.0128 0.0905 -0.0129 0.9958 -0.9959 0 0.0905 LS60.dat
1 1 4.0686 -123.436 -10.4727 0.0019 0.9998 0.0222 0.1738 -0.0222 0.9845 -0.9848 -0.002 0.1738 LS60.dat
1 1 4.1213 -122.01 -9.9941 0.0028 0.9995 0.0319 0.2827 -0.0314 0.9587 -0.9592 -0.0063 0.2826 LS60.dat
1 1 4.1871 -120.676 -9.2945 0.0046 0.9992 0.0409 0.4206 -0.039 0.9064 -0.9072 -0.013 0.4205 LS60.dat
1 1 4.2611 -119.503 -8.3439 0.0074 0.9989 0.0472 0.5806 -0.0428 0.813 -0.8141 -0.0214 0.5803 LS60.dat
1 1 4.3345 -118.56 -7.16 0.0103 0.9988 0.0485 0.7374 -0.0403 0.6743 -0.6754 -0.0288 0.7369 LS60.dat
1 1 4.398 -117.875 -5.8101 0.0111 0.999 0.0438 0.8592 -0.032 0.5106 -0.5115 -0.032 0.8587 LS60.dat
1 1 4.4466 -117.421 -4.3695 0.0093 0.9993 0.0353 0.9348 -0.0212 0.3546 -0.3551 -0.0297 0.9344 LS60.dat
1 1 4.4795 -117.148 -2.8886 0.0061 0.9997 0.0253 0.9743 -0.0116 0.2251 -0.2253 -0.0232 0.974 LS60.dat
1 1 4.4978 -117.011 -1.3899 0.0031 0.9999 0.0154 0.9922 -0.005 0.1242 -0.1243 -0.0149 0.9921 LS60.dat
1 1 4.5028 -116.979 0.1125 0.001 1 0.0063 0.9989 -0.0013 0.047 -0.047 -0.0063 0.9989 LS60.dat
1 1 4.5078 -117.056 1.6141 0.0001 1 0.0041 0.9996 0 -0.0268 0.0268 -0.0041 0.9996 LS60.dat
1 1 4.5314 -117.225 3.1071 0.0012 0.9999 0.0128 0.9959 0 -0.0908 0.0908 -0.0129 0.9958 LS60.dat
1 1 4.5694 -117.528 4.5797 0.0019 0.9998 0.0222 0.9847 0.002 -0.1745 0.1745 -0.0222 0.9844 LS60.dat
1 1 4.6221 -118.009 6.0063 0.0029 0.9995 0.0319 0.9589 0.0063 -0.2838 0.2839 -0.0314 0.9584 LS60.dat
1 1 4.688 -118.712 7.3396 0.0047 0.9992 0.0409 0.9064 0.013 -0.4222 0.4224 -0.0391 0.9056 LS60.dat
1 1 4.7621 -119.666 8.5112 0.0075 0.9989 0.0472 0.8126 0.0214 -0.5824 0.5828 -0.0428 0.8115 LS60.dat
1 1 4.8353 -120.854 9.4512 0.0104 0.9988 0.0484 0.6733 0.0288 -0.7388 0.7393 -0.0403 0.6722 LS60.dat
1 1 4.8986 -122.205 10.1322 0.0112 0.999 0.0437 0.5093 0.0319 -0.86 0.8605 -0.0319 0.5084 LS60.dat
1 1 4.9471 -123.645 10.5836 0.0093 0.9993 0.0351 0.3531 0.0296 -0.9351 0.9355 -0.0211 0.3526 LS60.dat
1 1 4.9798 -125.128 10.8549 0.0061 0.9997 0.0251 0.2238 0.0231 -0.9744 0.9746 -0.0116 0.2235 LS60.dat
1 1 4.9979 -126.626 10.9895 0.0031 0.9999 0.0153 0.1232 0.0148 -0.9923 0.9924 -0.0049 0.1231 LS60.dat
1 1 5.0027 -128.13 11.0205 0.001 1 0.0062 0.0462 0.0062 -0.9989 0.9989 -0.0012 0.0462 LS60.dat
1 1 5.0079 -129.63 10.9437 0.0001 1 0.0041 -0.0269 0.0041 -0.9996 0.9996 0 -0.0269 LS60.dat
1 1 5.0315 -131.122 10.7751 0.0012 0.9999 0.0128 -0.091 0.0129 -0.9958 0.9958 0 -0.091 LS60.dat
1 1 5.0695 -132.593 10.4707 0.0019 0.9998 0.0222 -0.1749 0.0222 -0.9843 0.9846 0.002 -0.1749 LS60.dat
1 1 5.1222 -134.018 9.989 0.0029 0.9995 0.0319 -0.2845 0.0314 -0.9581 0.9587 0.0063 -0.2845 LS60.dat
1 1 5.1882 -135.35 9.285 0.0047 0.9992 0.0409 -0.4233 0.0391 -0.9052 0.906 0.013 -0.4231 LS60.dat
1 1 5.2622 -136.519 8.3295 0.0076 0.9989 0.0473 -0.5838 0.0428 -0.8108 0.8119 0.0214 -0.5834 LS60.dat
1 1 5.3355 -137.456 7.1414 0.0105 0.9988 0.0484 -0.7403 0.0403 -0.6711 0.6722 0.0288 -0.7398 LS60.dat
1 1 5.3988 -138.136 5.7886 0.0113 0.999 0.0437 -0.8613 0.0319 -0.5071 0.508 0.0319 -0.8608 LS60.dat
1 1 5.4472 -138.586 4.3461 0.0094 0.9993 0.0351 -0.936 0.0211 -0.3514 0.3519 0.0296 -0.9356 LS60.dat
1 1 5.4799 -138.856 2.864 0.0061 0.9997 0.0251 -0.9748 0.0116 -0.2226 0.2228 0.0231 -0.9746 LS60.dat
1 1 5.498 -138.99 1.3648 0.0031 0.9999 0.0153 -0.9925 0.0049 -0.1224 0.1225 0.0148 -0.9924 LS60.dat
1 1 5.5027 -139.02 -0.1377 0.0009 1 0.0062 -0.999 0.0012 -0.0457 0.0457 0.0061 -0.9989 LS60.dat
1 1 5.5079 -138.944 -1.639 0.0001 1 0.0041 -0.9996 0 0.0269 -0.0269 0.0041 -0.9996 LS60.dat
1 1 5.5315 -138.775 -3.1325 0.0012 0.9999 0.0128 -0.9958 0 0.0913 -0.0912 0.0129 -0.9957 LS60.dat
1 1 5.5696 -138.47 -4.6032 0.0019 0.9998 0.0222 -0.9845 -0.002 0.1753 -0.1753 0.0222 -0.9843 LS60.dat
1 1 5.6224 -137.987 -6.0275 0.0029 0.9995 0.032 -0.9585 -0.0063 0.2852 -0.2852 0.0315 -0.9579 LS60.dat
1 1 5.6885 -137.28 -7.3595 0.0048 0.9991 0.041 -0.9055 -0.0131 0.4242 -0.4244 0.0392 -0.9046 LS60.dat
1 1 5.7627 -136.322 -8.5282 0.0077 0.9989 0.0473 -0.8109 -0.0214 0.5849 -0.5852 0.0429 -0.8098 LS60.dat
1 1 5.836 -135.131 -9.4642 0.0106 0.9988 0.0484 -0.6708 -0.0288 0.7411 -0.7416 0.0403 -0.6696 LS60.dat
1 1 5.8992 -133.778 -10.1411 0.0114 0.999 0.0437 -0.5064 -0.0319 0.8617 -0.8622 0.0319 -0.5056 LS60.dat
1 1 5.9475 -132.335 -10.5894 0.0094 0.9993 0.0351 -0.3506 -0.0295 0.9361 -0.9365 0.0211 -0.3501 LS60.dat
1 1 5.9801 -130.853 -10.8577 0.0061 0.9997 0.0251 -0.2218 -0.0231 0.9748 -0.9751 0.0115 -0.2216 LS60.dat
1 1 5.9981 -129.354 -10.9906 0.0031 0.9999 0.0152 -0.1218 -0.0147 0.9924 -0.9926 0.0049 -0.1217 LS60.dat
1 1 6.0027 -127.853 -11.0203 0.0009 1 0.0061 -0.0453 -0.0061 0.999 -0.999 0.0012 -0.0453 LS60.dat
1 1 6.0079 -126.352 -10.9437 0.0001 1 0.0041 0.027 -0.0041 0.9996 -0.9996 0 0.027 LS60.dat
1 1 6.0316 -124.859 -10.7743 0.0012 0.9999 0.0129 0.0914 -0.0129 0.9957 -0.9958 0 0.0914 LS60.dat
1 1 6.0697 -123.387 -10.4682 0.0019 0.9998 0.0223 0.1758 -0.0223 0.9842 -0.9844 -0.002 0.1758 LS60.dat
1 1 6.1227 -121.962 -9.9839 0.003 0.9995 0.032 0.286 -0.0315 0.9577 -0.9582 -0.0063 0.2859 LS60.dat
1 1 6.1888 -120.631 -9.2762 0.0049 0.9991 0.041 0.4254 -0.0392 0.9042 -0.905 -0.0131 0.4252 LS60.dat
1 1 6.263 -119.464 -8.3165 0.0078 0.9988 0.0473 0.5863 -0.0429 0.809 -0.8101 -0.0215 0.5859 LS60.dat
1 1 6.3363 -118.53 -7.1246 0.0107 0.9988 0.0484 0.7425 -0.0404 0.6686 -0.6697 -0.0288 0.742 LS60.dat
1 1 6.3994 -117.855 -5.7708 0.0114 0.999 0.0437 0.8628 -0.0319 0.5045 -0.5054 -0.0319 0.8623 LS60.dat
1 1 6.4477 -117.409 -4.3281 0.0094 0.9993 0.035 0.9368 -0.0211 0.3491 -0.3497 -0.0295 0.9364 LS60.dat
1 1 6.4802 -117.141 -2.8444 0.0061 0.9997 0.025 0.9752 -0.0115 0.2208 -0.221 -0.023 0.975 LS60.dat
1 1 6.4981 -117.009 -1.3461 0.0031 0.9999 0.0152 0.9926 -0.0049 0.1211 -0.1212 -0.0147 0.9925 LS60.dat
1 1 6.5027 -116.98 0.1573 0.0009 1 0.0061 0.999 -0.0012 0.0448 -0.0448 -0.006 0.999 LS60.dat
1 1 6.5079 -117.056 1.6592 0.0001 1 0.0041 0.9996 0 -0.027 0.027 -0.0041 0.9996 LS60.dat
1 1 6.5316 -117.226 3.1513 0.0012 0.9999 0.0129 0.9958 0 -0.0916 0.0916 -0.0129 0.9957 LS60.dat
1 1 6.5698 -117.533 4.6226 0.0019 0.9997 0.0223 0.9844 0.002 -0.1761 0.1761 -0.0223 0.9841 LS60.dat
1 1 6.6227 -118.018 6.0471 0.003 0.9995 0.032 0.9581 0.0063 -0.2864 0.2865 -0.0316 0.9576 LS60.dat
1 1 6.6889 -118.726 7.3763 0.0049 0.9991 0.0411 0.9047 0.0131 -0.4258 0.426 -0.0392 0.9039 LS60.dat
1 1 6.7631 -119.687 8.5414 0.0078 0.9988 0.0474 0.8096 0.0215 -0.5866 0.587 -0.0429 0.8085 LS60.dat
1 1 6.8364 -120.879 9.4732 0.0107 0.9988 0.0485 0.6689 0.0288 -0.7428 0.7432 -0.0404 0.6678 LS60.dat
1 1 6.8996 -122.235 10.1477 0.0115 0.999 0.0437 0.5045 0.0319 -0.8628 0.8634 -0.0319 0.5036 LS60.dat
1 1 6.9478 -123.677 10.5929 0.0095 0.9993 0.035 0.3489 0.0295 -0.9367 0.9371 -0.0211 0.3484 LS60.dat
1 1 6.9803 -125.16 10.8598 0.0062 0.9997 0.025 0.2205 0.023 -0.9751 0.9754 -0.0115 0.2203 LS60.dat
1 1 6.9981 -126.658 10.9912 0.0031 0.9999 0.0152 0.1208 0.0147 -0.9926 0.9927 -0.0049 0.1208 LS60.dat
1 1 7.0027 -128.161 11.0201 0.0009 1 0.0061 0.0446 0.006 -0.999 0.999 -0.0012 0.0446 LS60.dat
1 1 7.008 -129.662 10.9438 0.0001 1 0.0041 -0.027 0.0041 -0.9996 0.9996 0 -0.027 LS60.dat
1 1 7.0316 -131.154 10.774 0.0012 0.9999 0.0129 -0.0916 0.0129 -0.9957 0.9958 0 -0.0917 LS60.dat
1 1 7.0698 -132.625 10.4674 0.0019 0.9997 0.0223 -0.1762 0.0223 -0.9841 0.9844 0.002 -0.1762 LS60.dat
1 1 7.1228 -134.049 9.9822 0.003 0.9995 0.032 -0.2866 0.0316 -0.9575 0.958 0.0063 -0.2865 LS60.dat
1 1 7.1889 -135.378 9.2732 0.0049 0.9991 0.0411 -0.4263 0.0393 -0.9037 0.9046 0.0131 -0.4261 LS60.dat
1 1 7.2633 -136.544 8.3112 0.0079 0.9988 0.0474 -0.5874 0.043 -0.8082 0.8093 0.0215 -0.587 LS60.dat
1 1 7.3365 -137.475 7.1184 0.0108 0.9988 0.0485 -0.7436 0.0404 -0.6674 0.6685 0.0288 -0.7431 LS60.dat
1 1 7.3997 -138.149 5.7625 0.0115 0.999 0.0437 -0.8636 0.0319 -0.5032 0.5041 0.0319 -0.8631 LS60.dat
1 1 7.4478 -138.594 4.32 0.0095 0.9993 0.035 -0.9372 0.0211 -0.348 0.3486 0.0295 -0.9368 LS60.dat
1 1 7.4803 -138.86 2.8369 0.0062 0.9997 0.025 -0.9754 0.0115 -0.2199 0.2202 0.023 -0.9752 LS60.dat
1 1 7.4982 -138.992 1.3372 0.0031 0.9999 0.0151 -0.9927 0.0049 -0.1205 0.1205 0.0147 -0.9926 LS60.dat
1 1 7.5027 -139.02 -0.1652 0.0009 1 0.0061 -0.999 0.0012 -0.0444 0.0444 0.006 -0.999 LS60.dat
1 1 7.508 -138.944 -1.6661 0.0001 1 0.0041 -0.9996 0 0.0271 -0.0271 0.0041 -0.9996 LS60.dat
1 1 7.5317 -138.774 -3.1577 0.0012 0.9999 0.0129 -0.9958 0 0.0917 -0.0917 0.0129 -0.9957 LS60.dat
1 1 7.5698 -138.467 -4.6285 0.0019 0.9997 0.0223 -0.9843 -0.002 0.1763 -0.1763 0.0223 -0.9841 LS60.dat
1 1 7.6228 -137.981 -6.0523 0.003 0.9995 0.0321 -0.958 -0.0063 0.2868 -0.2869 0.0316 -0.9574 LS60.dat
1 1 7.6891 -137.271 -7.3825 0.0049 0.9991 0.0411 -0.9044 -0.0131 0.4266 -0.4268 0.0393 -0.9035 LS60.dat
1 1 7.7634 -136.308 -8.5478 0.0079 0.9988 0.0474 -0.8088 -0.0215 0.5877 -0.588 0.043 -0.8077 LS60.dat
1 1 7.8367 -135.113 -9.479 0.0108 0.9988 0.0485 -0.6678 -0.0289 0.7438 -0.7442 0.0404 -0.6667 LS60.dat
1 1 7.8999 -133.757 -10.1515 0.0115 0.999 0.0436 -0.5033 -0.0319 0.8635 -0.864 0.0319 -0.5024 LS60.dat
1 1 7.948 -132.315 -10.5952 0.0095 0.9993 0.035 -0.3479 -0.0295 0.9371 -0.9375 0.0211 -0.3474 LS60.dat
1 1 7.9804 -130.832 -10.8608 0.0062 0.9997 0.0249 -0.2197 -0.023 0.9753 -0.9756 0.0115 -0.2195 LS60.dat
1 1 7.9982 -129.332 -10.9918 0.0031 0.9999 0.0151 -0.1202 -0.0146 0.9926 -0.9927 0.0049 -0.1201 LS60.dat
1 1 8.0027 -127.83 -11.02 0.0009 1 0.006 -0.0442 -0.006 0.999 -0.999 0.0012 -0.0441 LS60.dat
1 1 8.008 -126.33 -10.9437 0.0001 1 0.0041 0.0271 -0.0041 0.9996 -0.9996 0 0.0271 LS60.dat
1 1 8.0317 -124.836 -10.7734 0.0012 0.9999 0.0129 0.0919 -0.0129 0.9957 -0.9958 0 0.0919 LS60.dat
1 1 8.0699 -123.366 -10.4662 0.0019 0.9997 0.0223 0.1766 -0.0223 0.984 -0.9843 -0.002 0.1766 LS60.dat
1 1 8.1229 -121.942 -9.98 0.003 0.9995 0.0321 0.2873 -0.0316 0.9573 -0.9578 -0.0063 0.2872 LS60.dat
1 1 8.1892 -120.613 -9.2689 0.005 0.9991 0.0411 0.4272 -0.0393 0.9033 -0.9041 -0.0131 0.4271 LS60.dat
1 1 8.2636 -119.449 -8.3054 0.0079 0.9988 0.0474 0.5886 -0.043 0.8073 -0.8084 -0.0215 0.5882 LS60.dat
1 1 8.3369 -118.518 -7.1101 0.0108 0.9988 0.0485 0.7447 -0.0404 0.6662 -0.6673 -0.0289 0.7442 LS60.dat
1 1 8.4 -117.847 -5.7536 0.0116 0.999 0.0436 0.8644 -0.0319 0.5018 -0.5027 -0.0319 0.8639 LS60.dat
1 1 8.4481 -117.403 -4.309 0.0095 0.9993 0.0349 0.9377 -0.021 0.3468 -0.3473 -0.0295 0.9373 LS60.dat
1 1 8.4805 -117.138 -2.826 0.0062 0.9997 0.0249 0.9757 -0.0115 0.219 -0.2192 -0.023 0.9754 LS60.dat
1 1 8.4983 -117.008 -1.3268 0.0031 0.9999 0.0151 0.9928 -0.0049 0.1198 -0.1199 -0.0146 0.9927 LS60.dat
1 1 8.5027 -116.98 0.175 0.0009 1 0.006 0.999 -0.0012 0.0439 -0.0439 -0.006 0.999 LS60.dat
1 1 8.508 -117.056 1.675 0.0001 1 0.0041 0.9996 0 -0.0271 0.0271 -0.0041 0.9996 LS60.dat
1 1 8.5317 -117.227 3.1682 0.0012 0.9999 0.0129 0.9958 0 -0.092 0.092 -0.013 0.9957 LS60.dat
1 1 8.57 -117.535 4.6406 0.002 0.9997 0.0223 0.9842 0.002 -0.1769 0.1769 -0.0223 0.984 LS60.dat
1 1 8.6231 -118.022 6.0634 0.003 0.9995 0.0321 0.9577 0.0063 -0.2876 0.2877 -0.0316 0.9572 LS60.dat
1 1 8.6894 -118.733 7.3921 0.005 0.9991 0.0412 0.9039 0.0131 -0.4276 0.4277 -0.0393 0.903 LS60.dat
1 1 8.7637 -119.697 8.5554 0.008 0.9988 0.0474 0.808 0.0215 -0.5888 0.5891 -0.043 0.8069 LS60.dat
1 1 8.837 -120.893 9.4844 0.0109 0.9988 0.0485 0.6668 0.0289 -0.7447 0.7452 -0.0404 0.6657 LS60.dat
1 1 8.9001 -122.25 10.1547 0.0116 0.999 0.0436 0.5022 0.0319 -0.8642 0.8647 -0.0319 0.5013 LS60.dat
1 1 8.9482 -123.694 10.5977 0.0095 0.9993 0.0349 0.3468 0.0295 -0.9375 0.9379 -0.021 0.3463 LS60.dat
1 1 8.9806 -125.177 10.8621 0.0062 0.9997 0.0249 0.2189 0.0229 -0.9755 0.9757 -0.0115 0.2187 LS60.dat
1 1 8.9983 -126.676 10.9921 0.0031 0.9999 0.0151 0.1196 0.0146 -0.9927 0.9928 -0.0049 0.1195 LS60.dat
1 1 9.0027 -128.18 11.0198 0.0009 1 0.006 0.0437 0.0059 -0.999 0.999 -0.0012 0.0436 LS60.dat
1 1 9.008 -129.682 10.9438 0.0001 1 0.0041 -0.0272 0.0041 -0.9996 0.9996 0 -0.0272 LS60.dat
1 1 9.0318 -131.174 10.7731 0.0012 0.9999 0.0129 -0.0921 0.013 -0.9957 0.9957 0 -0.0921 LS60.dat
1 1 9.0701 -132.646 10.4647 0.002 0.9997 0.0224 -0.1771 0.0224 -0.9839 0.9842 0.002 -0.1771 LS60.dat
1 1 9.1232 -134.071 9.9767 0.0031 0.9995 0.0321 -0.2881 0.0317 -0.9571 0.9576 0.0063 -0.2881 LS60.dat
1 1 9.1896 -135.398 9.2642 0.005 0.9991 0.0412 -0.4284 0.0394 -0.9027 0.9036 0.0131 -0.4282 LS60.dat
1 1 9.2639 -136.56 8.2992 0.008 0.9988 0.0475 -0.5898 0.0431 -0.8064 0.8075 0.0215 -0.5894 LS60.dat
1 1 9.3372 -137.488 7.1029 0.0109 0.9988 0.0485 -0.7457 0.0404 -0.665 0.6662 0.0289 -0.7452 LS60.dat
1 1 9.4002 -138.157 5.746 0.0116 0.999 0.0436 -0.8651 0.0319 -0.5006 0.5015 0.0319 -0.8646 LS60.dat
1 1 9.4483 -138.599 4.3016 0.0095 0.9993 0.0349 -0.9381 0.021 -0.3458 0.3463 0.0295 -0.9377 LS60.dat
1 1 9.4806 -138.863 2.8191 0.0062 0.9997 0.0249 -0.9758 0.0115 -0.2183 0.2185 0.0229 -0.9756 LS60.dat
1 1 9.4983 -138.992 1.3205 0.0031 0.9999 0.015 -0.9928 0.0049 -0.1193 0.1193 0.0146 -0.9927 LS60.dat
1 1 9.5027 -139.02 -0.1826 0.0009 1 0.006 -0.9991 0.0012 -0.0435 0.0435 0.0059 -0.999 LS60.dat
1 1 9.508 -138.944 -1.6839 0.0001 1 0.0041 -0.9996 0 0.0272 -0.0272 0.0041 -0.9996 LS60.dat
1 1 9.5318 -138.773 -3.1765 0.0012 0.9999 0.0129 -0.9957 0 0.0922 -0.0922 0.013 -0.9957 LS60.dat
1 1 9.5701 -138.465 -4.6482 0.002 0.9997 0.0224 -0.9842 -0.002 0.1772 -0.1772 0.0224 -0.9839 LS60.dat
1 1 9.6232 -137.976 -6.0723 0.0031 0.9995 0.0321 -0.9576 -0.0063 0.2882 -0.2882 0.0317 -0.957 LS60.dat
1 1 9.6896 -137.264 -7.3997 0.005 0.9991 0.0412 -0.9035 -0.0131 0.4283 -0.4285 0.0394 -0.9027 LS60.dat
1 1 9.7639 -136.299 -8.5613 0.008 0.9988 0.0475 -0.8074 -0.0215 0.5896 -0.5899 0.0431 -0.8063 LS60.dat
1 1 9.8372 -135.102 -9.4886 0.0109 0.9988 0.0485 -0.666 -0.0289 0.7454 -0.7458 0.0404 -0.6649 LS60.dat
1 1 9.9002 -133.745 -10.1573 0.0116 0.999 0.0436 -0.5014 -0.0319 0.8646 -0.8652 0.0319 -0.5005 LS60.dat
1 1 9.9483 -132.301 -10.5992 0.0095 0.9993 0.0349 -0.3462 -0.0295 0.9377 -0.9381 0.021 -0.3457 LS60.dat
1 1 9.9806 -130.819 -10.8628 0.0062 0.9997 0.0249 -0.2184 -0.0229 0.9756 -0.9758 0.0115 -0.2182 LS60.dat
1 1 9.9983 -129.32 -10.9923 0.0031 0.9999 0.015 -0.1193 -0.0146 0.9928 -0.9929 0.0049 -0.1192 LS60.dat
1 1 10.0027 -127.817 -11.0198 0.0009 1 0.006 -0.0435 -0.0059 0.999 -0.9991 0.0012 -0.0435 LS60.dat
1 1 10.008 -126.316 -10.9438 0.0001 1 0.0041 0.0272 -0.0041 0.9996 -0.9996 0 0.0272 LS60.dat
1 1 10.0318 -124.823 -10.773 0.0012 0.9999 0.0129 0.0921 -0.013 0.9957 -0.9957 0 0.0922 LS60.dat
1 1 10.0701 -123.352 -10.4646 0.002 0.9997 0.0224 0.1772 -0.0224 0.9839 -0.9842 -0.002 0.1772 LS60.dat
1 1 10.1232 -121.928 -9.9764 0.0031 0.9995 0.0321 0.2882 -0.0317 0.957 -0.9576 -0.0063 0.2882 LS60.dat
1 1 10.1896 -120.6 -9.2637 0.005 0.9991 0.0412 0.4285 -0.0394 0.9027 -0.9035 -0.0131 0.4283 LS60.dat
1 1 10.2639 -119.439 -8.2986 0.008 0.9988 0.0475 0.5899 -0.0431 0.8063 -0.8074 -0.0215 0.5896 LS60.dat
1 1 10.3372 -118.511 -7.1022 0.0109 0.9988 0.0485 0.7459 -0.0404 0.6649 -0.666 -0.0289 0.7454 LS60.dat
1 1 10.4002 -117.843 -5.7454 0.0116 0.999 0.0436 0.8652 -0.0319 0.5005 -0.5014 -0.0319 0.8646 LS60.dat
1 1 10.4483 -117.401 -4.301 0.0095 0.9993 0.0349 0.9381 -0.021 0.3457 -0.3462 -0.0295 0.9377 LS60.dat
1 1 10.4806 -117.137 -2.8186 0.0062 0.9997 0.0249 0.9758 -0.0115 0.2182 -0.2184 -0.0229 0.9756 LS60.dat
1 1 10.4983 -117.008 -1.3202 0.0031 0.9999 0.015 0.9929 -0.0049 0.1192 -0.1193 -0.0146 0.9928 LS60.dat
1 1 10.5027 -116.98 0.1829 0.0009 1 0.006 0.9991 -0.0012 0.0435 -0.0435 -0.0059 0.999 LS60.dat
1 1 10.508 -117.056 1.6841 0.0001 1 0.0041 0.9996 0 -0.0272 0.0272 -0.0041 0.9996 LS60.dat
1 1 10.5318 -117.227 3.1767 0.0012 0.9999 0.0129 0.9957 0 -0.0922 0.0921 -0.013 0.9957 LS60.dat
1 1 10.5701 -117.535 4.6484 0.002 0.9997 0.0224 0.9842 0.002 -0.1772 0.1772 -0.0224 0.9839 LS60.dat
1 1 10.6232 -118.024 6.0724 0.0031 0.9995 0.0321 0.9576 0.0063 -0.2882 0.2882 -0.0317 0.957 LS60.dat
1 1 10.6896 -118.736 7.3998 0.005 0.9991 0.0412 0.9035 0.0131 -0.4283 0.4285 -0.0394 0.9027 LS60.dat
1 1 10.7639 -119.702 8.5614 0.008 0.9988 0.0475 0.8074 0.0215 -0.5896 0.5899 -0.0431 0.8063 LS60.dat
1 1 10.8372 -120.898 9.4886 0.0109 0.9988 0.0485 0.666 0.0289 -0.7454 0.7459 -0.0404 0.6649 LS60.dat
1 1 10.9002 -122.255 10.1573 0.0116 0.999 0.0436 0.5014 0.0319 -0.8646 0.8652 -0.0319 0.5005 LS60.dat
1 1 10.9483 -123.699 10.5992 0.0095 0.9993 0.0349 0.3462 0.0295 -0.9377 0.9381 -0.021 0.3457 LS60.dat
1 1 10.9806 -125.181 10.8628 0.0062 0.9997 0.0249 0.2184 0.0229 -0.9756 0.9758 -0.0115 0.2182 LS60.dat
1 1 10.9983 -126.68 10.9923 0.0031 0.9999 0.015 0.1193 0.0146 -0.9928 0.9929 -0.0049 0.1192 LS60.dat
1 1 11.0027 -128.183 11.0198 0.0009 1 0.006 0.0435 0.0059 -0.999 0.9991 -0.0012 0.0435 LS60.dat
1 1 11.008 -129.684 10.9438 0.0001 1 0.0041 -0.0272 0.0041 -0.9996 0.9996 0 -0.0272 LS60.dat
1 1 11.0318 -131.177 10.773 0.0012 0.9999 0.0129 -0.0921 0.013 -0.9957 0.9957 0 -0.0922 LS60.dat
1 1 11.0701 -132.648 10.4646 0.002 0.9997 0.0224 -0.1772 0.0224 -0.9839 0.9842 0.002 -0.1772 LS60.dat
1 1 11.1232 -134.072 9.9764 0.0031 0.9995 0.0321 -0.2882 0.0317 -0.957 0.9576 0.0063 -0.2882 LS60.dat
1 1 11.1896 -135.4 9.2637 0.005 0.9991 0.0412 -0.4285 0.0394 -0.9027 0.9035 0.0131 -0.4283 LS60.dat
1 1 11.2639 -136.562 8.2985 0.008 0.9988 0.0475 -0.5899 0.0431 -0.8063 0.8074 0.0215 -0.5896 LS60.dat
1 1 11.3372 -137.489 7.1021 0.0109 0.9988 0.0485 -0.7459 0.0404 -0.6649 0.666 0.0289 -0.7454 LS60.dat
1 1 11.4002 -138.157 5.7453 0.0116 0.999 0.0436 -0.8652 0.0319 -0.5005 0.5014 0.0319 -0.8646 LS60.dat
1 1 11.4483 -138.599 4.3009 0.0095 0.9993 0.0349 -0.9381 0.021 -0.3457 0.3462 0.0295 -0.9377 LS60.dat
1 1 11.4806 -138.863 2.8185 0.0062 0.9997 0.0249 -0.9758 0.0115 -0.2182 0.2184 0.0229 -0.9756 LS60.dat
1 1 11.4983 -138.992 1.3201 0.0031 0.9999 0.015 -0.9929 0.0049 -0.1192 0.1193 0.0146 -0.9928 LS60.dat
1 1 11.5027 -139.02 -0.1829 0.0009 1 0.006 -0.9991 0.0012 -0.0435 0.0435 0.0059 -0.999 LS60.dat
1 1 11.508 -138.944 -1.6841 0.0001 1 0.0041 -0.9996 0 0.0272 -0.0272 0.0041 -0.9996 LS60.dat
1 1 11.5318 -138.773 -3.1767 0.0012 0.9999 0.0129 -0.9957 0 0.0922 -0.0922 0.013 -0.9957 LS60.dat
1 1 11.5701 -138.465 -4.6484 0.002 0.9997 0.0224 -0.9842 -0.002 0.1772 -0.1772 0.0224 -0.9839 LS60.dat
1 1 11.6232 -137.976 -6.0724 0.0031 0.9995 0.0321 -0.9576 -0.0063 0.2882 -0.2882 0.0317 -0.957 LS60.dat
1 1 11.6896 -137.264 -7.3998 0.005 0.9991 0.0412 -0.9035 -0.0131 0.4283 -0.4285 0.0394 -0.9027 LS60.dat
1 1 11.7639 -136.299 -8.5614 0.008 0.9988 0.0475 -0.8074 -0.0215 0.5896 -0.5899 0.0431 -0.8063 LS60.dat
1 1 11.8372 -135.102 -9.4886 0.0109 0.9988 0.0485 -0.666 -0.0289 0.7454 -0.7459 0.0404 -0.6649 LS60.dat
1 1 11.9002 -133.745 -10.1573 0.0116 0.999 0.0436 -0.5014 -0.0319 0.8646 -0.8652 0.0319 -0.5005 LS60.dat
1 1 11.9483 -132.301 -10.5992 0.0095 0.9993 0.0349 -0.3462 -0.0295 0.9377 -0.9381 0.021 -0.3457 LS60.dat
1 1 11.9806 -130.819 -10.8628 0.0062 0.9997 0.0249 -0.2184 -0.0229 0.9756 -0.9758 0.0115 -0.2182 LS60.dat
1 1 11.9983 -129.32 -10.9923 0.0031 0.9999 0.015 -0.1193 -0.0146 0.9928 -0.9929 0.0049 -0.1192 LS60.dat
1 1 12.0027 -127.817 -11.0198 0.0009 1 0.006 -0.0435 -0.0059 0.999 -0.9991 0.0012 -0.0435 LS60.dat
1 1 12.008 -126.316 -10.9438 0.0001 1 0.0041 0.0272 -0.0041 0.9996 -0.9996 0 0.0272 LS60.dat
1 1 12.0318 -124.823 -10.773 0.0012 0.9999 0.0129 0.0921 -0.013 0.9957 -0.9957 0 0.0922 LS60.dat
1 1 12.0701 -123.352 -10.4646 0.002 0.9997 0.0224 0.1772 -0.0224 0.9839 -0.9842 -0.002 0.1772 LS60.dat
1 1 12.1232 -121.928 -9.9764 0.0031 0.9995 0.0321 0.2882 -0.0317 0.957 -0.9576 -0.0063 0.2882 LS60.dat
1 1 12.1896 -120.6 -9.2637 0.005 0.9991 0.0412 0.4285 -0.0394 0.9027 -0.9035 -0.0131 0.4283 LS60.dat
1 1 12.2639 -119.439 -8.2986 0.008 0.9988 0.0475 0.5899 -0.0431 0.8063 -0.8074 -0.0215 0.5896 LS60.dat
1 1 12.3372 -118.511 -7.1022 0.0109 0.9988 0.0485 0.7459 -0.0404 0.6649 -0.666 -0.0289 0.7454 LS60.dat
1 1 12.4002 -117.843 -5.7454 0.0116 0.999 0.0436 0.8652 -0.0319 0.5005 -0.5014 -0.0319 0.8646 LS60.dat
1 1 12.4483 -117.401 -4.301 0.0095 0.9993 0.0349 0.9381 -0.021 0.3457 -0.3462 -0.0295 0.9377 LS60.dat
1 1 12.4806 -117.137 -2.8186 0.0062 0.9997 0.0249 0.9758 -0.0115 0.2182 -0.2184 -0.0229 0.9756 LS60.dat
1 1 12.4983 -117.008 -1.3202 0.0031 0.9999 0.015 0.9929 -0.0049 0.1192 -0.1193 -0.0146 0.9928 LS60.dat
1 1 12.5027 -116.98 0.1828 0.0009 1 0.006 0.9991 -0.0012 0.0435 -0.0435 -0.0059 0.999 LS60.dat
1 1 12.508 -117.056 1.6841 0.0001 1 0.0041 0.9996 0 -0.0272 0.0272 -0.0041 0.9996 LS60.dat
1 1 12.5318 -117.227 3.1767 0.0012 0.9999 0.0129 0.9957 0 -0.0922 0.0921 -0.013 0.9957 LS60.dat
1 1 12.5701 -117.535 4.6483 0.002 0.9997 0.0224 0.9842 0.002 -0.1772 0.1772 -0.0224 0.9839 LS60.dat
1 1 12.6232 -118.024 6.0724 0.0031 0.9995 0.0321 0.9576 0.0063 -0.2882 0.2882 -0.0317 0.957 LS60.dat
1 1 12.6896 -118.736 7.3998 0.005 0.9991 0.0412 0.9035 0.0131 -0.4283 0.4285 -0.0394 0.9027 LS60.dat
1 1 12.7639 -119.702 8.5614 0.008 0.9988 0.0475 0.8074 0.0215 -0.5896 0.5899 -0.0431 0.8063 LS60.dat
1 1 12.8372 -120.898 9.4886 0.0109 0.9988 0.0485 0.666 0.0289 -0.7454 0.7459 -0.0404 0.6649 LS60.dat
1 1 12.9002 -122.255 10.1573 0.0116 0.999 0.0436 0.5014 0.0319 -0.8646 0.8652 -0.0319 0.5005 LS60.dat
1 1 12.9483 -123.699 10.5992 0.0095 0.9993 0.0349 0.3462 0.0295 -0.9377 0.9381 -0.021 0.3457 LS60.dat
1 1 12.9806 -125.181 10.8628 0.0062 0.9997 0.0249 0.2184 0.0229 -0.9756 0.9758 -0.0115 0.2182 LS60.dat
1 1 12.9983 -126.68 10.9923 0.0031 0.9999 0.015 0.1193 0.0146 -0.9928 0.9929 -0.0049 0.1192 LS60.dat
1 1 13.0027 -128.183 11.0198 0.0009 1 0.006 0.0435 0.0059 -0.999 0.9991 -0.0012 0.0435 LS60.dat
1 1 13.008 -129.684 10.9438 0.0001 1 0.0041 -0.0272 0.0041 -0.9996 0.9996 0 -0.0272 LS60.dat
1 1 13.0318 -131.177 10.773 0.0012 0.9999 0.0129 -0.0921 0.013 -0.9957 0.9957 0 -0.0922 LS60.dat
1 1 13.0701 -132.648 10.4646 0.002 0.9997 0.0224 -0.1772 0.0224 -0.9839 0.9842 0.002 -0.1772 LS60.dat
1 1 13.1232 -134.072 9.9764 0.0031 0.9995 0.0321 -0.2882 0.0317 -0.957 0.9576 0.0063 -0.2882 LS60.dat
1 1 13.1896 -135.4 9.2637 0.005 0.9991 0.0412 -0.4285 0.0394 -0.9027 0.9035 0.0131 -0.4283 LS60.dat
1 1 13.2639 -136.562 8.2985 0.008 0.9988 0.0475 -0.5899 0.0431 -0.8063 0.8074 0.0215 -0.5896 LS60.dat
1 1 13.3372 -137.489 7.1021 0.0109 0.9988 0.0485 -0.7459 0.0404 -0.6649 0.666 0.0289 -0.7454 LS60.dat
1 1 13.4002 -138.157 5.7453 0.0116 0.999 0.0436 -0.8652 0.0319 -0.5005 0.5014 0.0319 -0.8646 LS60.dat
1 1 13.4483 -138.599 4.301 0.0095 0.9993 0.0349 -0.9381 0.021 -0.3457 0.3462 0.0295 -0.9377 LS60.dat
1 1 13.4806 -138.863 2.8186 0.0062 0.9997 0.0249 -0.9758 0.0115 -0.2182 0.2184 0.0229 -0.9756 LS60.dat
1 1 13.4983 -138.992 1.3201 0.0031 0.9999 0.015 -0.9929 0.0049 -0.1192 0.1193 0.0146 -0.9928 LS60.dat
1 1 13.5027 -139.02 -0.1829 0.0009 1 0.006 -0.9991 0.0012 -0.0435 0.0435 0.0059 -0.999 LS60.dat
1 1 13.508 -138.944 -1.6841 0.0001 1 0.0041 -0.9996 0 0.0272 -0.0272 0.0041 -0.9996 LS60.dat
1 1 13.5318 -138.773 -3.1767 0.0012 0.9999 0.0129 -0.9957 0 0.0922 -0.0922 0.013 -0.9957 LS60.dat
1 1 13.5701 -138.465 -4.6483 0.002 0.9997 0.0224 -0.9842 -0.002 0.1772 -0.1772 0.0224 -0.9839 LS60.dat
1 1 13.6232 -137.976 -6.0724 0.0031 0.9995 0.0321 -0.9576 -0.0063 0.2882 -0.2882 0.0317 -0.957 LS60.dat
1 1 13.6896 -137.264 -7.3998 0.005 0.9991 0.0412 -0.9035 -0.0131 0.4283 -0.4285 0.0394 -0.9027 LS60.dat
1 1 13.7639 -136.299 -8.5614 0.008 0.9988 0.0475 -0.8074 -0.0215 0.5896 -0.5899 0.0431 -0.8063 LS60.dat
1 1 13.8372 -135.102 -9.4886 0.0109 0.9988 0.0485 -0.666 -0.0289 0.7454 -0.7459 0.0404 -0.6649 LS60.dat
1 1 13.9002 -133.745 -10.1573 0.0116 0.999 0.0436 -0.5014 -0.0319 0.8646 -0.8652 0.0319 -0.5005 LS60.dat
1 1 13.9483 -132.301 -10.5992 0.0095 0.9993 0.0349 -0.3462 -0.0295 0.9377 -0.9381 0.021 -0.3457 LS60.dat
1 1 13.9806 -130.819 -10.8628 0.0062 0.9997 0.0249 -0.2184 -0.0229 0.9756 -0.9758 0.0115 -0.2182 LS60.dat
1 1 13.9983 -129.32 -10.9923 0.0031 0.9999 0.015 -0.1193 -0.0146 0.9928 -0.9929 0.0049 -0.1192 LS60.dat
1 1 14.0027 -127.817 -11.0198 0.0009 1 0.006 -0.0435 -0.0059 0.999 -0.9991 0.0012 -0.0435 LS60.dat
1 1 13.9997 -126.315 -10.9951 0 1 0 0.0015 0 1 -1 0 0.0015 LS60.dat
1 1 13.9997 -124.813 -10.9849 0 1 0 0.0055 0 1 -1 0 0.0055 LS60.dat
1 1 13.9998 -123.313 -10.9653 0 1 0 0.0112 0 0.9999 -0.9999 0 0.0112 LS60.dat
1 1 13.9998 -121.811 -10.9327 0 1 0 0.0191 0 0.9998 -0.9998 0 0.0191 LS60.dat
1 1 13.9998 -120.311 -10.8828 0 1 0 0.0297 0 0.9996 -0.9996 0 0.0297 LS60.dat
1 1 13.9998 -118.812 -10.811 0 1 0 0.0433 0 0.9991 -0.9991 0 0.0433 LS60.dat
1 1 13.9999 -117.314 -10.7132 0 1 0 0.0597 0 0.9982 -0.9982 0 0.0597 LS60.dat
1 1 13.9999 -115.818 -10.5867 0 1 0 0.0782 0 0.9969 -0.9969 0 0.0782 LS60.dat
1 1 13.9999 -114.325 -10.431 0 1 0 0.0973 0 0.9953 -0.9953 0 0.0973 LS60.dat
1 1 13.9999 -112.833 -10.2484 0 1 0 0.1155 0 0.9933 -0.9933 0 0.1155 LS60.dat
1 1 14 -111.345 -10.0428 0 1 0 0.1316 0 0.9913 -0.9913 0 0.1316 LS60.dat
1 1 14 -109.859 -9.8186 0 1 0 0.1448 0 0.9895 -0.9895 0 0.1448 LS60.dat
1 1 14 -108.376 -9.5802 0 1 0 0.1552 0 0.9879 -0.9879 0 0.1552 LS60.dat
1 1 14 -106.894 -9.3311 0 1 0 0.1631 0 0.9866 -0.9866 0 0.1631 LS60.dat
1 1 14 -105.416 -9.0746 0 1 0 0.169 0 0.9856 -0.9856 0 0.169 LS60.dat
1 1 14.0969 -103.936 -8.8399 -0.0007 0.9988 0.0485 0.1598 -0.0477 0.986 -0.9872 -0.0084 0.1596 LS60.dat
1 1 14.2699 -102.454 -8.6301 -0.0028 0.9951 0.0985 0.1453 -0.097 0.9846 -0.9894 -0.0171 0.1444 LS60.dat
1 1 14.4658 -100.976 -8.428 -0.004 0.9925 0.1223 0.1383 -0.1206 0.983 -0.9904 -0.0209 0.1368 LS60.dat
1 1 14.6797 -99.4937 -8.2312 -0.0047 0.9906 0.1369 0.1338 -0.1351 0.9818 -0.991 -0.023 0.1319 LS60.dat
1 1 14.9063 -98.0153 -8.0391 -0.0051 0.9891 0.147 0.1306 -0.145 0.9808 -0.9914 -0.0242 0.1285 LS60.dat
1 1 15.1429 -96.5372 -7.8506 -0.0053 0.988 0.1544 0.1282 -0.1525 0.98 -0.9917 -0.025 0.1258 LS60.dat
1 1 15.3875 -95.0587 -7.6648 -0.0054 0.9871 0.1601 0.1262 -0.1582 0.9793 -0.992 -0.0255 0.1237 LS60.dat
1 1 15.6375 -93.5869 -7.4822 -0.0053 0.9863 0.1647 0.1245 -0.1628 0.9788 -0.9922 -0.0257 0.122 LS60.dat
1 1 15.8931 -92.1139 -7.3016 -0.0052 0.9857 0.1685 0.1231 -0.1666 0.9783 -0.9924 -0.0258 0.1205 LS60.dat
1 1 16.1529 -90.6427 -7.123 -0.005 0.9852 0.1716 0.1218 -0.1698 0.9779 -0.9925 -0.0257 0.1191 LS60.dat
1 1 16.4159 -89.1749 -6.9464 -0.0047 0.9847 0.1743 0.1206 -0.1724 0.9776 -0.9927 -0.0256 0.118 LS60.dat
1 1 16.6835 -87.7001 -6.7705 -0.0044 0.9843 0.1766 0.1196 -0.1748 0.9773 -0.9928 -0.0254 0.1169 LS60.dat
1 1 16.953 -86.2302 -6.5965 -0.0041 0.9839 0.1785 0.1186 -0.1768 0.9771 -0.9929 -0.0252 0.116 LS60.dat
1 1 17.2262 -84.7543 -6.423 -0.0038 0.9836 0.1802 0.1177 -0.1785 0.9769 -0.993 -0.0249 0.1151 LS60.dat
1 1 17.5007 -83.2831 -6.2513 -0.0034 0.9833 0.1817 0.1168 -0.1801 0.9767 -0.9931 -0.0245 0.1143 LS60.dat
1 1 17.7764 -81.8159 -6.0811 -0.003 0.9831 0.183 0.116 -0.1815 0.9765 -0.9932 -0.0242 0.1135 LS60.dat
1 1 18.0551 -80.3415 -5.9112 -0.0026 0.9829 0.1842 0.1152 -0.1827 0.9764 -0.9933 -0.0238 0.1128 LS60.dat
1 1 18.3348 -78.8696 -5.7425 -0.0022 0.9827 0.1852 0.1145 -0.1837 0.9763 -0.9934 -0.0234 0.1121 LS60.dat
1 1 18.6156 -77.399 -5.575 -0.0018 0.9825 0.1861 0.1137 -0.1847 0.9762 -0.9935 -0.0229 0.1114 LS60.dat
1 1 18.8974 -75.9286 -5.4083 -0.0014 0.9824 0.1869 0.113 -0.1855 0.9761 -0.9936 -0.0224 0.1108 LS60.dat
1 1 19.1805 -74.457 -5.2425 -0.0009 0.9823 0.1875 0.1124 -0.1863 0.9761 -0.9937 -0.022 0.1102 LS60.dat
1 1 19.4631 -72.9925 -5.0784 -0.0005 0.9821 0.1881 0.1117 -0.1869 0.976 -0.9937 -0.0215 0.1096 LS60.dat
1 1 19.7472 -71.524 -4.9146 0 0.982 0.1886 0.111 -0.1875 0.976 -0.9938 -0.021 0.109 LS60.dat
1 1 20.0311 -70.0594 -4.7522 0.0004 0.982 0.1891 0.1104 -0.1879 0.976 -0.9939 -0.0204 0.1084 LS60.dat
1 1 20.3169 -68.5877 -4.5898 0.0009 0.9819 0.1894 0.1097 -0.1884 0.976 -0.994 -0.0199 0.1079 LS60.dat
1 1 20.603 -67.1165 -4.4283 0.0013 0.9818 0.1897 0.109 -0.1887 0.976 -0.994 -0.0194 0.1073 LS60.dat
1 1 20.8896 -65.6441 -4.2675 0.0018 0.9818 0.1899 0.1084 -0.189 0.976 -0.9941 -0.0188 0.1068 LS60.dat
1 1 21.1751 -64.1781 -4.1082 0.0023 0.9818 0.1901 0.1077 -0.1892 0.976 -0.9942 -0.0183 0.1062 LS60.dat
1 1 21.4617 -62.7074 -3.9493 0.0027 0.9818 0.1902 0.1071 -0.1893 0.9761 -0.9942 -0.0177 0.1057 LS60.dat
1 1 21.7478 -61.2393 -3.7915 0.0032 0.9817 0.1902 0.1064 -0.1894 0.9761 -0.9943 -0.0171 0.1051 LS60.dat
1 1 22.0336 -59.7719 -3.6347 0.0036 0.9817 0.1902 0.1058 -0.1895 0.9762 -0.9944 -0.0166 0.1045 LS60.dat
1 1 22.3194 -58.3035 -3.4786 0.0041 0.9818 0.1901 0.1051 -0.1894 0.9763 -0.9945 -0.016 0.104 LS60.dat
1 1 22.6056 -56.832 -3.323 0.0045 0.9818 0.1899 0.1044 -0.1893 0.9763 -0.9945 -0.0154 0.1034 LS60.dat
1 1 22.8905 -55.3649 -3.1689 0.005 0.9818 0.1897 0.1037 -0.1892 0.9764 -0.9946 -0.0148 0.1028 LS60.dat
1 1 23.1761 -53.8911 -3.015 0.0054 0.9819 0.1894 0.103 -0.1889 0.9766 -0.9947 -0.0142 0.1022 LS60.dat
1 1 23.4611 -52.418 -2.8621 0.0058 0.982 0.1891 0.1023 -0.1886 0.9767 -0.9947 -0.0136 0.1016 LS60.dat
1 1 23.7455 -50.9439 -2.7101 0.0063 0.982 0.1886 0.1016 -0.1883 0.9769 -0.9948 -0.013 0.1009 LS60.dat
1 1 24.0277 -49.4767 -2.5599 0.0067 0.9821 0.1881 0.1008 -0.1878 0.977 -0.9949 -0.0124 0.1002 LS60.dat
1 1 24.3098 -48.0051 -2.4104 0.0071 0.9822 0.1875 0.1 -0.1873 0.9772 -0.995 -0.0118 0.0995 LS60.dat
1 1 24.5901 -46.5371 -2.2624 0.0075 0.9824 0.1868 0.0992 -0.1867 0.9774 -0.995 -0.0112 0.0988 LS60.dat
1 1 24.8705 -45.0616 -2.1148 0.0078 0.9825 0.1861 0.0983 -0.1859 0.9776 -0.9951 -0.0106 0.098 LS60.dat
1 1 25.1493 -43.5868 -1.9686 0.0082 0.9827 0.1852 0.0974 -0.1851 0.9779 -0.9952 -0.01 0.0972 LS60.dat
1 1 25.4266 -42.1113 -1.8237 0.0085 0.9829 0.1842 0.0964 -0.1841 0.9782 -0.9953 -0.0094 0.0964 LS60.dat
1 1 25.7023 -40.634 -1.6801 0.0088 0.9831 0.183 0.0954 -0.183 0.9785 -0.9954 -0.0088 0.0954 LS60.dat
1 1 25.9744 -39.1644 -1.5388 0.0091 0.9833 0.1817 0.0943 -0.1817 0.9788 -0.9955 -0.0082 0.0944 LS60.dat
1 1 26.2447 -37.691 -1.3989 0.0094 0.9836 0.1802 0.0932 -0.1803 0.9792 -0.9956 -0.0076 0.0933 LS60.dat
1 1 26.5131 -36.2131 -1.2605 0.0096 0.9839 0.1785 0.0919 -0.1786 0.9796 -0.9957 -0.007 0.0922 LS60.dat
1 1 26.7771 -34.741 -1.1247 0.0098 0.9843 0.1765 0.0905 -0.1766 0.9801 -0.9958 -0.0064 0.0908 LS60.dat
1 1 27.0383 -33.2635 -0.9908 0.0099 0.9847 0.1742 0.089 -0.1744 0.9807 -0.996 -0.0058 0.0894 LS60.dat
1 1 27.2962 -31.7803 -0.8591 0.01 0.9851 0.1715 0.0873 -0.1717 0.9813 -0.9961 -0.0052 0.0877 LS60.dat
1 1 27.5476 -30.3036 -0.731 0.01 0.9857 0.1683 0.0854 -0.1685 0.982 -0.9963 -0.0046 0.0858 LS60.dat
1 1 27.7935 -28.8228 -0.6061 0.0099 0.9863 0.1645 0.0831 -0.1647 0.9828 -0.9965 -0.004 0.0836 LS60.dat
1 1 28.0321 -27.3394 -0.4853 0.0097 0.9871 0.1598 0.0805 -0.1601 0.9838 -0.9967 -0.0034 0.081 LS60.dat
1 1 28.2609 -25.8562 -0.3698 0.0093 0.988 0.154 0.0773 -0.1542 0.985 -0.997 -0.0028 0.0778 LS60.dat
1 1 28.4782 -24.3654 -0.2605 0.0086 0.9892 0.1463 0.0732 -0.1466 0.9865 -0.9973 -0.0022 0.0737 LS60.dat
1 1 28.6783 -22.8738 -0.1603 0.0077 0.9907 0.136 0.0678 -0.1362 0.9884 -0.9977 -0.0016 0.0683 LS60.dat
1 1 28.8528 -21.3809 -0.0731 0.0062 0.9926 0.1209 0.0601 -0.121 0.9908 -0.9982 -0.0011 0.0605 LS60.dat
1 1 28.9845 -19.8829 -0.0076 0.004 0.9954 0.0958 0.0476 -0.0959 0.9943 -0.9989 -0.0006 0.0477 LS60.dat
1 1 28.7682 -18.3819 -0.0309 0 0.9964 -0.0845 0.0001 0.0845 0.9964 -1 0 0.0001 LS60.dat
1 1 28.3735 -16.928 -0.0303 -0.0001 0.9758 -0.2185 0.0003 0.2185 0.9758 -1 0 0.0004 LS60.dat
1 1 27.8541 -15.5162 -0.0295 -0.0002 0.9494 -0.3142 0.0005 0.3142 0.9494 -1 0 0.0005 LS60.dat
1 1 27.2394 -14.1418 -0.0285 -0.0002 0.9228 -0.3853 0.0006 0.3853 0.9228 -1 0 0.0006 LS60.dat
1 1 26.5491 -12.8027 -0.0274 -0.0003 0.8978 -0.4404 0.0006 0.4404 0.8978 -1 0 0.0007 LS60.dat
1 1 25.798 -11.4983 -0.0263 -0.0004 0.8747 -0.4847 0.0006 0.4847 0.8747 -1 0 0.0007 LS60.dat
1 1 24.9961 -10.226 -0.0251 -0.0004 0.8533 -0.5213 0.0007 0.5213 0.8533 -1 0 0.0008 LS60.dat
1 1 24.1492 -8.9819 -0.0238 -0.0005 0.8334 -0.5526 0.0007 0.5526 0.8334 -1 0 0.0008 LS60.dat
1 1 23.2633 -7.7655 -0.0225 -0.0005 0.8147 -0.5799 0.0007 0.5799 0.8147 -1 0 0.0008 LS60.dat
1 1 22.3427 -6.576 -0.0212 -0.0005 0.7969 -0.6041 0.0007 0.6041 0.7969 -1 0 0.0009 LS60.dat
1 1 21.3901 -5.4121 -0.0199 -0.0006 0.7797 -0.6262 0.0007 0.6262 0.7797 -1 0 0.0009 LS60.dat
1 1 20.407 -4.2723 -0.0185 -0.0006 0.7629 -0.6466 0.0007 0.6466 0.7629 -1 0 0.0009 LS60.dat
1 1 19.3972 -3.1592 -0.0172 -0.0006 0.7463 -0.6656 0.0007 0.6656 0.7463 -1 0 0.0009 LS60.dat
1 1 18.3609 -2.0713 -0.0158 -0.0006 0.7297 -0.6838 0.0007 0.6838 0.7297 -1 0 0.0009 LS60.dat
1 1 17.2971 -1.0074 -0.0144 -0.0006 0.7128 -0.7014 0.0007 0.7014 0.7128 -1 0 0.0009 LS60.dat
1 1 16.2083 0.0295 -0.013 -0.0007 0.6955 -0.7186 0.0006 0.7186 0.6955 -1 0 0.0009 LS60.dat
1 1 15.0928 1.0401 -0.0117 -0.0007 0.6774 -0.7356 0.0006 0.7356 0.6774 -1 0 0.0009 LS60.dat
1 1 13.9525 2.0206 -0.0103 -0.0007 0.6584 -0.7527 0.0006 0.7527 0.6584 -1 0 0.0009 LS60.dat
1 1 12.7853 2.9702 -0.009 -0.0007 0.6379 -0.7701 0.0006 0.7701 0.6379 -1 0 0.0009 LS60.dat
1 1 11.5927 3.8841 -0.0077 -0.0007 0.6157 -0.788 0.0005 0.788 0.6157 -1 0 0.0009 LS60.dat
1 1 10.3724 4.7592 -0.0064 -0.0007 0.5911 -0.8066 0.0005 0.8066 0.5911 -1 0 0.0008 LS60.dat
1 1 9.1219 5.5911 -0.0052 -0.0007 0.5633 -0.8263 0.0005 0.8263 0.5633 -1 0 0.0008 LS60.dat
1 1 7.8387 6.373 -0.004 -0.0007 0.5312 -0.8473 0.0004 0.8473 0.5312 -1 0 0.0008 LS60.dat
1 1 6.5207 7.0951 -0.003 -0.0006 0.4932 -0.8699 0.0004 0.8699 0.4932 -1 0 0.0007 LS60.dat
1 1 5.1664 7.7431 -0.002 -0.0006 0.4472 -0.8944 0.0003 0.8944 0.4472 -1 0 0.0007 LS60.dat
1 1 3.7712 8.2986 -0.0011 -0.0006 0.3894 -0.921 0.0002 0.921 0.3894 -1 0 0.0006 LS60.dat
1 1 2.3328 8.7324 -0.0004 -0.0005 0.3142 -0.9493 0.0002 0.9493 0.3142 -1 0 0.0005 LS60.dat
1 1 0.8511 9.0004 0 -0.0003 0.2122 -0.9772 0.0001 0.9772 0.2122 -1 0 0.0003 LS60.dat
1 1 -0.6566 8.7373 -0.0002 0 -0.0788 -0.9969 0 0.9969 -0.0788 -1 0 0 LS60.dat
1 1 -2.1211 8.3738 -0.0002 0 -0.2013 -0.9795 0 0.9795 -0.2013 -1 0 0 LS60.dat
1 1 -3.5477 7.8995 -0.0002 0 -0.2874 -0.9578 0 0.9578 -0.2874 -1 0 0 LS60.dat
1 1 -4.943 7.3397 -0.0002 0 -0.3515 -0.9362 0 0.9362 -0.3515 -1 0 0 LS60.dat
1 1 -6.3081 6.7119 -0.0001 0 -0.4015 -0.9159 0 0.9159 -0.4015 -1 0 0 LS60.dat
1 1 -7.648 6.027 -0.0001 0 -0.442 -0.897 0 0.897 -0.442 -1 0 0 LS60.dat
1 1 -8.9601 5.2954 -0.0001 0 -0.4759 -0.8795 0 0.8795 -0.4759 -1 0 0 LS60.dat
1 1 -10.2484 4.522 -0.0001 0 -0.5051 -0.863 0 0.863 -0.5051 -1 0 0 LS60.dat
1 1 -11.5131 3.7119 -0.0001 0 -0.5309 -0.8474 0 0.8474 -0.5309 -1 0 0 LS60.dat
1 1 -12.755 2.8686 -0.0001 0 -0.5541 -0.8324 0 0.8324 -0.5541 -1 0 0 LS60.dat
1 1 -13.9753 1.9942 -0.0001 0 -0.5755 -0.8178 0 0.8178 -0.5755 -1 0 0 LS60.dat
1 1 -15.1754 1.0896 -0.0001 0 -0.5954 -0.8034 0 0.8034 -0.5954 -1 0 0 LS60.dat
1 1 -16.3525 0.1584 -0.0001 0 -0.6142 -0.7891 0 0.7891 -0.6142 -1 0 0 LS60.dat
1 1 -17.508 -0.7999 -0.0001 0 -0.6324 -0.7746 0 0.7746 -0.6324 -1 0 0 LS60.dat
1 1 -18.6432 -1.7864 -0.0001 0 -0.6502 -0.7598 0 0.7598 -0.6502 -1 0 0 LS60.dat
1 1 -19.7549 -2.7989 -0.0001 0 -0.6677 -0.7445 0 0.7445 -0.6677 -1 0 0 LS60.dat
1 1 -20.8399 -3.8359 -0.0001 0 -0.6852 -0.7284 0 0.7284 -0.6852 -1 0 0 LS60.dat
1 1 -21.8983 -4.8993 -0.0001 0 -0.7029 -0.7112 0 0.7113 -0.7029 -1 0 0 LS60.dat
1 1 -22.9295 -5.9915 -0.0001 0 -0.7212 -0.6928 0 0.6928 -0.7212 -1 0 0 LS60.dat
1 1 -23.9283 -7.1113 0 0 -0.7401 -0.6725 0 0.6725 -0.7401 -1 0 0 LS60.dat
1 1 -24.892 -8.2615 0 0 -0.76 -0.6499 0 0.6499 -0.76 -1 0 0 LS60.dat
1 1 -25.8162 -9.445 0 0 -0.7813 -0.6242 0 0.6242 -0.7813 -1 0 0 LS60.dat
1 1 -26.6944 -10.6649 0 0 -0.8042 -0.5943 0 0.5943 -0.8042 -1 0 0 LS60.dat
1 1 -27.5172 -11.9242 0 0 -0.8292 -0.5589 0 0.5589 -0.8292 -1 0 0 LS60.dat
1 1 -28.2706 -13.2255 0 0 -0.8568 -0.5157 0 0.5157 -0.8568 -1 0 0 LS60.dat
1 1 -28.9374 -14.5751 0 0 -0.8873 -0.4613 0 0.4613 -0.8873 -1 0 0 LS60.dat
1 1 -29.4899 -15.9774 0 0 -0.9207 -0.3903 0 0.3903 -0.9207 -1 0 0 LS60.dat
1 1 -29.8849 -17.4316 0 0 -0.9557 -0.2944 0 0.2944 -0.9557 -1 0 0 LS60.dat
1 1 -30.058 -18.9291 0 0 -0.9871 -0.16 0 0.16 -0.9871 -1 0 0 LS60.dat
1 1 -29.9785 -20.4376 0 0 -1 -0.0001 0 0.0001 -1 -1 0 0 LS60.dat
1 1 -29.9788 -21.939 0 0 -1 -0.0002 0 0.0002 -1 -1 0 0 LS60.dat
1 1 -29.9792 -23.4457 0 0 -1 -0.0002 0 0.0002 -1 -1 0 0 LS60.dat
