0 STRING_xxL-Constraints
0 Name: STRING_xxL-Constraints.ldr
0 Author: Holly-Wood
0 Unofficial Model
0 ROTATION CENTER 0 0 0 1 "Custom" 
0 ROTATION CONFIG 0 0
1 47 -20 0 110 0 0 -1 0 1 0 1 0 0 60479.DAT
1 47 -20 0 350 0 0 -1 0 1 0 1 0 0 60479.DAT
1 47 -20 0 590 0 0 -1 0 1 0 1 0 0 60479.DAT
1 47 -20 0 750 0 0 -1 0 1 0 1 0 0 3710.DAT
1 47 -20 0 800 0 0 -1 0 1 0 1 0 0 3024.DAT
1 47 0 0 110 0 0 -1 0 1 0 1 0 0 60479.DAT
1 47 0 0 350 0 0 -1 0 1 0 1 0 0 60479.DAT
1 47 0 0 530 0 0 -1 0 1 0 1 0 0 3666.DAT
1 47 0 0 600 0 0 -1 0 1 0 1 0 0 3024.DAT
1 47 20 0 110 0 0 -1 0 1 0 1 0 0 60479.DAT
1 47 20 0 310 0 0 -1 0 1 0 1 0 0 3460.DAT
1 47 20 0 400 0 0 -1 0 1 0 1 0 0 3024.DAT
1 47 60 0 70 0 0 -1 0 1 0 1 0 0 3460.DAT
1 47 60 0 160 0 0 -1 0 1 0 1 0 0 3024.DAT
1 47 40 0 110 0 0 -1 0 1 0 1 0 0 60479.DAT
1 47 40 0 310 0 0 -1 0 1 0 1 0 0 3460.DAT
1 47 40 0 400 0 0 -1 0 1 0 1 0 0 3024.DAT
1 1 -20 -8 800 1 0 0 0 1 0 0 0 1 572a.dat
1 1 -20 -8 0 -1 0 0 0 1 0 0 0 -1 572a.dat
0 SYNTH BEGIN STRING_41L 1
0 SYNTH SHOW
1 2 -20 -6 793 -1 0 0 0 0 1 0 1 0 LS04.dat
1 4 -20 -6 11 -1 0 0 0 0 1 0 1 0 LS04.dat
0 SYNTH END
1 14 0 -8 600 1 0 0 0 1 0 0 0 1 572a.dat
1 14 0 -8 0 -1 0 0 0 1 0 0 0 -1 572a.dat
0 SYNTH BEGIN STRING_31L 14
0 SYNTH SHOW
1 2 0 -6 593 -1 0 0 0 0 1 0 1 0 LS04.dat
1 4 0 -6 11 -1 0 0 0 0 1 0 1 0 LS04.dat
0 SYNTH END
1 6 20 -8 400 1 0 0 0 1 0 0 0 1 572a.dat
1 6 20 -8 0 -1 0 0 0 1 0 0 0 -1 572a.dat
0 SYNTH BEGIN STRING_21L 6
0 SYNTH SHOW
1 2 20 -6 393 -1 0 0 0 0 1 0 1 0 LS04.dat
1 4 20 -6 11 -1 0 0 0 0 1 0 1 0 LS04.dat
0 SYNTH END
1 25 40 -8 400 1 0 0 0 1 0 0 0 1 572a.dat
1 25 40 -8 0 -1 0 0 0 1 0 0 0 -1 572a.dat
0 SYNTH BEGIN PLI_STRING_WITH_GRIPS_21L 25
0 SYNTH SHOW
1 2 40 -6 394 -1 0 0 0 0 1 0 1 0 LS09.dat
1 4 40 -6 26 -1 0 0 0 0 1 0 1 0 LS09.dat
0 SYNTH END
1 20 60 -8 160 1 0 0 0 1 0 0 0 1 572a.dat
1 20 60 -8 0 -1 0 0 0 1 0 0 0 -1 572a.dat
0 SYNTH BEGIN STRING_11L 20
0 SYNTH SHOW
1 2 60 -6 153 -1 0 0 0 0 1 0 1 0 LS04.dat
1 4 60 -6 11 -1 0 0 0 0 1 0 1 0 LS04.dat
0 SYNTH END
1 10 180 -8 100 0 0 1 0 1 0 -1 0 0 572a.dat
1 10 80 -8 0 -1 0 0 0 1 0 0 0 -1 572a.dat
0 SYNTH BEGIN STRING_11L 10
0 SYNTH SHOW
1 2 173 -6 100 0 1 0 0 0 1 1 0 0 LS04.dat
1 20 119 6 94.5 -0.325568 0.945519 0 0 0 1 0.945519 0.325568 0 LS04.dat
1 20 97 6 82 -0.707107 0.707107 0 0 0 1 0.707107 0.707107 0 LS04.dat
1 20 85.5 6 63 -0.927184 0.374607 0 0 0 1 0.374607 0.927184 0 LS04.dat
1 4 80 -6 11 -1 0 0 0 0 1 0 1 0 LS04.dat
0 SYNTH END
1 22 160 -8 400 1 0 0 0 1 0 0 0 1 572a.dat
1 22 100 -8 0 -1 0 0 0 1 0 0 0 -1 572a.dat
0 SYNTH BEGIN STRING_31L 22
0 SYNTH SHOW
1 2 160 -6 393 -1 0 0 0 0 1 0 1 0 LS04.dat
1 22 165 -6 358 -0.87462 -0.48481 0 0 0 1 -0.48481 0.87462 0 LS04.dat
1 22 200.5 -6 309.5 -0.515038 -0.857167 0 0 0 1 -0.857167 0.515038 0 LS04.dat
1 22 227.5 -6 288.5 -0.681998 -0.731354 0 0 0 1 -0.731354 0.681998 0 LS04.dat
1 22 248.5 -6 261.5 -0.87462 -0.48481 0 0 0 1 -0.48481 0.87462 0 LS04.dat
1 22 261.5 -6 230 -0.965926 -0.258819 0 0 0 1 -0.258819 0.965926 0 LS04.dat
1 22 266.5 -6 196 -1 0 0 0 0 1 0 1 0 LS04.dat
1 22 261.5 -6 162 -0.961262 0.275637 0 0 0 1 0.275637 0.961262 0 LS04.dat
1 22 248.204 -6 130.485 -0.882948 0.469472 0 0 0 1 0.469472 0.882948 0 LS04.dat
1 22 227.557 -6 103.212 -0.694658 0.71934 0 0 0 1 0.71934 0.694658 0 LS04.dat
1 22 200.498 -6 82.501 -0.5 0.866025 0 0 0 1 0.866025 0.5 0 LS04.dat
1 22 124.5 -6 41 -0.438371 0.898794 0 0 0 1 0.898794 0.438371 0 LS04.dat
1 4 100 -6 11 -1 0 0 0 0 1 0 1 0 LS04.dat
0 SYNTH END
1 9 70 -104 630 -1 0 0 0 1 0 0 0 -1 572a.dat
1 9 110 -8 400 1 0 0 0 1 0 0 0 1 572a.dat
0 SYNTH BEGIN STRING_WITH_GRIPS_21L 11
0 SYNTH SHOW
1 2 70 -102.5 622 -1 0 0 0 0 1 0 1 0 LS09.dat
1 9 70 -14.5 612 -1 0 0 0 0 1 0 1 0 LS04.dat
1 9 30 -22 555 -1 0 0 0 0 1 0 1 0 LS04.dat
1 4 110 -6.5 428 -1 0 0 0 0 1 0 1 0 LS09.dat
0 SYNTH END
1 19 90 -8 760 -1 0 0 0 1 0 0 0 -1 572a.dat
1 19 90 -8 400 1 0 0 0 1 0 0 0 1 572a.dat
0 SYNTH BEGIN STRING_WITH_GRIPS_21L 19
0 SYNTH SHOW
1 2 90 -6.5 752 -1 0 0 0 0 1 0 1 0 LS09.dat
1 19 90 18 535 -1 0 0 0 0 1 0 1 0 LS04.dat
1 4 90 -6.5 428 -1 0 0 0 0 1 0 1 0 LS09.dat
0 SYNTH END
1 18 270 -152 720 -1 0 0 0 0 1 0 1 0 572a.dat
1 18 270 -8 310 1 0 0 0 1 0 0 0 1 572a.dat
1 0 270 -66.5 662.5 0 60 0 0 0 60 60 0 0 1-4edge.dat
0 SYNTH BEGIN STRING_31L 18
0 SYNTH SHOW
1 2 270 -145 722.5 -1 0 0 0 -1 0 0 0 1 LS04.dat
1 18 270 -66.5 722.5 -1 0 0 0 -1 0 0 0 1 LS04.dat
1 18 270 -43.5 718 -1 0 0 0 -0.93358 0.358368 0 0.358368 0.93358 LS04.dat
1 18 270 -24 705 -1 0 0 0 -0.62932 0.777146 0 0.777146 0.62932 LS04.dat
1 18 270 -11 685.5 -1 0 0 0 -0.358368 0.93358 0 0.93358 0.358368 LS04.dat
1 18 270 -6.5 662.5 -1 0 0 0 0 1 0 1 0 LS04.dat
1 4 270 -6 321 -1 0 0 0 0 1 0 1 0 LS04.dat
0 SYNTH END
1 5 360 -8 200 1 0 0 0 1 0 0 0 1 572a.dat
1 5 190 -8 0 0 0 -1 0 1 0 1 0 0 572a.dat
1 47 354 -8 130 0 0 -1 -1 0 0 0 1 0 3704.DAT
1 47 250 -8 20 0 0 -1 -1 0 0 0 1 0 3704.DAT
0 SYNTH BEGIN STRING_21L 5
0 SYNTH SHOW
1 2 360 -6 193 -1 0 0 0 0 1 0 1 0 LS04.dat
1 5 361 -6 130 -1 0 0 0 0 1 0 1 0 LS04.dat
1 5 354 -6.5 123 0 1 0 0 0 1 1 0 0 LS04.dat
1 5 347 -7 129.5 1 0 0 0 0 1 0 -1 0 LS04.dat
1 5 354 -7.5 137 0 -1 0 0 0 1 -1 0 0 LS04.dat
1 5 361 -8 130 -1 0 0 0 0 1 0 1 0 LS04.dat
1 5 256.5 -8 17 -0.707107 0.707107 0 0 0 1 0.707107 0.707107 0 LS04.dat
1 5 250 -7.5 13 0 1 0 0 0 1 1 0 0 LS04.dat
1 5 243 -7 19.5 1 0 0 0 0 1 0 -1 0 LS04.dat
1 5 250 -6.5 27 0 -1 0 0 0 1 -1 0 0 LS04.dat
1 5 257 -6 20 -1 0 0 0 0 1 0 1 0 LS04.dat
1 5 253 -6 14 -0.707107 0.707107 0 0 0 1 0.707107 0.707107 0 LS04.dat
1 4 201 -6 0 0 1 0 0 0 1 1 0 0 LS04.dat
0 SYNTH END
0
