0 Untitled
0 Name: TECHNIC_TREAD-Constraints.ldr
0 Author: Willy Tschager
0 Unofficial Model
0 ROTATION CENTER 0 0 0 1 "Custom" 
0 ROTATION CONFIG 0 0
1 47 54.07 55.31 -32 0 -0.824126 0.566406 0 0.566406 0.824126 -1 0 0 3706.DAT
1 47 54.07 55.31 -40 0.566406 -0.824126 0 0.824126 0.566406 0 0 0 1 3713.DAT
1 47 54.07 55.31 -80 0.566406 -0.824126 0 0.824126 0.566406 0 0 0 1 3713.DAT
1 47 54.269 55.068 -20 0 -0.25038 0.968148 0 0.968148 0.25038 -1 0 0 32013.DAT
1 47 87.034 32.657 5 0.566406 0 -0.824126 0.824126 0 0.566406 0 -1 0 6632.DAT
1 47 87.034 32.657 -5 0.566406 0 -0.824126 0.824126 0 0.566406 0 -1 0 6632.DAT
1 47 87.034 32.657 -2 0 -0.824126 0.566406 0 0.566406 0.824126 -1 0 0 6587.DAT
1 47 -32.869 32.541 -20 -0.968148 0.25038 0 -0.25038 -0.968148 0 0 0 1 3707.DAT
1 47 120 10 15 0.566406 0 -0.824126 0.824126 0 0.566406 0 -1 0 6632.DAT
1 47 120 10 -15 0.566406 0 -0.824126 0.824126 0 0.566406 0 -1 0 6632.DAT
1 47 0 0 0 1 0 0 0 1 0 0 0 1 32018.DAT
1 47 120 10 -25 0.566406 0 -0.824126 0.824126 0 0.566406 0 -1 0 6632.DAT
1 47 -120 10 -20 0 0.25038 -0.968148 0 -0.968148 -0.25038 -1 0 0 32013.DAT
1 47 -120 10 -32 0 0.968148 0.25038 0 0.25038 -0.968148 -1 0 0 3706.DAT
1 47 120 10 -32 0 -0.824126 0.566406 0 0.566406 0.824126 -1 0 0 3706.DAT
1 47 -120 10 -40 1 0 0 0 1 0 0 0 1 3713.DAT
1 47 120 10 -40 0.566406 -0.824126 0 0.824126 0.566406 0 0 0 1 3713.DAT
1 47 -120 10 -80 1 0 0 0 1 0 0 0 1 3713.DAT
1 47 120 10 -80 0.566406 -0.824126 0 0.824126 0.566406 0 0 0 1 3713.DAT
1 47 0 0 150 1 0 0 0 1 0 0 0 1 32018.DAT
1 47 120 10 120 0 -0.824126 0.566406 0 0.566406 0.824126 -1 0 0 3705.DAT
1 47 120 10 130 0.566406 -0.824126 0 0.824126 0.566406 0 0 0 1 3713.DAT
1 47 0 10 120 0 -0.824126 0.566406 0 0.566406 0.824126 -1 0 0 3705.DAT
1 47 0 10 130 0.566406 -0.824126 0 0.824126 0.566406 0 0 0 1 3713.DAT
1 47 -120 10 120 0 -0.824126 0.566406 0 0.566406 0.824126 -1 0 0 3705.DAT
1 47 -120 10 130 0.566406 -0.824126 0 0.824126 0.566406 0 0 0 1 3713.DAT
1 47 54.64 20 310 0.5 0 0.866025 -0.866025 0 0.5 0 -1 0 32316.DAT
1 47 37.322 10.001 300 0 -0.5 0.866025 0 0.866025 0.5 -1 0 0 4459.DAT
1 47 54.64 20 230 0.5 0 0.866025 -0.866025 0 0.5 0 -1 0 32316.DAT
1 47 37.322 10.001 240 0 -0.5 0.866025 0 0.866025 0.5 -1 0 0 4459.DAT
1 47 89.284 39.999 270 0 -0.5 0.866025 0 0.866025 0.5 -1 0 0 32073.DAT
1 47 89.284 39.999 290 0.866025 -0.5 0 0.5 0.866025 0 0 0 1 3713.DAT
1 47 89.284 39.999 250 -0.866025 -0.5 0 -0.5 0.866025 0 0 0 -1 3713.DAT
1 47 -90.459 46.888 290 0.390731 0 0.920505 0.920505 0 -0.390731 0 1 0 32271.DAT
1 47 -90.459 46.888 250 0.390731 0 0.920505 0.920505 0 -0.390731 0 1 0 32271.DAT
1 47 20 0 270 0 0.390731 0.920505 0 0.920505 -0.390731 -1 0 0 32073.DAT
1 47 54.597 20.08 270 0 0.866025 0.5 0 0.5 -0.866025 -1 0 0 32073.DAT
1 47 -72.048 39.071 270 0 0.390731 0.920505 0 0.920505 -0.390731 -1 0 0 4519.DAT
0 SYNTH BEGIN TECHNIC_TREAD 0
0 SYNTH SHOW
1 47 54.07 55.31 -60 0.566406 -0.824126 0 0.824126 0.566406 0 0 0 1 32007.DAT
1 47 120 10 -60 0.566406 -0.824126 0 0.824126 0.566406 0 0 0 1 32007.DAT
1 47 -120 10 -60 1 0 0 0 1 0 0 0 1 32007.DAT
0 SYNTH END
0 SYNTH BEGIN PLI_TECHNIC_TREAD 16
0 SYNTH SHOW
1 47 120 10 110 0.566406 -0.824126 0 0.824126 0.566406 0 0 0 1 32007.DAT
1 47 0 10 110 0.566406 -0.824126 0 0.824126 0.566406 0 0 0 1 32007.DAT
1 47 -120 10 110 0.566406 -0.824126 0 0.824126 0.566406 0 0 0 1 32007.DAT
0 SYNTH END
0 SYNTH BEGIN TECHNIC_TREAD 1
0 SYNTH SHOW
1 47 89.284 39.999 270 0 0.5 0.866025 0 0.866025 -0.5 -1 0 0 32089.dat
1 47 20 0 270 0 -0.390731 0.920505 0 -0.920505 -0.390731 1 0 0 32089.dat
1 47 -72.048 39.071 270 0 -0.390731 0.920505 0 -0.920505 -0.390731 1 0 0 32089.dat
0 SYNTH END
0
