0 Untitled
0 Name: TECHNIC_CHAIN_LINK-Synthesis.ldr
0 Author: Willy Tschager
0 Unofficial Model
0 ROTATION CENTER 0 0 0 1 "Custom" 
0 ROTATION CONFIG 0 0
1 47 0 -54 -10 0 0 1 0 1 0 -1 0 0 4519.DAT
1 47 -120 10 30 0 0 1 0 1 0 -1 0 0 3749.DAT
1 47 120 10 30 0 0 1 0 1 0 -1 0 0 3749.DAT
1 47 20 34 30 0 0 1 0 1 0 -1 0 0 3749.DAT
1 47 -20 34 30 0 0 1 0 1 0 -1 0 0 3749.DAT
1 47 0 24 40 1 0 0 0 1 0 0 0 1 3701.DAT
1 47 0 0 40 1 0 0 0 1 0 0 0 1 32018.DAT
0 SYNTH BEGIN TECHNIC_CHAIN_LINK 14
0 SYNTH SHOW
1 7 0 -54 -20 1 0 0 0 1 0 0 0 1 4019.DAT
1 7 70 -102 -20 1 0 0 0 1 0 0 0 1 4019.DAT
0 SYNTH SYNTHESIZED BEGIN
1 14 23.3752 -48.2033 -20 0 -0.5655 -0.8247 0 -0.8247 0.5655 -1 0 0 3711.DAT
1 14 37.3752 -57.8033 -20 0 -0.5655 -0.8247 0 -0.8247 0.5655 -1 0 0 3711.DAT
1 14 51.3752 -67.4033 -20 0 -0.5655 -0.8247 0 -0.8247 0.5655 -1 0 0 3711.DAT
1 14 65.3752 -77.0033 -20 0 -0.5655 -0.8247 0 -0.8247 0.5655 -1 0 0 3711.DAT
1 14 79.3752 -86.6033 -20 0 -0.5655 -0.8247 0 -0.8247 0.5655 -1 0 0 3711.DAT
1 14 10.1795 -39.1549 -20 0 -0.1517 -0.9884 0 -0.9884 0.1517 -1 0 0 3711.DAT
1 14 -5.2596 -36.7856 -20 0 0.6782 -0.7349 0 -0.7349 -0.6782 -1 0 0 3711.DAT
1 14 -16.7381 -47.3791 -20 0 0.9974 0.0721 0 0.0721 -0.9974 -1 0 0 3711.DAT
1 14 -15.6125 -62.9583 -20 0 0.5655 0.8247 0 0.8247 -0.5655 -1 0 0 3711.DAT
1 14 46.6248 -107.797 -20 0 0.5655 0.8247 0 0.8247 -0.5655 -1 0 0 3711.DAT
1 14 32.6248 -98.1967 -20 0 0.5655 0.8247 0 0.8247 -0.5655 -1 0 0 3711.DAT
1 14 18.6248 -88.5967 -20 0 0.5655 0.8247 0 0.8247 -0.5655 -1 0 0 3711.DAT
1 14 4.6248 -78.9967 -20 0 0.5655 0.8247 0 0.8247 -0.5655 -1 0 0 3711.DAT
1 14 -9.3752 -69.3967 -20 0 0.5655 0.8247 0 0.8247 -0.5655 -1 0 0 3711.DAT
1 14 59.8205 -116.845 -20 0 0.1517 0.9884 0 0.9884 -0.1517 -1 0 0 3711.DAT
1 14 75.2596 -119.214 -20 0 -0.6782 0.7349 0 0.7349 0.6782 -1 0 0 3711.DAT
1 14 86.7381 -108.621 -20 0 -0.9974 -0.0721 0 -0.0721 0.9974 -1 0 0 3711.DAT
1 14 85.6125 -93.0417 -20 0 -0.5655 -0.8247 0 -0.8247 0.5655 -1 0 0 3711.DAT
0 SYNTH SYNTHESIZED END
0 SYNTH END
0 SYNTH BEGIN TECHNIC_CHAIN_LINK 25
0 SYNTH SHOW
1 7 0 -54 0 1 0 0 0 1 0 0 0 1 4019.DAT
1 7 -90 -118 0 1 0 0 0 1 0 0 0 1 4019.DAT
0 SYNTH SYNTHESIZED BEGIN
1 25 -2.6079 -77.9416 0 0 -0.5795 0.815 0 0.815 0.5795 -1 0 0 3711.DAT
1 25 -15.465 -87.0844 0 0 -0.5795 0.815 0 0.815 0.5795 -1 0 0 3711.DAT
1 25 -28.3221 -96.2273 0 0 -0.5795 0.815 0 0.815 0.5795 -1 0 0 3711.DAT
1 25 -41.1793 -105.37 0 0 -0.5795 0.815 0 0.815 0.5795 -1 0 0 3711.DAT
1 25 -54.0364 -114.513 0 0 -0.5795 0.815 0 0.815 0.5795 -1 0 0 3711.DAT
1 25 -66.8936 -123.656 0 0 -0.5795 0.815 0 0.815 0.5795 -1 0 0 3711.DAT
1 25 -79.7507 -132.799 0 0 -0.5795 0.815 0 0.815 0.5795 -1 0 0 3711.DAT
1 25 10.4314 -68.6692 0 0 -0.8757 0.4828 0 0.4828 0.8757 -1 0 0 3711.DAT
1 25 17.9727 -54.9905 0 0 -0.9235 -0.3836 0 -0.3836 0.9235 -1 0 0 3711.DAT
1 25 11.9802 -40.5659 0 0 -0.2758 -0.9612 0 -0.9612 0.2758 -1 0 0 3711.DAT
1 25 -3.0337 -36.2575 0 0 0.5795 -0.815 0 -0.815 -0.5795 -1 0 0 3711.DAT
1 25 -87.3922 -94.0584 0 0 0.5795 -0.815 0 -0.815 -0.5795 -1 0 0 3711.DAT
1 25 -74.535 -84.9156 0 0 0.5795 -0.815 0 -0.815 -0.5795 -1 0 0 3711.DAT
1 25 -61.6779 -75.7727 0 0 0.5795 -0.815 0 -0.815 -0.5795 -1 0 0 3711.DAT
1 25 -48.8207 -66.6299 0 0 0.5795 -0.815 0 -0.815 -0.5795 -1 0 0 3711.DAT
1 25 -35.9636 -57.487 0 0 0.5795 -0.815 0 -0.815 -0.5795 -1 0 0 3711.DAT
1 25 -23.1064 -48.3441 0 0 0.5795 -0.815 0 -0.815 -0.5795 -1 0 0 3711.DAT
1 25 -10.2493 -39.2013 0 0 0.5795 -0.815 0 -0.815 -0.5795 -1 0 0 3711.DAT
1 25 -100.431 -103.331 0 0 0.8757 -0.4828 0 -0.4828 -0.8757 -1 0 0 3711.DAT
1 25 -107.973 -117.01 0 0 0.9235 0.3836 0 0.3836 -0.9235 -1 0 0 3711.DAT
1 25 -101.98 -131.434 0 0 0.2758 0.9612 0 0.9612 -0.2758 -1 0 0 3711.DAT
1 25 -86.9663 -135.743 0 0 -0.5795 0.815 0 0.815 0.5795 -1 0 0 3711.DAT
0 SYNTH SYNTHESIZED END
0 SYNTH END
0 SYNTH BEGIN TECHNIC_CHAIN_LINK 1
0 SYNTH SHOW
1 16 -120 10 20 1 0 0 0 1 0 0 0 1 3648A.DAT
0 SYNTH OUTSIDE
1 7 -20 34 20 1 0 0 0 1 0 0 0 1 3647.DAT
1 7 20 34 20 1 0 0 0 1 0 0 0 1 3647.DAT
0 SYNTH INSIDE
1 16 120 10 20 1 0 0 0 1 0 0 0 1 3648A.DAT
0 SYNTH SYNTHESIZED BEGIN
1 1 -99.318 36.9862 20 0 -0.1632 -0.9866 0 -0.9866 0.1632 -1 0 0 3711.DAT
1 1 -83.7395 34.4089 20 0 -0.1632 -0.9866 0 -0.9866 0.1632 -1 0 0 3711.DAT
1 1 -68.1609 31.8317 20 0 -0.1632 -0.9866 0 -0.9866 0.1632 -1 0 0 3711.DAT
1 1 -52.5824 29.2544 20 0 -0.1632 -0.9866 0 -0.9866 0.1632 -1 0 0 3711.DAT
1 1 -37.0038 26.6771 20 0 -0.1632 -0.9866 0 -0.9866 0.1632 -1 0 0 3711.DAT
1 1 -21.4253 24.0999 20 0 -0.1632 -0.9866 0 -0.9866 0.1632 -1 0 0 3711.DAT
1 1 -115.103 39.5977 20 0 0.1213 -0.9926 0 -0.9926 -0.1213 -1 0 0 3711.DAT
1 1 -131.882 37.5464 20 0 0.6387 -0.7694 0 -0.7694 -0.6387 -1 0 0 3711.DAT
1 1 -144.889 26.7494 20 0 0.9533 -0.302 0 -0.302 -0.9533 -1 0 0 3711.DAT
1 1 -149.993 10.6345 20 0 0.9652 0.2614 0 0.2614 -0.9652 -1 0 0 3711.DAT
1 1 -145.575 -5.6818 20 0 0.6707 0.7417 0 0.7417 -0.6707 -1 0 0 3711.DAT
1 1 -133.037 -17.0193 20 0 0.1632 0.9866 0 0.9866 -0.1632 -1 0 0 3711.DAT
1 1 -4 24 20 0 0 -1 0 -1 0 -1 0 0 3711.DAT
1 1 9.3333 24 20 0 0 -1 0 -1 0 -1 0 0 3711.DAT
1 1 22.6667 24 20 0 0 -1 0 -1 0 -1 0 0 3711.DAT
1 1 37.4176 26.7456 20 0 0.1632 -0.9866 0 -0.9866 -0.1632 -1 0 0 3711.DAT
1 1 52.9962 29.3229 20 0 0.1632 -0.9866 0 -0.9866 -0.1632 -1 0 0 3711.DAT
1 1 68.5747 31.9001 20 0 0.1632 -0.9866 0 -0.9866 -0.1632 -1 0 0 3711.DAT
1 1 84.1533 34.4774 20 0 0.1632 -0.9866 0 -0.9866 -0.1632 -1 0 0 3711.DAT
1 1 99.7318 37.0547 20 0 0.1632 -0.9866 0 -0.9866 -0.1632 -1 0 0 3711.DAT
1 1 115.31 39.6319 20 0 0.1632 -0.9866 0 -0.9866 -0.1632 -1 0 0 3711.DAT
1 1 104 -20 20 0 0 1 0 1 0 -1 0 0 3711.DAT
1 1 88 -20 20 0 0 1 0 1 0 -1 0 0 3711.DAT
1 1 72 -20 20 0 0 1 0 1 0 -1 0 0 3711.DAT
1 1 56 -20 20 0 0 1 0 1 0 -1 0 0 3711.DAT
1 1 40 -20 20 0 0 1 0 1 0 -1 0 0 3711.DAT
1 1 24 -20 20 0 0 1 0 1 0 -1 0 0 3711.DAT
1 1 8 -20 20 0 0 1 0 1 0 -1 0 0 3711.DAT
1 1 -8 -20 20 0 0 1 0 1 0 -1 0 0 3711.DAT
1 1 -24 -20 20 0 0 1 0 1 0 -1 0 0 3711.DAT
1 1 -40 -20 20 0 0 1 0 1 0 -1 0 0 3711.DAT
1 1 -56 -20 20 0 0 1 0 1 0 -1 0 0 3711.DAT
1 1 -72 -20 20 0 0 1 0 1 0 -1 0 0 3711.DAT
1 1 -88 -20 20 0 0 1 0 1 0 -1 0 0 3711.DAT
1 1 -104 -20 20 0 0 1 0 1 0 -1 0 0 3711.DAT
1 1 -120 -20 20 0 0 1 0 1 0 -1 0 0 3711.DAT
1 1 120 -20 20 0 -0.2817 0.9595 0 0.9595 0.2817 -1 0 0 3711.DAT
1 1 136.219 -15.2376 20 0 -0.7557 0.6549 0 0.6549 0.7557 -1 0 0 3711.DAT
1 1 147.289 -2.4625 20 0 -0.9898 0.1423 0 0.1423 0.9898 -1 0 0 3711.DAT
1 1 149.695 14.2694 20 0 -0.9096 -0.4154 0 -0.4154 0.9096 -1 0 0 3711.DAT
1 1 142.673 29.6458 20 0 -0.5406 -0.8413 0 -0.8413 0.5406 -1 0 0 3711.DAT
1 1 128.452 38.7848 20 0 0 -1 0 -1 0 -1 0 0 3711.DAT
0 SYNTH SYNTHESIZED END
0 SYNTH END
1 7 -80 104 -110 1 0 0 0 1 0 0 0 1 2856.DAT
0 SYNTH BEGIN TECHNIC_CHAIN_LINK 15
0 SYNTH SHOW
1 7 -80 104 -110 1 0 0 0 1 0 0 0 1 2855.DAT
1 7 60 113 -110 1 0 0 0 0 1 0 -1 0 4019.DAT
0 SYNTH SYNTHESIZED BEGIN
1 15 -38.3123 113 -50.3415 0 -0.3786 -0.9256 1 0 0 0 -0.9256 0.3786 3711.DAT
1 15 -23.3203 113 -56.4734 0 -0.3786 -0.9256 1 0 0 0 -0.9256 0.3786 3711.DAT
1 15 -8.3283 113 -62.6054 0 -0.3786 -0.9256 1 0 0 0 -0.9256 0.3786 3711.DAT
1 15 6.6636 113 -68.7373 0 -0.3786 -0.9256 1 0 0 0 -0.9256 0.3786 3711.DAT
1 15 21.6556 113 -74.8692 0 -0.3786 -0.9256 1 0 0 0 -0.9256 0.3786 3711.DAT
1 15 36.6475 113 -81.0011 0 -0.3786 -0.9256 1 0 0 0 -0.9256 0.3786 3711.DAT
1 15 51.6395 113 -87.133 0 -0.3786 -0.9256 1 0 0 0 -0.9256 0.3786 3711.DAT
1 15 66.6315 113 -93.2649 0 -0.3786 -0.9256 1 0 0 0 -0.9256 0.3786 3711.DAT
1 15 -53.1214 113 -44.2844 0 -0.2686 -0.9633 1 0 0 0 -0.9633 0.2686 3711.DAT
1 15 -69.001 113 -39.8571 0 -0.0392 -0.9992 1 0 0 0 -0.9992 0.0392 3711.DAT
1 15 -85.4735 113 -39.2113 0 0.1923 -0.9813 1 0 0 0 -0.9813 -0.1923 3711.DAT
1 15 -101.651 113 -42.3817 0 0.4134 -0.9105 1 0 0 0 -0.9105 -0.4134 3711.DAT
1 15 -116.661 113 -49.1974 0 0.6123 -0.7906 1 0 0 0 -0.7906 -0.6123 3711.DAT
1 15 -129.695 113 -59.291 0 0.7781 -0.6281 1 0 0 0 -0.6281 -0.7781 3711.DAT
1 15 -140.05 113 -72.1184 0 0.902 -0.4317 1 0 0 0 -0.4317 -0.902 3711.DAT
1 15 -147.167 113 -86.9879 0 0.9772 -0.2121 1 0 0 0 -0.2121 -0.9772 3711.DAT
1 15 -150.664 113 -103.098 0 0.9998 0.019 1 0 0 0 0.019 -0.9998 3711.DAT
1 15 -150.351 113 -119.58 0 0.9685 0.2491 1 0 0 0 0.2491 -0.9685 3711.DAT
1 15 -146.245 113 -135.546 0 0.8849 0.4657 1 0 0 0 0.4657 -0.8849 3711.DAT
1 15 -138.568 113 -150.135 0 0.7537 0.6572 1 0 0 0 0.6572 -0.7537 3711.DAT
1 15 -127.734 113 -162.56 0 0.5818 0.8133 1 0 0 0 0.8133 -0.5818 3711.DAT
1 15 -114.326 113 -172.151 0 0.3786 0.9256 1 0 0 0 0.9256 -0.3786 3711.DAT
1 15 -99.0677 113 -178.392 0 0.1549 0.9879 1 0 0 0 0.9879 -0.1549 3711.DAT
1 15 -82.7815 113 -180.946 0 -0.0771 0.997 1 0 0 0 0.997 0.0771 3711.DAT
1 15 -66.3454 113 -179.675 0 -0.3049 0.9524 1 0 0 0 0.9524 0.3049 3711.DAT
1 15 -50.6454 113 -174.648 0 -0.5164 0.8564 1 0 0 0 0.8564 0.5164 3711.DAT
1 15 52.0051 113 -132.717 0 -0.3786 0.9256 1 0 0 0 0.9256 0.3786 3711.DAT
1 15 37.0132 113 -138.849 0 -0.3786 0.9256 1 0 0 0 0.9256 0.3786 3711.DAT
1 15 22.0212 113 -144.981 0 -0.3786 0.9256 1 0 0 0 0.9256 0.3786 3711.DAT
1 15 7.0292 113 -151.113 0 -0.3786 0.9256 1 0 0 0 0.9256 0.3786 3711.DAT
1 15 -7.9627 113 -157.245 0 -0.3786 0.9256 1 0 0 0 0.9256 0.3786 3711.DAT
1 15 -22.9547 113 -163.377 0 -0.3786 0.9256 1 0 0 0 0.9256 0.3786 3711.DAT
1 15 -37.9467 113 -169.509 0 -0.3786 0.9256 1 0 0 0 0.9256 0.3786 3711.DAT
1 15 -52.9386 113 -175.641 0 -0.3786 0.9256 1 0 0 0 0.9256 0.3786 3711.DAT
1 15 66.8143 113 -126.66 0 -0.7427 0.6697 1 0 0 0 0.6697 0.7427 3711.DAT
1 15 77.2742 113 -115.06 0 -0.9866 -0.1631 1 0 0 0 -0.1631 0.9866 3711.DAT
1 15 74.7263 113 -99.6493 0 -0.4876 -0.8731 1 0 0 0 -0.8731 0.4876 3711.DAT
0 SYNTH SYNTHESIZED END
0 SYNTH END
0 SYNTH BEGIN TECHNIC_CHAIN_LINK 6
0 SYNTH SHOW
1 7 200 81 -30 1 0 0 0 1 0 0 0 1 3648A.DAT
0 SYNTH SYNTHESIZED BEGIN
1 6 200 51 -30 0 -0.2817 0.9595 0 0.9595 0.2817 -1 0 0 3711.DAT
1 6 216.219 55.7624 -30 0 -0.7557 0.6549 0 0.6549 0.7557 -1 0 0 3711.DAT
1 6 227.289 68.5376 -30 0 -0.9898 0.1423 0 0.1423 0.9898 -1 0 0 3711.DAT
1 6 229.695 85.2694 -30 0 -0.9096 -0.4154 0 -0.4154 0.9096 -1 0 0 3711.DAT
1 6 222.673 100.646 -30 0 -0.5406 -0.8413 0 -0.8413 0.5406 -1 0 0 3711.DAT
1 6 208.452 109.785 -30 0 0 -1 0 -1 0 -1 0 0 3711.DAT
1 6 191.548 109.785 -30 0 0.5406 -0.8413 0 -0.8413 -0.5406 -1 0 0 3711.DAT
1 6 177.327 100.646 -30 0 0.9096 -0.4154 0 -0.4154 -0.9096 -1 0 0 3711.DAT
1 6 170.305 85.2694 -30 0 0.9898 0.1423 0 0.1423 -0.9898 -1 0 0 3711.DAT
1 6 172.711 68.5375 -30 0 0.7557 0.6549 0 0.6549 -0.7557 -1 0 0 3711.DAT
1 6 183.781 55.7624 -30 0 0.2817 0.9595 0 0.9595 -0.2817 -1 0 0 3711.DAT
1 6 200 51 -30 0 -0.2817 0.9595 0 0.9595 0.2817 -1 0 0 3711.DAT
0 SYNTH SYNTHESIZED END
0 SYNTH END
0
