0 TECHNIC_RIBBED_HOSE-Constraints.ldr
0 Name: TECHNIC_RIBBED_HOSE-Constraints.ldr
0 Author: Willy Tschager
0 Unofficial Model
0 ROTATION CENTER 0 0 0 1 "Custom" 
0 ROTATION CONFIG 0 0
1 47 -90 0 0 1 0 0 0 1 0 0 0 1 2460.DAT
1 47 140 -40 40 1 0 0 0 1 0 0 0 1 2460.DAT
1 47 24.858 -207.584 23.124 -0.981627 0.0396715 -0.186639 0 -0.978148 -0.207912 -0.190809 -0.204092 0.960177 3673.DAT
1 47 140 -16 -20 -1 0 0 0 1 0 0 0 -1 4730.DAT
1 47 140 -16 100 -1 0 0 0 1 0 0 0 -1 4730.DAT
0 SYNTH BEGIN TECHNIC_RIBBED_HOSE 1
0 SYNTH SHOW
1 2 -90 -2 0 0 0 1 0 1 0 -1 0 0 LS02.dat
1 1 -90 -57 0 0 0 1 0 1 0 -1 0 0 LS02.dat
1 1 4.352 -208 18.583 0.207912 -0.978148 0 0 0 1 -0.978148 -0.207912 0 LS02.dat
1 4 24.892 -208 22.95 0.207912 -0.978148 0 0 0 1 -0.978148 -0.207912 0 LS02.dat
0 SYNTH END
0 SYNTH BEGIN TECHNIC_RIBBED_HOSE 14
0 SYNTH SHOW
1 2 25.002 -208 22.91 0.207912 -0.978148 0 0 0 1 -0.978148 -0.207912 0 LS02.dat
1 14 45.542 -208 27.277 0.207912 -0.978148 0 0 0 1 -0.978148 -0.207912 0 LS02.dat
1 14 140 -65 40 0 0 -1 0 -1 0 -1 0 0 LS02.dat
1 4 140 -42 40 0 0 -1 0 -1 0 -1 0 0 LS02.dat
0 SYNTH END
0 SYNTH BEGIN TECHNIC_RIBBED_HOSE 6
0 SYNTH SHOW
1 2 118 -6 -20 0 1 0 -1 0 0 0 0 1 LS02.dat
1 6 100 -6 -20 0 1 0 -1 0 0 0 0 1 LS02.dat
1 6 100 -6 100 0 -1 0 -1 0 0 0 0 -1 LS02.dat
1 4 118 -6 100 0 -1 0 -1 0 0 0 0 -1 LS02.dat
0 SYNTH END
0 SYNTH BEGIN TECHNIC_RIBBED_HOSE 25
0 SYNTH SHOW
1 2 158 -6 -60 0 1 0 -1 0 0 0 0 1 LS02.dat
1 25 140 -6 -60 0 1 0 -1 0 0 0 0 1 LS02.dat
1 25 -70 -6 -60 0 1 0 -1 0 0 0 0 1 LS02.dat
1 4 -88 -6 -60 0 1 0 -1 0 0 0 0 1 LS02.dat
0 SYNTH END
0 SYNTH BEGIN TECHNIC_RIBBED_HOSE 22
0 SYNTH SHOW
1 2 158 -6 -100 0 1 0 -1 0 0 0 0 1 LS02.dat
1 22 140 -6 -100 0 1 0 -1 0 0 0 0 1 LS02.dat
1 22 -60 -14 -100 0 1 0 -1 0 0 0 0 1 LS02.dat
1 4 -148 -6 -100 0 1 0 0 0 1 1 0 0 LS02.dat
0 SYNTH END
0
