0 TECHNIC_FLEX-SYSTEM-Constraints
0 Name: TECHNIC_FLEX-SYSTEM-Constraints.ldr
0 Author: Holly Wood
0 Unofficial Model
0 ROTATION CENTER 0 0 0 1 "Custom" 
0 ROTATION CONFIG 0 0
1 47 0 277 0 -1 0 0 0 1 0 0 0 -1 3895.DAT
1 47 0 0 0 -1 0 0 0 1 0 0 0 -1 3702.DAT
1 47 -100 287 11 0 0 -1 0 1 0 1 0 0 4459.DAT
1 47 100 287 11 0 0 -1 0 1 0 1 0 0 4459.DAT
1 47 60 10 10 0 0 -1 0 1 0 1 0 0 4459.DAT
1 47 -60 10 0 0 -0.0348995 -0.999391 0 0.999391 -0.0348995 1 0 0 6587.DAT
1 47 -89.864 147.142 20 -0.142629 0.989776 0 0.989776 0.142629 0 0 0 -1 3703.DAT
1 47 89.865 147.141 20 -0.142629 -0.989776 0 -0.989776 0.142629 0 0 0 -1 3703.DAT
1 47 94.232 247.546 30 0 -0.684547 0.728969 0 -0.728969 -0.684547 1 0 0 3749.DAT
1 47 94.232 247.546 35 -0.684547 0 0.728969 -0.728969 0 -0.684547 0 -1 0 2900.DAT
1 47 94.238 247.546 45 0.977045 -0.21303 0 0.21303 0.977045 0 0 0 1 4265A.DAT
1 47 -68.557 69.386 30 0 0.679441 -0.73373 0 0.73373 0.679441 1 0 0 3749.DAT
1 47 -68.557 69.386 35 0.679441 0 -0.73373 0.73373 0 0.679441 0 -1 0 2900.DAT
1 47 -68.557 69.386 45 0.142629 0.989776 0 -0.989776 0.142629 0 0 0 1 4265A.DAT
0 SYNTH BEGIN TECHNIC_FLEX-SYSTEM_CABLE 1
0 SYNTH SHOW
1 2 88.071 240.986 35 -0.728969 0.684547 0 0.684547 0.728969 0 0 0 -1 LS02.dat
1 1 2.071 147.986 33 -0.728969 0.684547 0 0.684547 0.728969 0 0 0 -1 LS02.dat
1 4 -62.443 75.99 35 -0.73373 0.679441 0 0.679441 0.73373 0 0 0 -1 LS02.dat
0 SYNTH END
1 47 -94.232 247.546 30 0 0.671721 0.740805 0 -0.740805 0.671721 1 0 0 3749.DAT
1 47 -94.232 247.546 35 0.671721 0 0.740805 -0.740805 0 0.671721 0 -1 0 2900.DAT
1 47 -94.232 247.546 45 0.740805 -0.671721 0 0.671721 0.740805 0 0 0 1 4265A.DAT
1 47 68.557 69.385 30 0 -0.666532 -0.745476 0 0.745476 -0.666532 1 0 0 3749.DAT
1 47 68.557 69.385 35 -0.666532 0 -0.745476 0.745476 0 -0.666532 0 -1 0 2900.DAT
1 47 68.557 69.385 45 0.142629 -0.989776 0 0.989776 0.142629 0 0 0 1 4265A.DAT
0 SYNTH BEGIN TECHNIC_FLEX-SYSTEM_CABLE 14
0 SYNTH SHOW
1 2 62.56 76.098 35 0.745476 0.666532 0 0.666532 -0.745476 0 0 0 -1 LS02.dat
1 14 1.56 144.098 37 0.745476 0.666532 0 0.666532 -0.745476 0 0 0 -1 LS02.dat
1 4 -88.187 240.879 35 0.740805 0.671721 0 0.671721 -0.740805 0 0 0 -1 LS02.dat
0 SYNTH END
1 47 67.537 160.463 10 0 -0.989776 -0.142629 0 0.142629 -0.989776 1 0 0 3023.DAT
1 47 91.291 157.038 0 0.142629 -0.989776 0 0.989776 0.142629 0 0 0 1 4287.DAT
1 47 99.211 155.899 -10 0 -0.989776 -0.142629 0 0.142629 -0.989776 1 0 0 3710.DAT
1 47 122.964 152.476 -30 0 -0.989776 -0.142629 0 0.142629 -0.989776 1 0 0 3700.DAT
1 47 111.641 144.003 -30 -0.142629 -0.989776 0 -0.989776 0.142629 0 0 0 -1 4274.DAT
1 47 10 24 -10 0 0 -1 0 1 0 1 0 0 3023.DAT
1 47 10 0 -20 1 0 0 0 1 0 0 0 1 3665.DAT
1 47 10 -8 -20 0 0 -1 0 1 0 1 0 0 3623.DAT
1 47 10 -32 -30 0 0 -1 0 1 0 1 0 0 3700.DAT
1 47 20 -22 -30 1 0 0 0 1 0 0 0 1 4274.DAT
0 SYNTH BEGIN TECHNIC_FLEX-SYSTEM_HOSE 6
0 SYNTH SHOW
1 2 24 -22 -30 0 -1 0 1 0 0 0 0 1 LS02.dat
1 4 111.069 140.046 -30 -0.989776 -0.142629 0 0.142629 -0.989776 0 0 0 1 LS02.dat
0 SYNTH END
1 47 88.526 207.956 -10 0 -0.989776 0.142629 0 0.142629 0.989776 -1 0 0 3749.DAT
1 47 88.526 207.956 -21 -0.0261766 0 0.999657 0.999657 0 0.0261766 0 1 0 2825.DAT
1 47 128.511 209.01 -19 0 0.944377 0.328867 0 -0.328867 0.944377 1 0 0 3749.DAT
1 47 128.511 209.01 -30 -0.328867 0 -0.944377 -0.944377 0 0.328867 0 1 0 2900.DAT
1 47 128.511 209.01 -6 -0.377841 0.925871 0 -0.925871 -0.377841 0 0 0 1 4265A.DAT
1 47 -60 10 -21 0.979222 0 0.202787 0.202787 0 -0.979222 0 1 0 2825.DAT
1 47 -51.879 -29.166 -19 0 -0.168489 -0.985703 0 0.985703 -0.168489 1 0 0 3749.DAT
1 47 -51.879 -29.166 -30 0.985703 0 0.168489 0.168489 0 -0.985703 0 1 0 2900.DAT
1 47 -51.879 -29.166 -6 0.979222 -0.202787 0 0.202787 0.979222 0 0 0 1 4265A.DAT
0 SYNTH BEGIN TECHNIC_FLEX-SYSTEM_CABLE 25
0 SYNTH SHOW
1 2 -44.001 -27.822 -30 -0.0103221 -0.985648 -0.168489 -0.00176438 -0.16848 0.985704 -0.999944 0.0104717 0 LS02.dat
1 25 0 -22 -30 0 -1 0 0 0 1 -1 0 0 LS02.dat
1 25 24 -22 -30 0 -1 0 0 0 1 -1 0 0 LS02.dat
1 25 111.069 140.046 -30 0 -0.142629 -1 0 -1 0.142629 -1 0 0 LS02.dat
1 25 114.778 165.78 -30 0 -0.142629 -0.989776 0 -0.989776 0.142629 -1 0 0 LS02.dat
1 4 125.842 201.476 -30 0 -0.328867 -0.944377 0 -0.944377 0.328867 -1 0 0 LS02.dat
0 SYNTH END
1 47 50 304 -70 0 0 1 0 1 0 -1 0 0 2555.DAT
1 47 -70 304 -70 0 0 1 0 1 0 -1 0 0 2555.DAT
1 47 72 258 -70 -1 0 0 0 0.953717 -0.300706 0 -0.300706 -0.953717 30377.DAT
1 47 28 258 -70 -1 0 0 0 0.953717 -0.300706 0 -0.300706 -0.953717 30377.DAT
1 47 -10 258 -70 -1 0 0 0 0.953717 -0.300706 0 -0.300706 -0.953717 30377.DAT
1 47 -48 258 -70 -1 0 0 0 0.953717 -0.300706 0 -0.300706 -0.953717 30377.DAT
1 47 -92 258 -70 -1 0 0 0 0.953717 -0.300706 0 -0.300706 -0.953717 30377.DAT
1 47 50 304 -110 0 0 1 0 1 0 -1 0 0 2555.DAT
1 47 -70 304 -110 0 0 1 0 1 0 -1 0 0 2555.DAT
0 SYNTH BEGIN TECHNIC_FLEX-SYSTEM_HOSE 7
0 SYNTH SHOW
1 2 88 298 -70 0 1 0 1 0 0 0 0 -1 LS02.dat
1 4 -108 298 -70 0 1 0 1 0 0 0 0 -1 LS02.dat
0 SYNTH END
0 SYNTH BEGIN TECHNIC_FLEX-SYSTEM_HOSE 22
0 SYNTH SHOW
1 2 88 258 -70 0 1 0 0 0 1 1 0 0 LS02.dat
1 4 -108 258 -70 0 1 0 0 0 1 1 0 0 LS02.dat
0 SYNTH END
0 SYNTH BEGIN TECHNIC_FLEX-SYSTEM_HOSE 10
0 SYNTH SHOW
1 2 60 298 -110 0 1 0 0 0 1 1 0 0 LS02.dat
1 4 -80 298 -110 0 1 0 0 0 1 1 0 0 LS02.dat
0 SYNTH END
0
