0 TECHNIC_CHAIN_TREAD_38
0 Name: TECHNIC_CHAIN_TREAD_38-Synthesis.ldr
0 Author: Willy Tschager
0 Unofficial Model
0 ROTATION CENTER 0 0 0 1 "Custom" 
0 ROTATION CONFIG 0 0
1 47 20 9.3648 311.181 -1 0 0 0 -0.997564 0.0697565 0 0.0697565 0.997564 32013.DAT
1 47 21 6.1693 261.282 0 0 -1 -0.0697565 -0.997564 0 -0.997564 0.0697565 0 3705.DAT
1 47 35 9.3545 311.034 0 0 1 -0.656059 -0.75471 0 0.75471 -0.656059 0 32123.DAT
1 47 0 2 133 0 -1 0 -1 0 0 0 0 -1 32525.dat
1 47 0 2 -127 0 -1 0 -1 0 0 0 0 -1 32525.dat
1 47 20 2 -7 0 -1 0 -1 0 0 0 0 -1 32525.dat
1 47 20 1.999 213 -1 0 0 0 0.994522 -0.104528 0 -0.104528 -0.994522 32013.DAT
1 47 20 -6.001 -262 0 0 1 -0.990268 -0.139173 0 0.139173 -0.990268 0 732.DAT
1 47 20 -6.28 -263.98 0 0 1 -0.990268 -0.139173 0 0.139173 -0.990268 0 731.dat
1 47 35.001 2 -207.001 0 0 -1 0 1 0 1 0 0 32123.DAT
1 47 35.001 2 -87.001 0 0 -1 0 1 0 1 0 0 32123.DAT
1 47 35.001 2 92.999 0 0 -1 0 1 0 1 0 0 32123.DAT
1 47 35.001 2 212.999 0 0 -1 0 1 0 1 0 0 32123.DAT
1 47 65 2 -207 0 0 -1 0 1 0 1 0 0 4185.DAT
1 47 65 2 -87 0 0 -1 0 1 0 1 0 0 4185.DAT
1 47 65 2 93 0 0 -1 0 1 0 1 0 0 4185.DAT
1 47 65 2 213 0 0 -1 0 1 0 1 0 0 4185.DAT
1 47 5 -14 -319 0 0 1 1 0 0 0 1 0 32123.DAT
1 47 35 -14 -319 0 0 1 1 0 0 0 1 0 32123.DAT
1 47 65 -14 -319 0 0 1 1 0 0 0 1 0 32123.DAT
1 47 20 2 -207 -1 0 0 0 1 0 0 0 -1 6587.DAT
0 SYNTH BEGIN TECHNIC_CHAIN_TREAD_38 16
0 SYNTH SHOW
1 47 50 -14 -318 0 0 -1 1 0 0 0 -1 0 57520.dat
1 47 50 2 -207.001 0 0 -1 0 1 0 1 0 0 57519.dat
1 47 50 2 -87.001 0 0 -1 0 1 0 1 0 0 57519.dat
1 47 50 2 92.999 0 0 -1 0 1 0 1 0 0 57519.dat
1 47 50 2 212.999 0 0 -1 0 1 0 1 0 0 57519.dat
1 47 50 9.3545 311.034 0 0 -1 -0.75471 -0.656059 0 -0.656059 0.75471 0 57520.dat
1 47 50 2 212.999 0 0 -1 0 1 0 1 0 0 57519.dat
1 47 50 2 92.999 0 0 -1 0 1 0 1 0 0 57519.dat
1 47 50 2 -87.001 0 0 -1 0 1 0 1 0 0 57519.dat
1 47 50 2 -207.001 0 0 -1 0 1 0 1 0 0 57519.dat
0 SYNTH SYNTHESIZED BEGIN
1 16 50 9.3265 -326.993 1 0 0 0 -0.9331 -0.3597 0 0.3597 -0.9331 57518.DAT
1 16 50 19.1581 -301.492 1 0 0 0 -0.9331 -0.3597 0 0.3597 -0.9331 57518.DAT
1 16 50 28.9897 -275.99 1 0 0 0 -0.9331 -0.3597 0 0.3597 -0.9331 57518.DAT
1 16 50 38.8213 -250.489 1 0 0 0 -0.9331 -0.3597 0 0.3597 -0.9331 57518.DAT
1 16 50 -17.5363 -344.382 1 0 0 0 -0.5434 -0.8395 0 0.8395 -0.5434 57518.DAT
1 16 50 -40.1841 -322.789 1 0 0 0 0.6304 -0.7762 0 0.7762 0.6304 57518.DAT
1 16 50 52 -207.001 1 0 0 0 -1 0 0 0 -1 57518.DAT
1 16 50 52 -177.001 1 0 0 0 -1 0 0 0 -1 57518.DAT
1 16 50 52 -147.001 1 0 0 0 -1 0 0 0 -1 57518.DAT
1 16 50 52 -117.001 1 0 0 0 -1 0 0 0 -1 57518.DAT
1 16 50 42.9846 -237.705 1 0 0 0 -0.9595 -0.2817 0 0.2817 -0.9595 57518.DAT
1 16 50 52 -87.001 1 0 0 0 -1 0 0 0 -1 57518.DAT
1 16 50 52 -57.001 1 0 0 0 -1 0 0 0 -1 57518.DAT
1 16 50 52 -27.001 1 0 0 0 -1 0 0 0 -1 57518.DAT
1 16 50 52 2.999 1 0 0 0 -1 0 0 0 -1 57518.DAT
1 16 50 52 32.999 1 0 0 0 -1 0 0 0 -1 57518.DAT
1 16 50 52 62.999 1 0 0 0 -1 0 0 0 -1 57518.DAT
1 16 50 52 92.999 1 0 0 0 -1 0 0 0 -1 57518.DAT
1 16 50 52 122.999 1 0 0 0 -1 0 0 0 -1 57518.DAT
1 16 50 52 152.999 1 0 0 0 -1 0 0 0 -1 57518.DAT
1 16 50 52 182.999 1 0 0 0 -1 0 0 0 -1 57518.DAT
1 16 50 51.172 222.061 1 0 0 0 -0.9834 0.1812 0 -0.1812 -0.9834 57518.DAT
1 16 50 45.4282 253.229 1 0 0 0 -0.9834 0.1812 0 -0.1812 -0.9834 57518.DAT
1 16 50 39.6843 284.397 1 0 0 0 -0.9834 0.1812 0 -0.1812 -0.9834 57518.DAT
1 16 50 -14.2803 319.182 1 0 0 0 0.9454 0.3259 0 -0.3259 0.9454 57518.DAT
1 16 50 -24.6101 289.22 1 0 0 0 0.9454 0.3259 0 -0.3259 0.9454 57518.DAT
1 16 50 -34.9398 259.258 1 0 0 0 0.9454 0.3259 0 -0.3259 0.9454 57518.DAT
1 16 50 11.9397 337.527 1 0 0 0 0.5733 0.8194 0 -0.8194 0.5733 57518.DAT
1 16 50 35.3494 316.762 1 0 0 0 -0.6021 0.7984 0 -0.7984 -0.6021 57518.DAT
1 16 50 -48 212.999 1 0 0 0 1 0 0 0 1 57518.DAT
1 16 50 -48 182.999 1 0 0 0 1 0 0 0 1 57518.DAT
1 16 50 -48 152.999 1 0 0 0 1 0 0 0 1 57518.DAT
1 16 50 -48 122.999 1 0 0 0 1 0 0 0 1 57518.DAT
1 16 50 -38.9846 243.703 1 0 0 0 0.9595 0.2817 0 -0.2817 0.9595 57518.DAT
1 16 50 -48 92.999 1 0 0 0 1 0 0 0 1 57518.DAT
1 16 50 -48 62.999 1 0 0 0 1 0 0 0 1 57518.DAT
1 16 50 -48 32.999 1 0 0 0 1 0 0 0 1 57518.DAT
1 16 50 -48 2.999 1 0 0 0 1 0 0 0 1 57518.DAT
1 16 50 -48 -27.001 1 0 0 0 1 0 0 0 1 57518.DAT
1 16 50 -48 -57.001 1 0 0 0 1 0 0 0 1 57518.DAT
1 16 50 -48 -87.001 1 0 0 0 1 0 0 0 1 57518.DAT
1 16 50 -48 -117.001 1 0 0 0 1 0 0 0 1 57518.DAT
1 16 50 -48 -147.001 1 0 0 0 1 0 0 0 1 57518.DAT
1 16 50 -48 -177.001 1 0 0 0 1 0 0 0 1 57518.DAT
1 16 50 -47.8334 -211.079 1 0 0 0 0.9967 -0.0816 0 0.0816 0.9967 57518.DAT
1 16 50 -45.6042 -238.319 1 0 0 0 0.9967 -0.0816 0 0.0816 0.9967 57518.DAT
1 16 50 -43.3751 -265.559 1 0 0 0 0.9967 -0.0816 0 0.0816 0.9967 57518.DAT
1 16 50 -41.1459 -292.799 1 0 0 0 0.9967 -0.0816 0 0.0816 0.9967 57518.DAT
0 SYNTH SYNTHESIZED END
0 SYNTH END
0
