0 TECHNIC_RIBBED_HOSE-Constraints.ldr
0 Name: TECHNIC_RIBBED_HOSE-Synthesis.ldr
0 Author: Willy Tschager
0 Unofficial Model
0 ROTATION CENTER 0 0 0 1 "Custom" 
0 ROTATION CONFIG 0 0
1 47 -90 0 0 1 0 0 0 1 0 0 0 1 2460.DAT
1 47 140 -40 40 1 0 0 0 1 0 0 0 1 2460.DAT
1 47 24.858 -207.584 23.124 -0.981627 0.0396715 -0.186639 0 -0.978148 -0.207912 -0.190809 -0.204092 0.960177 3673.DAT
1 47 140 -16 -20 -1 0 0 0 1 0 0 0 -1 4730.DAT
1 47 140 -16 100 -1 0 0 0 1 0 0 0 -1 4730.DAT
0 SYNTH BEGIN TECHNIC_RIBBED_HOSE 1
0 SYNTH SHOW
0 MLCAD HIDE 1 2 -90 -2 0 0 0 1 0 1 0 -1 0 0 LS02.dat
0 MLCAD HIDE 1 1 -90 -57 0 0 0 1 0 1 0 -1 0 0 LS02.dat
0 MLCAD HIDE 1 1 4.352 -208 18.583 0.207912 -0.978148 0 0 0 1 -0.978148 -0.207912 0 LS02.dat
0 MLCAD HIDE 1 4 24.892 -208 22.95 0.207912 -0.978148 0 0 0 1 -0.978148 -0.207912 0 LS02.dat
0 SYNTH SYNTHESIZED BEGIN
1 1 -90 -4.5 0 -1 0 0 0 1 0 0 0 -1 79.DAT
1 1 -90 -10.0029 0 -1 0 0 0 -1 0 0 0 -1 80.DAT
1 1 -90 -15.5054 0 -1 0 0 0 -1 0 0 0 -1 80.DAT
1 1 -90 -21.0063 0 -1 0 0 0 -1 0 0 0 -1 80.DAT
1 1 -90 -26.509 0 -1 0 0 0 -1 0 0 0 -1 80.DAT
1 1 -90 -32.0112 0 -1 0 0 0 -1 0 0 0 -1 80.DAT
1 1 -90 -37.5141 0 -1 0 0 0 -1 0 0 0 -1 80.DAT
1 1 -90 -43.0181 0 -1 0 0 0 -1 0 0 0 -1 80.DAT
1 1 -90 -48.5201 0 -1 0 0 0 -1 0 0 0 -1 80.DAT
1 1 -89.9882 -54.0228 0.0015 -1 0.0047 0 -0.0047 -1 -0.0006 0 0.0006 -1 80.DAT
1 1 -89.9372 -59.5388 0.008 -0.9999 0.0147 0 -0.0147 -0.9999 -0.0019 0 0.0019 -1 80.DAT
1 1 -89.8294 -65.0573 0.0221 -0.9997 0.0254 0.0001 -0.0254 -0.9997 -0.0034 0 0.0034 -1 80.DAT
1 1 -89.6606 -70.5794 0.045 -0.9993 0.0368 0.0003 -0.0368 -0.9993 -0.0051 -0.0001 0.0051 -1 80.DAT
1 1 -89.4271 -76.0801 0.0775 -0.9988 0.0491 0.0006 -0.0491 -0.9988 -0.0069 -0.0003 0.0069 -1 80.DAT
1 1 -89.1233 -81.5848 0.1211 -0.9981 0.0623 0.0011 -0.0623 -0.998 -0.009 -0.0005 0.009 -1 80.DAT
1 1 -88.7436 -87.0934 0.1769 -0.9971 0.0765 0.0018 -0.0765 -0.997 -0.0113 -0.0009 0.0114 -0.9999 80.DAT
1 1 -88.284 -92.5798 0.2461 -0.9958 0.0918 0.0027 -0.0918 -0.9957 -0.0138 -0.0014 0.014 -0.9999 80.DAT
1 1 -87.7366 -98.068 0.3303 -0.9941 0.1082 0.0039 -0.1083 -0.994 -0.0165 -0.002 0.0168 -0.9999 80.DAT
1 1 -87.097 -103.531 0.4309 -0.992 0.1259 0.0054 -0.126 -0.9918 -0.0195 -0.0029 0.02 -0.9998 80.DAT
1 1 -86.3553 -108.991 0.5497 -0.9894 0.145 0.0073 -0.1452 -0.9892 -0.0226 -0.0039 0.0235 -0.9997 80.DAT
1 1 -85.503 -114.444 0.6888 -0.9861 0.1656 0.0097 -0.1658 -0.9858 -0.026 -0.0052 0.0273 -0.9996 80.DAT
1 1 -84.5353 -119.861 0.8496 -0.9821 0.1879 0.0126 -0.1882 -0.9817 -0.0297 -0.0068 0.0315 -0.9995 80.DAT
1 1 -83.4388 -125.261 1.0347 -0.9771 0.2121 0.0161 -0.2125 -0.9766 -0.0335 -0.0086 0.0361 -0.9993 80.DAT
1 1 -82.2028 -130.637 1.2467 -0.971 0.2382 0.0203 -0.2388 -0.9704 -0.0374 -0.0108 0.0412 -0.9991 80.DAT
1 1 -80.8223 -135.955 1.487 -0.9635 0.2664 0.0253 -0.2672 -0.9627 -0.0415 -0.0133 0.0467 -0.9988 80.DAT
1 1 -79.2802 -141.23 1.7593 -0.9544 0.2969 0.0311 -0.2981 -0.9534 -0.0456 -0.0161 0.0528 -0.9985 80.DAT
1 1 -77.5636 -146.448 2.0665 -0.9432 0.3299 0.0379 -0.3315 -0.9421 -0.0497 -0.0193 0.0594 -0.998 80.DAT
1 1 -75.6595 -151.596 2.4117 -0.9296 0.3657 0.0457 -0.3678 -0.9284 -0.0537 -0.0227 0.0667 -0.9975 80.DAT
1 1 -73.5448 -156.679 2.7998 -0.9131 0.4041 0.0544 -0.4069 -0.9116 -0.0575 -0.0264 0.0746 -0.9969 80.DAT
1 1 -71.2144 -161.652 3.2325 -0.893 0.4454 0.0643 -0.449 -0.8915 -0.0609 -0.0302 0.0832 -0.9961 80.DAT
1 1 -68.644 -166.516 3.7153 -0.8689 0.4893 0.075 -0.4939 -0.8672 -0.0638 -0.0338 0.0924 -0.9951 80.DAT
1 1 -65.8324 -171.222 4.2492 -0.84 0.5356 0.0866 -0.5413 -0.8383 -0.066 -0.0373 0.1023 -0.9941 80.DAT
1 1 -62.7563 -175.762 4.8395 -0.8059 0.5838 0.0988 -0.5907 -0.8041 -0.0673 -0.0401 0.1126 -0.9928 80.DAT
1 1 -59.4216 -180.086 5.4857 -0.7661 0.6331 0.1113 -0.6414 -0.7642 -0.0678 -0.0422 0.1233 -0.9915 80.DAT
1 1 -55.8093 -184.182 6.1924 -0.7201 0.6827 0.124 -0.6925 -0.7183 -0.0672 -0.0432 0.1342 -0.99 80.DAT
1 1 -51.9185 -188.019 6.9605 -0.6683 0.7313 0.1364 -0.7426 -0.6665 -0.0655 -0.043 0.145 -0.9885 80.DAT
1 1 -47.7724 -191.549 7.7861 -0.6112 0.7775 0.1483 -0.7904 -0.6094 -0.0627 -0.0416 0.1555 -0.987 80.DAT
1 1 -43.384 -194.751 8.6671 -0.5496 0.8201 0.1593 -0.8345 -0.5478 -0.059 -0.0389 0.1653 -0.9855 80.DAT
1 1 -38.7713 -197.607 9.6002 -0.4849 0.8581 0.1692 -0.8739 -0.4831 -0.0544 -0.0351 0.1743 -0.9841 80.DAT
1 1 -33.9573 -200.106 10.5812 -0.4186 0.8906 0.178 -0.9077 -0.4168 -0.0491 -0.0305 0.1821 -0.9828 80.DAT
1 1 -28.9906 -202.234 11.6001 -0.3523 0.9173 0.1856 -0.9355 -0.3506 -0.0433 -0.0253 0.1888 -0.9817 80.DAT
1 1 -23.8787 -204.005 12.6554 -0.2875 0.9384 0.1918 -0.9576 -0.2857 -0.0371 -0.02 0.1944 -0.9807 80.DAT
1 1 -18.6753 -205.422 13.736 -0.2251 0.9542 0.1969 -0.9742 -0.2235 -0.0308 -0.0146 0.1988 -0.9799 80.DAT
1 1 -13.3874 -206.507 14.8402 -0.1661 0.9654 0.2009 -0.9861 -0.1646 -0.0244 -0.0095 0.2022 -0.9793 80.DAT
1 1 -8.0442 -207.277 15.9617 -0.1109 0.9727 0.204 -0.9938 -0.1095 -0.018 -0.0048 0.2047 -0.9788 80.DAT
1 1 -2.6733 -207.753 17.0944 -0.0596 0.9767 0.2062 -0.9982 -0.0585 -0.0118 -0.0005 0.2065 -0.9784 80.DAT
1 1 2.7243 -207.932 18.2384 -0.001 0.9781 0.2079 -1 -0.001 0 -0.0002 0.2079 -0.9781 80.DAT
1 1 8.1063 -207.945 19.3823 -0.0037 0.9781 0.2079 -1 -0.0038 0 -0.0008 0.2079 -0.9782 80.DAT
1 1 13.4866 -207.969 20.5258 -0.0051 0.9781 0.2079 -1 -0.0052 0 -0.0011 0.2079 -0.9782 80.DAT
1 1 18.8689 -207.991 21.6698 -0.0025 0.9781 0.2079 -1 -0.0025 0 -0.0005 0.2079 -0.9781 79.DAT
0 SYNTH SYNTHESIZED END
0 SYNTH END
0 SYNTH BEGIN TECHNIC_RIBBED_HOSE 14
0 SYNTH SHOW
0 MLCAD HIDE 1 2 25.002 -208 22.91 0.207912 -0.978148 0 0 0 1 -0.978148 -0.207912 0 LS02.dat
0 MLCAD HIDE 1 14 45.542 -208 27.277 0.207912 -0.978148 0 0 0 1 -0.978148 -0.207912 0 LS02.dat
0 MLCAD HIDE 1 14 140 -65 40 0 0 -1 0 -1 0 -1 0 0 LS02.dat
0 MLCAD HIDE 1 4 140 -42 40 0 0 -1 0 -1 0 -1 0 0 LS02.dat
0 SYNTH SYNTHESIZED BEGIN
1 14 27.4474 -208 23.4298 0 -0.9781 0.2079 -1 0 0 0 -0.2079 -0.9781 79.DAT
1 14 32.8289 -208 24.574 0 0.9781 0.208 -1 0 0 0 0.208 -0.9781 80.DAT
1 14 38.2104 -208 25.7183 0 0.9781 0.208 -1 0 0 0 0.208 -0.9781 80.DAT
1 14 43.5917 -207.953 26.857 0.0182 0.9784 0.2059 -0.9998 0.0186 0 0.0038 0.2058 -0.9786 80.DAT
1 14 48.9782 -207.752 27.9789 0.0569 0.9778 0.2016 -0.9983 0.0581 0 0.0117 0.2012 -0.9795 80.DAT
1 14 54.3636 -207.325 29.0753 0.1002 0.9754 0.1964 -0.9949 0.1011 0.0056 0.0144 0.196 -0.9805 80.DAT
1 14 59.7267 -206.651 30.1405 0.1472 0.9706 0.1905 -0.989 0.1478 0.0112 0.0173 0.19 -0.9816 80.DAT
1 14 65.067 -205.709 31.1729 0.1979 0.9629 0.1836 -0.98 0.1983 0.0167 0.0203 0.1832 -0.9829 80.DAT
1 14 70.3577 -204.478 32.1659 0.2523 0.9516 0.1757 -0.9674 0.2524 0.022 0.0235 0.1756 -0.9842 80.DAT
1 14 75.57 -202.941 33.1131 0.3098 0.936 0.1668 -0.9504 0.3098 0.0269 0.0265 0.1669 -0.9856 80.DAT
1 14 80.6733 -201.086 34.0081 0.37 0.9157 0.1569 -0.9286 0.3699 0.0314 0.0293 0.1573 -0.9871 80.DAT
1 14 85.6587 -198.891 34.849 0.4321 0.8899 0.1459 -0.9013 0.4318 0.0352 0.0316 0.1467 -0.9887 80.DAT
1 14 90.4944 -196.35 35.6302 0.4947 0.8587 0.1339 -0.8684 0.4944 0.0383 0.0333 0.1352 -0.9903 80.DAT
1 14 95.1297 -193.474 36.3443 0.5566 0.8219 0.1212 -0.8301 0.5561 0.0404 0.0342 0.1231 -0.9918 80.DAT
1 14 99.5596 -190.257 36.992 0.6161 0.7802 0.1079 -0.7869 0.6157 0.0415 0.0341 0.1105 -0.9933 80.DAT
1 14 103.744 -186.725 37.5691 0.6721 0.7344 0.0945 -0.7397 0.6716 0.0416 0.0329 0.0978 -0.9947 80.DAT
1 14 107.667 -182.898 38.0767 0.7233 0.6857 0.0811 -0.6898 0.7229 0.0406 0.0308 0.0853 -0.9959 80.DAT
1 14 111.322 -178.797 38.5169 0.7692 0.6354 0.0683 -0.6384 0.7687 0.0386 0.028 0.0733 -0.9969 80.DAT
1 14 114.691 -174.469 38.8915 0.8093 0.5847 0.0562 -0.5869 0.8089 0.0358 0.0245 0.0619 -0.9978 80.DAT
1 14 117.79 -169.921 39.2069 0.8438 0.5347 0.0452 -0.5362 0.8435 0.0323 0.0209 0.0515 -0.9985 80.DAT
1 14 120.615 -165.201 39.4668 0.873 0.4863 0.0354 -0.4873 0.8728 0.0283 0.0171 0.042 -0.999 80.DAT
1 14 123.175 -160.338 39.6768 0.8975 0.4402 0.027 -0.4408 0.8973 0.0241 0.0136 0.0336 -0.9993 80.DAT
1 14 125.496 -155.335 39.8434 0.9178 0.3966 0.0199 -0.3969 0.9176 0.0199 0.0104 0.0261 -0.9996 80.DAT
1 14 127.579 -150.237 39.9713 0.9345 0.3558 0.0141 -0.356 0.9344 0.0157 0.0075 0.0197 -0.9998 80.DAT
1 14 129.448 -145.043 40.0662 0.9481 0.3178 0.0094 -0.3179 0.9481 0.0118 0.0052 0.0142 -0.9999 80.DAT
1 14 131.111 -139.795 40.1325 0.9592 0.2826 0.0058 -0.2827 0.9592 0.0082 0.0033 0.0095 -0.9999 80.DAT
1 14 132.587 -134.485 40.1752 0.9682 0.2501 0.0032 -0.2501 0.9682 0.005 0.0018 0.0056 -1 80.DAT
1 14 133.892 -129.128 40.1981 0.9755 0.2201 0.0012 -0.2201 0.9755 0.0022 0.0007 0.0024 -1 80.DAT
1 14 135.036 -123.734 40.205 0.9813 0.1924 -0.0001 -0.1924 0.9813 -0.0001 0 -0.0001 -1 80.DAT
1 14 136.033 -118.315 40.1994 0.986 0.1669 -0.0009 -0.1669 0.986 -0.002 -0.0005 -0.0021 -1 80.DAT
1 14 136.893 -112.878 40.1842 0.9897 0.1434 -0.0013 -0.1434 0.9897 -0.0034 -0.0008 -0.0035 -1 80.DAT
1 14 137.63 -107.407 40.1622 0.9926 0.1216 -0.0015 -0.1216 0.9926 -0.0044 -0.0009 -0.0045 -1 80.DAT
1 14 138.25 -101.931 40.1359 0.9948 0.1015 -0.0014 -0.1015 0.9948 -0.0049 -0.0009 -0.0051 -1 80.DAT
1 14 138.762 -96.4549 40.1077 0.9966 0.0829 -0.0012 -0.0829 0.9965 -0.0051 -0.0008 -0.0052 -1 80.DAT
1 14 139.176 -90.9583 40.0794 0.9978 0.0656 -0.001 -0.0656 0.9978 -0.005 -0.0007 -0.005 -1 80.DAT
1 14 139.498 -85.4441 40.0531 0.9988 0.0496 -0.0007 -0.0496 0.9988 -0.0044 -0.0005 -0.0045 -1 80.DAT
1 14 139.734 -79.9386 40.0306 0.9994 0.0347 -0.0005 -0.0347 0.9994 -0.0036 -0.0003 -0.0036 -1 80.DAT
1 14 139.892 -74.4192 40.0135 0.9998 0.0209 -0.0002 -0.0209 0.9998 -0.0025 -0.0002 -0.0025 -1 80.DAT
1 14 139.975 -68.9112 40.0033 1 0.0081 -0.0001 -0.0081 1 -0.0011 -0.0001 -0.0011 -1 80.DAT
1 14 139.999 -63.3908 40.0001 1 0 0 0 1 0 0 0 -1 80.DAT
1 14 139.999 -57.8893 40.0001 1 0.0001 0 -0.0001 1 0 0 0 -1 80.DAT
1 14 140 -52.3889 40 1 0.0001 0 -0.0001 1 0 0 0 -1 80.DAT
1 14 140 -46.8876 40 1 0 0 0 1 0 0 0 -1 79.DAT
0 SYNTH SYNTHESIZED END
0 SYNTH END
0 SYNTH BEGIN TECHNIC_RIBBED_HOSE 6
0 SYNTH SHOW
0 MLCAD HIDE 1 2 118 -6 -20 0 1 0 -1 0 0 0 0 1 LS02.dat
0 MLCAD HIDE 1 6 100 -6 -20 0 1 0 -1 0 0 0 0 1 LS02.dat
0 MLCAD HIDE 1 6 100 -6 100 0 -1 0 -1 0 0 0 0 -1 LS02.dat
0 MLCAD HIDE 1 4 118 -6 100 0 -1 0 -1 0 0 0 0 -1 LS02.dat
0 SYNTH SYNTHESIZED BEGIN
1 6 115.5 -6 -20 0 1 0 0 0 -1 -1 0 0 79.DAT
1 6 110 -6 -20 0 -1 0 0 0 -1 -1 0 0 80.DAT
1 6 104.5 -6 -20 0 -1 0 0 0 -1 -1 0 0 80.DAT
1 6 98.9994 -6 -19.9111 -0.0356 -0.9994 0 0 0 -1 -0.9994 0.0356 0 80.DAT
1 6 93.4946 -6 -19.5271 -0.1106 -0.9939 0 0 0 -1 -0.9939 0.1106 0 80.DAT
1 6 88.04 -6 -18.7149 -0.1913 -0.9815 0 0 0 -1 -0.9815 0.1913 0 80.DAT
1 6 82.674 -6 -17.4468 -0.2763 -0.9611 0 0 0 -1 -0.9611 0.2763 0 80.DAT
1 6 77.4612 -6 -15.7074 -0.3641 -0.9314 0 0 0 -1 -0.9314 0.3641 0 80.DAT
1 6 72.4214 -6 -13.4771 -0.4526 -0.8917 0 0 0 -1 -0.8917 0.4526 0 80.DAT
1 6 67.6388 -6 -10.7699 -0.5393 -0.8421 0 0 0 -1 -0.8421 0.5393 0 80.DAT
1 6 63.148 -6 -7.5943 -0.6216 -0.7833 0 0 0 -1 -0.7833 0.6216 0 80.DAT
1 6 58.9972 -6 -3.9785 -0.6975 -0.7166 0 0 0 -1 -0.7166 0.6975 0 80.DAT
1 6 55.2243 -6 0.0402 -0.7652 -0.6438 0 0 0 -1 -0.6438 0.7652 0 80.DAT
1 6 51.8718 -6 4.4008 -0.8239 -0.5667 0 0 0 -1 -0.5667 0.8239 0 80.DAT
1 6 48.9424 -6 9.0742 -0.8735 -0.4868 0 0 0 -1 -0.4868 0.8735 0 80.DAT
1 6 46.4596 -6 13.9945 -0.914 -0.4056 0 0 0 -1 -0.4056 0.914 0 80.DAT
1 6 44.4269 -6 19.1152 -0.9461 -0.3239 0 0 0 -1 -0.3239 0.9461 0 80.DAT
1 6 42.845 -6 24.3923 -0.9702 -0.2422 0 0 0 -1 -0.2422 0.9702 0 80.DAT
1 6 41.7134 -6 29.7844 -0.987 -0.1606 0 0 0 -1 -0.1606 0.987 0 80.DAT
1 6 41.0315 -6 35.2525 -0.9969 -0.0791 0 0 0 -1 -0.0791 0.9969 0 80.DAT
1 6 40.7996 -6 40.7585 1 0.0026 0 0 0 1 -0.0026 1 0 80.DAT
1 6 41.019 -6 46.2651 -0.9964 0.0846 0 0 0 -1 0.0846 0.9964 0 80.DAT
1 6 41.6925 -6 51.7343 -0.9859 0.1673 0 0 0 -1 0.1673 0.9859 0 80.DAT
1 6 42.8236 -6 57.1264 -0.9681 0.2507 0 0 0 -1 0.2507 0.9681 0 80.DAT
1 6 44.4163 -6 62.3994 -0.9423 0.3349 0 0 0 -1 0.3349 0.9423 0 80.DAT
1 6 46.4736 -6 67.508 -0.9078 0.4194 0 0 0 -1 0.4194 0.9078 0 80.DAT
1 6 48.9961 -6 72.4036 -0.864 0.5035 0 0 0 -1 0.5035 0.864 0 80.DAT
1 6 51.98 -6 77.0348 -0.8102 0.5862 0 0 0 -1 0.5862 0.8102 0 80.DAT
1 6 55.4147 -6 81.3488 -0.7464 0.6655 0 0 0 -1 0.6655 0.7464 0 80.DAT
1 6 59.265 -6 85.2772 -0.6732 0.7395 0 0 0 -1 0.7395 0.6732 0 80.DAT
1 6 63.5152 -6 88.7916 -0.5918 0.8061 0 0 0 -1 0.8061 0.5918 0 80.DAT
1 6 68.1064 -6 91.8389 -0.5045 0.8634 0 0 0 -1 0.8634 0.5045 0 80.DAT
1 6 72.9854 -6 94.3957 -0.4141 0.9102 0 0 0 -1 0.9102 0.4141 0 80.DAT
1 6 78.092 -6 96.4516 -0.3235 0.9462 0 0 0 -1 0.9462 0.3235 0 80.DAT
1 6 83.362 -6 98.0107 -0.2352 0.9719 0 0 0 -1 0.9719 0.2352 0 80.DAT
1 6 88.7529 -6 99.0953 -0.1512 0.9885 0 0 0 -1 0.9885 0.1512 0 80.DAT
1 6 94.2254 -6 99.7326 -0.0727 0.9974 0 0 0 -1 0.9974 0.0727 0 80.DAT
1 6 99.721 -6 99.9536 -0.0011 1 0 0 0 -1 1 0.0011 0 80.DAT
1 6 105.223 -6 99.9666 -0.0039 1 0 0 0 -1 1 0.0039 0 80.DAT
1 6 110.723 -6 99.9867 -0.0033 1 0 0 0 -1 1 0.0033 0 79.DAT
0 SYNTH SYNTHESIZED END
0 SYNTH END
0 SYNTH BEGIN TECHNIC_RIBBED_HOSE 25
0 SYNTH SHOW
0 MLCAD HIDE 1 2 158 -6 -60 0 1 0 -1 0 0 0 0 1 LS02.dat
0 MLCAD HIDE 1 25 140 -6 -60 0 1 0 -1 0 0 0 0 1 LS02.dat
0 MLCAD HIDE 1 25 -70 -6 -60 0 1 0 -1 0 0 0 0 1 LS02.dat
0 MLCAD HIDE 1 4 -88 -6 -60 0 1 0 -1 0 0 0 0 1 LS02.dat
0 SYNTH SYNTHESIZED BEGIN
1 25 155.5 -6 -60 0 1 0 0 0 -1 -1 0 0 79.DAT
1 25 150 -6 -60 0 -1 0 0 0 -1 -1 0 0 80.DAT
1 25 144.5 -6 -60 0 -1 0 0 0 -1 -1 0 0 80.DAT
1 25 138.998 -6 -60 0 -1 0 0 0 -1 -1 0 0 80.DAT
1 25 133.485 -6 -60 0 -1 0 0 0 -1 -1 0 0 80.DAT
1 25 127.962 -6 -60 0 -1 0 0 0 -1 -1 0 0 80.DAT
1 25 122.458 -6 -60 0 -1 0 0 0 -1 -1 0 0 80.DAT
1 25 116.947 -6 -60 0 -1 0 0 0 -1 -1 0 0 80.DAT
1 25 111.433 -6 -60 0 -1 0 0 0 -1 -1 0 0 80.DAT
1 25 105.917 -6 -60 0 -1 0 0 0 -1 -1 0 0 80.DAT
1 25 100.401 -6 -60 0 -1 0 0 0 -1 -1 0 0 80.DAT
1 25 94.8854 -6 -60 0 -1 0 0 0 -1 -1 0 0 80.DAT
1 25 89.3722 -6 -60 0 -1 0 0 0 -1 -1 0 0 80.DAT
1 25 83.8621 -6 -60 0 -1 0 0 0 -1 -1 0 0 80.DAT
1 25 78.3555 -6 -60 0 -1 0 0 0 -1 -1 0 0 80.DAT
1 25 72.853 -6 -60 0 -1 0 0 0 -1 -1 0 0 80.DAT
1 25 67.3289 -6 -60 0 -1 0 0 0 -1 -1 0 0 80.DAT
1 25 61.8089 -6 -60 0 -1 0 0 0 -1 -1 0 0 80.DAT
1 25 56.2928 -6 -60 0 -1 0 0 0 -1 -1 0 0 80.DAT
1 25 50.78 -6 -60 0 -1 0 0 0 -1 -1 0 0 80.DAT
1 25 45.27 -6 -60 0 -1 0 0 0 -1 -1 0 0 80.DAT
1 25 39.7618 -6 -60 0 -1 0 0 0 -1 -1 0 0 80.DAT
1 25 34.2546 -6 -60 0 -1 0 0 0 -1 -1 0 0 80.DAT
1 25 28.7476 -6 -60 0 -1 0 0 0 -1 -1 0 0 80.DAT
1 25 23.2398 -6 -60 0 -1 0 0 0 -1 -1 0 0 80.DAT
1 25 17.7304 -6 -60 0 -1 0 0 0 -1 -1 0 0 80.DAT
1 25 12.2186 -6 -60 0 -1 0 0 0 -1 -1 0 0 80.DAT
1 25 6.7036 -6 -60 0 -1 0 0 0 -1 -1 0 0 80.DAT
1 25 1.185 -6 -60 0 -1 0 0 0 -1 -1 0 0 80.DAT
1 25 -4.3378 -6 -60 0 -1 0 0 0 -1 -1 0 0 80.DAT
1 25 -9.8389 -6 -60 0 -1 0 0 0 -1 -1 0 0 80.DAT
1 25 -15.3442 -6 -60 0 -1 0 0 0 -1 -1 0 0 80.DAT
1 25 -20.8534 -6 -60 0 -1 0 0 0 -1 -1 0 0 80.DAT
1 25 -26.3657 -6 -60 0 -1 0 0 0 -1 -1 0 0 80.DAT
1 25 -31.8807 -6 -60 0 -1 0 0 0 -1 -1 0 0 80.DAT
1 25 -37.3971 -6 -60 0 -1 0 0 0 -1 -1 0 0 80.DAT
1 25 -42.9137 -6 -60 0 -1 0 0 0 -1 -1 0 0 80.DAT
1 25 -48.429 -6 -60 0 -1 0 0 0 -1 -1 0 0 80.DAT
1 25 -53.9414 -6 -60 0 -1 0 0 0 -1 -1 0 0 80.DAT
1 25 -59.4489 -6 -60 0 -1 0 0 0 -1 -1 0 0 80.DAT
1 25 -64.9494 -6 -60 0 -1 0 0 0 -1 -1 0 0 80.DAT
1 25 -70.4666 -6 -60 0 -1 0 0 0 -1 -1 0 0 80.DAT
1 25 -75.9666 -6 -60 0 -1 0 0 0 -1 -1 0 0 80.DAT
1 25 -81.4682 -6 -60 0 -1 0 0 0 -1 -1 0 0 79.DAT
0 SYNTH SYNTHESIZED END
0 SYNTH END
0 SYNTH BEGIN TECHNIC_RIBBED_HOSE 22
0 SYNTH SHOW
0 MLCAD HIDE 1 2 158 -6 -100 0 1 0 -1 0 0 0 0 1 LS02.dat
0 MLCAD HIDE 1 22 140 -6 -100 0 1 0 -1 0 0 0 0 1 LS02.dat
0 MLCAD HIDE 1 22 -60 -14 -100 0 1 0 -1 0 0 0 0 1 LS02.dat
0 MLCAD HIDE 1 4 -148 -6 -100 0 1 0 0 0 1 1 0 0 LS02.dat
0 SYNTH SYNTHESIZED BEGIN
1 22 155.5 -6 -100 0 1 0 0 0 -1 -1 0 0 79.DAT
1 22 150 -6 -100 0 -1 0 0 0 -1 -1 0 0 80.DAT
1 22 144.5 -6 -100 0 -1 0 0 0 -1 -1 0 0 80.DAT
1 22 138.998 -6.0058 -100 0 -1 0.0023 0 -0.0023 -1 -1 0 0 80.DAT
1 22 133.483 -6.0302 -100 0 -1 0.007 0 -0.007 -1 -1 0 0 80.DAT
1 22 127.974 -6.0806 -100 0 -0.9999 0.0117 0 -0.0117 -0.9999 -1 0 0 80.DAT
1 22 122.475 -6.1571 -100 0 -0.9999 0.0165 0 -0.0165 -0.9999 -1 0 0 80.DAT
1 22 116.965 -6.2602 -100 0 -0.9998 0.0213 0 -0.0213 -0.9998 -1 0 0 80.DAT
1 22 111.448 -6.39 -100 0 -0.9997 0.0262 0 -0.0262 -0.9997 -1 0 0 80.DAT
1 22 105.928 -6.5463 -100 0 -0.9995 0.0309 0 -0.0309 -0.9995 -1 0 0 80.DAT
1 22 100.409 -6.7287 -100 0 -0.9994 0.0356 0 -0.0356 -0.9994 -1 0 0 80.DAT
1 22 94.8929 -6.9365 -100 0 -0.9992 0.0401 0 -0.0401 -0.9992 -1 0 0 80.DAT
1 22 89.3825 -7.1687 -100 0 -0.999 0.0445 0 -0.0445 -0.999 -1 0 0 80.DAT
1 22 83.8796 -7.4239 -100 0 -0.9988 0.0486 0 -0.0486 -0.9988 -1 0 0 80.DAT
1 22 78.3855 -7.7005 -100 0 -0.9986 0.0523 0 -0.0523 -0.9986 -1 0 0 80.DAT
1 22 72.8762 -7.9979 -100 0 -0.9984 0.0558 0 -0.0558 -0.9984 -1 0 0 80.DAT
1 22 67.3766 -8.3126 -100 0 -0.9983 0.0588 0 -0.0588 -0.9983 -1 0 0 80.DAT
1 22 61.8862 -8.6421 -100 0 -0.9981 0.0613 0 -0.0613 -0.9981 -1 0 0 80.DAT
1 22 56.3795 -8.9852 -100 0 -0.998 0.0633 0 -0.0633 -0.998 -1 0 0 80.DAT
1 22 50.8797 -9.3373 -100 0 -0.9979 0.0647 0 -0.0647 -0.9979 -1 0 0 80.DAT
1 22 45.3847 -9.6955 -100 0 -0.9979 0.0655 0 -0.0655 -0.9979 -1 0 0 80.DAT
1 22 39.8927 -10.0563 -100 0 -0.9978 0.0657 0 -0.0657 -0.9978 -1 0 0 80.DAT
1 22 34.4011 -10.4166 -100 0 -0.9979 0.0652 0 -0.0652 -0.9979 -1 0 0 80.DAT
1 22 28.9079 -10.773 -100 0 -0.9979 0.0642 0 -0.0642 -0.9979 -1 0 0 80.DAT
1 22 23.4107 -11.1224 -100 0 -0.998 0.0625 0 -0.0625 -0.998 -1 0 0 80.DAT
1 22 17.9076 -11.4616 -100 0 -0.9982 0.0603 0 -0.0603 -0.9982 -1 0 0 80.DAT
1 22 12.3968 -11.7878 -100 0 -0.9983 0.0576 0 -0.0576 -0.9983 -1 0 0 80.DAT
1 22 6.9017 -12.0969 -100 0 -0.9985 0.0544 0 -0.0544 -0.9985 -1 0 0 80.DAT
1 22 1.3972 -12.388 -100 0 -0.9987 0.0509 0 -0.0509 -0.9987 -1 0 0 80.DAT
1 22 -4.1172 -12.659 -100 0 -0.9989 0.0469 0 -0.0469 -0.9989 -1 0 0 80.DAT
1 22 -9.6162 -12.9068 -100 0 -0.9991 0.0427 0 -0.0427 -0.9991 -1 0 0 80.DAT
1 22 -15.1236 -13.1313 -100 0 -0.9993 0.0383 0 -0.0383 -0.9993 -1 0 0 80.DAT
1 22 -20.6378 -13.3311 -100 0 -0.9994 0.0337 0 -0.0337 -0.9994 -1 0 0 80.DAT
1 22 -26.1566 -13.5054 -100 0 -0.9996 0.029 0 -0.029 -0.9996 -1 0 0 80.DAT
1 22 -31.6775 -13.6535 -100 0 -0.9997 0.0242 0 -0.0242 -0.9997 -1 0 0 80.DAT
1 22 -37.1975 -13.7751 -100 0 -0.9998 0.0194 0 -0.0194 -0.9998 -1 0 0 80.DAT
1 22 -42.7129 -13.8699 -100 0 -0.9999 0.0146 0 -0.0146 -0.9999 -1 0 0 80.DAT
1 22 -48.2201 -13.9382 -100 0 -1 0.0098 0 -0.0098 -1 -1 0 0 80.DAT
1 22 -53.7395 -13.9804 -100 0 -1 0.0051 0 -0.0051 -1 -1 0 0 80.DAT
1 22 -59.242 -13.9771 -100 0 -1 -0.0074 0 0.0074 -1 -1 0 0 80.DAT
1 22 -64.752 -13.8949 -100 0 -0.9997 -0.0239 0 0.0239 -0.9997 -1 0 0 80.DAT
1 22 -70.2513 -13.7145 -100 -0.0029 -0.9991 -0.0434 -0.0664 0.0434 -0.9968 -0.9978 0 0.0665 80.DAT
1 22 -75.7483 -13.418 -100 -0.0094 -0.9978 -0.0657 -0.1408 0.0663 -0.9878 -0.99 0 0.1411 80.DAT
1 22 -81.2416 -12.987 -100 -0.0207 -0.9957 -0.0902 -0.2229 0.0925 -0.9704 -0.9746 0 0.2239 80.DAT
1 22 -86.7209 -12.4066 -100 -0.0379 -0.9927 -0.1146 -0.3119 0.1207 -0.9424 -0.9494 0 0.3142 80.DAT
1 22 -92.1783 -11.6747 -100 -0.0605 -0.9891 -0.1346 -0.4056 0.1476 -0.9021 -0.912 0 0.4101 80.DAT
1 22 -97.6181 -10.8136 -100 -0.085 -0.986 -0.1436 -0.5021 0.1669 -0.8486 -0.8606 0 0.5092 80.DAT
1 22 -103.048 -9.8806 -100 -0.1048 -0.985 -0.1368 -0.5992 0.1723 -0.7819 -0.7937 0 0.6082 80.DAT
1 22 -108.481 -8.958 -100 -0.1135 -0.9869 -0.115 -0.6933 0.1616 -0.7023 -0.7117 0 0.7025 80.DAT
1 22 -113.924 -8.1249 -100 -0.1092 -0.9903 -0.0858 -0.779 0.1389 -0.6115 -0.6175 0 0.7866 80.DAT
1 22 -119.389 -7.4294 -100 -0.0951 -0.9938 -0.0574 -0.8509 0.111 -0.5135 -0.5167 0 0.8562 80.DAT
1 22 -124.865 -6.8877 -100 -0.0758 -0.9965 -0.0345 -0.9068 0.0833 -0.4133 -0.4148 0 0.9099 80.DAT
1 22 -130.351 -6.4924 -100 -0.0552 -0.9983 -0.0184 -0.947 0.0582 -0.316 -0.3166 0 0.9486 80.DAT
1 22 -135.854 -6.2261 -100 -0.0355 -0.9993 -0.0082 -0.9737 0.0365 -0.2248 -0.225 0 0.9744 80.DAT
1 22 -141.354 -6.0716 -100 -0.0178 -0.9998 -0.0025 -0.9898 0.018 -0.1413 -0.1414 0 0.99 79.DAT
0 SYNTH SYNTHESIZED END
0 SYNTH END
0
