0 TECHNIC_AXLE_FLEXIBLE-Constraints
0 Name: TECHNIC_AXLE_FLEXIBLE-Constraints.ldr
0 Author: Willy Tschager
0 Unofficial Model
0 ROTATION CENTER 0 0 0 1 "Custom" 
0 ROTATION CONFIG 0 0
1 47 -141.187 178.89 10 0.5 0 -0.866025 -0.866025 0 -0.5 0 1 0 32140.DAT
1 47 -141.187 178.89 -10 0.5 0 -0.866025 -0.866025 0 -0.5 0 1 0 32140.DAT
1 47 -175.83 158.89 20 0 0.358368 0.93358 0 0.93358 -0.358368 -1 0 0 4459.DAT
1 47 -175.83 158.89 30 0 0.358368 -0.93358 0 0.93358 0.358368 1 0 0 32013.DAT
1 47 -175.83 158.89 -20 0 0.358368 0.93358 0 0.93358 -0.358368 -1 0 0 4459.DAT
1 47 -175.83 158.89 -30 0 0.358368 -0.93358 0 0.93358 0.358368 1 0 0 32013.DAT
1 47 -183.147 131.568 30 0 -0.580703 -0.814116 0 -0.814116 0.580703 -1 0 0 32013.DAT
1 47 -183.147 131.568 -30 0 -0.580703 -0.814116 0 -0.814116 0.580703 -1 0 0 32013.DAT
1 47 -183.147 131.568 20 0 0.224951 0.97437 0 0.97437 -0.224951 -1 0 0 4459.DAT
1 47 -183.147 131.568 -20 0 0.224951 0.97437 0 0.97437 -0.224951 -1 0 0 4459.DAT
1 47 22.745 107.639 68 -0.97437 -0.086085 0.207828 0.224951 -0.372875 0.900201 0 0.92388 0.382683 32013.DAT
1 47 22.745 107.639 -68 0.97437 -0.086085 0.207828 -0.224951 -0.372875 0.900201 0 -0.92388 -0.382683 32013.DAT
1 47 -109.878 79.302 30 -0.814116 -0.580703 0 0.580703 -0.814116 0 0 0 1 3707.DAT
1 47 -109.878 79.302 -30 -0.814116 -0.580703 0 0.580703 -0.814116 0 0 0 1 3707.DAT
1 47 12.357 62.628 48.866 0.207828 0.97437 0.086085 0.900201 -0.224951 0.372875 0.382683 0 -0.92388 3705.DAT
1 47 12.357 62.628 -48.866 0.207828 -0.97437 0.086085 0.900201 0.224951 0.372875 -0.382683 0 0.92388 3705.DAT
1 47 -36.924 26.993 30 0 -0.224951 -0.97437 0 -0.97437 0.224951 -1 0 0 32016.DAT
1 47 -36.924 26.993 -30 0 -0.224951 -0.97437 0 -0.97437 0.224951 -1 0 0 32016.DAT
1 47 198.355 19.805 30 0 -0.165048 0.986286 0 0.986286 0.165048 -1 0 0 32013.DAT
1 47 198.355 19.805 -30 0 -0.165048 0.986286 0 0.986286 0.165048 -1 0 0 32013.DAT
1 47 2.049 17.996 30 0.97437 0.224951 0 -0.224951 0.97437 0 0 0 1 4519.DAT
1 47 2.049 17.996 0 0 0.224951 0.97437 0 0.97437 -0.224951 -1 0 0 32062.DAT
1 47 2.049 17.996 -30 0.97437 0.224951 0 -0.224951 0.97437 0 0 0 1 4519.DAT
1 47 158.901 13.202 30 0.986286 -0.165048 0 0.165048 0.986286 0 0 0 1 4519.DAT
1 47 158.901 13.202 30 0.986286 0 0.165048 0.165048 0 -0.986286 0 1 0 32013.DAT
1 47 158.901 13.202 -30 0.986286 -0.165048 0 0.165048 0.986286 0 0 0 1 4519.DAT
1 47 158.901 13.202 -30 0.986286 0 0.165048 0.165048 0 -0.986286 0 1 0 32013.DAT
1 47 31.282 11.248 30 0 0.224951 0.97437 0 0.97437 -0.224951 -1 0 0 6538A.DAT
1 47 31.282 11.248 -30 0 0.224951 0.97437 0 0.97437 -0.224951 -1 0 0 6538A.DAT
1 47 129.314 8.251 30 0 -0.165048 0.986286 0 0.986286 0.165048 -1 0 0 6538A.DAT
1 47 129.314 8.251 -30 0 -0.165048 0.986286 0 0.986286 0.165048 -1 0 0 6538A.DAT
1 47 2.049 17.996 30 -0.97437 -0.224951 0 0.224951 -0.97437 0 0 0 1 32015.DAT
1 47 2.049 17.996 -30 0.97437 -0.224951 0 -0.224951 -0.97437 0 0 0 -1 32015.DAT
1 47 50.767 6.748 30 0.97437 0.224951 0 -0.224951 0.97437 0 0 0 1 32062.DAT
1 47 50.767 6.748 -30 0.97437 0.224951 0 -0.224951 0.97437 0 0 0 1 32062.DAT
1 47 109.59 4.952 30 0.986286 -0.165048 0 0.165048 0.986286 0 0 0 1 32062.DAT
1 47 109.59 4.952 -30 0.986286 -0.165048 0 0.165048 0.986286 0 0 0 1 32062.DAT
1 47 80 0 30 0 0.165048 -0.986286 0 -0.986286 -0.165048 -1 0 0 32016.DAT
1 47 80 0 -30 0 0.165048 -0.986286 0 -0.986286 -0.165048 -1 0 0 32016.DAT
0 SYNTH BEGIN TECHNIC_AXLE_FLEXIBLE 1
0 SYNTH SHOW
1 2 157.204 23.229 -30 -0.986286 0.165048 0 -0.165048 -0.986286 0 0 0 1 LS02.dat
1 1 32.488 105.389 -68 -0.224951 0.97437 0 -0.97437 -0.224951 0 0 0 1 LS02.dat
1 1 13 110 -68 -0.224951 0.97437 0 -0.97437 -0.224951 0 0 0 1 LS02.dat
1 4 -166.491 155.306 -30 -0.358368 0.93358 0 -0.93358 -0.358368 0 0 0 1 LS02.dat
0 SYNTH END
0 SYNTH BEGIN PLI_TECHNIC_AXLE_FLEXIBLE_19 14
0 SYNTH SHOW
1 2 157.204 23.229 30 -0.986286 0.165048 0 -0.165048 -0.986286 0 0 0 1 LS02.dat
1 14 32.488 105.389 68 -0.224951 0.97437 0 -0.97437 -0.224951 0 0 0 1 LS02.dat
1 14 13 110 68 -0.224951 0.97437 0 -0.97437 -0.224951 0 0 0 1 LS02.dat
1 4 -166.491 155.306 30 -0.358368 0.93358 0 -0.93358 -0.358368 0 0 0 1 LS02.dat
0 SYNTH END
0
