0 Untitled
0 Name: TECHNIC_TREAD_CRAWLER-Synthesis.ldr
0 Author: Holly Wood
0 Unofficial Model
0 ROTATION CENTER 0 0 0 1 "Custom" 
0 ROTATION CONFIG 0 0
1 47 -40 104 0 1 0 0 0 1 0 0 0 1 7049.dat
1 47 40 104 0 1 0 0 0 1 0 0 0 1 3001.dat
1 47 120 104 0 1 0 0 0 1 0 0 0 1 7049.dat
1 47 240 104 0 1 0 0 0 1 0 0 0 1 7049.dat
1 47 40 80 0 1 0 0 0 1 0 0 0 1 3001.dat
1 47 260 80 0 1 0 0 0 1 0 0 0 1 3003.dat
1 47 40 56 0 1 0 0 0 1 0 0 0 1 7049.dat
1 47 260 56 0 1 0 0 0 1 0 0 0 1 3003.dat
1 47 260 32 0 1 0 0 0 1 0 0 0 1 3003.dat
1 47 260 8 20 0 0 1 0 1 0 -1 0 0 7049.dat
1 47 0 0 0 1 0 0 0 1 0 0 0 1 7049.dat
1 47 80 0 0 1 0 0 0 1 0 0 0 1 7049.dat
0 SYNTH BEGIN TECHNIC_TREAD_CRAWLER 1
0 SYNTH SHOW
1 47 0 10 -30 1 0 0 0 1 0 0 0 1 7039.dat
1 47 80 10 -30 1 0 0 0 1 0 0 0 1 7039.dat
0 SYNTH SYNTHESIZED BEGIN
1 1 5.75 29 -28 1 0 0 0 -1 0 0 0 1 LS80.dat
1 1 17.1786 29 -28 1 0 0 0 -1 0 0 0 1 LS80.dat
1 1 28.6071 29 -28 1 0 0 0 -1 0 0 0 1 LS80.dat
1 1 40.0357 29 -28 1 0 0 0 -1 0 0 0 1 LS80.dat
1 1 51.4643 29 -28 1 0 0 0 -1 0 0 0 1 LS80.dat
1 1 62.8929 29 -28 1 0 0 0 -1 0 0 0 1 LS80.dat
1 1 74.3214 29 -28 1 0 0 0 -1 0 0 0 1 LS80.dat
1 1 -4.7776 27.614 -28 -0.9659 0.2588 0 -0.2588 -0.9659 0 0 0 1 LS80.dat
1 1 -12.9445 22.8654 -28 -0.7071 0.7071 0 -0.7071 -0.7071 0 0 0 1 LS80.dat
1 1 -17.643 14.6695 -28 -0.2588 0.9659 0 -0.9659 -0.2588 0 0 0 1 LS80.dat
1 1 -17.614 5.2224 -28 0.2588 0.9659 0 -0.9659 0.2588 0 0 0 1 LS80.dat
1 1 -12.8654 -2.9445 -28 0.7071 0.7071 0 -0.7071 0.7071 0 0 0 1 LS80.dat
1 1 -4.6695 -7.643 -28 0.9659 0.2588 0 -0.2588 0.9659 0 0 0 1 LS80.dat
1 1 74.25 -9 -28 -1 0 0 0 1 0 0 0 1 LS80.dat
1 1 62.8214 -9 -28 -1 0 0 0 1 0 0 0 1 LS80.dat
1 1 51.3929 -9 -28 -1 0 0 0 1 0 0 0 1 LS80.dat
1 1 39.9643 -9 -28 -1 0 0 0 1 0 0 0 1 LS80.dat
1 1 28.5357 -9 -28 -1 0 0 0 1 0 0 0 1 LS80.dat
1 1 17.1071 -9 -28 -1 0 0 0 1 0 0 0 1 LS80.dat
1 1 5.6786 -9 -28 -1 0 0 0 1 0 0 0 1 LS80.dat
1 1 84.7776 -7.614 -28 0.9659 -0.2588 0 0.2588 0.9659 0 0 0 1 LS80.dat
1 1 92.9445 -2.8654 -28 0.7071 -0.7071 0 0.7071 0.7071 0 0 0 1 LS80.dat
1 1 97.643 5.3305 -28 0.2588 -0.9659 0 0.9659 0.2588 0 0 0 1 LS80.dat
1 1 97.614 14.7776 -28 -0.2588 -0.9659 0 0.9659 -0.2588 0 0 0 1 LS80.dat
1 1 92.8654 22.9445 -28 -0.7071 -0.7071 0 0.7071 -0.7071 0 0 0 1 LS80.dat
1 1 84.6695 27.643 -28 -0.9659 -0.2588 0 0.2588 -0.9659 0 0 0 1 LS80.dat
0 SYNTH SYNTHESIZED END
0 SYNTH END
0 LPUB PLI BEGIN SUB 498.dat 14
0 SYNTH BEGIN PLI_TECHNIC_CRAWLER 14
0 SYNTH SHOW
1 47 -40 114 -30 1 0 0 0 1 0 0 0 1 715.dat
1 47 120 114 -30 1 0 0 0 1 0 0 0 1 35.dat
0 SYNTH OUTSIDE
1 47 40 66 -30 1 0 0 0 1 0 0 0 1 7039.dat
0 SYNTH INSIDE
0 SYNTH SYNTHESIZED BEGIN
1 14 -34.25 155 -28 1 0 0 0 -1 0 0 0 1 LS80.dat
1 14 -22.8214 155 -28 1 0 0 0 -1 0 0 0 1 LS80.dat
1 14 -11.3929 155 -28 1 0 0 0 -1 0 0 0 1 LS80.dat
1 14 0.0357 155 -28 1 0 0 0 -1 0 0 0 1 LS80.dat
1 14 11.4643 155 -28 1 0 0 0 -1 0 0 0 1 LS80.dat
1 14 22.8929 155 -28 1 0 0 0 -1 0 0 0 1 LS80.dat
1 14 34.3214 155 -28 1 0 0 0 -1 0 0 0 1 LS80.dat
1 14 45.75 155 -28 1 0 0 0 -1 0 0 0 1 LS80.dat
1 14 57.1786 155 -28 1 0 0 0 -1 0 0 0 1 LS80.dat
1 14 68.6071 155 -28 1 0 0 0 -1 0 0 0 1 LS80.dat
1 14 80.0357 155 -28 1 0 0 0 -1 0 0 0 1 LS80.dat
1 14 91.4643 155 -28 1 0 0 0 -1 0 0 0 1 LS80.dat
1 14 102.893 155 -28 1 0 0 0 -1 0 0 0 1 LS80.dat
1 14 114.321 155 -28 1 0 0 0 -1 0 0 0 1 LS80.dat
1 14 -45.3092 154.275 -28 -0.9914 0.1305 0 -0.1305 -0.9914 0 0 0 1 LS80.dat
1 14 -55.5523 151.529 -28 -0.9239 0.3827 0 -0.3827 -0.9239 0 0 0 1 LS80.dat
1 14 -64.7355 146.225 -28 -0.7934 0.6088 0 -0.6088 -0.7934 0 0 0 1 LS80.dat
1 14 -72.233 138.725 -28 -0.6088 0.7934 0 -0.7934 -0.6088 0 0 0 1 LS80.dat
1 14 -77.5339 129.54 -28 -0.3827 0.9239 0 -0.9239 -0.3827 0 0 0 1 LS80.dat
1 14 -80.2769 119.296 -28 -0.1305 0.9914 0 -0.9914 -0.1305 0 0 0 1 LS80.dat
1 14 -80.2751 108.691 -28 0.1305 0.9914 0 -0.9914 0.1305 0 0 0 1 LS80.dat
1 14 -77.5287 98.4477 -28 0.3827 0.9239 0 -0.9239 0.3827 0 0 0 1 LS80.dat
1 14 -72.2247 89.2645 -28 0.6088 0.7934 0 -0.7934 0.6088 0 0 0 1 LS80.dat
1 14 -64.7246 81.767 -28 0.7934 0.6088 0 -0.6088 0.7934 0 0 0 1 LS80.dat
1 14 -55.5396 76.4661 -28 0.9239 0.3827 0 -0.3827 0.9239 0 0 0 1 LS80.dat
1 14 -45.2956 73.7231 -28 0.9914 0.1305 0 -0.1305 0.9914 0 0 0 1 LS80.dat
1 14 -34.6908 73.7249 -28 0.9914 -0.1305 0 0.1305 0.9914 0 0 0 1 LS80.dat
1 14 104.46 75.6259 -28 -0.97 0.243 0 0.243 0.97 0 0 0 1 LS80.dat
1 14 93.7995 78.2962 -28 -0.97 0.243 0 0.243 0.97 0 0 0 1 LS80.dat
1 14 83.139 80.9666 -28 -0.97 0.243 0 0.243 0.97 0 0 0 1 LS80.dat
1 14 72.4785 83.6369 -28 -0.97 0.243 0 0.243 0.97 0 0 0 1 LS80.dat
1 14 61.8179 86.3072 -28 -0.97 0.243 0 0.243 0.97 0 0 0 1 LS80.dat
1 14 51.1574 88.9776 -28 -0.97 0.243 0 0.243 0.97 0 0 0 1 LS80.dat
1 14 115.364 73.6418 -28 0.9934 0.1143 0 -0.1143 0.9934 0 0 0 1 LS80.dat
1 14 125.968 73.8171 -28 0.9892 -0.1467 0 0.1467 0.9892 0 0 0 1 LS80.dat
1 14 136.164 76.7308 -28 0.9175 -0.3977 0 0.3977 0.9175 0 0 0 1 LS80.dat
1 14 145.259 82.1843 -28 0.7833 -0.6217 0 0.6217 0.7833 0 0 0 1 LS80.dat
1 14 152.633 89.806 -28 0.5957 -0.8032 0 0.8032 0.5957 0 0 0 1 LS80.dat
1 14 157.783 99.0765 -28 0.3675 -0.93 0 0.93 0.3675 0 0 0 1 LS80.dat
1 14 160.358 109.364 -28 0.1143 -0.9934 0 0.9934 0.1143 0 0 0 1 LS80.dat
1 14 160.183 119.967 -28 -0.1467 -0.9892 0 0.9892 -0.1467 0 0 0 1 LS80.dat
1 14 157.269 130.164 -28 -0.3977 -0.9175 0 0.9175 -0.3977 0 0 0 1 LS80.dat
1 14 151.816 139.259 -28 -0.6217 -0.7833 0 0.7833 -0.6217 0 0 0 1 LS80.dat
1 14 144.194 146.633 -28 -0.8032 -0.5957 0 0.5957 -0.8032 0 0 0 1 LS80.dat
1 14 134.923 151.783 -28 -0.93 -0.3675 0 0.3675 -0.93 0 0 0 1 LS80.dat
1 14 124.636 154.358 -28 -0.9934 -0.1143 0 0.1143 -0.9934 0 0 0 1 LS80.dat
1 14 28.3478 88.8536 -28 -0.97 -0.243 0 -0.243 0.97 0 0 0 1 LS80.dat
1 14 17.6873 86.1833 -28 -0.97 -0.243 0 -0.243 0.97 0 0 0 1 LS80.dat
1 14 7.0267 83.513 -28 -0.97 -0.243 0 -0.243 0.97 0 0 0 1 LS80.dat
1 14 -3.6338 80.8426 -28 -0.97 -0.243 0 -0.243 0.97 0 0 0 1 LS80.dat
1 14 -14.2944 78.1723 -28 -0.97 -0.243 0 -0.243 0.97 0 0 0 1 LS80.dat
1 14 -24.9549 75.5019 -28 -0.97 -0.243 0 -0.243 0.97 0 0 0 1 LS80.dat
1 14 39.6454 84.247 -28 -0.9999 0.0164 0 -0.0164 -0.9999 0 0 0 1 LS80.dat
0 SYNTH SYNTHESIZED END
0 SYNTH END
0 LPUB PLI END
0 SYNTH BEGIN TECHNIC_TREAD_CRAWLER 6
0 SYNTH SHOW
1 47 260 18 -30 1 0 0 0 1 0 0 0 1 7039.dat
1 47 240 114 -30 1 0 0 0 1 0 0 0 1 715.dat
0 SYNTH SYNTHESIZED BEGIN
1 6 240.337 15.2731 -28 -0.4184 0.9083 0 0.9083 0.4184 0 0 0 1 LS80.dat
1 6 235.895 24.9171 -28 -0.4184 0.9083 0 0.9083 0.4184 0 0 0 1 LS80.dat
1 6 231.452 34.561 -28 -0.4184 0.9083 0 0.9083 0.4184 0 0 0 1 LS80.dat
1 6 227.01 44.205 -28 -0.4184 0.9083 0 0.9083 0.4184 0 0 0 1 LS80.dat
1 6 222.567 53.8489 -28 -0.4184 0.9083 0 0.9083 0.4184 0 0 0 1 LS80.dat
1 6 218.125 63.4928 -28 -0.4184 0.9083 0 0.9083 0.4184 0 0 0 1 LS80.dat
1 6 213.683 73.1368 -28 -0.4184 0.9083 0 0.9083 0.4184 0 0 0 1 LS80.dat
1 6 209.24 82.7807 -28 -0.4184 0.9083 0 0.9083 0.4184 0 0 0 1 LS80.dat
1 6 204.798 92.4246 -28 -0.4184 0.9083 0 0.9083 0.4184 0 0 0 1 LS80.dat
1 6 246.001 6.2911 -28 0.6392 0.769 0 -0.769 0.6392 0 0 0 1 LS80.dat
1 6 253.731 0.8602 -28 0.9381 0.3464 0 -0.3464 0.9381 0 0 0 1 LS80.dat
1 6 263.14 0.0218 -28 0.9856 -0.1691 0 0.1691 0.9856 0 0 0 1 LS80.dat
1 6 271.709 4.0007 -28 0.769 -0.6392 0 0.6392 0.769 0 0 0 1 LS80.dat
1 6 277.14 11.7307 -28 0.3464 -0.9381 0 0.9381 0.3464 0 0 0 1 LS80.dat
1 6 280.871 107.395 -28 -0.0209 -0.9998 0 -0.9998 0.0209 0 0 0 1 LS80.dat
1 6 280.649 96.7796 -28 -0.0209 -0.9998 0 -0.9998 0.0209 0 0 0 1 LS80.dat
1 6 280.428 86.164 -28 -0.0209 -0.9998 0 -0.9998 0.0209 0 0 0 1 LS80.dat
1 6 280.206 75.5483 -28 -0.0209 -0.9998 0 -0.9998 0.0209 0 0 0 1 LS80.dat
1 6 279.984 64.9327 -28 -0.0209 -0.9998 0 -0.9998 0.0209 0 0 0 1 LS80.dat
1 6 279.763 54.3171 -28 -0.0209 -0.9998 0 -0.9998 0.0209 0 0 0 1 LS80.dat
1 6 279.541 43.7014 -28 -0.0209 -0.9998 0 -0.9998 0.0209 0 0 0 1 LS80.dat
1 6 279.319 33.0858 -28 -0.0209 -0.9998 0 -0.9998 0.0209 0 0 0 1 LS80.dat
1 6 279.098 22.4702 -28 -0.0209 -0.9998 0 -0.9998 0.0209 0 0 0 1 LS80.dat
1 6 280.377 118.467 -28 -0.1098 -0.994 0 0.994 -0.1098 0 0 0 1 LS80.dat
1 6 277.845 128.765 -28 -0.3633 -0.9317 0 0.9317 -0.3633 0 0 0 1 LS80.dat
1 6 272.734 138.057 -28 -0.5921 -0.8059 0 0.8059 -0.5921 0 0 0 1 LS80.dat
1 6 265.392 145.71 -28 -0.7805 -0.6252 0 0.6252 -0.7805 0 0 0 1 LS80.dat
1 6 256.32 151.201 -28 -0.9157 -0.4019 0 0.4019 -0.9157 0 0 0 1 LS80.dat
1 6 246.135 154.158 -28 -0.9885 -0.1512 0 0.1512 -0.9885 0 0 0 1 LS80.dat
1 6 235.533 154.377 -28 -0.994 0.1098 0 -0.1098 -0.994 0 0 0 1 LS80.dat
1 6 225.235 151.845 -28 -0.9317 0.3633 0 -0.3633 -0.9317 0 0 0 1 LS80.dat
1 6 215.943 146.734 -28 -0.8059 0.5921 0 -0.5921 -0.8059 0 0 0 1 LS80.dat
1 6 208.29 139.392 -28 -0.6252 0.7805 0 -0.7805 -0.6252 0 0 0 1 LS80.dat
1 6 202.799 130.32 -28 -0.4019 0.9157 0 -0.9157 -0.4019 0 0 0 1 LS80.dat
1 6 199.842 120.135 -28 -0.1512 0.9885 0 -0.9885 -0.1512 0 0 0 1 LS80.dat
1 6 199.623 109.533 -28 0.1098 0.994 0 -0.994 0.1098 0 0 0 1 LS80.dat
1 6 202.155 99.2346 -28 0.3633 0.9317 0 -0.9317 0.3633 0 0 0 1 LS80.dat
0 SYNTH SYNTHESIZED END
0 SYNTH END
0 SYNTH BEGIN TECHNIC_TREAD_CRAWLER 25
0 SYNTH SHOW
1 47 370 18 -30 1 0 0 0 1 0 0 0 1 7039.dat
0 SYNTH SYNTHESIZED BEGIN
1 25 374.778 0.386 -28 0.9659 -0.2588 0 0.2588 0.9659 0 0 0 1 LS80.dat
1 25 382.945 5.1346 -28 0.7071 -0.7071 0 0.7071 0.7071 0 0 0 1 LS80.dat
1 25 387.643 13.3305 -28 0.2588 -0.9659 0 0.9659 0.2588 0 0 0 1 LS80.dat
1 25 387.614 22.7776 -28 -0.2588 -0.9659 0 0.9659 -0.2588 0 0 0 1 LS80.dat
1 25 382.865 30.9445 -28 -0.7071 -0.7071 0 0.7071 -0.7071 0 0 0 1 LS80.dat
1 25 374.67 35.643 -28 -0.9659 -0.2588 0 0.2588 -0.9659 0 0 0 1 LS80.dat
1 25 365.222 35.614 -28 -0.9659 0.2588 0 -0.2588 -0.9659 0 0 0 1 LS80.dat
1 25 357.055 30.8654 -28 -0.7071 0.7071 0 -0.7071 -0.7071 0 0 0 1 LS80.dat
1 25 352.357 22.6695 -28 -0.2588 0.9659 0 -0.9659 -0.2588 0 0 0 1 LS80.dat
1 25 352.386 13.2224 -28 0.2588 0.9659 0 -0.9659 0.2588 0 0 0 1 LS80.dat
1 25 357.135 5.0555 -28 0.7071 0.7071 0 -0.7071 0.7071 0 0 0 1 LS80.dat
1 25 365.33 0.357 -28 0.9659 0.2588 0 -0.2588 0.9659 0 0 0 1 LS80.dat
0 SYNTH SYNTHESIZED END
0 SYNTH END
0 SYNTH BEGIN TECHNIC_TREAD_CRAWLER 0
0 SYNTH SHOW
1 47 370 114 -30 1 0 0 0 1 0 0 0 1 715.dat
0 SYNTH SYNTHESIZED BEGIN
1 0 375.309 73.7249 -28 0.9914 -0.1305 0 0.1305 0.9914 0 0 0 1 LS80.dat
1 0 385.552 76.4713 -28 0.9239 -0.3827 0 0.3827 0.9239 0 0 0 1 LS80.dat
1 0 394.736 81.7753 -28 0.7934 -0.6088 0 0.6088 0.7934 0 0 0 1 LS80.dat
1 0 402.233 89.2754 -28 0.6088 -0.7934 0 0.7934 0.6088 0 0 0 1 LS80.dat
1 0 407.534 98.4604 -28 0.3827 -0.9239 0 0.9239 0.3827 0 0 0 1 LS80.dat
1 0 410.277 108.704 -28 0.1305 -0.9914 0 0.9914 0.1305 0 0 0 1 LS80.dat
1 0 410.275 119.309 -28 -0.1305 -0.9914 0 0.9914 -0.1305 0 0 0 1 LS80.dat
1 0 407.529 129.552 -28 -0.3827 -0.9239 0 0.9239 -0.3827 0 0 0 1 LS80.dat
1 0 402.225 138.736 -28 -0.6088 -0.7934 0 0.7934 -0.6088 0 0 0 1 LS80.dat
1 0 394.725 146.233 -28 -0.7934 -0.6088 0 0.6088 -0.7934 0 0 0 1 LS80.dat
1 0 385.54 151.534 -28 -0.9239 -0.3827 0 0.3827 -0.9239 0 0 0 1 LS80.dat
1 0 375.296 154.277 -28 -0.9914 -0.1305 0 0.1305 -0.9914 0 0 0 1 LS80.dat
1 0 364.691 154.275 -28 -0.9914 0.1305 0 -0.1305 -0.9914 0 0 0 1 LS80.dat
1 0 354.448 151.529 -28 -0.9239 0.3827 0 -0.3827 -0.9239 0 0 0 1 LS80.dat
1 0 345.265 146.225 -28 -0.7934 0.6088 0 -0.6088 -0.7934 0 0 0 1 LS80.dat
1 0 337.767 138.725 -28 -0.6088 0.7934 0 -0.7934 -0.6088 0 0 0 1 LS80.dat
1 0 332.466 129.54 -28 -0.3827 0.9239 0 -0.9239 -0.3827 0 0 0 1 LS80.dat
1 0 329.723 119.296 -28 -0.1305 0.9914 0 -0.9914 -0.1305 0 0 0 1 LS80.dat
1 0 329.725 108.691 -28 0.1305 0.9914 0 -0.9914 0.1305 0 0 0 1 LS80.dat
1 0 332.471 98.4477 -28 0.3827 0.9239 0 -0.9239 0.3827 0 0 0 1 LS80.dat
1 0 337.775 89.2645 -28 0.6088 0.7934 0 -0.7934 0.6088 0 0 0 1 LS80.dat
1 0 345.275 81.767 -28 0.7934 0.6088 0 -0.6088 0.7934 0 0 0 1 LS80.dat
1 0 354.46 76.4661 -28 0.9239 0.3827 0 -0.3827 0.9239 0 0 0 1 LS80.dat
1 0 364.704 73.7231 -28 0.9914 0.1305 0 -0.1305 0.9914 0 0 0 1 LS80.dat
1 0 375.309 73.7249 -28 0.9914 -0.1305 0 0.1305 0.9914 0 0 0 1 LS80.dat
0 SYNTH SYNTHESIZED END
0 SYNTH END
0
