0 TECHNIC_CHAIN_LINK_WITH_TWO_STUDS-Synthesis
0 Name: TECHNIC_CHAIN_LINK_WITH_TWO_STUDS-Synthesis.ldr
0 Author: J.C. Tchang
0 Unofficial Model
0 SYNTH BEGIN TECHNIC_CHAIN_LINK_WITH_TWO_STUDS 0
0 SYNTH SHOW
0 ROTATION CENTER 0 0 0 1 "Custom" 
0 ROTATION CONFIG 0 1
1 47 0 0 0 1 0 0 0 1 0 0 0 1 569.DAT
1 47 80 152 0 1 0 0 0 1 0 0 0 1 642.dat
1 47 230 0 0 1 0 0 0 1 0 0 0 1 644.dat
0 SYNTH SYNTHESIZED BEGIN
1 0 -33.2376 33.1702 0 0 0.949 -0.3153 0 -0.3153 -0.949 -1 0 0 273.DAT
1 0 -26.5591 53.2736 0 0 0.949 -0.3153 0 -0.3153 -0.949 -1 0 0 273.DAT
1 0 -19.8806 73.3771 0 0 0.949 -0.3153 0 -0.3153 -0.949 -1 0 0 273.DAT
1 0 -13.2021 93.4805 0 0 0.949 -0.3153 0 -0.3153 -0.949 -1 0 0 273.DAT
1 0 -6.5236 113.584 0 0 0.949 -0.3153 0 -0.3153 -0.949 -1 0 0 273.DAT
1 0 0.1549 133.687 0 0 0.949 -0.3153 0 -0.3153 -0.949 -1 0 0 273.DAT
1 0 6.8333 153.791 0 0 0.949 -0.3153 0 -0.3153 -0.949 -1 0 0 273.DAT
1 0 13.5118 173.894 0 0 0.949 -0.3153 0 -0.3153 -0.949 -1 0 0 273.DAT
1 0 -39.9543 15.1187 0 0 0.9994 -0.0351 0 -0.0351 -0.9994 -1 0 0 273.DAT
1 0 -41.7855 -8.8822 0 0 0.8597 0.5108 0 0.5108 -0.8597 -1 0 0 273.DAT
1 0 -30.3501 -30.0631 0 0 0.4471 0.8945 0 0.8945 -0.4471 -1 0 0 273.DAT
1 0 132.359 202.986 0 0 -0.4858 -0.8741 0 -0.8741 0.4858 -1 0 0 273.DAT
1 0 150.273 193.031 0 0 -0.4858 -0.8741 0 -0.8741 0.4858 -1 0 0 273.DAT
1 0 168.188 183.075 0 0 -0.4858 -0.8741 0 -0.8741 0.4858 -1 0 0 273.DAT
1 0 186.102 173.12 0 0 -0.4858 -0.8741 0 -0.8741 0.4858 -1 0 0 273.DAT
1 0 204.017 163.164 0 0 -0.4858 -0.8741 0 -0.8741 0.4858 -1 0 0 273.DAT
1 0 221.931 153.209 0 0 -0.4858 -0.8741 0 -0.8741 0.4858 -1 0 0 273.DAT
1 0 239.846 143.254 0 0 -0.4858 -0.8741 0 -0.8741 0.4858 -1 0 0 273.DAT
1 0 257.76 133.298 0 0 -0.4858 -0.8741 0 -0.8741 0.4858 -1 0 0 273.DAT
1 0 275.675 123.343 0 0 -0.4858 -0.8741 0 -0.8741 0.4858 -1 0 0 273.DAT
1 0 293.589 113.387 0 0 -0.4858 -0.8741 0 -0.8741 0.4858 -1 0 0 273.DAT
1 0 116.25 212.419 0 0 -0.343 -0.9393 0 -0.9393 0.343 -1 0 0 273.DAT
1 0 95.8051 220.663 0 0 -0.036 -0.9994 0 -0.9994 0.036 -1 0 0 273.DAT
1 0 73.8135 222.187 0 0 0.2746 -0.9616 0 -0.9616 -0.2746 -1 0 0 273.DAT
1 0 52.4274 216.84 0 0 0.5583 -0.8296 0 -0.8296 -0.5583 -1 0 0 273.DAT
1 0 33.7403 205.146 0 0 0.7873 -0.6165 0 -0.6165 -0.7873 -1 0 0 273.DAT
1 0 19.5814 188.25 0 0 0.9393 -0.343 0 -0.343 -0.9393 -1 0 0 273.DAT
1 0 160.859 -112.074 0 0 0.3826 0.9239 0 0.9239 -0.3826 -1 0 0 273.DAT
1 0 143.011 -104.682 0 0 0.3826 0.9239 0 0.9239 -0.3826 -1 0 0 273.DAT
1 0 125.162 -97.291 0 0 0.3826 0.9239 0 0.9239 -0.3826 -1 0 0 273.DAT
1 0 107.314 -89.8997 0 0 0.3826 0.9239 0 0.9239 -0.3826 -1 0 0 273.DAT
1 0 89.4659 -82.5085 0 0 0.3826 0.9239 0 0.9239 -0.3826 -1 0 0 273.DAT
1 0 71.6176 -75.1172 0 0 0.3826 0.9239 0 0.9239 -0.3826 -1 0 0 273.DAT
1 0 53.7694 -67.7259 0 0 0.3826 0.9239 0 0.9239 -0.3826 -1 0 0 273.DAT
1 0 35.9212 -60.3346 0 0 0.3826 0.9239 0 0.9239 -0.3826 -1 0 0 273.DAT
1 0 18.073 -52.9433 0 0 0.3826 0.9239 0 0.9239 -0.3826 -1 0 0 273.DAT
1 0 0.2247 -45.552 0 0 0.3826 0.9239 0 0.9239 -0.3826 -1 0 0 273.DAT
1 0 -17.6235 -38.1607 0 0 0.3826 0.9239 0 0.9239 -0.3826 -1 0 0 273.DAT
1 0 177.708 -119.299 0 0 0.307 0.9517 0 0.9517 -0.307 -1 0 0 273.DAT
1 0 197.522 -126.142 0 0 0.1504 0.9886 0 0.9886 -0.1504 -1 0 0 273.DAT
1 0 218.177 -129.718 0 0 -0.0102 0.9999 0 0.9999 0.0102 -1 0 0 273.DAT
1 0 239.139 -129.935 0 0 -0.1704 0.9854 0 0.9854 0.1704 -1 0 0 273.DAT
1 0 259.863 -126.786 0 0 -0.3263 0.9453 0 0.9453 0.3263 -1 0 0 273.DAT
1 0 279.815 -120.354 0 0 -0.4737 0.8807 0 0.8807 0.4737 -1 0 0 273.DAT
1 0 298.476 -110.805 0 0 -0.6088 0.7933 0 0.7933 0.6088 -1 0 0 273.DAT
1 0 315.363 -98.3855 0 0 -0.7282 0.6854 0 0.6854 0.7282 -1 0 0 273.DAT
1 0 330.04 -83.4182 0 0 -0.8287 0.5597 0 0.5597 0.8287 -1 0 0 273.DAT
1 0 342.125 -66.2905 0 0 -0.9078 0.4195 0 0.4195 0.9078 -1 0 0 273.DAT
1 0 351.307 -47.4458 0 0 -0.9633 0.2685 0 0.2685 0.9633 -1 0 0 273.DAT
1 0 357.347 -27.3724 0 0 -0.9939 0.1105 0 0.1105 0.9939 -1 0 0 273.DAT
1 0 360.089 -6.59 0 0 -0.9987 -0.0504 0 -0.0504 0.9987 -1 0 0 273.DAT
1 0 359.462 14.3631 0 0 -0.9777 -0.21 0 -0.21 0.9777 -1 0 0 273.DAT
1 0 355.481 34.9442 0 0 -0.9314 -0.3641 0 -0.3641 0.9314 -1 0 0 273.DAT
1 0 348.25 54.6202 0 0 -0.8609 -0.5088 0 -0.5088 0.8609 -1 0 0 273.DAT
1 0 337.957 72.8816 0 0 -0.7681 -0.6403 0 -0.6403 0.7681 -1 0 0 273.DAT
1 0 324.868 89.2555 0 0 -0.6555 -0.7552 0 -0.7552 0.6555 -1 0 0 273.DAT
1 0 309.322 103.318 0 0 -0.5259 -0.8506 0 -0.8506 0.5259 -1 0 0 273.DAT
0 SYNTH SYNTHESIZED END
0 SYNTH END
0 SYNTH BEGIN TECHNIC_CHAIN_LINK_WITH_TWO_STUDS 0
0 SYNTH SHOW
1 47 -230 160 0 1 0 0 0 1 0 0 0 1 570.DAT
1 47 -90 160 0 1 0 0 0 1 0 0 0 1 570.DAT
0 SYNTH SYNTHESIZED BEGIN
1 0 -209 222 0 0 0 -1 0 -1 0 -1 0 0 273.DAT
1 0 -189 222 0 0 0 -1 0 -1 0 -1 0 0 273.DAT
1 0 -169 222 0 0 0 -1 0 -1 0 -1 0 0 273.DAT
1 0 -149 222 0 0 0 -1 0 -1 0 -1 0 0 273.DAT
1 0 -129 222 0 0 0 -1 0 -1 0 -1 0 0 273.DAT
1 0 -109 222 0 0 0 -1 0 -1 0 -1 0 0 273.DAT
1 0 -89 222 0 0 0 -1 0 -1 0 -1 0 0 273.DAT
1 0 -227.74 222.46 0 0 0.1736 -0.9848 0 -0.9848 -0.1736 -1 0 0 273.DAT
1 0 -249.239 219.466 0 0 0.5 -0.866 0 -0.866 -0.5 -1 0 0 273.DAT
1 0 -268.418 209.3 0 0 0.766 -0.6428 0 -0.6428 -0.766 -1 0 0 273.DAT
1 0 -282.962 193.187 0 0 0.9397 -0.342 0 -0.342 -0.9397 -1 0 0 273.DAT
1 0 -291.119 173.072 0 0 1 0 0 0 -1 -1 0 0 273.DAT
1 0 -291.904 151.379 0 0 0.9397 0.342 0 0.342 -0.9397 -1 0 0 273.DAT
1 0 -285.222 130.727 0 0 0.766 0.6428 0 0.6428 -0.766 -1 0 0 273.DAT
1 0 -271.88 113.605 0 0 0.5 0.866 0 0.866 -0.5 -1 0 0 273.DAT
1 0 -253.486 102.08 0 0 0.1736 0.9848 0 0.9848 -0.1736 -1 0 0 273.DAT
1 0 -111 98 0 0 0 1 0 1 0 -1 0 0 273.DAT
1 0 -131 98 0 0 0 1 0 1 0 -1 0 0 273.DAT
1 0 -151 98 0 0 0 1 0 1 0 -1 0 0 273.DAT
1 0 -171 98 0 0 0 1 0 1 0 -1 0 0 273.DAT
1 0 -191 98 0 0 0 1 0 1 0 -1 0 0 273.DAT
1 0 -211 98 0 0 0 1 0 1 0 -1 0 0 273.DAT
1 0 -231 98 0 0 0 1 0 1 0 -1 0 0 273.DAT
1 0 -92.2598 97.5398 0 0 -0.1736 0.9848 0 0.9848 0.1736 -1 0 0 273.DAT
1 0 -70.7609 100.534 0 0 -0.5 0.866 0 0.866 0.5 -1 0 0 273.DAT
1 0 -51.5825 110.7 0 0 -0.766 0.6428 0 0.6428 0.766 -1 0 0 273.DAT
1 0 -37.0378 126.813 0 0 -0.9397 0.342 0 0.342 0.9397 -1 0 0 273.DAT
1 0 -28.8811 146.928 0 0 -1 0 0 0 1 -1 0 0 273.DAT
1 0 -28.0963 168.621 0 0 -0.9397 -0.342 0 -0.342 0.9397 -1 0 0 273.DAT
1 0 -34.778 189.273 0 0 -0.766 -0.6428 0 -0.6428 0.766 -1 0 0 273.DAT
1 0 -48.1202 206.395 0 0 -0.5 -0.866 0 -0.866 0.5 -1 0 0 273.DAT
1 0 -66.5138 217.921 0 0 -0.1736 -0.9848 0 -0.9848 0.1736 -1 0 0 273.DAT
0 SYNTH SYNTHESIZED END
0 SYNTH END
0 SYNTH BEGIN TECHNIC_CHAIN_LINK_WITH_TWO_STUDS 0
0 SYNTH SHOW
1 47 -230 -80 0 1 0 0 0 1 0 0 0 1 641.dat
1 47 -160 24 0 1 0 0 0 1 0 0 0 1 641.dat
1 47 -90 -80 0 0 0 -1 0 1 0 1 0 0 741.DAT
0 SYNTH SYNTHESIZED BEGIN
1 0 -261.413 -33.5431 0 0 0.8296 -0.5584 0 -0.5584 -0.8296 -1 0 0 273.DAT
1 0 -249.746 -16.2098 0 0 0.8296 -0.5584 0 -0.5584 -0.8296 -1 0 0 273.DAT
1 0 -238.079 1.1236 0 0 0.8296 -0.5584 0 -0.5584 -0.8296 -1 0 0 273.DAT
1 0 -226.413 18.4569 0 0 0.8296 -0.5584 0 -0.5584 -0.8296 -1 0 0 273.DAT
1 0 -214.746 35.7902 0 0 0.8296 -0.5584 0 -0.5584 -0.8296 -1 0 0 273.DAT
1 0 -203.079 53.1236 0 0 0.8296 -0.5584 0 -0.5584 -0.8296 -1 0 0 273.DAT
1 0 -272.409 -48.9205 0 0 0.9276 -0.3737 0 -0.3737 -0.9276 -1 0 0 273.DAT
1 0 -281.384 -68.8569 0 0 0.9994 0.0359 0 0.0359 -0.9994 -1 0 0 273.DAT
1 0 -281.474 -90.72 0 0 0.8984 0.4393 0 0.4393 -0.8984 -1 0 0 273.DAT
1 0 -272.664 -110.73 0 0 0.642 0.7667 0 0.7667 -0.642 -1 0 0 273.DAT
1 0 -256.476 -125.426 0 0 0.2747 0.9615 0 0.9615 -0.2747 -1 0 0 273.DAT
1 0 -105.135 35.6142 0 0 -0.8296 -0.5584 0 -0.5584 0.8296 -1 0 0 273.DAT
1 0 -93.4689 18.2809 0 0 -0.8296 -0.5584 0 -0.5584 0.8296 -1 0 0 273.DAT
1 0 -81.8022 0.9476 0 0 -0.8296 -0.5584 0 -0.5584 0.8296 -1 0 0 273.DAT
1 0 -70.1355 -16.3858 0 0 -0.8296 -0.5584 0 -0.5584 0.8296 -1 0 0 273.DAT
1 0 -58.4689 -33.7191 0 0 -0.8296 -0.5584 0 -0.5584 0.8296 -1 0 0 273.DAT
1 0 -46.8022 -51.0524 0 0 -0.8296 -0.5584 0 -0.5584 0.8296 -1 0 0 273.DAT
1 0 -115.242 51.5906 0 0 -0.6954 -0.7187 0 -0.7187 0.6954 -1 0 0 273.DAT
1 0 -130.334 67.4098 0 0 -0.3429 -0.9394 0 -0.9394 0.3429 -1 0 0 273.DAT
1 0 -150.555 75.7231 0 0 0.0688 -0.9976 0 -0.9976 -0.0688 -1 0 0 273.DAT
1 0 -172.409 75.093 0 0 0.4686 -0.8834 0 -0.8834 -0.4686 -1 0 0 273.DAT
1 0 -192.118 65.6284 0 0 0.7874 -0.6164 0 -0.6164 -0.7874 -1 0 0 273.DAT
1 0 -111 -132 0 0 0 1 0 1 0 -1 0 0 273.DAT
1 0 -131 -132 0 0 0 1 0 1 0 -1 0 0 273.DAT
1 0 -151 -132 0 0 0 1 0 1 0 -1 0 0 273.DAT
1 0 -171 -132 0 0 0 1 0 1 0 -1 0 0 273.DAT
1 0 -191 -132 0 0 0 1 0 1 0 -1 0 0 273.DAT
1 0 -211 -132 0 0 0 1 0 1 0 -1 0 0 273.DAT
1 0 -231 -132 0 0 0 1 0 1 0 -1 0 0 273.DAT
1 0 -92.1028 -132.536 0 0 -0.2079 0.9781 0 0.9781 0.2079 -1 0 0 273.DAT
1 0 -70.5526 -128.85 0 0 -0.5878 0.809 0 0.809 0.5878 -1 0 0 273.DAT
1 0 -52.3649 -116.716 0 0 -0.866 0.5 0 0.5 0.866 -1 0 0 273.DAT
1 0 -40.6848 -98.2345 0 0 -0.9945 0.1045 0 0.1045 0.9945 -1 0 0 273.DAT
1 0 -37.5317 -76.5997 0 0 -0.9511 -0.309 0 -0.309 0.9511 -1 0 0 273.DAT
0 SYNTH SYNTHESIZED END
0 SYNTH END
0
