0 TECHNIC_CHAIN_TREAD_38
0 Name: TECHNIC_CHAIN_TREAD_38-Constraints.ldr
0 Author: Willy Tschager
0 Unofficial Model
0 ROTATION CENTER 0 0 0 1 "Custom" 
0 ROTATION CONFIG 0 0
1 47 20 9.3648 311.181 -1 0 0 0 -0.997564 0.0697565 0 0.0697565 0.997564 32013.DAT
1 47 21 6.1693 261.282 0 0 -1 -0.0697565 -0.997564 0 -0.997564 0.0697565 0 3705.DAT
1 47 35 9.3545 311.034 0 0 1 -0.656059 -0.75471 0 0.75471 -0.656059 0 32123.DAT
1 47 0 2 133 0 -1 0 -1 0 0 0 0 -1 32525.dat
1 47 0 2 -127 0 -1 0 -1 0 0 0 0 -1 32525.dat
1 47 20 2 -7 0 -1 0 -1 0 0 0 0 -1 32525.dat
1 47 20 1.999 213 -1 0 0 0 0.994522 -0.104528 0 -0.104528 -0.994522 32013.DAT
1 47 20 -6.001 -262 0 0 1 -0.990268 -0.139173 0 0.139173 -0.990268 0 732.DAT
1 47 20 -6.28 -263.98 0 0 1 -0.990268 -0.139173 0 0.139173 -0.990268 0 731.dat
1 47 35.001 2 -207.001 0 0 -1 0 1 0 1 0 0 32123.DAT
1 47 35.001 2 -87.001 0 0 -1 0 1 0 1 0 0 32123.DAT
1 47 35.001 2 92.999 0 0 -1 0 1 0 1 0 0 32123.DAT
1 47 35.001 2 212.999 0 0 -1 0 1 0 1 0 0 32123.DAT
1 47 65 2 -207 0 0 -1 0 1 0 1 0 0 4185.DAT
1 47 65 2 -87 0 0 -1 0 1 0 1 0 0 4185.DAT
1 47 65 2 93 0 0 -1 0 1 0 1 0 0 4185.DAT
1 47 65 2 213 0 0 -1 0 1 0 1 0 0 4185.DAT
1 47 5 -14 -319 0 0 1 1 0 0 0 1 0 32123.DAT
1 47 35 -14 -319 0 0 1 1 0 0 0 1 0 32123.DAT
1 47 65 -14 -319 0 0 1 1 0 0 0 1 0 32123.DAT
1 47 20 2 -207 -1 0 0 0 1 0 0 0 -1 6587.DAT
0 SYNTH BEGIN TECHNIC_CHAIN_TREAD_38 16
0 SYNTH SHOW
1 47 50 -14 -318 0 0 -1 1 0 0 0 -1 0 57520.dat
1 47 50 2 -207.001 0 0 -1 0 1 0 1 0 0 57519.dat
1 47 50 2 -87.001 0 0 -1 0 1 0 1 0 0 57519.dat
1 47 50 2 92.999 0 0 -1 0 1 0 1 0 0 57519.dat
1 47 50 2 212.999 0 0 -1 0 1 0 1 0 0 57519.dat
1 47 50 9.3545 311.034 0 0 -1 -0.75471 -0.656059 0 -0.656059 0.75471 0 57520.dat
1 47 50 2 212.999 0 0 -1 0 1 0 1 0 0 57519.dat
1 47 50 2 92.999 0 0 -1 0 1 0 1 0 0 57519.dat
1 47 50 2 -87.001 0 0 -1 0 1 0 1 0 0 57519.dat
1 47 50 2 -207.001 0 0 -1 0 1 0 1 0 0 57519.dat
0 SYNTH END
0
