0 TECHNIC_CHAIN_TREAD
0 Name: TECHNIC_CHAIN_TREAD-Synthesis.ldr
0 Author: Willy Tschager
0 Unofficial Model
0 ROTATION CENTER 0 0 0 1 "Custom" 
0 ROTATION CONFIG 0 0
1 47 -30 0 0 0 0 1 0 1 0 -1 0 0 3702.DAT
1 47 30 0 0 0 0 1 0 1 0 -1 0 0 3702.DAT
1 47 0 0 30 1 0 0 0 1 0 0 0 1 3700.DAT
1 47 0 0 -30 1 0 0 0 1 0 0 0 1 3700.DAT
1 47 0 -8 30 1 0 0 0 1 0 0 0 1 3710.DAT
1 47 0 24 30 1 0 0 0 1 0 0 0 1 3710.DAT
1 47 0 24 -30 1 0 0 0 1 0 0 0 1 3710.DAT
1 47 0 -8 -30 1 0 0 0 1 0 0 0 1 3710.DAT
1 47 40 10 60 1 0 0 0 1 0 0 0 1 3749.DAT
1 47 40 10 -60 1 0 0 0 1 0 0 0 1 3749.DAT
1 47 -40 10 -60 -1 0 0 0 1 0 0 0 -1 3749.DAT
1 47 -40 10 60 -1 0 0 0 1 0 0 0 -1 3749.DAT
0 SYNTH BEGIN TECHNIC_CHAIN_TREAD 16
0 SYNTH SHOW
1 7 50 10 60 0 0 1 0 1 0 -1 0 0 3648b.dat
1 7 50 10 -60 0 0 1 0 1 0 -1 0 0 3648b.dat
0 SYNTH SYNTHESIZED BEGIN
1 16 50 40 44 -1 0 0 0 -1 0 0 0 1 3873.dat
1 16 50 40 29 -1 0 0 0 -1 0 0 0 1 3873.dat
1 16 50 40 14 -1 0 0 0 -1 0 0 0 1 3873.dat
1 16 50 40 -1 -1 0 0 0 -1 0 0 0 1 3873.dat
1 16 50 40 -16 -1 0 0 0 -1 0 0 0 1 3873.dat
1 16 50 40 -31 -1 0 0 0 -1 0 0 0 1 3873.dat
1 16 50 40 -46 -1 0 0 0 -1 0 0 0 1 3873.dat
1 16 50 40 -61 -1 0 0 0 -1 0 0 0 1 3873.dat
1 16 50 40 60 -1 0 0 0 -0.9595 -0.2817 0 -0.2817 0.9595 3873.dat
1 16 50 35.2376 76.2192 -1 0 0 0 -0.6549 -0.7557 0 -0.7557 0.6549 3873.dat
1 16 50 22.4624 87.289 -1 0 0 0 -0.1423 -0.9898 0 -0.9898 0.1423 3873.dat
1 16 50 5.7306 89.6946 -1 0 0 0 0.4154 -0.9096 0 -0.9096 -0.4154 3873.dat
1 16 50 -9.6458 82.6725 -1 0 0 0 0.8413 -0.5406 0 -0.5406 -0.8413 3873.dat
1 16 50 -18.7848 68.452 -1 0 0 0 1 0 0 0 -1 3873.dat
1 16 50 -20 -44 -1 0 0 0 1 0 0 0 -1 3873.dat
1 16 50 -20 -29 -1 0 0 0 1 0 0 0 -1 3873.dat
1 16 50 -20 -14 -1 0 0 0 1 0 0 0 -1 3873.dat
1 16 50 -20 1 -1 0 0 0 1 0 0 0 -1 3873.dat
1 16 50 -20 16 -1 0 0 0 1 0 0 0 -1 3873.dat
1 16 50 -20 31 -1 0 0 0 1 0 0 0 -1 3873.dat
1 16 50 -20 46 -1 0 0 0 1 0 0 0 -1 3873.dat
1 16 50 -20 61 -1 0 0 0 1 0 0 0 -1 3873.dat
1 16 50 -20 -60 -1 0 0 0 0.9595 0.2817 0 0.2817 -0.9595 3873.dat
1 16 50 -15.2376 -76.2192 -1 0 0 0 0.6549 0.7557 0 0.7557 -0.6549 3873.dat
1 16 50 -2.4625 -87.289 -1 0 0 0 0.1423 0.9898 0 0.9898 -0.1423 3873.dat
1 16 50 14.2694 -89.6946 -1 0 0 0 -0.4154 0.9096 0 0.9096 0.4154 3873.dat
1 16 50 29.6458 -82.6725 -1 0 0 0 -0.8413 0.5406 0 0.5406 0.8413 3873.dat
1 16 50 38.7848 -68.452 -1 0 0 0 -1 0 0 0 1 3873.dat
0 SYNTH SYNTHESIZED END
0 SYNTH END
0 SYNTH BEGIN TECHNIC_CHAIN_TREAD 0
0 SYNTH SHOW
1 7 -50 10 60 0 0 1 0 1 0 -1 0 0 3649.DAT
1 7 -50 10 -60 0 0 1 0 1 0 -1 0 0 3649.DAT
0 SYNTH SYNTHESIZED BEGIN
1 0 -50 60 44 -1 0 0 0 -1 0 0 0 1 3873.dat
1 0 -50 60 29 -1 0 0 0 -1 0 0 0 1 3873.dat
1 0 -50 60 14 -1 0 0 0 -1 0 0 0 1 3873.dat
1 0 -50 60 -1 -1 0 0 0 -1 0 0 0 1 3873.dat
1 0 -50 60 -16 -1 0 0 0 -1 0 0 0 1 3873.dat
1 0 -50 60 -31 -1 0 0 0 -1 0 0 0 1 3873.dat
1 0 -50 60 -46 -1 0 0 0 -1 0 0 0 1 3873.dat
1 0 -50 60 -61 -1 0 0 0 -1 0 0 0 1 3873.dat
1 0 -50 60 60 -1 0 0 0 -0.9864 -0.1646 0 -0.1646 0.9864 3873.dat
1 0 -50 57.2909 76.235 -1 0 0 0 -0.8795 -0.4759 0 -0.4759 0.8795 3873.dat
1 0 -50 49.457 90.7106 -1 0 0 0 -0.6773 -0.7357 0 -0.7357 0.6773 3873.dat
1 0 -50 37.3474 101.858 -1 0 0 0 -0.4017 -0.9158 0 -0.9158 0.4017 3873.dat
1 0 -50 22.2743 108.47 -1 0 0 0 -0.0826 -0.9966 0 -0.9966 0.0826 3873.dat
1 0 -50 5.871 109.829 -1 0 0 0 0.2455 -0.9694 0 -0.9694 -0.2455 3873.dat
1 0 -50 -10.0848 105.789 -1 0 0 0 0.5469 -0.8372 0 -0.8372 -0.5469 3873.dat
1 0 -50 -23.8641 96.7862 -1 0 0 0 0.7891 -0.6142 0 -0.6142 -0.7891 3873.dat
1 0 -50 -33.9737 83.7974 -1 0 0 0 0.9458 -0.3247 0 -0.3247 -0.9458 3873.dat
1 0 -50 -39.3181 68.2297 -1 0 0 0 1 0 0 0 -1 3873.dat
1 0 -50 -40 -44 -1 0 0 0 1 0 0 0 -1 3873.dat
1 0 -50 -40 -29 -1 0 0 0 1 0 0 0 -1 3873.dat
1 0 -50 -40 -14 -1 0 0 0 1 0 0 0 -1 3873.dat
1 0 -50 -40 1 -1 0 0 0 1 0 0 0 -1 3873.dat
1 0 -50 -40 16 -1 0 0 0 1 0 0 0 -1 3873.dat
1 0 -50 -40 31 -1 0 0 0 1 0 0 0 -1 3873.dat
1 0 -50 -40 46 -1 0 0 0 1 0 0 0 -1 3873.dat
1 0 -50 -40 61 -1 0 0 0 1 0 0 0 -1 3873.dat
1 0 -50 -40 -60 -1 0 0 0 0.9864 0.1646 0 0.1646 -0.9864 3873.dat
1 0 -50 -37.2909 -76.235 -1 0 0 0 0.8795 0.4759 0 0.4759 -0.8795 3873.dat
1 0 -50 -29.457 -90.7106 -1 0 0 0 0.6773 0.7357 0 0.7357 -0.6773 3873.dat
1 0 -50 -17.3474 -101.858 -1 0 0 0 0.4017 0.9158 0 0.9158 -0.4017 3873.dat
1 0 -50 -2.2743 -108.47 -1 0 0 0 0.0826 0.9966 0 0.9966 -0.0826 3873.dat
1 0 -50 14.129 -109.829 -1 0 0 0 -0.2455 0.9694 0 0.9694 0.2455 3873.dat
1 0 -50 30.0848 -105.789 -1 0 0 0 -0.5469 0.8372 0 0.8372 0.5469 3873.dat
1 0 -50 43.8641 -96.7862 -1 0 0 0 -0.7891 0.6142 0 0.6142 0.7891 3873.dat
1 0 -50 53.9737 -83.7974 -1 0 0 0 -0.9458 0.3247 0 0.3247 0.9458 3873.dat
1 0 -50 59.3181 -68.2297 -1 0 0 0 -1 0 0 0 1 3873.dat
0 SYNTH SYNTHESIZED END
0 SYNTH END
0
