0 Untitled
0 Name: TECHNIC_TREAD-Synthesis.ldr
0 Author: Willy Tschager
0 Unofficial Model
0 ROTATION CENTER 0 0 0 1 "Custom" 
0 ROTATION CONFIG 0 0
1 47 54.07 55.31 -32 0 -0.824126 0.566406 0 0.566406 0.824126 -1 0 0 3706.DAT
1 47 54.07 55.31 -40 0.566406 -0.824126 0 0.824126 0.566406 0 0 0 1 3713.DAT
1 47 54.07 55.31 -80 0.566406 -0.824126 0 0.824126 0.566406 0 0 0 1 3713.DAT
1 47 54.269 55.068 -20 0 -0.25038 0.968148 0 0.968148 0.25038 -1 0 0 32013.DAT
1 47 87.034 32.657 5 0.566406 0 -0.824126 0.824126 0 0.566406 0 -1 0 6632.DAT
1 47 87.034 32.657 -5 0.566406 0 -0.824126 0.824126 0 0.566406 0 -1 0 6632.DAT
1 47 87.034 32.657 -2 0 -0.824126 0.566406 0 0.566406 0.824126 -1 0 0 6587.DAT
1 47 -32.869 32.541 -20 -0.968148 0.25038 0 -0.25038 -0.968148 0 0 0 1 3707.DAT
1 47 120 10 15 0.566406 0 -0.824126 0.824126 0 0.566406 0 -1 0 6632.DAT
1 47 120 10 -15 0.566406 0 -0.824126 0.824126 0 0.566406 0 -1 0 6632.DAT
1 47 0 0 0 1 0 0 0 1 0 0 0 1 32018.DAT
1 47 120 10 -25 0.566406 0 -0.824126 0.824126 0 0.566406 0 -1 0 6632.DAT
1 47 -120 10 -20 0 0.25038 -0.968148 0 -0.968148 -0.25038 -1 0 0 32013.DAT
1 47 -120 10 -32 0 0.968148 0.25038 0 0.25038 -0.968148 -1 0 0 3706.DAT
1 47 120 10 -32 0 -0.824126 0.566406 0 0.566406 0.824126 -1 0 0 3706.DAT
1 47 -120 10 -40 1 0 0 0 1 0 0 0 1 3713.DAT
1 47 120 10 -40 0.566406 -0.824126 0 0.824126 0.566406 0 0 0 1 3713.DAT
1 47 -120 10 -80 1 0 0 0 1 0 0 0 1 3713.DAT
1 47 120 10 -80 0.566406 -0.824126 0 0.824126 0.566406 0 0 0 1 3713.DAT
1 47 0 0 150 1 0 0 0 1 0 0 0 1 32018.DAT
1 47 120 10 120 0 -0.824126 0.566406 0 0.566406 0.824126 -1 0 0 3705.DAT
1 47 120 10 130 0.566406 -0.824126 0 0.824126 0.566406 0 0 0 1 3713.DAT
1 47 0 10 120 0 -0.824126 0.566406 0 0.566406 0.824126 -1 0 0 3705.DAT
1 47 0 10 130 0.566406 -0.824126 0 0.824126 0.566406 0 0 0 1 3713.DAT
1 47 -120 10 120 0 -0.824126 0.566406 0 0.566406 0.824126 -1 0 0 3705.DAT
1 47 -120 10 130 0.566406 -0.824126 0 0.824126 0.566406 0 0 0 1 3713.DAT
1 47 54.64 20 310 0.5 0 0.866025 -0.866025 0 0.5 0 -1 0 32316.DAT
1 47 37.322 10.001 300 0 -0.5 0.866025 0 0.866025 0.5 -1 0 0 4459.DAT
1 47 54.64 20 230 0.5 0 0.866025 -0.866025 0 0.5 0 -1 0 32316.DAT
1 47 37.322 10.001 240 0 -0.5 0.866025 0 0.866025 0.5 -1 0 0 4459.DAT
1 47 89.284 39.999 270 0 -0.5 0.866025 0 0.866025 0.5 -1 0 0 32073.DAT
1 47 89.284 39.999 290 0.866025 -0.5 0 0.5 0.866025 0 0 0 1 3713.DAT
1 47 89.284 39.999 250 -0.866025 -0.5 0 -0.5 0.866025 0 0 0 -1 3713.DAT
1 47 -90.459 46.888 290 0.390731 0 0.920505 0.920505 0 -0.390731 0 1 0 32271.DAT
1 47 -90.459 46.888 250 0.390731 0 0.920505 0.920505 0 -0.390731 0 1 0 32271.DAT
1 47 20 0 270 0 0.390731 0.920505 0 0.920505 -0.390731 -1 0 0 32073.DAT
1 47 54.597 20.08 270 0 0.866025 0.5 0 0.5 -0.866025 -1 0 0 32073.DAT
1 47 -72.048 39.071 270 0 0.390731 0.920505 0 0.920505 -0.390731 -1 0 0 4519.DAT
0 SYNTH BEGIN TECHNIC_TREAD 0
0 SYNTH SHOW
0 MLCAD HIDE 1 47 54.07 55.31 -60 0.566406 -0.824126 0 0.824126 0.566406 0 0 0 1 32007.DAT
0 MLCAD HIDE 1 47 120 10 -60 0.566406 -0.824126 0 0.824126 0.566406 0 0 0 1 32007.DAT
0 MLCAD HIDE 1 47 -120 10 -60 1 0 0 0 1 0 0 0 1 32007.DAT
0 SYNTH SYNTHESIZED BEGIN
1 0 70.5525 43.9825 -60 0.8241 0.5664 0 -0.5664 0.8241 0 0 0 1 680.DAT
1 0 87.035 32.655 -60 0.8241 0.5664 0 -0.5664 0.8241 0 0 0 1 680.DAT
1 0 103.518 21.3275 -60 0.8241 0.5664 0 -0.5664 0.8241 0 0 0 1 680.DAT
1 0 53.1585 55.949 -60 0.8042 0.5949 0 -0.5949 0.8042 0 0 0 1 682.DAT
1 0 52.957 55.2912 -60 -1.0002 0.0086 0 0.0086 1.0002 0 0 0 1 681.DAT
1 0 100 10 -60 -1 0 0 0 -1 0 0 0 1 680.DAT
1 0 80 10 -60 -1 0 0 0 -1 0 0 0 1 680.DAT
1 0 60 10 -60 -1 0 0 0 -1 0 0 0 1 680.DAT
1 0 40 10 -60 -1 0 0 0 -1 0 0 0 1 680.DAT
1 0 20 10 -60 -1 0 0 0 -1 0 0 0 1 680.DAT
1 0 0 10 -60 -1 0 0 0 -1 0 0 0 1 680.DAT
1 0 -20 10 -60 -1 0 0 0 -1 0 0 0 1 680.DAT
1 0 -40 10 -60 -1 0 0 0 -1 0 0 0 1 680.DAT
1 0 -60 10 -60 -1 0 0 0 -1 0 0 0 1 680.DAT
1 0 -80 10 -60 -1 0 0 0 -1 0 0 0 1 680.DAT
1 0 -100 10 -60 -1 0 0 0 -1 0 0 0 1 680.DAT
1 0 121.113 9.9897 -60 -0.9997 -0.0348 0 0.0348 -0.9997 0 0 0 1 682.DAT
1 0 120.907 10.6459 -60 -0.8292 0.5595 0 -0.5595 -0.8292 0 0 0 1 682.DAT
1 0 120.354 11.0555 -60 -0.342 0.94 0 -0.94 -0.342 0 0 0 1 682.DAT
1 0 119.666 11.0618 -60 0.2758 0.9615 0 -0.9615 0.2758 0 0 0 1 682.DAT
1 0 119.106 10.6626 -60 -0.7883 0.6157 0 0.6157 0.7883 0 0 0 1 681.DAT
1 0 -100.659 15.0344 -60 0.9678 -0.2519 0 0.2519 0.9678 0 0 0 1 680.DAT
1 0 -81.3178 20.0689 -60 0.9678 -0.2519 0 0.2519 0.9678 0 0 0 1 680.DAT
1 0 -61.9767 25.1033 -60 0.9678 -0.2519 0 0.2519 0.9678 0 0 0 1 680.DAT
1 0 -42.6356 30.1378 -60 0.9678 -0.2519 0 0.2519 0.9678 0 0 0 1 680.DAT
1 0 -23.2944 35.1722 -60 0.9678 -0.2519 0 0.2519 0.9678 0 0 0 1 680.DAT
1 0 -3.9533 40.2067 -60 0.9678 -0.2519 0 0.2519 0.9678 0 0 0 1 680.DAT
1 0 15.3878 45.2411 -60 0.9678 -0.2519 0 0.2519 0.9678 0 0 0 1 680.DAT
1 0 34.7289 50.2756 -60 0.9678 -0.2519 0 0.2519 0.9678 0 0 0 1 680.DAT
1 0 -121.08 9.7296 -60 0.9762 -0.2182 0 0.2182 0.9762 0 0 0 1 682.DAT
1 0 -120.715 9.1465 -60 0.6615 -0.7503 0 0.7503 0.6615 0 0 0 1 682.DAT
1 0 -120.077 8.8895 -60 0.0942 -0.9958 0 0.9958 0.0942 0 0 0 1 682.DAT
1 0 -119.409 9.0566 -60 -0.5091 -0.861 0 0.861 -0.5091 0 0 0 1 682.DAT
1 0 -118.968 9.584 -60 -0.918 -0.3973 0 0.3973 -0.918 0 0 0 1 682.DAT
1 0 -118.92 10.2704 -60 0.9762 0.2182 0 0.2182 -0.9762 0 0 0 1 681.DAT
0 SYNTH SYNTHESIZED END
0 SYNTH END
0 LPUB PLI BEGIN SUB 680C01.dat 16
0 SYNTH BEGIN PLI_TECHNIC_TREAD 16
0 SYNTH SHOW
0 MLCAD HIDE 1 47 120 10 110 0.566406 -0.824126 0 0.824126 0.566406 0 0 0 1 32007.DAT
0 MLCAD HIDE 1 47 0 10 110 0.566406 -0.824126 0 0.824126 0.566406 0 0 0 1 32007.DAT
0 MLCAD HIDE 1 47 -120 10 110 0.566406 -0.824126 0 0.824126 0.566406 0 0 0 1 32007.DAT
0 SYNTH SYNTHESIZED BEGIN
1 16 100 10 110 -1 0 0 0 -1 0 0 0 1 680.DAT
1 16 80 10 110 -1 0 0 0 -1 0 0 0 1 680.DAT
1 16 60 10 110 -1 0 0 0 -1 0 0 0 1 680.DAT
1 16 40 10 110 -1 0 0 0 -1 0 0 0 1 680.DAT
1 16 20 10 110 -1 0 0 0 -1 0 0 0 1 680.DAT
1 16 121.113 9.9897 110 -0.9997 -0.0348 0 0.0348 -0.9997 0 0 0 1 682.DAT
1 16 120.907 10.6459 110 -0.8292 0.5595 0 -0.5595 -0.8292 0 0 0 1 682.DAT
1 16 120.354 11.0555 110 -0.342 0.94 0 -0.94 -0.342 0 0 0 1 682.DAT
1 16 119.666 11.0618 110 0.2758 0.9615 0 -0.9615 0.2758 0 0 0 1 682.DAT
1 16 119.106 10.6626 110 0.7883 0.6157 0 -0.6157 0.7883 0 0 0 1 682.DAT
1 16 118.887 10.0103 110 -0.9997 0.0348 0 0.0348 0.9997 0 0 0 1 681.DAT
1 16 -20 10 110 -1 0 0 0 -1 0 0 0 1 680.DAT
1 16 -40 10 110 -1 0 0 0 -1 0 0 0 1 680.DAT
1 16 -60 10 110 -1 0 0 0 -1 0 0 0 1 680.DAT
1 16 -80 10 110 -1 0 0 0 -1 0 0 0 1 680.DAT
1 16 -100 10 110 -1 0 0 0 -1 0 0 0 1 680.DAT
1 16 1.1131 9.9897 110 0.9997 -0.0348 0 -0.0348 -0.9997 0 0 0 1 681.DAT
1 16 -100 10 110 1 0 0 0 1 0 0 0 1 680.DAT
1 16 -80 10 110 1 0 0 0 1 0 0 0 1 680.DAT
1 16 -60 10 110 1 0 0 0 1 0 0 0 1 680.DAT
1 16 -40 10 110 1 0 0 0 1 0 0 0 1 680.DAT
1 16 -20 10 110 1 0 0 0 1 0 0 0 1 680.DAT
1 16 0 10 110 1 0 0 0 1 0 0 0 1 680.DAT
1 16 20 10 110 1 0 0 0 1 0 0 0 1 680.DAT
1 16 40 10 110 1 0 0 0 1 0 0 0 1 680.DAT
1 16 60 10 110 1 0 0 0 1 0 0 0 1 680.DAT
1 16 80 10 110 1 0 0 0 1 0 0 0 1 680.DAT
1 16 100 10 110 1 0 0 0 1 0 0 0 1 680.DAT
1 16 -121.113 10.0103 110 0.9997 0.0348 0 -0.0348 0.9997 0 0 0 1 682.DAT
1 16 -120.907 9.3541 110 0.8292 -0.5595 0 0.5595 0.8292 0 0 0 1 682.DAT
1 16 -120.354 8.9445 110 0.342 -0.94 0 0.94 0.342 0 0 0 1 682.DAT
1 16 -119.666 8.9381 110 -0.2758 -0.9615 0 0.9615 -0.2758 0 0 0 1 682.DAT
1 16 -119.106 9.3374 110 -0.7883 -0.6157 0 0.6157 -0.7883 0 0 0 1 682.DAT
1 16 -118.887 9.9897 110 0.9997 -0.0348 0 -0.0348 -0.9997 0 0 0 1 681.DAT
0 SYNTH SYNTHESIZED END
0 SYNTH END
0 LPUB PLI END
0 SYNTH BEGIN TECHNIC_TREAD 1
0 SYNTH SHOW
0 MLCAD HIDE 1 47 89.284 39.999 270 0 0.5 0.866025 0 0.866025 -0.5 -1 0 0 32089.dat
0 MLCAD HIDE 1 47 20 0 270 0 -0.390731 0.920505 0 -0.920505 -0.390731 1 0 0 32089.dat
0 MLCAD HIDE 1 47 -72.048 39.071 270 0 -0.390731 0.920505 0 -0.920505 -0.390731 1 0 0 32089.dat
0 SYNTH SYNTHESIZED BEGIN
1 1 71.963 29.9993 270 -0.866 0.5 0 -0.5 -0.866 0 0 0 1 680.DAT
1 1 54.642 19.9995 270 -0.866 0.5 0 -0.5 -0.866 0 0 0 1 680.DAT
1 1 37.321 9.9997 270 -0.866 0.5 0 -0.5 -0.866 0 0 0 1 680.DAT
1 1 90.2532 40.5466 270 -0.8831 0.4697 0 -0.4697 -0.8831 0 0 0 1 682.DAT
1 1 89.7462 41.0117 270 -0.4384 0.8991 0 -0.8991 -0.4384 0 0 0 1 682.DAT
1 1 89.0627 41.09 270 0.1738 0.9851 0 -0.9851 0.1738 0 0 0 1 682.DAT
1 1 88.4637 40.7515 270 0.7196 0.6948 0 -0.6948 0.7196 0 0 0 1 682.DAT
1 1 88.178 40.1257 270 -0.9906 0.1391 0 0.1391 0.9906 0 0 0 1 681.DAT
1 1 1.5904 7.8142 270 -0.9205 -0.3907 0 0.3907 -0.9205 0 0 0 1 680.DAT
1 1 -16.8192 15.6284 270 -0.9205 -0.3907 0 0.3907 -0.9205 0 0 0 1 680.DAT
1 1 -35.2288 23.4426 270 -0.9205 -0.3907 0 0.3907 -0.9205 0 0 0 1 680.DAT
1 1 -53.6384 31.2568 270 -0.9205 -0.3907 0 0.3907 -0.9205 0 0 0 1 680.DAT
1 1 21.0206 -0.4444 270 -0.9066 -0.4226 0 0.4226 -0.9066 0 0 0 1 682.DAT
1 1 21.0869 0.2403 270 0.9819 0.191 0 0.191 -0.9819 0 0 0 1 681.DAT
1 1 -51.8815 39.187 270 1 -0.0058 0 0.0058 1 0 0 0 1 680.DAT
1 1 -31.715 39.303 270 1 -0.0058 0 0.0058 1 0 0 0 1 680.DAT
1 1 -11.5485 39.419 270 1 -0.0058 0 0.0058 1 0 0 0 1 680.DAT
1 1 8.618 39.535 270 1 -0.0058 0 0.0058 1 0 0 0 1 680.DAT
1 1 28.7845 39.651 270 1 -0.0058 0 0.0058 1 0 0 0 1 680.DAT
1 1 48.951 39.767 270 1 -0.0058 0 0.0058 1 0 0 0 1 680.DAT
1 1 69.1175 39.883 270 1 -0.0058 0 0.0058 1 0 0 0 1 680.DAT
1 1 -73.1612 39.0749 270 0.9999 0.029 0 -0.029 0.9999 0 0 0 1 682.DAT
1 1 -72.9509 38.4199 270 0.826 -0.5642 0 0.5642 0.826 0 0 0 1 682.DAT
1 1 -72.3957 38.0135 270 0.3366 -0.942 0 0.942 0.3366 0 0 0 1 682.DAT
1 1 -71.7078 38.0111 270 -0.2814 -0.9599 0 0.9599 -0.2814 0 0 0 1 682.DAT
1 1 -71.1497 38.4135 270 0.7918 -0.6112 0 -0.6112 -0.7918 0 0 0 1 681.DAT
0 SYNTH SYNTHESIZED END
0 SYNTH END
0
