0 Logo Friends Jungle Rescue - Background
0 Name: logo-friends-jungle-rescue-box.dat
0 Author: Takeshi Takahashi [RainbowDolphin]
0 !LDRAW_ORG Primitive UPDATE 2026-04
0 !LICENSE Licensed under CC BY 4.0 : see CAreadme.txt

0 BFC CERTIFY CCW

0 !HISTORY 2026-04-27 [OrionP] Official Update 2026-04

1 16 -4.5 0 -4.5 1 0 0 0 1 0 0 0 1 1-4chrd.dat
1 16 -4.5 0 4.5 0 0 1 0 1 0 -1 0 0 1-4chrd.dat
1 16 4.5 0 4.5 -1 0 0 0 1 0 0 0 -1 1-4chrd.dat
1 16 4.5 0 -4.5 0 0 -1 0 1 0 1 0 0 1-4chrd.dat
1 16 -2.5 0 -9 -1 0 0 0 1 0 0 0 -1 1-4ndis.dat
1 16 -9 0 -2.5 -1 0 0 0 1 0 0 0 -1 1-4ndis.dat
1 16 9 0 -2.5 0 0 1 0 1 0 -1 0 0 1-4ndis.dat
1 16 2.5 0 -9 0 0 1 0 1 0 -1 0 0 1-4ndis.dat
1 16 9 0 2.5 1 0 0 0 1 0 0 0 1 1-4ndis.dat
1 16 2.5 0 9 1 0 0 0 1 0 0 0 1 1-4ndis.dat
1 16 -2.5 0 9 0 0 -1 0 1 0 1 0 0 1-4ndis.dat
1 16 -9 0 2.5 0 0 -1 0 1 0 1 0 0 1-4ndis.dat
4 16 17 0 14.5 18.6 0 14.4 18.6 0 17.3 16.2 0 14.8
4 16 15.2 0 14.8 16.2 0 14.8 18.6 0 17.3 11.3 0 15.9
3 16 18.6 0 17.3 10.5 0 16.7 11.3 0 15.9
3 16 18.6 0 17.3 9.6 0 17.2 10.5 0 16.7
3 16 18.6 0 17.3 8.7 0 17.3 9.6 0 17.2
3 16 8.7 0 17.3 -18 0 17.3 8 0 17.1
3 16 8 0 17.1 -18 0 17.3 7.2 0 16.7
4 16 6.8 0 16.1 7.2 0 16.7 -18 0 17.3 -.3 0 14.5
4 16 6.8 0 16.1 -.3 0 14.5 2.6 0 14.3 6.6 0 15.4
4 16 6.6 0 15.4 2.6 0 14.3 4.8 0 13.8 6.6 0 14.9
4 16 6.6 0 14.9 4.8 0 13.8 6.9 0 13 7.3 0 14.2
4 16 7.3 0 14.2 6.9 0 13 8.2 0 12.6 8 0 14.1
4 16 8 0 14.1 8.2 0 12.6 9.3 0 12.7 8.5 0 14.2
4 16 8.5 0 14.2 9.3 0 12.7 10 0 13.2 8.5 0 14.7
4 16 8.5 0 14.7 10 0 13.2 10.5 0 13.9 10.6 0 14.7
4 16 8.5 0 14.7 10.6 0 14.7 10.3 0 15.4 8.2 0 15.1
4 16 8.2 0 15.1 10.3 0 15.4 9.7 0 15.9 8 0 15.5
4 16 8 0 15.5 9.7 0 15.9 9.1 0 16.1 8.6 0 16.1
3 16 8.6 0 16.1 8.1 0 15.9 8 0 15.5
3 16 -.3 0 14.5 -18 0 17.3 -3.6 0 14.1
3 16 -3.6 0 14.1 -18 0 17.3 -5.7 0 13.4
3 16 -5.7 0 13.4 -18 0 17.3 -7.9 0 12.2
3 16 -7.9 0 12.2 -18 0 17.3 -9.6 0 10.6
3 16 -9.6 0 10.6 -18 0 17.3 -11.5 0 8.7
3 16 -11.5 0 8.7 -18 0 17.3 -12.9 0 6.2
3 16 -12.9 0 6.2 -18 0 17.3 -13.8 0 3.9
4 16 -14.2 0 1.9 -13.8 0 3.9 -18 0 17.3 -18 0 -1.4
4 16 -18 0 -15.3 -17.2 0 -13.5 -17.3 0 -3.9 -18 0 -1.4
3 16 -14.8 0 -13.7 -17.2 0 -13.5 -18 0 -15.3
4 16 -14.8 0 -13.7 -18 0 -15.3 -3.1 0 -14.6 -13.1 0 -13.4
4 16 -13.1 0 -13.4 -3.1 0 -14.6 -6.3 0 -13 -11.9 0 -12.7
4 16 -11.9 0 -12.7 -6.3 0 -13 -8.7 0 -11.3 -11.2 0 -11.7
4 16 -11.2 0 -11.7 -8.7 0 -11.3 -10 0 -10.4 -11.2 0 -10.9
3 16 -10 0 -10.4 -11.2 0 -10.2 -11.2 0 -10.9
4 16 -11.9 0 -11.5 -11.2 0 -10.9 -11.2 0 -10.2 -12.4 0 -10.5
4 16 -12.8 0 -12.1 -11.9 0 -11.5 -12.4 0 -10.5 -13.4 0 -11.3
3 16 -12.8 0 -12.1 -13.4 0 -11.3 -14.1 0 -12.4
3 16 .3 0 -15.3 -3.1 0 -14.6 -18 0 -15.3
3 16 18.6 0 -15.3 3.7 0 -15.1 .3 0 -15.3
3 16 18.6 0 -15.3 6.9 0 -14.1 3.7 0 -15.1
3 16 18.6 0 -15.3 9.7 0 -12.3 6.9 0 -14.1
3 16 18.6 0 -15.3 11.9 0 -10 9.7 0 -12.3
3 16 18.6 0 -15.3 13.7 0 -6.8 11.9 0 -10
3 16 18.6 0 -15.3 14.7 0 -3 13.7 0 -6.8
4 16 14.9 0 0 14.7 0 -3 18.6 0 -15.3 16.7 0 5.3
4 16 17.7 0 12.5 16.7 0 5.3 18.6 0 -15.3 18.2 0 13.5
3 16 18.6 0 -15.3 18.6 0 14.4 18.2 0 13.5
4 16 15.2 0 14.8 11.3 0 15.9 11.8 0 14.9 14.1 0 14.2
4 16 14.1 0 14.2 11.8 0 14.9 11.8 0 13.6 13.1 0 13.1
4 16 13.1 0 13.1 11.8 0 13.6 11.4 0 12.7 12.7 0 11.8
4 16 12.3 0 11.4 12.7 0 11.8 11.4 0 12.7 10.6 0 11.7
4 16 12.7 0 11.8 12.3 0 11.4 13.2 0 11.5 13.7 0 12.6
4 16 13.7 0 12.6 13.2 0 11.5 14.2 0 12.1 14.7 0 13.2
4 16 14.7 0 13.2 14.2 0 12.1 15.4 0 12.9 15.7 0 13.5
3 16 16.7 0 13.4 15.7 0 13.5 15.4 0 12.9
4 16 12.3 0 11.4 10.6 0 11.7 10.9 0 10.2 12.8 0 10.8
4 16 12.8 0 10.8 10.9 0 10.2 13.2 0 9.5 13.6 0 10.6
4 16 13.6 0 10.6 13.2 0 9.5 14.8 0 8.2 15 0 10.7
4 16 15 0 10.7 14.8 0 8.2 15.4 0 7 16.6 0 11.5
4 16 16.6 0 11.5 15.4 0 7 15.9 0 6.1 17.7 0 12.5
3 16 17.7 0 12.5 15.9 0 6.1 16.7 0 5.3
4 16 10.9 0 10.2 10.6 0 11.7 9.6 0 11 9.2 0 10.2
4 16 9.2 0 10.2 9.6 0 11 8.4 0 10.9 3.5 0 9
4 16 3.5 0 9 8.4 0 10.9 6.9 0 11 3.5 0 10
4 16 3.5 0 10 6.9 0 11 5 0 11.6 2.5 0 10
4 16 2.5 0 10 5 0 11.6 2.8 0 12.3 .8 0 12.4
4 16 -2.5 0 10 2.5 0 10 .8 0 12.4 -2.2 0 12.3
4 16 -3.5 0 10 -2.5 0 10 -2.2 0 12.3 -4.7 0 11.9
4 16 -3.5 0 10 -4.7 0 11.9 -7.1 0 10.9 -3.5 0 9
4 16 -3.5 0 9 -7.1 0 10.9 -9.1 0 9.6 -3.5 0 4.5
4 16 -3.5 0 4.5 -9.1 0 9.6 -11.2 0 7.4 -4.5 0 3.5
3 16 -4.5 0 3.5 -11.2 0 7.4 -9 0 3.5
4 16 -10 0 3.5 -9 0 3.5 -11.2 0 7.4 -12.7 0 4.9
4 16 -10 0 2.5 -10 0 3.5 -12.7 0 4.9 -13.6 0 2.4
4 16 -10 0 2.5 -13.6 0 2.4 -14.1 0 .4 -10 0 -2.5
4 16 -13.7 0 -2.7 -10 0 -2.5 -14.1 0 .4 -15.5 0 -2
4 16 -15.5 0 -2 -14.1 0 .4 -14.2 0 1.9 -18 0 -1.4
4 16 -10 0 -3.5 -10 0 -2.5 -13.7 0 -2.7 -12.1 0 -4
4 16 -10 0 -3.5 -12.1 0 -4 -10.9 0 -5.6 -9 0 -3.5
4 16 -9 0 -3.5 -10.9 0 -5.6 -10.5 0 -7 -4.5 0 -3.5
4 16 -9.5 0 -9.4 -4.5 0 -3.5 -10.5 0 -7 -11.2 0 -9
4 16 -11.9 0 -7.4 -11.2 0 -9 -10.5 0 -7 -11.7 0 -6.1
4 16 -13.2 0 -6.7 -11.9 0 -7.4 -11.7 0 -6.1 -13.3 0 -5.1
4 16 -14.3 0 -5.9 -13.2 0 -6.7 -13.3 0 -5.1 -15.2 0 -4.6
4 16 -12.7 0 -9.1 -11.2 0 -9 -11.9 0 -7.4 -13.4 0 -7.5
4 16 -14 0 -9.6 -12.7 0 -9.1 -13.4 0 -7.5 -14.7 0 -7.1
4 16 -15 0 -10.6 -14 0 -9.6 -14.7 0 -7.1 -16.1 0 -5.9
4 16 -17.2 0 -13.5 -15 0 -10.6 -16.1 0 -5.9 -17.3 0 -3.9
4 16 -4.5 0 -3.5 -9.5 0 -9.4 -8 0 -10.4 -3.5 0 -4.5
4 16 -3.5 0 -9 -3.5 0 -4.5 -8 0 -10.4 -5.4 0 -11.8
3 16 -3.5 0 -10 -3.5 0 -9 -5.4 0 -11.8
4 16 -3.5 0 -10 -5.4 0 -11.8 -2.7 0 -12.8 -2.5 0 -10
4 16 -2.5 0 -10 -2.7 0 -12.8 .6 0 -13.3 2.5 0 -10
4 16 2.5 0 -10 .6 0 -13.3 3.8 0 -12.8 3.5 0 -10
4 16 3.5 0 -10 3.8 0 -12.8 6.7 0 -11.8 3.5 0 -9
4 16 3.5 0 -9 6.7 0 -11.8 9.4 0 -10.1 3.5 0 -4.5
4 16 4.5 0 -3.5 3.5 0 -4.5 9.4 0 -10.1 11.5 0 -7.6
3 16 11.5 0 -7.6 9 0 -3.5 4.5 0 -3.5
4 16 10 0 -3.5 9 0 -3.5 11.5 0 -7.6 13.2 0 -4
4 16 10 0 -2.5 10 0 -3.5 13.2 0 -4 14 0 -.7
4 16 10 0 2.5 10 0 -2.5 14 0 -.7 14.3 0 1.9
4 16 12.8 0 5.1 10 0 2.5 14.3 0 1.9 14.8 0 5.2
4 16 14.8 0 5.2 14.3 0 1.9 14.9 0 0 16.7 0 5.3
4 16 10 0 3.5 10 0 2.5 12.8 0 5.1 11.5 0 5.5
4 16 9 0 3.5 10 0 3.5 11.5 0 5.5 10.3 0 6.6
4 16 4.5 0 3.5 9 0 3.5 10.3 0 6.6 9.7 0 7.7
4 16 3.5 0 4.5 4.5 0 3.5 9.7 0 7.7 3.5 0 9
3 16 9.7 0 7.7 9.3 0 9 3.5 0 9
4 16 9.2 0 10.2 3.5 0 9 9.3 0 9 10.3 0 9.6
4 16 10.3 0 9.6 9.3 0 9 10.2 0 8.1 11.4 0 8.8
4 16 11.4 0 8.8 10.2 0 8.1 11.1 0 7.3 12.6 0 7.5
4 16 12.6 0 7.5 11.1 0 7.3 12.1 0 6.8 12.9 0 6.9