0 Logo Brembo Text Outerbox
0 Name: logo-brembo-text-box.dat
0 Author: Massimo Maso [Sirio]
0 !LDRAW_ORG Primitive UPDATE 2026-05
0 !LICENSE Licensed under CC BY 4.0 : see CAreadme.txt

0 !HELP Exact dimensions X = 47.8; Z = 10

0 BFC CERTIFY CCW

0 !HISTORY 2026-05-31 [OrionP] Official Update 2026-05


0 // Primitives
1 16 -20.25 0 -1.35 0 0 3.65 0 1 0 3.65 0 0 2-4ndis.dat
1 16 -20.25 0 -1.35 0 0 1.2 0 1 0 1.2 0 0 2-4chrd.dat
1 16 -12.7 0 -.4 -.6 0 0 0 1 0 0 0 .6 1-4chrd.dat
1 16 -7.8 0 -1.35 3.65 0 0 0 1 0 0 0 3.65 1-4ndis.dat
1 16 -7.8 0 -.75 1.2 0 0 0 1 0 0 0 1.2 2-4chrd.dat
1 16 -7.8 0 -1.35 -3.65 0 0 0 1 0 0 0 -3.65 1-4ndis.dat
1 16 -.13 0 -.17 .77 0 0 0 1 0 0 0 .77 2-4chrd.dat
1 16 3.81 0 -.17 .77 0 0 0 1 0 0 0 .77 2-4chrd.dat
1 16 4.38 0 -.3 2.6 0 0 0 1 0 0 0 2.6 1-4ndis.dat
1 16 12.03 0 -1.35 0 0 3.65 0 1 0 3.65 0 0 2-4ndis.dat
1 16 12.03 0 -1.35 0 0 1.2 0 1 0 1.2 0 0 2-4chrd.dat
1 16 20.25 0 -1.35 0 0 3.65 0 1 0 3.65 0 0 3-4ndis.dat
1 16 20.25 0 -1.35 0 0 1.2 0 1 0 1.2 0 0 2-4chrd.dat
0 // Faces
3 16 -21.8 0 5 -21.8 0 1.9466 -21.6469 0 2.0222
3 16 -21.8 0 5 -21.6469 0 2.0222 -21.1946 0 2.1755
3 16 -21.8 0 5 -21.1946 0 2.1755 -20.7263 0 2.2686
3 16 -21.8 0 5 -20.7263 0 2.2686 -20.25 0 2.3
3 16 -21.8 0 5 -20.25 0 2.3 -16.6 0 2.3
4 16 -21.8 0 5 -16.6 0 2.3 -13.8349 0 2.2845 -13.6 0 2.3
3 16 -21.8 0 5 -13.6 0 2.3 -11.9 0 2.3
4 16 -21.8 0 5 -11.9 0 2.3 -8.2763 0 2.2686 -7.8 0 2.3
3 16 -21.8 0 5 -7.8 0 2.3 -4.15 0 2.3
4 16 -21.8 0 5 -4.15 0 2.3 -3.0073 0 2.3 8.38 0 5
3 16 8.38 0 5 -3.0073 0 2.3 -.9 0 2.3
4 16 8.38 0 5 -.9 0 2.3 -.5109 0 2.1929 -.1078 0 2.273
3 16 8.38 0 5 -.1078 0 2.273 .3021 0 2.3
3 16 8.38 0 5 .3021 0 2.3 4.0407 0 2.2776
4 16 8.38 0 5 4.0407 0 2.2776 4.38 0 2.3 8.38 0 3.772
3 16 10.48 0 5 10.48 0 1.9466 10.6331 0 2.0222
3 16 10.48 0 5 10.6331 0 2.0222 11.0854 0 2.1755
3 16 10.48 0 5 11.0854 0 2.1755 11.5537 0 2.2686
3 16 10.48 0 5 11.5537 0 2.2686 12.03 0 2.3
3 16 10.48 0 5 12.03 0 2.3 15.68 0 2.3
4 16 10.48 0 5 15.68 0 2.3 19.3054 0 2.1755 19.7737 0 2.2686
3 16 10.48 0 5 19.7737 0 2.2686 20.25 0 2.3
4 16 10.48 0 5 20.25 0 2.3 23.9 0 2.3 23.9 0 5
4 16 8.38 0 2.572 8.38 0 3.772 4.38 0 2.3 6.98 0 2.3
4 16 8.38 0 2.572 10.9908 0 -1.95 10.9908 0 -.75 8.38 0 3.772
4 16 8.38 0 2.572 6.98 0 2.3 6.98 0 -.3 8.38 0 -4.9
3 16 -16.6 0 2.3 -14.0658 0 2.2386 -13.8349 0 2.2845
3 16 -16.6 0 2.3 -14.2889 0 2.163 -14.0658 0 2.2386
3 16 -16.6 0 2.3 -14.5 0 2.0588 -14.2889 0 2.163
3 16 -16.6 0 2.3 -14.6958 0 1.9281 -14.5 0 2.0588
3 16 -16.6 0 2.3 -14.8728 0 1.7728 -14.6958 0 1.9281
3 16 -16.6 0 2.3 -15.0281 0 1.5958 -14.8728 0 1.7728
3 16 -16.6 0 2.3 -15.3386 0 .9658 -15.0281 0 1.5958
3 16 -16.6 0 2.3 -15.3845 0 .7349 -15.3386 0 .9658
4 16 -16.6 0 2.3 -16.6 0 -1.35 -15.4 0 .5 -15.3845 0 .7349
3 16 -11.9 0 2.3 -8.7446 0 2.1755 -8.2763 0 2.2686
3 16 -11.9 0 2.3 -9.1969 0 2.0222 -8.7446 0 2.1755
3 16 -11.9 0 2.3 -9.625 0 1.8109 -9.1969 0 2.0222
3 16 -11.9 0 2.3 -10.0221 0 1.5459 -9.625 0 1.8109
3 16 -11.9 0 2.3 -10.3467 0 1.261 -10.0221 0 1.5459
3 16 -11.9 0 2.3 -10.7597 0 .7765 -10.3467 0 1.261
3 16 -11.9 0 2.3 -10.9609 0 .475 -10.7597 0 .7765
3 16 -11.9 0 2.3 -11.1722 0 .0469 -10.9609 0 .475
4 16 -11.9 0 2.3 -11.9 0 .2 -11.3255 0 -.4054 -11.1722 0 .0469
3 16 -3.0073 0 2.3 -4.15 0 2.3 -3.3 0 1.6069
4 16 -3.0073 0 2.3 -3.3 0 1.6069 -.9 0 -2.55 -.9 0 -1.35
3 16 -.9 0 2.3 -.9 0 2.0609 -.5109 0 2.1929
3 16 15.68 0 2.3 18.8531 0 2.0222 19.3054 0 2.1755
3 16 15.68 0 2.3 18.425 0 1.8109 18.8531 0 2.0222
3 16 15.68 0 2.3 18.0279 0 1.5459 18.425 0 1.8109
3 16 15.68 0 2.3 17.9332 0 1.4628 18.0279 0 1.5459
3 16 15.68 0 2.3 17.4913 0 1.0283 17.9332 0 1.4628
3 16 15.68 0 2.3 17.3541 0 .8721 17.4913 0 1.0283
3 16 15.68 0 2.3 17.0891 0 .475 17.3541 0 .8721
3 16 15.68 0 2.3 16.8778 0 .0469 17.0891 0 .475
3 16 15.68 0 2.3 16.7245 0 -.4054 16.8778 0 .0469
3 16 15.68 0 2.3 16.6314 0 -.8737 16.7245 0 -.4054
4 16 15.68 0 2.3 15.68 0 -1.35 16.6 0 -1.35 16.6314 0 -.8737
4 16 .712 0 2.273 3.7071 0 2.2113 4.0407 0 2.2776 .3021 0 2.3
4 16 .712 0 2.273 1.1151 0 2.1929 3.385 0 2.1021 3.7071 0 2.2113
4 16 1.5043 0 2.0609 3.08 0 1.9516 3.385 0 2.1021 1.1151 0 2.1929
4 16 1.5043 0 2.0609 1.8728 0 1.8791 2.7971 0 1.7628 3.08 0 1.9516
4 16 2.2145 0 1.651 2.5415 0 1.5385 2.7971 0 1.7628 1.8728 0 1.8791
3 16 2.2145 0 1.651 2.455 0 1.4399 2.5415 0 1.5385
4 16 -13.3 0 -1.35 -11.9 0 .2 -12.7 0 .2 -13.3 0 -.4
4 16 -13.3 0 -1.35 -11.4186 0 -.8737 -11.3255 0 -.4054 -11.9 0 .2
4 16 -13.3 0 -1.35 -13.3 0 -2.55 -11.45 0 -1.35 -11.4186 0 -.8737
4 16 -13.3 0 -1.35 -15.0281 0 1.5958 -15.3386 0 .9658 -13.3 0 -2.55
4 16 -20.25 0 -.15 -20.4066 0 -.1603 -20.4066 0 -2.5397 -20.25 0 -2.55
4 16 -20.5606 0 -.1909 -20.5606 0 -2.5091 -20.4066 0 -2.5397 -20.4066 0 -.1603
4 16 -20.5606 0 -.1909 -20.7092 0 -.2413 -20.7092 0 -2.4587 -20.5606 0 -2.5091
4 16 -20.85 0 -.3108 -20.85 0 -2.3892 -20.7092 0 -2.4587 -20.7092 0 -.2413
4 16 -20.85 0 -.3108 -20.9806 0 -.3979 -20.9806 0 -2.3021 -20.85 0 -2.3892
4 16 -21.0985 0 -.5015 -21.0985 0 -2.1985 -20.9806 0 -2.3021 -20.9806 0 -.3979
4 16 -21.0985 0 -.5015 -21.2021 0 -.6194 -21.2021 0 -2.0806 -21.0985 0 -2.1985
4 16 -21.2892 0 -.75 -21.2892 0 -1.95 -21.2021 0 -2.0806 -21.2021 0 -.6194
4 16 -21.2892 0 -.75 -23.9 0 3.772 -23.9 0 2.572 -21.2892 0 -1.95
4 16 11.8734 0 -.1603 11.8734 0 -2.5397 12.03 0 -2.55 12.03 0 -.15
4 16 11.8734 0 -.1603 11.7194 0 -.1909 11.7194 0 -2.5091 11.8734 0 -2.5397
4 16 11.5708 0 -.2413 11.5708 0 -2.4587 11.7194 0 -2.5091 11.7194 0 -.1909
4 16 11.5708 0 -.2413 11.43 0 -.3108 11.43 0 -2.3892 11.5708 0 -2.4587
4 16 11.2994 0 -.3979 11.2994 0 -2.3021 11.43 0 -2.3892 11.43 0 -.3108
4 16 11.2994 0 -.3979 11.1815 0 -.5015 11.1815 0 -2.1985 11.2994 0 -2.3021
4 16 11.0779 0 -.6194 11.0779 0 -2.0806 11.1815 0 -2.1985 11.1815 0 -.5015
4 16 11.0779 0 -.6194 10.9908 0 -.75 10.9908 0 -1.95 11.0779 0 -2.0806
4 16 20.25 0 -.15 20.0934 0 -.1603 20.0934 0 -2.5397 20.25 0 -2.55
4 16 19.9394 0 -.1909 19.9394 0 -2.5091 20.0934 0 -2.5397 20.0934 0 -.1603
4 16 19.9394 0 -.1909 19.7908 0 -.2413 19.7908 0 -2.4587 19.9394 0 -2.5091
4 16 19.65 0 -.3108 19.65 0 -2.3892 19.7908 0 -2.4587 19.7908 0 -.2413
4 16 19.65 0 -.3108 19.5194 0 -.3979 19.5194 0 -2.3021 19.65 0 -2.3892
4 16 19.4015 0 -.5015 19.4015 0 -2.1985 19.5194 0 -2.3021 19.5194 0 -.3979
4 16 19.4015 0 -.5015 19.2979 0 -.6194 19.2979 0 -2.0806 19.4015 0 -2.1985
4 16 19.2108 0 -.75 19.2108 0 -1.95 19.2979 0 -2.0806 19.2979 0 -.6194
4 16 19.2108 0 -.75 17.9332 0 1.4628 17.4913 0 1.0283 19.2108 0 -1.95
4 16 -8.6 0 -1.6 -6.6099 0 -2.1 -4.2358 0 -2.1 -4.1665 0 -1.6
4 16 -8.6 0 -1.6 -6.6913 0 -2.4092 -6.6409 0 -2.2606 -6.6099 0 -2.1
4 16 -8.6 0 -1.6 -6.8479 0 -2.6806 -6.7608 0 -2.55 -6.6913 0 -2.4092
4 16 -8.6 0 -1.6 -7.0694 0 -2.9021 -6.9515 0 -2.7985 -6.8479 0 -2.6806
4 16 -8.6 0 -1.6 -7.3408 0 -3.0587 -7.2 0 -2.9892 -7.0694 0 -2.9021
4 16 -8.6 0 -1.6 -7.6434 0 -3.1397 -7.4894 0 -3.1091 -7.3408 0 -3.0587
4 16 -8.6 0 -1.6 -7.9566 0 -3.1397 -7.8 0 -3.15 -7.6434 0 -3.1397
4 16 -8.6 0 -1.6 -8.2592 0 -3.0587 -8.1106 0 -3.1091 -7.9566 0 -3.1397
4 16 -8.6 0 -1.7644 -8.4 0 -2.9892 -8.2592 0 -3.0587 -8.6 0 -1.6
4 16 -8.6 0 -1.7644 -8.6485 0 -2.7985 -8.5306 0 -2.9021 -8.4 0 -2.9892
4 16 -8.6 0 -1.7644 -8.8392 0 -2.55 -8.7521 0 -2.6806 -8.6485 0 -2.7985
4 16 -8.6 0 -1.7644 -10.3467 0 1.261 -10.7597 0 .7765 -8.8392 0 -2.55
3 16 -21.8 0 -4.9 -21.6469 0 -4.7222 -21.8 0 -4.6466
3 16 -21.8 0 -4.9 -21.1946 0 -4.8755 -21.6469 0 -4.7222
3 16 -21.8 0 -4.9 -20.7263 0 -4.9686 -21.1946 0 -4.8755
4 16 -3.3 0 -4.9 -3.3 0 1.6069 -4.15 0 2.3 -4.15 0 -1.35
3 16 -3.3 0 -4.9 -4.15 0 -1.35 -4.1665 0 -1.6
3 16 -3.3 0 -4.9 -4.1665 0 -1.6 -4.2358 0 -2.1
3 16 -3.3 0 -4.9 -4.2358 0 -2.1 -4.2745 0 -2.2946
3 16 -3.3 0 -4.9 -4.2745 0 -2.2946 -4.4278 0 -2.7469
3 16 -3.3 0 -4.9 -4.4278 0 -2.7469 -4.6391 0 -3.175
3 16 -3.3 0 -4.9 -4.6391 0 -3.175 -4.9041 0 -3.5721
3 16 -3.3 0 -4.9 -4.9041 0 -3.5721 -5.2191 0 -3.9309
3 16 -3.3 0 -4.9 -5.2191 0 -3.9309 -5.5779 0 -4.2459
3 16 -3.3 0 -4.9 -5.5779 0 -4.2459 -5.975 0 -4.5109
3 16 -3.3 0 -4.9 -5.975 0 -4.5109 -6.4031 0 -4.7222
3 16 -3.3 0 -4.9 -6.4031 0 -4.7222 -6.8554 0 -4.8755
3 16 -3.3 0 -4.9 -6.8554 0 -4.8755 -7.3237 0 -4.9686
4 16 .64 0 -4.9 .64 0 -.17 -.9 0 -.17 -.9 0 -1.35
3 16 .64 0 -4.9 -.9 0 -1.35 -.9 0 -2.55
3 16 .64 0 -4.9 -.9 0 -2.55 -.9 0 -4.9
4 16 3.04 0 -4.9 4.58 0 -4.9 4.58 0 -.17 3.04 0 -.17
3 16 6.98 0 -4.9 8.38 0 -4.9 6.98 0 -.3
3 16 10.48 0 -4.9 10.6331 0 -4.7222 10.48 0 -4.6466
3 16 10.48 0 -4.9 11.0854 0 -4.8755 10.6331 0 -4.7222
3 16 10.48 0 -4.9 11.5537 0 -4.9686 11.0854 0 -4.8755
4 16 -23.9 0 -5 -20.7263 0 -4.9686 -21.8 0 -4.9 -23.9 0 -4.9
3 16 -23.9 0 -5 -20.25 0 -5 -20.7263 0 -4.9686
4 16 -16.6 0 -5 -15.4 0 -4.9 -15.4 0 .5 -16.6 0 -1.35
4 16 -16.6 0 -5 -11.45 0 -5 -13.3 0 -4.9 -15.4 0 -4.9
4 16 -11.45 0 -5 -11.45 0 -1.35 -13.3 0 -2.55 -13.3 0 -4.9
4 16 -7.8 0 -5 -.9 0 -4.9 -3.3 0 -4.9 -7.3237 0 -4.9686
3 16 -7.8 0 -5 .64 0 -4.9 -.9 0 -4.9
3 16 -7.8 0 -5 3.04 0 -4.9 .64 0 -4.9
3 16 -7.8 0 -5 4.58 0 -4.9 3.04 0 -4.9
3 16 -7.8 0 -5 6.98 0 -4.9 4.58 0 -4.9
3 16 -7.8 0 -5 8.38 0 -4.9 6.98 0 -4.9
4 16 -7.8 0 -5 11.5537 0 -4.9686 10.48 0 -4.9 8.38 0 -4.9
3 16 -7.8 0 -5 12.03 0 -5 11.5537 0 -4.9686
4 16 15.68 0 -5 16.6 0 -5 16.6 0 -1.35 15.68 0 -1.35
