0 Logo XCDS Outerbox
0 Name: logo-xcds-text-box.dat
0 Author: Massimo Maso [Sirio]
0 !LDRAW_ORG Primitive UPDATE 2026-05
0 !LICENSE Licensed under CC BY 4.0 : see CAreadme.txt

0 !HELP Exact dimensions X = 45; Z = 10

0 BFC CERTIFY CCW

0 !HISTORY 2026-05-31 [OrionP] Official Update 2026-05

0 // Primitives
1 16 -17.5 0 0 5 0 0 0 1 0 0 0 5 4-4ndis.dat
1 16 2.7 0 0 0 0 -4.7 0 1 0 4.7 0 0 2-4ndis.dat
1 16 2.7 0 0 0 0 -3.6 0 1 0 3.6 0 0 2-4chrd.dat
1 16 10.1 0 0 0 0 3.4 0 1 0 3.4 0 0 2-4chrd.dat
1 16 10.1 0 0 0 0 4.5 0 1 0 4.5 0 0 2-4ndis.dat
0 // Faces
3 16 -14.4 0 2.5 -18.125 0 .775 -16.875 0 -.775
4 16 -12.5 0 0 -7.29 0 0 -10.7 0 4.5 -12.5 0 5
3 16 -12.5 0 5 -10.7 0 4.5 -9.45 0 4.5
3 16 -12.5 0 5 -9.45 0 4.5 -3.8801 0 4.5
4 16 -12.5 0 5 -3.8801 0 4.5 -2.5 0 4.5 -2 0 4.7
3 16 -12.5 0 5 -2 0 4.7 2.7 0 4.7
4 16 -12.5 0 5 2.7 0 4.7 14.6 0 4.5 17.7046 0 4.4763
3 16 -12.5 0 5 17.7046 0 4.4763 18.4028 0 4.6302
3 16 -12.5 0 5 18.4028 0 4.6302 19.1145 0 4.697
3 16 -12.5 0 5 19.1145 0 4.697 22.5 0 5
3 16 22.5 0 5 19.1145 0 4.697 19.8291 0 4.6758
3 16 22.5 0 5 19.8291 0 4.6758 20.5357 0 4.5669
3 16 22.5 0 5 20.5357 0 4.5669 22.1 0 4.2258
3 16 22.5 0 5 22.1 0 4.2258 22.1 0 3.1
4 16 22.5 0 5 22.1 0 3.1 22.3638 0 -1.3365 22.5 0 -2.1
4 16 3.8556 0 4.6433 10.1 0 4.5 14.6 0 4.5 2.7 0 4.7
3 16 3.8556 0 4.6433 6.8 0 4.5 10.1 0 4.5
3 16 3.8556 0 4.6433 5 0 4.4738 6.8 0 4.5
3 16 14.6 0 4.5 17.0307 0 4.2377 17.7046 0 4.4763
3 16 14.6 0 4.5 16.4073 0 3.8478 17.0307 0 4.2377
3 16 14.6 0 4.5 15.935 0 3.2842 16.4073 0 3.8478
3 16 14.6 0 4.5 15.6599 0 2.6022 15.935 0 3.2842
3 16 14.6 0 4.5 15.6091 0 1.8687 15.6599 0 2.6022
4 16 14.6 0 4.5 14.6 0 0 15.7875 0 1.1553 15.6091 0 1.8687
4 16 2.7 0 3.6 2.7 0 -3.6 3.8568 0 -3.5373 3.8568 0 3.5373
4 16 19.1497 0 3.5976 20.6768 0 .1652 21.3988 0 -.1343 19.7288 0 3.5804
4 16 19.1497 0 3.5976 18.5729 0 3.5434 17.6698 0 .8568 20.6768 0 .1652
4 16 20.3014 0 3.4921 21.9827 0 -.654 22.3638 0 -1.3365 22.1 0 3.1
4 16 20.3014 0 3.4921 19.7288 0 3.5804 21.3988 0 -.1343 21.9827 0 -.654
4 16 18.0071 0 3.4187 17.1985 0 1.0761 17.6698 0 .8568 18.5729 0 3.5434
4 16 18.0071 0 3.4187 17.461 0 3.2254 16.8571 0 1.4682 17.1985 0 1.0761
4 16 7.9 0 3.4 7.9 0 -3.4 10.1 0 -3.4 10.1 0 3.4
3 16 5 0 3.35 6.8 0 4.5 5 0 4.4738
4 16 5 0 3.35 5 0 -3.35 6.8 0 -4.5 6.8 0 4.5
4 16 5 0 3.35 3.8568 0 3.5373 3.8568 0 -3.5373 5 0 -3.35
4 16 17.0354 0 2.927 16.7048 0 1.9652 16.8571 0 1.4682 17.461 0 3.2254
3 16 17.0354 0 2.927 16.7679 0 2.4813 16.7048 0 1.9652
3 16 -6.6 0 .9106 -3.8801 0 4.5 -9.45 0 4.5
4 16 -5.91 0 0 -2 0 0 -2 0 4.7 -2.5 0 4.5
4 16 -5.91 0 0 -2.5 0 -4.5 -2 0 -4.7 -2 0 0
3 16 -6.6 0 -.9106 -9.45 0 -4.5 -3.8801 0 -4.5
3 16 20.9434 0 -3.0909 21.2822 0 -2.6547 20.4496 0 -3.3386
4 16 15.6 0 -3.2 14.6 0 0 14.6 0 -4.5 15.6 0 -4.3344
4 16 15.6 0 -3.2 16.1776 0 .532 15.7875 0 1.1553 14.6 0 0
4 16 15.6 0 -3.2 16.109 0 -3.3282 16.7413 0 .0597 16.1776 0 .532
4 16 16.8241 0 -3.4777 17.4232 0 -.2152 16.7413 0 .0597 16.109 0 -3.3282
4 16 16.8241 0 -3.4777 17.5489 0 -3.5685 20.4302 0 -.9068 17.4232 0 -.2152
4 16 19.7339 0 -3.4846 21.4 0 -2.115 21.2736 0 -1.5773 19.0086 0 -3.572
4 16 19.7339 0 -3.4846 20.4496 0 -3.3386 21.2822 0 -2.6547 21.4 0 -2.115
4 16 18.2787 0 -3.6 20.9279 0 -1.1465 20.4302 0 -.9068 17.5489 0 -3.5685
4 16 18.2787 0 -3.6 19.0086 0 -3.572 21.2736 0 -1.5773 20.9279 0 -1.1465
3 16 6.8 0 -4.5 5 0 -3.35 5 0 -4.4738
3 16 6.8 0 -4.5 5 0 -4.4738 3.8556 0 -4.6433
3 16 6.8 0 -4.5 3.8556 0 -4.6433 10.1 0 -4.5
3 16 14.6 0 -4.5 15.8403 0 -4.3949 15.6 0 -4.3344
3 16 14.6 0 -4.5 16.643 0 -4.5627 15.8403 0 -4.3949
4 16 14.6 0 -4.5 2.7 0 -4.7 -12.5 0 -5 16.643 0 -4.5627
4 16 14.6 0 -4.5 10.1 0 -4.5 3.8556 0 -4.6433 2.7 0 -4.7
4 16 -12.5 0 -5 -10.7 0 -4.5 -7.29 0 0 -12.5 0 0
3 16 -12.5 0 -5 -9.45 0 -4.5 -10.7 0 -4.5
3 16 -12.5 0 -5 -3.8801 0 -4.5 -9.45 0 -4.5
4 16 -12.5 0 -5 -2 0 -4.7 -2.5 0 -4.5 -3.8801 0 -4.5
3 16 -12.5 0 -5 2.7 0 -4.7 -2 0 -4.7
3 16 -12.5 0 -5 17.4568 0 -4.6646 16.643 0 -4.5627
3 16 -12.5 0 -5 18.2761 0 -4.7 17.4568 0 -4.6646
3 16 -12.5 0 -5 22.5 0 -5 18.2761 0 -4.7
3 16 22.5 0 -5 22.5 0 -2.1 22.3761 0 -2.878
3 16 22.5 0 -5 22.3761 0 -2.878 22.0059 0 -3.5665
3 16 22.5 0 -5 22.0059 0 -3.5665 21.4305 0 -4.0955
3 16 22.5 0 -5 21.4305 0 -4.0955 20.7133 0 -4.4065
3 16 22.5 0 -5 20.7133 0 -4.4065 19.9098 0 -4.5705
3 16 22.5 0 -5 19.9098 0 -4.5705 19.0955 0 -4.6685
3 16 22.5 0 -5 19.0955 0 -4.6685 18.2761 0 -4.7