0 ~Technic Gear Stepper with  9 Teeth Outer Part Tooth
0 Name: s\116165s06.dat
0 Author: Jens Brühl [jb70]
0 !LDRAW_ORG Subpart UPDATE 2026-07
0 !LICENSE Licensed under CC BY 4.0 : see CAreadme.txt

0 BFC CERTIFY CCW

0 !HISTORY 2026-07-02 {LEGO Instructions App} Original part shape
0 !HISTORY 2026-07-06 [jb70] File preparation for LDraw Parts Tracker
0 !HISTORY 2026-07-30 [OrionP] Official Update 2026-07

1 16 0 -22.33 -9.25 2.26 0 0 0 0 -2.21 0 18.5 0 2-4cylo.dat
1 16 0 -22.33 -9.25 2.26 0 0 0 0 -2.21 0 1 0 2-4chrd.dat
1 16 0 -22.33 9.25 2.26 0 0 0 0 -2.21 0 -1 0 2-4chrd.dat

4 16 2.26 -20.86 9.25 2.26 -22.33 9.25 2.26 -22.33 -9.25 2.26 -20.86 -9.25
4 16 2.26 -20.86 -9.25 2.7 -19.48 -9.25 2.7 -19.48 9.25 2.26 -20.86 9.25
4 16 4.11 -18.55 9.25 2.7 -19.48 9.25 2.7 -19.48 -9.25 4.11 -18.55 -9.25
4 16 4.11 -18.55 -9.25 6.49723 -17.85101 -9.25 6.49723 -17.85101 9.25 4.11 -18.55 9.25

4 16 -2.26 -22.33 -9.25 -2.26 -22.33 9.25 -2.26 -20.86 9.25 -2.26 -20.86 -9.25
4 16 -2.7 -19.48 9.25 -2.7 -19.48 -9.25 -2.26 -20.86 -9.25 -2.26 -20.86 9.25
4 16 -2.7 -19.48 -9.25 -2.7 -19.48 9.25 -4.11 -18.55 9.25 -4.11 -18.55 -9.25
4 16 -6.49723 -17.85101 9.25 -6.49723 -17.85101 -9.25 -4.11 -18.55 -9.25 -4.11 -18.55 9.25

4 16 2.26 -22.33 -9.25 -2.26 -22.33 -9.25 -2.26 -20.86 -9.25 2.26 -20.86 -9.25
4 16 2.26 -20.86 -9.25 -2.26 -20.86 -9.25 -2.7 -19.48 -9.25 2.7 -19.48 -9.25
4 16 2.7 -19.48 -9.25 -2.7 -19.48 -9.25 -4.11 -18.55 -9.25 4.11 -18.55 -9.25
4 16 4.11 -18.55 -9.25 -4.11 -18.55 -9.25 -6.49723 -17.85101 -9.25 6.49723 -17.85101 -9.25

4 16 -2.26 -20.86 9.25 -2.26 -22.33 9.25 2.26 -22.33 9.25 2.26 -20.86 9.25
4 16 -2.7 -19.48 9.25 -2.26 -20.86 9.25 2.26 -20.86 9.25 2.7 -19.48 9.25
4 16 -4.11 -18.55 9.25 -2.7 -19.48 9.25 2.7 -19.48 9.25 4.11 -18.55 9.25
4 16 -6.49723 -17.85101 9.25 -4.11 -18.55 9.25 4.11 -18.55 9.25 6.49723 -17.85101 9.25

2 24 -2.26 -22.33 9.25 -2.26 -20.86 9.25
5 24 4.11 -18.55 9.25 4.11 -18.55 -9.25 2.7 -19.48 9.25 6.49723 -17.85101 -9.25
2 24 6.49723 -17.85101 -9.25 4.11 -18.55 -9.25
5 24 -2.26 -20.86 9.25 -2.26 -20.86 -9.25 -2.26 -22.33 -9.25 -2.7 -19.48 9.25
2 24 -2.26 -20.86 -9.25 -2.26 -22.33 -9.25
5 24 -2.7 -19.48 -9.25 -2.7 -19.48 9.25 -2.26 -20.86 -9.25 -4.11 -18.55 9.25
2 24 2.26 -20.86 9.25 2.7 -19.48 9.25
2 24 -2.7 -19.48 9.25 -4.11 -18.55 9.25
5 24 -4.11 -18.55 9.25 -4.11 -18.55 -9.25 -2.7 -19.48 -9.25 -6.49723 -17.85101 9.25
2 24 2.26 -20.86 -9.25 2.26 -22.33 -9.25
2 24 -4.11 -18.55 -9.25 -2.7 -19.48 -9.25
2 24 4.11 -18.55 9.25 6.49723 -17.85101 9.25
2 24 -6.49723 -17.85101 -9.25 -4.11 -18.55 -9.25
2 24 -2.7 -19.48 -9.25 -2.26 -20.86 -9.25
2 24 2.26 -22.33 9.25 2.26 -20.86 9.25
5 24 2.7 -19.48 -9.25 2.7 -19.48 9.25 2.26 -20.86 9.25 4.11 -18.55 -9.25
2 24 -4.11 -18.55 9.25 -6.49723 -17.85101 9.25
2 24 4.11 -18.55 -9.25 2.7 -19.48 -9.25
5 24 2.26 -20.86 9.25 2.26 -20.86 -9.25 2.7 -19.48 -9.25 2.26 -22.33 9.25
2 24 2.7 -19.48 -9.25 2.26 -20.86 -9.25
2 24 -2.26 -20.86 9.25 -2.7 -19.48 9.25
2 24 2.7 -19.48 9.25 4.11 -18.55 9.25