0 ~Minifig Head Ninja Turtle - Patternable Area Eyes with Michelangelo Blue Eyes Happy Pattern
0 Name: s\12607p03s04.dat
0 Author: Chris Böhnke [KnightOfTarenta]
0 !LDRAW_ORG Subpart UPDATE 2026-03
0 !LICENSE Licensed under CC BY 4.0 : see CAreadme.txt

0 BFC CERTIFY CCW

0 !HISTORY 2026-03-31 [OrionP] Official Update 2026-03

0 // Colour 0 Black
4 0 3.99 -19.651 -14.753 3.866 -19.309 -14.997 4.671 -19.459 -14.802 4.917 -19.801 -14.543
4 0 4.598 -20.594 -14.049 3.99 -19.651 -14.753 4.917 -19.801 -14.543 5.11 -20.003 -14.385
3 0 4.839 -20.784 -13.893 4.598 -20.594 -14.049 5.11 -20.003 -14.385
4 0 4.839 -20.784 -13.893 5.11 -20.003 -14.385 5.353 -20.254 -14.005 5.184 -21.055 -13.427
4 0 5.184 -21.055 -13.427 5.353 -20.254 -14.005 5.862 -20.613 -13.353 5.89 -21.27 -12.767
4 0 5.89 -21.27 -12.767 5.862 -20.613 -13.353 6.447 -20.804 -12.795 6.6 -21.39 -12.186
4 0 6.6 -21.39 -12.186 6.447 -20.804 -12.795 6.756 -20.809 -12.583 7.282 -21.278 -11.825
4 0 7.282 -21.278 -11.825 6.756 -20.809 -12.583 6.988 -20.739 -12.487 7.576 -21.138 -11.748
4 0 7.576 -21.138 -11.748 6.988 -20.739 -12.487 7.353 -20.63 -12.234 7.903 -20.982 -11.555
4 0 7.903 -20.982 -11.555 7.353 -20.63 -12.234 7.873 -20.268 -11.994 8.405 -20.511 -11.393
4 0 8.405 -20.511 -11.393 7.873 -20.268 -11.994 8.3 -19.825 -11.881 8.805 -19.954 -11.369
4 0 8.805 -19.954 -11.369 8.3 -19.825 -11.881 8.663 -19.342 -11.846 9.134 -19.342 -11.438
4 0 9.134 -19.342 -11.438 8.663 -19.342 -11.846 8.967 -18.838 -11.875 9.37 -18.758 -11.572
4 0 9.37 -18.758 -11.572 8.967 -18.838 -11.875 9.151 -18.533 -11.788 9.515 -18.4 -11.526
4 0 9.515 -18.4 -11.526 9.151 -18.533 -11.788 9.416 -18 -11.68 9.626 -18.037 -11.507
4 0 9.626 -18.037 -11.507 9.416 -18 -11.68 9.57 -17.691 -11.73 9.798 -17.403 -11.714
4 0 4.444 -19.142 -14.899 4.671 -19.459 -14.802 3.866 -19.309 -14.997 3.657 -18.732 -15.13
3 0 4.065 -18.51 -15.059 4.444 -19.142 -14.899 3.657 -18.732 -15.13
4 0 3.657 -18.732 -15.13 3.392 -17.527 -15.329 3.524 -17.385 -15.314 4.065 -18.51 -15.059
3 0 3.392 -17.527 -15.329 3.399 -17.132 -15.372 3.524 -17.385 -15.314
4 0 5.946 -19.669 -14.008 5.769 -19.469 -14.277 7.247 -19.177 -13.166 7.068 -19.489 -13.141
4 0 6.31 -19.79 -13.623 5.946 -19.669 -14.008 7.068 -19.489 -13.141 6.723 -19.75 -13.289
4 0 7.45 -18.68 -13.101 7.247 -19.177 -13.166 5.769 -19.469 -14.277 5.574 -18.98 -14.524
4 0 7.398 -18.262 -13.221 7.45 -18.68 -13.101 5.574 -18.98 -14.524 5.53 -18.59 -14.632
4 0 7.212 -17.882 -13.44 7.398 -18.262 -13.221 5.53 -18.59 -14.632 5.652 -18.154 -14.619
4 0 6.978 -17.575 -13.684 7.212 -17.882 -13.44 5.652 -18.154 -14.619 5.852 -17.769 -14.534
3 0 6.978 -17.575 -13.684 6.258 -17.449 -14.275 6.57 -17.39 -14.078
3 0 5.852 -17.769 -14.534 6.258 -17.449 -14.275 6.978 -17.575 -13.684

0 // Colour 15 White
4 15 5.261 -19.569 -14.658 5.11 -20.003 -14.385 4.917 -19.801 -14.543 4.671 -19.459 -14.802
3 15 5.261 -19.569 -14.658 4.671 -19.459 -14.802 4.444 -19.142 -14.899
4 15 5.048 -18.941 -14.779 5.261 -19.569 -14.658 4.444 -19.142 -14.899 4.065 -18.51 -15.059
4 15 4.96 -18.26 -14.878 5.048 -18.941 -14.779 4.065 -18.51 -15.059 3.524 -17.385 -15.314
4 15 4.96 -18.26 -14.878 3.524 -17.385 -15.314 3.875 -17.175 -15.256 5.068 -17.724 -14.913
3 15 5.068 -17.724 -14.913 3.875 -17.175 -15.256 5.326 -17.307 -14.9
4 15 5.326 -17.307 -14.9 3.875 -17.175 -15.256 4.288 -16.929 -15.263 5.446 -17.114 -14.949
4 15 5.446 -17.114 -14.949 4.288 -16.929 -15.263 5.434 -16.396 -15.225 5.673 -16.951 -14.963
3 15 5.673 -16.951 -14.963 5.434 -16.396 -15.225 5.851 -16.296 -15.176
4 15 5.955 -16.75 -14.862 5.673 -16.951 -14.963 5.851 -16.296 -15.176 6.257 -16.198 -14.93
4 15 6.56 -16.58 -14.509 5.955 -16.75 -14.862 6.257 -16.198 -14.93 7.101 -16.18 -14.323
4 15 7.158 -16.785 -13.965 6.56 -16.58 -14.509 7.101 -16.18 -14.323 7.927 -16.379 -13.615
4 15 7.663 -17.282 -13.336 7.158 -16.785 -13.965 7.927 -16.379 -13.615 8.984 -17.043 -12.496
4 15 7.85 -17.727 -12.967 7.663 -17.282 -13.336 8.984 -17.043 -12.496 9.57 -17.691 -11.73
3 15 9.416 -18 -11.68 7.85 -17.727 -12.967 9.57 -17.691 -11.73
4 15 7.918 -17.89 -12.882 7.85 -17.727 -12.967 9.416 -18 -11.68 9.151 -18.533 -11.788
4 15 7.98 -18.55 -12.708 7.918 -17.89 -12.882 9.151 -18.533 -11.788 8.967 -18.838 -11.875
3 15 7.836 -19.061 -12.724 7.98 -18.55 -12.708 8.967 -18.838 -11.875
4 15 7.836 -19.061 -12.724 8.967 -18.838 -11.875 8.663 -19.342 -11.846 7.797 -19.2 -12.678
4 15 7.797 -19.2 -12.678 8.663 -19.342 -11.846 8.3 -19.825 -11.881 7.494 -19.781 -12.603
4 15 7.494 -19.781 -12.603 8.3 -19.825 -11.881 7.873 -20.268 -11.994 6.998 -20.208 -12.785
4 15 6.998 -20.208 -12.785 7.873 -20.268 -11.994 7.353 -20.63 -12.234 6.411 -20.348 -13.213
3 15 6.988 -20.739 -12.487 6.411 -20.348 -13.213 7.353 -20.63 -12.234
4 15 6.411 -20.348 -13.213 6.988 -20.739 -12.487 6.756 -20.809 -12.583 6.447 -20.804 -12.795
4 15 6.411 -20.348 -13.213 6.447 -20.804 -12.795 5.862 -20.613 -13.353 5.752 -20.168 -13.811
4 15 5.752 -20.168 -13.811 5.862 -20.613 -13.353 5.353 -20.254 -14.005 5.11 -20.003 -14.385
3 15 5.752 -20.168 -13.811 5.11 -20.003 -14.385 5.261 -19.569 -14.658

0 // Colour 16 Main Colour
3 16 4.326 -22.262 -12.961 4.598 -20.594 -14.049 4.839 -20.784 -13.893
4 16 3.99 -19.651 -14.753 4.598 -20.594 -14.049 4.326 -22.262 -12.961 0 -18.588 -15.938
3 16 4.326 -22.262 -12.961 0 -20.745 -14.609 0 -18.588 -15.938
3 16 3.99 -19.651 -14.753 0 -18.588 -15.938 3.866 -19.309 -14.997
4 16 3.657 -18.732 -15.13 3.866 -19.309 -14.997 0 -18.588 -15.938 0 -16.824 -16.206
3 16 3.657 -18.732 -15.13 0 -16.824 -16.206 3.392 -17.527 -15.329
3 16 3.392 -17.527 -15.329 0 -16.824 -16.206 3.399 -17.132 -15.372
3 16 3.524 -17.385 -15.314 3.399 -17.132 -15.372 3.875 -17.175 -15.256
4 16 5.434 -16.396 -15.225 4.288 -16.929 -15.263 0 -16.824 -16.206 6.129 -15.269 -15.509
3 16 5.434 -16.396 -15.225 6.129 -15.269 -15.509 5.851 -16.296 -15.176
3 16 5.851 -16.296 -15.176 6.129 -15.269 -15.509 6.257 -16.198 -14.93
3 16 0 -16.824 -16.206 0 -15.414 -17.268 6.129 -15.269 -15.509
3 16 6.257 -16.198 -14.93 6.129 -15.269 -15.509 7.101 -16.18 -14.323
3 16 9.57 -17.691 -11.73 8.984 -17.043 -12.496 9.798 -17.403 -11.714
3 16 7.927 -16.379 -13.615 7.101 -16.18 -14.323 6.129 -15.269 -15.509
3 16 9.515 -18.4 -11.526 9.626 -18.037 -11.507 11.43 -18.352 -10.025
3 16 9.37 -18.758 -11.572 9.515 -18.4 -11.526 11.43 -18.352 -10.025
3 16 9.134 -19.342 -11.438 9.37 -18.758 -11.572 11.43 -18.352 -10.025
3 16 9.735 -22.601 -9.034 7.576 -21.138 -11.748 7.903 -20.982 -11.555
3 16 9.735 -22.601 -9.034 7.903 -20.982 -11.555 8.405 -20.511 -11.393
4 16 9.735 -22.601 -9.034 8.405 -20.511 -11.393 8.805 -19.954 -11.369 11.43 -18.352 -10.025
3 16 8.805 -19.954 -11.369 9.134 -19.342 -11.438 11.43 -18.352 -10.025
4 16 9.735 -22.601 -9.034 11.43 -18.352 -10.025 14.523 -18.93 -2.65 12.908 -22.551 -2.241
3 16 14.523 -18.93 -2.65 11.43 -18.352 -10.025 12.575 -14.964 -10.451
3 16 14.523 -18.93 -2.65 12.575 -14.964 -10.451 15.756 -15.165 -3.004
4 16 9.735 -22.601 -9.034 4.326 -22.262 -12.961 6.6 -21.39 -12.186 7.282 -21.278 -11.825
3 16 9.735 -22.601 -9.034 7.282 -21.278 -11.825 7.576 -21.138 -11.748
3 16 4.326 -22.262 -12.961 4.839 -20.784 -13.893 5.184 -21.055 -13.427
3 16 4.326 -22.262 -12.961 5.184 -21.055 -13.427 5.89 -21.27 -12.767
3 16 4.326 -22.262 -12.961 5.89 -21.27 -12.767 6.6 -21.39 -12.186
3 16 9.798 -17.403 -11.714 7.927 -16.379 -13.615 6.129 -15.269 -15.509
3 16 9.798 -17.403 -11.714 8.984 -17.043 -12.496 7.927 -16.379 -13.615
3 16 11.43 -18.352 -10.025 9.626 -18.037 -11.507 9.798 -17.403 -11.714
3 16 11.43 -18.352 -10.025 9.798 -17.403 -11.714 12.575 -14.964 -10.451
3 16 9.798 -17.403 -11.714 6.129 -15.269 -15.509 12.575 -14.964 -10.451
3 16 3.875 -17.175 -15.256 3.399 -17.132 -15.372 4.288 -16.929 -15.263
3 16 4.288 -16.929 -15.263 3.399 -17.132 -15.372 0 -16.824 -16.206

0 // Colour 73 Medium Blue
3 73 6.411 -20.348 -13.213 5.752 -20.168 -13.811 5.261 -19.569 -14.658
4 73 5.946 -19.669 -14.008 6.411 -20.348 -13.213 5.261 -19.569 -14.658 5.769 -19.469 -14.277
3 73 6.411 -20.348 -13.213 5.946 -19.669 -14.008 6.31 -19.79 -13.623
4 73 6.411 -20.348 -13.213 6.31 -19.79 -13.623 6.723 -19.75 -13.289 6.998 -20.208 -12.785
4 73 6.998 -20.208 -12.785 6.723 -19.75 -13.289 7.068 -19.489 -13.141 7.494 -19.781 -12.603
4 73 7.494 -19.781 -12.603 7.068 -19.489 -13.141 7.247 -19.177 -13.166 7.797 -19.2 -12.678
3 73 7.797 -19.2 -12.678 7.247 -19.177 -13.166 7.836 -19.061 -12.724
4 73 7.836 -19.061 -12.724 7.247 -19.177 -13.166 7.45 -18.68 -13.101 7.98 -18.55 -12.708
4 73 7.98 -18.55 -12.708 7.45 -18.68 -13.101 7.398 -18.262 -13.221 7.918 -17.89 -12.882
4 73 7.918 -17.89 -12.882 7.398 -18.262 -13.221 7.212 -17.882 -13.44 7.85 -17.727 -12.967
3 73 7.212 -17.882 -13.44 6.978 -17.575 -13.684 7.85 -17.727 -12.967
4 73 7.663 -17.282 -13.336 7.85 -17.727 -12.967 6.978 -17.575 -13.684 7.158 -16.785 -13.965
4 73 7.158 -16.785 -13.965 6.978 -17.575 -13.684 6.57 -17.39 -14.078 6.56 -16.58 -14.509
4 73 5.955 -16.75 -14.862 6.56 -16.58 -14.509 6.57 -17.39 -14.078 5.673 -16.951 -14.963
4 73 5.673 -16.951 -14.963 6.57 -17.39 -14.078 6.258 -17.449 -14.275 5.571 -17.329 -14.84
4 73 5.446 -17.114 -14.949 5.673 -16.951 -14.963 5.571 -17.329 -14.84 5.326 -17.307 -14.9
3 73 5.652 -18.154 -14.619 5.571 -17.329 -14.84 5.852 -17.769 -14.534
3 73 5.261 -19.569 -14.658 5.53 -18.59 -14.632 5.574 -18.98 -14.524
4 73 5.068 -17.724 -14.913 5.326 -17.307 -14.9 5.261 -19.569 -14.658 4.96 -18.26 -14.878
3 73 5.261 -19.569 -14.658 5.048 -18.941 -14.779 4.96 -18.26 -14.878
3 73 5.261 -19.569 -14.658 5.574 -18.98 -14.524 5.769 -19.469 -14.277
3 73 5.261 -19.569 -14.658 5.571 -17.329 -14.84 5.53 -18.59 -14.632
3 73 5.53 -18.59 -14.632 5.571 -17.329 -14.84 5.652 -18.154 -14.619
3 73 5.261 -19.569 -14.658 5.326 -17.307 -14.9 5.571 -17.329 -14.84
3 73 5.852 -17.769 -14.534 5.571 -17.329 -14.84 6.258 -17.449 -14.275