0 ~Animal Lamb Eye Area
0 Name: s\1569s03.dat
0 Author: Philippe Hurbain [Philo]
0 !LDRAW_ORG Subpart UPDATE 2026-03
0 !LICENSE Licensed under CC BY 4.0 : see CAreadme.txt

0 BFC CERTIFY CCW

0 !HISTORY 2026-03-31 [OrionP] Official Update 2026-03

3 16 4.2 -31.6 -25.7 5.7 -34.4 -23.9 4.6 -36.4 -25.4
3 16 4.6 -36.4 -25.4 3.4 -34.8 -26 4.2 -31.6 -25.7
3 16 3.4 -34.8 -26 2.4 -32.6 -27.3 4.2 -31.6 -25.7
3 16 5.7 -34.4 -23.9 4.2 -31.6 -25.7 5.3 -30.4 -23.9
3 16 5.7 -34.4 -23.9 5.3 -30.4 -23.9 6.7 -32.9 -21.8
3 16 7.5 -35.1 -20.1 5.7 -34.4 -23.9 6.7 -32.9 -21.8
3 16 7.5 -35.1 -20.1 6.5 -37.2 -21.8 5.7 -34.4 -23.9
3 16 5.7 -34.4 -23.9 6.5 -37.2 -21.8 5 -38.1 -24.2
3 16 5.7 -34.4 -23.9 5 -38.1 -24.2 4.6 -36.4 -25.4
