0 ~Minifig Candy Cane - Base Colour
0 Name: s\1621s01.dat
0 Author: Gerald Lasser [GeraldLasser]
0 !LDRAW_ORG Subpart UPDATE 2026-04
0 !LICENSE Licensed under CC BY 4.0 : see CAreadme.txt

0 BFC CERTIFY CCW

0 !HISTORY 2026-03-31 [OrionP] Official Update 2026-03
0 !HISTORY 2026-04-04 [Holly-Wood] Sanded description
0 !HISTORY 2026-04-27 [OrionP] Official Update 2026-04

1 16 0 0 0 1.5 0 0 0 -1 0 0 0 1.5 4-4ndis.dat
0 BFC INVERTNEXT
1 16 0 -3 0 1.5 0 0 0 3 0 0 0 1.5 4-4cylc.dat

3 16 -14.235 -51.544 2.063 -15.032 -52.571 1.287 -14.327 -52.548 2.155
3 16 -14.235 -51.544 2.063 -14.951 -51.542 1.13 -15.032 -52.571 1.287
3 16 -13.32 -52.539 2.704 -14.235 -51.544 2.063 -14.327 -52.548 2.155
3 16 -13.32 -52.539 2.704 -13.226 -51.546 2.595 -14.235 -51.544 2.063
3 16 -12.221 -52.563 2.818 -13.226 -51.546 2.595 -13.32 -52.539 2.704
3 16 -12.221 -52.563 2.818 -12.217 -51.551 2.66 -13.226 -51.546 2.595
3 16 -11.142 -52.519 2.462 -12.217 -51.551 2.66 -12.221 -52.563 2.818
3 16 -11.142 -52.519 2.462 -11.257 -51.554 2.38 -12.217 -51.551 2.66
4 16 -11.257 -51.554 2.38 -11.142 -52.519 2.462 -10.367 -52.514 1.832 -10.5 -51.545 1.763
3 16 -10.006 -51.544 .926 -10.5 -51.545 1.763 -10.367 -52.514 1.832
3 16 -10.006 -51.544 .926 -10.367 -52.514 1.832 -9.859 -52.529 .947
3 16 -9.832 -51.542 -.026 -10.006 -51.544 .926 -9.859 -52.529 .947
3 16 -9.832 -51.542 -.026 -9.859 -52.529 .947 -9.689 -52.529 -.068
3 16 -14.951 -51.542 1.13 -15.346 -52.596 -.019 -15.032 -52.571 1.287
3 16 -14.951 -51.542 1.13 -15.202 -51.541 -.03 -15.346 -52.596 -.019
3 16 -14.235 -51.544 2.063 -14.497 -50.679 .966 -14.951 -51.542 1.13
3 16 -14.235 -51.544 2.063 -13.892 -50.688 1.73 -14.497 -50.679 .966
3 16 -13.226 -51.546 2.595 -13.892 -50.688 1.73 -14.235 -51.544 2.063
3 16 -13.226 -51.546 2.595 -13.083 -50.693 2.143 -13.892 -50.688 1.73
4 16 -13.226 -51.546 2.595 -12.217 -51.551 2.66 -12.236 -50.694 2.2 -13.083 -50.693 2.143
4 16 -11.458 -50.688 1.959 -12.236 -50.694 2.2 -12.217 -51.551 2.66 -11.257 -51.554 2.38
4 16 -11.257 -51.554 2.38 -10.5 -51.545 1.763 -10.849 -50.682 1.456 -11.458 -50.688 1.959
4 16 -10.849 -50.682 1.456 -10.5 -51.545 1.763 -10.006 -51.544 .926 -10.45 -50.685 .774
3 16 -10.298 -50.678 0 -10.45 -50.685 .774 -10.006 -51.544 .926
3 16 -10.298 -50.678 0 -10.006 -51.544 .926 -9.832 -51.542 -.026
3 16 -14.951 -51.542 1.13 -14.722 -50.673 -.023 -15.202 -51.541 -.03
3 16 -14.951 -51.542 1.13 -14.497 -50.679 .966 -14.722 -50.673 -.023
3 16 -10.013 -51.546 -.955 -9.689 -52.529 -.068 -9.898 -52.529 -1.063
3 16 -10.013 -51.546 -.955 -9.832 -51.542 -.026 -9.689 -52.529 -.068
3 16 -10.532 -51.545 -1.801 -10.013 -51.546 -.955 -9.898 -52.529 -1.063
3 16 -10.532 -51.545 -1.801 -9.898 -52.529 -1.063 -10.467 -52.53 -1.944
3 16 -11.308 -51.548 -2.402 -10.532 -51.545 -1.801 -10.467 -52.53 -1.944
3 16 -11.308 -51.548 -2.402 -10.467 -52.53 -1.944 -11.311 -52.531 -2.551
3 16 -12.27 -51.551 -2.669 -11.308 -51.548 -2.402 -11.311 -52.531 -2.551
3 16 -12.27 -51.551 -2.669 -11.311 -52.531 -2.551 -12.31 -52.532 -2.806
3 16 -13.261 -51.549 -2.577 -12.27 -51.551 -2.669 -12.31 -52.532 -2.806
3 16 -13.261 -51.549 -2.577 -12.31 -52.532 -2.806 -13.349 -52.531 -2.695
3 16 -14.238 -51.545 -2.062 -13.261 -51.549 -2.577 -13.349 -52.531 -2.695
3 16 -14.238 -51.545 -2.062 -13.349 -52.531 -2.695 -14.363 -52.53 -2.131
3 16 -14.932 -51.542 -1.163 -14.238 -51.545 -2.062 -14.363 -52.53 -2.131
3 16 -14.932 -51.542 -1.163 -14.363 -52.53 -2.131 -15.07 -52.571 -1.19
4 16 -15.346 -52.596 -.019 -15.202 -51.541 -.03 -14.932 -51.542 -1.163 -15.07 -52.571 -1.19
4 16 -10.013 -51.546 -.955 -10.446 -50.686 -.772 -10.298 -50.678 0 -9.832 -51.542 -.026
3 16 -11.477 -50.689 -1.966 -10.532 -51.545 -1.801 -11.308 -51.548 -2.402
3 16 -12.259 -50.694 -2.203 -11.308 -51.548 -2.402 -12.27 -51.551 -2.669
3 16 -12.259 -50.694 -2.203 -11.477 -50.689 -1.966 -11.308 -51.548 -2.402
3 16 -13.098 -50.693 -2.137 -12.27 -51.551 -2.669 -13.261 -51.549 -2.577
3 16 -13.098 -50.693 -2.137 -12.259 -50.694 -2.203 -12.27 -51.551 -2.669
3 16 -13.886 -50.689 -1.736 -13.261 -51.549 -2.577 -14.238 -51.545 -2.062
3 16 -13.886 -50.689 -1.736 -13.098 -50.693 -2.137 -13.261 -51.549 -2.577
3 16 -14.482 -50.683 -.995 -14.238 -51.545 -2.062 -14.932 -51.542 -1.163
3 16 -14.482 -50.683 -.995 -13.886 -50.689 -1.736 -14.238 -51.545 -2.062
3 16 -14.722 -50.673 -.023 -14.932 -51.542 -1.163 -15.202 -51.541 -.03
3 16 -14.722 -50.673 -.023 -14.482 -50.683 -.995 -14.932 -51.542 -1.163
4 16 -10.446 -50.686 -.772 -10.013 -51.546 -.955 -10.532 -51.545 -1.801 -10.86 -50.683 -1.462
3 16 -11.477 -50.689 -1.966 -10.86 -50.683 -1.462 -10.532 -51.545 -1.801
4 16 -14.497 -50.679 .966 -13.892 -50.688 1.73 -13.456 -50.116 1.229 -13.873 -50.109 .698
3 16 -13.083 -50.693 2.143 -13.456 -50.116 1.229 -13.892 -50.688 1.73
3 16 -13.083 -50.693 2.143 -12.896 -50.116 1.525 -13.456 -50.116 1.229
3 16 -12.236 -50.694 2.2 -12.896 -50.116 1.525 -13.083 -50.693 2.143
3 16 -12.236 -50.694 2.2 -12.309 -50.127 1.559 -12.896 -50.116 1.525
3 16 -11.458 -50.688 1.959 -12.309 -50.127 1.559 -12.236 -50.694 2.2
3 16 -11.458 -50.688 1.959 -11.776 -50.128 1.376 -12.309 -50.127 1.559
3 16 -10.849 -50.682 1.456 -11.776 -50.128 1.376 -11.458 -50.688 1.959
3 16 -10.849 -50.682 1.456 -11.351 -50.112 1.025 -11.776 -50.128 1.376
3 16 -10.45 -50.685 .774 -11.351 -50.112 1.025 -10.849 -50.682 1.456
3 16 -10.45 -50.685 .774 -11.064 -50.104 .55 -11.351 -50.112 1.025
4 16 -11.064 -50.104 .55 -10.45 -50.685 .774 -10.298 -50.678 0 -10.965 -50.097 0
3 16 -14.497 -50.679 .966 -13.873 -50.109 .698 -14.046 -50.093 0
3 16 -14.497 -50.679 .966 -14.046 -50.093 0 -14.722 -50.673 -.023
3 16 -12.736 -49.845 .927 -13.456 -50.116 1.229 -12.896 -50.116 1.525
3 16 -12.389 -49.841 .952 -12.896 -50.116 1.525 -12.309 -50.127 1.559
3 16 -12.389 -49.841 .952 -12.736 -49.845 .927 -12.896 -50.116 1.525
4 16 -12.309 -50.127 1.559 -11.776 -50.128 1.376 -12.074 -49.843 .839 -12.389 -49.841 .952
3 16 -11.351 -50.112 1.025 -12.074 -49.843 .839 -11.776 -50.128 1.376
3 16 -11.351 -50.112 1.025 -11.826 -49.836 .618 -12.074 -49.843 .839
3 16 -11.656 -49.838 .332 -11.351 -50.112 1.025 -11.064 -50.104 .55
3 16 -11.656 -49.838 .332 -11.826 -49.836 .618 -11.351 -50.112 1.025
3 16 -10.965 -50.097 0 -11.656 -49.838 .332 -11.064 -50.104 .55
3 16 -10.965 -50.097 0 -11.594 -49.825 0 -11.656 -49.838 .332
3 16 -12.454 -49.726 .458 -12.736 -49.845 .927 -12.389 -49.841 .952
3 16 -12.074 -49.843 .839 -12.454 -49.726 .458 -12.389 -49.841 .952
3 16 -12.454 -49.726 .458 -12.616 -49.736 .448 -12.736 -49.845 .927
3 16 -12.616 -49.736 .448 -13.069 -49.84 .755 -12.736 -49.845 .927
3 16 -12.736 -49.845 .927 -13.069 -49.84 .755 -13.456 -50.116 1.229
4 16 -13.456 -50.116 1.229 -13.069 -49.84 .755 -13.315 -49.835 .426 -13.873 -50.109 .698
4 16 -14.046 -50.093 0 -13.873 -50.109 .698 -13.315 -49.835 .426 -13.426 -49.822 0
3 16 -12.773 -49.741 .365 -13.315 -49.835 .426 -13.069 -49.84 .755
3 16 -12.616 -49.736 .448 -12.773 -49.741 .365 -13.069 -49.84 .755
3 16 -12.773 -49.741 .365 -12.894 -49.734 .208 -13.315 -49.835 .426
3 16 -12.894 -49.734 .208 -13.426 -49.822 0 -13.315 -49.835 .426
3 16 -12.074 -49.843 .839 -12.307 -49.732 .404 -12.454 -49.726 .458
3 16 -11.826 -49.836 .618 -12.307 -49.732 .404 -12.074 -49.843 .839
3 16 -11.826 -49.836 .618 -12.188 -49.732 .301 -12.307 -49.732 .404
3 16 -11.656 -49.838 .332 -12.188 -49.732 .301 -11.826 -49.836 .618
3 16 -11.656 -49.838 .332 -12.11 -49.729 .16 -12.188 -49.732 .301
4 16 -11.656 -49.838 .332 -11.594 -49.825 0 -12.082 -49.72 0 -12.11 -49.729 .16
3 16 -12.894 -49.734 .208 -12.943 -49.718 0 -13.426 -49.822 0
3 16 -12.616 -49.736 .448 -12.513 -49.688 0 -12.773 -49.741 .365
3 16 -12.616 -49.736 .448 -12.454 -49.726 .458 -12.513 -49.688 0
4 16 -12.454 -49.726 .458 -12.307 -49.732 .404 -12.188 -49.732 .301 -12.513 -49.688 0
3 16 -12.188 -49.732 .301 -12.11 -49.729 .16 -12.513 -49.688 0
3 16 -12.11 -49.729 .16 -12.082 -49.72 0 -12.513 -49.688 0
4 16 -12.773 -49.741 .365 -12.513 -49.688 0 -12.943 -49.718 0 -12.894 -49.734 .208
4 16 -10.298 -50.678 0 -10.446 -50.686 -.772 -11.063 -50.105 -.549 -10.965 -50.097 0
3 16 -10.86 -50.683 -1.462 -11.063 -50.105 -.549 -10.446 -50.686 -.772
3 16 -10.86 -50.683 -1.462 -11.354 -50.114 -1.019 -11.063 -50.105 -.549
4 16 -11.354 -50.114 -1.019 -10.86 -50.683 -1.462 -11.477 -50.689 -1.966 -11.78 -50.128 -1.371
3 16 -12.313 -50.125 -1.554 -11.78 -50.128 -1.371 -11.477 -50.689 -1.966
3 16 -12.313 -50.125 -1.554 -11.477 -50.689 -1.966 -12.259 -50.694 -2.203
3 16 -12.902 -50.121 -1.516 -12.313 -50.125 -1.554 -12.259 -50.694 -2.203
3 16 -12.902 -50.121 -1.516 -12.259 -50.694 -2.203 -13.098 -50.693 -2.137
4 16 -12.902 -50.121 -1.516 -13.098 -50.693 -2.137 -13.886 -50.689 -1.736 -13.459 -50.116 -1.231
4 16 -13.459 -50.116 -1.231 -13.886 -50.689 -1.736 -14.482 -50.683 -.995 -13.879 -50.11 -.696
4 16 -14.046 -50.093 0 -13.879 -50.11 -.696 -14.482 -50.683 -.995 -14.722 -50.673 -.023
3 16 -11.354 -50.114 -1.019 -11.649 -49.841 -.334 -11.063 -50.105 -.549
3 16 -11.649 -49.841 -.334 -10.965 -50.097 0 -11.063 -50.105 -.549
3 16 -11.649 -49.841 -.334 -11.594 -49.825 0 -10.965 -50.097 0
3 16 -11.354 -50.114 -1.019 -11.825 -49.834 -.618 -11.649 -49.841 -.334
3 16 -12.073 -49.843 -.839 -11.825 -49.834 -.618 -11.354 -50.114 -1.019
3 16 -12.073 -49.843 -.839 -11.354 -50.114 -1.019 -11.78 -50.128 -1.371
4 16 -12.313 -50.125 -1.554 -12.388 -49.84 -.953 -12.073 -49.843 -.839 -11.78 -50.128 -1.371
3 16 -12.733 -49.847 -.925 -12.388 -49.84 -.953 -12.313 -50.125 -1.554
3 16 -12.733 -49.847 -.925 -12.313 -50.125 -1.554 -12.902 -50.121 -1.516
4 16 -12.733 -49.847 -.925 -12.902 -50.121 -1.516 -13.459 -50.116 -1.231 -13.073 -49.841 -.757
4 16 -13.459 -50.116 -1.231 -13.879 -50.11 -.696 -13.327 -49.839 -.427 -13.073 -49.841 -.757
4 16 -13.426 -49.822 0 -13.327 -49.839 -.427 -13.879 -50.11 -.696 -14.046 -50.093 0
3 16 -12.307 -49.74 -.403 -11.825 -49.834 -.618 -12.073 -49.843 -.839
3 16 -12.307 -49.74 -.403 -12.189 -49.741 -.3 -11.825 -49.834 -.618
3 16 -11.825 -49.834 -.618 -12.189 -49.741 -.3 -12.105 -49.734 -.162
3 16 -11.825 -49.834 -.618 -12.105 -49.734 -.162 -11.649 -49.841 -.334
3 16 -12.105 -49.734 -.162 -11.594 -49.825 0 -11.649 -49.841 -.334
3 16 -12.105 -49.734 -.162 -12.082 -49.72 0 -11.594 -49.825 0
3 16 -13.073 -49.841 -.757 -12.616 -49.73 -.449 -12.733 -49.847 -.925
3 16 -12.454 -49.728 -.458 -12.307 -49.74 -.403 -12.073 -49.843 -.839
3 16 -12.454 -49.728 -.458 -12.073 -49.843 -.839 -12.388 -49.84 -.953
4 16 -12.616 -49.73 -.449 -12.454 -49.728 -.458 -12.388 -49.84 -.953 -12.733 -49.847 -.925
3 16 -13.426 -49.822 0 -12.898 -49.732 -.209 -13.327 -49.839 -.427
3 16 -13.073 -49.841 -.757 -12.777 -49.734 -.368 -12.616 -49.73 -.449
4 16 -12.898 -49.732 -.209 -12.777 -49.734 -.368 -13.073 -49.841 -.757 -13.327 -49.839 -.427
3 16 -12.513 -49.688 0 -12.189 -49.741 -.3 -12.307 -49.74 -.403
4 16 -12.082 -49.72 0 -12.105 -49.734 -.162 -12.189 -49.741 -.3 -12.513 -49.688 0
3 16 -12.513 -49.688 0 -12.454 -49.728 -.458 -12.616 -49.73 -.449
3 16 -12.513 -49.688 0 -12.616 -49.73 -.449 -12.777 -49.734 -.368
3 16 -12.513 -49.688 0 -12.777 -49.734 -.368 -12.898 -49.732 -.209
3 16 -12.513 -49.688 0 -12.307 -49.74 -.403 -12.454 -49.728 -.458
3 16 -12.513 -49.688 0 -12.898 -49.732 -.209 -12.943 -49.718 0
3 16 -13.426 -49.822 0 -12.943 -49.718 0 -12.898 -49.732 -.209
4 16 2.828 -48.68 2.828 3.696 -47.735 1.531 3.696 -40.243 1.531 2.828 -41.175 2.828
4 16 2.828 -41.175 2.828 1.531 -42.094 3.696 1.531 -49.596 3.696 2.828 -48.68 2.828
4 16 1.531 -42.094 3.696 0 -43.027 4 0 -50.521 4.011 1.531 -49.596 3.696
4 16 4 -39.301 0 3.696 -40.243 1.531 3.696 -47.735 1.531 4 -46.753 0
4 16 4 -46.753 0 3.696 -45.83 -1.531 3.696 -38.335 -1.531 4 -39.301 0
4 16 3.696 -45.83 -1.531 2.828 -44.889 -2.828 2.828 -37.441 -2.828 3.696 -38.335 -1.531
4 16 2.828 -44.889 -2.828 1.531 -44.029 -3.696 1.531 -36.451 -3.696 2.828 -37.441 -2.828
4 16 1.531 -44.029 -3.696 0 -43.039 -4 0 -35.53 -4 1.531 -36.451 -3.696
3 16 0 -50.521 4.011 -1.531 -43.959 3.696 -1.589 -51.473 3.516
3 16 0 -50.521 4.011 0 -43.027 4 -1.531 -43.959 3.696
3 16 -1.589 -51.473 3.516 -1.531 -43.959 3.696 -2.828 -44.927 2.828
3 16 -1.589 -51.473 3.516 -2.828 -44.927 2.828 -2.828 -52.398 2.828
4 16 -2.828 -44.927 2.828 -3.696 -45.871 1.531 -3.696 -53.271 1.531 -2.828 -52.398 2.828
4 16 -4.038 -54.297 -.187 -3.696 -53.271 1.531 -3.696 -45.871 1.531 -4 -46.782 0
3 16 -4 -46.782 0 -3.696 -47.769 -1.531 -3.909 -55.122 -1.577
3 16 -3.909 -55.122 -1.577 -4.038 -54.297 -.187 -4 -46.782 0
3 16 -3.696 -47.769 -1.531 -2.828 -48.675 -2.828 -3.203 -55.86 -2.806
3 16 -3.203 -55.86 -2.806 -3.909 -55.122 -1.577 -3.696 -47.769 -1.531
3 16 -2.828 -48.675 -2.828 -1.531 -49.622 -3.696 -2.219 -56.721 -3.641
3 16 -2.219 -56.721 -3.641 -3.203 -55.86 -2.806 -2.828 -48.675 -2.828
3 16 -1.531 -49.622 -3.696 -.185 -50.479 -4 -1.415 -57.389 -3.931
3 16 -1.415 -57.389 -3.931 -2.219 -56.721 -3.641 -1.531 -49.622 -3.696
4 16 3.696 -15.707 -1.531 2.828 -14.926 -2.828 2.828 -7.297 -2.828 3.696 -8.327 -1.531
4 16 3.696 -8.327 -1.531 4 -9.231 0 4 -16.765 0 3.696 -15.707 -1.531
4 16 4 -9.231 0 3.696 -10.175 1.531 3.696 -17.644 1.531 4 -16.765 0
4 16 2.828 -18.656 2.828 3.696 -17.644 1.531 3.696 -10.175 1.531 2.828 -11.109 2.828
4 16 2.828 -11.109 2.828 1.531 -12.047 3.696 1.531 -19.579 3.696 2.828 -18.656 2.828
4 16 1.531 -12.047 3.696 0 -12.999 4 0 -20.492 4 1.531 -19.579 3.696
4 16 2.828 -14.926 -2.828 1.531 -13.964 -3.696 1.531 -6.348 -3.696 2.828 -7.297 -2.828
4 16 .2317 -5.664 -3.954 1.531 -6.348 -3.696 1.531 -13.964 -3.696 0 -12.942 -4
4 16 -1.531 -21.378 3.696 0 -20.492 4 0 -12.999 4 -1.531 -13.937 3.696
4 16 -1.531 -13.937 3.696 -2.828 -14.868 2.828 -2.828 -22.426 2.828 -1.531 -21.378 3.696
4 16 -2.828 -14.868 2.828 -3.696 -15.836 1.531 -3.696 -23.304 1.531 -2.828 -22.426 2.828
4 16 -3.696 -15.836 1.531 -4 -16.749 0 -4 -24.293 0 -3.696 -23.304 1.531
4 16 -4 -16.749 0 -3.696 -17.705 -1.531 -3.696 -25.19 -1.531 -4 -24.293 0
4 16 -3.696 -17.705 -1.531 -2.828 -18.637 -2.828 -2.828 -26.122 -2.828 -3.696 -25.19 -1.531
4 16 -2.828 -18.637 -2.828 -1.531 -19.58 -3.696 -1.531 -27.087 -3.696 -2.828 -26.122 -2.828
4 16 -1.531 -19.58 -3.696 0 -20.499 -4 0 -27.943 -4 -1.531 -27.087 -3.696
4 16 1.531 -28.867 -3.696 0 -27.943 -4 0 -20.499 -4 1.531 -21.44 -3.696
4 16 1.531 -21.44 -3.696 2.828 -22.393 -2.828 2.828 -29.807 -2.828 1.531 -28.867 -3.696
4 16 2.828 -22.393 -2.828 3.696 -23.341 -1.531 3.696 -30.761 -1.531 2.828 -29.807 -2.828
4 16 3.696 -23.341 -1.531 4 -24.254 0 4 -31.766 0 3.696 -30.761 -1.531
4 16 4 -24.254 0 3.696 -25.203 1.531 3.696 -32.632 1.531 4 -31.766 0
4 16 3.696 -25.203 1.531 2.828 -26.121 2.828 2.828 -33.609 2.828 3.696 -32.632 1.531
4 16 2.828 -26.121 2.828 1.531 -27.065 3.696 1.531 -34.585 3.696 2.828 -33.609 2.828
4 16 1.531 -27.065 3.696 0 -28.032 4 0 -35.476 4 1.531 -34.585 3.696
4 16 -1.531 -36.441 3.696 0 -35.476 4 0 -28.032 4 -1.531 -28.973 3.696
4 16 -1.531 -28.973 3.696 -2.828 -29.876 2.828 -2.828 -37.397 2.828 -1.531 -36.441 3.696
4 16 -2.828 -29.876 2.828 -3.696 -30.846 1.531 -3.696 -38.286 1.531 -2.828 -37.397 2.828
4 16 -3.696 -30.846 1.531 -4 -31.796 0 -4 -39.301 0 -3.696 -38.286 1.531
4 16 -4 -31.796 0 -3.696 -32.723 -1.531 -3.696 -40.253 -1.531 -4 -39.301 0
4 16 -3.696 -32.723 -1.531 -2.828 -33.656 -2.828 -2.828 -41.161 -2.828 -3.696 -40.253 -1.531
4 16 -2.828 -33.656 -2.828 -1.531 -34.597 -3.696 -1.531 -42.109 -3.696 -2.828 -41.161 -2.828
4 16 -1.531 -34.597 -3.696 0 -35.53 -4 0 -43.039 -4 -1.531 -42.109 -3.696
3 16 0 -12.942 -4 0 -5.201 -4 .2317 -5.664 -3.954
4 16 -3.696 -10.093 -1.531 -4 -9.254 0 -4 0 0 -3.696 0 -1.531
4 16 -3.696 0 -1.531 -2.828 0 -2.828 -2.828 -11.147 -2.828 -3.696 -10.093 -1.531
4 16 -1.531 -12.043 -3.696 -2.828 -11.147 -2.828 -2.828 0 -2.828 -1.531 0 -3.696
3 16 0 -4.546 -4 -1.531 0 -3.696 0 0 -4
4 16 0 -12.942 -4 -1.531 -12.043 -3.696 -1.531 0 -3.696 0 -5.201 -4
3 16 -1.531 0 -3.696 0 -4.546 -4 0 -5.201 -4
4 16 -4 -9.254 0 -3.696 -8.251 1.531 -3.696 0 1.531 -4 0 0
4 16 -3.696 -8.251 1.531 -2.828 -7.377 2.828 -2.828 0 2.828 -3.696 0 1.531
4 16 -2.828 -7.377 2.828 -1.531 -6.457 3.696 -1.531 0 3.696 -2.828 0 2.828
4 16 -1.531 0 3.696 -1.531 -6.457 3.696 0 -5.502 4 0 0 4
4 16 0 -5.502 4 1.531 -4.412 3.696 1.531 0 3.696 0 0 4
4 16 1.531 -4.412 3.696 2.828 -4.206 2.828 2.828 0 2.828 1.531 0 3.696
4 16 2.828 -4.206 2.828 3.696 -4.181 1.531 3.696 0 1.531 2.828 0 2.828
4 16 3.696 0 1.531 3.696 -4.181 1.531 4 -4.201 0 4 0 0
4 16 4 0 0 4 -4.201 0 3.696 -4.212 -1.531 3.696 0 -1.531
4 16 3.696 -4.212 -1.531 2.828 -4.209 -2.828 2.828 0 -2.828 3.696 0 -1.531
4 16 2.828 -4.209 -2.828 1.531 -4.205 -3.696 1.531 0 -3.696 2.828 0 -2.828
3 16 .5446 -4.1849 -3.8919 1.531 0 -3.696 1.531 -4.205 -3.696
4 16 0 -4.546 -4 0 0 -4 1.531 0 -3.696 .5446 -4.1849 -3.8919
3 16 2.679 -52.383 -3.143 2.38 -54.786 -3.345 1.321 -51.478 -3.951
3 16 2.679 -52.383 -3.143 3.696 -53.426 -1.531 3.546 -56.017 -2.002
3 16 3.546 -56.017 -2.002 2.38 -54.786 -3.345 2.679 -52.383 -3.143
3 16 2.38 -54.786 -3.345 .478 -55.103 -4.042 1.321 -51.478 -3.951
3 16 -.185 -50.479 -4 1.321 -51.478 -3.951 .478 -55.103 -4.042
3 16 -.185 -50.479 -4 .478 -55.103 -4.042 -1.415 -57.389 -3.931
3 16 2.38 -54.786 -3.345 1.723 -56.79 -3.529 .478 -55.103 -4.042
3 16 1.723 -56.79 -3.529 2.38 -54.786 -3.345 3.546 -56.017 -2.002
3 16 1.723 -56.79 -3.529 3.546 -56.017 -2.002 2.536 -58.582 -2.233
3 16 .774 -59.029 -3.406 1.723 -56.79 -3.529 2.536 -58.582 -2.233
3 16 1.065 -60.635 -2.163 .774 -59.029 -3.406 2.536 -58.582 -2.233
3 16 .008 -60.395 -3.104 .774 -59.029 -3.406 1.065 -60.635 -2.163
3 16 -.575 -58.719 -3.867 .774 -59.029 -3.406 .008 -60.395 -3.104
3 16 1.723 -56.79 -3.529 -.575 -58.719 -3.867 .478 -55.103 -4.042
3 16 1.723 -56.79 -3.529 .774 -59.029 -3.406 -.575 -58.719 -3.867
3 16 .478 -55.103 -4.042 -.575 -58.719 -3.867 -1.415 -57.389 -3.931
3 16 .008 -60.395 -3.104 1.065 -60.635 -2.163 -.426 -62.074 -1.849
3 16 4 -54.32 0 3.546 -56.017 -2.002 3.696 -53.426 -1.531
3 16 4 -54.32 0 3.817 -57.188 -.327 3.546 -56.017 -2.002
3 16 3.817 -57.188 -.327 4 -54.32 0 3.696 -55.357 1.531
3 16 3.817 -57.188 -.327 3.696 -55.357 1.531 3.181 -58.114 1.543
3 16 2.828 -56.435 2.828 3.181 -58.114 1.543 3.696 -55.357 1.531
3 16 2.828 -56.435 2.828 1.803 -58.658 2.912 3.181 -58.114 1.543
3 16 1.803 -58.658 2.912 2.828 -56.435 2.828 1.392 -57.126 3.546
3 16 1.803 -58.658 2.912 1.392 -57.126 3.546 .239 -58.877 3.644
3 16 -.587 -57.857 3.989 .239 -58.877 3.644 1.392 -57.126 3.546
3 16 -.587 -57.857 3.989 -1.642 -58.996 3.875 .239 -58.877 3.644
3 16 -2.578 -57.945 3.749 -1.642 -58.996 3.875 -.587 -57.857 3.989
3 16 -2.578 -57.945 3.749 -3.378 -58.781 3.646 -1.642 -58.996 3.875
3 16 -4.27 -57.632 2.896 -3.378 -58.781 3.646 -2.578 -57.945 3.749
3 16 -4.27 -57.632 2.896 -4.923 -58.068 2.847 -3.378 -58.781 3.646
3 16 -4.923 -58.068 2.847 -4.27 -57.632 2.896 -5.382 -57.221 1.677
3 16 -4.923 -58.068 2.847 -5.382 -57.221 1.677 -5.985 -57.448 1.606
3 16 -6.01 -58.394 2.704 -4.923 -58.068 2.847 -5.985 -57.448 1.606
3 16 -6.01 -58.394 2.704 -5.985 -57.448 1.606 -6.665 -57.537 1.546
3 16 -4.723 -59.364 3.463 -4.923 -58.068 2.847 -6.01 -58.394 2.704
3 16 -4.723 -59.364 3.463 -3.378 -58.781 3.646 -4.923 -58.068 2.847
3 16 -3.413 -60.006 3.738 -3.378 -58.781 3.646 -4.723 -59.364 3.463
3 16 -3.413 -60.006 3.738 -1.642 -58.996 3.875 -3.378 -58.781 3.646
3 16 -1.576 -60.47 3.623 -1.642 -58.996 3.875 -3.413 -60.006 3.738
3 16 -1.576 -60.47 3.623 .239 -58.877 3.644 -1.642 -58.996 3.875
3 16 .234 -60.759 2.836 .239 -58.877 3.644 -1.576 -60.47 3.623
3 16 .234 -60.759 2.836 1.803 -58.658 2.912 .239 -58.877 3.644
3 16 1.803 -58.658 2.912 .234 -60.759 2.836 1.715 -60.586 1.361
3 16 1.803 -58.658 2.912 1.715 -60.586 1.361 3.181 -58.114 1.543
3 16 2.536 -59.83 -.477 3.181 -58.114 1.543 1.715 -60.586 1.361
3 16 2.536 -59.83 -.477 3.817 -57.188 -.327 3.181 -58.114 1.543
3 16 2.536 -58.582 -2.233 3.817 -57.188 -.327 2.536 -59.83 -.477
3 16 2.536 -58.582 -2.233 3.546 -56.017 -2.002 3.817 -57.188 -.327
3 16 -6.329 -57.099 .002 -6.665 -57.537 1.546 -5.985 -57.448 1.606
3 16 -6.329 -57.099 .002 -6.896 -57.144 .038 -6.665 -57.537 1.546
3 16 -5.985 -57.448 1.606 -5.837 -56.962 .009 -6.329 -57.099 .002
3 16 -5.985 -57.448 1.606 -5.382 -57.221 1.677 -5.837 -56.962 .009
3 16 -6.329 -57.099 .002 -5.837 -56.962 .009 -5.935 -57.348 -1.44
3 16 -6.329 -57.099 .002 -5.935 -57.348 -1.44 -6.503 -57.453 -1.35
3 16 -6.503 -57.453 -1.35 -6.896 -57.144 .038 -6.329 -57.099 .002
3 16 -6.503 -57.453 -1.35 -5.935 -57.348 -1.44 -6.049 -58.134 -2.477
3 16 -6.503 -57.453 -1.35 -6.049 -58.134 -2.477 -6.724 -58.113 -2.297
3 16 -6.724 -58.113 -2.297 -6.049 -58.134 -2.477 -6.45 -59.014 -3.031
3 16 -6.724 -58.113 -2.297 -6.45 -59.014 -3.031 -7.318 -58.835 -2.834
3 16 -7.318 -58.835 -2.834 -6.45 -59.014 -3.031 -6.997 -59.93 -3.304
3 16 -7.318 -58.835 -2.834 -6.997 -59.93 -3.304 -8.002 -59.619 -3.184
3 16 -8.002 -59.619 -3.184 -6.997 -59.93 -3.304 -8.165 -60.816 -3.268
3 16 -8.002 -59.619 -3.184 -8.165 -60.816 -3.268 -8.889 -60.408 -3.197
3 16 -8.889 -60.408 -3.197 -8.165 -60.816 -3.268 -9.884 -61.39 -2.757
3 16 -8.889 -60.408 -3.197 -9.884 -61.39 -2.757 -10.504 -60.711 -2.791
3 16 -9.884 -61.39 -2.757 -11.588 -61.306 -1.87 -11.845 -60.564 -2.225
3 16 -11.845 -60.564 -2.225 -10.504 -60.711 -2.791 -9.884 -61.39 -2.757
3 16 -11.588 -61.306 -1.87 -12.828 -60.731 -.972 -13.076 -60.026 -1.498
3 16 -13.076 -60.026 -1.498 -11.845 -60.564 -2.225 -11.588 -61.306 -1.87
3 16 -12.828 -60.731 -.972 -13.691 -59.864 .023 -14.065 -59.169 -.475
3 16 -14.065 -59.169 -.475 -13.076 -60.026 -1.498 -12.828 -60.731 -.972
3 16 -13.691 -59.864 .023 -14.08 -58.909 .911 -14.513 -58.21 .479
3 16 -14.513 -58.21 .479 -14.065 -59.169 -.475 -13.691 -59.864 .023
3 16 -14.08 -58.909 .911 -14.123 -57.958 1.67 -14.608 -57.206 1.365
3 16 -14.608 -57.206 1.365 -14.513 -58.21 .479 -14.08 -58.909 .911
3 16 -14.123 -57.958 1.67 -13.711 -56.781 2.455 -14.204 -56.048 2.215
3 16 -14.204 -56.048 2.215 -14.608 -57.206 1.365 -14.123 -57.958 1.67
3 16 -13.711 -56.781 2.455 -12.693 -55.487 2.897 -13.44 -54.82 2.75
3 16 -13.44 -54.82 2.75 -14.204 -56.048 2.215 -13.711 -56.781 2.455
3 16 -12.693 -55.487 2.897 -12.268 -53.74 2.852 -13.44 -54.82 2.75
3 16 -12.693 -55.487 2.897 -11.436 -54.366 2.688 -12.268 -53.74 2.852
3 16 -11.845 -60.564 -2.225 -13.076 -60.026 -1.498 -13.12 -59.124 -2.134
3 16 -13.12 -59.124 -2.134 -11.858 -59.841 -2.578 -11.845 -60.564 -2.225
3 16 -13.076 -60.026 -1.498 -14.065 -59.169 -.475 -14.543 -57.902 -1.083
3 16 -14.543 -57.902 -1.083 -13.12 -59.124 -2.134 -13.076 -60.026 -1.498
3 16 -14.065 -59.169 -.475 -14.513 -58.21 .479 -14.814 -57.585 .075
3 16 -14.513 -58.21 .479 -14.608 -57.206 1.365 -15.027 -56.564 .743
3 16 -14.814 -57.585 .075 -14.543 -57.902 -1.083 -14.065 -59.169 -.475
3 16 -15.027 -56.564 .743 -14.814 -57.585 .075 -14.513 -58.21 .479
3 16 -14.608 -57.206 1.365 -14.204 -56.048 2.215 -14.82 -55.438 1.615
3 16 -14.204 -56.048 2.215 -13.44 -54.82 2.75 -14.327 -54.029 2.225
3 16 -14.82 -55.438 1.615 -15.027 -56.564 .743 -14.608 -57.206 1.365
3 16 -14.327 -54.029 2.225 -14.82 -55.438 1.615 -14.204 -56.048 2.215
3 16 -13.44 -54.82 2.75 -13.337 -53.43 2.727 -14.327 -54.029 2.225
3 16 -13.44 -54.82 2.75 -12.268 -53.74 2.852 -13.337 -53.43 2.727
3 16 -11.858 -59.841 -2.578 -10.908 -60.122 -2.825 -10.504 -60.711 -2.791
3 16 -10.504 -60.711 -2.791 -11.845 -60.564 -2.225 -11.858 -59.841 -2.578
3 16 -10.077 -59.75 -3.087 -10.504 -60.711 -2.791 -10.908 -60.122 -2.825
3 16 -10.077 -59.75 -3.087 -8.889 -60.408 -3.197 -10.504 -60.711 -2.791
3 16 -8.889 -60.408 -3.197 -10.077 -59.75 -3.087 -9.352 -59.103 -3.059
3 16 -8.889 -60.408 -3.197 -9.352 -59.103 -3.059 -8.002 -59.619 -3.184
3 16 -8.671 -58.417 -2.715 -8.002 -59.619 -3.184 -9.352 -59.103 -3.059
3 16 -8.671 -58.417 -2.715 -7.318 -58.835 -2.834 -8.002 -59.619 -3.184
3 16 -7.318 -58.835 -2.834 -8.671 -58.417 -2.715 -8.023 -57.86 -2.138
3 16 -7.318 -58.835 -2.834 -8.023 -57.86 -2.138 -6.724 -58.113 -2.297
3 16 -7.282 -57.454 -1.318 -6.724 -58.113 -2.297 -8.023 -57.86 -2.138
3 16 -7.282 -57.454 -1.318 -6.503 -57.453 -1.35 -6.724 -58.113 -2.297
3 16 -6.503 -57.453 -1.35 -7.282 -57.454 -1.318 -6.896 -57.144 .038
3 16 -7.868 -58.479 2.769 -7.273 -57.506 1.566 -7.59 -57.368 1.484
3 16 -7.868 -58.479 2.769 -7.084 -58.566 2.742 -7.273 -57.506 1.566
3 16 -7.844 -59.941 3.311 -7.084 -58.566 2.742 -7.868 -58.479 2.769
3 16 -7.844 -59.941 3.311 -6.323 -59.797 3.345 -7.084 -58.566 2.742
3 16 -7.012 -61.564 3.3 -6.323 -59.797 3.345 -7.844 -59.941 3.311
3 16 -7.012 -61.564 3.3 -5.121 -60.826 3.57 -6.323 -59.797 3.345
3 16 -6.665 -57.537 1.546 -7.273 -57.506 1.566 -7.084 -58.566 2.742
3 16 -6.665 -57.537 1.546 -7.084 -58.566 2.742 -6.01 -58.394 2.704
3 16 -6.01 -58.394 2.704 -7.084 -58.566 2.742 -6.323 -59.797 3.345
3 16 -6.01 -58.394 2.704 -6.323 -59.797 3.345 -4.723 -59.364 3.463
3 16 -4.723 -59.364 3.463 -6.323 -59.797 3.345 -5.121 -60.826 3.57
3 16 -4.723 -59.364 3.463 -5.121 -60.826 3.57 -3.413 -60.006 3.738
4 16 -5.121 -60.826 3.57 -3.541 -61.903 3.302 -1.576 -60.47 3.623 -3.413 -60.006 3.738
3 16 -5.583 -63.027 2.625 -5.121 -60.826 3.57 -7.012 -61.564 3.3
3 16 -5.583 -63.027 2.625 -3.541 -61.903 3.302 -5.121 -60.826 3.57
3 16 -1.758 -62.505 2.362 -1.576 -60.47 3.623 -3.541 -61.903 3.302
3 16 -1.758 -62.505 2.362 .234 -60.759 2.836 -1.576 -60.47 3.623
3 16 -.377 -62.492 1.007 .234 -60.759 2.836 -1.758 -62.505 2.362
3 16 -.377 -62.492 1.007 1.715 -60.586 1.361 .234 -60.759 2.836
3 16 .615 -61.88 -.554 1.715 -60.586 1.361 -.377 -62.492 1.007
3 16 -.377 -62.492 1.007 -1.36 -63.1 -.531 .615 -61.88 -.554
3 16 .615 -61.88 -.554 -1.36 -63.1 -.531 -.426 -62.074 -1.849
3 16 .615 -61.88 -.554 -.426 -62.074 -1.849 1.065 -60.635 -2.163
3 16 1.065 -60.635 -2.163 2.536 -59.83 -.477 .615 -61.88 -.554
3 16 .615 -61.88 -.554 2.536 -59.83 -.477 1.715 -60.586 1.361
3 16 1.065 -60.635 -2.163 2.536 -58.582 -2.233 2.536 -59.83 -.477
3 16 -.377 -62.492 1.007 -2.571 -63.584 .581 -1.36 -63.1 -.531
3 16 -2.571 -63.584 .581 -.377 -62.492 1.007 -1.758 -62.505 2.362
3 16 -2.571 -63.584 .581 -1.758 -62.505 2.362 -3.778 -63.653 1.493
3 16 -3.778 -63.653 1.493 -3.541 -61.903 3.302 -5.583 -63.027 2.625
3 16 -3.778 -63.653 1.493 -1.758 -62.505 2.362 -3.541 -61.903 3.302
3 16 -7.59 -57.368 1.484 -7.43 -57.078 .067 -7.779 -56.99 -.034
3 16 -7.59 -57.368 1.484 -7.273 -57.506 1.566 -7.43 -57.078 .067
3 16 -6.896 -57.144 .038 -7.43 -57.078 .067 -7.273 -57.506 1.566
3 16 -6.896 -57.144 .038 -7.273 -57.506 1.566 -6.665 -57.537 1.546
3 16 -8.058 -57.203 -1.251 -7.779 -56.99 -.034 -7.43 -57.078 .067
3 16 -8.058 -57.203 -1.251 -8.512 -56.92 -1.155 -7.779 -56.99 -.034
3 16 -7.43 -57.078 .067 -7.282 -57.454 -1.318 -8.058 -57.203 -1.251
3 16 -7.43 -57.078 .067 -6.896 -57.144 .038 -7.282 -57.454 -1.318
3 16 -8.058 -57.203 -1.251 -7.282 -57.454 -1.318 -8.023 -57.86 -2.138
3 16 -8.058 -57.203 -1.251 -8.023 -57.86 -2.138 -9.29 -57.254 -2.204
3 16 -8.512 -56.92 -1.155 -8.058 -57.203 -1.251 -9.29 -57.254 -2.204
3 16 -8.512 -56.92 -1.155 -9.29 -57.254 -2.204 -9.571 -56.683 -1.966
3 16 -10.609 -56.279 -2.495 -9.571 -56.683 -1.966 -9.29 -57.254 -2.204
3 16 -10.609 -56.279 -2.495 -9.29 -57.254 -2.204 -11.109 -56.898 -2.825
3 16 -11.789 -55.633 -2.793 -10.609 -56.279 -2.495 -11.109 -56.898 -2.825
3 16 -11.789 -55.633 -2.793 -11.109 -56.898 -2.825 -12.243 -56.135 -2.86
3 16 -11.789 -55.633 -2.793 -12.243 -56.135 -2.86 -12.707 -55.166 -2.806
3 16 -11.789 -55.633 -2.793 -12.707 -55.166 -2.806 -12.115 -55.088 -2.798
3 16 -12.115 -55.088 -2.798 -12.707 -55.166 -2.806 -12.313 -53.991 -2.815
3 16 -12.313 -53.991 -2.815 -11.856 -54.508 -2.752 -12.115 -55.088 -2.798
3 16 -11.109 -56.898 -2.825 -9.29 -57.254 -2.204 -10.043 -57.848 -2.808
3 16 -11.109 -56.898 -2.825 -10.043 -57.848 -2.808 -11.533 -57.256 -2.926
3 16 -12.243 -56.135 -2.86 -11.109 -56.898 -2.825 -11.533 -57.256 -2.926
3 16 -9.29 -57.254 -2.204 -8.671 -58.417 -2.715 -10.043 -57.848 -2.808
3 16 -9.29 -57.254 -2.204 -8.023 -57.86 -2.138 -8.671 -58.417 -2.715
3 16 -12.707 -55.166 -2.806 -13.458 -53.933 -2.681 -12.313 -53.991 -2.815
4 16 -13.458 -53.933 -2.681 -12.707 -55.166 -2.806 -12.843 -56.44 -2.787 -13.363 -55.271 -2.696
3 16 -12.707 -55.166 -2.806 -12.243 -56.135 -2.86 -12.843 -56.44 -2.787
3 16 -12.243 -56.135 -2.86 -11.533 -57.256 -2.926 -12.843 -56.44 -2.787
3 16 -13.363 -55.271 -2.696 -14.314 -53.986 -2.197 -13.458 -53.933 -2.681
3 16 -13.363 -55.271 -2.696 -14.132 -55.475 -2.29 -14.314 -53.986 -2.197
3 16 -14.858 -55.691 -1.55 -14.314 -53.986 -2.197 -14.132 -55.475 -2.29
3 16 -15.304 -55.898 -.235 -15.059 -54.011 -1.311 -14.858 -55.691 -1.55
3 16 -15.304 -55.898 -.235 -15.399 -54.067 -.086 -15.059 -54.011 -1.311
3 16 -13.444 -56.781 -2.568 -13.363 -55.271 -2.696 -12.843 -56.44 -2.787
3 16 -13.444 -56.781 -2.568 -14.132 -55.475 -2.29 -13.363 -55.271 -2.696
3 16 -12.843 -56.44 -2.787 -11.533 -57.256 -2.926 -12.084 -57.728 -2.909
3 16 -10.043 -57.848 -2.808 -8.671 -58.417 -2.715 -9.352 -59.103 -3.059
3 16 -10.043 -57.848 -2.808 -9.352 -59.103 -3.059 -10.778 -58.522 -3.023
3 16 -10.778 -58.522 -3.023 -11.533 -57.256 -2.926 -10.043 -57.848 -2.808
3 16 -10.778 -58.522 -3.023 -12.084 -57.728 -2.909 -11.533 -57.256 -2.926
3 16 -10.778 -58.522 -3.023 -9.352 -59.103 -3.059 -10.077 -59.75 -3.087
3 16 -10.778 -58.522 -3.023 -10.077 -59.75 -3.087 -11.381 -59.154 -2.913
3 16 -12.084 -57.728 -2.909 -10.778 -58.522 -3.023 -11.381 -59.154 -2.913
3 16 -10.908 -60.122 -2.825 -11.381 -59.154 -2.913 -10.077 -59.75 -3.087
3 16 -10.908 -60.122 -2.825 -11.858 -59.841 -2.578 -11.381 -59.154 -2.913
3 16 -12.084 -57.728 -2.909 -11.381 -59.154 -2.913 -12.71 -58.367 -2.654
3 16 -12.71 -58.367 -2.654 -11.381 -59.154 -2.913 -11.858 -59.841 -2.578
4 16 -12.843 -56.44 -2.787 -12.084 -57.728 -2.909 -12.71 -58.367 -2.654 -13.444 -56.781 -2.568
3 16 -12.71 -58.367 -2.654 -11.858 -59.841 -2.578 -13.12 -59.124 -2.134
3 16 -14.132 -55.475 -2.29 -14.105 -57.265 -2.034 -14.858 -55.691 -1.55
3 16 -14.132 -55.475 -2.29 -13.444 -56.781 -2.568 -14.105 -57.265 -2.034
3 16 -12.71 -58.367 -2.654 -14.105 -57.265 -2.034 -13.444 -56.781 -2.568
3 16 -13.12 -59.124 -2.134 -14.105 -57.265 -2.034 -12.71 -58.367 -2.654
3 16 -13.12 -59.124 -2.134 -14.543 -57.902 -1.083 -14.105 -57.265 -2.034
3 16 -14.543 -57.902 -1.083 -14.858 -55.691 -1.55 -14.105 -57.265 -2.034
3 16 -14.543 -57.902 -1.083 -15.304 -55.898 -.235 -14.858 -55.691 -1.55
3 16 -14.814 -57.585 .075 -15.304 -55.898 -.235 -14.543 -57.902 -1.083
3 16 -14.814 -57.585 .075 -15.027 -56.564 .743 -15.304 -55.898 -.235
3 16 -15.204 -55.067 .926 -15.399 -54.067 -.086 -15.304 -55.898 -.235
3 16 -15.204 -55.067 .926 -15.137 -53.903 1.167 -15.399 -54.067 -.086
3 16 -15.027 -56.564 .743 -15.204 -55.067 .926 -15.304 -55.898 -.235
3 16 -15.027 -56.564 .743 -14.82 -55.438 1.615 -15.204 -55.067 .926
3 16 -14.82 -55.438 1.615 -15.137 -53.903 1.167 -15.204 -55.067 .926
3 16 -14.82 -55.438 1.615 -14.327 -54.029 2.225 -15.137 -53.903 1.167
3 16 -11.37 -53.659 -2.617 -11.856 -54.508 -2.752 -12.313 -53.991 -2.815
3 16 -11.37 -53.659 -2.617 -11.196 -54.319 -2.506 -11.856 -54.508 -2.752
3 16 -10.5 -53.514 -2.029 -11.196 -54.319 -2.506 -11.37 -53.659 -2.617
3 16 -10.5 -53.514 -2.029 -10.408 -54.314 -1.935 -11.196 -54.319 -2.506
3 16 -9.904 -53.428 -1.174 -10.408 -54.314 -1.935 -10.5 -53.514 -2.029
3 16 -9.904 -53.428 -1.174 -9.861 -54.31 -1.062 -10.408 -54.314 -1.935
3 16 -12.31 -52.532 -2.806 -11.37 -53.659 -2.617 -12.313 -53.991 -2.815
3 16 -12.31 -52.532 -2.806 -11.311 -52.531 -2.551 -11.37 -53.659 -2.617
3 16 -11.311 -52.531 -2.551 -10.5 -53.514 -2.029 -11.37 -53.659 -2.617
3 16 -11.311 -52.531 -2.551 -10.467 -52.53 -1.944 -10.5 -53.514 -2.029
3 16 -9.904 -53.428 -1.174 -10.5 -53.514 -2.029 -10.467 -52.53 -1.944
3 16 -9.904 -53.428 -1.174 -10.467 -52.53 -1.944 -9.898 -52.529 -1.063
4 16 -12.31 -52.532 -2.806 -12.313 -53.991 -2.815 -13.458 -53.933 -2.681 -13.349 -52.531 -2.695
4 16 -13.349 -52.531 -2.695 -13.458 -53.933 -2.681 -14.314 -53.986 -2.197 -14.363 -52.53 -2.131
4 16 -14.858 -55.691 -1.55 -15.059 -54.011 -1.311 -14.363 -52.53 -2.131 -14.314 -53.986 -2.197
3 16 -15.059 -54.011 -1.311 -15.07 -52.571 -1.19 -14.363 -52.53 -2.131
3 16 -15.07 -52.571 -1.19 -15.059 -54.011 -1.311 -15.399 -54.067 -.086
3 16 -15.07 -52.571 -1.19 -15.399 -54.067 -.086 -15.346 -52.596 -.019
4 16 -9.898 -52.529 -1.063 -9.665 -53.4 -.122 -9.861 -54.31 -1.062 -9.904 -53.428 -1.174
3 16 -9.898 -52.529 -1.063 -9.689 -52.529 -.068 -9.665 -53.4 -.122
3 16 -9.861 -54.31 -1.062 -9.665 -53.4 -.122 -9.666 -54.305 -.133
4 16 -9.784 -54.327 .835 -9.665 -53.4 -.122 -9.689 -52.529 -.068 -9.813 -53.389 .907
3 16 -9.813 -53.389 .907 -9.689 -52.529 -.068 -9.859 -52.529 .947
3 16 -9.859 -52.529 .947 -10.287 -53.426 1.816 -9.813 -53.389 .907
3 16 -9.859 -52.529 .947 -10.367 -52.514 1.832 -10.287 -53.426 1.816
3 16 -10.269 -54.297 1.813 -9.813 -53.389 .907 -10.287 -53.426 1.816
3 16 -10.269 -54.297 1.813 -9.784 -54.327 .835 -9.813 -53.389 .907
3 16 -9.784 -54.327 .835 -9.666 -54.305 -.133 -9.665 -53.4 -.122
3 16 -15.346 -52.596 -.019 -15.399 -54.067 -.086 -15.137 -53.903 1.167
3 16 -15.346 -52.596 -.019 -15.137 -53.903 1.167 -15.032 -52.571 1.287
3 16 -14.327 -52.548 2.155 -15.032 -52.571 1.287 -15.137 -53.903 1.167
3 16 -14.327 -52.548 2.155 -15.137 -53.903 1.167 -14.327 -54.029 2.225
4 16 -14.327 -54.029 2.225 -13.337 -53.43 2.727 -13.32 -52.539 2.704 -14.327 -52.548 2.155
4 16 -13.32 -52.539 2.704 -13.337 -53.43 2.727 -12.268 -53.74 2.852 -12.221 -52.563 2.818
3 16 -11.142 -52.519 2.462 -12.221 -52.563 2.818 -12.268 -53.74 2.852
3 16 -11.142 -52.519 2.462 -12.268 -53.74 2.852 -11.436 -54.366 2.688
3 16 -10.287 -53.426 1.816 -10.367 -52.514 1.832 -11.142 -52.519 2.462
4 16 -11.142 -52.519 2.462 -11.436 -54.366 2.688 -10.269 -54.297 1.813 -10.287 -53.426 1.816
4 16 3.696 0 1.531 4 0 0 1.5 0 0 1.5 0 1.5
4 16 3.696 0 -1.531 1.5 0 -1.5 1.5 0 0 4 0 0
4 16 3.696 0 -1.531 2.828 0 -2.828 1.531 0 -3.696 1.5 0 -1.5
4 16 1.531 0 -3.696 0 0 -4 0 0 -1.5 1.5 0 -1.5
4 16 -1.5 0 -1.5 0 0 -1.5 0 0 -4 -1.531 0 -3.696
4 16 -1.531 0 -3.696 -2.828 0 -2.828 -3.696 0 -1.531 -1.5 0 -1.5
4 16 -3.696 0 -1.531 -4 0 0 -1.5 0 0 -1.5 0 -1.5
4 16 -3.696 0 1.531 -1.5 0 1.5 -1.5 0 0 -4 0 0
4 16 -1.531 0 3.696 -1.5 0 1.5 -3.696 0 1.531 -2.828 0 2.828
4 16 -1.531 0 3.696 0 0 4 0 0 1.5 -1.5 0 1.5
4 16 0 0 4 1.531 0 3.696 1.5 0 1.5 0 0 1.5
4 16 1.531 0 3.696 2.828 0 2.828 3.696 0 1.531 1.5 0 1.5
2 24 -4 0 0 -3.696 0 -1.531
2 24 -3.696 0 -1.531 -2.828 0 -2.828
2 24 -2.828 0 -2.828 -1.531 0 -3.696
2 24 -3.696 0 1.531 -4 0 0
2 24 -2.828 0 2.828 -3.696 0 1.531
2 24 -1.531 0 3.696 -2.828 0 2.828
2 24 0 0 4 -1.531 0 3.696
2 24 1.531 0 3.696 0 0 4
2 24 2.828 0 2.828 1.531 0 3.696
2 24 3.696 0 1.531 2.828 0 2.828
2 24 4 0 0 3.696 0 1.531
2 24 3.696 0 -1.531 4 0 0
2 24 2.828 0 -2.828 3.696 0 -1.531
2 24 1.531 0 -3.696 2.828 0 -2.828
2 24 0 0 -4 1.531 0 -3.696
2 24 -1.531 0 -3.696 0 0 -4

5 24 -14.858 -55.691 -1.55 -14.543 -57.902 -1.083 -14.105 -57.265 -2.034 -15.304 -55.898 -.235
5 24 -15.202 -51.541 -.03 -15.346 -52.596 -.019 -14.951 -51.542 1.13 -14.932 -51.542 -1.163
5 24 -12.309 -50.127 1.559 -12.389 -49.841 .952 -12.896 -50.116 1.525 -11.776 -50.128 1.376
5 24 -14.132 -55.475 -2.29 -14.858 -55.691 -1.55 -14.105 -57.265 -2.034 -14.314 -53.986 -2.197
5 24 -13.886 -50.689 -1.736 -13.459 -50.116 -1.231 -14.482 -50.683 -.995 -12.902 -50.121 -1.516
5 24 -11.776 -50.128 1.376 -11.351 -50.112 1.025 -10.849 -50.682 1.456 -12.074 -49.843 .839
5 24 -15.204 -55.067 .926 -15.027 -56.564 .743 -15.304 -55.898 -.235 -14.82 -55.438 1.615
5 24 -10.504 -60.711 -2.791 -10.908 -60.122 -2.825 -11.858 -59.841 -2.578 -10.077 -59.75 -3.087
5 24 -13.32 -52.539 2.704 -12.221 -52.563 2.818 -13.337 -53.43 2.727 -13.226 -51.546 2.595
5 24 1.531 0 -3.696 1.531 -4.205 -3.696 .5446 -4.1849 -3.8919 2.828 0 -2.828
5 24 -1.531 -19.58 -3.696 -1.531 -27.087 -3.696 0 -20.499 -4 -2.828 -26.122 -2.828
5 24 -10.778 -58.522 -3.023 -9.352 -59.103 -3.059 -10.043 -57.848 -2.808 -10.077 -59.75 -3.087
5 24 -4.923 -58.068 2.847 -4.723 -59.364 3.463 -6.01 -58.394 2.704 -3.378 -58.781 3.646
5 24 -14.858 -55.691 -1.55 -14.105 -57.265 -2.034 -14.132 -55.475 -2.29 -14.543 -57.902 -1.083
5 24 -6.329 -57.099 .002 -5.837 -56.962 .009 -5.985 -57.448 1.606 -5.935 -57.348 -1.44
5 24 -15.137 -53.903 1.167 -14.82 -55.438 1.615 -15.204 -55.067 .926 -14.327 -54.029 2.225
5 24 -4.723 -59.364 3.463 -3.413 -60.006 3.738 -3.378 -58.781 3.646 -5.121 -60.826 3.57
5 24 -13.327 -49.839 -.427 -13.426 -49.822 0 -13.879 -50.11 -.696 -12.898 -49.732 -.209
5 24 0 -5.502 4 0 0 4 1.531 -4.412 3.696 -1.531 0 3.696
5 24 -12.259 -50.694 -2.203 -12.902 -50.121 -1.516 -12.313 -50.125 -1.554 -13.098 -50.693 -2.137
5 24 -13.073 -49.841 -.757 -12.777 -49.734 -.368 -12.616 -49.73 -.449 -13.327 -49.839 -.427
5 24 -11.196 -54.319 -2.506 -10.5 -53.514 -2.029 -11.37 -53.659 -2.617 -10.408 -54.314 -1.935
5 24 3.696 -8.327 -1.531 3.696 -15.707 -1.531 4 -9.231 0 2.828 -14.926 -2.828
5 24 -10.532 -51.545 -1.801 -10.013 -51.546 -.955 -9.898 -52.529 -1.063 -10.86 -50.683 -1.462
5 24 -10.45 -50.685 .774 -10.006 -51.544 .926 -10.849 -50.682 1.456 -10.298 -50.678 0
5 24 -8.023 -57.86 -2.138 -8.058 -57.203 -1.251 -7.282 -57.454 -1.318 -9.29 -57.254 -2.204
5 24 -13.456 -50.116 1.229 -13.083 -50.693 2.143 -13.892 -50.688 1.73 -12.896 -50.116 1.525
5 24 -13.12 -59.124 -2.134 -13.076 -60.026 -1.498 -11.845 -60.564 -2.225 -14.543 -57.902 -1.083
5 24 -7.282 -57.454 -1.318 -6.896 -57.144 .038 -7.43 -57.078 .067 -6.503 -57.453 -1.35
5 24 -11.37 -53.659 -2.617 -12.31 -52.532 -2.806 -12.313 -53.991 -2.815 -11.311 -52.531 -2.551
5 24 3.696 0 -1.531 3.696 -4.212 -1.531 2.828 -4.209 -2.828 4 0 0
5 24 -15.07 -52.571 -1.19 -14.932 -51.542 -1.163 -14.363 -52.53 -2.131 -15.346 -52.596 -.019
5 24 -12.898 -49.732 -.209 -13.327 -49.839 -.427 -12.777 -49.734 -.368 -13.426 -49.822 0
5 24 -4.923 -58.068 2.847 -5.382 -57.221 1.677 -4.27 -57.632 2.896 -5.985 -57.448 1.606
5 24 -12.616 -49.736 .448 -12.454 -49.726 .458 -12.736 -49.845 .927 -12.513 -49.688 0
5 24 -2.571 -63.584 .581 -.377 -62.492 1.007 -1.36 -63.1 -.531 -1.758 -62.505 2.362
5 24 -1.758 -62.505 2.362 -2.571 -63.584 .581 -.377 -62.492 1.007 -3.778 -63.653 1.493
5 24 -11.649 -49.841 -.334 -11.825 -49.834 -.618 -12.105 -49.734 -.162 -11.354 -50.114 -1.019
5 24 -14.327 -54.029 2.225 -14.82 -55.438 1.615 -14.204 -56.048 2.215 -15.137 -53.903 1.167
5 24 -8.023 -57.86 -2.138 -7.282 -57.454 -1.318 -8.058 -57.203 -1.251 -6.724 -58.113 -2.297
5 24 -8.023 -57.86 -2.138 -7.318 -58.835 -2.834 -8.671 -58.417 -2.715 -6.724 -58.113 -2.297
5 24 -12.71 -58.367 -2.654 -14.105 -57.265 -2.034 -13.12 -59.124 -2.134 -13.444 -56.781 -2.568
5 24 -9.665 -53.4 -.122 -9.898 -52.529 -1.063 -9.861 -54.31 -1.062 -9.689 -52.529 -.068
5 24 -12.31 -52.532 -2.806 -13.261 -51.549 -2.577 -12.27 -51.551 -2.669 -13.349 -52.531 -2.695
5 24 1.321 -51.478 -3.951 .478 -55.103 -4.042 -.185 -50.479 -4 2.38 -54.786 -3.345
5 24 2.536 -59.83 -.477 2.536 -58.582 -2.233 3.817 -57.188 -.327 1.065 -60.635 -2.163
5 24 .774 -59.029 -3.406 .008 -60.395 -3.104 -.575 -58.719 -3.867 1.065 -60.635 -2.163
5 24 -14.105 -57.265 -2.034 -13.444 -56.781 -2.568 -12.71 -58.367 -2.654 -14.132 -55.475 -2.29
5 24 -12.777 -49.734 -.368 -12.616 -49.73 -.449 -12.513 -49.688 0 -13.073 -49.841 -.757
5 24 -7.084 -58.566 2.742 -7.273 -57.506 1.566 -7.868 -58.479 2.769 -6.665 -57.537 1.546
5 24 -1.531 -12.043 -3.696 -1.531 0 -3.696 -2.828 -11.147 -2.828 0 -5.201 -4
5 24 -14.814 -57.585 .075 -14.513 -58.21 .479 -14.065 -59.169 -.475 -15.027 -56.564 .743
5 24 -13.426 -49.822 0 -12.898 -49.732 -.209 -12.943 -49.718 0 -13.327 -49.839 -.427
5 24 -10.849 -50.682 1.456 -11.351 -50.112 1.025 -11.776 -50.128 1.376 -10.45 -50.685 .774
5 24 -3.696 -47.769 -1.531 -3.909 -55.122 -1.577 -4 -46.782 0 -3.203 -55.86 -2.806
5 24 -11.826 -49.836 .618 -12.307 -49.732 .404 -12.188 -49.732 .301 -12.074 -49.843 .839
5 24 -11.351 -50.112 1.025 -11.826 -49.836 .618 -12.074 -49.843 .839 -11.656 -49.838 .332
5 24 2.828 -41.175 2.828 2.828 -48.68 2.828 3.696 -47.735 1.531 1.531 -42.094 3.696
5 24 -11.37 -53.659 -2.617 -10.5 -53.514 -2.029 -11.196 -54.319 -2.506 -11.311 -52.531 -2.551
5 24 -13.886 -50.689 -1.736 -13.098 -50.693 -2.137 -13.261 -51.549 -2.577 -13.459 -50.116 -1.231
5 24 -15.027 -56.564 .743 -14.608 -57.206 1.365 -14.513 -58.21 .479 -14.82 -55.438 1.615
5 24 -10.5 -53.514 -2.029 -9.904 -53.428 -1.174 -10.408 -54.314 -1.935 -10.467 -52.53 -1.944
5 24 0 -50.521 4.011 0 -43.027 4 -1.531 -43.959 3.696 1.531 -49.596 3.696
5 24 -13.226 -51.546 2.595 -13.083 -50.693 2.143 -12.217 -51.551 2.66 -13.892 -50.688 1.73
5 24 3.817 -57.188 -.327 3.181 -58.114 1.543 2.536 -59.83 -.477 3.696 -55.357 1.531
5 24 -12.736 -49.845 .927 -12.896 -50.116 1.525 -12.389 -49.841 .952 -13.456 -50.116 1.229
5 24 -12.074 -49.843 .839 -11.776 -50.128 1.376 -11.351 -50.112 1.025 -12.389 -49.841 .952
5 24 -15.346 -52.596 -.019 -15.032 -52.571 1.287 -14.951 -51.542 1.13 -15.137 -53.903 1.167
5 24 -12.31 -52.532 -2.806 -13.349 -52.531 -2.695 -13.261 -51.549 -2.577 -12.313 -53.991 -2.815
5 24 -13.076 -60.026 -1.498 -11.588 -61.306 -1.87 -12.828 -60.731 -.972 -11.845 -60.564 -2.225
5 24 -15.346 -52.596 -.019 -15.07 -52.571 -1.19 -15.399 -54.067 -.086 -15.202 -51.541 -.03
5 24 -10.006 -51.544 .926 -10.5 -51.545 1.763 -10.45 -50.685 .774 -10.367 -52.514 1.832
5 24 -14.951 -51.542 1.13 -15.202 -51.541 -.03 -15.346 -52.596 -.019 -14.722 -50.673 -.023
5 24 1.723 -56.79 -3.529 -.575 -58.719 -3.867 .774 -59.029 -3.406 .478 -55.103 -4.042
5 24 .478 -55.103 -4.042 -.185 -50.479 -4 1.321 -51.478 -3.951 -1.415 -57.389 -3.931
5 24 -14.065 -59.169 -.475 -14.814 -57.585 .075 -14.513 -58.21 .479 -14.543 -57.902 -1.083
5 24 -3.696 0 1.531 -3.696 -8.251 1.531 -4 0 0 -2.828 -7.377 2.828
5 24 -12.313 -53.991 -2.815 -12.707 -55.166 -2.806 -12.115 -55.088 -2.798 -13.458 -53.933 -2.681
5 24 -6.323 -59.797 3.345 -7.084 -58.566 2.742 -7.844 -59.941 3.311 -6.01 -58.394 2.704
5 24 3.696 -23.341 -1.531 3.696 -30.761 -1.531 4 -24.254 0 2.828 -29.807 -2.828
5 24 -11.825 -49.834 -.618 -12.073 -49.843 -.839 -12.307 -49.74 -.403 -11.354 -50.114 -1.019
5 24 -2.219 -56.721 -3.641 -2.828 -48.675 -2.828 -1.531 -49.622 -3.696 -3.203 -55.86 -2.806
5 24 -12.71 -58.367 -2.654 -11.858 -59.841 -2.578 -13.12 -59.124 -2.134 -11.381 -59.154 -2.913
5 24 -7.084 -58.566 2.742 -6.01 -58.394 2.704 -6.665 -57.537 1.546 -6.323 -59.797 3.345
5 24 -7.273 -57.506 1.566 -7.59 -57.368 1.484 -7.868 -58.479 2.769 -7.43 -57.078 .067
5 24 -13.879 -50.11 -.696 -14.482 -50.683 -.995 -14.722 -50.673 -.023 -13.459 -50.116 -1.231
5 24 -3.541 -61.903 3.302 -5.583 -63.027 2.625 -5.121 -60.826 3.57 -3.778 -63.653 1.493
5 24 -11.458 -50.688 1.959 -10.849 -50.682 1.456 -11.776 -50.128 1.376 -11.257 -51.554 2.38
5 24 -11.477 -50.689 -1.966 -12.313 -50.125 -1.554 -12.259 -50.694 -2.203 -11.78 -50.128 -1.371
5 24 -10.077 -59.75 -3.087 -10.504 -60.711 -2.791 -8.889 -60.408 -3.197 -10.908 -60.122 -2.825
5 24 1.715 -60.586 1.361 -.377 -62.492 1.007 .615 -61.88 -.554 .234 -60.759 2.836
5 24 -11.354 -50.114 -1.019 -11.78 -50.128 -1.371 -10.86 -50.683 -1.462 -12.073 -49.843 -.839
5 24 -11.351 -50.112 1.025 -12.074 -49.843 .839 -11.826 -49.836 .618 -11.776 -50.128 1.376
5 24 -6.724 -58.113 -2.297 -6.503 -57.453 -1.35 -6.049 -58.134 -2.477 -7.282 -57.454 -1.318
5 24 -.426 -62.074 -1.849 .615 -61.88 -.554 1.065 -60.635 -2.163 -1.36 -63.1 -.531
5 24 -13.073 -49.841 -.757 -13.327 -49.839 -.427 -13.459 -50.116 -1.231 -12.898 -49.732 -.209
5 24 -13.098 -50.693 -2.137 -12.902 -50.121 -1.516 -12.259 -50.694 -2.203 -13.886 -50.689 -1.736
5 24 -11.649 -49.841 -.334 -10.965 -50.097 0 -11.594 -49.825 0 -11.063 -50.105 -.549
5 24 -11.533 -57.256 -2.926 -12.243 -56.135 -2.86 -11.109 -56.898 -2.825 -12.843 -56.44 -2.787
5 24 -15.204 -55.067 .926 -15.304 -55.898 -.235 -15.399 -54.067 -.086 -15.027 -56.564 .743
5 24 3.546 -56.017 -2.002 2.679 -52.383 -3.143 2.38 -54.786 -3.345 3.696 -53.426 -1.531
5 24 -12.896 -50.116 1.525 -12.309 -50.127 1.559 -12.236 -50.694 2.2 -12.389 -49.841 .952
5 24 -13.32 -52.539 2.704 -14.235 -51.544 2.063 -13.226 -51.546 2.595 -14.327 -52.548 2.155
5 24 -12.217 -51.551 2.66 -12.221 -52.563 2.818 -11.142 -52.519 2.462 -13.226 -51.546 2.595
5 24 -12.313 -53.991 -2.815 -11.856 -54.508 -2.752 -12.115 -55.088 -2.798 -11.37 -53.659 -2.617
5 24 -14.722 -50.673 -.023 -15.202 -51.541 -.03 -14.932 -51.542 -1.163 -14.951 -51.542 1.13
5 24 -12.082 -49.72 0 -12.513 -49.688 0 -12.105 -49.734 -.162 -12.11 -49.729 .16
5 24 -12.707 -55.166 -2.806 -11.789 -55.633 -2.793 -12.115 -55.088 -2.798 -12.243 -56.135 -2.86
5 24 -2.828 -44.927 2.828 -2.828 -52.398 2.828 -3.696 -45.871 1.531 -1.589 -51.473 3.516
5 24 -13.349 -52.531 -2.695 -13.458 -53.933 -2.681 -12.31 -52.532 -2.806 -14.314 -53.986 -2.197
5 24 3.817 -57.188 -.327 2.536 -58.582 -2.233 2.536 -59.83 -.477 3.546 -56.017 -2.002
5 24 -10.504 -60.711 -2.791 -8.889 -60.408 -3.197 -9.884 -61.39 -2.757 -10.077 -59.75 -3.087
5 24 -12.513 -49.688 0 -12.189 -49.741 -.3 -12.307 -49.74 -.403 -12.082 -49.72 0
5 24 -11.354 -50.114 -1.019 -11.825 -49.834 -.618 -12.073 -49.843 -.839 -11.649 -49.841 -.334
5 24 -2.828 -41.161 -2.828 -2.828 -33.656 -2.828 -3.696 -40.253 -1.531 -1.531 -34.597 -3.696
5 24 -11.311 -52.531 -2.551 -12.31 -52.532 -2.806 -12.27 -51.551 -2.669 -11.37 -53.659 -2.617
5 24 -8.165 -60.816 -3.268 -8.002 -59.619 -3.184 -8.889 -60.408 -3.197 -6.997 -59.93 -3.304
5 24 -7.868 -58.479 2.769 -7.273 -57.506 1.566 -7.084 -58.566 2.742 -7.59 -57.368 1.484
5 24 -13.083 -50.693 2.143 -12.896 -50.116 1.525 -13.456 -50.116 1.229 -12.236 -50.694 2.2
5 24 -8.889 -60.408 -3.197 -8.002 -59.619 -3.184 -8.165 -60.816 -3.268 -9.352 -59.103 -3.059
5 24 -4.27 -57.632 2.896 -4.923 -58.068 2.847 -3.378 -58.781 3.646 -5.382 -57.221 1.677
5 24 -1.576 -60.47 3.623 -3.541 -61.903 3.302 -3.413 -60.006 3.738 -1.758 -62.505 2.362
5 24 -12.307 -49.74 -.403 -12.073 -49.843 -.839 -11.825 -49.834 -.618 -12.454 -49.728 -.458
5 24 -15.032 -52.571 1.287 -14.327 -52.548 2.155 -14.235 -51.544 2.063 -15.137 -53.903 1.167
5 24 -15.027 -56.564 .743 -14.814 -57.585 .075 -15.304 -55.898 -.235 -14.513 -58.21 .479
5 24 -11.381 -59.154 -2.913 -10.778 -58.522 -3.023 -12.084 -57.728 -2.909 -10.077 -59.75 -3.087
5 24 1.531 -12.047 3.696 1.531 -19.579 3.696 2.828 -18.656 2.828 0 -12.999 4
5 24 1.531 -13.964 -3.696 1.531 -6.348 -3.696 2.828 -7.297 -2.828 0 -12.942 -4
5 24 -14.482 -50.683 -.995 -14.238 -51.545 -2.062 -13.886 -50.689 -1.736 -14.932 -51.542 -1.163
5 24 -12.307 -49.74 -.403 -12.513 -49.688 0 -12.189 -49.741 -.3 -12.454 -49.728 -.458
5 24 -1.531 -34.597 -3.696 -1.531 -42.109 -3.696 0 -35.53 -4 -2.828 -41.161 -2.828
5 24 0 -43.039 -4 0 -35.53 -4 1.531 -36.451 -3.696 -1.531 -42.109 -3.696
5 24 -11.142 -52.519 2.462 -10.287 -53.426 1.816 -10.367 -52.514 1.832 -11.436 -54.366 2.688
5 24 -12.082 -49.72 0 -11.594 -49.825 0 -12.11 -49.729 .16 -12.105 -49.734 -.162
5 24 3.696 0 1.531 3.696 -4.181 1.531 2.828 0 2.828 4 -4.201 0
5 24 -13.349 -52.531 -2.695 -13.261 -51.549 -2.577 -14.238 -51.545 -2.062 -12.31 -52.532 -2.806
5 24 -9.689 -52.529 -.068 -9.898 -52.529 -1.063 -9.665 -53.4 -.122 -10.013 -51.546 -.955
5 24 -15.346 -52.596 -.019 -15.399 -54.067 -.086 -15.07 -52.571 -1.19 -15.137 -53.903 1.167
5 24 -10.077 -59.75 -3.087 -10.778 -58.522 -3.023 -9.352 -59.103 -3.059 -11.381 -59.154 -2.913
5 24 -10.504 -60.711 -2.791 -9.884 -61.39 -2.757 -8.889 -60.408 -3.197 -11.845 -60.564 -2.225
5 24 -5.121 -60.826 3.57 -7.012 -61.564 3.3 -6.323 -59.797 3.345 -5.583 -63.027 2.625
5 24 -12.313 -53.991 -2.815 -12.31 -52.532 -2.806 -11.37 -53.659 -2.617 -13.458 -53.933 -2.681
5 24 -14.046 -50.093 0 -14.497 -50.679 .966 -14.722 -50.673 -.023 -13.873 -50.109 .698
5 24 -11.656 -49.838 .332 -12.11 -49.729 .16 -11.594 -49.825 0 -12.188 -49.732 .301
5 24 -7.012 -61.564 3.3 -6.323 -59.797 3.345 -5.121 -60.826 3.57 -7.844 -59.941 3.311
5 24 -14.543 -57.902 -1.083 -14.105 -57.265 -2.034 -14.858 -55.691 -1.55 -13.12 -59.124 -2.134
5 24 -10.908 -60.122 -2.825 -11.381 -59.154 -2.913 -11.858 -59.841 -2.578 -10.077 -59.75 -3.087
5 24 -12.513 -49.688 0 -12.188 -49.732 .301 -12.454 -49.726 .458 -12.11 -49.729 .16
5 24 -11.351 -50.112 1.025 -11.064 -50.104 .55 -11.656 -49.838 .332 -10.45 -50.685 .774
5 24 -14.314 -53.986 -2.197 -13.458 -53.933 -2.681 -14.363 -52.53 -2.131 -13.363 -55.271 -2.696
5 24 -12.188 -49.732 .301 -12.307 -49.732 .404 -11.826 -49.836 .618 -12.513 -49.688 0
5 24 -10.504 -60.711 -2.791 -11.858 -59.841 -2.578 -10.908 -60.122 -2.825 -11.845 -60.564 -2.225
5 24 -10.45 -50.685 .774 -11.064 -50.104 .55 -11.351 -50.112 1.025 -10.298 -50.678 0
5 24 -15.346 -52.596 -.019 -14.951 -51.542 1.13 -15.032 -52.571 1.287 -15.202 -51.541 -.03
5 24 -14.046 -50.093 0 -14.722 -50.673 -.023 -14.497 -50.679 .966 -13.879 -50.11 -.696
5 24 -15.059 -54.011 -1.311 -14.858 -55.691 -1.55 -15.304 -55.898 -.235 -14.363 -52.53 -2.131
5 24 -3.696 -45.871 1.531 -3.696 -53.271 1.531 -2.828 -52.398 2.828 -4 -46.782 0
5 24 0 0 -4 0 -4.546 -4 -1.531 0 -3.696 1.531 0 -3.696
5 24 -2.828 -26.122 -2.828 -2.828 -18.637 -2.828 -3.696 -25.19 -1.531 -1.531 -19.58 -3.696
5 24 -8.889 -60.408 -3.197 -10.077 -59.75 -3.087 -10.504 -60.711 -2.791 -9.352 -59.103 -3.059
5 24 -10.849 -50.682 1.456 -10.45 -50.685 .774 -11.351 -50.112 1.025 -10.5 -51.545 1.763
5 24 -9.832 -51.542 -.026 -10.298 -50.678 0 -10.013 -51.546 -.955 -10.006 -51.544 .926
5 24 -13.892 -50.688 1.73 -14.497 -50.679 .966 -14.235 -51.544 2.063 -13.456 -50.116 1.229
5 24 0 -35.476 4 0 -28.032 4 -1.531 -28.973 3.696 1.531 -34.585 3.696
5 24 -13.337 -53.43 2.727 -14.327 -54.029 2.225 -13.44 -54.82 2.75 -13.32 -52.539 2.704
5 24 -13.32 -52.539 2.704 -13.226 -51.546 2.595 -14.235 -51.544 2.063 -12.221 -52.563 2.818
5 24 3.181 -58.114 1.543 1.803 -58.658 2.912 2.828 -56.435 2.828 1.715 -60.586 1.361
5 24 -14.82 -55.438 1.615 -15.027 -56.564 .743 -14.608 -57.206 1.365 -15.204 -55.067 .926
5 24 -1.642 -58.996 3.875 -2.578 -57.945 3.749 -.587 -57.857 3.989 -3.378 -58.781 3.646
5 24 -14.932 -51.542 -1.163 -15.202 -51.541 -.03 -14.722 -50.673 -.023 -15.07 -52.571 -1.19
5 24 -10.043 -57.848 -2.808 -11.109 -56.898 -2.825 -9.29 -57.254 -2.204 -11.533 -57.256 -2.926
5 24 -5.837 -56.962 .009 -5.985 -57.448 1.606 -6.329 -57.099 .002 -5.382 -57.221 1.677
5 24 2.38 -54.786 -3.345 .478 -55.103 -4.042 1.321 -51.478 -3.951 1.723 -56.79 -3.529
5 24 -6.329 -57.099 .002 -6.665 -57.537 1.546 -6.896 -57.144 .038 -5.985 -57.448 1.606
5 24 -10.5 -53.514 -2.029 -10.408 -54.314 -1.935 -9.904 -53.428 -1.174 -11.196 -54.319 -2.506
5 24 -11.381 -59.154 -2.913 -12.71 -58.367 -2.654 -11.858 -59.841 -2.578 -12.084 -57.728 -2.909
5 24 -6.665 -57.537 1.546 -6.01 -58.394 2.704 -5.985 -57.448 1.606 -7.084 -58.566 2.742
5 24 -10.043 -57.848 -2.808 -9.29 -57.254 -2.204 -11.109 -56.898 -2.825 -8.671 -58.417 -2.715
5 24 -12.259 -50.694 -2.203 -11.477 -50.689 -1.966 -11.308 -51.548 -2.402 -12.313 -50.125 -1.554
5 24 -8.671 -58.417 -2.715 -8.002 -59.619 -3.184 -7.318 -58.835 -2.834 -9.352 -59.103 -3.059
5 24 -11.594 -49.825 0 -11.656 -49.838 .332 -12.082 -49.72 0 -10.965 -50.097 0
5 24 -14.204 -56.048 2.215 -14.608 -57.206 1.365 -14.123 -57.958 1.67 -14.82 -55.438 1.615
5 24 -10.298 -50.678 0 -10.006 -51.544 .926 -9.832 -51.542 -.026 -10.45 -50.685 .774
5 24 -10.532 -51.545 -1.801 -11.308 -51.548 -2.402 -11.477 -50.689 -1.966 -10.467 -52.53 -1.944
5 24 -14.497 -50.679 .966 -14.951 -51.542 1.13 -14.235 -51.544 2.063 -14.722 -50.673 -.023
5 24 -9.859 -52.529 .947 -9.832 -51.542 -.026 -9.689 -52.529 -.068 -10.006 -51.544 .926
5 24 -1.415 -57.389 -3.931 -1.531 -49.622 -3.696 -2.219 -56.721 -3.641 -.185 -50.479 -4
5 24 -11.477 -50.689 -1.966 -10.86 -50.683 -1.462 -11.78 -50.128 -1.371 -10.532 -51.545 -1.801
5 24 -12.943 -49.718 0 -13.426 -49.822 0 -12.894 -49.734 .208 -12.898 -49.732 -.209
5 24 -10.609 -56.279 -2.495 -11.109 -56.898 -2.825 -9.29 -57.254 -2.204 -11.789 -55.633 -2.793
5 24 -9.898 -52.529 -1.063 -9.904 -53.428 -1.174 -9.665 -53.4 -.122 -10.467 -52.53 -1.944
5 24 -.377 -62.492 1.007 .615 -61.88 -.554 1.715 -60.586 1.361 -1.36 -63.1 -.531
5 24 -7.273 -57.506 1.566 -6.665 -57.537 1.546 -6.896 -57.144 .038 -7.084 -58.566 2.742
5 24 -1.758 -62.505 2.362 .234 -60.759 2.836 -1.576 -60.47 3.623 -.377 -62.492 1.007
5 24 -11.311 -52.531 -2.551 -10.5 -53.514 -2.029 -10.467 -52.53 -1.944 -11.37 -53.659 -2.617
5 24 -10.467 -52.53 -1.944 -11.311 -52.531 -2.551 -11.308 -51.548 -2.402 -10.5 -53.514 -2.029
5 24 -11.351 -50.112 1.025 -10.45 -50.685 .774 -10.849 -50.682 1.456 -11.064 -50.104 .55
5 24 -12.313 -50.125 -1.554 -12.733 -49.847 -.925 -12.902 -50.121 -1.516 -12.388 -49.84 -.953
5 24 -9.571 -56.683 -1.966 -9.29 -57.254 -2.204 -10.609 -56.279 -2.495 -8.512 -56.92 -1.155
5 24 1.803 -58.658 2.912 1.392 -57.126 3.546 2.828 -56.435 2.828 .239 -58.877 3.644
5 24 -12.268 -53.74 2.852 -13.337 -53.43 2.727 -13.44 -54.82 2.75 -12.221 -52.563 2.818
5 24 -9.29 -57.254 -2.204 -8.512 -56.92 -1.155 -9.571 -56.683 -1.966 -8.058 -57.203 -1.251
5 24 -12.902 -50.121 -1.516 -12.313 -50.125 -1.554 -12.259 -50.694 -2.203 -12.733 -49.847 -.925
5 24 -13.315 -49.835 .426 -13.069 -49.84 .755 -13.873 -50.109 .698 -12.773 -49.741 .365
5 24 2.38 -54.786 -3.345 1.723 -56.79 -3.529 .478 -55.103 -4.042 3.546 -56.017 -2.002
5 24 2.828 -56.435 2.828 3.181 -58.114 1.543 1.803 -58.658 2.912 3.696 -55.357 1.531
5 24 -1.531 -28.973 3.696 -1.531 -36.441 3.696 0 -35.476 4 -2.828 -29.876 2.828
5 24 -14.513 -58.21 .479 -14.065 -59.169 -.475 -14.814 -57.585 .075 -13.691 -59.864 .023
5 24 -10.367 -52.514 1.832 -11.142 -52.519 2.462 -10.287 -53.426 1.816 -10.5 -51.545 1.763
5 24 .239 -58.877 3.644 .234 -60.759 2.836 -1.576 -60.47 3.623 1.803 -58.658 2.912
5 24 -14.204 -56.048 2.215 -14.327 -54.029 2.225 -13.44 -54.82 2.75 -14.82 -55.438 1.615
5 24 -2.219 -56.721 -3.641 -1.531 -49.622 -3.696 -2.828 -48.675 -2.828 -1.415 -57.389 -3.931
5 24 -12.084 -57.728 -2.909 -12.843 -56.44 -2.787 -11.533 -57.256 -2.926 -12.71 -58.367 -2.654
5 24 -13.456 -50.116 1.229 -12.896 -50.116 1.525 -12.736 -49.845 .927 -13.083 -50.693 2.143
5 24 -7.43 -57.078 .067 -7.282 -57.454 -1.318 -6.896 -57.144 .038 -8.058 -57.203 -1.251
5 24 -11.78 -50.128 -1.371 -11.477 -50.689 -1.966 -12.313 -50.125 -1.554 -11.354 -50.114 -1.019
5 24 -12.773 -49.741 .365 -12.616 -49.736 .448 -12.513 -49.688 0 -13.069 -49.84 .755
5 24 -11.845 -60.564 -2.225 -11.858 -59.841 -2.578 -13.12 -59.124 -2.134 -10.504 -60.711 -2.791
5 24 -12.236 -50.694 2.2 -12.896 -50.116 1.525 -12.309 -50.127 1.559 -13.083 -50.693 2.143
5 24 -11.064 -50.104 .55 -10.965 -50.097 0 -11.656 -49.838 .332 -10.45 -50.685 .774
5 24 -11.656 -49.838 .332 -11.826 -49.836 .618 -11.351 -50.112 1.025 -12.188 -49.732 .301
5 24 -12.454 -49.726 .458 -12.074 -49.843 .839 -12.389 -49.841 .952 -12.307 -49.732 .404
5 24 -12.189 -49.741 -.3 -12.307 -49.74 -.403 -12.513 -49.688 0 -11.825 -49.834 -.618
5 24 3.546 -56.017 -2.002 3.817 -57.188 -.327 2.536 -58.582 -2.233 4 -54.32 0
5 24 -3.909 -55.122 -1.577 -4 -46.782 0 -3.696 -47.769 -1.531 -4.038 -54.297 -.187
5 24 -14.722 -50.673 -.023 -14.482 -50.683 -.995 -14.932 -51.542 -1.163 -14.046 -50.093 0
5 24 -9.904 -53.428 -1.174 -9.861 -54.31 -1.062 -9.898 -52.529 -1.063 -10.408 -54.314 -1.935
5 24 -12.736 -49.845 .927 -12.454 -49.726 .458 -12.616 -49.736 .448 -12.389 -49.841 .952
5 24 -6.503 -57.453 -1.35 -6.896 -57.144 .038 -7.282 -57.454 -1.318 -6.329 -57.099 .002
5 24 -13.098 -50.693 -2.137 -12.259 -50.694 -2.203 -12.902 -50.121 -1.516 -12.27 -51.551 -2.669
5 24 -11.308 -51.548 -2.402 -10.467 -52.53 -1.944 -11.311 -52.531 -2.551 -10.532 -51.545 -1.801
5 24 -13.315 -49.835 .426 -12.894 -49.734 .208 -13.426 -49.822 0 -12.773 -49.741 .365
5 24 -1.589 -51.473 3.516 -1.531 -43.959 3.696 0 -50.521 4.011 -2.828 -44.927 2.828
5 24 -1.576 -60.47 3.623 .234 -60.759 2.836 .239 -58.877 3.644 -1.758 -62.505 2.362
5 24 -2.828 -7.377 2.828 -2.828 0 2.828 -3.696 0 1.531 -1.531 -6.457 3.696
5 24 -14.82 -55.438 1.615 -15.204 -55.067 .926 -15.137 -53.903 1.167 -15.027 -56.564 .743
5 24 -12.236 -50.694 2.2 -12.309 -50.127 1.559 -12.896 -50.116 1.525 -11.458 -50.688 1.959
5 24 -11.311 -52.531 -2.551 -11.37 -53.659 -2.617 -12.31 -52.532 -2.806 -10.5 -53.514 -2.029
5 24 -12.389 -49.841 .952 -12.736 -49.845 .927 -12.454 -49.726 .458 -12.896 -50.116 1.525
5 24 -13.083 -50.693 2.143 -12.236 -50.694 2.2 -13.226 -51.546 2.595 -12.896 -50.116 1.525
5 24 -14.327 -52.548 2.155 -15.137 -53.903 1.167 -14.327 -54.029 2.225 -15.032 -52.571 1.287
5 24 -11.436 -54.366 2.688 -11.142 -52.519 2.462 -12.268 -53.74 2.852 -10.269 -54.297 1.813
5 24 3.817 -57.188 -.327 3.696 -55.357 1.531 4 -54.32 0 3.181 -58.114 1.543
5 24 -14.065 -59.169 -.475 -14.543 -57.902 -1.083 -13.076 -60.026 -1.498 -14.814 -57.585 .075
5 24 -13.426 -49.822 0 -12.894 -49.734 .208 -12.943 -49.718 0 -13.315 -49.835 .426
5 24 -7.273 -57.506 1.566 -6.896 -57.144 .038 -6.665 -57.537 1.546 -7.43 -57.078 .067
5 24 -5.985 -57.448 1.606 -6.329 -57.099 .002 -6.665 -57.537 1.546 -5.837 -56.962 .009
5 24 -10.778 -58.522 -3.023 -10.043 -57.848 -2.808 -11.533 -57.256 -2.926 -9.352 -59.103 -3.059
5 24 -3.413 -60.006 3.738 -3.378 -58.781 3.646 -1.642 -58.996 3.875 -4.723 -59.364 3.463
5 24 -10.298 -50.678 0 -10.45 -50.685 .774 -10.965 -50.097 0 -10.006 -51.544 .926
5 24 -11.78 -50.128 -1.371 -12.073 -49.843 -.839 -11.354 -50.114 -1.019 -12.313 -50.125 -1.554
5 24 .239 -58.877 3.644 -1.642 -58.996 3.875 -1.576 -60.47 3.623 -.587 -57.857 3.989
5 24 .239 -58.877 3.644 -.587 -57.857 3.989 1.392 -57.126 3.546 -1.642 -58.996 3.875
5 24 -11.845 -60.564 -2.225 -10.504 -60.711 -2.791 -9.884 -61.39 -2.757 -11.858 -59.841 -2.578
5 24 1.531 -21.44 -3.696 1.531 -28.867 -3.696 2.828 -22.393 -2.828 0 -27.943 -4
5 24 4 -39.301 0 4 -46.753 0 3.696 -45.83 -1.531 3.696 -40.243 1.531
5 24 -8.058 -57.203 -1.251 -7.282 -57.454 -1.318 -7.43 -57.078 .067 -8.023 -57.86 -2.138
5 24 2.828 -14.926 -2.828 2.828 -7.297 -2.828 1.531 -13.964 -3.696 3.696 -8.327 -1.531
5 24 -14.065 -59.169 -.475 -13.076 -60.026 -1.498 -14.543 -57.902 -1.083 -12.828 -60.731 -.972
5 24 -12.313 -53.991 -2.815 -11.37 -53.659 -2.617 -12.31 -52.532 -2.806 -11.856 -54.508 -2.752
5 24 -6.45 -59.014 -3.031 -6.724 -58.113 -2.297 -7.318 -58.835 -2.834 -6.049 -58.134 -2.477
5 24 -6.01 -58.394 2.704 -4.723 -59.364 3.463 -4.923 -58.068 2.847 -6.323 -59.797 3.345
5 24 -5.382 -57.221 1.677 -5.985 -57.448 1.606 -4.923 -58.068 2.847 -5.837 -56.962 .009
5 24 1.065 -60.635 -2.163 .008 -60.395 -3.104 -.426 -62.074 -1.849 .774 -59.029 -3.406
5 24 1.321 -51.478 -3.951 2.38 -54.786 -3.345 2.679 -52.383 -3.143 .478 -55.103 -4.042
5 24 2.536 -59.83 -.477 3.817 -57.188 -.327 3.181 -58.114 1.543 2.536 -58.582 -2.233
5 24 -11.656 -49.838 .332 -11.064 -50.104 .55 -10.965 -50.097 0 -11.351 -50.112 1.025
5 24 -14.543 -57.902 -1.083 -15.304 -55.898 -.235 -14.814 -57.585 .075 -14.858 -55.691 -1.55
5 24 -3.413 -60.006 3.738 -1.576 -60.47 3.623 -5.121 -60.826 3.57 -1.642 -58.996 3.875
5 24 -6.503 -57.453 -1.35 -7.282 -57.454 -1.318 -6.896 -57.144 .038 -6.724 -58.113 -2.297
5 24 -14.327 -54.029 2.225 -14.327 -52.548 2.155 -13.337 -53.43 2.727 -15.137 -53.903 1.167
5 24 -11.381 -59.154 -2.913 -11.858 -59.841 -2.578 -10.908 -60.122 -2.825 -12.71 -58.367 -2.654
5 24 -14.238 -51.545 -2.062 -13.349 -52.531 -2.695 -13.261 -51.549 -2.577 -14.363 -52.53 -2.131
5 24 -12.217 -51.551 2.66 -13.226 -51.546 2.595 -12.221 -52.563 2.818 -12.236 -50.694 2.2
5 24 -12.828 -60.731 -.972 -13.076 -60.026 -1.498 -11.588 -61.306 -1.87 -14.065 -59.169 -.475
5 24 -12.773 -49.741 .365 -13.069 -49.84 .755 -13.315 -49.835 .426 -12.616 -49.736 .448
5 24 -7.318 -58.835 -2.834 -6.724 -58.113 -2.297 -6.45 -59.014 -3.031 -8.023 -57.86 -2.138
5 24 -10.5 -51.545 1.763 -11.257 -51.554 2.38 -11.142 -52.519 2.462 -10.849 -50.682 1.456
5 24 -12.27 -51.551 -2.669 -13.261 -51.549 -2.577 -13.098 -50.693 -2.137 -12.31 -52.532 -2.806
5 24 -9.859 -52.529 .947 -9.689 -52.529 -.068 -9.832 -51.542 -.026 -9.813 -53.389 .907
5 24 -13.456 -50.116 1.229 -13.873 -50.109 .698 -13.069 -49.84 .755 -14.497 -50.679 .966
5 24 -6.724 -58.113 -2.297 -8.023 -57.86 -2.138 -7.318 -58.835 -2.834 -7.282 -57.454 -1.318
5 24 1.531 -49.596 3.696 1.531 -42.094 3.696 2.828 -48.68 2.828 0 -43.027 4
5 24 .478 -55.103 -4.042 1.723 -56.79 -3.529 2.38 -54.786 -3.345 -.575 -58.719 -3.867
5 24 -14.608 -57.206 1.365 -14.513 -58.21 .479 -15.027 -56.564 .743 -14.08 -58.909 .911
5 24 -4 -24.293 0 -4 -16.749 0 -3.696 -23.304 1.531 -3.696 -17.705 -1.531
5 24 4 -9.231 0 4 -16.765 0 3.696 -10.175 1.531 3.696 -15.707 -1.531
5 24 0 -12.999 4 0 -20.492 4 -1.531 -13.937 3.696 1.531 -19.579 3.696
5 24 -10.532 -51.545 -1.801 -9.898 -52.529 -1.063 -10.013 -51.546 -.955 -10.467 -52.53 -1.944
5 24 -9.813 -53.389 .907 -9.859 -52.529 .947 -9.689 -52.529 -.068 -10.287 -53.426 1.816
5 24 -6.896 -57.144 .038 -7.43 -57.078 .067 -7.273 -57.506 1.566 -7.282 -57.454 -1.318
5 24 -3.696 -30.846 1.531 -3.696 -38.286 1.531 -4 -31.796 0 -2.828 -37.397 2.828
5 24 -11.109 -56.898 -2.825 -9.29 -57.254 -2.204 -10.043 -57.848 -2.808 -10.609 -56.279 -2.495
5 24 3.546 -56.017 -2.002 3.696 -53.426 -1.531 4 -54.32 0 2.679 -52.383 -3.143
5 24 3.696 -25.203 1.531 3.696 -32.632 1.531 4 -31.766 0 2.828 -26.121 2.828
5 24 -11.533 -57.256 -2.926 -12.084 -57.728 -2.909 -12.843 -56.44 -2.787 -10.778 -58.522 -3.023
5 24 3.696 -45.83 -1.531 3.696 -38.335 -1.531 2.828 -44.889 -2.828 4 -39.301 0
5 24 -12.616 -49.736 .448 -12.736 -49.845 .927 -12.454 -49.726 .458 -13.069 -49.84 .755
5 24 -13.069 -49.84 .755 -12.736 -49.845 .927 -13.456 -50.116 1.229 -12.616 -49.736 .448
5 24 4 -31.766 0 4 -24.254 0 3.696 -30.761 -1.531 3.696 -25.203 1.531
5 24 .234 -60.759 2.836 1.715 -60.586 1.361 -.377 -62.492 1.007 1.803 -58.658 2.912
5 24 -12.189 -49.741 -.3 -12.105 -49.734 -.162 -12.513 -49.688 0 -11.825 -49.834 -.618
5 24 -14.543 -57.902 -1.083 -13.12 -59.124 -2.134 -14.105 -57.265 -2.034 -13.076 -60.026 -1.498
5 24 -7.43 -57.078 .067 -8.058 -57.203 -1.251 -7.779 -56.99 -.034 -7.282 -57.454 -1.318
5 24 1.392 -57.126 3.546 .239 -58.877 3.644 1.803 -58.658 2.912 -.587 -57.857 3.989
5 24 -10.965 -50.097 0 -11.594 -49.825 0 -11.656 -49.838 .332 -11.649 -49.841 -.334
5 24 -12.11 -49.729 .16 -12.082 -49.72 0 -11.656 -49.838 .332 -12.513 -49.688 0
5 24 -13.892 -50.688 1.73 -13.226 -51.546 2.595 -14.235 -51.544 2.063 -13.083 -50.693 2.143
5 24 -13.098 -50.693 -2.137 -12.27 -51.551 -2.669 -12.259 -50.694 -2.203 -13.261 -51.549 -2.577
5 24 1.065 -60.635 -2.163 -.426 -62.074 -1.849 .008 -60.395 -3.104 .615 -61.88 -.554
5 24 -12.707 -55.166 -2.806 -12.115 -55.088 -2.798 -12.313 -53.991 -2.815 -11.789 -55.633 -2.793
5 24 -14.132 -55.475 -2.29 -14.314 -53.986 -2.197 -13.363 -55.271 -2.696 -14.858 -55.691 -1.55
5 24 -11.649 -49.841 -.334 -11.063 -50.105 -.549 -10.965 -50.097 0 -11.354 -50.114 -1.019
5 24 -14.608 -57.206 1.365 -14.08 -58.909 .911 -14.513 -58.21 .479 -14.123 -57.958 1.67
5 24 -12.27 -51.551 -2.669 -11.311 -52.531 -2.551 -11.308 -51.548 -2.402 -12.31 -52.532 -2.806
5 24 -14.235 -51.544 2.063 -14.327 -52.548 2.155 -13.32 -52.539 2.704 -15.032 -52.571 1.287
5 24 -14.932 -51.542 -1.163 -14.363 -52.53 -2.131 -15.07 -52.571 -1.19 -14.238 -51.545 -2.062
5 24 -9.29 -57.254 -2.204 -8.058 -57.203 -1.251 -8.512 -56.92 -1.155 -8.023 -57.86 -2.138
5 24 -8.671 -58.417 -2.715 -9.29 -57.254 -2.204 -10.043 -57.848 -2.808 -8.023 -57.86 -2.138
5 24 -10.013 -51.546 -.955 -9.832 -51.542 -.026 -9.689 -52.529 -.068 -10.446 -50.686 -.772
5 24 -3.203 -55.86 -2.806 -2.828 -48.675 -2.828 -3.696 -47.769 -1.531 -2.219 -56.721 -3.641
5 24 -12.843 -56.44 -2.787 -12.243 -56.135 -2.86 -11.533 -57.256 -2.926 -12.707 -55.166 -2.806
5 24 -15.304 -55.898 -.235 -15.059 -54.011 -1.311 -15.399 -54.067 -.086 -14.858 -55.691 -1.55
5 24 -8.058 -57.203 -1.251 -8.512 -56.92 -1.155 -9.29 -57.254 -2.204 -7.779 -56.99 -.034
5 24 -12.105 -49.734 -.162 -11.649 -49.841 -.334 -11.825 -49.834 -.618 -11.594 -49.825 0
5 24 -14.363 -52.53 -2.131 -14.238 -51.545 -2.062 -14.932 -51.542 -1.163 -13.349 -52.531 -2.695
5 24 4 -4.201 0 4 0 0 3.696 -4.212 -1.531 3.696 0 1.531
5 24 -15.399 -54.067 -.086 -15.059 -54.011 -1.311 -15.304 -55.898 -.235 -15.07 -52.571 -1.19
5 24 -9.784 -54.327 .835 -9.813 -53.389 .907 -9.665 -53.4 -.122 -10.269 -54.297 1.813
5 24 -14.497 -50.679 .966 -14.722 -50.673 -.023 -14.046 -50.093 0 -14.951 -51.542 1.13
5 24 -11.477 -50.689 -1.966 -10.532 -51.545 -1.801 -11.308 -51.548 -2.402 -10.86 -50.683 -1.462
5 24 -14.482 -50.683 -.995 -13.886 -50.689 -1.736 -13.879 -50.11 -.696 -14.238 -51.545 -2.062
5 24 -11.109 -56.898 -2.825 -11.789 -55.633 -2.793 -12.243 -56.135 -2.86 -10.609 -56.279 -2.495
5 24 1.531 -44.029 -3.696 1.531 -36.451 -3.696 0 -43.039 -4 2.828 -37.441 -2.828
5 24 -12.733 -49.847 -.925 -12.388 -49.84 -.953 -12.313 -50.125 -1.554 -12.616 -49.73 -.449
5 24 -9.352 -59.103 -3.059 -8.002 -59.619 -3.184 -8.889 -60.408 -3.197 -8.671 -58.417 -2.715
5 24 .234 -60.759 2.836 1.803 -58.658 2.912 .239 -58.877 3.644 1.715 -60.586 1.361
5 24 -13.349 -52.531 -2.695 -14.363 -52.53 -2.131 -14.238 -51.545 -2.062 -13.458 -53.933 -2.681
5 24 -3.203 -55.86 -2.806 -3.696 -47.769 -1.531 -3.909 -55.122 -1.577 -2.828 -48.675 -2.828
5 24 -15.137 -53.903 1.167 -15.399 -54.067 -.086 -15.204 -55.067 .926 -15.346 -52.596 -.019
5 24 2.828 -33.609 2.828 2.828 -26.121 2.828 3.696 -32.632 1.531 1.531 -27.065 3.696
5 24 -15.399 -54.067 -.086 -15.204 -55.067 .926 -15.304 -55.898 -.235 -15.137 -53.903 1.167
5 24 -1.531 -6.457 3.696 -1.531 0 3.696 0 -5.502 4 -2.828 0 2.828
5 24 -14.105 -57.265 -2.034 -13.12 -59.124 -2.134 -12.71 -58.367 -2.654 -14.543 -57.902 -1.083
5 24 -13.711 -56.781 2.455 -14.204 -56.048 2.215 -13.44 -54.82 2.75 -14.123 -57.958 1.67
5 24 -13.444 -56.781 -2.568 -14.132 -55.475 -2.29 -13.363 -55.271 -2.696 -14.105 -57.265 -2.034
5 24 -11.142 -52.519 2.462 -12.268 -53.74 2.852 -12.221 -52.563 2.818 -11.436 -54.366 2.688
5 24 2.828 -22.393 -2.828 2.828 -29.807 -2.828 3.696 -23.341 -1.531 1.531 -28.867 -3.696
5 24 -12.313 -50.125 -1.554 -12.259 -50.694 -2.203 -11.477 -50.689 -1.966 -12.902 -50.121 -1.516
5 24 -12.513 -49.688 0 -12.773 -49.741 .365 -12.616 -49.736 .448 -12.943 -49.718 0
5 24 -1.36 -63.1 -.531 -.377 -62.492 1.007 .615 -61.88 -.554 -2.571 -63.584 .581
5 24 -14.314 -53.986 -2.197 -14.363 -52.53 -2.131 -13.349 -52.531 -2.695 -14.858 -55.691 -1.55
5 24 -12.388 -49.84 -.953 -12.313 -50.125 -1.554 -12.733 -49.847 -.925 -12.073 -49.843 -.839
5 24 -11.142 -52.519 2.462 -11.257 -51.554 2.38 -12.217 -51.551 2.66 -10.367 -52.514 1.832
5 24 -12.074 -49.843 .839 -12.307 -49.732 .404 -12.454 -49.726 .458 -11.826 -49.836 .618
5 24 -9.884 -61.39 -2.757 -8.889 -60.408 -3.197 -8.165 -60.816 -3.268 -10.504 -60.711 -2.791
5 24 -8.002 -59.619 -3.184 -7.318 -58.835 -2.834 -8.671 -58.417 -2.715 -6.997 -59.93 -3.304
5 24 -12.189 -49.741 -.3 -11.825 -49.834 -.618 -12.105 -49.734 -.162 -12.307 -49.74 -.403
5 24 2.536 -58.582 -2.233 1.723 -56.79 -3.529 .774 -59.029 -3.406 3.546 -56.017 -2.002
5 24 -14.513 -58.21 .479 -13.691 -59.864 .023 -14.08 -58.909 .911 -14.065 -59.169 -.475
5 24 -11.063 -50.105 -.549 -10.446 -50.686 -.772 -10.86 -50.683 -1.462 -10.965 -50.097 0
5 24 -2.828 -14.868 2.828 -2.828 -22.426 2.828 -3.696 -15.836 1.531 -1.531 -21.378 3.696
5 24 -13.12 -59.124 -2.134 -11.858 -59.841 -2.578 -12.71 -58.367 -2.654 -11.845 -60.564 -2.225
5 24 -13.873 -50.109 .698 -13.315 -49.835 .426 -13.426 -49.822 0 -13.456 -50.116 1.229
5 24 -10.965 -50.097 0 -11.063 -50.105 -.549 -11.649 -49.841 -.334 -10.298 -50.678 0
5 24 2.679 -52.383 -3.143 2.38 -54.786 -3.345 1.321 -51.478 -3.951 3.546 -56.017 -2.002
5 24 -2.828 -29.876 2.828 -2.828 -37.397 2.828 -3.696 -30.846 1.531 -1.531 -36.441 3.696
5 24 -5.985 -57.448 1.606 -4.923 -58.068 2.847 -6.01 -58.394 2.704 -5.382 -57.221 1.677
5 24 -10.908 -60.122 -2.825 -10.077 -59.75 -3.087 -10.504 -60.711 -2.791 -11.381 -59.154 -2.913
5 24 -12.073 -49.843 -.839 -12.454 -49.728 -.458 -12.307 -49.74 -.403 -12.388 -49.84 -.953
5 24 -12.105 -49.734 -.162 -12.082 -49.72 0 -12.189 -49.741 -.3 -11.594 -49.825 0
5 24 3.546 -56.017 -2.002 2.536 -58.582 -2.233 3.817 -57.188 -.327 1.723 -56.79 -3.529
5 24 -4.923 -58.068 2.847 -6.01 -58.394 2.704 -4.723 -59.364 3.463 -5.985 -57.448 1.606
5 24 -11.656 -49.838 .332 -11.351 -50.112 1.025 -11.826 -49.836 .618 -11.064 -50.104 .55
5 24 -1.758 -62.505 2.362 -3.541 -61.903 3.302 -1.576 -60.47 3.623 -3.778 -63.653 1.493
5 24 -12.217 -51.551 2.66 -12.236 -50.694 2.2 -13.083 -50.693 2.143 -11.257 -51.554 2.38
5 24 -13.459 -50.116 -1.231 -13.073 -49.841 -.757 -13.879 -50.11 -.696 -12.733 -49.847 -.925
5 24 -12.843 -56.44 -2.787 -11.533 -57.256 -2.926 -12.084 -57.728 -2.909 -12.243 -56.135 -2.86
5 24 -15.346 -52.596 -.019 -15.137 -53.903 1.167 -15.032 -52.571 1.287 -15.399 -54.067 -.086
5 24 -14.065 -59.169 -.475 -13.691 -59.864 .023 -12.828 -60.731 -.972 -14.513 -58.21 .479
5 24 -9.665 -53.4 -.122 -9.784 -54.327 .835 -9.689 -52.529 -.068 -9.666 -54.305 -.133
5 24 -.185 -50.479 -4 -1.415 -57.389 -3.931 .478 -55.103 -4.042 -1.531 -49.622 -3.696
5 24 -13.879 -50.11 -.696 -14.046 -50.093 0 -13.426 -49.822 0 -14.482 -50.683 -.995
5 24 -10.077 -59.75 -3.087 -9.352 -59.103 -3.059 -8.889 -60.408 -3.197 -10.778 -58.522 -3.023
5 24 -3.696 0 -1.531 -3.696 -10.093 -1.531 -2.828 0 -2.828 -4 -9.254 0
5 24 -1.642 -58.996 3.875 -3.378 -58.781 3.646 -3.413 -60.006 3.738 -2.578 -57.945 3.749
5 24 -.377 -62.492 1.007 .234 -60.759 2.836 1.715 -60.586 1.361 -1.758 -62.505 2.362
5 24 -2.828 0 -2.828 -2.828 -11.147 -2.828 -3.696 -10.093 -1.531 -1.531 0 -3.696
5 24 -14.065 -59.169 -.475 -12.828 -60.731 -.972 -13.076 -60.026 -1.498 -13.691 -59.864 .023
5 24 -13.886 -50.689 -1.736 -14.238 -51.545 -2.062 -13.261 -51.549 -2.577 -14.482 -50.683 -.995
5 24 -14.513 -58.21 .479 -15.027 -56.564 .743 -14.608 -57.206 1.365 -14.814 -57.585 .075
5 24 -12.707 -55.166 -2.806 -13.458 -53.933 -2.681 -12.313 -53.991 -2.815 -12.843 -56.44 -2.787
5 24 -13.12 -59.124 -2.134 -11.845 -60.564 -2.225 -11.858 -59.841 -2.578 -13.076 -60.026 -1.498
5 24 -7.844 -59.941 3.311 -6.323 -59.797 3.345 -7.012 -61.564 3.3 -7.084 -58.566 2.742
5 24 -14.608 -57.206 1.365 -14.82 -55.438 1.615 -14.204 -56.048 2.215 -15.027 -56.564 .743
5 24 -10.5 -51.545 1.763 -10.367 -52.514 1.832 -11.257 -51.554 2.38 -10.006 -51.544 .926
5 24 -7.084 -58.566 2.742 -7.844 -59.941 3.311 -7.868 -58.479 2.769 -6.323 -59.797 3.345
5 24 -2.828 -44.927 2.828 -1.589 -51.473 3.516 -1.531 -43.959 3.696 -2.828 -52.398 2.828
5 24 -12.898 -49.732 -.209 -12.943 -49.718 0 -12.513 -49.688 0 -13.426 -49.822 0
5 24 -9.904 -53.428 -1.174 -10.408 -54.314 -1.935 -9.861 -54.31 -1.062 -10.5 -53.514 -2.029
5 24 -9.898 -52.529 -1.063 -10.013 -51.546 -.955 -10.532 -51.545 -1.801 -9.689 -52.529 -.068
5 24 -14.327 -52.548 2.155 -13.32 -52.539 2.704 -14.235 -51.544 2.063 -14.327 -54.029 2.225
5 24 -12.309 -50.127 1.559 -11.458 -50.688 1.959 -12.236 -50.694 2.2 -11.776 -50.128 1.376
5 24 -14.814 -57.585 .075 -15.304 -55.898 -.235 -15.027 -56.564 .743 -14.543 -57.902 -1.083
5 24 -15.137 -53.903 1.167 -15.032 -52.571 1.287 -15.346 -52.596 -.019 -14.327 -52.548 2.155
5 24 -8.671 -58.417 -2.715 -8.023 -57.86 -2.138 -9.29 -57.254 -2.204 -7.318 -58.835 -2.834
5 24 -13.44 -54.82 2.75 -14.204 -56.048 2.215 -13.711 -56.781 2.455 -14.327 -54.029 2.225
5 24 -12.616 -49.736 .448 -12.513 -49.688 0 -12.454 -49.726 .458 -12.773 -49.741 .365
5 24 -12.777 -49.734 -.368 -12.898 -49.732 -.209 -13.073 -49.841 -.757 -12.513 -49.688 0
5 24 -14.608 -57.206 1.365 -14.123 -57.958 1.67 -14.204 -56.048 2.215 -14.08 -58.909 .911
5 24 -5.583 -63.027 2.625 -5.121 -60.826 3.57 -3.541 -61.903 3.302 -7.012 -61.564 3.3
5 24 -12.084 -57.728 -2.909 -11.381 -59.154 -2.913 -10.778 -58.522 -3.023 -12.71 -58.367 -2.654
5 24 -3.541 -61.903 3.302 -5.121 -60.826 3.57 -5.583 -63.027 2.625 -1.576 -60.47 3.623
5 24 3.696 -10.175 1.531 3.696 -17.644 1.531 4 -16.765 0 2.828 -11.109 2.828
5 24 -7.59 -57.368 1.484 -7.43 -57.078 .067 -7.273 -57.506 1.566 -7.779 -56.99 -.034
5 24 -1.531 -13.937 3.696 -1.531 -21.378 3.696 0 -20.492 4 -2.828 -14.868 2.828
5 24 -11.109 -56.898 -2.825 -11.533 -57.256 -2.926 -10.043 -57.848 -2.808 -12.243 -56.135 -2.86
5 24 -14.132 -55.475 -2.29 -14.105 -57.265 -2.034 -13.444 -56.781 -2.568 -14.858 -55.691 -1.55
5 24 -10.298 -50.678 0 -10.965 -50.097 0 -11.064 -50.104 .55 -10.446 -50.686 -.772
5 24 -13.226 -51.546 2.595 -14.235 -51.544 2.063 -13.892 -50.688 1.73 -13.32 -52.539 2.704
5 24 -12.616 -49.73 -.449 -12.513 -49.688 0 -12.454 -49.728 -.458 -12.777 -49.734 -.368
5 24 -12.616 -49.73 -.449 -13.073 -49.841 -.757 -12.733 -49.847 -.925 -12.777 -49.734 -.368
5 24 -6.665 -57.537 1.546 -5.985 -57.448 1.606 -6.01 -58.394 2.704 -6.329 -57.099 .002
5 24 4 -54.32 0 3.817 -57.188 -.327 3.546 -56.017 -2.002 3.696 -55.357 1.531
5 24 -12.259 -50.694 -2.203 -11.308 -51.548 -2.402 -11.477 -50.689 -1.966 -12.27 -51.551 -2.669
5 24 -12.073 -49.843 -.839 -12.388 -49.84 -.953 -11.78 -50.128 -1.371 -12.454 -49.728 -.458
5 24 -11.354 -50.114 -1.019 -11.063 -50.105 -.549 -11.649 -49.841 -.334 -10.86 -50.683 -1.462
5 24 -12.777 -49.734 -.368 -12.513 -49.688 0 -12.616 -49.73 -.449 -12.898 -49.732 -.209
5 24 2.828 -56.435 2.828 1.803 -58.658 2.912 3.181 -58.114 1.543 1.392 -57.126 3.546
5 24 -14.814 -57.585 .075 -14.543 -57.902 -1.083 -14.065 -59.169 -.475 -15.304 -55.898 -.235
5 24 -4.27 -57.632 2.896 -3.378 -58.781 3.646 -4.923 -58.068 2.847 -2.578 -57.945 3.749
5 24 -4 -9.254 0 -4 0 0 -3.696 0 -1.531 -3.696 -8.251 1.531
5 24 -12.616 -49.73 -.449 -12.733 -49.847 -.925 -13.073 -49.841 -.757 -12.454 -49.728 -.458
5 24 -13.444 -56.781 -2.568 -13.363 -55.271 -2.696 -14.132 -55.475 -2.29 -12.843 -56.44 -2.787
5 24 -10.86 -50.683 -1.462 -11.354 -50.114 -1.019 -11.063 -50.105 -.549 -11.477 -50.689 -1.966
5 24 -9.832 -51.542 -.026 -10.006 -51.544 .926 -9.859 -52.529 .947 -10.298 -50.678 0
5 24 1.803 -58.658 2.912 .239 -58.877 3.644 1.392 -57.126 3.546 .234 -60.759 2.836
5 24 -9.352 -59.103 -3.059 -8.889 -60.408 -3.197 -10.077 -59.75 -3.087 -8.002 -59.619 -3.184
5 24 -2.578 -57.945 3.749 -3.378 -58.781 3.646 -1.642 -58.996 3.875 -4.27 -57.632 2.896
5 24 -15.137 -53.903 1.167 -15.204 -55.067 .926 -15.399 -54.067 -.086 -14.82 -55.438 1.615
5 24 -14.235 -51.544 2.063 -13.892 -50.688 1.73 -14.497 -50.679 .966 -13.226 -51.546 2.595
5 24 -10.287 -53.426 1.816 -10.269 -54.297 1.813 -11.142 -52.519 2.462 -9.813 -53.389 .907
5 24 -11.311 -52.531 -2.551 -11.308 -51.548 -2.402 -12.27 -51.551 -2.669 -10.467 -52.53 -1.944
5 24 -12.943 -49.718 0 -12.513 -49.688 0 -12.898 -49.732 -.209 -12.894 -49.734 .208
5 24 -3.778 -63.653 1.493 -1.758 -62.505 2.362 -2.571 -63.584 .581 -3.541 -61.903 3.302
5 24 1.723 -56.79 -3.529 .774 -59.029 -3.406 -.575 -58.719 -3.867 2.536 -58.582 -2.233
5 24 -6.997 -59.93 -3.304 -7.318 -58.835 -2.834 -8.002 -59.619 -3.184 -6.45 -59.014 -3.031
5 24 -13.337 -53.43 2.727 -13.32 -52.539 2.704 -12.268 -53.74 2.852 -14.327 -52.548 2.155
5 24 2.828 -18.656 2.828 2.828 -11.109 2.828 3.696 -17.644 1.531 1.531 -12.047 3.696
5 24 -13.458 -53.933 -2.681 -13.363 -55.271 -2.696 -14.314 -53.986 -2.197 -12.707 -55.166 -2.806
5 24 3.546 -56.017 -2.002 2.38 -54.786 -3.345 1.723 -56.79 -3.529 2.679 -52.383 -3.143
5 24 -3.696 -32.723 -1.531 -3.696 -40.253 -1.531 -4 -39.301 0 -2.828 -33.656 -2.828
5 24 -7.43 -57.078 .067 -7.779 -56.99 -.034 -8.058 -57.203 -1.251 -7.59 -57.368 1.484
5 24 -9.898 -52.529 -1.063 -10.467 -52.53 -1.944 -10.532 -51.545 -1.801 -9.904 -53.428 -1.174
5 24 -9.689 -52.529 -.068 -9.832 -51.542 -.026 -10.013 -51.546 -.955 -9.859 -52.529 .947
5 24 -14.235 -51.544 2.063 -15.032 -52.571 1.287 -14.951 -51.542 1.13 -14.327 -52.548 2.155
5 24 -13.459 -50.116 -1.231 -13.879 -50.11 -.696 -13.327 -49.839 -.427 -13.886 -50.689 -1.736
5 24 -11.826 -49.836 .618 -12.074 -49.843 .839 -12.307 -49.732 .404 -11.351 -50.112 1.025
5 24 -12.707 -55.166 -2.806 -12.243 -56.135 -2.86 -12.843 -56.44 -2.787 -11.789 -55.633 -2.793
5 24 -12.221 -52.563 2.818 -13.226 -51.546 2.595 -12.217 -51.551 2.66 -13.32 -52.539 2.704
5 24 -14.363 -52.53 -2.131 -15.07 -52.571 -1.19 -15.059 -54.011 -1.311 -14.932 -51.542 -1.163
5 24 -10.467 -52.53 -1.944 -10.5 -53.514 -2.029 -11.311 -52.531 -2.551 -9.904 -53.428 -1.174
5 24 -6.896 -57.144 .038 -6.665 -57.537 1.546 -7.273 -57.506 1.566 -6.329 -57.099 .002
5 24 -9.352 -59.103 -3.059 -10.043 -57.848 -2.808 -8.671 -58.417 -2.715 -10.778 -58.522 -3.023
5 24 3.696 -40.243 1.531 3.696 -47.735 1.531 2.828 -41.175 2.828 4 -46.753 0
5 24 -10.043 -57.848 -2.808 -11.533 -57.256 -2.926 -11.109 -56.898 -2.825 -10.778 -58.522 -3.023
5 24 -10.269 -54.297 1.813 -9.813 -53.389 .907 -9.784 -54.327 .835 -10.287 -53.426 1.816
5 24 -12.513 -49.688 0 -12.898 -49.732 -.209 -12.777 -49.734 -.368 -12.943 -49.718 0
5 24 1.723 -56.79 -3.529 3.546 -56.017 -2.002 2.38 -54.786 -3.345 2.536 -58.582 -2.233
5 24 -9.689 -52.529 -.068 -9.665 -53.4 -.122 -9.898 -52.529 -1.063 -9.813 -53.389 .907
5 24 2.828 -37.441 -2.828 2.828 -44.889 -2.828 3.696 -38.335 -1.531 1.531 -44.029 -3.696
5 24 2.536 -59.83 -.477 3.181 -58.114 1.543 3.817 -57.188 -.327 1.715 -60.586 1.361
5 24 -14.543 -57.902 -1.083 -13.076 -60.026 -1.498 -13.12 -59.124 -2.134 -14.065 -59.169 -.475
5 24 -4.723 -59.364 3.463 -5.121 -60.826 3.57 -6.323 -59.797 3.345 -3.413 -60.006 3.738
5 24 -10.298 -50.678 0 -10.446 -50.686 -.772 -9.832 -51.542 -.026 -11.063 -50.105 -.549
5 24 -13.426 -49.822 0 -14.046 -50.093 0 -13.327 -49.839 -.427 -13.873 -50.109 .698
5 24 0 -27.943 -4 0 -20.499 -4 1.531 -21.44 -3.696 -1.531 -27.087 -3.696
5 24 -9.861 -54.31 -1.062 -9.665 -53.4 -.122 -9.904 -53.428 -1.174 -9.666 -54.305 -.133
5 24 -3.696 -17.705 -1.531 -3.696 -25.19 -1.531 -4 -24.293 0 -2.828 -18.637 -2.828
5 24 .615 -61.88 -.554 -1.36 -63.1 -.531 -.377 -62.492 1.007 -.426 -62.074 -1.849
5 24 -6.503 -57.453 -1.35 -6.329 -57.099 .002 -6.896 -57.144 .038 -5.935 -57.348 -1.44
5 24 -12.31 -52.532 -2.806 -12.27 -51.551 -2.669 -13.261 -51.549 -2.577 -11.311 -52.531 -2.551
5 24 -10.467 -52.53 -1.944 -10.532 -51.545 -1.801 -11.308 -51.548 -2.402 -9.898 -52.529 -1.063
5 24 -10.006 -51.544 .926 -10.367 -52.514 1.832 -9.859 -52.529 .947 -10.5 -51.545 1.763
5 24 -11.458 -50.688 1.959 -11.776 -50.128 1.376 -10.849 -50.682 1.456 -12.309 -50.127 1.559
5 24 -11.776 -50.128 1.376 -12.309 -50.127 1.559 -11.458 -50.688 1.959 -12.074 -49.843 .839
5 24 2.536 -58.582 -2.233 1.065 -60.635 -2.163 2.536 -59.83 -.477 .774 -59.029 -3.406
5 24 -12.313 -53.991 -2.815 -12.115 -55.088 -2.798 -11.856 -54.508 -2.752 -12.707 -55.166 -2.806
5 24 -13.444 -56.781 -2.568 -12.71 -58.367 -2.654 -14.105 -57.265 -2.034 -12.843 -56.44 -2.787
5 24 -14.204 -56.048 2.215 -14.123 -57.958 1.67 -14.608 -57.206 1.365 -13.711 -56.781 2.455
5 24 -12.313 -50.125 -1.554 -11.78 -50.128 -1.371 -12.388 -49.84 -.953 -11.477 -50.689 -1.966
5 24 -1.642 -58.996 3.875 -1.576 -60.47 3.623 -3.413 -60.006 3.738 .239 -58.877 3.644
5 24 -14.722 -50.673 -.023 -14.932 -51.542 -1.163 -14.482 -50.683 -.995 -15.202 -51.541 -.03
5 24 -14.235 -51.544 2.063 -14.497 -50.679 .966 -13.892 -50.688 1.73 -14.951 -51.542 1.13
5 24 1.531 0 3.696 1.531 -4.412 3.696 0 0 4 2.828 -4.206 2.828
5 24 -1.758 -62.505 2.362 -1.576 -60.47 3.623 .234 -60.759 2.836 -3.541 -61.903 3.302
5 24 -12.105 -49.734 -.162 -11.594 -49.825 0 -12.082 -49.72 0 -11.649 -49.841 -.334
5 24 -5.121 -60.826 3.57 -3.413 -60.006 3.738 -4.723 -59.364 3.463 -3.541 -61.903 3.302
5 24 -12.693 -55.487 2.897 -12.268 -53.74 2.852 -11.436 -54.366 2.688 -13.44 -54.82 2.75
5 24 -.377 -62.492 1.007 -1.758 -62.505 2.362 .234 -60.759 2.836 -2.571 -63.584 .581
5 24 -6.665 -57.537 1.546 -7.084 -58.566 2.742 -6.01 -58.394 2.704 -7.273 -57.506 1.566
5 24 -4.723 -59.364 3.463 -3.378 -58.781 3.646 -3.413 -60.006 3.738 -4.923 -58.068 2.847
5 24 -13.886 -50.689 -1.736 -13.261 -51.549 -2.577 -13.098 -50.693 -2.137 -14.238 -51.545 -2.062
5 24 -13.458 -53.933 -2.681 -12.313 -53.991 -2.815 -13.349 -52.531 -2.695 -12.707 -55.166 -2.806
5 24 -14.363 -52.53 -2.131 -15.059 -54.011 -1.311 -15.07 -52.571 -1.19 -14.314 -53.986 -2.197
5 24 -13.076 -60.026 -1.498 -11.845 -60.564 -2.225 -13.12 -59.124 -2.134 -11.588 -61.306 -1.87
5 24 -13.069 -49.84 .755 -13.456 -50.116 1.229 -13.315 -49.835 .426 -12.736 -49.845 .927
5 24 -14.932 -51.542 -1.163 -14.238 -51.545 -2.062 -14.482 -50.683 -.995 -14.363 -52.53 -2.131
5 24 -14.497 -50.679 .966 -13.873 -50.109 .698 -13.892 -50.688 1.73 -14.046 -50.093 0
5 24 -13.315 -49.835 .426 -12.773 -49.741 .365 -12.894 -49.734 .208 -13.069 -49.84 .755
5 24 -11.825 -49.834 -.618 -12.307 -49.74 -.403 -12.073 -49.843 -.839 -12.189 -49.741 -.3
5 24 -1.415 -57.389 -3.931 .478 -55.103 -4.042 -.575 -58.719 -3.867 -.185 -50.479 -4
5 24 -11.37 -53.659 -2.617 -11.196 -54.319 -2.506 -11.856 -54.508 -2.752 -10.5 -53.514 -2.029
5 24 1.715 -60.586 1.361 .615 -61.88 -.554 -.377 -62.492 1.007 2.536 -59.83 -.477
5 24 -12.902 -50.121 -1.516 -13.459 -50.116 -1.231 -13.073 -49.841 -.757 -13.098 -50.693 -2.137
5 24 -13.069 -49.84 .755 -12.616 -49.736 .448 -12.736 -49.845 .927 -12.773 -49.741 .365
5 24 -1.576 -60.47 3.623 .239 -58.877 3.644 .234 -60.759 2.836 -1.642 -58.996 3.875
5 24 -15.304 -55.898 -.235 -15.399 -54.067 -.086 -15.059 -54.011 -1.311 -15.204 -55.067 .926
5 24 -12.243 -56.135 -2.86 -11.109 -56.898 -2.825 -11.533 -57.256 -2.926 -11.789 -55.633 -2.793
5 24 -12.236 -50.694 2.2 -11.458 -50.688 1.959 -12.309 -50.127 1.559 -12.217 -51.551 2.66
5 24 -12.894 -49.734 .208 -12.943 -49.718 0 -13.426 -49.822 0 -12.773 -49.741 .365
5 24 -10.86 -50.683 -1.462 -10.532 -51.545 -1.801 -10.446 -50.686 -.772 -11.477 -50.689 -1.966
5 24 -10.367 -52.514 1.832 -9.859 -52.529 .947 -10.287 -53.426 1.816 -10.006 -51.544 .926
5 24 1.803 -58.658 2.912 1.715 -60.586 1.361 3.181 -58.114 1.543 .234 -60.759 2.836
5 24 -10.287 -53.426 1.816 -10.367 -52.514 1.832 -9.859 -52.529 .947 -11.142 -52.519 2.462
5 24 -11.142 -52.519 2.462 -12.217 -51.551 2.66 -11.257 -51.554 2.38 -12.221 -52.563 2.818
5 24 -9.859 -52.529 .947 -10.006 -51.544 .926 -9.832 -51.542 -.026 -10.367 -52.514 1.832
5 24 -12.221 -52.563 2.818 -11.142 -52.519 2.462 -12.268 -53.74 2.852 -12.217 -51.551 2.66
5 24 -11.789 -55.633 -2.793 -12.243 -56.135 -2.86 -12.707 -55.166 -2.806 -11.109 -56.898 -2.825
5 24 -3.413 -60.006 3.738 -1.642 -58.996 3.875 -3.378 -58.781 3.646 -1.576 -60.47 3.623
5 24 -12.843 -56.44 -2.787 -12.707 -55.166 -2.806 -12.243 -56.135 -2.86 -13.363 -55.271 -2.696
5 24 3.696 -55.357 1.531 3.181 -58.114 1.543 3.817 -57.188 -.327 2.828 -56.435 2.828
5 24 -9.666 -54.305 -.133 -9.665 -53.4 -.122 -9.861 -54.31 -1.062 -9.784 -54.327 .835
5 24 -9.352 -59.103 -3.059 -8.671 -58.417 -2.715 -10.043 -57.848 -2.808 -8.002 -59.619 -3.184
5 24 .774 -59.029 -3.406 2.536 -58.582 -2.233 1.723 -56.79 -3.529 1.065 -60.635 -2.163
5 24 -10.013 -51.546 -.955 -9.689 -52.529 -.068 -9.832 -51.542 -.026 -9.898 -52.529 -1.063
5 24 -11.594 -49.825 0 -11.649 -49.841 -.334 -10.965 -50.097 0 -12.105 -49.734 -.162
5 24 -11.656 -49.838 .332 -12.188 -49.732 .301 -12.11 -49.729 .16 -11.826 -49.836 .618
5 24 -12.454 -49.728 -.458 -12.616 -49.73 -.449 -12.513 -49.688 0 -12.388 -49.84 -.953
5 24 -12.268 -53.74 2.852 -13.44 -54.82 2.75 -12.693 -55.487 2.897 -13.337 -53.43 2.727
5 24 -6.323 -59.797 3.345 -4.723 -59.364 3.463 -5.121 -60.826 3.57 -6.01 -58.394 2.704
5 24 -4 -39.301 0 -4 -31.796 0 -3.696 -38.286 1.531 -3.696 -32.723 -1.531
5 24 -14.82 -55.438 1.615 -14.204 -56.048 2.215 -14.327 -54.029 2.225 -14.608 -57.206 1.365
5 24 -3.778 -63.653 1.493 -3.541 -61.903 3.302 -1.758 -62.505 2.362 -5.583 -63.027 2.625
5 24 .615 -61.88 -.554 1.065 -60.635 -2.163 -.426 -62.074 -1.849 2.536 -59.83 -.477
5 24 -7.273 -57.506 1.566 -7.43 -57.078 .067 -7.59 -57.368 1.484 -6.896 -57.144 .038
5 24 1.065 -60.635 -2.163 .774 -59.029 -3.406 2.536 -58.582 -2.233 .008 -60.395 -3.104
5 24 -15.399 -54.067 -.086 -15.07 -52.571 -1.19 -15.346 -52.596 -.019 -15.059 -54.011 -1.311
5 24 -13.12 -59.124 -2.134 -12.71 -58.367 -2.654 -14.105 -57.265 -2.034 -11.858 -59.841 -2.578
5 24 -13.363 -55.271 -2.696 -12.843 -56.44 -2.787 -13.444 -56.781 -2.568 -13.458 -53.933 -2.681
5 24 -12.188 -49.732 .301 -12.11 -49.729 .16 -11.656 -49.838 .332 -12.513 -49.688 0
5 24 -11.257 -51.554 2.38 -12.217 -51.551 2.66 -11.458 -50.688 1.959 -11.142 -52.519 2.462
5 24 -11.308 -51.548 -2.402 -12.27 -51.551 -2.669 -11.311 -52.531 -2.551 -12.259 -50.694 -2.203
5 24 -12.259 -50.694 -2.203 -12.27 -51.551 -2.669 -11.308 -51.548 -2.402 -13.098 -50.693 -2.137
5 24 -15.032 -52.571 1.287 -14.951 -51.542 1.13 -14.235 -51.544 2.063 -15.346 -52.596 -.019
5 24 -11.776 -50.128 1.376 -10.849 -50.682 1.456 -11.458 -50.688 1.959 -11.351 -50.112 1.025
5 24 -6.329 -57.099 .002 -6.896 -57.144 .038 -6.503 -57.453 -1.35 -6.665 -57.537 1.546
5 24 2.828 -4.206 2.828 2.828 0 2.828 1.531 0 3.696 3.696 -4.181 1.531
5 24 -9.29 -57.254 -2.204 -10.609 -56.279 -2.495 -9.571 -56.683 -1.966 -11.109 -56.898 -2.825
5 24 -11.436 -54.366 2.688 -12.268 -53.74 2.852 -11.142 -52.519 2.462 -12.693 -55.487 2.897
5 24 -6.997 -59.93 -3.304 -8.002 -59.619 -3.184 -8.165 -60.816 -3.268 -7.318 -58.835 -2.834
5 24 -6.503 -57.453 -1.35 -5.935 -57.348 -1.44 -6.329 -57.099 .002 -6.049 -58.134 -2.477
5 24 -7.318 -58.835 -2.834 -6.45 -59.014 -3.031 -6.997 -59.93 -3.304 -6.724 -58.113 -2.297
5 24 -5.935 -57.348 -1.44 -6.329 -57.099 .002 -5.837 -56.962 .009 -6.503 -57.453 -1.35
5 24 -4.038 -54.297 -.187 -4 -46.782 0 -3.696 -53.271 1.531 -3.909 -55.122 -1.577
5 24 -6.724 -58.113 -2.297 -6.049 -58.134 -2.477 -6.503 -57.453 -1.35 -6.45 -59.014 -3.031
5 24 -.587 -57.857 3.989 -1.642 -58.996 3.875 .239 -58.877 3.644 -2.578 -57.945 3.749
5 24 -13.873 -50.109 .698 -14.046 -50.093 0 -13.315 -49.835 .426 -14.497 -50.679 .966
5 24 -13.44 -54.82 2.75 -12.693 -55.487 2.897 -12.268 -53.74 2.852 -13.711 -56.781 2.455
5 24 -14.858 -55.691 -1.55 -14.314 -53.986 -2.197 -15.059 -54.011 -1.311 -14.132 -55.475 -2.29
5 24 -13.363 -55.271 -2.696 -14.132 -55.475 -2.29 -13.444 -56.781 -2.568 -14.314 -53.986 -2.197
5 24 -15.304 -55.898 -.235 -15.027 -56.564 .743 -15.204 -55.067 .926 -14.814 -57.585 .075
5 24 -3.696 -15.836 1.531 -3.696 -23.304 1.531 -4 -16.749 0 -2.828 -22.426 2.828
5 24 -5.121 -60.826 3.57 -6.323 -59.797 3.345 -4.723 -59.364 3.463 -7.012 -61.564 3.3
5 24 -12.513 -49.688 0 -12.11 -49.729 .16 -12.188 -49.732 .301 -12.082 -49.72 0
5 24 -12.389 -49.841 .952 -12.454 -49.726 .458 -12.074 -49.843 .839 -12.736 -49.845 .927
5 24 -14.327 -54.029 2.225 -15.137 -53.903 1.167 -14.82 -55.438 1.615 -14.327 -52.548 2.155
5 24 -11.063 -50.105 -.549 -10.86 -50.683 -1.462 -10.446 -50.686 -.772 -11.354 -50.114 -1.019
5 24 -10.965 -50.097 0 -11.656 -49.838 .332 -11.594 -49.825 0 -11.064 -50.104 .55
5 24 -11.354 -50.114 -1.019 -11.649 -49.841 -.334 -11.063 -50.105 -.549 -11.825 -49.834 -.618
5 24 -11.533 -57.256 -2.926 -10.778 -58.522 -3.023 -10.043 -57.848 -2.808 -12.084 -57.728 -2.909
5 24 0 -50.521 4.011 -1.531 -43.959 3.696 0 -43.027 4 -1.589 -51.473 3.516
5 24 2.536 -59.83 -.477 .615 -61.88 -.554 1.065 -60.635 -2.163 1.715 -60.586 1.361
5 24 -11.858 -59.841 -2.578 -10.908 -60.122 -2.825 -10.504 -60.711 -2.791 -11.381 -59.154 -2.913
5 24 -12.773 -49.741 .365 -12.894 -49.734 .208 -13.315 -49.835 .426 -12.513 -49.688 0
5 24 -12.71 -58.367 -2.654 -12.084 -57.728 -2.909 -13.444 -56.781 -2.568 -11.381 -59.154 -2.913
5 24 -12.221 -52.563 2.818 -12.268 -53.74 2.852 -11.142 -52.519 2.462 -13.32 -52.539 2.704
5 24 -12.388 -49.84 -.953 -12.454 -49.728 -.458 -12.073 -49.843 -.839 -12.733 -49.847 -.925
5 24 -14.513 -58.21 .479 -14.08 -58.909 .911 -13.691 -59.864 .023 -14.608 -57.206 1.365
5 24 -11.308 -51.548 -2.402 -11.477 -50.689 -1.966 -12.259 -50.694 -2.203 -10.532 -51.545 -1.801
5 24 1.715 -60.586 1.361 3.181 -58.114 1.543 1.803 -58.658 2.912 2.536 -59.83 -.477
5 24 -15.059 -54.011 -1.311 -15.07 -52.571 -1.19 -14.363 -52.53 -2.131 -15.399 -54.067 -.086
5 24 -11.37 -53.659 -2.617 -11.856 -54.508 -2.752 -11.196 -54.319 -2.506 -12.313 -53.991 -2.815
5 24 -10.446 -50.686 -.772 -10.013 -51.546 -.955 -10.298 -50.678 0 -10.532 -51.545 -1.801
5 24 -7.868 -58.479 2.769 -7.084 -58.566 2.742 -7.273 -57.506 1.566 -7.844 -59.941 3.311
5 24 1.531 -27.065 3.696 1.531 -34.585 3.696 0 -28.032 4 2.828 -33.609 2.828
5 24 -9.29 -57.254 -2.204 -8.023 -57.86 -2.138 -8.058 -57.203 -1.251 -8.671 -58.417 -2.715
5 24 1.715 -60.586 1.361 2.536 -59.83 -.477 .615 -61.88 -.554 3.181 -58.114 1.543
5 24 -8.058 -57.203 -1.251 -7.779 -56.99 -.034 -8.512 -56.92 -1.155 -7.43 -57.078 .067
5 24 -13.44 -54.82 2.75 -13.711 -56.781 2.455 -14.204 -56.048 2.215 -12.693 -55.487 2.897
5 24 -11.825 -49.834 -.618 -12.105 -49.734 -.162 -12.189 -49.741 -.3 -11.649 -49.841 -.334
5 24 -12.843 -56.44 -2.787 -13.444 -56.781 -2.568 -12.084 -57.728 -2.909 -13.363 -55.271 -2.696
5 24 -14.858 -55.691 -1.55 -15.304 -55.898 -.235 -14.543 -57.902 -1.083 -15.059 -54.011 -1.311
5 24 -13.083 -50.693 2.143 -13.892 -50.688 1.73 -13.456 -50.116 1.229 -13.226 -51.546 2.595
5 24 0 -12.942 -4 0 -5.201 -4 .2317 -5.664 -3.954 -1.531 -12.043 -3.696
5 24 -11.845 -60.564 -2.225 -9.884 -61.39 -2.757 -10.504 -60.711 -2.791 -11.588 -61.306 -1.87
5 24 -7.282 -57.454 -1.318 -6.724 -58.113 -2.297 -6.503 -57.453 -1.35 -8.023 -57.86 -2.138
5 24 -6.049 -58.134 -2.477 -6.503 -57.453 -1.35 -5.935 -57.348 -1.44 -6.724 -58.113 -2.297
5 24 -7.318 -58.835 -2.834 -8.671 -58.417 -2.715 -8.002 -59.619 -3.184 -8.023 -57.86 -2.138
5 24 -11.845 -60.564 -2.225 -11.588 -61.306 -1.87 -9.884 -61.39 -2.757 -13.076 -60.026 -1.498
5 24 -10.446 -50.686 -.772 -10.86 -50.683 -1.462 -11.063 -50.105 -.549 -10.013 -51.546 -.955
5 24 -12.513 -49.688 0 -12.454 -49.728 -.458 -12.616 -49.73 -.449 -12.307 -49.74 -.403
5 24 -11.257 -51.554 2.38 -11.458 -50.688 1.959 -12.236 -50.694 2.2 -10.5 -51.545 1.763
5 24 -12.902 -50.121 -1.516 -12.733 -49.847 -.925 -13.459 -50.116 -1.231 -12.313 -50.125 -1.554
5 24 -3.378 -58.781 3.646 -4.923 -58.068 2.847 -4.27 -57.632 2.896 -4.723 -59.364 3.463
5 24 -11.381 -59.154 -2.913 -10.077 -59.75 -3.087 -10.908 -60.122 -2.825 -10.778 -58.522 -3.023
5 24 -9.904 -53.428 -1.174 -10.467 -52.53 -1.944 -10.5 -53.514 -2.029 -9.898 -52.529 -1.063
5 24 -12.073 -49.843 -.839 -11.354 -50.114 -1.019 -11.78 -50.128 -1.371 -11.825 -49.834 -.618
5 24 -12.454 -49.728 -.458 -12.307 -49.74 -.403 -12.513 -49.688 0 -12.073 -49.843 -.839
5 24 -12.307 -49.732 .404 -12.454 -49.726 .458 -12.074 -49.843 .839 -12.188 -49.732 .301
5 24 -14.238 -51.545 -2.062 -13.261 -51.549 -2.577 -13.886 -50.689 -1.736 -13.349 -52.531 -2.695
5 24 -14.932 -51.542 -1.163 -14.482 -50.683 -.995 -14.722 -50.673 -.023 -14.238 -51.545 -2.062
5 24 -10.778 -58.522 -3.023 -12.084 -57.728 -2.909 -11.381 -59.154 -2.913 -11.533 -57.256 -2.926
5 24 2.828 -4.209 -2.828 2.828 0 -2.828 1.531 -4.205 -3.696 3.696 0 -1.531
5 24 1.065 -60.635 -2.163 2.536 -59.83 -.477 2.536 -58.582 -2.233 .615 -61.88 -.554
5 24 -13.426 -49.822 0 -13.315 -49.835 .426 -14.046 -50.093 0 -12.894 -49.734 .208
5 24 -14.722 -50.673 -.023 -14.951 -51.542 1.13 -15.202 -51.541 -.03 -14.497 -50.679 .966
5 24 -14.951 -51.542 1.13 -14.235 -51.544 2.063 -15.032 -52.571 1.287 -14.497 -50.679 .966
5 24 -12.736 -49.845 .927 -13.456 -50.116 1.229 -13.069 -49.84 .755 -12.896 -50.116 1.525
5 24 4 -54.32 0 3.546 -56.017 -2.002 3.817 -57.188 -.327 3.696 -53.426 -1.531
5 24 -13.456 -50.116 1.229 -13.892 -50.688 1.73 -13.083 -50.693 2.143 -13.873 -50.109 .698
5 24 -10.287 -53.426 1.816 -9.813 -53.389 .907 -9.859 -52.529 .947 -10.269 -54.297 1.813
5 24 -14.314 -53.986 -2.197 -13.363 -55.271 -2.696 -13.458 -53.933 -2.681 -14.132 -55.475 -2.29
5 24 -9.859 -52.529 .947 -10.287 -53.426 1.816 -10.367 -52.514 1.832 -9.813 -53.389 .907
5 24 -6.323 -59.797 3.345 -6.01 -58.394 2.704 -4.723 -59.364 3.463 -7.084 -58.566 2.742
5 24 -13.44 -54.82 2.75 -14.327 -54.029 2.225 -13.337 -53.43 2.727 -14.204 -56.048 2.215
5 24 -12.896 -50.116 1.525 -12.389 -49.841 .952 -12.309 -50.127 1.559 -12.736 -49.845 .927
5 24 -12.188 -49.732 .301 -11.826 -49.836 .618 -11.656 -49.838 .332 -12.307 -49.732 .404
5 24 -10.043 -57.848 -2.808 -8.671 -58.417 -2.715 -9.29 -57.254 -2.204 -9.352 -59.103 -3.059
5 24 -10.849 -50.682 1.456 -10.5 -51.545 1.763 -11.458 -50.688 1.959 -10.006 -51.544 .926
5 24 -13.327 -49.839 -.427 -13.879 -50.11 -.696 -14.046 -50.093 0 -13.073 -49.841 -.757
5 24 -6.01 -58.394 2.704 -5.985 -57.448 1.606 -6.665 -57.537 1.546 -4.923 -58.068 2.847
5 24 -12.389 -49.841 .952 -12.074 -49.843 .839 -12.454 -49.726 .458 -12.309 -50.127 1.559
5 24 -8.889 -60.408 -3.197 -8.165 -60.816 -3.268 -8.002 -59.619 -3.184 -9.884 -61.39 -2.757
5 24 -13.44 -54.82 2.75 -13.337 -53.43 2.727 -12.268 -53.74 2.852 -14.327 -54.029 2.225
5 24 -9.813 -53.389 .907 -9.689 -52.529 -.068 -9.784 -54.327 .835 -9.859 -52.529 .947
5 24 -12.733 -49.847 -.925 -13.073 -49.841 -.757 -12.902 -50.121 -1.516 -12.616 -49.73 -.449
5 24 -12.454 -49.726 .458 -12.513 -49.688 0 -12.307 -49.732 .404 -12.616 -49.736 .448
5 24 -.575 -58.719 -3.867 .774 -59.029 -3.406 .008 -60.395 -3.104 1.723 -56.79 -3.529
5 24 -.575 -58.719 -3.867 .478 -55.103 -4.042 -1.415 -57.389 -3.931 1.723 -56.79 -3.529
5 24 -13.261 -51.549 -2.577 -13.098 -50.693 -2.137 -12.27 -51.551 -2.669 -13.886 -50.689 -1.736

0 // Conds towards Highlight Colour
5 24 0 -43.039 -4 1.531 -44.029 -3.696 1.321 -51.478 -3.951 0 -35.53 -4
5 24 -1.531 -42.109 -3.696 0 -43.039 -4 -.185 -50.479 -4 -1.531 -34.597 -3.696
5 24 -1.531 -43.959 3.696 -2.828 -44.927 2.828 -1.531 -36.441 3.696 -1.589 -51.473 3.516
5 24 1.531 -44.029 -3.696 2.828 -44.889 -2.828 1.531 -36.451 -3.696 2.679 -52.383 -3.143
5 24 1.321 -51.478 -3.951 -.185 -50.479 -4 0 -43.039 -4 .478 -55.103 -4.042
5 24 -.185 -50.479 -4 -1.531 -49.622 -3.696 -1.531 -42.109 -3.696 -1.415 -57.389 -3.931
5 24 -3.909 -55.122 -1.577 -3.203 -55.86 -2.806 -3.696 -47.769 -1.531 -4.126 -56.887 -2.604
5 24 -.426 -62.074 -1.849 -1.36 -63.1 -.531 .615 -61.88 -.554 -3.33 -63.008 -1.964
5 24 -13.711 -56.781 2.455 -14.123 -57.958 1.67 -13.017 -57.834 2.619 -14.204 -56.048 2.215
5 24 -2.828 -48.675 -2.828 -1.531 -49.622 -3.696 -2.219 -56.721 -3.641 -2.828 -41.161 -2.828
5 24 -11.588 -61.306 -1.87 -9.884 -61.39 -2.757 -11.845 -60.564 -2.225 -10.103 -62.263 -1.999
5 24 -2.219 -56.721 -3.641 -1.415 -57.389 -3.931 -3.744 -57.832 -3.336 -1.531 -49.622 -3.696
5 24 4 -54.32 0 3.696 -55.357 1.531 3.817 -57.188 -.327 4 -46.753 0
5 24 -11.436 -54.366 2.688 -12.693 -55.487 2.897 -11.193 -55.186 2.601 -12.268 -53.74 2.852
5 24 -8.165 -60.816 -3.268 -6.997 -59.93 -3.304 -8.002 -59.619 -3.184 -6.442 -61.23 -3.41
5 24 -6.45 -59.014 -3.031 -6.049 -58.134 -2.477 -5.474 -58.89 -3.137 -6.724 -58.113 -2.297
5 24 -10.269 -54.297 1.813 -11.436 -54.366 2.688 -11.193 -55.186 2.601 -10.287 -53.426 1.816
5 24 -.587 -57.857 3.989 1.392 -57.126 3.546 -.199 -56.654 3.982 .239 -58.877 3.644
5 24 1.392 -57.126 3.546 2.828 -56.435 2.828 1.531 -56.125 3.696 1.803 -58.658 2.912
5 24 -7.59 -57.368 1.484 -7.868 -58.479 2.769 -8.314 -57.171 1.499 -7.273 -57.506 1.566
5 24 -6.049 -58.134 -2.477 -5.935 -57.348 -1.44 -5.269 -57.834 -2.457 -6.503 -57.453 -1.35
5 24 -5.382 -57.221 1.677 -4.27 -57.632 2.896 -4.923 -58.068 2.847 -4.567 -56.574 1.523
5 24 0 -50.521 4.011 -1.589 -51.473 3.516 -1.531 -43.959 3.696 -.199 -56.654 3.982
5 24 -1.589 -51.473 3.516 -2.828 -52.398 2.828 -2.828 -44.927 2.828 -2.012 -56.776 3.691
5 24 -12.693 -55.487 2.897 -13.711 -56.781 2.455 -12.324 -56.405 2.918 -13.44 -54.82 2.75
5 24 -10.609 -56.279 -2.495 -11.789 -55.633 -2.793 -11.047 -55.486 -2.525 -11.109 -56.898 -2.825
5 24 -7.59 -57.368 1.484 -7.779 -56.99 -.034 -8.314 -57.171 1.499 -7.43 -57.078 .067
5 24 -2.828 -52.398 2.828 -3.696 -53.271 1.531 -3.561 -56.657 2.803 -2.828 -44.927 2.828
5 24 -7.779 -56.99 -.034 -8.512 -56.92 -1.155 -8.355 -56.746 .157 -8.058 -57.203 -1.251
5 24 -13.691 -59.864 .023 -12.828 -60.731 -.972 -14.065 -59.169 -.475 -12.587 -61.234 .167
5 24 -9.884 -61.39 -2.757 -8.165 -60.816 -3.268 -8.889 -60.408 -3.197 -8.575 -62 -2.839
5 24 3.696 -53.426 -1.531 4 -54.32 0 3.696 -45.83 -1.531 3.546 -56.017 -2.002
5 24 -2.578 -57.945 3.749 -.587 -57.857 3.989 -1.642 -58.996 3.875 -2.012 -56.776 3.691
5 24 -2.571 -63.584 .581 -3.778 -63.653 1.493 -1.758 -62.505 2.362 -5.397 -63.934 .335
5 24 -12.115 -55.088 -2.798 -11.856 -54.508 -2.752 -12.313 -53.991 -2.815 -11.345 -55.163 -2.596
5 24 -6.997 -59.93 -3.304 -6.45 -59.014 -3.031 -7.318 -58.835 -2.834 -5.894 -60.153 -3.444
5 24 -3.778 -63.653 1.493 -5.583 -63.027 2.625 -6.523 -63.684 1.323 -3.541 -61.903 3.302
5 24 -9.861 -54.31 -1.062 -9.666 -54.305 -.133 -9.868 -54.726 -1.089 -9.665 -53.4 -.122
5 24 -12.828 -60.731 -.972 -11.588 -61.306 -1.87 -13.076 -60.026 -1.498 -11.453 -62.05 -.921
5 24 -3.696 -53.271 1.531 -4.038 -54.297 -.187 -3.696 -45.871 1.531 -4.567 -56.574 1.523
5 24 3.696 -53.426 -1.531 2.679 -52.383 -3.143 3.546 -56.017 -2.002 2.828 -44.889 -2.828
5 24 -3.203 -55.86 -2.806 -2.219 -56.721 -3.641 -2.828 -48.675 -2.828 -3.744 -57.832 -3.336
5 24 -10.408 -54.314 -1.935 -9.861 -54.31 -1.062 -10.316 -54.706 -1.828 -9.904 -53.428 -1.174
5 24 -4.27 -57.632 2.896 -2.578 -57.945 3.749 -3.378 -58.781 3.646 -3.561 -56.657 2.803
5 24 -9.784 -54.327 .835 -10.269 -54.297 1.813 -10.108 -55.053 1.658 -9.813 -53.389 .907
5 24 -14.123 -57.958 1.67 -14.08 -58.909 .911 -14.608 -57.206 1.365 -13.35 -59.11 1.92
5 24 -3.696 -47.769 -1.531 -2.828 -48.675 -2.828 -3.696 -40.253 -1.531 -3.203 -55.86 -2.806
5 24 -7.844 -59.941 3.311 -7.868 -58.479 2.769 -8.824 -59.795 3.24 -7.084 -58.566 2.742
5 24 2.679 -52.383 -3.143 1.321 -51.478 -3.951 2.38 -54.786 -3.345 1.531 -44.029 -3.696
5 24 .008 -60.395 -3.104 -.426 -62.074 -1.849 -2.821 -61.781 -3.002 1.065 -60.635 -2.163
5 24 -7.012 -61.564 3.3 -7.844 -59.941 3.311 -9.001 -61.329 2.988 -6.323 -59.797 3.345
5 24 3.696 -55.357 1.531 2.828 -56.435 2.828 3.181 -58.114 1.543 3.696 -47.735 1.531
5 24 -4 -46.782 0 -3.696 -47.769 -1.531 -3.909 -55.122 -1.577 -4 -39.301 0
5 24 .008 -60.395 -3.104 -.575 -58.719 -3.867 -2.821 -61.781 -3.002 .774 -59.029 -3.406
5 24 -11.789 -55.633 -2.793 -12.115 -55.088 -2.798 -12.707 -55.166 -2.806 -11.345 -55.163 -2.596
5 24 -5.935 -57.348 -1.44 -5.837 -56.962 .009 -5.219 -56.977 -1.322 -6.329 -57.099 .002
5 24 -4.038 -54.297 -.187 -3.909 -55.122 -1.577 -4 -46.782 0 -5.091 -56.582 .023
5 24 -8.512 -56.92 -1.155 -9.571 -56.683 -1.966 -9.29 -57.254 -2.204 -8.955 -56.412 -.796
5 24 -11.196 -54.319 -2.506 -10.408 -54.314 -1.935 -10.855 -54.724 -2.29 -10.5 -53.514 -2.029
5 24 -5.583 -63.027 2.625 -7.012 -61.564 3.3 -8.001 -62.82 2.268 -5.121 -60.826 3.57
5 24 -5.837 -56.962 .009 -5.382 -57.221 1.677 -5.985 -57.448 1.606 -5.091 -56.582 .023
5 24 0 -5.201 -4 0 -4.546 -4 -1.531 0 -3.696 .2317 -5.664 -3.954
5 24 -.575 -58.719 -3.867 -1.415 -57.389 -3.931 -3.1 -60.301 -3.637 .478 -55.103 -4.042
5 24 -11.856 -54.508 -2.752 -11.196 -54.319 -2.506 -11.249 -54.856 -2.536 -11.37 -53.659 -2.617
5 24 -1.36 -63.1 -.531 -2.571 -63.584 .581 -.377 -62.492 1.007 -4.279 -63.764 -.786
5 24 -14.08 -58.909 .911 -13.691 -59.864 .023 -14.513 -58.21 .479 -13.13 -60.293 1.135
5 24 -9.784 -54.327 .835 -9.666 -54.305 -.133 -9.731 -54.908 .744 -9.665 -53.4 -.122
5 24 -9.571 -56.683 -1.966 -10.609 -56.279 -2.495 -10.385 -55.838 -2.181 -9.29 -57.254 -2.204