0 ~Dish  6 x  6 Inverted - No Studs with Handle with SW TIE Silencer Hatch Pattern - Half
0 Name: s\18675ps8s01.dat
0 Author: Evert-Jan Boer [ejboer]
0 !LDRAW_ORG Subpart UPDATE 2026-07
0 !LICENSE Licensed under CC BY 4.0 : see CAreadme.txt

0 BFC CERTIFY CCW

0 !HISTORY 2026-07-06 [Holly-Wood] Removed brown border
0 !HISTORY 2026-07-30 [OrionP] Official Update 2026-07

4 4 31.3274 -9.1723 -18.0874 31.176 -9.25 -18 30.8764 -9.25 -18.449 31.15 -9.1978 -18.25
3 4 31.75 -9.0799 -17.7 31.176 -9.25 -18 31.3274 -9.1723 -18.0874
4 4 31.6 -9.2088 -17.35 31.75 -9.0799 -17.7 32.75 -8.9269 -16.45 32.1 -9.1372 -16.7
4 4 32.1 -9.1372 -16.7 32.75 -8.9269 -16.45 33.45 -8.8938 -15.2 32.6 -9.0854 -15.95
4 4 32.6 -9.0854 -15.95 33.45 -8.8938 -15.2 33.75 -8.9218 -14.45 33.05 -9.0831 -15.05
3 4 33.3 -9.141 -14.25 33.05 -9.0831 -15.05 33.75 -8.9218 -14.45
4 4 31.176 -9.25 -18 31.75 -9.0799 -17.7 31.6 -9.2088 -17.35 31.4129 -9.25 -17.5201
4 4 33.3 -9.141 -14.25 33.75 -8.9218 -14.45 33.8652 -8.9591 -14.0277 33.3843 -9.1904 -13.8285
3 4 34 -9.0063 -13.3 33.45 -9.2097 -13.5 33.9 -8.9626 -13.9
4 4 33.9 -8.9626 -13.9 33.45 -9.2097 -13.5 33.3843 -9.1904 -13.8285 33.8652 -8.9591 -14.0277
4 4 34 -9.25 -11.5954 33.45 -9.25 -13.2179 33.45 -9.2097 -13.5 34 -9.0063 -13.3
4 4 26.0497 -12.3595 0 26.0761 -12.3485 .1327 25.337 -12.5701 .5889 25.2199 -12.6188 0
4 4 25.337 -12.5701 .5889 26.0761 -12.3485 .1327 26.2929 -12.2741 .4571 25.7272 -12.4361 1.1728
4 4 26.6173 -12.1682 .6739 26.3111 -12.2456 1.563 25.7272 -12.4361 1.1728 26.2929 -12.2741 .4571
4 4 26.3111 -12.2456 1.563 26.6173 -12.1682 .6739 27 -12.0471 .75 27 -12.0275 1.7
4 4 32.8 -10.215 1.7 27 -12.0275 1.7 27 -12.0471 .75 31.95 -10.5002 .75
4 4 33.4 -10.0347 1.35 32.8 -10.215 1.7 31.95 -10.5002 .75 32.5241 -10.3224 .6739
4 4 32.5241 -10.3224 .6739 33.0107 -10.1748 .4571 33.75 -9.9325 1 33.4 -10.0347 1.35
4 4 33.0107 -10.1748 .4571 33.3359 -10.0798 .1327 33.9 -9.8949 .55 33.75 -9.9325 1
4 4 33.3754 -10.0702 0 34 -9.875 0 33.9 -9.8949 .55 33.3359 -10.0798 .1327
3 4 10.45 -11.6786 -26.2 9.6 -11.6158 -26.7 10.5261 -11.5574 -26.5827
4 4 10.7429 -11.4394 -26.9071 10.5261 -11.5574 -26.5827 9.6 -11.6158 -26.7 9.95 -11.3581 -27.45
4 4 9.95 -11.3581 -27.45 10.4 -11.2239 -27.75 10.8 -11.154 -27.85 10.7429 -11.4394 -26.9071
4 4 11.45 -11.0887 -27.85 11.0673 -11.3425 -27.1239 10.7429 -11.4394 -26.9071 10.8 -11.154 -27.85
4 4 11.5289 -11.0859 -27.8327 11.2504 -11.3133 -27.1603 11.0673 -11.3425 -27.1239 11.45 -11.0887 -27.85
4 4 10.45 -11.6786 -26.2 10.45 -11.9669 -25.228 9.6 -12.661 -23.176 9.6 -11.6158 -26.7
4 4 10.45 -11.9669 -25.228 10.45 -13 -21.5491 9.6 -13 -21.9687 9.6 -12.661 -23.176
3 4 11.2504 -11.3133 -27.1603 11.5289 -11.0859 -27.8327 11.45 -11.2745 -27.2
4 4 11.45 -11.2745 -27.2 11.5289 -11.0859 -27.8327 15.5605 -10.7747 -26.9508 15.2681 -10.9574 -26.4443
4 4 16.65 -10.82 -26.05 16.25 -10.8374 -26.25 16.25 -10.6941 -26.8 16.8 -10.6636 -26.55
4 4 16.8 -10.6636 -26.55 17.35 -10.6722 -26.15 17.05 -10.8677 -25.6 16.65 -10.82 -26.05
4 4 17.35 -10.6722 -26.15 17.75 -10.746 -25.6 17.3 -10.9414 -25.15 17.05 -10.8677 -25.6
4 4 17.5 -11.0239 -24.7 17.3 -10.9414 -25.15 17.75 -10.746 -25.6 18.05 -10.8501 -25
4 4 17.55 -11.1715 -24.1 17.5 -11.0239 -24.7 18.05 -10.8501 -25 18.3 -10.989 -24.3
4 4 18.3 -10.989 -24.3 18.3367 -11.0877 -23.8967 17.55 -11.4915 -22.8715 17.55 -11.1715 -24.1
4 4 16.25 -10.8374 -26.25 15.2681 -10.9574 -26.4443 15.5605 -10.7747 -26.9508 16.25 -10.6941 -26.8
4 4 18.4 -11.2386 -23.2 18.4 -12.3682 -18.4 17.55 -12.7439 -17.55 17.55 -11.4915 -22.8715
3 4 17.55 -11.4915 -22.8715 18.3367 -11.0877 -23.8967 18.4 -11.2386 -23.2
4 4 17.55 -12.7439 -17.55 18.4 -12.3682 -18.4 18.4 -13 -15.342 17.55 -13 -16.3102
4 4 25.55 -10.5939 -18.7 26.0571 -10.5683 -18.087 26 -10.6331 -17.8 25.2 -10.7893 -18.1
4 4 26.2197 -10.4837 -18.3303 26.0571 -10.5683 -18.087 25.55 -10.5939 -18.7 25.95 -10.4549 -18.9
4 4 26.2197 -10.4837 -18.3303 25.95 -10.4549 -18.9 26.55 -10.2812 -19 26.463 -10.392 -18.4929
3 4 26.463 -10.392 -18.4929 26.55 -10.2812 -19 26.75 -10.3074 -18.55
4 4 29.5 -9.591 -18.55 26.75 -10.3074 -18.55 26.55 -10.2812 -19 29.5 -9.5128 -19
4 4 29.5 -9.5128 -19 30.1 -9.3739 -18.9 30.05 -9.4651 -18.45 29.5 -9.591 -18.55
4 4 30.1 -9.3739 -18.9 30.6 -9.2871 -18.65 30.5 -9.3826 -18.25 30.05 -9.4651 -18.45
4 4 26 -11.1178 -15.0116 25.2 -11.4065 -14.5497 25.2 -10.7893 -18.1 26 -10.6331 -17.8
4 4 30.6 -9.2871 -18.65 30.8764 -9.25 -18.449 30.9908 -9.3168 -17.8931 30.5 -9.3826 -18.25
3 4 30.9908 -9.3168 -17.8931 30.8764 -9.25 -18.449 31.176 -9.25 -18
4 4 25.2 -11.9764 -10.4384 25.2 -11.4065 -14.5497 26 -11.1178 -15.0116 26 -11.7058 -10.7698
3 4 31.05 -9.3062 -17.85 30.9908 -9.3168 -17.8931 31.176 -9.25 -18
3 4 31.4129 -9.25 -17.5201 31.05 -9.3062 -17.85 31.176 -9.25 -18
4 4 33.45 -9.25 -13.2179 34 -9.25 -11.5954 34 -9.4999 -9.1098 33.45 -9.6778 -8.9625
4 4 18.4 -13.9974 2.422 18.4 -13.9076 4.93 17.55 -14.0689 4.7023 17.5485 -14.1549 2.31
4 4 18.4 -13.9076 4.93 18.4 -13.7488 7.6217 17.55 -13.9175 7.2696 17.55 -14.0689 4.7023
3 4 10.45 -15.1877 6.0335 10.392 -15.2 6 10.45 -15.2 5.8825
4 4 18.4 -13.592 9.55 17.55 -13.7198 9.7 17.55 -13.9175 7.2696 18.4 -13.7488 7.6217
4 4 18.35 -13.5433 10.25 18.2747 -13.5312 10.5512 17.4709 -13.7014 10.0871 17.55 -13.7198 9.7
3 4 18.35 -13.5433 10.25 17.55 -13.7198 9.7 18.4 -13.592 9.55
3 4 10.45 -14.9853 8.0186 10.392 -15.2 6 10.45 -15.1877 6.0335
4 4 13.9445 -14.1778 10.7 16.55 -13.7796 10.7 17.3 -13.5528 11.8 15.378 -13.8466 11.8
4 4 17.85 -13.5096 11.4 17.3 -13.5528 11.8 16.55 -13.7796 10.7 16.9327 -13.7289 10.6239
4 4 16.9327 -13.7289 10.6239 17.2571 -13.7014 10.4071 18.2 -13.5122 10.85 17.85 -13.5096 11.4
4 4 17.4709 -13.7014 10.0871 18.2747 -13.5312 10.5512 18.2 -13.5122 10.85 17.2571 -13.7014 10.4071
4 4 10.45 -14.9853 8.0186 9.6 -15.1817 7.3664 9.6 -15.2 7.1869 10.392 -15.2 6
4 4 11.0673 -14.5843 10.6239 11.45 -14.5222 10.7 15.378 -13.8466 11.8 11.8 -14.3406 11.8
3 4 15.378 -13.8466 11.8 11.45 -14.5222 10.7 13.9445 -14.1778 10.7
4 4 9.6 -15.1817 7.3664 10.45 -14.9853 8.0186 10.45 -14.7815 9.7 9.6 -14.911 9.6
3 4 10.5261 -14.7246 10.0827 9.6 -14.911 9.6 10.45 -14.7815 9.7
3 4 10.7429 -14.6553 10.4071 9.6 -14.911 9.6 10.5261 -14.7246 10.0827
3 4 11.8 -14.3406 11.8 9.6 -14.911 9.6 10.7429 -14.6553 10.4071
3 4 11.8 -14.3406 11.8 10.7429 -14.6553 10.4071 11.0673 -14.5843 10.6239
3 4 11.8 -14.3406 11.8 9.6 -14.8557 10 9.6 -14.911 9.6
4 4 11.8 -14.3406 11.8 11.4 -14.389 11.8 9.737 -14.744 10.6889 9.6 -14.8557 10
4 4 11.4 -14.389 11.8 10.7111 -14.4915 11.663 10.1272 -14.6161 11.2728 9.737 -14.744 10.6889
4 4 10.45 -13.5683 -18.0994 9.6 -13.88 -16.6272 9.6 -13 -21.9687 10.45 -13 -21.5491
4 4 10.45 -14.2531 -13.6186 9.6 -14.5091 -12.5109 9.6 -13.88 -16.6272 10.45 -13.5683 -18.0994
4 4 9.6 -14.5091 -12.5109 10.45 -14.2531 -13.6186 10.45 -14.6906 -10.45 9.6 -14.911 -9.6
4 4 10.45 -14.9853 -8.0186 9.6 -15.1817 -7.3664 9.6 -14.911 -9.6 10.45 -14.6906 -10.45
4 4 17.55 -13 -16.3102 18.4 -13 -15.342 18.4 -13.1483 -14.1189 17.55 -13.3447 -13.4667
4 4 10.45 -15.1877 -6.0335 10.392 -15.2 -6 9.6 -15.2 -7.1869 9.6 -15.1817 -7.3664
3 4 10.45 -15.1877 -6.0335 9.6 -15.1817 -7.3664 10.45 -14.9853 -8.0186
4 4 17.55 -13.3447 -13.4667 18.4 -13.1483 -14.1189 18.4 -13.5047 -10.6236 17.55 -13.6846 -10.1328
4 4 9.6 -15.3374 2.5722 9.6 -15.3545 1.2637 10.45 -15.2973 1.3756 10.45 -15.2787 2.7999
4 4 9.6 -15.3374 2.5722 10.45 -15.2787 2.7999 10.45 -15.246 4.3286 9.6 -15.3073 3.9765
3 4 10.392 -15.2 6 9.6 -15.261 5.5427 10.45 -15.2 5.8825
4 4 9.6 -15.3073 3.9765 10.45 -15.246 4.3286 10.45 -15.2 5.8825 9.6 -15.261 5.5427
3 4 9.6 -15.2 7.1869 9.6 -15.261 5.5427 10.392 -15.2 6
3 4 9.6 -15.261 -5.5427 9.6 -15.2 -7.1869 10.392 -15.2 -6
4 16 53.5356 -.1 7.047 53.9835 -.1 .25 59.9835 4 .25 59.484 4 7.83
4 16 59.484 4 7.83 57.954 4 15.528 52.1586 -.1 13.9752 53.5356 -.1 7.047
4 16 57.954 4 15.528 55.434 4 22.962 49.8906 -.1 20.6658 52.1586 -.1 13.9752
4 16 55.434 4 22.962 51.96 4 30 46.764 -.1 27 49.8906 -.1 20.6658
4 16 50.0786 4 32.8195 47.604 4 36.528 42.8436 -.1 32.8752 45.0569 -.1 29.5584
4 16 45.3344 -.1 29.1424 46.764 -.1 27 51.96 4 30 50.3562 4 32.4036
4 16 38.1834 -.1 38.1834 42.8436 -.1 32.8752 47.604 4 36.528 42.426 4 42.426
4 16 42.426 4 42.426 36.528 4 47.604 32.8752 -.1 42.8436 38.1834 -.1 38.1834
4 16 27 -.1 46.764 32.8752 -.1 42.8436 36.528 4 47.604 30 4 51.96
4 16 20.6658 -.1 49.8906 27 -.1 46.764 30 4 51.96 22.962 4 55.434
4 16 19.5626 -.1 50.2646 20.6658 -.1 49.8906 22.962 4 55.434 21.7098 4 55.8585
4 16 13.9752 -.1 52.1586 19.0887 -.1 50.4252 21.2359 4 56.0191 15.528 4 57.954
4 16 7.047 -.1 53.5356 13.9752 -.1 52.1586 15.528 4 57.954 7.83 4 59.484
4 16 0 -.1 54 7.047 -.1 53.5356 7.83 4 59.484 0 4 60
4 16 7.047 -.1 -53.5356 0 -.1 -54 0 4 -60 7.83 4 -59.484
4 16 7.83 4 -59.484 15.528 4 -57.954 13.9752 -.1 -52.1586 7.047 -.1 -53.5356
4 16 15.528 4 -57.954 22.962 4 -55.434 20.6658 -.1 -49.8906 13.9752 -.1 -52.1586
4 16 22.962 4 -55.434 30 4 -51.96 27 -.1 -46.764 20.6658 -.1 -49.8906
4 16 30 4 -51.96 36.528 4 -47.604 32.8752 -.1 -42.8436 27 -.1 -46.764
4 16 38.1834 -.1 -38.1834 32.8752 -.1 -42.8436 36.528 4 -47.604 42.426 4 -42.426
4 16 42.426 4 -42.426 47.604 4 -36.528 42.8436 -.1 -32.8752 38.1834 -.1 -38.1834
4 16 49.7761 4 -33.2729 51.96 4 -30 46.764 -.1 -27 44.8124 -.1 -29.9248
4 16 47.604 4 -36.528 49.4986 4 -33.6888 44.5348 -.1 -30.3407 42.8436 -.1 -32.8752
4 16 49.8906 -.1 -20.6658 46.764 -.1 -27 51.96 4 -30 55.434 4 -22.962
4 16 55.434 4 -22.962 57.954 4 -15.528 52.1586 -.1 -13.9752 49.8906 -.1 -20.6658
4 16 53.5356 -.1 -7.047 52.1586 -.1 -13.9752 57.954 4 -15.528 59.484 4 -7.83
4 16 53.5356 -.1 -7.047 59.484 4 -7.83 59.9835 4 -.25 53.9835 -.1 -.25
4 16 44.613 -5.25 5.8725 45 -5.25 0 47.117 -4.0386 0 46.7139 -4.0373 6.15
4 16 47.5876 -3.7599 .25 53.9835 -.1 .25 53.5356 -.1 7.047 47.1967 -3.7586 6.2136
4 16 46.7139 -4.0373 6.15 45.5115 -4.0378 12.1948 43.4655 -5.25 11.646 44.613 -5.25 5.8725
4 16 47.1967 -3.7586 6.2136 53.5356 -.1 7.047 52.1586 -.1 13.9752 45.9819 -3.7591 12.3208
4 16 45.5115 -4.0378 12.1948 43.5304 -4.0393 18.0309 41.5755 -5.25 17.2215 43.4655 -5.25 11.646
4 16 49.8906 -.1 20.6658 43.9804 -3.7606 18.2173 45.9819 -3.7591 12.3208 52.1586 -.1 13.9752
4 16 43.5304 -4.0393 18.0309 40.8045 -4.038 23.5585 38.97 -5.25 22.5 41.5755 -5.25 17.2215
4 16 43.9804 -3.7606 18.2173 49.8906 -.1 20.6658 46.764 -.1 27 41.2261 -3.7594 23.8022
4 16 40.8045 -4.038 23.5585 37.3804 -4.0402 28.6831 35.703 -5.25 27.396 38.97 -5.25 22.5
4 16 45.0569 -.1 29.5584 42.8436 -.1 32.8752 37.7668 -3.7616 28.9795 39.7031 -3.7604 26.0816
4 16 46.764 -.1 27 45.3344 -.1 29.1424 39.9809 -3.7602 25.6658 41.2261 -3.7594 23.8022
4 16 37.3804 -4.0402 28.6831 33.3168 -4.0383 33.3168 31.8195 -5.25 31.8195 35.703 -5.25 27.396
4 16 33.6611 -3.7597 33.6611 37.7668 -3.7616 28.9795 42.8436 -.1 32.8752 38.1834 -.1 38.1834
4 16 28.683 -4.0402 37.3804 27.396 -5.25 35.703 31.8195 -5.25 31.8195 33.3168 -4.0383 33.3168
4 16 33.6611 -3.7597 33.6611 38.1834 -.1 38.1834 32.8752 -.1 42.8436 28.9795 -3.7616 37.7668
4 16 23.5586 -4.038 40.8045 22.5 -5.25 38.97 27.396 -5.25 35.703 28.683 -4.0402 37.3804
4 16 27 -.1 46.764 23.8023 -3.7593 41.2261 28.9795 -3.7616 37.7668 32.8752 -.1 42.8436
4 16 23.5586 -4.038 40.8045 18.031 -4.0393 43.5304 17.2215 -5.25 41.5755 22.5 -5.25 38.97
4 16 18.2175 -3.7606 43.9803 23.8023 -3.7593 41.2261 27 -.1 46.764 20.6658 -.1 49.8906
4 16 17.2215 -5.25 41.5755 18.031 -4.0393 43.5304 12.1948 -4.0378 45.5115 11.646 -5.25 43.4655
4 16 20.6658 -.1 49.8906 19.5626 -.1 50.2646 17.2733 -3.7604 44.3008 18.2175 -3.7606 43.9803
4 16 13.9752 -.1 52.1586 12.3207 -3.7592 45.9819 16.7994 -3.7603 44.4616 19.0887 -.1 50.4252
4 16 12.3207 -3.7592 45.9819 13.9752 -.1 52.1586 7.047 -.1 53.5356 6.2136 -3.7586 47.1967
4 16 5.8725 -5.25 44.613 11.646 -5.25 43.4655 12.1948 -4.0378 45.5115 6.15 -4.0373 46.7139
4 16 0 -3.7599 47.604 6.2136 -3.7586 47.1967 7.047 -.1 53.5356 0 -.1 54
4 16 6.15 -4.0373 46.7139 0 -4.0386 47.117 0 -5.25 45 5.8725 -5.25 44.613
4 16 5.8725 -5.25 -44.613 0 -5.25 -45 0 -4.0386 -47.117 6.15 -4.0373 -46.7139
4 16 6.2136 -3.7586 -47.1967 0 -3.7599 -47.604 0 -.1 -54 7.047 -.1 -53.5356
4 16 6.15 -4.0373 -46.7139 9.1724 -4.0375 -46.1127 11.646 -5.25 -43.4655 5.8725 -5.25 -44.613
4 16 13.9752 -.1 -52.1586 11.646 -5.25 -43.4655 9.1724 -4.0375 -46.1127 9.2672 -3.7589 -46.5893
4 16 6.2136 -3.7586 -47.1967 7.047 -.1 -53.5356 13.9752 -.1 -52.1586 9.2672 -3.7589 -46.5893
4 16 17.2215 -5.25 -41.5755 11.646 -5.25 -43.4655 13.9752 -.1 -52.1586 20.6658 -.1 -49.8906
4 16 17.2215 -5.25 -41.5755 20.7947 -4.0386 -42.1675 23.5585 -4.038 -40.8045 22.5 -5.25 -38.97
4 16 21.0096 -3.76 -42.6033 20.7947 -4.0386 -42.1675 17.2215 -5.25 -41.5755 20.6658 -.1 -49.8906
4 16 21.0096 -3.76 -42.6033 20.6658 -.1 -49.8906 27 -.1 -46.764 23.802 -3.7593 -41.2263
4 16 23.5585 -4.038 -40.8045 28.683 -4.0402 -37.3804 27.396 -5.25 -35.703 22.5 -5.25 -38.97
4 16 28.9795 -3.7616 -37.7668 23.802 -3.7593 -41.2263 27 -.1 -46.764 32.8752 -.1 -42.8436
4 16 33.3168 -4.0383 -33.3168 31.8195 -5.25 -31.8195 27.396 -5.25 -35.703 28.683 -4.0402 -37.3804
4 16 32.8752 -.1 -42.8436 38.1834 -.1 -38.1834 33.6611 -3.7597 -33.6611 28.9795 -3.7616 -37.7668
4 16 37.3804 -4.0402 -28.683 35.703 -5.25 -27.396 31.8195 -5.25 -31.8195 33.3168 -4.0383 -33.3168
4 16 33.6611 -3.7597 -33.6611 38.1834 -.1 -38.1834 42.8436 -.1 -32.8752 37.7668 -3.7616 -28.9795
4 16 46.764 -.1 -27 41.2263 -3.7593 -23.802 39.5203 -3.7605 -26.3552 44.8124 -.1 -29.9248
4 16 42.8436 -.1 -32.8752 44.5348 -.1 -30.3407 39.2425 -3.7606 -26.771 37.7668 -3.7616 -28.9795
4 16 40.8045 -4.038 -23.5585 38.97 -5.25 -22.5 35.703 -5.25 -27.396 37.3804 -4.0402 -28.683
4 16 41.5755 -5.25 -17.2215 38.97 -5.25 -22.5 40.8045 -4.038 -23.5585 43.5304 -4.0393 -18.0309
4 16 43.9804 -3.7606 -18.2173 41.2263 -3.7593 -23.802 46.764 -.1 -27 49.8906 -.1 -20.6658
4 16 41.5755 -5.25 -17.2215 43.5304 -4.0393 -18.0309 45.5115 -4.0378 -12.1948 43.4655 -5.25 -11.646
4 16 43.9804 -3.7606 -18.2173 49.8906 -.1 -20.6658 52.1586 -.1 -13.9752 45.9819 -3.7591 -12.3208
4 16 43.4655 -5.25 -11.646 45.5115 -4.0378 -12.1948 46.7139 -4.0373 -6.1498 44.613 -5.25 -5.8725
4 16 45.9819 -3.7591 -12.3208 52.1586 -.1 -13.9752 53.5356 -.1 -7.047 47.1967 -3.7586 -6.2136
4 16 46.7139 -4.0373 -6.1498 47.117 -4.0386 0 45 -5.25 0 44.613 -5.25 -5.8725
4 16 53.9835 -.1 -.25 47.5876 -3.7599 -.25 47.1967 -3.7586 -6.2136 53.5356 -.1 -7.047
4 16 36 -9.25 0 38.8 -8.0056 0 38.8 -7.856 5.1073 35.6904 -9.25 4.698
4 16 42.0799 -6.3855 5.5396 39.3 -7.6318 5.1731 39.3 -7.7833 0 42.443 -6.3864 0
4 16 42.9107 -6.0131 5.6492 43.281 -6.014 0 45 -5.25 0 44.613 -5.25 5.8725
4 16 41.8062 -6.0134 11.2019 42.9107 -6.0131 5.6492 44.613 -5.25 5.8725 43.4655 -5.25 11.646
4 16 34.8155 -9.25 9.1 39.3 -7.2909 9.1 40.9969 -6.3859 10.9848 34.7724 -9.25 9.3168
4 16 39.3 -7.6318 5.1731 42.0799 -6.3855 5.5396 40.9969 -6.3859 10.9848 39.3 -7.2909 9.1
4 16 34.9149 -9.25 8.6 35.6904 -9.25 4.698 38.8 -7.856 5.1073 38.8 -7.5527 8.6
4 16 34.7724 -9.25 9.3168 40.9969 -6.3859 10.9848 39.2122 -6.3869 16.2423 33.2604 -9.25 13.7772
4 16 39.9864 -6.0145 16.563 41.8062 -6.0134 11.2019 43.4655 -5.25 11.646 41.5755 -5.25 17.2215
4 16 36.7567 -6.386 21.2216 31.176 -9.25 18 33.2604 -9.25 13.7772 39.2122 -6.3869 16.2423
4 16 41.5755 -5.25 17.2215 38.97 -5.25 22.5 37.4824 -6.0136 21.6406 39.9864 -6.0145 16.563
4 16 28.5624 -9.25 21.9168 31.176 -9.25 18 35.6352 -6.3866 22.9 29.8437 -8.5322 22.9
3 16 35.6352 -6.3866 22.9 31.176 -9.25 18 36.7567 -6.386 21.2216
3 16 33.6723 -6.3876 25.8377 30.4953 -8.1672 23.4 35.3011 -6.3868 23.4
4 16 34.3371 -6.0152 26.3478 37.4824 -6.0136 21.6406 38.97 -5.25 22.5 35.703 -5.25 27.396
3 16 29.8437 -8.5322 22.9 27.6992 -9.25 22.9 28.5624 -9.25 21.9168
3 16 25.4556 -9.25 25.4556 27.2603 -9.25 23.4 30.4953 -8.1672 23.4
4 16 25.4556 -9.25 25.4556 30.4953 -8.1672 23.4 33.6723 -6.3876 25.8377 30.0117 -6.3863 30.0117
4 16 35.703 -5.25 27.396 31.8195 -5.25 31.8195 30.6043 -6.0138 30.6043 34.3371 -6.0152 26.3478
4 16 21.9168 -9.25 28.5624 25.4556 -9.25 25.4556 30.0117 -6.3863 30.0117 25.8377 -6.3876 33.6723
4 16 26.3478 -6.0152 34.3371 30.6043 -6.0138 30.6043 31.8195 -5.25 31.8195 27.396 -5.25 35.703
4 16 18 -9.25 31.176 21.9168 -9.25 28.5624 25.8377 -6.3876 33.6723 21.2218 -6.386 36.7565
4 16 27.396 -5.25 35.703 22.5 -5.25 38.97 21.6408 -6.0136 37.4823 26.3478 -6.0152 34.3371
4 16 21.2218 -6.386 36.7565 16.2425 -6.3869 39.2121 13.7772 -9.25 33.2604 18 -9.25 31.176
4 16 16.5631 -6.0145 39.9863 21.6408 -6.0136 37.4823 22.5 -5.25 38.97 17.2215 -5.25 41.5755
4 16 9.3168 -9.25 34.7724 13.7772 -9.25 33.2604 16.2425 -6.3869 39.2121 10.9846 -6.3859 40.9969
4 16 17.2215 -5.25 41.5755 11.646 -5.25 43.4655 11.2015 -6.0134 41.8063 16.5631 -6.0145 39.9863
4 16 4.698 -9.25 35.6904 8 -9.25 35.0341 8 -6.3857 41.5906 5.5391 -6.3855 42.0801
4 16 9 -9.25 34.8354 9.3168 -9.25 34.7724 10.9846 -6.3859 40.9969 9 -6.3858 41.3916
4 16 11.646 -5.25 43.4655 5.8725 -5.25 44.613 5.6484 -6.0131 42.9108 11.2015 -6.0134 41.8063
4 16 0 -6.014 43.281 5.6484 -6.0131 42.9108 5.8725 -5.25 44.613 0 -5.25 45
4 16 5.5391 -6.3855 42.0801 0 -6.3864 42.443 0 -9.25 36 4.698 -9.25 35.6904
4 16 0 -5.25 -45 5.8725 -5.25 -44.613 5.6492 -6.0131 -42.9107 0 -6.014 -43.281
4 16 0 -9.25 -36 0 -6.3864 -42.443 5.5395 -6.3856 -42.0799 4.698 -9.25 -35.6904
4 16 11.646 -5.25 -43.4655 11.2016 -6.0134 -41.8063 5.6492 -6.0131 -42.9107 5.8725 -5.25 -44.613
4 16 10.9849 -6.3859 -40.9968 9.3168 -9.25 -34.7724 8.5 -9.25 -34.9347 8.5 -6.3857 -41.4911
4 16 5.5395 -6.3856 -42.0799 8 -6.3857 -41.5906 8 -9.25 -35.0341 4.698 -9.25 -35.6904
4 16 11.646 -5.25 -43.4655 17.2215 -5.25 -41.5755 16.5629 -6.0145 -39.9864 11.2016 -6.0134 -41.8063
4 16 16.2423 -6.3869 -39.2122 13.7772 -9.25 -33.2604 9.3168 -9.25 -34.7724 10.9849 -6.3859 -40.9968
3 16 18 -9.25 -31.176 16.5332 -9.25 -31.9 18.418 -8.8784 -31.9
4 16 15.5203 -9.25 -32.4 16.2423 -6.3869 -39.2122 21.2215 -6.386 -36.7567 18.7067 -8.6218 -32.4
4 16 21.6405 -6.0136 -37.4825 16.5629 -6.0145 -39.9864 17.2215 -5.25 -41.5755 22.5 -5.25 -38.97
3 16 15.5203 -9.25 -32.4 13.7772 -9.25 -33.2604 16.2423 -6.3869 -39.2122
4 16 18.418 -8.8784 -31.9 20.4857 -8.3673 -31.9 22.7199 -8.6637 -29.609 18 -9.25 -31.176
3 16 21.9168 -9.25 -28.5624 18 -9.25 -31.176 22.7199 -8.6637 -29.609
4 16 25.8377 -6.3876 -33.6723 20.6965 -8.1299 -32.4 18.7067 -8.6218 -32.4 21.2215 -6.386 -36.7567
3 16 23.0274 -8.4392 -30.0098 20.6965 -8.1299 -32.4 25.8377 -6.3876 -33.6723
4 16 22.5 -5.25 -38.97 27.396 -5.25 -35.703 26.3478 -6.0152 -34.3371 21.6405 -6.0136 -37.4825
4 16 21.9168 -9.25 -28.5624 22.7199 -8.6637 -29.609 26.1213 -8.8316 -26.1213 25.4556 -9.25 -25.4556
4 16 30.0117 -6.3863 -30.0117 26.4748 -8.6094 -26.4748 23.0274 -8.4392 -30.0098 25.8377 -6.3876 -33.6723
4 16 31.8195 -5.25 -31.8195 30.6043 -6.0138 -30.6043 26.3478 -6.0152 -34.3371 27.396 -5.25 -35.703
4 16 29.5114 -8.7184 -22.645 28.5624 -9.25 -21.9168 25.4556 -9.25 -25.4556 26.1213 -8.8316 -26.1213
4 16 30.6043 -6.0138 -30.6043 31.8195 -5.25 -31.8195 35.703 -5.25 -27.396 34.3371 -6.0152 -26.3478
4 16 26.4748 -8.6094 -26.4748 30.0117 -6.3863 -30.0117 33.6723 -6.3876 -25.8377 29.9108 -8.4946 -22.9515
4 16 38.97 -5.25 -22.5 37.4825 -6.0136 -21.6405 34.3371 -6.0152 -26.3478 35.703 -5.25 -27.396
4 16 28.5624 -9.25 -21.9168 29.5114 -8.7184 -22.645 33.0091 -8.3092 -19.0584 30.8764 -9.25 -18.449
4 16 29.9108 -8.4946 -22.9515 33.6723 -6.3876 -25.8377 36.7566 -6.386 -21.2217 33.4559 -8.0799 -19.3163
4 16 33.4559 -8.0799 -19.3163 36.7566 -6.386 -21.2217 39.2122 -6.3869 -16.2424 37.2472 -7.3321 -15.4286
4 16 37.4825 -6.0136 -21.6405 38.97 -5.25 -22.5 41.5755 -5.25 -17.2215 39.9864 -6.0145 -16.563
3 16 39.3 -6.7672 -13.3237 37.2472 -7.3321 -15.4286 39.2122 -6.3869 -16.2424
3 16 40.9968 -6.3859 -10.9849 39.3 -6.7672 -13.3237 39.2122 -6.3869 -16.2424
3 16 39.3 -7.1667 -10.5299 39.3 -6.7672 -13.3237 40.9968 -6.3859 -10.9849
4 16 43.4655 -5.25 -11.646 41.8062 -6.0134 -11.2018 39.9864 -6.0145 -16.563 41.5755 -5.25 -17.2215
3 16 38.8 -7.0072 -13.1203 38.8 -7.3968 -10.3959 34.7724 -9.25 -9.3168
4 16 41.4911 -6.3857 -8.5 39.3 -7.3429 -8.5 39.3 -7.1667 -10.5299 40.9968 -6.3859 -10.9849
4 16 39.3 -7.3864 -8 41.5906 -6.3857 -8 42.0799 -6.3855 -5.5399 39.3 -7.6318 -5.1731
4 16 42.9107 -6.0131 -5.6493 41.8062 -6.0134 -11.2018 43.4655 -5.25 -11.646 44.613 -5.25 -5.8725
4 16 35.6904 -9.25 -4.698 34.7724 -9.25 -9.3168 38.8 -7.3968 -10.3959 38.8 -7.856 -5.1073
4 16 38.8 -7.856 -5.1073 38.8 -8.0056 0 36 -9.25 0 35.6904 -9.25 -4.698
4 16 42.0799 -6.3855 -5.5399 42.443 -6.3864 0 39.3 -7.7833 0 39.3 -7.6318 -5.1731
4 16 42.9107 -6.0131 -5.6493 44.613 -5.25 -5.8725 45 -5.25 0 43.281 -6.014 0
4 16 25.2199 -12.6188 0 25.337 -12.5701 .5889 23.7936 -13 3.132 24 -13 0
3 16 23.7936 -13 3.132 25.337 -12.5701 .5889 25.7272 -12.4361 1.1728
3 16 23.7936 -13 3.132 25.7272 -12.4361 1.1728 26.3111 -12.2456 1.563
4 16 27.349 -11.8793 3.6 23.7936 -13 3.132 26.3111 -12.2456 1.563 27 -12.0275 1.7
3 16 29 -11.3634 3.6 27.349 -11.8793 3.6 27 -12.0275 1.7
3 16 35.6904 -9.25 4.698 29 -11.3589 3.8173 29 -11.3634 3.6
4 16 32.8 -10.215 1.7 35.6904 -9.25 4.698 29 -11.3634 3.6 27 -12.0275 1.7
3 16 29 -11.1176 7.7702 29 -11.3589 3.8173 35.6904 -9.25 4.698
4 16 29 -11.1176 7.7702 35.6904 -9.25 4.698 34.9149 -9.25 8.6 32.0971 -10.1155 8.6
3 16 28.2 -11.3764 7.5558 23.9 -12.8899 4.4 28.2 -11.5691 4.4
4 16 23.7082 -13 3.5619 23.7936 -13 3.132 27.349 -11.8793 3.6 23.9 -12.9387 3.6
3 16 34.7724 -9.25 9.3168 33.9633 -9.5118 9.1 34.8155 -9.25 9.1
4 16 23.5552 -13 4.3314 23.9 -12.8899 4.4 28.2 -11.3764 7.5558 23.1816 -13 6.2112
4 16 28.2 -10.9616 11.6811 22.1736 -13 9.1848 23.1816 -13 6.2112 28.2 -11.3764 7.5558
4 16 29 -10.691 12.0125 29 -10.9839 9.1 34.7724 -9.25 9.3168 33.2604 -9.25 13.7772
3 16 34.7724 -9.25 9.3168 29 -10.9839 9.1 33.9633 -9.5118 9.1
3 16 32.0971 -10.1155 8.6 29 -11.0341 8.6 29 -11.1176 7.7702
3 16 28.1141 -10.3549 16.2321 20.784 -13 12 28.2 -10.3907 15.8
4 16 28.8316 -10.096 16.6464 29 -10.166 15.8 33.2604 -9.25 13.7772 31.176 -9.25 18
3 16 29 -10.166 15.8 29 -10.691 12.0125 33.2604 -9.25 13.7772
4 16 22.1736 -13 9.1848 28.2 -10.9616 11.6811 28.2 -10.3907 15.8 20.784 -13 12
4 16 26.215 -10.1746 20.1156 27.5941 -9.9755 19.1941 31.176 -9.25 18 28.5624 -9.25 21.9168
3 16 27.5941 -9.9755 19.1941 28.6346 -9.9751 17.6369 31.176 -9.25 18
3 16 31.176 -9.25 18 28.6346 -9.9751 17.6369 28.8316 -10.096 16.6464
3 16 23.9761 -11.285 17.0827 19.0416 -13 14.6112 23.9 -11.3713 16.7
3 16 23.9 -11.3713 16.7 19.0416 -13 14.6112 23.9761 -11.418 16.3173
3 16 24.1929 -11.4179 15.9929 20.784 -13 12 24.5173 -11.3711 15.7761
3 16 24.5173 -11.3711 15.7761 20.784 -13 12 24.9 -11.2847 15.7
4 16 24.9 -11.2847 15.7 20.784 -13 12 28.1141 -10.3549 16.2321 25.2827 -11.1717 15.7761
3 16 28.1141 -10.3549 16.2321 25.6071 -11.0496 15.9929 25.2827 -11.1717 15.7761
3 16 25.8239 -10.9367 16.3173 25.6071 -11.0496 15.9929 28.1141 -10.3549 16.2321
4 16 25.9 -10.8503 16.7 25.8239 -10.9367 16.3173 28.1141 -10.3549 16.2321 27.8956 -10.2209 17.3308
3 16 27.8956 -10.2209 17.3308 25.8239 -10.8036 17.0827 25.9 -10.8503 16.7
4 16 25.6071 -10.8037 17.4071 25.8239 -10.8036 17.0827 27.8956 -10.2209 17.3308 27.0284 -10.2212 18.6284
4 16 25.6071 -10.8037 17.4071 27.0284 -10.2212 18.6284 25.7308 -10.4085 19.4956 25.2827 -10.8506 17.6239
4 16 25.7308 -10.4085 19.4956 25.4737 -10.4666 19.5467 24.9 -10.937 17.7 25.2827 -10.8506 17.6239
4 16 25.4737 -10.4666 19.5467 19.0416 -13 14.6112 23.9761 -11.285 17.0827 24.1929 -11.1721 17.4071
3 16 25.4737 -10.4666 19.5467 24.5173 -11.0499 17.6239 24.9 -10.937 17.7
3 16 25.4737 -10.4666 19.5467 24.1929 -11.1721 17.4071 24.5173 -11.0499 17.6239
4 16 20.784 -13 12 24.1929 -11.4179 15.9929 23.9761 -11.418 16.3173 19.0416 -13 14.6112
3 16 24.2 -10.714 19.8 19.0416 -13 14.6112 25.4737 -10.4666 19.5467
4 16 27.6992 -9.25 22.9 22.9 -10.3794 22.9 20.6 -11.3959 20.6 24.2 -10.5487 20.6
4 16 28.5624 -9.25 21.9168 27.6992 -9.25 22.9 24.2 -10.5487 20.6 26.0369 -10.1919 20.2346
3 16 28.5624 -9.25 21.9168 26.0369 -10.1919 20.2346 26.215 -10.1746 20.1156
3 16 25.4556 -9.25 25.4556 23.4 -10.1585 23.4 27.2603 -9.25 23.4
4 16 24.2 -10.714 19.8 19.8 -11.7495 19.8 16.9704 -13 16.9704 19.0416 -13 14.6112
3 16 15.1931 -12.7013 19.8 14.7 -12.9544 19.1573 14.7 -13 18.9636
4 16 19.8 -11.7495 19.8 15.1931 -12.7013 19.8 14.7 -13 18.9636 16.9704 -13 16.9704
4 16 15.807 -12.3862 20.6 20.6 -11.3959 20.6 22.9 -10.3794 22.9 17.5719 -11.4803 22.9
4 16 17.9555 -11.2833 23.4 23.4 -10.1585 23.4 25.4556 -9.25 25.4556 21.9168 -9.25 28.5624
4 16 21.9168 -9.25 28.5624 18 -9.25 31.176 14.5012 -11.4367 25.1161 14.7 -11.5303 24.6242
4 16 17.9555 -11.2833 23.4 21.9168 -9.25 28.5624 14.7 -11.5303 24.6242 14.7 -11.8492 23.4
4 16 14.7 -12.5786 20.6 15.807 -12.3862 20.6 17.5719 -11.4803 22.9 14.7 -11.9795 22.9
3 16 15.1931 -12.7013 19.8 14.7 -12.787 19.8 14.7 -12.9544 19.1573
3 16 13.9 -11.8125 24.0748 12 -13 20.784 13.9 -13 19.5162
4 16 13.9 -11.7019 24.4687 9.1848 -13 22.1736 12 -13 20.784 13.9 -11.8125 24.0748
3 16 12.0412 -10.6676 29.0694 9.1848 -13 22.1736 13.9 -11.7019 24.4687
4 16 12.478 -10.3109 30.1239 14.5012 -11.4367 25.1161 18 -9.25 31.176 13.7772 -9.25 33.2604
3 16 9.3168 -9.25 34.7724 9 -9.6325 33.59 13.7772 -9.25 33.2604
4 16 12.2048 -10.1378 30.8 13.7772 -9.25 33.2604 9 -9.6325 33.59 9 -10.46 30.8
3 16 13.7772 -9.25 33.2604 12.2048 -10.1378 30.8 12.478 -10.3109 30.1239
4 16 6.2112 -13 23.1816 12.0412 -10.6676 29.0694 11.6652 -10.4294 30 8.0381 -10.794 30
3 16 12.0412 -10.6676 29.0694 6.2112 -13 23.1816 9.1848 -13 22.1736
3 16 9 -9.25 34.8354 9 -9.6325 33.59 9.3168 -9.25 34.7724
4 16 3.8305 -11.3274 29.1 5.4 -10.7094 30.8 8 -9.25 35.0341 4.698 -9.25 35.6904
3 16 8 -9.25 35.0341 5.4 -10.7094 30.8 8 -10.5506 30.8
3 16 5.4 -10.7094 30.8 3.8305 -11.3274 29.1 5.4 -11.2315 29.1
4 16 5.5 -11.4405 28.4 3.7384 -11.548 28.4 3.4751 -12.1784 26.4 5.5 -12.0548 26.4
4 16 6 -12.1779 25.9 3.4093 -12.336 25.9 3.132 -13 23.7936 6.2112 -13 23.1816
4 16 6.1 -11.4038 28.4 6 -12.1779 25.9 6.2112 -13 23.1816 8.0381 -10.794 30
3 16 8.0381 -10.794 30 6.1 -10.9124 30 6.1 -11.4038 28.4
3 16 6.1 -11.4038 28.4 6 -11.4099 28.4 6 -12.1779 25.9
4 16 3.4093 -12.336 25.9 0 -12.4063 25.9 0 -13 24 3.132 -13 23.7936
4 16 3.7384 -11.548 28.4 0 -11.625 28.4 0 -12.25 26.4 3.4751 -12.1784 26.4
4 16 1.6 -9.9671 33.6 0 -9.25 36 .8 -10.5773 31.7 1.6 -10.5608 31.7
4 16 1.6 -9.9671 33.6 2.9 -9.9403 33.6 4.698 -9.25 35.6904 0 -9.25 36
4 16 .8 -10.5773 31.7 0 -9.25 36 0 -11.4063 29.1 .8 -11.3898 29.1
4 16 2.9 -11.3465 29.1 3.8305 -11.3274 29.1 4.698 -9.25 35.6904 2.9 -9.9403 33.6
4 16 0 -11.3438 -29.3 0 -10.5313 -31.9 4.1991 -10.4448 -31.9 3.8568 -11.2643 -29.3
4 16 4.698 -9.25 -35.6904 4.2649 -10.2872 -32.4 0 -10.375 -32.4 0 -9.25 -36
4 16 0 -11.5 -28.8 3.791 -11.4219 -28.8 3.132 -13 -23.7936 0 -13 -24
4 16 4 -11.4092 -28.8 4 -13 -23.6211 3.132 -13 -23.7936 3.791 -11.4219 -28.8
4 16 8.5472 -10.1793 -31.9 6.2112 -13 -23.1816 4.5 -13 -23.5217 4.5 -11.2251 -29.3
4 16 4.1991 -10.4448 -31.9 8.5472 -10.1793 -31.9 4.5 -11.2251 -29.3 3.8568 -11.2643 -29.3
4 16 8.5 -10.0286 -32.4 8.5 -9.25 -34.9347 9.3168 -9.25 -34.7724 8.6811 -10.0176 -32.4
4 16 4.698 -9.25 -35.6904 8 -9.25 -35.0341 8 -10.0591 -32.4 4.2649 -10.2872 -32.4
3 16 10.4 -11.2239 -27.75 8.5472 -10.1793 -31.9 10.8 -11.154 -27.85
3 16 9.95 -11.3581 -27.45 8.5472 -10.1793 -31.9 10.4 -11.2239 -27.75
4 16 6.2112 -13 -23.1816 8.5472 -10.1793 -31.9 9.95 -11.3581 -27.45 9.6 -11.6158 -26.7
4 16 9.3168 -9.25 -34.7724 13.7772 -9.25 -33.2604 13.4208 -9.541 -32.4 8.6811 -10.0176 -32.4
4 16 10.8 -11.154 -27.85 8.5472 -10.1793 -31.9 13.2142 -9.7097 -31.9013 11.45 -11.0887 -27.85
3 16 11.5289 -11.0859 -27.8327 11.45 -11.0887 -27.85 13.2142 -9.7097 -31.9013
4 16 9.6 -11.6158 -26.7 9.6 -12.661 -23.176 9.1848 -13 -22.1736 6.2112 -13 -23.1816
3 16 15.5605 -10.7747 -26.9508 16.5332 -9.25 -31.9 18 -9.25 -31.176
3 16 15.5203 -9.25 -32.4 13.4208 -9.541 -32.4 13.7772 -9.25 -33.2604
4 16 15.5605 -10.7747 -26.9508 11.5289 -11.0859 -27.8327 13.2142 -9.7097 -31.9013 16.5332 -9.25 -31.9
3 16 9.6 -13 -21.9687 9.1848 -13 -22.1736 9.6 -12.661 -23.176
3 16 17.35 -10.6722 -26.15 16.8 -10.6636 -26.55 18 -9.25 -31.176
4 16 17.35 -10.6722 -26.15 18 -9.25 -31.176 21.9168 -9.25 -28.5624 17.75 -10.746 -25.6
3 16 18.05 -10.8501 -25 17.75 -10.746 -25.6 21.9168 -9.25 -28.5624
3 16 18.3 -10.989 -24.3 18.05 -10.8501 -25 21.9168 -9.25 -28.5624
3 16 18.3367 -11.0877 -23.8967 18.3 -10.989 -24.3 21.9168 -9.25 -28.5624
3 16 16.25 -10.6941 -26.8 15.5605 -10.7747 -26.9508 18 -9.25 -31.176
3 16 16.8 -10.6636 -26.55 16.25 -10.6941 -26.8 18 -9.25 -31.176
4 16 18.3367 -11.0877 -23.8967 21.9168 -9.25 -28.5624 25.4556 -9.25 -25.4556 18.4 -11.2386 -23.2
3 16 18.4 -12.3682 -18.4 18.4 -11.2386 -23.2 25.4556 -9.25 -25.4556
4 16 25.4556 -9.25 -25.4556 28.5624 -9.25 -21.9168 19.0416 -13 -14.6112 18.4 -12.3682 -18.4
4 16 20.4 -12.9349 -12.95 19.0416 -13 -14.6112 20.55 -12.4787 -15.35 20.55 -12.8958 -12.95
3 16 29.5 -9.5128 -19 26.55 -10.2812 -19 28.5624 -9.25 -21.9168
4 16 25.2 -11.4065 -14.5497 22.05 -12.0879 -15.35 21.9929 -12.0529 -15.637 25.2 -10.7893 -18.1
3 16 21.9929 -12.0529 -15.637 21.8303 -12.053 -15.8803 25.2 -10.7893 -18.1
3 16 21.8303 -12.053 -15.8803 21.587 -12.0881 -16.0429 25.2 -10.7893 -18.1
4 16 25.55 -10.5939 -18.7 25.2 -10.7893 -18.1 21.587 -12.0881 -16.0429 21.3 -12.1529 -16.1
3 16 25.55 -10.5939 -18.7 28.5624 -9.25 -21.9168 25.95 -10.4549 -18.9
3 16 25.95 -10.4549 -18.9 28.5624 -9.25 -21.9168 26.55 -10.2812 -19
3 16 19.0416 -13 -14.6112 20.6071 -12.4139 -15.637 20.55 -12.4787 -15.35
3 16 19.0416 -13 -14.6112 20.7697 -12.3292 -15.8803 20.6071 -12.4139 -15.637
4 16 25.55 -10.5939 -18.7 21.3 -12.1529 -16.1 21.013 -12.2376 -16.0429 28.5624 -9.25 -21.9168
3 16 19.0416 -13 -14.6112 28.5624 -9.25 -21.9168 20.7697 -12.3292 -15.8803
3 16 20.7697 -12.3292 -15.8803 28.5624 -9.25 -21.9168 21.013 -12.2376 -16.0429
3 16 20.4 -13 -12.5755 19.0416 -13 -14.6112 20.4 -12.9349 -12.95
4 16 25.2 -11.4065 -14.5497 22.4294 -12.4063 -12.95 22.05 -12.5051 -12.95 22.05 -12.0879 -15.35
3 16 22.1 -13 -9.3339 20.9321 -13 -11.7 22.1 -12.672 -11.7
4 16 25.2 -11.4065 -14.5497 25.2 -11.9764 -10.4384 22.9 -12.7543 -9.4857 22.9 -12.2741 -12.95
3 16 22.9 -12.2741 -12.95 22.4294 -12.4063 -12.95 25.2 -11.4065 -14.5497
4 16 23.1816 -13 -6.2112 22.9 -13 -7.0419 25.2 -11.9764 -10.4384 25.2 -12.347 -6.752
3 16 22.9 -13 -7.0419 22.9 -12.7543 -9.4857 25.2 -11.9764 -10.4384
4 16 23.1816 -13 -6.2112 25.2 -12.347 -6.752 25.2 -12.5567 -3.3171 23.7936 -13 -3.132
3 16 25.2199 -12.6188 0 24 -13 0 25.2 -12.6229 -.1
4 16 24 -13 0 23.7936 -13 -3.132 25.2 -12.5567 -3.3171 25.2 -12.6229 -.1
3 16 22.1631 -13.3015 2.9174 18.4 -13.9974 2.422 22.1 -13.3169 2.6
4 16 23.0067 -13.1455 3.0284 22.9761 -13.1517 2.9827 22.9 -13.1703 2.6 23.7936 -13 3.132
4 16 22.9 -13.2017 0 24 -13 0 23.7936 -13 3.132 22.9 -13.1703 2.6
4 16 22.1 -13.3483 0 22.1 -13.3169 2.6 18.4 -13.9974 2.422 18.4 -14.0267 0
3 16 23.7936 -13 3.132 23.0748 -13.1296 3.1304 23.0067 -13.1455 3.0284
4 16 23.5173 -13.0358 3.5239 23.1929 -13.102 3.3071 23.0748 -13.1296 3.1304 23.7936 -13 3.132
3 16 23.7082 -13 3.5619 23.5173 -13.0358 3.5239 23.7936 -13 3.132
4 16 18.4 -13.9974 2.422 22.1631 -13.3015 2.9174 22.237 -13.2749 3.2888 18.4 -13.9076 4.93
4 16 22.237 -13.2749 3.2888 22.6272 -13.1837 3.8728 23.1816 -13 6.2112 18.4 -13.9076 4.93
3 16 23.1816 -13 6.2112 22.6272 -13.1837 3.8728 23.2112 -13.0645 4.263
3 16 23.1816 -13 6.2112 23.2112 -13.0645 4.263 23.5552 -13 4.3314
4 16 18.4 -13.9076 4.93 23.1816 -13 6.2112 22.1736 -13 9.1848 18.4 -13.7488 7.6217
4 16 18.2747 -13.5312 10.5512 18.35 -13.5433 10.25 22.1736 -13 9.1848 20.784 -13 12
3 16 18.35 -13.5433 10.25 18.4 -13.592 9.55 22.1736 -13 9.1848
3 16 18.4 -13.592 9.55 18.4 -13.7488 7.6217 22.1736 -13 9.1848
3 16 9.6 -15.1817 7.3664 9.5208 -15.2 7.3056 9.6 -15.2 7.1869
3 16 19.0416 -13 14.6112 15.378 -13.8466 11.8 17.3 -13.5528 11.8
3 16 19.0416 -13 14.6112 17.3 -13.5528 11.8 17.85 -13.5096 11.4
4 16 17.85 -13.5096 11.4 18.2 -13.5122 10.85 20.784 -13 12 19.0416 -13 14.6112
3 16 20.784 -13 12 18.2 -13.5122 10.85 18.2747 -13.5312 10.5512
4 16 19.0416 -13 14.6112 14.7 -13.6856 13.9 11.8 -14.3406 11.8 15.378 -13.8466 11.8
3 16 14.7 -13.6856 13.9 13.9 -13.7961 13.9 11.8 -14.3406 11.8
4 16 14.7 -13.6856 13.9 19.0416 -13 14.6112 16.9704 -13 16.9704 14.7 -13.5887 14.7
4 16 9.6 -14.911 9.6 8.4852 -15.2 8.4852 9.5208 -15.2 7.3056 9.6 -15.1817 7.3664
4 16 8.4852 -15.2 8.4852 9.6 -14.911 9.6 9.6 -14.8557 10 7.3056 -15.2 9.5208
3 16 9.737 -14.744 10.6889 7.3056 -15.2 9.5208 9.6 -14.8557 10
4 16 13.9 -13.2142 18.1148 7.3056 -15.2 9.5208 9.737 -14.744 10.6889 10.1272 -14.6161 11.2728
3 16 13.9 -13.2142 18.1148 10.1272 -14.6161 11.2728 10.7111 -14.4915 11.663
3 16 13.9 -13.2142 18.1148 10.7111 -14.4915 11.663 11.4 -14.389 11.8
4 16 13.9 -13.2142 18.1148 11.4 -14.389 11.8 11.8 -14.3406 11.8 13.9 -13.7961 13.9
3 16 14.7 -13 18.9636 14.7 -13.5887 14.7 16.9704 -13 16.9704
4 16 7.3056 -15.2 9.5208 13.9 -13.2142 18.1148 12 -13 20.784 6 -15.2 10.392
3 16 12 -13 20.784 13.9 -13.2142 18.1148 13.9 -13 19.5162
3 16 9.1848 -13 22.1736 6 -15.2 10.392 12 -13 20.784
4 16 4.6 -15.2 11.0831 6 -15.2 10.392 9.1848 -13 22.1736 4.6 -15.1964 11.1052
3 16 3.9 -14.6373 14.5557 3.1056 -15.2 11.5908 3.9 -15.2 11.3215
4 16 4.6 -15.1964 11.1052 9.1848 -13 22.1736 6.2112 -13 23.1816 4.6 -14.1414 17.1682
4 16 6.2112 -13 23.1816 3.132 -13 23.7936 2.8301 -13.4241 21.5 4.6 -13.3608 21.5
4 16 3.9 -13.8003 19.2 3.9 -13.53 20.7 2.7248 -13.5721 20.7 2.5273 -13.8495 19.2
3 16 3.9 -13.9805 18.2 2.3957 -14.0344 18.2 3.9 -14.6373 14.5557
4 16 1.8494 -14.8018 14.05 3.1056 -15.2 11.5908 3.9 -14.6373 14.5557 2.3957 -14.0344 18.2
3 16 1.8494 -14.8018 14.05 1.566 -15.2 11.8968 3.1056 -15.2 11.5908
3 16 6.2112 -13 23.1816 4.6 -13.3608 21.5 4.6 -14.1414 17.1682
4 16 2.8301 -13.4241 21.5 3.132 -13 23.7936 0 -13 24 0 -13.4583 21.5
3 16 .35 -14.8199 14.05 0 -15.2 12 .4071 -14.8719 13.763
3 16 .4071 -14.8719 13.763 0 -15.2 12 .5697 -14.9145 13.5197
3 16 .5697 -14.9145 13.5197 0 -15.2 12 .813 -14.9414 13.3571
4 16 1.566 -15.2 11.8968 1.1 -14.9484 13.3 .813 -14.9414 13.3571 0 -15.2 12
3 16 1.387 -14.9344 13.3571 1.1 -14.9484 13.3 1.566 -15.2 11.8968
3 16 1.6303 -14.9017 13.5197 1.387 -14.9344 13.3571 1.566 -15.2 11.8968
3 16 1.7929 -14.8551 13.763 1.6303 -14.9017 13.5197 1.566 -15.2 11.8968
3 16 1.8494 -14.8018 14.05 1.7929 -14.8551 13.763 1.566 -15.2 11.8968
3 16 2.3957 -14.0344 18.2 1.8494 -14.041 18.2 1.8494 -14.8018 14.05
4 16 2.7248 -13.5721 20.7 0 -13.605 20.7 0 -13.88 19.2 2.5273 -13.8495 19.2
4 16 3.132 -13 -23.7936 1.566 -15.2 -11.8968 0 -15.2 -12 0 -13 -24
3 16 3.1056 -15.2 -11.5908 1.566 -15.2 -11.8968 4 -14.5664 -14.9289
4 16 1.566 -15.2 -11.8968 3.132 -13 -23.7936 4 -13 -23.6211 4 -14.5664 -14.9289
3 16 4.5 -14.2122 -16.795 4.5 -13 -23.5217 6.2112 -13 -23.1816
3 16 4 -15.2 -11.2876 3.1056 -15.2 -11.5908 4 -14.5664 -14.9289
4 16 9.1848 -13 -22.1736 4.5924 -15.2 -11.0868 4.5 -15.2 -11.1181 4.5 -14.2122 -16.795
3 16 4.5 -14.2122 -16.795 6.2112 -13 -23.1816 9.1848 -13 -22.1736
4 16 9.6 -13.88 -16.6272 6.0865 -15.1683 -10.5418 5.9208 -15.2 -10.4311 4.5924 -15.2 -11.0868
4 16 9.6 -13 -21.9687 9.6 -13.88 -16.6272 4.5924 -15.2 -11.0868 9.1848 -13 -22.1736
4 16 7.2 -15.2 -9.5913 7.2 -15.1528 -9.9 9.6 -14.5091 -12.5109 7.3056 -15.2 -9.5208
3 16 7.2 -15.1528 -9.9 7.1429 -15.1148 -10.187 9.6 -14.5091 -12.5109
4 16 9.6 -13.88 -16.6272 9.6 -14.5091 -12.5109 7.1429 -15.1148 -10.187 6.9803 -15.0942 -10.4303
3 16 6.9803 -15.0942 -10.4303 6.737 -15.0941 -10.5929 9.6 -13.88 -16.6272
3 16 6.737 -15.0941 -10.5929 6.45 -15.1147 -10.65 9.6 -13.88 -16.6272
3 16 6.163 -15.1527 -10.5929 9.6 -13.88 -16.6272 6.45 -15.1147 -10.65
3 16 6.0865 -15.1683 -10.5418 9.6 -13.88 -16.6272 6.163 -15.1527 -10.5929
4 16 8.4852 -15.2 -8.4852 7.3056 -15.2 -9.5208 9.6 -14.5091 -12.5109 9.6 -14.911 -9.6
4 16 9.5208 -15.2 -7.3056 8.4852 -15.2 -8.4852 9.6 -14.911 -9.6 9.6 -15.1817 -7.3664
3 16 9.6 -15.2 -7.1869 9.5208 -15.2 -7.3056 9.6 -15.1817 -7.3664
4 16 20.4 -13 -12.5755 20.4 -13.0813 -11.7783 18.4 -13.5047 -10.6236 19.0416 -13 -14.6112
4 16 22.1 -13 -9.3339 18.4 -13.7488 -7.6217 18.4 -13.5047 -10.6236 20.4 -13.0877 -11.7
3 16 18.4 -13.5047 -10.6236 20.4 -13.0813 -11.7783 20.4 -13.0877 -11.7
3 16 22.1 -13 -9.3339 20.4 -13.0877 -11.7 20.9321 -13 -11.7
3 16 18.4 -13.7488 -7.6217 22.1 -13 -9.3339 22.1 -13.0146 -9.1543
3 16 22.9 -13.0535 -6.1357 22.9 -13 -7.0419 23.1816 -13 -6.2112
4 16 18.4 -13.9076 -4.93 18.4 -13.7488 -7.6217 22.1 -13.0146 -9.1543 22.1 -13.2053 -5.9214
4 16 22.1 -13.2053 -5.9214 22.1 -13.3132 -2.9091 18.4 -13.9974 -2.422 18.4 -13.9076 -4.93
4 16 23.7936 -13 -3.132 22.9 -13.1653 -3.0144 22.9 -13.0535 -6.1357 23.1816 -13 -6.2112
4 16 22.9 -13.1653 -3.0144 23.7936 -13 -3.132 24 -13 0 22.9 -13.2017 0
4 16 18.4 -14.0267 0 18.4 -13.9974 -2.422 22.1 -13.3132 -2.9091 22.1 -13.3483 0
4 16 4.6 -15.6933 0 9.6 -15.36 0 9.6 -15.3545 1.2637 4.6 -15.6907 .6055
3 16 3.9 -15.7377 .5134 0 -16 0 3.9 -15.74 0
4 16 4.6 -15.6907 .6055 9.6 -15.3545 1.2637 9.6 -15.3374 2.5722 4.6 -15.6825 1.2325
3 16 3.9 -15.7308 1.045 0 -16 0 3.9 -15.7377 .5134
4 16 9.6 -15.3073 3.9765 4.6 -15.6681 1.9054 4.6 -15.6825 1.2325 9.6 -15.3374 2.5722
3 16 3.9 -15.7186 1.6155 0 -16 0 3.9 -15.7308 1.045
4 16 4.6 -15.6681 1.9054 9.6 -15.3073 3.9765 9.6 -15.261 5.5427 4.6 -15.6459 2.6559
3 16 3.9 -15.6998 2.2517 0 -16 0 3.9 -15.7186 1.6155
4 16 4.6 -15.6459 2.6559 9.6 -15.261 5.5427 9.6 -15.2 7.1869 4.6 -15.6135 3.5297
3 16 9.5208 -15.2 7.3056 4.6 -15.6135 3.5297 9.6 -15.2 7.1869
3 16 3.9 -15.6723 2.9926 0 -16 0 3.9 -15.6998 2.2517
4 16 4.6 -15.5663 4.6 4.6 -15.6135 3.5297 9.5208 -15.2 7.3056 8.4852 -15.2 8.4852
3 16 3.9 -15.6323 3.9 0 -16 0 3.9 -15.6723 2.9926
4 16 4.6 -15.4963 5.9948 4.6 -15.5663 4.6 8.4852 -15.2 8.4852 7.3056 -15.2 9.5208
3 16 3.9 -15.5729 5.0826 0 -16 0 3.9 -15.6323 3.9
4 16 4.6 -15.3867 7.9672 4.6 -15.4963 5.9948 7.3056 -15.2 9.5208 6 -15.2 10.392
3 16 3.9 -15.48 6.7548 0 -16 0 3.9 -15.5729 5.0826
3 16 4.6 -15.2 11.0831 4.6 -15.3867 7.9672 6 -15.2 10.392
3 16 3.9 -15.3206 9.4152 0 -16 0 3.9 -15.48 6.7548
3 16 3.1056 -15.2 11.5908 3.9 -15.3206 9.4152 3.9 -15.2 11.3215
4 16 1.566 -15.2 11.8968 0 -16 0 3.9 -15.3206 9.4152 3.1056 -15.2 11.5908
3 16 0 -15.2 12 0 -16 0 1.566 -15.2 11.8968
3 16 0 -16 0 0 -15.2 -12 1.566 -15.2 -11.8968
3 16 0 -16 0 1.566 -15.2 -11.8968 3.1056 -15.2 -11.5908
3 16 4.5 -15.2161 -10.8637 4.5 -15.2 -11.1181 4.5924 -15.2 -11.0868
4 16 4 -15.3032 -9.6567 0 -16 0 3.1056 -15.2 -11.5908 4 -15.2 -11.2876
3 16 5.7571 -15.2195 -10.187 4.5924 -15.2 -11.0868 5.9208 -15.2 -10.4311
3 16 4 -15.4564 -7.1 3.9 -15.4593 -7.1 4 -15.3032 -9.6567
3 16 0 -16 0 3.9 -15.4593 -7.1 3.9 -15.48 -6.7548
3 16 0 -16 0 4 -15.3032 -9.6567 3.9 -15.4593 -7.1
4 16 4.5 -15.2161 -10.8637 4.5924 -15.2 -11.0868 5.7 -15.24 -9.8724 4.5 -15.4 -7.794
3 16 5.7 -15.24 -9.8724 4.5924 -15.2 -11.0868 5.7571 -15.2195 -10.187
3 16 7.2 -15.2116 -9.3832 7.2 -15.2 -9.5913 7.3056 -15.2 -9.5208
4 16 4.5 -15.4 -7.794 5.7 -15.24 -9.8724 5.7 -15.3718 -7.5 5.6 -15.3756 -7.5
4 16 5.6 -15.3868 -7.298 5.448 -15.4034 -7.1 4.5 -15.4386 -7.1 4.5 -15.4 -7.794
3 16 5.6 -15.3868 -7.298 4.5 -15.4 -7.794 5.6 -15.3756 -7.5
3 16 4.6 -15.4963 -5.9948 4.6 -15.4738 -6.4 4.9109 -15.4622 -6.4
3 16 0 -16 0 3.9 -15.48 -6.7548 3.9 -15.5729 -5.0826
4 16 7.2 -15.3061 -7.5 7.2 -15.2116 -9.3832 7.3056 -15.2 -9.5208 7.3 -15.3017 -7.5
3 16 7.3 -15.3017 -7.5 7.3056 -15.2 -9.5208 8.4852 -15.2 -8.4852
4 16 9.5208 -15.2 -7.3056 7.3 -15.3117 -7.3 7.3 -15.3017 -7.5 8.4852 -15.2 -8.4852
3 16 4.6 -15.4963 -5.9948 4.9109 -15.4622 -6.4 5.6 -15.4319 -6.4
4 16 5.6 -15.4319 -6.4 5.6 -15.4519 -6 4.6 -15.5663 -4.6 4.6 -15.4963 -5.9948
3 16 4.6 -15.5663 -4.6 5.6 -15.4519 -6 6 -15.4343 -6
3 16 0 -16 0 3.9 -15.5729 -5.0826 3.9 -15.6323 -3.9
4 16 7.3 -15.369 -6 4.6 -15.6135 -3.5297 4.6 -15.5663 -4.6 6 -15.4343 -6
3 16 7.3 -15.369 -6 7.3 -15.3117 -7.3 9.5208 -15.2 -7.3056
3 16 0 -16 0 3.9 -15.6323 -3.9 3.9 -15.6723 -2.9926
4 16 9.6 -15.2 -7.1869 9.6 -15.261 -5.5427 4.6 -15.6459 -2.6559 4.6 -15.6135 -3.5297
4 16 7.3 -15.369 -6 9.5208 -15.2 -7.3056 9.6 -15.2 -7.1869 4.6 -15.6135 -3.5297
3 16 0 -16 0 3.9 -15.6723 -2.9926 3.9 -15.6998 -2.2517
4 16 9.6 -15.3073 -3.9765 4.6 -15.6681 -1.9054 4.6 -15.6459 -2.6559 9.6 -15.261 -5.5427
3 16 0 -16 0 3.9 -15.6998 -2.2517 3.9 -15.7186 -1.6155
4 16 4.6 -15.6825 -1.2325 4.6 -15.6681 -1.9054 9.6 -15.3073 -3.9765 9.6 -15.3374 -2.5722
3 16 0 -16 0 3.9 -15.7186 -1.6155 3.9 -15.7308 -1.045
4 16 4.6 -15.6907 -.6055 4.6 -15.6825 -1.2325 9.6 -15.3374 -2.5722 9.6 -15.3545 -1.2637
3 16 0 -16 0 3.9 -15.7308 -1.045 3.9 -15.7377 -.5134
4 16 4.6 -15.6933 0 4.6 -15.6907 -.6055 9.6 -15.3545 -1.2637 9.6 -15.36 0
3 16 0 -16 0 3.9 -15.7377 -.5134 3.9 -15.74 0
4 16 .35 -14.8199 14.05 .35 -14.0591 18.2 0 -14.0633 18.2 0 -15.2 12
3 16 30.8764 -9.25 -18.449 33.0091 -8.3092 -19.0584 31.15 -9.1978 -18.25
3 16 31.3274 -9.1723 -18.0874 31.15 -9.1978 -18.25 33.0091 -8.3092 -19.0584
3 16 31.75 -9.0799 -17.7 31.3274 -9.1723 -18.0874 33.0091 -8.3092 -19.0584
4 16 31.75 -9.0799 -17.7 33.0091 -8.3092 -19.0584 36.7498 -7.5714 -15.2226 32.75 -8.9269 -16.45
3 16 36.7498 -7.5714 -15.2226 33.45 -8.8938 -15.2 32.75 -8.9269 -16.45
3 16 36.7498 -7.5714 -15.2226 33.75 -8.9218 -14.45 33.45 -8.8938 -15.2
3 16 33.8652 -8.9591 -14.0277 33.75 -8.9218 -14.45 36.7498 -7.5714 -15.2226
4 16 38.8 -7.0072 -13.1203 33.9 -8.9626 -13.9 33.8652 -8.9591 -14.0277 36.7498 -7.5714 -15.2226
3 16 34 -9.0063 -13.3 33.9 -8.9626 -13.9 38.8 -7.0072 -13.1203
4 16 34 -9.0063 -13.3 38.8 -7.0072 -13.1203 34.7724 -9.25 -9.3168 34 -9.25 -11.5954
3 16 32.8 -10.215 1.7 33.4 -10.0347 1.35 35.6904 -9.25 4.698
4 16 33.4 -10.0347 1.35 33.75 -9.9325 1 36 -9.25 0 35.6904 -9.25 4.698
3 16 36 -9.25 0 33.75 -9.9325 1 33.9 -9.8949 .55
3 16 33.9 -9.8949 .55 34 -9.875 0 36 -9.25 0
3 16 18.4 -12.3682 -18.4 19.0416 -13 -14.6112 18.4 -13 -15.342
3 16 29.5 -9.5128 -19 28.5624 -9.25 -21.9168 30.1 -9.3739 -18.9
3 16 30.6 -9.2871 -18.65 30.1 -9.3739 -18.9 28.5624 -9.25 -21.9168
3 16 30.8764 -9.25 -18.449 30.6 -9.2871 -18.65 28.5624 -9.25 -21.9168
3 16 34 -9.4999 -9.1098 34 -9.25 -11.5954 34.7724 -9.25 -9.3168
4 16 35.6904 -9.25 -4.698 34 -9.7828 -4.4755 34 -9.4999 -9.1098 34.7724 -9.25 -9.3168
4 16 34 -9.7828 -4.4755 35.6904 -9.25 -4.698 36 -9.25 0 34 -9.875 0
3 16 18.4 -13.1483 -14.1189 18.4 -13 -15.342 19.0416 -13 -14.6112
3 16 19.0416 -13 -14.6112 18.4 -13.5047 -10.6236 18.4 -13.1483 -14.1189
4 72 53.9835 -.1 .25 54 -.1 0 60 4 0 59.9835 4 .25
4 72 50.3562 4 32.4036 50.0786 4 32.8195 45.0569 -.1 29.5584 45.3344 -.1 29.1424
4 72 19.0887 -.1 50.4252 19.5626 -.1 50.2646 21.7098 4 55.8585 21.2359 4 56.0191
4 72 49.4986 4 -33.6888 49.7761 4 -33.2729 44.8124 -.1 -29.9248 44.5348 -.1 -30.3407
4 72 54 -.1 0 53.9835 -.1 -.25 59.9835 4 -.25 60 4 0
4 72 46.7139 -4.0373 6.15 47.117 -4.0386 0 47.5876 -3.7599 .25 47.1967 -3.7586 6.2136
4 72 47.117 -4.0386 0 54 -.1 0 53.9835 -.1 .25 47.5876 -3.7599 .25
4 72 46.7139 -4.0373 6.15 47.1967 -3.7586 6.2136 45.9819 -3.7591 12.3208 45.5115 -4.0378 12.1948
4 72 45.5115 -4.0378 12.1948 45.9819 -3.7591 12.3208 43.9804 -3.7606 18.2173 43.5304 -4.0393 18.0309
4 72 43.5304 -4.0393 18.0309 43.9804 -3.7606 18.2173 41.2261 -3.7594 23.8022 40.8045 -4.038 23.5585
4 72 39.7031 -3.7604 26.0816 39.9809 -3.7602 25.6658 45.3344 -.1 29.1424 45.0569 -.1 29.5584
3 72 37.7668 -3.7616 28.9795 37.3804 -4.0402 28.6831 39.7031 -3.7604 26.0816
4 72 40.8045 -4.038 23.5585 39.9809 -3.7602 25.6658 39.7031 -3.7604 26.0816 37.3804 -4.0402 28.6831
3 72 39.9809 -3.7602 25.6658 40.8045 -4.038 23.5585 41.2261 -3.7594 23.8022
4 72 33.6611 -3.7597 33.6611 33.3168 -4.0383 33.3168 37.3804 -4.0402 28.6831 37.7668 -3.7616 28.9795
4 72 33.3168 -4.0383 33.3168 33.6611 -3.7597 33.6611 28.9795 -3.7616 37.7668 28.683 -4.0402 37.3804
4 72 28.683 -4.0402 37.3804 28.9795 -3.7616 37.7668 23.8023 -3.7593 41.2261 23.5586 -4.038 40.8045
4 72 23.5586 -4.038 40.8045 23.8023 -3.7593 41.2261 18.2175 -3.7606 43.9803 18.031 -4.0393 43.5304
4 72 19.5626 -.1 50.2646 19.0887 -.1 50.4252 16.7994 -3.7603 44.4616 17.2733 -3.7604 44.3008
4 72 12.3207 -3.7592 45.9819 12.1948 -4.0378 45.5115 18.031 -4.0393 43.5304 16.7994 -3.7603 44.4616
3 72 16.7994 -3.7603 44.4616 18.031 -4.0393 43.5304 17.2733 -3.7604 44.3008
3 72 17.2733 -3.7604 44.3008 18.031 -4.0393 43.5304 18.2175 -3.7606 43.9803
4 72 6.2136 -3.7586 47.1967 6.15 -4.0373 46.7139 12.1948 -4.0378 45.5115 12.3207 -3.7592 45.9819
4 72 0 -4.0386 47.117 6.15 -4.0373 46.7139 6.2136 -3.7586 47.1967 0 -3.7599 47.604
4 72 6.2136 -3.7586 -47.1967 6.15 -4.0373 -46.7139 0 -4.0386 -47.117 0 -3.7599 -47.604
4 72 9.2672 -3.7589 -46.5893 9.1724 -4.0375 -46.1127 6.15 -4.0373 -46.7139 6.2136 -3.7586 -47.1967
4 72 23.802 -3.7593 -41.2263 23.5585 -4.038 -40.8045 20.7947 -4.0386 -42.1675 21.0096 -3.76 -42.6033
4 72 23.802 -3.7593 -41.2263 28.9795 -3.7616 -37.7668 28.683 -4.0402 -37.3804 23.5585 -4.038 -40.8045
4 72 28.9795 -3.7616 -37.7668 33.6611 -3.7597 -33.6611 33.3168 -4.0383 -33.3168 28.683 -4.0402 -37.3804
4 72 33.6611 -3.7597 -33.6611 37.7668 -3.7616 -28.9795 37.3804 -4.0402 -28.683 33.3168 -4.0383 -33.3168
4 72 44.5348 -.1 -30.3407 44.8124 -.1 -29.9248 39.5203 -3.7605 -26.3552 39.2425 -3.7606 -26.771
3 72 39.2425 -3.7606 -26.771 37.3804 -4.0402 -28.683 37.7668 -3.7616 -28.9795
4 72 39.2425 -3.7606 -26.771 39.5203 -3.7605 -26.3552 40.8045 -4.038 -23.5585 37.3804 -4.0402 -28.683
3 72 40.8045 -4.038 -23.5585 39.5203 -3.7605 -26.3552 41.2263 -3.7593 -23.802
4 72 41.2263 -3.7593 -23.802 43.9804 -3.7606 -18.2173 43.5304 -4.0393 -18.0309 40.8045 -4.038 -23.5585
4 72 45.5115 -4.0378 -12.1948 43.5304 -4.0393 -18.0309 43.9804 -3.7606 -18.2173 45.9819 -3.7591 -12.3208
4 72 46.7139 -4.0373 -6.1498 45.5115 -4.0378 -12.1948 45.9819 -3.7591 -12.3208 47.1967 -3.7586 -6.2136
4 72 46.7139 -4.0373 -6.1498 47.1967 -3.7586 -6.2136 47.5876 -3.7599 -.25 47.117 -4.0386 0
4 72 47.5876 -3.7599 -.25 53.9835 -.1 -.25 54 -.1 0 47.117 -4.0386 0
4 72 42.0799 -6.3855 5.5396 42.443 -6.3864 0 43.281 -6.014 0 42.9107 -6.0131 5.6492
4 72 38.8 -8.0056 0 39.3 -7.7833 0 39.3 -7.6318 5.1731 38.8 -7.856 5.1073
4 72 40.9969 -6.3859 10.9848 42.0799 -6.3855 5.5396 42.9107 -6.0131 5.6492 41.8062 -6.0134 11.2019
4 72 34.9149 -9.25 8.6 38.8 -7.5527 8.6 39.3 -7.2909 9.1 34.8155 -9.25 9.1
4 72 39.3 -7.2909 9.1 38.8 -7.5527 8.6 38.8 -7.856 5.1073 39.3 -7.6318 5.1731
4 72 39.2122 -6.3869 16.2423 40.9969 -6.3859 10.9848 41.8062 -6.0134 11.2019 39.9864 -6.0145 16.563
4 72 39.2122 -6.3869 16.2423 39.9864 -6.0145 16.563 37.4824 -6.0136 21.6406 36.7567 -6.386 21.2216
4 72 29.8437 -8.5322 22.9 35.6352 -6.3866 22.9 35.3011 -6.3868 23.4 30.4953 -8.1672 23.4
4 72 33.6723 -6.3876 25.8377 35.3011 -6.3868 23.4 37.4824 -6.0136 21.6406 34.3371 -6.0152 26.3478
3 72 35.3011 -6.3868 23.4 35.6352 -6.3866 22.9 37.4824 -6.0136 21.6406
3 72 35.6352 -6.3866 22.9 36.7567 -6.386 21.2216 37.4824 -6.0136 21.6406
4 72 30.6043 -6.0138 30.6043 30.0117 -6.3863 30.0117 33.6723 -6.3876 25.8377 34.3371 -6.0152 26.3478
4 72 27.6992 -9.25 22.9 29.8437 -8.5322 22.9 30.4953 -8.1672 23.4 27.2603 -9.25 23.4
4 72 26.3478 -6.0152 34.3371 25.8377 -6.3876 33.6723 30.0117 -6.3863 30.0117 30.6043 -6.0138 30.6043
4 72 21.6408 -6.0136 37.4823 21.2218 -6.386 36.7565 25.8377 -6.3876 33.6723 26.3478 -6.0152 34.3371
4 72 21.6408 -6.0136 37.4823 16.5631 -6.0145 39.9863 16.2425 -6.3869 39.2121 21.2218 -6.386 36.7565
4 72 10.9846 -6.3859 40.9969 16.2425 -6.3869 39.2121 16.5631 -6.0145 39.9863 11.2015 -6.0134 41.8063
4 72 9 -6.3858 41.3916 8 -6.3857 41.5906 8 -9.25 35.0341 9 -9.25 34.8354
3 72 11.2015 -6.0134 41.8063 8 -6.3857 41.5906 9 -6.3858 41.3916
3 72 11.2015 -6.0134 41.8063 9 -6.3858 41.3916 10.9846 -6.3859 40.9969
4 72 11.2015 -6.0134 41.8063 5.6484 -6.0131 42.9108 5.5391 -6.3855 42.0801 8 -6.3857 41.5906
4 72 0 -6.3864 42.443 5.5391 -6.3855 42.0801 5.6484 -6.0131 42.9108 0 -6.014 43.281
4 72 0 -6.014 -43.281 5.6492 -6.0131 -42.9107 5.5395 -6.3856 -42.0799 0 -6.3864 -42.443
4 72 8.5 -9.25 -34.9347 8 -9.25 -35.0341 8 -6.3857 -41.5906 8.5 -6.3857 -41.4911
3 72 8 -6.3857 -41.5906 5.5395 -6.3856 -42.0799 5.6492 -6.0131 -42.9107
4 72 8 -6.3857 -41.5906 5.6492 -6.0131 -42.9107 11.2016 -6.0134 -41.8063 8.5 -6.3857 -41.4911
3 72 10.9849 -6.3859 -40.9968 8.5 -6.3857 -41.4911 11.2016 -6.0134 -41.8063
4 72 11.2016 -6.0134 -41.8063 16.5629 -6.0145 -39.9864 16.2423 -6.3869 -39.2122 10.9849 -6.3859 -40.9968
4 72 16.5629 -6.0145 -39.9864 21.6405 -6.0136 -37.4825 21.2215 -6.386 -36.7567 16.2423 -6.3869 -39.2122
4 72 16.5332 -9.25 -31.9 15.5203 -9.25 -32.4 18.7067 -8.6218 -32.4 18.418 -8.8784 -31.9
4 72 21.2215 -6.386 -36.7567 21.6405 -6.0136 -37.4825 26.3478 -6.0152 -34.3371 25.8377 -6.3876 -33.6723
4 72 18.418 -8.8784 -31.9 18.7067 -8.6218 -32.4 20.6965 -8.1299 -32.4 20.4857 -8.3673 -31.9
4 72 20.4857 -8.3673 -31.9 20.6965 -8.1299 -32.4 23.0274 -8.4392 -30.0098 22.7199 -8.6637 -29.609
4 72 25.8377 -6.3876 -33.6723 26.3478 -6.0152 -34.3371 30.6043 -6.0138 -30.6043 30.0117 -6.3863 -30.0117
4 72 22.7199 -8.6637 -29.609 23.0274 -8.4392 -30.0098 26.4748 -8.6094 -26.4748 26.1213 -8.8316 -26.1213
4 72 30.0117 -6.3863 -30.0117 30.6043 -6.0138 -30.6043 34.3371 -6.0152 -26.3478 33.6723 -6.3876 -25.8377
4 72 26.1213 -8.8316 -26.1213 26.4748 -8.6094 -26.4748 29.9108 -8.4946 -22.9515 29.5114 -8.7184 -22.645
4 72 33.6723 -6.3876 -25.8377 34.3371 -6.0152 -26.3478 37.4825 -6.0136 -21.6405 36.7566 -6.386 -21.2217
4 72 33.4559 -8.0799 -19.3163 33.0091 -8.3092 -19.0584 29.5114 -8.7184 -22.645 29.9108 -8.4946 -22.9515
4 72 36.7566 -6.386 -21.2217 37.4825 -6.0136 -21.6405 39.9864 -6.0145 -16.563 39.2122 -6.3869 -16.2424
4 72 33.0091 -8.3092 -19.0584 33.4559 -8.0799 -19.3163 37.2472 -7.3321 -15.4286 36.7498 -7.5714 -15.2226
4 72 41.8062 -6.0134 -11.2018 40.9968 -6.3859 -10.9849 39.2122 -6.3869 -16.2424 39.9864 -6.0145 -16.563
4 72 36.7498 -7.5714 -15.2226 37.2472 -7.3321 -15.4286 39.3 -6.7672 -13.3237 38.8 -7.0072 -13.1203
4 72 38.8 -7.0072 -13.1203 39.3 -6.7672 -13.3237 39.3 -7.1667 -10.5299 38.8 -7.3968 -10.3959
4 72 39.3 -7.3429 -8.5 41.4911 -6.3857 -8.5 41.5906 -6.3857 -8 39.3 -7.3864 -8
4 72 38.8 -7.3968 -10.3959 39.3 -7.3864 -8 39.3 -7.6318 -5.1731 38.8 -7.856 -5.1073
3 72 39.3 -7.3864 -8 38.8 -7.3968 -10.3959 39.3 -7.3429 -8.5
3 72 39.3 -7.3429 -8.5 38.8 -7.3968 -10.3959 39.3 -7.1667 -10.5299
3 72 41.4911 -6.3857 -8.5 40.9968 -6.3859 -10.9849 41.8062 -6.0134 -11.2018
4 72 42.9107 -6.0131 -5.6493 41.5906 -6.3857 -8 41.4911 -6.3857 -8.5 41.8062 -6.0134 -11.2018
3 72 42.0799 -6.3855 -5.5399 41.5906 -6.3857 -8 42.9107 -6.0131 -5.6493
4 72 42.9107 -6.0131 -5.6493 43.281 -6.014 0 42.443 -6.3864 0 42.0799 -6.3855 -5.5399
4 72 38.8 -7.856 -5.1073 39.3 -7.6318 -5.1731 39.3 -7.7833 0 38.8 -8.0056 0
3 72 29 -11.3589 3.8173 27.349 -11.8793 3.6 29 -11.3634 3.6
4 72 34.8155 -9.25 9.1 33.9633 -9.5118 9.1 32.0971 -10.1155 8.6 34.9149 -9.25 8.6
4 72 23.9 -12.9387 3.6 27.349 -11.8793 3.6 28.2 -11.5691 4.4 23.9 -12.8899 4.4
4 72 23.9 -12.9387 3.6 23.9 -12.8899 4.4 23.5552 -13 4.3314 23.7082 -13 3.5619
3 72 28.2 -11.5691 4.4 27.349 -11.8793 3.6 29 -11.3589 3.8173
4 72 28.2 -11.3764 7.5558 28.2 -11.5691 4.4 29 -11.3589 3.8173 29 -11.1176 7.7702
4 72 33.9633 -9.5118 9.1 29 -10.9839 9.1 29 -11.0341 8.6 32.0971 -10.1155 8.6
3 72 29 -10.691 12.0125 28.2 -10.9616 11.6811 29 -10.9839 9.1
4 72 29 -11.0341 8.6 29 -10.9839 9.1 28.2 -10.9616 11.6811 28.2 -11.3764 7.5558
3 72 29 -11.0341 8.6 28.2 -11.3764 7.5558 29 -11.1176 7.7702
4 72 29 -10.691 12.0125 29 -10.166 15.8 28.2 -10.3907 15.8 28.2 -10.9616 11.6811
4 72 28.2 -10.3907 15.8 29 -10.166 15.8 28.8316 -10.096 16.6464 28.1141 -10.3549 16.2321
3 72 27.0284 -10.2212 18.6284 27.8956 -10.2209 17.3308 28.6346 -9.9751 17.6369
4 72 25.7308 -10.4085 19.4956 27.0284 -10.2212 18.6284 28.6346 -9.9751 17.6369 27.5941 -9.9755 19.1941
4 72 23.9761 -11.285 17.0827 24.9 -11.1108 16.7 24.5173 -11.0499 17.6239 24.1929 -11.1721 17.4071
4 72 24.5173 -11.0499 17.6239 24.9 -11.1108 16.7 25.2827 -10.8506 17.6239 24.9 -10.937 17.7
4 72 25.8239 -10.8036 17.0827 25.6071 -10.8037 17.4071 25.2827 -10.8506 17.6239 24.9 -11.1108 16.7
4 72 25.8239 -10.8036 17.0827 24.9 -11.1108 16.7 25.8239 -10.9367 16.3173 25.9 -10.8503 16.7
4 72 25.8239 -10.9367 16.3173 24.9 -11.1108 16.7 25.2827 -11.1717 15.7761 25.6071 -11.0496 15.9929
4 72 24.5173 -11.3711 15.7761 24.9 -11.2847 15.7 25.2827 -11.1717 15.7761 24.9 -11.1108 16.7
4 72 23.9761 -11.418 16.3173 24.1929 -11.4179 15.9929 24.5173 -11.3711 15.7761 24.9 -11.1108 16.7
4 72 23.9761 -11.285 17.0827 23.9 -11.3713 16.7 23.9761 -11.418 16.3173 24.9 -11.1108 16.7
4 72 27.5941 -9.9755 19.1941 26.215 -10.1746 20.1156 25.4737 -10.4666 19.5467 25.7308 -10.4085 19.4956
4 72 27.8956 -10.2209 17.3308 28.1141 -10.3549 16.2321 28.8316 -10.096 16.6464 28.6346 -9.9751 17.6369
4 72 24.2 -10.714 19.8 24.2 -10.5487 20.6 20.6 -11.3959 20.6 19.8 -11.7495 19.8
4 72 27.2603 -9.25 23.4 23.4 -10.1585 23.4 22.9 -10.3794 22.9 27.6992 -9.25 22.9
4 72 24.2 -10.5487 20.6 24.2 -10.714 19.8 25.4737 -10.4666 19.5467 26.0369 -10.1919 20.2346
3 72 26.0369 -10.1919 20.2346 25.4737 -10.4666 19.5467 26.215 -10.1746 20.1156
4 72 15.1931 -12.7013 19.8 19.8 -11.7495 19.8 20.6 -11.3959 20.6 15.807 -12.3862 20.6
3 72 14.7 -12.9544 19.1573 14.6112 -13 19.0416 14.7 -13 18.9636
4 72 17.9555 -11.2833 23.4 17.5719 -11.4803 22.9 22.9 -10.3794 22.9 23.4 -10.1585 23.4
4 72 14.7 -12.787 19.8 13.9 -13 19.5162 14.6112 -13 19.0416 14.7 -12.9544 19.1573
3 72 14.7 -12.5786 20.6 13.9 -13 19.5162 14.7 -12.787 19.8
4 72 15.807 -12.3862 20.6 14.7 -12.5786 20.6 14.7 -12.787 19.8 15.1931 -12.7013 19.8
4 72 13.9 -11.8125 24.0748 13.9 -13 19.5162 14.7 -12.5786 20.6 14.7 -11.9795 22.9
3 72 13.9 -11.8125 24.0748 14.7 -11.9795 22.9 14.7 -11.8492 23.4
4 72 14.7 -11.9795 22.9 17.5719 -11.4803 22.9 17.9555 -11.2833 23.4 14.7 -11.8492 23.4
4 72 14.7 -11.8492 23.4 14.7 -11.5303 24.6242 14.5012 -11.4367 25.1161 13.9 -11.8125 24.0748
4 72 13.9 -11.7019 24.4687 14.5012 -11.4367 25.1161 12.478 -10.3109 30.1239 12.0412 -10.6676 29.0694
3 72 14.5012 -11.4367 25.1161 13.9 -11.7019 24.4687 13.9 -11.8125 24.0748
4 72 12.0412 -10.6676 29.0694 12.478 -10.3109 30.1239 12.2048 -10.1378 30.8 11.6652 -10.4294 30
3 72 9 -9.6325 33.59 8.0381 -10.794 30 9 -10.46 30.8
4 72 12.2048 -10.1378 30.8 9 -10.46 30.8 8.0381 -10.794 30 11.6652 -10.4294 30
4 72 3.7384 -11.548 28.4 5.5 -11.4405 28.4 5.4 -11.2315 29.1 3.8305 -11.3274 29.1
4 72 6.1 -10.9124 30 5.4 -11.2315 29.1 5.5 -11.4405 28.4 6 -11.4099 28.4
3 72 6.1 -10.9124 30 6 -11.4099 28.4 6.1 -11.4038 28.4
3 72 5.4 -10.7094 30.8 5.4 -11.2315 29.1 6.1 -10.9124 30
4 72 8.0381 -10.794 30 8 -10.5506 30.8 5.4 -10.7094 30.8 6.1 -10.9124 30
4 72 5.5 -12.0548 26.4 6 -12.1779 25.9 6 -11.4099 28.4 5.5 -11.4405 28.4
4 72 5.5 -12.0548 26.4 3.4751 -12.1784 26.4 3.4093 -12.336 25.9 6 -12.1779 25.9
3 72 8 -9.25 35.0341 9 -9.6325 33.59 9 -9.25 34.8354
4 72 8.0381 -10.794 30 9 -9.6325 33.59 8 -9.25 35.0341 8 -10.5506 30.8
3 72 .8 -11.3898 29.1 0 -11.4063 29.1 0 -11.625 28.4
4 72 .8 -11.3898 29.1 0 -11.625 28.4 3.7384 -11.548 28.4 2.9 -11.3465 29.1
3 72 3.8305 -11.3274 29.1 2.9 -11.3465 29.1 3.7384 -11.548 28.4
4 72 3.4751 -12.1784 26.4 0 -12.25 26.4 0 -12.4063 25.9 3.4093 -12.336 25.9
4 72 0 -10.375 -32.4 4.2649 -10.2872 -32.4 4.1991 -10.4448 -31.9 0 -10.5313 -31.9
4 72 0 -11.5 -28.8 0 -11.3438 -29.3 3.8568 -11.2643 -29.3 3.791 -11.4219 -28.8
4 72 4.2649 -10.2872 -32.4 8 -10.0591 -32.4 8.5472 -10.1793 -31.9 4.1991 -10.4448 -31.9
3 72 8.5472 -10.1793 -31.9 8 -10.0591 -32.4 8.5 -10.0286 -32.4
3 72 8.5472 -10.1793 -31.9 8.5 -10.0286 -32.4 8.6811 -10.0176 -32.4
4 72 8 -9.25 -35.0341 8.5 -9.25 -34.9347 8.5 -10.0286 -32.4 8 -10.0591 -32.4
4 72 4 -11.4092 -28.8 4.5 -11.2251 -29.3 4.5 -13 -23.5217 4 -13 -23.6211
4 72 3.791 -11.4219 -28.8 3.8568 -11.2643 -29.3 4.5 -11.2251 -29.3 4 -11.4092 -28.8
4 72 13.4208 -9.541 -32.4 13.2142 -9.7097 -31.9013 8.5472 -10.1793 -31.9 8.6811 -10.0176 -32.4
4 72 13.4208 -9.541 -32.4 15.5203 -9.25 -32.4 16.5332 -9.25 -31.9 13.2142 -9.7097 -31.9013
4 72 20.55 -12.8958 -12.95 20.784 -13 -12 20.4 -13 -12.5755 20.4 -12.9349 -12.95
3 72 20.784 -13 -12 20.55 -12.8958 -12.95 22.05 -12.5051 -12.95
3 72 20.784 -13 -12 22.05 -12.5051 -12.95 22.4294 -12.4063 -12.95
4 72 22.9 -12.2741 -12.95 22.9 -12.7543 -9.4857 22.1 -13 -9.3339 22.1 -12.672 -11.7
3 72 22.1 -12.672 -11.7 22.4294 -12.4063 -12.95 22.9 -12.2741 -12.95
4 72 20.9321 -13 -11.7 20.784 -13 -12 22.4294 -12.4063 -12.95 22.1 -12.672 -11.7
3 72 22.1736 -13 -9.1848 22.1 -13 -9.3339 22.9 -12.7543 -9.4857
3 72 22.9 -13 -7.0419 22.1736 -13 -9.1848 22.9 -12.7543 -9.4857
3 72 23.0067 -13.1455 3.0284 22.1631 -13.3015 2.9174 22.9761 -13.1517 2.9827
4 72 22.9 -13.1703 2.6 22.9761 -13.1517 2.9827 22.1631 -13.3015 2.9174 22.1 -13.3169 2.6
4 72 22.9 -13.2017 0 22.9 -13.1703 2.6 22.1 -13.3169 2.6 22.1 -13.3483 0
4 72 23.5173 -13.0358 3.5239 23.2112 -13.0645 4.263 22.6272 -13.1837 3.8728 23.1929 -13.102 3.3071
4 72 23.5173 -13.0358 3.5239 23.7082 -13 3.5619 23.5552 -13 4.3314 23.2112 -13.0645 4.263
4 72 23.1929 -13.102 3.3071 22.6272 -13.1837 3.8728 22.237 -13.2749 3.2888 23.0748 -13.1296 3.1304
4 72 23.0748 -13.1296 3.1304 22.237 -13.2749 3.2888 22.1631 -13.3015 2.9174 23.0067 -13.1455 3.0284
3 72 14.7 -13.5887 14.7 13.9 -13.7961 13.9 14.7 -13.6856 13.9
4 72 13.9 -13.7961 13.9 14.7 -13.5887 14.7 14.7 -13 18.9636 13.9 -13.2142 18.1148
3 72 14.6112 -13 19.0416 13.9 -13.2142 18.1148 14.7 -13 18.9636
3 72 13.9 -13 19.5162 13.9 -13.2142 18.1148 14.6112 -13 19.0416
3 72 4.6 -15.1964 11.1052 4.5924 -15.2 11.0868 4.6 -15.2 11.0831
3 72 3.9 -15.2 11.3215 4.5924 -15.2 11.0868 4.6 -15.1964 11.1052
4 72 4.6 -14.1414 17.1682 3.9 -14.6373 14.5557 3.9 -15.2 11.3215 4.6 -15.1964 11.1052
4 72 2.5273 -13.8495 19.2 2.3957 -14.0344 18.2 3.9 -13.9805 18.2 3.9 -13.8003 19.2
4 72 2.7248 -13.5721 20.7 3.9 -13.53 20.7 4.6 -13.3608 21.5 2.8301 -13.4241 21.5
3 72 4.6 -13.3608 21.5 3.9 -13.53 20.7 3.9 -13.8003 19.2
4 72 3.9 -13.9805 18.2 4.6 -14.1414 17.1682 4.6 -13.3608 21.5 3.9 -13.8003 19.2
3 72 3.9 -13.9805 18.2 3.9 -14.6373 14.5557 4.6 -14.1414 17.1682
4 72 0 -14.0633 18.2 .35 -14.0591 18.2 2.5273 -13.8495 19.2 0 -13.88 19.2
4 72 0 -13.605 20.7 2.7248 -13.5721 20.7 2.8301 -13.4241 21.5 0 -13.4583 21.5
3 72 2.5273 -13.8495 19.2 .35 -14.0591 18.2 1.8494 -14.041 18.2
3 72 2.5273 -13.8495 19.2 1.8494 -14.041 18.2 2.3957 -14.0344 18.2
4 72 4 -14.5664 -14.9289 4 -13 -23.6211 4.5 -13 -23.5217 4.5 -14.2122 -16.795
4 72 4.5 -14.2122 -16.795 4.5 -15.2 -11.1181 4 -15.2 -11.2876 4 -14.5664 -14.9289
3 72 20.4 -13.0813 -11.7783 20.4 -13 -12.5755 20.784 -13 -12
4 72 20.4 -13.0813 -11.7783 20.784 -13 -12 20.9321 -13 -11.7 20.4 -13.0877 -11.7
3 72 22.1 -13.0146 -9.1543 22.1 -13 -9.3339 22.1736 -13 -9.1848
3 72 22.1 -13.2053 -5.9214 22.9 -13 -7.0419 22.9 -13.0535 -6.1357
4 72 22.1 -13.2053 -5.9214 22.1 -13.0146 -9.1543 22.1736 -13 -9.1848 22.9 -13 -7.0419
4 72 22.9 -13.0535 -6.1357 22.9 -13.1653 -3.0144 22.1 -13.3132 -2.9091 22.1 -13.2053 -5.9214
4 72 22.1 -13.3483 0 22.1 -13.3132 -2.9091 22.9 -13.1653 -3.0144 22.9 -13.2017 0
4 72 3.9 -15.74 0 4.6 -15.6933 0 4.6 -15.6907 .6055 3.9 -15.7377 .5134
4 72 3.9 -15.7377 .5134 4.6 -15.6907 .6055 4.6 -15.6825 1.2325 3.9 -15.7308 1.045
4 72 4.6 -15.6681 1.9054 3.9 -15.7186 1.6155 3.9 -15.7308 1.045 4.6 -15.6825 1.2325
4 72 3.9 -15.7186 1.6155 4.6 -15.6681 1.9054 4.6 -15.6459 2.6559 3.9 -15.6998 2.2517
4 72 3.9 -15.6998 2.2517 4.6 -15.6459 2.6559 4.6 -15.6135 3.5297 3.9 -15.6723 2.9926
4 72 4.6 -15.5663 4.6 3.9 -15.6323 3.9 3.9 -15.6723 2.9926 4.6 -15.6135 3.5297
4 72 3.9 -15.6323 3.9 4.6 -15.5663 4.6 4.6 -15.4963 5.9948 3.9 -15.5729 5.0826
4 72 4.6 -15.3867 7.9672 3.9 -15.48 6.7548 3.9 -15.5729 5.0826 4.6 -15.4963 5.9948
3 72 4.5924 -15.2 11.0868 3.9 -15.3206 9.4152 4.6 -15.2 11.0831
4 72 3.9 -15.48 6.7548 4.6 -15.3867 7.9672 4.6 -15.2 11.0831 3.9 -15.3206 9.4152
3 72 3.9 -15.2 11.3215 3.9 -15.3206 9.4152 4.5924 -15.2 11.0868
4 72 4.5 -15.2 -11.1181 4.5 -15.2161 -10.8637 4 -15.3032 -9.6567 4 -15.2 -11.2876
3 72 3.9 -15.48 -6.7548 3.9 -15.4593 -7.1 4 -15.4564 -7.1
3 72 3.9 -15.48 -6.7548 4 -15.4564 -7.1 4.0993 -15.4534 -7.1
3 72 4.0993 -15.4534 -7.1 4 -15.4564 -7.1 4.5 -15.4 -7.794
4 72 4.5 -15.2161 -10.8637 4.5 -15.4 -7.794 4 -15.4564 -7.1 4 -15.3032 -9.6567
3 72 5.6 -15.3868 -7.298 5.6 -15.3756 -7.5 5.7 -15.3718 -7.5
4 72 5.448 -15.4034 -7.1 4.9109 -15.4622 -6.4 4.6 -15.4738 -6.4 4.5 -15.4386 -7.1
4 72 4.6 -15.4738 -6.4 3.9 -15.48 -6.7548 4.0993 -15.4534 -7.1 4.5 -15.4386 -7.1
4 72 4.6 -15.4738 -6.4 4.6 -15.4963 -5.9948 3.9 -15.5729 -5.0826 3.9 -15.48 -6.7548
3 72 4.5 -15.4386 -7.1 4.0993 -15.4534 -7.1 4.5 -15.4 -7.794
3 72 5.6 -15.3868 -7.298 5.7 -15.3718 -7.5 5.755 -15.3698 -7.5
4 72 4.6 -15.4963 -5.9948 4.6 -15.5663 -4.6 3.9 -15.6323 -3.9 3.9 -15.5729 -5.0826
3 72 5.6 -15.4319 -6.4 4.9109 -15.4622 -6.4 5.448 -15.4034 -7.1
3 72 5.6 -15.4319 -6.4 5.448 -15.4034 -7.1 5.6 -15.3868 -7.298
4 72 5.6 -15.3868 -7.298 5.755 -15.3698 -7.5 7.2 -15.3061 -7.5 5.6 -15.4319 -6.4
3 72 5.6 -15.4519 -6 5.6 -15.4319 -6.4 7.2 -15.3061 -7.5
4 72 5.6 -15.4519 -6 7.2 -15.3061 -7.5 7.3 -15.3017 -7.5 6 -15.4343 -6
3 72 6 -15.4343 -6 7.3 -15.3017 -7.5 7.3 -15.3117 -7.3
4 72 4.6 -15.5663 -4.6 4.6 -15.6135 -3.5297 3.9 -15.6723 -2.9926 3.9 -15.6323 -3.9
3 72 7.3 -15.369 -6 6 -15.4343 -6 7.3 -15.3117 -7.3
4 72 3.9 -15.6998 -2.2517 3.9 -15.6723 -2.9926 4.6 -15.6135 -3.5297 4.6 -15.6459 -2.6559
4 72 3.9 -15.7186 -1.6155 3.9 -15.6998 -2.2517 4.6 -15.6459 -2.6559 4.6 -15.6681 -1.9054
4 72 3.9 -15.7308 -1.045 3.9 -15.7186 -1.6155 4.6 -15.6681 -1.9054 4.6 -15.6825 -1.2325
4 72 4.6 -15.6825 -1.2325 4.6 -15.6907 -.6055 3.9 -15.7377 -.5134 3.9 -15.7308 -1.045
4 72 4.6 -15.6933 0 3.9 -15.74 0 3.9 -15.7377 -.5134 4.6 -15.6907 -.6055
4 80 .8 -11.3898 29.1 2.9 -11.3465 29.1 1.6 -10.5608 31.7 .8 -10.5773 31.7
4 80 2.9 -11.3465 29.1 2.9 -9.9403 33.6 1.6 -9.9671 33.6 1.6 -10.5608 31.7
4 80 21.013 -12.2376 -16.0429 21.3 -12.2833 -15.35 20.6071 -12.4139 -15.637 20.7697 -12.3292 -15.8803
4 80 21.013 -12.2376 -16.0429 21.3 -12.1529 -16.1 21.587 -12.0881 -16.0429 21.3 -12.2833 -15.35
4 80 21.9929 -12.0529 -15.637 21.3 -12.2833 -15.35 21.587 -12.0881 -16.0429 21.8303 -12.053 -15.8803
3 80 22.05 -12.0879 -15.35 21.3 -12.2833 -15.35 21.9929 -12.0529 -15.637
4 80 20.6071 -12.4139 -15.637 21.3 -12.2833 -15.35 20.55 -12.8958 -12.95 20.55 -12.4787 -15.35
4 80 22.05 -12.5051 -12.95 20.55 -12.8958 -12.95 21.3 -12.2833 -15.35 22.05 -12.0879 -15.35
4 80 .35 -14.0591 18.2 .35 -14.8199 14.05 .4071 -14.8719 13.763 1.1 -14.8109 14.05
4 80 .4071 -14.8719 13.763 .5697 -14.9145 13.5197 .813 -14.9414 13.3571 1.1 -14.8109 14.05
4 80 .813 -14.9414 13.3571 1.1 -14.9484 13.3 1.387 -14.9344 13.3571 1.1 -14.8109 14.05
4 80 1.7929 -14.8551 13.763 1.1 -14.8109 14.05 1.387 -14.9344 13.3571 1.6303 -14.9017 13.5197
4 80 1.8494 -14.8018 14.05 1.8494 -14.041 18.2 .35 -14.0591 18.2 1.1 -14.8109 14.05
3 80 1.8494 -14.8018 14.05 1.1 -14.8109 14.05 1.7929 -14.8551 13.763
3 80 6 -15.2 -10.392 5.9208 -15.2 -10.4311 6.0865 -15.1683 -10.5418
4 80 6.737 -15.0941 -10.5929 6.9803 -15.0942 -10.4303 7.1429 -15.1148 -10.187 6.0865 -15.1683 -10.5418
4 80 6.45 -15.1147 -10.65 6.737 -15.0941 -10.5929 6.0865 -15.1683 -10.5418 6.163 -15.1527 -10.5929
4 80 7.2 -15.1528 -9.9 6 -15.2 -10.392 6.0865 -15.1683 -10.5418 7.1429 -15.1148 -10.187
3 80 7.2 -15.2 -9.5913 6 -15.2 -10.392 7.2 -15.1528 -9.9
4 80 5.9208 -15.2 -10.4311 6 -15.2 -10.392 5.7 -15.24 -9.8724 5.7571 -15.2195 -10.187
4 80 7.2 -15.2 -9.5913 7.2 -15.2116 -9.3832 5.7 -15.24 -9.8724 6 -15.2 -10.392
4 80 5.755 -15.3698 -7.5 5.7 -15.3718 -7.5 5.7 -15.24 -9.8724 7.2 -15.2116 -9.3832
3 80 7.2 -15.3061 -7.5 5.755 -15.3698 -7.5 7.2 -15.2116 -9.3832
3 320 33.2604 -9.25 -13.7772 33.3 -9.141 -14.25 33.3843 -9.1904 -13.8285
4 320 33.3 -9.141 -14.25 33.2604 -9.25 -13.7772 31.4129 -9.25 -17.5201 31.6 -9.2088 -17.35
3 320 33.3 -9.141 -14.25 31.6 -9.2088 -17.35 32.1 -9.1372 -16.7
4 320 33.3 -9.141 -14.25 32.1 -9.1372 -16.7 32.6 -9.0854 -15.95 33.05 -9.0831 -15.05
4 320 33.3843 -9.1904 -13.8285 33.45 -9.2097 -13.5 33.45 -9.25 -13.2179 33.2604 -9.25 -13.7772
4 320 33.3754 -10.0702 0 33.3359 -10.0798 .1327 33.0107 -10.1748 .4571 32.5241 -10.3224 .6739
3 320 26.0761 -12.3485 .1327 26.0497 -12.3595 0 33.3754 -10.0702 0
4 320 26.6173 -12.1682 .6739 26.2929 -12.2741 .4571 26.0761 -12.3485 .1327 33.3754 -10.0702 0
4 320 31.95 -10.5002 .75 27 -12.0471 .75 26.6173 -12.1682 .6739 33.3754 -10.0702 0
3 320 31.95 -10.5002 .75 33.3754 -10.0702 0 32.5241 -10.3224 .6739
4 320 10.7429 -11.4394 -26.9071 11.0673 -11.3425 -27.1239 10.45 -11.6786 -26.2 10.5261 -11.5574 -26.5827
4 320 10.45 -11.6786 -26.2 11.0673 -11.3425 -27.1239 11.2504 -11.3133 -27.1603 10.45 -11.9669 -25.228
4 320 10.45 -13 -21.5491 10.45 -11.9669 -25.228 15.2681 -10.9574 -26.4443 12 -13 -20.784
4 320 11.2504 -11.3133 -27.1603 11.45 -11.2745 -27.2 15.2681 -10.9574 -26.4443 10.45 -11.9669 -25.228
4 320 17.55 -11.1715 -24.1 17.55 -11.4915 -22.8715 14.6112 -13 -19.0416 12 -13 -20.784
4 320 16.65 -10.82 -26.05 12 -13 -20.784 15.2681 -10.9574 -26.4443 16.25 -10.8374 -26.25
4 320 16.65 -10.82 -26.05 17.05 -10.8677 -25.6 17.3 -10.9414 -25.15 12 -13 -20.784
4 320 17.3 -10.9414 -25.15 17.5 -11.0239 -24.7 17.55 -11.1715 -24.1 12 -13 -20.784
4 320 16.9704 -13 -16.9704 14.6112 -13 -19.0416 17.55 -11.4915 -22.8715 17.55 -12.7439 -17.55
3 320 17.55 -13 -16.3102 16.9704 -13 -16.9704 17.55 -12.7439 -17.55
3 320 26 -10.6331 -17.8 30.05 -9.4651 -18.45 30.5 -9.3826 -18.25
4 320 26.75 -10.3074 -18.55 29.5 -9.591 -18.55 30.05 -9.4651 -18.45 26 -10.6331 -17.8
4 320 26.75 -10.3074 -18.55 26 -10.6331 -17.8 26.0571 -10.5683 -18.087 26.463 -10.392 -18.4929
3 320 26.0571 -10.5683 -18.087 26.2197 -10.4837 -18.3303 26.463 -10.392 -18.4929
4 320 26 -10.6331 -17.8 30.5 -9.3826 -18.25 30.9908 -9.3168 -17.8931 26 -11.1178 -15.0116
4 320 31.4129 -9.25 -17.5201 26 -11.1178 -15.0116 30.9908 -9.3168 -17.8931 31.05 -9.3062 -17.85
4 320 26 -11.7058 -10.7698 26 -11.1178 -15.0116 31.4129 -9.25 -17.5201 33.2604 -9.25 -13.7772
4 320 17.55 -14.0689 4.7023 11.5908 -15.2 3.1056 11.8968 -15.2 1.566 17.5485 -14.1549 2.31
4 320 11.5908 -15.2 3.1056 17.55 -14.0689 4.7023 17.55 -13.9175 7.2696 11.0868 -15.2 4.5924
4 320 17.55 -13.9175 7.2696 10.45 -15.1877 6.0335 10.45 -15.2 5.8825 11.0868 -15.2 4.5924
4 320 17.55 -13.9175 7.2696 17.55 -13.7198 9.7 17.4709 -13.7014 10.0871 10.45 -15.1877 6.0335
3 320 17.4709 -13.7014 10.0871 10.45 -14.9853 8.0186 10.45 -15.1877 6.0335
4 320 16.9327 -13.7289 10.6239 10.45 -14.9853 8.0186 17.4709 -13.7014 10.0871 17.2571 -13.7014 10.4071
4 320 16.9327 -13.7289 10.6239 16.55 -13.7796 10.7 13.9445 -14.1778 10.7 10.45 -14.9853 8.0186
4 320 10.45 -14.7815 9.7 10.45 -14.9853 8.0186 13.9445 -14.1778 10.7 11.45 -14.5222 10.7
4 320 10.7429 -14.6553 10.4071 10.5261 -14.7246 10.0827 10.45 -14.7815 9.7 11.45 -14.5222 10.7
3 320 11.45 -14.5222 10.7 11.0673 -14.5843 10.6239 10.7429 -14.6553 10.4071
3 320 10.45 -13.5683 -18.0994 10.45 -13 -21.5491 12 -13 -20.784
4 320 14.6112 -13 -19.0416 10.45 -14.2531 -13.6186 10.45 -13.5683 -18.0994 12 -13 -20.784
4 320 16.9704 -13 -16.9704 10.45 -14.6906 -10.45 10.45 -14.2531 -13.6186 14.6112 -13 -19.0416
4 320 17.55 -13 -16.3102 17.55 -13.3447 -13.4667 10.45 -14.9853 -8.0186 10.45 -14.6906 -10.45
3 320 10.45 -14.6906 -10.45 16.9704 -13 -16.9704 17.55 -13 -16.3102
4 320 10.45 -15.1877 -6.0335 10.45 -14.9853 -8.0186 17.55 -13.3447 -13.4667 17.55 -13.6846 -10.1328
4 320 10.45 -15.2787 2.7999 10.45 -15.2973 1.3756 11.8968 -15.2 1.566 11.5908 -15.2 3.1056
4 320 11.5908 -15.2 3.1056 11.0868 -15.2 4.5924 10.45 -15.246 4.3286 10.45 -15.2787 2.7999
3 320 10.45 -15.2 5.8825 10.45 -15.246 4.3286 11.0868 -15.2 4.5924
4 320 33.2604 -9.25 -13.7772 33.45 -9.25 -13.2179 33.45 -9.6778 -8.9625 26 -11.7058 -10.7698