0 ~Dish  6 x  6 Inverted - No Studs with Handle with White Horse with Metallic Gold Mane and Metallic Pink Border Pattern - 1/8th Handle
0 Name: s\18675p02s02.dat
0 Author: Gerald Lasser [GeraldLasser]
0 !LDRAW_ORG Subpart UPDATE 2026-03
0 !LICENSE Licensed under CC BY 4.0 : see CAreadme.txt

0 BFC CERTIFY CCW

0 !HISTORY 2026-03-31 [OrionP] Official Update 2026-03

4 16 -30 4 -51.96 -29.5 3.31759 -51.0955 -35.91692 3.31423 -46.80785 -36.528 4 -47.604
4 16 -42.426 4 -42.426 -36.528 4 -47.604 -35.91692 3.31423 -46.80785 -41.7193 3.31705 -41.7193
4 16 -8.99 -2.41705 -49.03 -9.23 -3.57141 -46.93 -12.06682 -4.31969 -45.03583 -13.9752 -.1 -52.1586
3 16 -8.99 -2.41705 -49.03 -13.9752 -.1 -52.1586 -8.61 -1.1546 -51.35
3 16 -13.9752 -.1 -52.1586 -8.15122 -.1 -53.31613 -8.61 -1.1546 -51.35
3 16 -13.9752 -.1 -52.1586 -7.79 .57308 -54.39 -8.15122 -.1 -53.31613
4 16 -25.47656 3.31645 -53.07964 -29.5 3.31759 -51.0955 -30 4 -51.96 -22.962 4 -55.434
4 16 -25.39798 2.63322 -52.00579 -25.47656 3.31645 -53.07964 -22.962 4 -55.434 -20.6658 -.1 -49.8906
3 16 -25.16226 .58353 -48.78424 -25.39798 2.63322 -52.00579 -20.6658 -.1 -49.8906
3 16 -25.16226 .58353 -48.78424 -20.6658 -.1 -49.8906 -25.08369 -.0997 -47.71039
4 16 -24.82282 -1.886 -44.36548 -25.08369 -.0997 -47.71039 -20.6658 -.1 -49.8906 -21.54314 -3.94099 -41.98783
3 16 -24.75876 -2.32465 -43.54401 -24.82282 -1.886 -44.36548 -21.54314 -3.94099 -41.98783
3 16 -7.79 .57308 -54.39 -7.83 4 -59.484 -7.16966 .54226 -54.46741
4 16 -7.16966 .54226 -54.46741 -7.83 4 -59.484 0 4 -60 -5.61 .58313 -54.63
3 16 -5.61 .58313 -54.63 0 4 -60 0 .34417 -54.65
4 16 -14 4 -58.258 -7.83 4 -59.484 -7.79 .57308 -54.39 -14 -.035 -52.251
3 16 -13.9752 -.1 -52.1586 -14 -.035 -52.251 -7.79 .57308 -54.39
3 16 -14 -.1 -52.15 -14 -.035 -52.251 -13.9752 -.1 -52.1586
4 16 -20 4 -56.438 -20 -.1 -50.116 -20.6658 -.1 -49.8906 -22.962 4 -55.434
3 16 -20 -1.096 -48.283 -20.6658 -.1 -49.8906 -20 -.1 -50.116
4 16 -12.06682 -4.31969 -45.03583 -14 -4 -44.969 -14 -.1 -52.15 -13.9752 -.1 -52.1586
4 16 -17.73676 -4.47958 -42.81941 -18.057 -4 -43.594 -14 -4 -44.969 -12.06682 -4.31969 -45.03583
4 16 -20 -1.096 -48.283 -20 -4 -42.635 -21.54314 -3.94099 -41.98783 -20.6658 -.1 -49.8906
3 16 -18.057 -4 -43.594 -17.73676 -4.47958 -42.81941 -19.58436 -4.21815 -42.41577
3 16 -18.057 -4 -43.594 -19.58436 -4.21815 -42.41577 -20 -4 -42.635
3 16 -20 -4 -42.635 -19.58436 -4.21815 -42.41577 -20.69701 -4.06071 -42.17269
3 16 -20 -4 -42.635 -20.69701 -4.06071 -42.17269 -21.54314 -3.94099 -41.98783
3 16 -24.71196 -2.64506 -42.94398 -24.75876 -2.32465 -43.54401 -21.54314 -3.94099 -41.98783

0 BFC NOCLIP
4 85 -16.39391 -6.21111 -39.57756 -16.5 -5.59593 -41 -15.7 -5.71032 -41 -15.61166 -6.19539 -39.88
3 85 -15.47946 -7.2731 -37.36993 -16.39391 -6.21111 -39.57756 -15.61166 -6.19539 -39.88
4 85 -15.7 -5.71032 -41 -16.5 -5.59593 -41 -16.43725 -5.25 -41.84135 -15.61589 -5.25 -42.11977
4 85 -15.61589 -5.25 -42.11977 -16.43725 -5.25 -41.84135 -16.35884 -4.69349 -42.89263 -15.56568 -4.89622 -42.78821
4 10046 -14.61903 -5.53609 -41.77946 -15.61166 -6.19539 -39.88 -15.7 -5.71032 -41 -15.61589 -5.25 -42.11977
3 10046 -14.61903 -5.53609 -41.77946 -15.61589 -5.25 -42.11977 -13.89086 -5.25 -42.70453
4 10046 -13.89086 -5.25 -42.70453 -15.61589 -5.25 -42.11977 -15.56568 -4.89622 -42.78821 -12.86934 -4.80546 -43.86934
3 10046 -17.2215 -5.25 -41.5755 -16.35884 -4.69349 -42.89263 -16.43725 -5.25 -41.84135
3 10046 -16.5 -5.59593 -41 -17.2215 -5.25 -41.5755 -16.43725 -5.25 -41.84135
3 10046 -16.39391 -6.21111 -39.57756 -17.2215 -5.25 -41.5755 -16.5 -5.59593 -41
4 82 -35.30816 2.63093 -46.01449 -33.48188 .58105 -43.63443 -38.62716 .58357 -39.12214 -40.74848 2.63358 -41.24346
4 10046 -17.8898 -5.71037 -40.09295 -17.16031 -6.19543 -39.23853 -19.20532 -5.53617 -39.87975 -18.74107 -5.25006 -40.82528
3 10046 -19.20532 -5.53617 -39.87975 -20.37435 -5.2501 -40.01898 -18.74107 -5.25006 -40.82528
4 10046 -20.69701 -4.06071 -42.17269 -19.24923 -4.8963 -41.26243 -21.92031 -4.80563 -40.12031 -23.11865 -4.54185 -40.04177
4 10046 -26.02463 -1.84007 -43.76685 -24.29589 -4.20397 -39.96461 -26.63082 -3.68232 -39.50016 -27.93481 -1.22087 -43.79037
4 10046 -27.93481 -1.22087 -43.79037 -26.63082 -3.68232 -39.50016 -28.88515 -3.32981 -38.73492 -29.92574 -.6993 -43.5553
4 10046 -31.88666 -.2647 -43.15794 -29.92574 -.6993 -43.5553 -28.88515 -3.32981 -38.73492 -29.49341 -3.27929 -38.43496
3 10046 -29.49341 -3.27929 -38.43496 -32.8724 -.10331 -42.83837 -31.88666 -.2647 -43.15794
4 10046 -32.8724 -.10331 -42.83837 -29.49341 -3.27929 -38.43496 -31.02031 -3.02604 -37.68197 -38.18377 -.0997 -38.18377
4 10046 -19.24923 -4.8963 -41.26243 -18.74107 -5.25006 -40.82528 -20.37435 -5.2501 -40.01898 -21.92031 -4.80563 -40.12031
3 10046 -25.70487 -1.58173 -44.52184 -25.92021 -1.49498 -44.56001 -27 -.1 -46.764
3 10046 -25.92021 -1.49498 -44.56001 -27.93481 -.83927 -44.59037 -27 -.1 -46.764
3 10046 -30.03016 -.28774 -44.34846 -27 -.1 -46.764 -27.93481 -.83927 -44.59037
3 10046 -30.87235 -.10101 -44.17795 -27 -.1 -46.764 -30.03016 -.28774 -44.34846
3 10046 -17.32412 -5.59596 -40.65864 -17.96341 -5.25005 -41.20919 -17.2215 -5.25 -41.5755
3 10046 -16.39391 -6.21111 -39.57756 -17.32412 -5.59596 -40.65864 -17.2215 -5.25 -41.5755
4 82 -31.86307 2.63271 -48.31643 -29 2.63424 -50.22947 -27.5 .58419 -47.6314 -30.19992 .58275 -45.82737
4 82 -35.30816 2.63093 -46.01449 -32.4451 2.63241 -47.92753 -30.78195 .58245 -45.43847 -33.48188 .58105 -43.63443
4 85 -35.30816 2.63093 -46.01449 -35.91692 3.31423 -46.80785 -29.5 3.31759 -51.0955 -32.4451 2.63241 -47.92753
4 85 -35.91692 3.31423 -46.80785 -35.30816 2.63093 -46.01449 -40.74848 2.63358 -41.24346 -41.7193 3.31705 -41.7193
4 85 -27.93481 -1.22087 -43.79037 -27.93481 -.83927 -44.59037 -25.92021 -1.49498 -44.56001 -26.02463 -1.84007 -43.76685
4 85 -30.03016 -.28774 -44.34846 -27.93481 -.83927 -44.59037 -27.93481 -1.22087 -43.79037 -29.92574 -.6993 -43.5553
4 85 -31.88666 -.2647 -43.15794 -30.87235 -.10101 -44.17795 -30.03016 -.28774 -44.34846 -29.92574 -.6993 -43.5553
4 85 -17.8898 -5.71037 -40.09295 -17.32412 -5.59596 -40.65864 -16.39391 -6.21111 -39.57756 -17.16031 -6.19543 -39.23853
3 85 -15.47946 -7.2731 -37.36993 -17.16031 -6.19543 -39.23853 -16.39391 -6.21111 -39.57756
4 85 -25.70487 -1.58173 -44.52184 -25.18357 -2.17837 -43.61879 -26.02463 -1.84007 -43.76685 -25.92021 -1.49498 -44.56001
3 85 -25.70487 -1.58173 -44.52184 -24.82282 -1.886 -44.36548 -25.18357 -2.17837 -43.61879
4 85 -17.96341 -5.25005 -41.20919 -17.32412 -5.59596 -40.65864 -17.8898 -5.71037 -40.09295 -18.74107 -5.25006 -40.82528
4 85 -18.76222 -4.69355 -41.89712 -17.96341 -5.25005 -41.20919 -18.74107 -5.25006 -40.82528 -19.24923 -4.8963 -41.26243
4 85 -27.5 .58419 -47.6314 -27 -.1 -46.764 -30.87235 -.10101 -44.17795 -30.19992 .58275 -45.82737
3 85 -32.8724 -.10331 -42.83837 -30.87235 -.10101 -44.17795 -31.88666 -.2647 -43.15794
4 85 -30.87235 -.10101 -44.17795 -32.8724 -.10331 -42.83837 -33.48188 .58105 -43.63443 -30.78195 .58245 -45.43847
4 85 -30.19992 .58275 -45.82737 -30.78195 .58245 -45.43847 -32.4451 2.63241 -47.92753 -31.86307 2.63271 -48.31643
3 85 -31.86307 2.63271 -48.31643 -29.5 3.31759 -51.0955 -29 2.63424 -50.22947
3 85 -32.4451 2.63241 -47.92753 -29.5 3.31759 -51.0955 -31.86307 2.63271 -48.31643
3 85 -30.87235 -.10101 -44.17795 -30.78195 .58245 -45.43847 -30.19992 .58275 -45.82737
3 10046 -34.78965 -2.8464 -34.78965 -38.18377 -.0997 -38.18377 -32.99977 -2.84713 -36.35934
3 10046 -32.99977 -2.84713 -36.35934 -38.18377 -.0997 -38.18377 -31.02031 -3.02604 -37.68197
4 85 -33.48188 .58105 -43.63443 -32.8724 -.10331 -42.83837 -38.18377 -.0997 -38.18377 -38.62716 .58357 -39.12214
4 85 -40.74848 2.63358 -41.24346 -38.62716 .58357 -39.12214 -38.18377 -.0997 -38.18377 -41.7193 3.31705 -41.7193

4 10046 -7.047 -.1 -53.5356 -8.15122 -.1 -53.31613 -7.79 .57308 -54.39 -7.16966 .54226 -54.46741
4 10046 -7.047 -.1 -53.5356 -7.16966 .54226 -54.46741 -5.61 .58313 -54.63 0 -.1 -54
3 10046 -5.61 .58313 -54.63 0 .34417 -54.65 0 -.1 -54
4 10046 -7.047 -.1 -53.5356 0 -.1 -54 0 -2.84667 -49.2 -2.37558 -2.84618 -49.0443
3 10046 -4.71051 -3.0239 -48.57985 -7.047 -.1 -53.5356 -2.37558 -2.84618 -49.0443
3 10046 -6.32263 -3.27625 -48.03261 -7.047 -.1 -53.5356 -4.71051 -3.0239 -48.57985
4 10046 -8.15122 -.1 -53.31613 -7.047 -.1 -53.5356 -6.32263 -3.27625 -48.03261 -8.61 -1.1546 -51.35
4 10046 -8.61 -1.1546 -51.35 -6.32263 -3.27625 -48.03261 -6.96484 -3.32707 -47.81461 -8.99 -2.41705 -49.03
4 10046 -9.1 -3.68063 -46.76166 -9.23 -3.57141 -46.93 -8.99 -2.41705 -49.03 -6.96484 -3.32707 -47.81461
3 10046 -12.06682 -4.31969 -45.03583 -11.07946 -4.20328 -45.43903 -11.96645 -4.54165 -44.66116
4 10046 -11.07946 -4.20328 -45.43903 -12.06682 -4.31969 -45.03583 -9.23 -3.57141 -46.93 -9.1 -3.68063 -46.76166
4 85 -25.47656 3.31645 -53.07964 -25.39798 2.63322 -52.00579 -29 2.63424 -50.22947 -29.5 3.31759 -51.0955
4 82 -25.39798 2.63322 -52.00579 -25.16226 .58353 -48.78424 -27.5 .58419 -47.6314 -29 2.63424 -50.22947
4 85 -25.16226 .58353 -48.78424 -25.08369 -.0997 -47.71039 -27 -.1 -46.764 -27.5 .58419 -47.6314
4 10046 -17.96341 -5.25005 -41.20919 -18.76222 -4.69355 -41.89712 -17.73676 -4.47958 -42.81941 -17.2215 -5.25 -41.5755
3 10046 -19.58436 -4.21815 -42.41577 -17.73676 -4.47958 -42.81941 -18.76222 -4.69355 -41.89712
3 85 -25.18357 -2.17837 -43.61879 -24.82282 -1.886 -44.36548 -24.75876 -2.32465 -43.54401
4 10046 -25.08369 -.0997 -47.71039 -24.82282 -1.886 -44.36548 -25.70487 -1.58173 -44.52184 -27 -.1 -46.764
4 85 -19.58436 -4.21815 -42.41577 -18.76222 -4.69355 -41.89712 -19.24923 -4.8963 -41.26243 -20.69701 -4.06071 -42.17269
3 10046 -21.54314 -3.94099 -41.98783 -20.69701 -4.06071 -42.17269 -23.11865 -4.54185 -40.04177
3 10046 -21.54314 -3.94099 -41.98783 -23.11865 -4.54185 -40.04177 -24.71196 -2.64506 -42.94398
3 10046 -24.71196 -2.64506 -42.94398 -25.18357 -2.17837 -43.61879 -24.75876 -2.32465 -43.54401
3 10046 -26.02463 -1.84007 -43.76685 -25.18357 -2.17837 -43.61879 -24.29589 -4.20397 -39.96461
3 10046 -25.18357 -2.17837 -43.61879 -24.71196 -2.64506 -42.94398 -23.11865 -4.54185 -40.04177
3 10046 -25.18357 -2.17837 -43.61879 -23.11865 -4.54185 -40.04177 -24.29589 -4.20397 -39.96461
4 85 -15.56568 -4.89622 -42.78821 -16.35884 -4.69349 -42.89263 -16.24327 -4.43747 -43.40322 -15.34549 -4.41215 -43.75417
4 10046 -12.86934 -4.80546 -43.86934 -15.56568 -4.89622 -42.78821 -15.34549 -4.41215 -43.75417 -11.96645 -4.54165 -44.66116
3 10046 -12.06682 -4.31969 -45.03583 -11.96645 -4.54165 -44.66116 -15.34549 -4.41215 -43.75417
3 10046 -16.35884 -4.69349 -42.89263 -17.73676 -4.47958 -42.81941 -16.24327 -4.43747 -43.40322
3 10046 -17.73676 -4.47958 -42.81941 -16.35884 -4.69349 -42.89263 -17.2215 -5.25 -41.5755
