0 ~Minifig Helmet Space with Air Intakes and Top Pin Hole Half
0 Name: s\22380s01.dat
0 Author: Philippe Hurbain [Philo]
0 !LDRAW_ORG Subpart UPDATE 2026-04
0 !LICENSE Licensed under CC BY 4.0 : see CAreadme.txt

0 BFC CERTIFY CCW

0 !HISTORY 2025-07-13 [notmaster] added triangle to fill gap in main part
0 !HISTORY 2026-04-27 [OrionP] Official Update 2026-04

0 BFC INVERTNEXT
1 16 14.8 8.1 0.7 0 2 0 2 0 0 0 0 2 bump5000.dat
1 16 14.8 8.1 0.7 0 -1 0 2 0 0 0 0 2 4-4ndis.dat
0 BFC INVERTNEXT
1 16 0 -11.7 0 0 0 2 0 4 0 -2 0 0 2-4cylo.dat
1 16 0 -11.7 0 0 0 2 0 1 0 -2 0 0 2-4ndis.dat
0 BFC INVERTNEXT
1 16 0 -7.7 1.6 0 0 4.3 0 2.7 0 -4.3 0 0 2-4cylo.dat
1 16 0 -7.7 0 0 0 2 0 -1 0 -2 0 0 1-8tndis.dat
1 16 0 -7.7 0 0 0 2 0 -1 0 2 0 0 1-4ndis.dat
1 16 0 -7.7 0 2 0 0 0 -1 0 0 0 -2 1-8tndis.dat
1 16 0 -7.7 1.6 0 0 4.3 0 -1 0 4.3 0 0 1-4chrd.dat
1 16 0 -7.7 1.6 0 0 4.3 0 -1 0 -4.3 0 0 1-8chrd.dat
1 16 0 -7.7 1.6 4.3 0 0 0 -1 0 0 0 -4.3 1-8chrd.dat
1 16 0 -5 1.6 0 0 4.3 0 -1 0 -4.3 0 0 2-4ndis.dat
1 16 0 -5 0 0 0 6 0 -1 0 -6 0 0 3-16chrd.dat
1 16 0 -5 0 5.54328 0 2.2961 0 -1 0 -2.2961 0 5.54328 1-8chrd.dat
1 16 0 0 0 0 0 8 0 -1.5 0 -8 0 0 2-4cylo.dat
4 16 0 -11.7 -6.1 4.4 -11.7 -6.1 2 -11.7 -2 0 -11.7 -2
4 16 2 -11.7 -2 4.4 -11.7 -6.1 4.4 -11.7 2.572 2 -11.7 0
3 16 4.4 -11.7 2.572 2 -11.7 2 2 -11.7 0
3 16 4.4 -11.7 2.572 4.4 -11.378 4.486 0 -11.46 4.462
3 16 0 -11.46 4.462 2 -11.7 2 4.4 -11.7 2.572
4 16 4.4 -10.5615 7.1415 0 -10.6425 7.1575 0 -11.46 4.462 4.4 -11.378 4.486
3 16 4.4 0.348 16.308 0 1.864 16.696 0 -0.044 16.282
3 16 4.4 0.348 16.308 4.4 2.969 16.768 0 1.864 16.696
4 16 0 -8.911 10.416 4.4 -8.787 10.455 4.4 -6.882 12.536 0 -6.983 12.546
4 16 4.4 -4.567 14.261 0 -4.825 14.186 0 -6.983 12.546 4.4 -6.882 12.536
3 16 4.4 -4.567 14.261 0 -2.384 15.466 0 -4.825 14.186
3 16 4.4 -1.887 15.585 0 -0.044 16.282 0 -2.384 15.466
3 16 4.4 -1.887 15.585 4.4 0.348 16.308 0 -0.044 16.282
3 16 4.4 -4.567 14.261 4.4 -1.887 15.585 0 -2.384 15.466
3 16 0 1.864 16.696 1.588 4.082 16.898 0 3.803 16.908
3 16 4.4 2.969 16.768 1.588 4.082 16.898 0 1.864 16.696
3 16 4.4 2.969 16.768 2.949 4.9 16.888 1.588 4.082 16.898
3 16 2.949 4.9 16.888 4.4 2.969 16.768 4.4 6.476 16.786
4 16 4.4 -8.787 10.455 0 -8.911 10.416 0 -10.6425 7.1575 4.4 -10.5615 7.1415
4 16 2.9124 18.257 -12.9379 0 18.372 -13.2613 0 20.365 -18.475 2.66 20.292 -18.274
4 16 2.66 20.292 -18.274 0 20.365 -18.475 0 25.184 -17.289 2.703 25.153 -17.036
4 16 2.54 8.485 -13.0155 2.49 8.485 -15.758 0 8.485 -15.942 0 8.485 -13.2654
4 16 4.5833 7.243 -12.4442 4.493 7.243 -15.314 2.49 8.485 -15.758 2.54 8.485 -13.0155
4 16 4.7435 6.683 -12.3952 4.658 6.683 -14.919 4.493 7.243 -15.314 4.5833 7.243 -12.4442
3 16 4.658 6.683 -14.919 4.656 6.667 -15.227 4.493 7.243 -15.314
4 16 0 25.184 -17.289 0 24.65 -13.2664 2.737 25.029 -16.047 2.703 25.153 -17.036
3 16 0 24.65 -13.2664 2.4952 24.621 -13.0318 2.737 25.029 -16.047
4 16 3.5448 24.59 -12.7788 4.105 24.987 -15.708 2.737 25.029 -16.047 2.4952 24.621 -13.0318
4 16 7.349 24.84 -14.529 4.105 24.987 -15.708 3.5448 24.59 -12.7788 6.4215 24.455 -11.673
3 16 4.105 24.987 -15.708 7.349 24.84 -14.529 4.105 25.02 -15.969
4 16 8.8545 24.245 -9.9541 10.113 24.554 -12.234 7.349 24.84 -14.529 6.4215 24.455 -11.673
4 16 10.113 24.554 -12.234 8.8545 24.245 -9.9541 10.8885 23.961 -7.6334 12.442 24.102 -8.616
4 16 10.8885 23.961 -7.6334 12.535 23.561 -4.3681 13.82 23.569 -4.339 12.442 24.102 -8.616
4 16 12.535 23.561 -4.3681 13.094 23.298 -2.2146 14.002 23.039 -0.092 13.82 23.569 -4.339
3 16 13.094 23.298 -2.2146 13.1756 22.848 1.4659 14.002 23.039 -0.092
4 16 12.4717 22.464 4.6017 13.684 22.6 3.42 14.002 23.039 -0.092 13.1756 22.848 1.4659
3 16 12.4717 22.464 4.6017 12.606 22.254 6.402 13.684 22.6 3.42
3 16 10.525 21.826 9.624 12.606 22.254 6.402 12.4717 22.464 4.6017
3 16 10.525 21.826 9.624 12.4717 22.464 4.6017 9.9256 21.949 8.8167
4 16 10.525 21.826 9.624 9.9256 21.949 8.8167 7.0856 21.645 11.3007 8.448 21.584 11.566
4 16 8.448 21.584 11.566 7.0856 21.645 11.3007 4.0427 21.479 12.6594 5.475 21.367 13.302
4 16 5.475 21.367 13.302 4.0427 21.479 12.6594 0 21.406 13.2562 2.708 21.267 14.105
3 16 2.708 21.267 14.105 0 21.406 13.2562 0 21.224 14.449
3 16 2 -11.7 2 0 -11.46 4.462 0 -11.7 2
4 16 0 -7.844 -4.386 3.791 -7.377 -4.386 2.842 -9.65 -4.386 0 -9.874 -4.386
3 16 2.842 -9.65 -4.386 3.791 -7.377 -4.386 3.79 -8.707 -4.386
3 16 3.7376 -1.5 10.5152 0 -1.5 8 0 -1.5 11.164
4 16 3.7376 -1.5 10.5152 6.5878 -1.5 8.4117 5.6568 -1.5 5.6568 0 -1.5 8
4 16 6.5878 -1.5 8.4117 8.7922 -1.5 5.8095 10.3132 -1.5 1.6582 5.6568 -1.5 5.6568
4 16 5.6568 -1.5 5.6568 10.3132 -1.5 1.6582 10.1408 -1.5 -1.826 8 -1.5 0
4 16 9.1406 -1.5 -4.5915 5.6568 -1.5 -5.6568 8 -1.5 0 10.1408 -1.5 -1.826
4 16 9.1406 -1.5 -4.5915 8.3026 -1.5 -6.2471 6.8189 -1.5 -8.02 5.6568 -1.5 -5.6568
4 16 6.8189 -1.5 -8.02 4.2742 -1.5 -10.2673 2.7869 -1.5 -10.8273 5.6568 -1.5 -5.6568
4 16 5.6568 -1.5 -5.6568 2.7869 -1.5 -10.8273 0 -1.5 -11.0895 0 -1.5 -8
4 16 4.4 -11.7 -6.1 0 -11.7 -6.1 0 -9.874 -6.1 2.751 -9.801 -6.1
3 16 2.836 -9.659 -4.496 0 -9.874 -6.1 0 -9.874 -4.386
3 16 2.836 -9.659 -4.496 0 -9.874 -4.386 2.842 -9.65 -4.386
3 16 2.836 -9.659 -4.496 2.751 -9.801 -6.1 0 -9.874 -6.1
3 16 0 9.238 17.402 0 3.803 16.908 1.588 4.082 16.898
3 16 3.059 11.874 16.711 0 12.015 16.968 0 9.238 17.402
3 16 3.269 8.692 17.11 6.006 11.567 15.924 3.059 11.874 16.711
3 16 3.269 8.692 17.11 5.829 8.22 16.395 6.006 11.567 15.924
4 16 9.735 11.381 13.901 6.006 11.567 15.924 5.829 8.22 16.395 7.57 7.121 15.601
3 16 9.735 11.381 13.901 7.57 7.121 15.601 9.875 7.971 14.213
3 16 9.875 7.971 14.213 7.57 7.121 15.601 10.097 5.083 13.711
3 16 7.57 7.121 15.601 8.175 4.131 14.771 10.097 5.083 13.711
3 16 10.097 5.083 13.711 8.175 4.131 14.771 10.093 2.734 12.94
3 16 8.175 4.131 14.771 8.193 2.067 14.011 10.093 2.734 12.94
3 16 10.093 2.734 12.94 8.193 2.067 14.011 10.019 0.774 11.951
3 16 8.193 2.067 14.011 8.348 -0.057 12.724 10.019 0.774 11.951
3 16 10.036 -1.515 10.072 10.019 0.774 11.951 8.348 -0.057 12.724
3 16 6.4 -0.923 13.334 6.4 -2.811 11.711 8.348 -0.057 12.724
4 16 10.036 -1.515 10.072 8.348 -0.057 12.724 6.4 -2.811 11.711 7.853 -3.322 10.127
3 16 6.4 0.6 14.242 6.4 -0.923 13.334 8.348 -0.057 12.724
3 16 8.193 2.067 14.011 6.4 0.6 14.242 8.348 -0.057 12.724
3 16 9.875 7.971 14.213 10.097 5.083 13.711 12.603 8.357 11.695
3 16 10.097 5.083 13.711 12.677 3.512 10.625 12.603 8.357 11.695
3 16 10.097 5.083 13.711 10.093 2.734 12.94 12.677 3.512 10.625
3 16 10.093 2.734 12.94 10.019 0.774 11.951 12.677 3.512 10.625
3 16 10.019 0.774 11.951 12.162 -0.195 8.68 12.677 3.512 10.625
3 16 12.162 -0.195 8.68 10.019 0.774 11.951 10.036 -1.515 10.072
3 16 11.011 -1.728 8.637 12.162 -0.195 8.68 10.036 -1.515 10.072
3 16 12.603 8.357 11.695 12.677 3.512 10.625 14.807 8.171 8.413
3 16 12.677 3.512 10.625 14.426 3.87 8.044 14.807 8.171 8.413
3 16 11.011 -1.728 8.637 12.158 -2.055 6.161 12.162 -0.195 8.68
3 16 12.162 -0.195 8.68 12.158 -2.055 6.161 13.572 0.083 6.337
3 16 14.426 3.87 8.044 12.677 3.512 10.625 12.162 -0.195 8.68
3 16 13.572 0.083 6.337 14.426 3.87 8.044 12.162 -0.195 8.68
3 16 12.158 -2.055 6.161 12.786 -2.228 3.934 13.572 0.083 6.337
3 16 14.912 1.072 3.544 13.572 0.083 6.337 12.786 -2.228 3.934
3 16 13.081 -2.217 2.172 14.912 1.072 3.544 12.786 -2.228 3.934
3 16 14.912 1.072 3.544 15.68 3.881 4.5545 13.572 0.083 6.337
3 16 13.572 0.083 6.337 15.68 3.881 4.5545 14.426 3.87 8.044
3 16 15.68 3.881 4.5545 15.921 6.117 5.402 14.426 3.87 8.044
3 16 15.909 8.047 5.786 14.807 8.171 8.413 15.921 6.117 5.402
3 16 14.426 3.87 8.044 15.921 6.117 5.402 14.807 8.171 8.413
3 16 15.92 9.975 5.406 14.609 10.7685 8.3085 14.807 8.171 8.413
3 16 15.909 8.047 5.786 15.92 9.975 5.406 14.807 8.171 8.413
3 16 15.92 9.975 5.406 15.922 11.608 4.31 14.609 10.7685 8.3085
4 16 12.606 22.254 6.402 14.609 10.7685 8.3085 15.922 11.608 4.31 13.684 22.6 3.42
4 16 10.525 21.826 9.624 12.262 11.372 11.583 14.609 10.7685 8.3085 12.606 22.254 6.402
3 16 12.262 11.372 11.583 12.603 8.357 11.695 14.609 10.7685 8.3085
3 16 12.603 8.357 11.695 14.807 8.171 8.413 14.609 10.7685 8.3085
4 16 9.875 7.971 14.213 12.603 8.357 11.695 12.262 11.372 11.583 9.735 11.381 13.901
4 16 10.525 21.826 9.624 8.448 21.584 11.566 9.735 11.381 13.901 12.262 11.372 11.583
4 16 6.006 11.567 15.924 9.735 11.381 13.901 8.448 21.584 11.566 5.475 21.367 13.302
4 16 2.708 21.267 14.105 3.059 11.874 16.711 6.006 11.567 15.924 5.475 21.367 13.302
3 16 3.059 11.874 16.711 2.708 21.267 14.105 0 12.015 16.968
3 16 2.708 21.267 14.105 0 21.224 14.449 0 12.015 16.968
3 16 13.684 22.6 3.42 15.964 12.699 2.694 14.002 23.039 -0.092
3 16 15.963 13.177 1.275 15.748 14.449 -2.219 14.002 23.039 -0.092
3 16 14.002 23.039 -0.092 15.748 14.449 -2.219 13.82 23.569 -4.339
3 16 15.748 14.449 -2.219 15.159 15.892 -6.187 13.82 23.569 -4.339
3 16 13.347 17.431 -10.413 12.442 24.102 -8.616 15.159 15.892 -6.187
3 16 13.82 23.569 -4.339 15.159 15.892 -6.187 12.442 24.102 -8.616
3 16 10.582 18.683 -13.862 10.113 24.554 -12.234 13.347 17.431 -10.413
3 16 12.442 24.102 -8.616 13.347 17.431 -10.413 10.113 24.554 -12.234
3 16 7.72 19.418 -15.874 7.349 24.84 -14.529 10.582 18.683 -13.862
3 16 10.113 24.554 -12.234 10.582 18.683 -13.862 7.349 24.84 -14.529
3 16 7.349 24.84 -14.529 7.72 19.418 -15.874 4.105 25.02 -15.969
3 16 7.72 19.418 -15.874 4.105 19.933 -17.288 4.105 25.02 -15.969
3 16 15.963 13.177 1.275 14.002 23.039 -0.092 15.964 12.699 2.694
3 16 15.964 12.699 2.694 13.684 22.6 3.42 15.922 11.608 4.31
3 16 2.66 20.292 -18.274 2.694 20.196 -17.28 2.9124 18.257 -12.9379
3 16 2.694 20.196 -17.28 2.9124 18.523 -12.9379 2.9124 18.257 -12.9379
4 16 2.737 25.029 -16.047 2.694 20.196 -17.28 2.66 20.292 -18.274 2.703 25.153 -17.036
4 16 2.9124 18.257 -12.9379 2.9124 18.523 -12.9379 0 24.65 -13.2664 0 18.372 -13.2613
3 16 0 24.65 -13.2664 2.9124 18.523 -12.9379 2.4952 24.621 -13.0318
3 16 3.5448 24.59 -12.7788 2.4952 24.621 -13.0318 2.9124 18.523 -12.9379
3 16 4.1875 18.396 -12.5829 3.5448 24.59 -12.7788 2.9124 18.523 -12.9379
3 16 3.5448 24.59 -12.7788 4.1875 18.396 -12.5829 6.4215 24.455 -11.673
4 16 6.293 17.81 -11.6842 6.4215 24.455 -11.673 4.1875 18.396 -12.5829 4.1875 18.13 -12.5829
3 16 8.8545 24.245 -9.9541 6.4215 24.455 -11.673 6.293 17.81 -11.6842
3 16 8.8545 24.245 -9.9541 6.293 17.81 -11.6842 8.3281 17.323 -10.3193
3 16 8.8545 24.245 -9.9541 8.3281 17.323 -10.3193 8.8861 13.002 -9.844
3 16 10.8885 23.961 -7.6334 10.6101 12.724 -7.9721 12.0443 12.492 -5.5881
3 16 10.8885 23.961 -7.6334 12.0443 12.492 -5.5881 12.535 23.561 -4.3681
3 16 12.535 23.561 -4.3681 12.0443 12.492 -5.5881 12.283 12.454 -4.9985
3 16 12.535 23.561 -4.3681 12.283 12.454 -4.9985 12.4697 12.251 -4.5139
3 16 12.4697 12.251 -4.5139 13.094 23.298 -2.2146 12.535 23.561 -4.3681
3 16 13.094 23.298 -2.2146 12.4697 12.251 -4.5139 12.5452 11.652 -4.2395
4 16 7.72 19.418 -15.874 10.582 18.683 -13.862 8.3281 17.323 -10.3193 6.293 17.81 -11.6842
4 16 4.105 19.933 -17.288 7.72 19.418 -15.874 6.293 17.81 -11.6842 4.1875 18.13 -12.5829
3 16 9.674 18.179 -12.469 8.3281 17.323 -10.3193 10.582 18.683 -13.862
4 16 12.393 17.221 -9.837 9.674 18.179 -12.469 10.582 18.683 -13.862 13.347 17.431 -10.413
4 16 13.347 17.431 -10.413 15.159 15.892 -6.187 14.118 15.807 -5.991 12.393 17.221 -9.837
4 16 14.755 14.419 -2.14 14.118 15.807 -5.991 15.159 15.892 -6.187 15.748 14.449 -2.219
4 16 14.8 13.144 1.365 14.755 14.419 -2.14 15.748 14.449 -2.219 15.963 13.177 1.275
3 16 15.964 12.699 2.694 14.8 13.144 1.365 15.963 13.177 1.275
3 16 15.964 12.699 2.694 14.8 12.648 2.692 14.8 13.144 1.365
4 16 14.8 11.573 4.287 14.8 12.648 2.692 15.964 12.699 2.694 15.922 11.608 4.31
4 16 14.8 9.952 5.366 14.8 11.573 4.287 15.922 11.608 4.31 15.92 9.975 5.406
4 16 14.8 8.04 5.744 14.8 9.952 5.366 15.92 9.975 5.406 15.909 8.047 5.786
4 16 14.8 6.108 5.365 14.8 8.04 5.744 15.909 8.047 5.786 15.921 6.117 5.402
3 16 15.68 3.881 4.5545 14.8 6.108 5.365 15.921 6.117 5.402
3 16 15.68 3.881 4.5545 14.8 3.8815 4.508 14.8 6.108 5.365
3 16 14.912 1.072 3.544 14.8 3.8815 4.508 15.68 3.881 4.5545
3 16 14.912 1.072 3.544 14.413 1.173 3.569 14.8 3.8815 4.508
3 16 13.081 -2.217 2.172 14.413 1.173 3.569 14.912 1.072 3.544
3 16 14.8 6.1 0.7 14.8 6.1 2.7 14.8 3.8815 4.508
3 16 14.5415 3.8545 -1.539 14.675 3.5865 1.5045 14.2405 1.3805 0.9725
3 16 14.5415 3.8545 -1.539 14.2405 1.3805 0.9725 14.046 2.033 -2.431
3 16 14.046 2.033 -2.431 14.453 5.2205 -3.6855 14.5415 3.8545 -1.539
3 16 14.046 2.033 -2.431 13.8255 3.616 -5.2335 14.453 5.2205 -3.6855
3 16 14.675 3.5865 1.5045 14.5415 3.8545 -1.539 14.8 6.1 -1.3
3 16 14.8 6.1 -1.3 14.8 6.1 0.7 14.675 3.5865 1.5045
3 16 14.5415 3.8545 -1.539 14.453 5.2205 -3.6855 14.8 6.1 -1.3
3 16 14.046 2.033 -2.431 14.2405 1.3805 0.9725 13.223 -1.121 -0.018
3 16 13.223 -1.121 -0.018 13.0715 -0.0775 -3.4185 14.046 2.033 -2.431
3 16 13.0715 -0.0775 -3.4185 13.8255 3.616 -5.2335 14.046 2.033 -2.431
3 16 13.0715 -0.0775 -3.4185 12.263 1.2535 -7.1735 13.8255 3.616 -5.2335
3 16 11.032 -2.769 -4.714 12.263 1.2535 -7.1735 13.0715 -0.0775 -3.4185
3 16 13.0715 -0.0775 -3.4185 11.405 -3.106 -2.763 11.032 -2.769 -4.714
3 16 13.223 -1.121 -0.018 11.405 -3.106 -2.763 13.0715 -0.0775 -3.4185
3 16 11.032 -2.769 -4.714 10.421 -2.031 -7.079 12.263 1.2535 -7.1735
3 16 12.668 4.291 -8.398 13.8255 3.616 -5.2335 12.263 1.2535 -7.1735
3 16 12.668 4.291 -8.398 13.723 5.294 -6.495 13.8255 3.616 -5.2335
4 16 14.37 6.579 -4.73 14.453 5.2205 -3.6855 13.8255 3.616 -5.2335 13.723 5.294 -6.495
4 16 12.596 6.683 -9.158 13.598 7.065 -7.252 13.723 5.294 -6.495 12.668 4.291 -8.398
4 16 13.723 5.294 -6.495 13.598 7.065 -7.252 14.181 8.135 -5.665 14.37 6.579 -4.73
3 16 11.024 3.716 -10.576 12.596 6.683 -9.158 12.668 4.291 -8.398
3 16 11.024 3.716 -10.576 10.677 6.683 -11.635 12.596 6.683 -9.158
3 16 9.266 3.753 -12.353 10.677 6.683 -11.635 11.024 3.716 -10.576
3 16 9.266 3.753 -12.353 8.638 6.683 -13.43 10.677 6.683 -11.635
3 16 8.638 6.683 -13.43 9.266 3.753 -12.353 7.476 3.641 -13.518
3 16 8.638 6.683 -13.43 7.476 3.641 -13.518 6.482 6.683 -14.579
3 16 11.006 1.784 -9.654 12.668 4.291 -8.398 12.263 1.2535 -7.1735
3 16 11.006 1.784 -9.654 11.024 3.716 -10.576 12.668 4.291 -8.398
3 16 9.266 3.753 -12.353 8.425 1.375 -12.016 7.476 3.641 -13.518
3 16 9.266 3.753 -12.353 9.8 2.4 -11.336 8.425 1.375 -12.016
3 16 9.8 2.4 -11.336 11.024 3.716 -10.576 11.006 1.784 -9.654
3 16 9.8 2.4 -11.336 9.266 3.753 -12.353 11.024 3.716 -10.576
3 16 9.8 2.4 -11.336 9.418 -0.55 -9.874 8.425 1.375 -12.016
3 16 9.8 2.4 -11.336 11.006 1.784 -9.654 9.418 -0.55 -9.874
3 16 11.006 1.784 -9.654 10.031 -1.476 -8.294 9.418 -0.55 -9.874
3 16 11.006 1.784 -9.654 12.263 1.2535 -7.1735 10.031 -1.476 -8.294
3 16 12.263 1.2535 -7.1735 10.421 -2.031 -7.079 10.031 -1.476 -8.294
3 16 14.8 6.1 -1.3 14.453 5.2205 -3.6855 14.37 6.579 -4.73
3 16 14.37 6.579 -4.73 14.8 8.1 -1.3 14.8 6.1 -1.3
3 16 14.37 6.579 -4.73 14.181 8.135 -5.665 14.446 9.733 -4.592
3 16 14.446 9.733 -4.592 14.8 8.1 -1.3 14.37 6.579 -4.73
4 16 14.505 11.641 -4.21 14.8 10.1 -1.3 14.8 8.1 -1.3 14.446 9.733 -4.592
3 16 14.8 10.1 -1.3 14.505 11.641 -4.21 14.722 12.279 -2.509
3 16 14.8 10.1 0.7 14.8 10.1 -1.3 14.722 12.279 -2.509
3 16 14.755 14.419 -2.14 14.722 12.279 -2.509 14.335 14.08 -4.732
3 16 14.722 12.279 -2.509 14.755 14.419 -2.14 14.8 13.144 1.365
3 16 14.722 12.279 -2.509 14.8 13.144 1.365 14.8 10.1 0.7
4 16 14.8 13.144 1.365 14.8 12.648 2.692 14.8 10.1 2.7 14.8 10.1 0.7
3 16 14.8 12.648 2.692 14.8 11.573 4.287 14.8 10.1 2.7
3 16 14.8 11.573 4.287 14.8 8.1 2.7 14.8 10.1 2.7
4 16 14.8 11.573 4.287 14.8 9.952 5.366 14.8 8.04 5.744 14.8 8.1 2.7
4 16 14.8 6.108 5.365 14.8 6.1 2.7 14.8 8.1 2.7 14.8 8.04 5.744
3 16 14.8 6.108 5.365 14.8 3.8815 4.508 14.8 6.1 2.7
3 16 14.8 3.8815 4.508 14.675 3.5865 1.5045 14.8 6.1 0.7
3 16 14.675 3.5865 1.5045 14.8 3.8815 4.508 14.413 1.173 3.569
3 16 14.675 3.5865 1.5045 14.413 1.173 3.569 14.2405 1.3805 0.9725
3 16 13.081 -2.217 2.172 14.2405 1.3805 0.9725 14.413 1.173 3.569
3 16 13.081 -2.217 2.172 13.223 -1.121 -0.018 14.2405 1.3805 0.9725
3 16 13.223 -1.121 -0.018 11.782 -3.597 -0.018 11.405 -3.106 -2.763
4 16 3.208 -2.938 -11.408 0 -3.347 -11.4 0 -1.295 -13.088 2.799 -1.088 -12.943
4 16 2.734 1.506 -14.365 2.799 -1.088 -12.943 0 -1.295 -13.088 0 1.53 -14.589
3 16 0 -4.702 -10.033 0 -3.347 -11.4 3.208 -2.938 -11.408
3 16 3.328 -4.591 -9.642 0 -4.702 -10.033 3.208 -2.938 -11.408
4 16 0 6.001 -15.82 2.379 6.049 -15.654 2.734 1.506 -14.365 0 1.53 -14.589
4 16 2.49 8.485 -15.758 2.379 6.049 -15.654 0 6.001 -15.82 0 8.485 -15.942
3 16 2.49 8.485 -15.758 3.329 6.277 -15.515 2.379 6.049 -15.654
3 16 3.208 -2.938 -11.408 2.799 -1.088 -12.943 4.849 -0.641 -12.659
4 16 2.799 -1.088 -12.943 2.734 1.506 -14.365 4.164 1.866 -14.193 4.849 -0.641 -12.659
3 16 4.164 1.866 -14.193 2.734 1.506 -14.365 2.379 6.049 -15.654
3 16 3.329 6.277 -15.515 4.164 1.866 -14.193 2.379 6.049 -15.654
3 16 5.214 -2.647 -10.966 3.208 -2.938 -11.408 4.849 -0.641 -12.659
3 16 3.328 -4.591 -9.642 3.208 -2.938 -11.408 5.214 -2.647 -10.966
4 16 6.034 2.451 -13.781 4.164 1.866 -14.193 3.329 6.277 -15.515 4.656 6.667 -15.227
3 16 4.849 -0.641 -12.659 4.164 1.866 -14.193 6.034 2.451 -13.781
3 16 4.493 7.243 -15.314 4.656 6.667 -15.227 3.329 6.277 -15.515
3 16 2.49 8.485 -15.758 4.493 7.243 -15.314 3.329 6.277 -15.515
3 16 5.307 -4.397 -9.039 3.328 -4.591 -9.642 5.214 -2.647 -10.966
3 16 3.896 -6.662 -6.1 0 -6.851 -6.79 3.328 -4.591 -9.642
3 16 0 -4.702 -10.033 3.328 -4.591 -9.642 0 -6.851 -6.79
4 16 3.328 -4.591 -9.642 5.307 -4.397 -9.039 6.08 -4.996 -7.717 3.896 -6.662 -6.1
3 16 5.214 -2.647 -10.966 4.849 -0.641 -12.659 6.991 0.247 -12.256
3 16 6.991 0.247 -12.256 4.849 -0.641 -12.659 6.034 2.451 -13.781
3 16 8.091 -1.791 -10.047 5.214 -2.647 -10.966 6.991 0.247 -12.256
3 16 5.214 -2.647 -10.966 8.091 -1.791 -10.047 5.307 -4.397 -9.039
3 16 6.4 -5.785 -6.1 3.896 -6.662 -6.1 6.08 -4.996 -7.717
3 16 6.4 -5.785 -6.1 6.08 -4.996 -7.717 9.316 -3.486 -6.736
3 16 6.4 -5.785 -6.1 9.316 -3.486 -6.736 9.819 -4.134 -4.645
3 16 6.4 -6.58 -4.191 6.4 -5.785 -6.1 9.819 -4.134 -4.645
3 16 6.4 -6.58 -4.191 9.819 -4.134 -4.645 10.179 -4.527 -2.695
4 16 8.255 -6.45 -0.018 6.4 -7.124 -2.058 6.4 -6.58 -4.191 10.179 -4.527 -2.695
3 16 6.08 -4.996 -7.717 8.729 -2.714 -8.516 9.316 -3.486 -6.736
4 16 0 -7.844 -4.386 0 -6.851 -6.79 3.896 -6.662 -6.1 3.791 -7.377 -4.386
3 16 8.729 -2.714 -8.516 6.08 -4.996 -7.717 5.307 -4.397 -9.039
3 16 8.091 -1.791 -10.047 8.729 -2.714 -8.516 5.307 -4.397 -9.039
3 16 10.57 -4.859 -0.018 8.255 -6.45 -0.018 10.179 -4.527 -2.695
4 16 2.54 8.485 -13.0155 0 8.485 -13.2654 0 2.241 -13.2603 2.3411 2.241 -13.0532
3 16 0 0.166 -12.3085 2.3411 2.241 -13.0532 0 2.241 -13.2603
3 16 0 0.166 -12.3085 3.1072 0.166 -11.9403 2.3411 2.241 -13.0532
3 16 4.7496 0.166 -11.3248 4.3701 2.241 -12.5176 3.1072 0.166 -11.9403
3 16 2.3411 2.241 -13.0532 3.1072 0.166 -11.9403 4.3701 2.241 -12.5176
3 16 4.3701 2.241 -12.5176 4.7435 6.683 -12.3952 2.3411 2.241 -13.0532
4 16 4.3701 2.241 -12.5176 5.9696 2.241 -11.827 6.0431 6.683 -11.825 4.7435 6.683 -12.3952
4 16 8.4362 2.241 -10.1847 8.2837 6.683 -10.3657 6.0431 6.683 -11.825 5.9696 2.241 -11.827
3 16 10.0388 6.683 -8.7382 8.2837 6.683 -10.3657 8.4362 2.241 -10.1847
3 16 10.1592 2.241 -8.524 10.0388 6.683 -8.7382 8.4362 2.241 -10.1847
3 16 10.0388 6.683 -8.7382 10.1592 2.241 -8.524 11.7276 2.241 -6.1242
3 16 11.3527 7.281 -6.8541 10.0388 6.683 -8.7382 11.7276 2.241 -6.1242
3 16 11.9913 8.115 -5.734 11.3527 7.281 -6.8541 11.7276 2.241 -6.1242
4 16 13.043 2.241 -2.3901 12.4309 9.737 -4.6282 11.9913 8.115 -5.734 11.7276 2.241 -6.1242
3 16 12.5452 11.652 -4.2395 12.4309 9.737 -4.6282 13.043 2.241 -2.3901
3 16 12.9624 2.241 2.7941 13.1756 22.848 1.4659 13.043 2.241 -2.3901
3 16 4.7496 0.166 -11.3248 7.8793 0.166 -9.1671 8.4362 2.241 -10.1847
3 16 5.9696 2.241 -11.827 4.7496 0.166 -11.3248 8.4362 2.241 -10.1847
3 16 4.3701 2.241 -12.5176 4.7496 0.166 -11.3248 5.9696 2.241 -11.827
3 16 11.7276 2.241 -6.1242 10.6993 0.166 -5.2902 13.043 2.241 -2.3901
3 16 9.5267 0.166 -7.4243 10.6993 0.166 -5.2902 11.7276 2.241 -6.1242
3 16 10.1592 2.241 -8.524 9.5267 0.166 -7.4243 11.7276 2.241 -6.1242
3 16 9.5267 0.166 -7.4243 10.1592 2.241 -8.524 7.8793 0.166 -9.1671
3 16 10.1592 2.241 -8.524 8.4362 2.241 -10.1847 7.8793 0.166 -9.1671
3 16 4.7496 0.166 -11.3248 4.2742 -1.5 -10.2673 7.8793 0.166 -9.1671
3 16 4.2742 -1.5 -10.2673 6.8189 -1.5 -8.02 7.8793 0.166 -9.1671
4 16 3.1072 0.166 -11.9403 2.7869 -1.5 -10.8273 4.2742 -1.5 -10.2673 4.7496 0.166 -11.3248
3 16 3.1072 0.166 -11.9403 0 0.166 -12.3085 2.7869 -1.5 -10.8273
3 16 0 0.166 -12.3085 0 -1.5 -11.0895 2.7869 -1.5 -10.8273
3 16 7.8793 0.166 -9.1671 6.8189 -1.5 -8.02 9.5267 0.166 -7.4243
3 16 6.8189 -1.5 -8.02 8.3026 -1.5 -6.2471 9.5267 0.166 -7.4243
3 16 9.5267 0.166 -7.4243 8.3026 -1.5 -6.2471 10.6993 0.166 -5.2902
3 16 8.3026 -1.5 -6.2471 9.1406 -1.5 -4.5915 10.6993 0.166 -5.2902
3 16 10.6993 0.166 -5.2902 9.1406 -1.5 -4.5915 10.1408 -1.5 -1.826
3 16 11.7383 0.166 -2.0769 10.6993 0.166 -5.2902 10.1408 -1.5 -1.826
3 16 10.6993 0.166 -5.2902 11.7383 0.166 -2.0769 13.043 2.241 -2.3901
4 16 8.33 -6.421 1.17 8.3655 -6.2305 2.9405 6.4 -7.2085 3.115 6.4 -7.393 1.117
4 16 6.4 -7.2085 3.115 8.3655 -6.2305 2.9405 8.228 -5.631 5.696 6.4 -6.5815 5.7505
3 16 6.4 -5.656 7.939 6.4 -6.5815 5.7505 8.228 -5.631 5.696
3 16 6.4 -5.656 7.939 8.228 -5.631 5.696 7.96 -4.38 8.578
3 16 6.4 -4.537 9.711 6.4 -5.656 7.939 7.96 -4.38 8.578
3 16 6.4 -4.537 9.711 7.96 -4.38 8.578 7.853 -3.322 10.127
3 16 6.4 -2.811 11.711 6.4 -4.537 9.711 7.853 -3.322 10.127
4 16 13.176 -3.97 1.07 12.8 -3.714 3.818 10.265 -6.042 3.741 10.616 -6.341 1.055
4 16 12.094 -3.18 6.285 9.764 -5.517 5.876 10.265 -6.042 3.741 12.8 -3.714 3.818
3 16 8.691 -4.313 8.64 9.764 -5.517 5.876 12.094 -3.18 6.285
3 16 10.93 -2.214 8.773 8.691 -4.313 8.64 12.094 -3.18 6.285
4 16 10.036 -1.515 10.072 7.853 -3.322 10.127 8.691 -4.313 8.64 10.93 -2.214 8.773
3 16 0 2.241 13.2511 0 21.406 13.2562 4.0427 21.479 12.6594
3 16 4.567 2.241 12.3595 0 2.241 13.2511 4.0427 21.479 12.6594
3 16 4.567 2.241 12.3595 4.0427 21.479 12.6594 7.0856 21.645 11.3007
3 16 0 2.241 13.2511 4.567 2.241 12.3595 4.2028 0.166 11.6414
3 16 0 0.166 12.3891 0 2.241 13.2511 4.2028 0.166 11.6414
3 16 8.0343 2.241 10.3683 4.567 2.241 12.3595 7.0856 21.645 11.3007
3 16 12.4717 22.464 4.6017 13.1756 22.848 1.4659 12.9624 2.241 2.7941
3 16 13.094 23.298 -2.2146 13.043 2.241 -2.3901 13.1756 22.848 1.4659
3 16 12.4717 22.464 4.6017 12.9624 2.241 2.7941 10.9079 2.241 7.5406
3 16 7.0856 21.645 11.3007 9.9256 21.949 8.8167 8.0343 2.241 10.3683
3 16 10.9079 2.241 7.5406 8.0343 2.241 10.3683 9.9256 21.949 8.8167
3 16 9.9256 21.949 8.8167 12.4717 22.464 4.6017 10.9079 2.241 7.5406
4 16 12.9624 2.241 2.7941 13.043 2.241 -2.3901 11.7383 0.166 -2.0769 11.7148 0.166 1.4628
3 16 10.9079 2.241 7.5406 9.9103 0.166 6.8255 8.0343 2.241 10.3683
3 16 10.9079 2.241 7.5406 12.9624 2.241 2.7941 9.9103 0.166 6.8255
3 16 8.0343 2.241 10.3683 9.9103 0.166 6.8255 7.2774 0.166 9.5828
4 16 9.9103 0.166 6.8255 12.9624 2.241 2.7941 11.7148 0.166 1.4628 10.3132 -1.5 1.6582
3 16 7.2774 0.166 9.5828 4.2028 0.166 11.6414 8.0343 2.241 10.3683
3 16 4.567 2.241 12.3595 8.0343 2.241 10.3683 4.2028 0.166 11.6414
3 16 11.7148 0.166 1.4628 11.7383 0.166 -2.0769 10.3132 -1.5 1.6582
3 16 10.3132 -1.5 1.6582 11.7383 0.166 -2.0769 10.1408 -1.5 -1.826
3 16 9.9103 0.166 6.8255 10.3132 -1.5 1.6582 8.7922 -1.5 5.8095
3 16 6.5878 -1.5 8.4117 9.9103 0.166 6.8255 8.7922 -1.5 5.8095
3 16 6.5878 -1.5 8.4117 7.2774 0.166 9.5828 9.9103 0.166 6.8255
3 16 3.7376 -1.5 10.5152 7.2774 0.166 9.5828 6.5878 -1.5 8.4117
3 16 3.7376 -1.5 10.5152 4.2028 0.166 11.6414 7.2774 0.166 9.5828
4 16 0 -1.5 11.164 0 0.166 12.3891 4.2028 0.166 11.6414 3.7376 -1.5 10.5152
3 16 10.04 -4.313 -2.573 10.57 -4.859 -0.018 10.179 -4.527 -2.695
3 16 10.04 -4.313 -2.573 10.362 -4.652 -0.018 10.57 -4.859 -0.018
3 16 10.179 -4.527 -2.695 9.701 -3.936 -4.48 10.04 -4.313 -2.573
3 16 10.179 -4.527 -2.695 9.819 -4.134 -4.645 9.701 -3.936 -4.48
3 16 9.819 -4.134 -4.645 9.195 -3.321 -6.518 9.701 -3.936 -4.48
3 16 9.819 -4.134 -4.645 9.316 -3.486 -6.736 9.195 -3.321 -6.518
3 16 9.316 -3.486 -6.736 8.62 -2.542 -8.317 9.195 -3.321 -6.518
3 16 9.316 -3.486 -6.736 8.729 -2.714 -8.516 8.62 -2.542 -8.317
3 16 8.729 -2.714 -8.516 8.003 -1.594 -9.908 8.62 -2.542 -8.317
3 16 8.729 -2.714 -8.516 8.091 -1.791 -10.047 8.003 -1.594 -9.908
3 16 8.091 -1.791 -10.047 7.034 0.189 -11.859 8.003 -1.594 -9.908
3 16 8.091 -1.791 -10.047 6.991 0.247 -12.256 7.034 0.189 -11.859
3 16 6.991 0.247 -12.256 6.003 2.582 -13.534 7.034 0.189 -11.859
3 16 6.991 0.247 -12.256 6.034 2.451 -13.781 6.003 2.582 -13.534
3 16 6.034 2.451 -13.781 4.658 6.683 -14.919 6.003 2.582 -13.534
3 16 6.034 2.451 -13.781 4.656 6.667 -15.227 4.658 6.683 -14.919
3 16 11.405 -3.106 -2.763 11.562 -3.376 -0.018 11.178 -2.965 -2.796
3 16 11.405 -3.106 -2.763 11.782 -3.597 -0.018 11.562 -3.376 -0.018
3 16 11.178 -2.965 -2.796 11.032 -2.769 -4.714 11.405 -3.106 -2.763
3 16 11.178 -2.965 -2.796 10.863 -2.601 -4.554 11.032 -2.769 -4.714
3 16 11.032 -2.769 -4.714 10.863 -2.601 -4.554 10.275 -1.875 -6.883
3 16 11.032 -2.769 -4.714 10.275 -1.875 -6.883 10.421 -2.031 -7.079
3 16 9.858 -1.309 -8.156 10.421 -2.031 -7.079 10.275 -1.875 -6.883
3 16 9.858 -1.309 -8.156 10.031 -1.476 -8.294 10.421 -2.031 -7.079
3 16 10.031 -1.476 -8.294 9.858 -1.309 -8.156 9.307 -0.415 -9.642
3 16 10.031 -1.476 -8.294 9.307 -0.415 -9.642 9.418 -0.55 -9.874
3 16 9.418 -0.55 -9.874 9.307 -0.415 -9.642 8.339 1.485 -11.767
3 16 9.418 -0.55 -9.874 8.339 1.485 -11.767 8.425 1.375 -12.016
3 16 7.422 3.716 -13.247 8.425 1.375 -12.016 8.339 1.485 -11.767
3 16 7.422 3.716 -13.247 7.476 3.641 -13.518 8.425 1.375 -12.016
3 16 7.476 3.641 -13.518 7.422 3.716 -13.247 6.479 6.683 -14.262
3 16 7.476 3.641 -13.518 6.479 6.683 -14.262 6.482 6.683 -14.579
4 16 10.863 -2.601 -4.554 11.178 -2.965 -2.796 10.04 -4.313 -2.573 9.701 -3.936 -4.48
3 16 10.04 -4.313 -2.573 11.178 -2.965 -2.796 11.562 -3.376 -0.018
3 16 10.04 -4.313 -2.573 11.562 -3.376 -0.018 10.362 -4.652 -0.018
4 16 10.275 -1.875 -6.883 10.863 -2.601 -4.554 9.701 -3.936 -4.48 9.195 -3.321 -6.518
3 16 9.307 -0.415 -9.642 8.003 -1.594 -9.908 7.034 0.189 -11.859
4 16 8.62 -2.542 -8.317 8.003 -1.594 -9.908 9.307 -0.415 -9.642 9.858 -1.309 -8.156
4 16 9.195 -3.321 -6.518 8.62 -2.542 -8.317 9.858 -1.309 -8.156 10.275 -1.875 -6.883
4 16 6.003 2.582 -13.534 4.658 6.683 -14.919 6.479 6.683 -14.262 7.422 3.716 -13.247
3 16 6.003 2.582 -13.534 7.422 3.716 -13.247 8.339 1.485 -11.767
3 16 7.034 0.189 -11.859 8.339 1.485 -11.767 9.307 -0.415 -9.642
3 16 7.034 0.189 -11.859 6.003 2.582 -13.534 8.339 1.485 -11.767
4 16 6.4 -1.64 14.068 6.4 -0.923 13.334 6.4 0.6 14.242 6.4 0.52 14.791
4 16 6.4 -3.95 12.907 6.4 -2.811 11.711 6.4 -0.923 13.334 6.4 -1.64 14.068
4 16 6.4 -6.208 11.134 6.4 -4.537 9.711 6.4 -2.811 11.711 6.4 -3.95 12.907
4 16 6.4 -7.828 9.173 6.4 -5.656 7.939 6.4 -4.537 9.711 6.4 -6.208 11.134
4 16 6.4 -9.2 6.5635 6.4 -6.5815 5.7505 6.4 -5.656 7.939 6.4 -7.828 9.173
4 16 6.4 -9.875 4.228 6.4 -7.2085 3.115 6.4 -6.5815 5.7505 6.4 -9.2 6.5635
3 16 6.4 -9.875 4.228 6.4 -10.067 2.563 6.4 -7.2085 3.115
4 16 6.4 -7.393 1.117 6.4 -7.2085 3.115 6.4 -10.067 2.563 6.4 -10.067 -6.1
3 16 6.4 -7.124 -2.058 6.4 -7.393 1.117 6.4 -10.067 -6.1
3 16 6.4 -10.067 -6.1 6.4 -6.58 -4.191 6.4 -7.124 -2.058
3 16 6.4 -5.785 -6.1 6.4 -6.58 -4.191 6.4 -10.067 -6.1
4 16 10.57 -4.859 -0.018 10.362 -4.652 -0.018 11.562 -3.376 -0.018 11.782 -3.597 -0.018
3 16 13.223 -1.121 -0.018 13.222 -4 -0.018 11.782 -3.597 -0.018
4 16 11.782 -3.597 -0.018 13.222 -4 -0.018 10.66 -6.366 -0.018 10.57 -4.859 -0.018
3 16 8.255 -6.45 -0.018 10.57 -4.859 -0.018 10.66 -6.366 -0.018
4 16 3.896 -6.662 -6.1 6.4 -5.785 -6.1 6.4 -10.067 -6.1 3.87 -8.781 -6.1
3 16 14.335 14.08 -4.732 14.143 14.062 -4.728 14.118 15.807 -5.991
3 16 14.143 14.062 -4.728 14.335 14.08 -4.732 14.206 12.291 -4.447
3 16 14.335 14.08 -4.732 14.505 11.641 -4.21 14.206 12.291 -4.447
3 16 14.206 12.291 -4.447 14.505 11.641 -4.21 12.5452 11.652 -4.2395
4 16 12.4309 9.737 -4.6282 12.5452 11.652 -4.2395 14.505 11.641 -4.21 14.446 9.733 -4.592
4 16 11.9913 8.115 -5.734 12.4309 9.737 -4.6282 14.446 9.733 -4.592 14.181 8.135 -5.665
3 16 13.598 7.065 -7.252 11.3527 7.281 -6.8541 14.181 8.135 -5.665
3 16 11.9913 8.115 -5.734 14.181 8.135 -5.665 11.3527 7.281 -6.8541
3 16 12.596 6.683 -9.158 10.0388 6.683 -8.7382 13.598 7.065 -7.252
3 16 11.3527 7.281 -6.8541 13.598 7.065 -7.252 10.0388 6.683 -8.7382
4 16 8.2837 6.683 -10.3657 10.0388 6.683 -8.7382 12.596 6.683 -9.158 10.677 6.683 -11.635
3 16 10.677 6.683 -11.635 8.638 6.683 -13.43 8.2837 6.683 -10.3657
3 16 8.638 6.683 -13.43 6.482 6.683 -14.579 6.479 6.683 -14.262
4 16 8.638 6.683 -13.43 6.479 6.683 -14.262 6.0431 6.683 -11.825 8.2837 6.683 -10.3657
4 16 4.658 6.683 -14.919 4.7435 6.683 -12.3952 6.0431 6.683 -11.825 6.479 6.683 -14.262
3 16 14.755 14.419 -2.14 14.335 14.08 -4.732 14.118 15.807 -5.991
3 16 14.505 11.641 -4.21 14.335 14.08 -4.732 14.722 12.279 -2.509
3 16 11.993 12.679 -9.19 10.6101 12.724 -7.9721 8.8861 13.002 -9.844
3 16 9.966 12.955 -11.39 11.993 12.679 -9.19 8.8861 13.002 -9.844
3 16 11.993 12.679 -9.19 12.0443 12.492 -5.5881 10.6101 12.724 -7.9721
3 16 13.742 12.536 -6.116 12.0443 12.492 -5.5881 11.993 12.679 -9.19
3 16 12.283 12.454 -4.9985 12.0443 12.492 -5.5881 13.742 12.536 -6.116
3 16 14.09 12.482 -4.896 12.283 12.454 -4.9985 13.742 12.536 -6.116
4 16 14.206 12.291 -4.447 12.4697 12.251 -4.5139 12.283 12.454 -4.9985 14.09 12.482 -4.896
4 16 2.694 20.196 -17.28 4.105 20.087 -16.98 4.1875 18.396 -12.5829 2.9124 18.523 -12.9379
3 16 4.105 20.087 -16.98 4.105 19.933 -17.288 4.1875 18.13 -12.5829
3 16 4.1875 18.396 -12.5829 4.105 20.087 -16.98 4.1875 18.13 -12.5829
4 16 4.105 24.987 -15.708 4.105 25.02 -15.969 4.105 19.933 -17.288 4.105 20.087 -16.98
3 16 12.4697 12.251 -4.5139 14.206 12.291 -4.447 12.5452 11.652 -4.2395
4 16 9.674 18.179 -12.469 9.966 12.955 -11.39 8.8861 13.002 -9.844 8.3281 17.323 -10.3193
3 16 12.393 17.221 -9.837 11.993 12.679 -9.19 9.966 12.955 -11.39
3 16 9.674 18.179 -12.469 12.393 17.221 -9.837 9.966 12.955 -11.39
3 16 14.118 15.807 -5.991 13.742 12.536 -6.116 12.393 17.221 -9.837
3 16 11.993 12.679 -9.19 12.393 17.221 -9.837 13.742 12.536 -6.116
3 16 14.143 14.062 -4.728 14.206 12.291 -4.447 14.118 15.807 -5.991
3 16 13.742 12.536 -6.116 14.118 15.807 -5.991 14.09 12.482 -4.896
3 16 14.09 12.482 -4.896 14.118 15.807 -5.991 14.206 12.291 -4.447
3 16 10.8885 23.961 -7.6334 8.8545 24.245 -9.9541 10.6101 12.724 -7.9721
3 16 8.8861 13.002 -9.844 10.6101 12.724 -7.9721 8.8545 24.245 -9.9541
3 16 4.105 20.087 -16.98 2.694 20.196 -17.28 2.737 25.029 -16.047
3 16 4.105 24.987 -15.708 4.105 20.087 -16.98 2.737 25.029 -16.047
4 16 6.4 -10.067 2.563 4.4 -11.7 2.572 4.4 -11.7 -6.1 6.4 -10.067 -6.1
3 16 6.4 -10.067 2.563 6.4 -9.875 4.228 4.4 -11.7 2.572
3 16 4.4 -11.378 4.486 4.4 -11.7 2.572 6.4 -9.875 4.228
3 16 4.4 -10.5615 7.1415 4.4 -11.378 4.486 6.4 -9.875 4.228
3 16 6.4 -9.2 6.5635 4.4 -10.5615 7.1415 6.4 -9.875 4.228
4 16 4.4 -8.787 10.455 4.4 -10.5615 7.1415 6.4 -9.2 6.5635 6.4 -7.828 9.173
3 16 6.4 -7.828 9.173 6.4 -6.208 11.134 4.4 -8.787 10.455
3 16 6.4 -6.208 11.134 4.4 -6.882 12.536 4.4 -8.787 10.455
3 16 6.4 -6.208 11.134 6.4 -3.95 12.907 4.4 -6.882 12.536
3 16 6.4 -3.95 12.907 4.4 -4.567 14.261 4.4 -6.882 12.536
4 16 4.4 -1.887 15.585 4.4 -4.567 14.261 6.4 -3.95 12.907 6.4 -1.64 14.068
4 16 4.4 0.348 16.308 4.4 -1.887 15.585 6.4 -1.64 14.068 6.4 0.52 14.791
3 16 6.4 0.52 14.791 6.4 2.604 15.191 4.4 0.348 16.308
3 16 6.4 2.604 15.191 4.4 2.969 16.768 4.4 0.348 16.308
3 16 4.4 6.476 16.786 4.4 2.969 16.768 6.4 2.604 15.191
3 16 3.87 -8.781 -6.1 2.751 -9.801 -6.1 2.836 -9.659 -4.496
3 16 2.836 -9.659 -4.496 2.842 -9.65 -4.386 3.87 -8.781 -6.1
3 16 2.842 -9.65 -4.386 3.79 -8.707 -4.386 3.87 -8.781 -6.1
4 16 2.751 -9.801 -6.1 3.87 -8.781 -6.1 6.4 -10.067 -6.1 4.4 -11.7 -6.1
3 16 6.4 0.6 14.242 6.4 2.604 15.191 6.4 0.52 14.791
3 16 3.791 -7.377 -4.386 3.896 -6.662 -6.1 3.87 -8.781 -6.1
3 16 3.79 -8.707 -4.386 3.791 -7.377 -4.386 3.87 -8.781 -6.1
3 16 6.4 2.604 15.191 6.4 0.6 14.242 8.193 2.067 14.011
3 16 8.175 4.131 14.771 6.4 2.604 15.191 8.193 2.067 14.011
4 16 4.4 6.476 16.786 6.4 2.604 15.191 8.175 4.131 14.771 7.57 7.121 15.601
3 16 4.4 6.476 16.786 7.57 7.121 15.601 5.829 8.22 16.395
3 16 4.4 6.476 16.786 5.829 8.22 16.395 3.269 8.692 17.11
3 16 0 9.238 17.402 2.949 4.9 16.888 3.269 8.692 17.11
3 16 3.269 8.692 17.11 3.059 11.874 16.711 0 9.238 17.402
3 16 4.4 6.476 16.786 3.269 8.692 17.11 2.949 4.9 16.888
3 16 1.588 4.082 16.898 2.949 4.9 16.888 0 9.238 17.402
4 16 12.8 -3.714 3.818 12.786 -2.228 3.934 12.158 -2.055 6.161 12.094 -3.18 6.285
3 16 12.786 -2.228 3.934 12.8 -3.714 3.818 13.081 -2.217 2.172
3 16 12.8 -3.714 3.818 13.176 -3.97 1.07 13.081 -2.217 2.172
3 16 13.176 -3.97 1.07 13.223 -1.121 -0.018 13.081 -2.217 2.172
3 16 13.223 -1.121 -0.018 13.176 -3.97 1.07 13.222 -4 -0.018
3 16 12.158 -2.055 6.161 11.011 -1.728 8.637 12.094 -3.18 6.285
3 16 11.011 -1.728 8.637 10.93 -2.214 8.773 12.094 -3.18 6.285
3 16 11.011 -1.728 8.637 10.036 -1.515 10.072 10.93 -2.214 8.773
3 16 8.691 -4.313 8.64 7.96 -4.38 8.578 8.228 -5.631 5.696
3 16 9.764 -5.517 5.876 8.691 -4.313 8.64 8.228 -5.631 5.696
3 16 8.3655 -6.2305 2.9405 10.265 -6.042 3.741 8.228 -5.631 5.696
3 16 9.764 -5.517 5.876 8.228 -5.631 5.696 10.265 -6.042 3.741
4 16 10.616 -6.341 1.055 10.265 -6.042 3.741 8.3655 -6.2305 2.9405 8.33 -6.421 1.17
3 16 7.853 -3.322 10.127 7.96 -4.38 8.578 8.691 -4.313 8.64
4 16 10.66 -6.366 -0.018 10.616 -6.341 1.055 8.33 -6.421 1.17 8.255 -6.45 -0.018
4 16 13.222 -4 -0.018 13.176 -3.97 1.07 10.616 -6.341 1.055 10.66 -6.366 -0.018
3 16 6.4 -7.124 -2.058 8.255 -6.45 -0.018 6.4 -7.393 1.117
3 16 6.4 -7.393 1.117 8.255 -6.45 -0.018 8.33 -6.421 1.17
4 16 2.3411 2.241 -13.0532 4.7435 6.683 -12.3952 4.5833 7.243 -12.4442 2.54 8.485 -13.0155
3 16 13.043 2.241 -2.3901 13.094 23.298 -2.2146 12.5452 11.652 -4.2395
2 24 0 -11.7 -6.1 4.4 -11.7 -6.1
2 24 4.4 -11.7 -6.1 4.4 -11.7 2.572
2 24 4.4 -11.7 2.572 4.4 -11.378 4.486
2 24 4.4 0.348 16.308 4.4 2.969 16.768
2 24 4.4 -8.787 10.455 4.4 -6.882 12.536
2 24 4.4 -6.882 12.536 4.4 -4.567 14.261
2 24 4.4 -1.887 15.585 4.4 0.348 16.308
2 24 4.4 -4.567 14.261 4.4 -1.887 15.585
2 24 1.588 4.082 16.898 0 3.803 16.908
2 24 2.949 4.9 16.888 1.588 4.082 16.898
2 24 4.4 2.969 16.768 4.4 6.476 16.786
2 24 4.4 6.476 16.786 2.949 4.9 16.888
2 24 4.4 -10.5615 7.1415 4.4 -8.787 10.455
2 24 4.4 -11.378 4.486 4.4 -10.5615 7.1415
2 24 0 20.365 -18.475 2.66 20.292 -18.274
2 24 2.66 20.292 -18.274 2.9124 18.257 -12.9379
2 24 2.9124 18.257 -12.9379 0 18.372 -13.2613
2 24 0 25.184 -17.289 2.703 25.153 -17.036
2 24 2.703 25.153 -17.036 2.66 20.292 -18.274
2 24 2.49 8.485 -15.758 0 8.485 -15.942
2 24 0 8.485 -13.2654 2.54 8.485 -13.0155
2 24 4.493 7.243 -15.314 2.49 8.485 -15.758
2 24 2.54 8.485 -13.0155 4.5833 7.243 -12.4442
2 24 4.5833 7.243 -12.4442 4.7435 6.683 -12.3952
2 24 4.7435 6.683 -12.3952 4.658 6.683 -14.919
2 24 4.656 6.667 -15.227 4.493 7.243 -15.314
2 24 2.737 25.029 -16.047 2.703 25.153 -17.036
2 24 0 24.65 -13.2664 2.4952 24.621 -13.0318
2 24 4.105 24.987 -15.708 2.737 25.029 -16.047
2 24 2.4952 24.621 -13.0318 3.5448 24.59 -12.7788
2 24 3.5448 24.59 -12.7788 6.4215 24.455 -11.673
2 24 7.349 24.84 -14.529 4.105 25.02 -15.969
2 24 4.105 25.02 -15.969 4.105 24.987 -15.708
2 24 10.113 24.554 -12.234 7.349 24.84 -14.529
2 24 6.4215 24.455 -11.673 8.8545 24.245 -9.9541
2 24 12.442 24.102 -8.616 10.113 24.554 -12.234
2 24 8.8545 24.245 -9.9541 10.8885 23.961 -7.6334
2 24 10.8885 23.961 -7.6334 12.535 23.561 -4.3681
2 24 13.82 23.569 -4.339 12.442 24.102 -8.616
2 24 12.535 23.561 -4.3681 13.094 23.298 -2.2146
2 24 14.002 23.039 -0.092 13.82 23.569 -4.339
2 24 13.094 23.298 -2.2146 13.1756 22.848 1.4659
2 24 13.684 22.6 3.42 14.002 23.039 -0.092
2 24 13.1756 22.848 1.4659 12.4717 22.464 4.6017
2 24 12.606 22.254 6.402 13.684 22.6 3.42
2 24 10.525 21.826 9.624 12.606 22.254 6.402
2 24 12.4717 22.464 4.6017 9.9256 21.949 8.8167
2 24 8.448 21.584 11.566 10.525 21.826 9.624
2 24 9.9256 21.949 8.8167 7.0856 21.645 11.3007
2 24 5.475 21.367 13.302 8.448 21.584 11.566
2 24 7.0856 21.645 11.3007 4.0427 21.479 12.6594
2 24 2.708 21.267 14.105 5.475 21.367 13.302
2 24 4.0427 21.479 12.6594 0 21.406 13.2562
2 24 0 21.224 14.449 2.708 21.267 14.105
2 24 0 -7.844 -4.386 3.791 -7.377 -4.386
2 24 2.842 -9.65 -4.386 0 -9.874 -4.386
2 24 3.79 -8.707 -4.386 2.842 -9.65 -4.386
2 24 3.791 -7.377 -4.386 3.79 -8.707 -4.386
2 24 0 -1.5 11.164 3.7376 -1.5 10.5152
2 24 3.7376 -1.5 10.5152 6.5878 -1.5 8.4117
2 24 6.5878 -1.5 8.4117 8.7922 -1.5 5.8095
2 24 8.7922 -1.5 5.8095 10.3132 -1.5 1.6582
2 24 10.3132 -1.5 1.6582 10.1408 -1.5 -1.826
2 24 10.1408 -1.5 -1.826 9.1406 -1.5 -4.5915
2 24 9.1406 -1.5 -4.5915 8.3026 -1.5 -6.2471
2 24 8.3026 -1.5 -6.2471 6.8189 -1.5 -8.02
2 24 6.8189 -1.5 -8.02 4.2742 -1.5 -10.2673
2 24 4.2742 -1.5 -10.2673 2.7869 -1.5 -10.8273
2 24 2.7869 -1.5 -10.8273 0 -1.5 -11.0895
2 24 0 -9.874 -6.1 2.751 -9.801 -6.1
2 24 2.842 -9.65 -4.386 2.836 -9.659 -4.496
2 24 2.836 -9.659 -4.496 2.751 -9.801 -6.1
2 24 6.4 -0.923 13.334 6.4 -2.811 11.711
2 24 6.4 0.6 14.242 6.4 -0.923 13.334
2 24 10.036 -1.515 10.072 11.011 -1.728 8.637
2 24 11.011 -1.728 8.637 12.158 -2.055 6.161
2 24 12.158 -2.055 6.161 12.786 -2.228 3.934
2 24 12.786 -2.228 3.934 13.081 -2.217 2.172
2 24 13.081 -2.217 2.172 14.912 1.072 3.544
2 24 14.912 1.072 3.544 15.68 3.881 4.5545
2 24 15.68 3.881 4.5545 15.921 6.117 5.402
2 24 15.921 6.117 5.402 15.909 8.047 5.786
2 24 15.909 8.047 5.786 15.92 9.975 5.406
2 24 15.92 9.975 5.406 15.922 11.608 4.31
2 24 4.105 19.933 -17.288 4.105 25.02 -15.969
2 24 15.159 15.892 -6.187 13.347 17.431 -10.413
2 24 15.748 14.449 -2.219 15.159 15.892 -6.187
2 24 15.963 13.177 1.275 15.748 14.449 -2.219
2 24 15.964 12.699 2.694 15.963 13.177 1.275
2 24 15.922 11.608 4.31 15.964 12.699 2.694
2 24 2.694 20.196 -17.28 2.9124 18.523 -12.9379
2 24 2.9124 18.523 -12.9379 2.9124 18.257 -12.9379
2 24 2.737 25.029 -16.047 2.694 20.196 -17.28
2 24 2.9124 18.523 -12.9379 4.1875 18.396 -12.5829
2 24 6.293 17.81 -11.6842 8.3281 17.323 -10.3193
2 24 10.6101 12.724 -7.9721 12.0443 12.492 -5.5881
2 24 12.0443 12.492 -5.5881 12.283 12.454 -4.9985
2 24 12.283 12.454 -4.9985 12.4697 12.251 -4.5139
2 24 7.72 19.418 -15.874 10.582 18.683 -13.862
2 24 6.293 17.81 -11.6842 4.1875 18.13 -12.5829
2 24 4.1875 18.13 -12.5829 4.105 19.933 -17.288
2 24 4.105 19.933 -17.288 7.72 19.418 -15.874
2 24 10.582 18.683 -13.862 13.347 17.431 -10.413
2 24 12.393 17.221 -9.837 9.674 18.179 -12.469
2 24 14.118 15.807 -5.991 12.393 17.221 -9.837
2 24 14.755 14.419 -2.14 14.118 15.807 -5.991
2 24 14.8 13.144 1.365 14.755 14.419 -2.14
2 24 14.8 12.648 2.692 14.8 13.144 1.365
2 24 14.8 11.573 4.287 14.8 12.648 2.692
2 24 14.8 9.952 5.366 14.8 11.573 4.287
2 24 14.8 8.04 5.744 14.8 9.952 5.366
2 24 14.8 6.108 5.365 14.8 8.04 5.744
2 24 14.8 3.8815 4.508 14.8 6.108 5.365
2 24 14.413 1.173 3.569 14.8 3.8815 4.508
2 24 13.081 -2.217 2.172 14.413 1.173 3.569
2 24 11.405 -3.106 -2.763 11.032 -2.769 -4.714
2 24 11.032 -2.769 -4.714 10.421 -2.031 -7.079
2 24 13.598 7.065 -7.252 14.181 8.135 -5.665
2 24 12.596 6.683 -9.158 13.598 7.065 -7.252
2 24 10.677 6.683 -11.635 12.596 6.683 -9.158
2 24 8.638 6.683 -13.43 10.677 6.683 -11.635
2 24 7.476 3.641 -13.518 6.482 6.683 -14.579
2 24 6.482 6.683 -14.579 8.638 6.683 -13.43
2 24 8.425 1.375 -12.016 7.476 3.641 -13.518
2 24 9.418 -0.55 -9.874 8.425 1.375 -12.016
2 24 10.031 -1.476 -8.294 9.418 -0.55 -9.874
2 24 10.421 -2.031 -7.079 10.031 -1.476 -8.294
2 24 14.181 8.135 -5.665 14.446 9.733 -4.592
2 24 14.446 9.733 -4.592 14.505 11.641 -4.21
2 24 13.081 -2.217 2.172 13.223 -1.121 -0.018
2 24 13.223 -1.121 -0.018 11.782 -3.597 -0.018
2 24 11.782 -3.597 -0.018 11.405 -3.106 -2.763
2 24 4.656 6.667 -15.227 6.034 2.451 -13.781
2 24 6.034 2.451 -13.781 6.991 0.247 -12.256
2 24 6.991 0.247 -12.256 8.091 -1.791 -10.047
2 24 6.4 -5.785 -6.1 3.896 -6.662 -6.1
2 24 9.316 -3.486 -6.736 9.819 -4.134 -4.645
2 24 6.4 -6.58 -4.191 6.4 -5.785 -6.1
2 24 9.819 -4.134 -4.645 10.179 -4.527 -2.695
2 24 6.4 -7.124 -2.058 6.4 -6.58 -4.191
2 24 8.729 -2.714 -8.516 9.316 -3.486 -6.736
2 24 3.896 -6.662 -6.1 3.791 -7.377 -4.386
2 24 8.091 -1.791 -10.047 8.729 -2.714 -8.516
2 24 10.179 -4.527 -2.695 10.57 -4.859 -0.018
2 24 10.57 -4.859 -0.018 8.255 -6.45 -0.018
2 24 6.0431 6.683 -11.825 4.7435 6.683 -12.3952
2 24 8.2837 6.683 -10.3657 6.0431 6.683 -11.825
2 24 10.0388 6.683 -8.7382 8.2837 6.683 -10.3657
2 24 11.3527 7.281 -6.8541 10.0388 6.683 -8.7382
2 24 11.9913 8.115 -5.734 11.3527 7.281 -6.8541
2 24 12.4309 9.737 -4.6282 11.9913 8.115 -5.734
2 24 12.5452 11.652 -4.2395 12.4309 9.737 -4.6282
2 24 6.4 -7.2085 3.115 6.4 -7.393 1.117
2 24 8.33 -6.421 1.17 8.3655 -6.2305 2.9405
2 24 6.4 -6.5815 5.7505 6.4 -7.2085 3.115
2 24 8.3655 -6.2305 2.9405 8.228 -5.631 5.696
2 24 6.4 -5.656 7.939 6.4 -6.5815 5.7505
2 24 8.228 -5.631 5.696 7.96 -4.38 8.578
2 24 6.4 -4.537 9.711 6.4 -5.656 7.939
2 24 7.96 -4.38 8.578 7.853 -3.322 10.127
2 24 6.4 -2.811 11.711 6.4 -4.537 9.711
2 24 7.853 -3.322 10.127 10.036 -1.515 10.072
2 24 13.176 -3.97 1.07 12.8 -3.714 3.818
2 24 12.8 -3.714 3.818 12.094 -3.18 6.285
2 24 12.094 -3.18 6.285 10.93 -2.214 8.773
2 24 10.265 -6.042 3.741 10.616 -6.341 1.055
2 24 9.764 -5.517 5.876 10.265 -6.042 3.741
2 24 8.691 -4.313 8.64 9.764 -5.517 5.876
2 24 10.93 -2.214 8.773 10.036 -1.515 10.072
2 24 7.853 -3.322 10.127 8.691 -4.313 8.64
2 24 10.04 -4.313 -2.573 10.362 -4.652 -0.018
2 24 10.362 -4.652 -0.018 10.57 -4.859 -0.018
2 24 9.701 -3.936 -4.48 10.04 -4.313 -2.573
2 24 9.195 -3.321 -6.518 9.701 -3.936 -4.48
2 24 8.62 -2.542 -8.317 9.195 -3.321 -6.518
2 24 8.003 -1.594 -9.908 8.62 -2.542 -8.317
2 24 7.034 0.189 -11.859 8.003 -1.594 -9.908
2 24 6.003 2.582 -13.534 7.034 0.189 -11.859
2 24 4.658 6.683 -14.919 6.003 2.582 -13.534
2 24 11.562 -3.376 -0.018 11.178 -2.965 -2.796
2 24 11.782 -3.597 -0.018 11.562 -3.376 -0.018
2 24 11.178 -2.965 -2.796 10.863 -2.601 -4.554
2 24 10.863 -2.601 -4.554 10.275 -1.875 -6.883
2 24 10.275 -1.875 -6.883 9.858 -1.309 -8.156
2 24 9.858 -1.309 -8.156 9.307 -0.415 -9.642
2 24 9.307 -0.415 -9.642 8.339 1.485 -11.767
2 24 8.339 1.485 -11.767 7.422 3.716 -13.247
2 24 7.422 3.716 -13.247 6.479 6.683 -14.262
2 24 6.479 6.683 -14.262 6.482 6.683 -14.579
2 24 11.562 -3.376 -0.018 10.362 -4.652 -0.018
2 24 4.658 6.683 -14.919 6.479 6.683 -14.262
2 24 6.4 0.52 14.791 6.4 -1.64 14.068
2 24 6.4 -1.64 14.068 6.4 -3.95 12.907
2 24 6.4 -3.95 12.907 6.4 -6.208 11.134
2 24 6.4 -6.208 11.134 6.4 -7.828 9.173
2 24 6.4 -7.828 9.173 6.4 -9.2 6.5635
2 24 6.4 -9.2 6.5635 6.4 -9.875 4.228
2 24 6.4 -9.875 4.228 6.4 -10.067 2.563
2 24 6.4 -10.067 2.563 6.4 -10.067 -6.1
2 24 6.4 -7.124 -2.058 6.4 -7.393 1.117
2 24 6.4 -10.067 -6.1 6.4 -5.785 -6.1
2 24 13.223 -1.121 -0.018 13.222 -4 -0.018
2 24 13.222 -4 -0.018 10.66 -6.366 -0.018
2 24 10.66 -6.366 -0.018 8.255 -6.45 -0.018
2 24 3.87 -8.781 -6.1 3.896 -6.662 -6.1
2 24 14.118 15.807 -5.991 14.335 14.08 -4.732
2 24 14.143 14.062 -4.728 14.118 15.807 -5.991
2 24 14.206 12.291 -4.447 14.143 14.062 -4.728
2 24 14.335 14.08 -4.732 14.505 11.641 -4.21
2 24 10.6101 12.724 -7.9721 8.8861 13.002 -9.844
2 24 8.8861 13.002 -9.844 9.966 12.955 -11.39
2 24 9.966 12.955 -11.39 11.993 12.679 -9.19
2 24 11.993 12.679 -9.19 13.742 12.536 -6.116
2 24 13.742 12.536 -6.116 14.09 12.482 -4.896
2 24 14.09 12.482 -4.896 14.206 12.291 -4.447
2 24 14.206 12.291 -4.447 12.4697 12.251 -4.5139
2 24 4.105 20.087 -16.98 4.1875 18.396 -12.5829
2 24 2.694 20.196 -17.28 4.105 20.087 -16.98
2 24 4.1875 18.13 -12.5829 4.1875 18.396 -12.5829
2 24 4.105 20.087 -16.98 4.105 24.987 -15.708
2 24 12.5452 11.652 -4.2395 12.4697 12.251 -4.5139
2 24 8.3281 17.323 -10.3193 9.674 18.179 -12.469
2 24 9.674 18.179 -12.469 9.966 12.955 -11.39
2 24 8.8861 13.002 -9.844 8.3281 17.323 -10.3193
2 24 4.4 -11.7 -6.1 6.4 -10.067 -6.1
2 24 6.4 0.52 14.791 6.4 2.604 15.191
2 24 6.4 2.604 15.191 4.4 6.476 16.786
2 24 3.87 -8.781 -6.1 2.751 -9.801 -6.1
2 24 3.79 -8.707 -4.386 3.87 -8.781 -6.1
2 24 6.4 0.6 14.242 6.4 2.604 15.191
2 24 13.176 -3.97 1.07 13.222 -4 -0.018
2 24 8.33 -6.421 1.17 8.255 -6.45 -0.018
2 24 10.66 -6.366 -0.018 10.616 -6.341 1.055
4 16 1.4142 -7.7 -1.4142 2 -7.7 -1.4142 3.0405 -7.7 -1.4405 1.4142 -7.7 -2
3 16 0 -7.7 -2 1.4142 -7.7 -2 0 -7.7 -2.7
3 16 1.4142 -7.7 -2 3.0405 -7.7 -1.4405 0 -7.7 -2.7
3 16 0 -7.7 5.9 2 -7.7 2 0 -7.7 2
3 16 0 -7.7 5.9 4.3 -7.7 1.6 2 -7.7 2
4 16 4.3 -7.7 1.6 3.0405 -7.7 -1.4405 2 -7.7 -1.4142 2 -7.7 2
4 16 5.5432 -5 2.2961 5.5433 -5 -2.2961 4.3 -5 -2.7 4.3 -5 5.9
3 16 5.5433 -5 -2.2961 0 -5 -6 4.3 -5 -2.7
3 16 0 -5 -6 0 -5 -2.7 4.3 -5 -2.7
5 24 8.193 2.067 14.011 6.4 2.604 15.191 6.4 0.6 14.242 8.175 4.131 14.771
5 24 8.33 -6.421 1.17 6.4 -7.393 1.117 8.255 -6.45 -0.018 8.3655 -6.2305 2.9405
5 24 0 -4.702 -10.033 3.208 -2.938 -11.408 0 -3.347 -11.4 3.328 -4.591 -9.642
5 24 15.909 8.047 5.786 14.8 8.04 5.744 15.921 6.117 5.402 14.8 9.952 5.366
5 24 13.043 2.241 -2.3901 12.5452 11.652 -4.2395 12.4309 9.737 -4.6282 13.094 23.298 -2.2146
5 24 6.08 -4.996 -7.717 5.307 -4.397 -9.039 8.729 -2.714 -8.516 3.896 -6.662 -6.1
5 24 9.266 3.753 -12.353 7.476 3.641 -13.518 8.638 6.683 -13.43 8.425 1.375 -12.016
5 24 14.446 9.733 -4.592 14.8 8.1 -1.3 14.37 6.579 -4.73 14.505 11.641 -4.21
5 24 8.091 -1.791 -10.047 5.214 -2.647 -10.966 6.991 0.247 -12.256 5.307 -4.397 -9.039
5 24 10.9079 2.241 7.5406 9.9256 21.949 8.8167 8.0343 2.241 10.3683 12.4717 22.464 4.6017
5 24 4.567 2.241 12.3595 4.2028 0.166 11.6414 8.0343 2.241 10.3683 0 2.241 13.2511
5 24 13.094 23.298 -2.2146 13.043 2.241 -2.3901 13.1756 22.848 1.4659 12.5452 11.652 -4.2395
5 24 3.328 -4.591 -9.642 3.896 -6.662 -6.1 0 -6.851 -6.79 5.307 -4.397 -9.039
5 24 8.4362 2.241 -10.1847 10.1592 2.241 -8.524 10.0388 6.683 -8.7382 7.8793 0.166 -9.1671
5 24 13.0715 -0.0775 -3.4185 11.032 -2.769 -4.714 12.263 1.2535 -7.1735 11.405 -3.106 -2.763
5 24 12.263 1.2535 -7.1735 12.668 4.291 -8.398 11.006 1.784 -9.654 13.8255 3.616 -5.2335
5 24 14.453 5.2205 -3.6855 14.37 6.579 -4.73 13.8255 3.616 -5.2335 14.8 6.1 -1.3
5 24 5.214 -2.647 -10.966 3.208 -2.938 -11.408 3.328 -4.591 -9.642 4.849 -0.641 -12.659
5 24 3.791 -7.377 -4.386 3.87 -8.781 -6.1 3.896 -6.662 -6.1 3.79 -8.707 -4.386
5 24 4.4 -11.7 2.572 6.4 -10.067 2.563 4.4 -11.7 -6.1 6.4 -9.875 4.228
5 24 9.875 7.971 14.213 9.735 11.381 13.901 12.603 8.357 11.695 7.57 7.121 15.601
5 24 3.329 6.277 -15.515 2.379 6.049 -15.654 2.49 8.485 -15.758 4.164 1.866 -14.193
5 24 14.505 11.641 -4.21 14.206 12.291 -4.447 12.5452 11.652 -4.2395 14.335 14.08 -4.732
5 24 2.7869 -1.5 -10.8273 3.1072 0.166 -11.9403 4.2742 -1.5 -10.2673 0 0.166 -12.3085
5 24 8.3026 -1.5 -6.2471 10.6993 0.166 -5.2902 9.5267 0.166 -7.4243 9.1406 -1.5 -4.5915
5 24 6.4215 24.455 -11.673 4.1875 18.396 -12.5829 3.5448 24.59 -12.7788 6.293 17.81 -11.6842
5 24 11.7276 2.241 -6.1242 10.6993 0.166 -5.2902 13.043 2.241 -2.3901 9.5267 0.166 -7.4243
5 24 9.966 12.955 -11.39 12.393 17.221 -9.837 9.674 18.179 -12.469 11.993 12.679 -9.19
5 24 10.8885 23.961 -7.6334 10.6101 12.724 -7.9721 12.0443 12.492 -5.5881 8.8545 24.245 -9.9541
5 24 14.8 6.108 5.365 15.68 3.881 4.5545 15.921 6.117 5.402 14.8 3.8815 4.508
5 24 2.3411 2.241 -13.0532 3.1072 0.166 -11.9403 0 0.166 -12.3085 4.3701 2.241 -12.5176
5 24 8.7922 -1.5 5.8095 9.9103 0.166 6.8255 6.5878 -1.5 8.4117 10.3132 -1.5 1.6582
5 24 10.677 6.683 -11.635 9.266 3.753 -12.353 11.024 3.716 -10.576 8.638 6.683 -13.43
5 24 6.293 17.81 -11.6842 6.4215 24.455 -11.673 8.8545 24.245 -9.9541 4.1875 18.396 -12.5829
5 24 10.093 2.734 12.94 8.175 4.131 14.771 10.097 5.083 13.711 8.193 2.067 14.011
5 24 2.836 -9.659 -4.496 3.87 -8.781 -6.1 2.751 -9.801 -6.1 2.842 -9.65 -4.386
5 24 13.0715 -0.0775 -3.4185 13.8255 3.616 -5.2335 12.263 1.2535 -7.1735 14.046 2.033 -2.431
5 24 9.195 -3.321 -6.518 10.275 -1.875 -6.883 10.863 -2.601 -4.554 8.62 -2.542 -8.317
5 24 14.206 12.291 -4.447 14.118 15.807 -5.991 14.143 14.062 -4.728 14.09 12.482 -4.896
5 24 14.8 8.1 -1.3 14.37 6.579 -4.73 14.446 9.733 -4.592 14.8 6.1 -1.3
5 24 10.036 -1.515 10.072 12.162 -0.195 8.68 10.019 0.774 11.951 11.011 -1.728 8.637
5 24 13.684 22.6 3.42 15.964 12.699 2.694 15.922 11.608 4.31 14.002 23.039 -0.092
5 24 10.1408 -1.5 -1.826 10.6993 0.166 -5.2902 11.7383 0.166 -2.0769 9.1406 -1.5 -4.5915
5 24 8.691 -4.313 8.64 7.96 -4.38 8.578 8.228 -5.631 5.696 7.853 -3.322 10.127
5 24 4.4 0.348 16.308 0 1.864 16.696 4.4 2.969 16.768 0 -0.044 16.282
5 24 13.684 22.6 3.42 12.4717 22.464 4.6017 14.002 23.039 -0.092 12.606 22.254 6.402
5 24 8.2837 6.683 -10.3657 8.4362 2.241 -10.1847 6.0431 6.683 -11.825 10.0388 6.683 -8.7382
5 24 14.912 1.072 3.544 14.413 1.173 3.569 13.081 -2.217 2.172 14.8 3.8815 4.508
5 24 10.6101 12.724 -7.9721 11.993 12.679 -9.19 8.8861 13.002 -9.844 12.0443 12.492 -5.5881
5 24 8.339 1.485 -11.767 8.425 1.375 -12.016 9.418 -0.55 -9.874 7.422 3.716 -13.247
5 24 12.283 12.454 -4.9985 13.742 12.536 -6.116 12.0443 12.492 -5.5881 14.09 12.482 -4.896
5 24 0 -0.044 16.282 4.4 -1.887 15.585 0 -2.384 15.466 4.4 0.348 16.308
5 24 14.8 10.1 0.7 14.8 10.1 -1.3 14.8 9.9478 -0.0654 14.722 12.279 -2.509
5 24 9.266 3.753 -12.353 8.425 1.375 -12.016 7.476 3.641 -13.518 9.8 2.4 -11.336
5 24 14.2405 1.3805 0.9725 14.046 2.033 -2.431 14.5415 3.8545 -1.539 13.223 -1.121 -0.018
5 24 14.002 23.039 -0.092 13.094 23.298 -2.2146 13.82 23.569 -4.339 13.1756 22.848 1.4659
5 24 13.176 -3.97 1.07 13.223 -1.121 -0.018 13.081 -2.217 2.172 13.222 -4 -0.018
5 24 0 -9.874 -6.1 2.836 -9.659 -4.496 2.751 -9.801 -6.1 0 -9.874 -4.386
5 24 9.735 11.381 13.901 6.006 11.567 15.924 8.448 21.584 11.566 5.829 8.22 16.395
5 24 14.675 3.5865 1.5045 14.413 1.173 3.569 14.2405 1.3805 0.9725 14.8 3.8815 4.508
5 24 4.4 -11.7 2.572 0 -11.46 4.462 4.4 -11.378 4.486 2 -11.7 2
5 24 4.4 -11.378 4.486 0 -11.46 4.462 4.4 -11.7 2.572 4.4 -10.5615 7.1415
5 24 12.393 17.221 -9.837 11.993 12.679 -9.19 13.742 12.536 -6.116 9.966 12.955 -11.39
5 24 3.269 8.692 17.11 2.949 4.9 16.888 0 9.238 17.402 4.4 6.476 16.786
5 24 14.675 3.5865 1.5045 14.2405 1.3805 0.9725 14.413 1.173 3.569 14.5415 3.8545 -1.539
5 24 14.5415 3.8545 -1.539 14.8 6.1 -1.3 14.675 3.5865 1.5045 14.453 5.2205 -3.6855
5 24 2.379 6.049 -15.654 4.164 1.866 -14.193 3.329 6.277 -15.515 2.734 1.506 -14.365
5 24 9.9103 0.166 6.8255 7.2774 0.166 9.5828 6.5878 -1.5 8.4117 8.0343 2.241 10.3683
5 24 6.4 -6.208 11.134 4.4 -6.882 12.536 4.4 -8.787 10.455 6.4 -3.95 12.907
5 24 13.742 12.536 -6.116 12.0443 12.492 -5.5881 11.993 12.679 -9.19 12.283 12.454 -4.9985
5 24 6.08 -4.996 -7.717 8.729 -2.714 -8.516 9.316 -3.486 -6.736 5.307 -4.397 -9.039
5 24 11.405 -3.106 -2.763 11.562 -3.376 -0.018 11.782 -3.597 -0.018 11.178 -2.965 -2.796
5 24 14.37 6.579 -4.73 14.181 8.135 -5.665 14.446 9.733 -4.592 13.723 5.294 -6.495
5 24 4.3701 2.241 -12.5176 4.7435 6.683 -12.3952 2.3411 2.241 -13.0532 5.9696 2.241 -11.827
5 24 3.896 -6.662 -6.1 0 -6.851 -6.79 3.791 -7.377 -4.386 3.328 -4.591 -9.642
5 24 4.105 24.987 -15.708 7.349 24.84 -14.529 3.5448 24.59 -12.7788 4.105 25.02 -15.969
5 24 14.002 23.039 -0.092 15.748 14.449 -2.219 15.963 13.177 1.275 13.82 23.569 -4.339
5 24 13.223 -1.121 -0.018 11.405 -3.106 -2.763 13.0715 -0.0775 -3.4185 11.782 -3.597 -0.018
5 24 8.62 -2.542 -8.317 9.858 -1.309 -8.156 8.003 -1.594 -9.908 10.275 -1.875 -6.883
5 24 6.479 6.683 -14.262 7.476 3.641 -13.518 7.422 3.716 -13.247 6.482 6.683 -14.579
5 24 14.09 12.482 -4.896 12.283 12.454 -4.9985 13.742 12.536 -6.116 14.206 12.291 -4.447
5 24 6.4 -9.875 4.228 4.4 -11.7 2.572 6.4 -10.067 2.563 4.4 -11.378 4.486
5 24 3.329 6.277 -15.515 4.493 7.243 -15.314 2.49 8.485 -15.758 4.656 6.667 -15.227
5 24 8.3281 17.323 -10.3193 8.8545 24.245 -9.9541 6.293 17.81 -11.6842 8.8861 13.002 -9.844
5 24 13.223 -1.121 -0.018 14.046 2.033 -2.431 13.0715 -0.0775 -3.4185 14.2405 1.3805 0.9725
5 24 11.7276 2.241 -6.1242 9.5267 0.166 -7.4243 10.6993 0.166 -5.2902 10.1592 2.241 -8.524
5 24 10.04 -4.313 -2.573 10.57 -4.859 -0.018 10.362 -4.652 -0.018 10.179 -4.527 -2.695
5 24 9.9103 0.166 6.8255 10.9079 2.241 7.5406 8.0343 2.241 10.3683 12.9624 2.241 2.7941
5 24 4.3701 2.241 -12.5176 3.1072 0.166 -11.9403 4.7496 0.166 -11.3248 2.3411 2.241 -13.0532
5 24 3.7376 -1.5 10.5152 4.2028 0.166 11.6414 0 -1.5 11.164 7.2774 0.166 9.5828
5 24 4.0427 21.479 12.6594 0 2.241 13.2511 0 21.406 13.2562 4.567 2.241 12.3595
5 24 8.0343 2.241 10.3683 4.567 2.241 12.3595 4.2028 0.166 11.6414 7.0856 21.645 11.3007
5 24 12.668 4.291 -8.398 11.024 3.716 -10.576 11.006 1.784 -9.654 12.596 6.683 -9.158
5 24 14.505 11.641 -4.21 14.722 12.279 -2.509 14.335 14.08 -4.732 14.8 10.1 -1.3
5 24 2.734 1.506 -14.365 2.799 -1.088 -12.943 0 -1.295 -13.088 4.164 1.866 -14.193
5 24 14.722 12.279 -2.509 14.8 10.1 0.7 14.8 10.1 -1.3 14.8 13.144 1.365
5 24 13.684 22.6 3.42 15.922 11.608 4.31 15.964 12.699 2.694 12.606 22.254 6.402
5 24 14.8 3.8815 4.508 14.675 3.5865 1.5045 14.8 6.1 0.7 14.413 1.173 3.569
5 24 14.8 3.8815 4.508 14.8 6.1 0.7 14.675 3.5865 1.5045 14.8 6.1 2.7
5 24 2.836 -9.659 -4.496 0 -9.874 -4.386 2.842 -9.65 -4.386 0 -9.874 -6.1
5 24 14.426 3.87 8.044 12.162 -0.195 8.68 12.677 3.512 10.625 13.572 0.083 6.337
5 24 11.9913 8.115 -5.734 14.181 8.135 -5.665 12.4309 9.737 -4.6282 11.3527 7.281 -6.8541
5 24 4.658 6.683 -14.919 4.656 6.667 -15.227 4.493 7.243 -15.314 6.034 2.451 -13.781
5 24 6.003 2.582 -13.534 6.034 2.451 -13.781 6.991 0.247 -12.256 4.658 6.683 -14.919
5 24 2.799 -1.088 -12.943 0 -1.295 -13.088 3.208 -2.938 -11.408 2.734 1.506 -14.365
5 24 13.043 2.241 -2.3901 12.9624 2.241 2.7941 11.7383 0.166 -2.0769 13.1756 22.848 1.4659
5 24 12.263 1.2535 -7.1735 13.0715 -0.0775 -3.4185 11.032 -2.769 -4.714 13.8255 3.616 -5.2335
5 24 7.422 3.716 -13.247 6.003 2.582 -13.534 8.339 1.485 -11.767 6.479 6.683 -14.262
5 24 14.453 5.2205 -3.6855 14.5415 3.8545 -1.539 14.046 2.033 -2.431 14.8 6.1 -1.3
5 24 9.1406 -1.5 -4.5915 10.6993 0.166 -5.2902 8.3026 -1.5 -6.2471 10.1408 -1.5 -1.826
5 24 8.729 -2.714 -8.516 8.62 -2.542 -8.317 9.316 -3.486 -6.736 8.003 -1.594 -9.908
5 24 12.0443 12.492 -5.5881 10.8885 23.961 -7.6334 12.535 23.561 -4.3681 10.6101 12.724 -7.9721
5 24 4.2742 -1.5 -10.2673 7.8793 0.166 -9.1671 6.8189 -1.5 -8.02 4.7496 0.166 -11.3248
5 24 7.8793 0.166 -9.1671 8.4362 2.241 -10.1847 10.1592 2.241 -8.524 4.7496 0.166 -11.3248
5 24 12.606 22.254 6.402 14.609 10.7685 8.3085 10.525 21.826 9.624 15.922 11.608 4.31
5 24 2.54 8.485 -13.0155 2.3411 2.241 -13.0532 0 8.485 -13.2654 4.7435 6.683 -12.3952
5 24 4.105 24.987 -15.708 3.5448 24.59 -12.7788 6.4215 24.455 -11.673 2.737 25.029 -16.047
5 24 10.582 18.683 -13.862 7.349 24.84 -14.529 7.72 19.418 -15.874 10.113 24.554 -12.234
5 24 13.223 -1.121 -0.018 13.0715 -0.0775 -3.4185 14.046 2.033 -2.431 11.405 -3.106 -2.763
5 24 14.046 2.033 -2.431 13.8255 3.616 -5.2335 13.0715 -0.0775 -3.4185 14.453 5.2205 -3.6855
5 24 14.413 1.173 3.569 14.2405 1.3805 0.9725 14.675 3.5865 1.5045 13.081 -2.217 2.172
5 24 9.9256 21.949 8.8167 8.0343 2.241 10.3683 7.0856 21.645 11.3007 10.9079 2.241 7.5406
5 24 4.4 -6.882 12.536 6.4 -3.95 12.907 6.4 -6.208 11.134 4.4 -4.567 14.261
5 24 15.922 11.608 4.31 14.609 10.7685 8.3085 15.92 9.975 5.406 13.684 22.6 3.42
5 24 4.4 -1.887 15.585 0 -2.384 15.466 0 -0.044 16.282 4.4 -4.567 14.261
5 24 3.328 -4.591 -9.642 0 -6.851 -6.79 3.896 -6.662 -6.1 0 -4.702 -10.033
5 24 14.453 5.2205 -3.6855 14.8 6.1 -1.3 14.37 6.579 -4.73 14.5415 3.8545 -1.539
5 24 2.49 8.485 -15.758 3.329 6.277 -15.515 4.493 7.243 -15.314 2.379 6.049 -15.654
5 24 0 0.166 -12.3085 2.7869 -1.5 -10.8273 3.1072 0.166 -11.9403 0 -1.5 -11.0895
5 24 10.9079 2.241 7.5406 12.4717 22.464 4.6017 12.9624 2.241 2.7941 9.9256 21.949 8.8167
5 24 12.162 -0.195 8.68 13.572 0.083 6.337 14.426 3.87 8.044 12.158 -2.055 6.161
5 24 12.283 12.454 -4.9985 12.535 23.561 -4.3681 12.0443 12.492 -5.5881 12.4697 12.251 -4.5139
5 24 7.2774 0.166 9.5828 3.7376 -1.5 10.5152 6.5878 -1.5 8.4117 4.2028 0.166 11.6414
5 24 6.4 -6.208 11.134 4.4 -8.787 10.455 4.4 -6.882 12.536 6.4 -7.828 9.173
5 24 11.7276 2.241 -6.1242 11.9913 8.115 -5.734 13.043 2.241 -2.3901 11.3527 7.281 -6.8541
5 24 5.307 -4.397 -9.039 3.328 -4.591 -9.642 5.214 -2.647 -10.966 6.08 -4.996 -7.717
5 24 3.059 11.874 16.711 2.708 21.267 14.105 0 12.015 16.968 6.006 11.567 15.924
5 24 5.829 8.22 16.395 4.4 6.476 16.786 3.269 8.692 17.11 7.57 7.121 15.601
5 24 7.2774 0.166 9.5828 4.2028 0.166 11.6414 3.7376 -1.5 10.5152 8.0343 2.241 10.3683
5 24 10.421 -2.031 -7.079 12.263 1.2535 -7.1735 11.032 -2.769 -4.714 10.031 -1.476 -8.294
5 24 5.475 21.367 13.302 6.006 11.567 15.924 2.708 21.267 14.105 9.735 11.381 13.901
5 24 7.0856 21.645 11.3007 8.0343 2.241 10.3683 9.9256 21.949 8.8167 4.567 2.241 12.3595
5 24 0 1.864 16.696 1.588 4.082 16.898 4.4 2.969 16.768 0 3.803 16.908
5 24 14.807 8.171 8.413 12.677 3.512 10.625 12.603 8.357 11.695 14.426 3.87 8.044
5 24 14.8 13.144 1.365 14.722 12.279 -2.509 14.755 14.419 -2.14 14.8 10.1 0.7
5 24 7.0856 21.645 11.3007 4.567 2.241 12.3595 4.0427 21.479 12.6594 8.0343 2.241 10.3683
5 24 9.195 -3.321 -6.518 9.316 -3.486 -6.736 9.819 -4.134 -4.645 8.62 -2.542 -8.317
5 24 9.764 -5.517 5.876 12.094 -3.18 6.285 10.265 -6.042 3.741 8.691 -4.313 8.64
5 24 4.2028 0.166 11.6414 0 2.241 13.2511 0 0.166 12.3891 4.567 2.241 12.3595
5 24 14.807 8.171 8.413 12.603 8.357 11.695 12.677 3.512 10.625 14.609 10.7685 8.3085
5 24 10.1592 2.241 -8.524 9.5267 0.166 -7.4243 11.7276 2.241 -6.1242 7.8793 0.166 -9.1671
5 24 10.04 -4.313 -2.573 11.562 -3.376 -0.018 11.178 -2.965 -2.796 10.362 -4.652 -0.018
5 24 9.9256 21.949 8.8167 10.525 21.826 9.624 12.4717 22.464 4.6017 7.0856 21.645 11.3007
5 24 4.1875 18.396 -12.5829 3.5448 24.59 -12.7788 2.9124 18.523 -12.9379 6.4215 24.455 -11.673
5 24 14.8 8.1 -1.3 14.8 6.1 -1.3 14.8 7.3346 -1.1478 14.37 6.579 -4.73
5 24 13.723 5.294 -6.495 13.8255 3.616 -5.2335 14.37 6.579 -4.73 12.668 4.291 -8.398
5 24 11.006 1.784 -9.654 11.024 3.716 -10.576 9.8 2.4 -11.336 12.668 4.291 -8.398
5 24 12.9624 2.241 2.7941 10.9079 2.241 7.5406 9.9103 0.166 6.8255 12.4717 22.464 4.6017
5 24 14.335 14.08 -4.732 14.143 14.062 -4.728 14.118 15.807 -5.991 14.206 12.291 -4.447
5 24 2.66 20.292 -18.274 2.694 20.196 -17.28 2.9124 18.257 -12.9379 2.703 25.153 -17.036
5 24 12.263 1.2535 -7.1735 11.006 1.784 -9.654 12.668 4.291 -8.398 10.031 -1.476 -8.294
5 24 2.379 6.049 -15.654 2.49 8.485 -15.758 0 6.001 -15.82 3.329 6.277 -15.515
5 24 12.4717 22.464 4.6017 10.525 21.826 9.624 12.606 22.254 6.402 9.9256 21.949 8.8167
5 24 10.097 5.083 13.711 12.677 3.512 10.625 10.093 2.734 12.94 12.603 8.357 11.695
5 24 6.991 0.247 -12.256 6.003 2.582 -13.534 6.034 2.451 -13.781 7.034 0.189 -11.859
5 24 14.206 12.291 -4.447 14.335 14.08 -4.732 14.143 14.062 -4.728 14.505 11.641 -4.21
5 24 7.422 3.716 -13.247 8.425 1.375 -12.016 7.476 3.641 -13.518 8.339 1.485 -11.767
5 24 12.094 -3.18 6.285 8.691 -4.313 8.64 10.93 -2.214 8.773 9.764 -5.517 5.876
5 24 4.0427 21.479 12.6594 5.475 21.367 13.302 0 21.406 13.2562 8.448 21.584 11.566
5 24 6.006 11.567 15.924 3.059 11.874 16.711 5.475 21.367 13.302 3.269 8.692 17.11
5 24 14.8 10.1 -1.3 14.505 11.641 -4.21 14.8 8.1 -1.3 14.722 12.279 -2.509
5 24 14.118 15.807 -5.991 14.09 12.482 -4.896 13.742 12.536 -6.116 14.206 12.291 -4.447
5 24 4.4 0.348 16.308 6.4 2.604 15.191 6.4 0.52 14.791 4.4 2.969 16.768
5 24 15.68 3.881 4.5545 14.426 3.87 8.044 13.572 0.083 6.337 15.921 6.117 5.402
5 24 6.4 -6.5815 5.7505 8.228 -5.631 5.696 6.4 -7.2085 3.115 6.4 -5.656 7.939
5 24 7.57 7.121 15.601 9.875 7.971 14.213 10.097 5.083 13.711 9.735 11.381 13.901
5 24 15.92 9.975 5.406 14.609 10.7685 8.3085 14.807 8.171 8.413 15.922 11.608 4.31
5 24 2.3411 2.241 -13.0532 0 2.241 -13.2603 2.54 8.485 -13.0155 0 0.166 -12.3085
5 24 11.7383 0.166 -2.0769 11.7148 0.166 1.4628 12.9624 2.241 2.7941 10.3132 -1.5 1.6582
5 24 14.453 5.2205 -3.6855 14.046 2.033 -2.431 14.5415 3.8545 -1.539 13.8255 3.616 -5.2335
5 24 4.3701 2.241 -12.5176 2.3411 2.241 -13.0532 3.1072 0.166 -11.9403 4.7435 6.683 -12.3952
5 24 10.582 18.683 -13.862 9.674 18.179 -12.469 13.347 17.431 -10.413 8.3281 17.323 -10.3193
5 24 8.193 2.067 14.011 6.4 0.6 14.242 6.4 2.604 15.191 8.348 -0.057 12.724
5 24 8.175 4.131 14.771 8.193 2.067 14.011 6.4 2.604 15.191 10.093 2.734 12.94
5 24 9.5267 0.166 -7.4243 10.6993 0.166 -5.2902 8.3026 -1.5 -6.2471 11.7276 2.241 -6.1242
5 24 14.8 11.573 4.287 15.922 11.608 4.31 14.8 12.648 2.692 15.92 9.975 5.406
5 24 8.003 -1.594 -9.908 8.091 -1.791 -10.047 8.729 -2.714 -8.516 7.034 0.189 -11.859
5 24 12.263 1.2535 -7.1735 10.031 -1.476 -8.294 11.006 1.784 -9.654 10.421 -2.031 -7.079
5 24 3.269 8.692 17.11 6.006 11.567 15.924 5.829 8.22 16.395 3.059 11.874 16.711
5 24 8.348 -0.057 12.724 10.019 0.774 11.951 8.193 2.067 14.011 10.036 -1.515 10.072
5 24 12.263 1.2535 -7.1735 13.8255 3.616 -5.2335 13.0715 -0.0775 -3.4185 12.668 4.291 -8.398
5 24 7.034 0.189 -11.859 9.307 -0.415 -9.642 8.003 -1.594 -9.908 8.339 1.485 -11.767
5 24 12.094 -3.18 6.285 11.011 -1.728 8.637 10.93 -2.214 8.773 12.158 -2.055 6.161
5 24 0 2.241 13.2511 4.567 2.241 12.3595 4.0427 21.479 12.6594 4.2028 0.166 11.6414
5 24 7.349 24.84 -14.529 7.72 19.418 -15.874 4.105 25.02 -15.969 10.582 18.683 -13.862
5 24 12.5452 11.652 -4.2395 13.094 23.298 -2.2146 12.4697 12.251 -4.5139 13.043 2.241 -2.3901
5 24 6.003 2.582 -13.534 8.339 1.485 -11.767 7.034 0.189 -11.859 7.422 3.716 -13.247
5 24 8.193 2.067 14.011 10.019 0.774 11.951 10.093 2.734 12.94 8.348 -0.057 12.724
5 24 13.598 7.065 -7.252 11.3527 7.281 -6.8541 14.181 8.135 -5.665 10.0388 6.683 -8.7382
5 24 3.208 -2.938 -11.408 2.799 -1.088 -12.943 0 -3.347 -11.4 4.849 -0.641 -12.659
5 24 6.8189 -1.5 -8.02 9.5267 0.166 -7.4243 7.8793 0.166 -9.1671 8.3026 -1.5 -6.2471
5 24 10.1408 -1.5 -1.826 11.7383 0.166 -2.0769 10.6993 0.166 -5.2902 10.3132 -1.5 1.6582
5 24 9.316 -3.486 -6.736 8.62 -2.542 -8.317 8.729 -2.714 -8.516 9.195 -3.321 -6.518
5 24 0 -0.044 16.282 4.4 0.348 16.308 4.4 -1.887 15.585 0 1.864 16.696
5 24 7.96 -4.38 8.578 6.4 -5.656 7.939 6.4 -4.537 9.711 8.228 -5.631 5.696
5 24 6.991 0.247 -12.256 7.034 0.189 -11.859 8.091 -1.791 -10.047 6.003 2.582 -13.534
5 24 3.328 -4.591 -9.642 0 -4.702 -10.033 3.208 -2.938 -11.408 0 -6.851 -6.79
5 24 4.4 6.476 16.786 7.57 7.121 15.601 6.4 2.604 15.191 5.829 8.22 16.395
5 24 15.964 12.699 2.694 14.002 23.039 -0.092 15.963 13.177 1.275 13.684 22.6 3.42
5 24 14.722 12.279 -2.509 14.335 14.08 -4.732 14.505 11.641 -4.21 14.755 14.419 -2.14
5 24 12.596 6.683 -9.158 10.0388 6.683 -8.7382 13.598 7.065 -7.252 10.677 6.683 -11.635
5 24 10.265 -6.042 3.741 8.228 -5.631 5.696 8.3655 -6.2305 2.9405 9.764 -5.517 5.876
5 24 10.6101 12.724 -7.9721 8.8545 24.245 -9.9541 10.8885 23.961 -7.6334 8.8861 13.002 -9.844
5 24 10.04 -4.313 -2.573 10.179 -4.527 -2.695 10.57 -4.859 -0.018 9.701 -3.936 -4.48
5 24 7.476 3.641 -13.518 8.638 6.683 -13.43 6.482 6.683 -14.579 9.266 3.753 -12.353
5 24 12.677 3.512 10.625 10.019 0.774 11.951 10.093 2.734 12.94 12.162 -0.195 8.68
5 24 15.921 6.117 5.402 14.807 8.171 8.413 15.909 8.047 5.786 14.426 3.87 8.044
5 24 13.742 12.536 -6.116 12.393 17.221 -9.837 14.118 15.807 -5.991 11.993 12.679 -9.19
5 24 14.335 14.08 -4.732 14.755 14.419 -2.14 14.722 12.279 -2.509 14.118 15.807 -5.991
5 24 11.011 -1.728 8.637 10.93 -2.214 8.773 10.036 -1.515 10.072 12.094 -3.18 6.285
5 24 14.8 13.144 1.365 14.8 10.1 0.7 14.722 12.279 -2.509 14.8 12.648 2.692
5 24 6.8189 -1.5 -8.02 7.8793 0.166 -9.1671 4.2742 -1.5 -10.2673 9.5267 0.166 -7.4243
5 24 3.269 8.692 17.11 0 9.238 17.402 2.949 4.9 16.888 3.059 11.874 16.711
5 24 13.723 5.294 -6.495 13.598 7.065 -7.252 12.668 4.291 -8.398 14.181 8.135 -5.665
5 24 4.2028 0.166 11.6414 0 0.166 12.3891 3.7376 -1.5 10.5152 0 2.241 13.2511
5 24 4.7496 0.166 -11.3248 4.2742 -1.5 -10.2673 7.8793 0.166 -9.1671 3.1072 0.166 -11.9403
5 24 10.275 -1.875 -6.883 11.032 -2.769 -4.714 10.863 -2.601 -4.554 10.421 -2.031 -7.079
5 24 2.9124 18.523 -12.9379 2.4952 24.621 -13.0318 0 24.65 -13.2664 3.5448 24.59 -12.7788
5 24 9.819 -4.134 -4.645 6.4 -6.58 -4.191 6.4 -5.785 -6.1 10.179 -4.527 -2.695
5 24 8.448 21.584 11.566 7.0856 21.645 11.3007 4.0427 21.479 12.6594 10.525 21.826 9.624
5 24 4.0427 21.479 12.6594 4.567 2.241 12.3595 7.0856 21.645 11.3007 0 2.241 13.2511
5 24 11.7383 0.166 -2.0769 10.3132 -1.5 1.6582 11.7148 0.166 1.4628 10.1408 -1.5 -1.826
5 24 3.059 11.874 16.711 0 12.015 16.968 0 9.238 17.402 2.708 21.267 14.105
5 24 4.105 20.087 -16.98 4.105 19.933 -17.288 4.1875 18.13 -12.5829 4.105 24.987 -15.708
5 24 0 -3.347 -11.4 3.208 -2.938 -11.408 0 -1.295 -13.088 0 -4.702 -10.033
5 24 8.193 2.067 14.011 10.093 2.734 12.94 10.019 0.774 11.951 8.175 4.131 14.771
5 24 12.158 -2.055 6.161 12.162 -0.195 8.68 11.011 -1.728 8.637 13.572 0.083 6.337
5 24 15.748 14.449 -2.219 13.82 23.569 -4.339 14.002 23.039 -0.092 15.159 15.892 -6.187
5 24 12.262 11.372 11.583 12.603 8.357 11.695 14.609 10.7685 8.3085 9.735 11.381 13.901
5 24 3.87 -8.781 -6.1 2.842 -9.65 -4.386 2.836 -9.659 -4.496 3.79 -8.707 -4.386
5 24 2.54 8.485 -13.0155 2.49 8.485 -15.758 4.5833 7.243 -12.4442 0 8.485 -15.942
5 24 12.786 -2.228 3.934 13.572 0.083 6.337 14.912 1.072 3.544 12.158 -2.055 6.161
5 24 12.786 -2.228 3.934 14.912 1.072 3.544 13.081 -2.217 2.172 13.572 0.083 6.337
5 24 8.8861 13.002 -9.844 8.8545 24.245 -9.9541 10.6101 12.724 -7.9721 8.3281 17.323 -10.3193
5 24 10.1592 2.241 -8.524 11.7276 2.241 -6.1242 10.0388 6.683 -8.7382 9.5267 0.166 -7.4243
5 24 6.4 -9.875 4.228 4.4 -11.378 4.486 4.4 -11.7 2.572 4.4 -10.5615 7.1415
5 24 6.4 -3.95 12.907 4.4 -4.567 14.261 4.4 -6.882 12.536 6.4 -1.64 14.068
5 24 4.4 0.348 16.308 6.4 0.52 14.791 6.4 2.604 15.191 4.4 -1.887 15.585
5 24 4.4 -8.787 10.455 6.4 -7.828 9.173 6.4 -6.208 11.134 4.4 -10.5615 7.1415
5 24 12.4309 9.737 -4.6282 13.043 2.241 -2.3901 11.9913 8.115 -5.734 12.5452 11.652 -4.2395
5 24 8.4362 2.241 -10.1847 5.9696 2.241 -11.827 8.2837 6.683 -10.3657 4.7496 0.166 -11.3248
5 24 10.863 -2.601 -4.554 11.032 -2.769 -4.714 10.275 -1.875 -6.883 11.178 -2.965 -2.796
5 24 2 -11.7 2 4.4 -11.7 2.572 2 -11.7 0 0 -11.46 4.462
5 24 13.081 -2.217 2.172 14.2405 1.3805 0.9725 14.413 1.173 3.569 13.223 -1.121 -0.018
5 24 14.8 13.144 1.365 15.963 13.177 1.275 14.755 14.419 -2.14 15.964 12.699 2.694
5 24 10.097 5.083 13.711 12.603 8.357 11.695 9.875 7.971 14.213 12.677 3.512 10.625
5 24 14.609 10.7685 8.3085 12.262 11.372 11.583 12.606 22.254 6.402 12.603 8.357 11.695
5 24 15.964 12.699 2.694 14.8 13.144 1.365 15.963 13.177 1.275 14.8 12.648 2.692
5 24 12.9624 2.241 2.7941 9.9103 0.166 6.8255 10.9079 2.241 7.5406 11.7148 0.166 1.4628
5 24 8.255 -6.45 -0.018 10.179 -4.527 -2.695 6.4 -7.124 -2.058 10.57 -4.859 -0.018
5 24 4.5833 7.243 -12.4442 4.493 7.243 -15.314 4.7435 6.683 -12.3952 2.49 8.485 -15.758
5 24 11.024 3.716 -10.576 9.266 3.753 -12.353 9.8 2.4 -11.336 10.677 6.683 -11.635
5 24 8.33 -6.421 1.17 10.616 -6.341 1.055 8.3655 -6.2305 2.9405 8.255 -6.45 -0.018
5 24 5.307 -4.397 -9.039 8.729 -2.714 -8.516 8.091 -1.791 -10.047 6.08 -4.996 -7.717
5 24 9.8 2.4 -11.336 9.266 3.753 -12.353 8.425 1.375 -12.016 11.024 3.716 -10.576
5 24 12.603 8.357 11.695 14.609 10.7685 8.3085 12.262 11.372 11.583 14.807 8.171 8.413
5 24 10.1592 2.241 -8.524 10.0388 6.683 -8.7382 8.4362 2.241 -10.1847 11.7276 2.241 -6.1242
5 24 11.993 12.679 -9.19 8.8861 13.002 -9.844 10.6101 12.724 -7.9721 9.966 12.955 -11.39
5 24 6.0431 6.683 -11.825 5.9696 2.241 -11.827 4.7435 6.683 -12.3952 8.4362 2.241 -10.1847
5 24 9.418 -0.55 -9.874 9.307 -0.415 -9.642 8.339 1.485 -11.767 10.031 -1.476 -8.294
5 24 3.269 8.692 17.11 5.829 8.22 16.395 6.006 11.567 15.924 4.4 6.476 16.786
5 24 13.742 12.536 -6.116 14.118 15.807 -5.991 12.393 17.221 -9.837 14.09 12.482 -4.896
5 24 14.426 3.87 8.044 15.921 6.117 5.402 14.807 8.171 8.413 15.68 3.881 4.5545
5 24 11.006 1.784 -9.654 9.418 -0.55 -9.874 9.8 2.4 -11.336 10.031 -1.476 -8.294
5 24 8.175 4.131 14.771 6.4 2.604 15.191 8.193 2.067 14.011 7.57 7.121 15.601
5 24 4.493 7.243 -15.314 4.658 6.683 -14.919 4.5833 7.243 -12.4442 4.656 6.667 -15.227
5 24 2.737 25.029 -16.047 4.105 20.087 -16.98 2.694 20.196 -17.28 4.105 24.987 -15.708
5 24 2.694 20.196 -17.28 2.9124 18.257 -12.9379 2.66 20.292 -18.274 2.9124 18.523 -12.9379
5 24 6.293 17.81 -11.6842 8.8545 24.245 -9.9541 6.4215 24.455 -11.673 8.3281 17.323 -10.3193
5 24 11.024 3.716 -10.576 12.596 6.683 -9.158 12.668 4.291 -8.398 10.677 6.683 -11.635
5 24 8.193 2.067 14.011 8.348 -0.057 12.724 6.4 0.6 14.242 10.019 0.774 11.951
5 24 2.9124 18.523 -12.9379 3.5448 24.59 -12.7788 2.4952 24.621 -13.0318 4.1875 18.396 -12.5829
5 24 13.0715 -0.0775 -3.4185 11.405 -3.106 -2.763 11.032 -2.769 -4.714 13.223 -1.121 -0.018
5 24 8.4362 2.241 -10.1847 4.7496 0.166 -11.3248 7.8793 0.166 -9.1671 5.9696 2.241 -11.827
5 24 11.7383 0.166 -2.0769 13.043 2.241 -2.3901 12.9624 2.241 2.7941 10.6993 0.166 -5.2902
5 24 12.262 11.372 11.583 9.735 11.381 13.901 9.875 7.971 14.213 10.525 21.826 9.624
5 24 3.896 -6.662 -6.1 6.08 -4.996 -7.717 3.328 -4.591 -9.642 6.4 -5.785 -6.1
5 24 8.348 -0.057 12.724 6.4 0.6 14.242 8.193 2.067 14.011 6.4 -0.923 13.334
5 24 12.603 8.357 11.695 9.875 7.971 14.213 10.097 5.083 13.711 12.262 11.372 11.583
5 24 1.588 4.082 16.898 4.4 2.969 16.768 0 1.864 16.696 2.949 4.9 16.888
5 24 14.446 9.733 -4.592 14.37 6.579 -4.73 14.8 8.1 -1.3 14.181 8.135 -5.665
5 24 6.4 -5.656 7.939 8.228 -5.631 5.696 7.96 -4.38 8.578 6.4 -6.5815 5.7505
5 24 3.1072 0.166 -11.9403 4.7496 0.166 -11.3248 2.7869 -1.5 -10.8273 4.3701 2.241 -12.5176
5 24 11.006 1.784 -9.654 9.8 2.4 -11.336 11.024 3.716 -10.576 9.418 -0.55 -9.874
5 24 6.4 -9.875 4.228 4.4 -10.5615 7.1415 6.4 -9.2 6.5635 4.4 -11.378 4.486
5 24 4.849 -0.641 -12.659 3.208 -2.938 -11.408 5.214 -2.647 -10.966 2.799 -1.088 -12.943
5 24 6.034 2.451 -13.781 4.849 -0.641 -12.659 4.164 1.866 -14.193 6.991 0.247 -12.256
5 24 15.159 15.892 -6.187 13.82 23.569 -4.339 15.748 14.449 -2.219 12.442 24.102 -8.616
5 24 13.0715 -0.0775 -3.4185 14.046 2.033 -2.431 13.223 -1.121 -0.018 13.8255 3.616 -5.2335
5 24 13.572 0.083 6.337 14.426 3.87 8.044 15.68 3.881 4.5545 12.162 -0.195 8.68
5 24 12.0443 12.492 -5.5881 12.535 23.561 -4.3681 12.283 12.454 -4.9985 10.8885 23.961 -7.6334
5 24 0 0.166 -12.3085 2.3411 2.241 -13.0532 0 2.241 -13.2603 3.1072 0.166 -11.9403
5 24 12.4717 22.464 4.6017 12.606 22.254 6.402 10.525 21.826 9.624 13.684 22.6 3.42
5 24 2.708 21.267 14.105 0 21.406 13.2562 0 21.224 14.449 5.475 21.367 13.302
5 24 10.093 2.734 12.94 12.677 3.512 10.625 10.097 5.083 13.711 10.019 0.774 11.951
5 24 10.9079 2.241 7.5406 8.0343 2.241 10.3683 9.9256 21.949 8.8167 9.9103 0.166 6.8255
5 24 4.4 -6.882 12.536 0 -6.983 12.546 0 -8.911 10.416 4.4 -4.567 14.261
5 24 14.37 6.579 -4.73 14.8 6.1 -1.3 14.453 5.2205 -3.6855 14.8 8.1 -1.3
5 24 12.8 -3.714 3.818 10.265 -6.042 3.741 10.616 -6.341 1.055 12.094 -3.18 6.285
5 24 9.307 -0.415 -9.642 8.003 -1.594 -9.908 9.858 -1.309 -8.156 7.034 0.189 -11.859
5 24 14.8 8.1 -1.3 14.8 10.1 -1.3 14.446 9.733 -4.592 14.8 8.8654 -1.1478
5 24 12.677 3.512 10.625 12.603 8.357 11.695 10.097 5.083 13.711 14.807 8.171 8.413
5 24 9.819 -4.134 -4.645 9.195 -3.321 -6.518 9.316 -3.486 -6.736 9.701 -3.936 -4.48
5 24 9.307 -0.415 -9.642 10.031 -1.476 -8.294 9.858 -1.309 -8.156 9.418 -0.55 -9.874
5 24 8.448 21.584 11.566 9.735 11.381 13.901 12.262 11.372 11.583 5.475 21.367 13.302
5 24 9.735 11.381 13.901 7.57 7.121 15.601 5.829 8.22 16.395 9.875 7.971 14.213
5 24 3.329 6.277 -15.515 4.164 1.866 -14.193 4.656 6.667 -15.227 2.379 6.049 -15.654
5 24 8.425 1.375 -12.016 9.8 2.4 -11.336 9.266 3.753 -12.353 9.418 -0.55 -9.874
5 24 10.93 -2.214 8.773 8.691 -4.313 8.64 10.036 -1.515 10.072 12.094 -3.18 6.285
5 24 13.1756 22.848 1.4659 13.043 2.241 -2.3901 13.094 23.298 -2.2146 12.9624 2.241 2.7941
5 24 8.8545 24.245 -9.9541 10.113 24.554 -12.234 7.349 24.84 -14.529 10.8885 23.961 -7.6334
5 24 10.019 0.774 11.951 10.093 2.734 12.94 12.677 3.512 10.625 8.193 2.067 14.011
5 24 0 -2.384 15.466 4.4 -4.567 14.261 0 -4.825 14.186 4.4 -1.887 15.585
5 24 4.4 2.969 16.768 2.949 4.9 16.888 1.588 4.082 16.898 4.4 6.476 16.786
5 24 12.677 3.512 10.625 14.426 3.87 8.044 14.807 8.171 8.413 12.162 -0.195 8.68
5 24 4.849 -0.641 -12.659 4.164 1.866 -14.193 6.034 2.451 -13.781 2.799 -1.088 -12.943
5 24 10.3132 -1.5 1.6582 11.7148 0.166 1.4628 11.7383 0.166 -2.0769 9.9103 0.166 6.8255
5 24 14.2405 1.3805 0.9725 14.5415 3.8545 -1.539 14.675 3.5865 1.5045 14.046 2.033 -2.431
5 24 7.8793 0.166 -9.1671 9.5267 0.166 -7.4243 10.1592 2.241 -8.524 6.8189 -1.5 -8.02
5 24 10.421 -2.031 -7.079 10.275 -1.875 -6.883 11.032 -2.769 -4.714 9.858 -1.309 -8.156
5 24 14.426 3.87 8.044 14.807 8.171 8.413 12.677 3.512 10.625 15.921 6.117 5.402
5 24 6.4215 24.455 -11.673 7.349 24.84 -14.529 4.105 24.987 -15.708 8.8545 24.245 -9.9541
5 24 15.68 3.881 4.5545 14.8 3.8815 4.508 14.912 1.072 3.544 14.8 6.108 5.365
5 24 14.755 14.419 -2.14 14.722 12.279 -2.509 14.335 14.08 -4.732 14.8 13.144 1.365
5 24 13.572 0.083 6.337 14.912 1.072 3.544 12.786 -2.228 3.934 15.68 3.881 4.5545
5 24 8.348 -0.057 12.724 6.4 -0.923 13.334 6.4 -2.811 11.711 6.4 0.6 14.242
5 24 14.046 2.033 -2.431 14.5415 3.8545 -1.539 14.2405 1.3805 0.9725 14.453 5.2205 -3.6855
5 24 5.214 -2.647 -10.966 3.328 -4.591 -9.642 3.208 -2.938 -11.408 5.307 -4.397 -9.039
5 24 9.819 -4.134 -4.645 6.4 -5.785 -6.1 6.4 -6.58 -4.191 9.316 -3.486 -6.736
5 24 11.7148 0.166 1.4628 12.9624 2.241 2.7941 11.7383 0.166 -2.0769 9.9103 0.166 6.8255
5 24 10.0388 6.683 -8.7382 13.598 7.065 -7.252 12.596 6.683 -9.158 11.3527 7.281 -6.8541
5 24 5.214 -2.647 -10.966 6.991 0.247 -12.256 4.849 -0.641 -12.659 8.091 -1.791 -10.047
5 24 4.164 1.866 -14.193 6.034 2.451 -13.781 3.329 6.277 -15.515 4.849 -0.641 -12.659
5 24 0 24.65 -13.2664 2.9124 18.523 -12.9379 0 18.372 -13.2613 2.4952 24.621 -13.0318
5 24 6.4 -7.124 -2.058 8.255 -6.45 -0.018 6.4 -6.58 -4.191 6.4 -7.393 1.117
5 24 13.176 -3.97 1.07 13.081 -2.217 2.172 12.8 -3.714 3.818 13.223 -1.121 -0.018
5 24 12.668 4.291 -8.398 13.8255 3.616 -5.2335 13.723 5.294 -6.495 12.263 1.2535 -7.1735
5 24 0 1.53 -14.589 2.734 1.506 -14.365 0 -1.295 -13.088 0 6.001 -15.82
5 24 15.964 12.699 2.694 14.8 12.648 2.692 15.922 11.608 4.31 14.8 13.144 1.365
5 24 4.849 -0.641 -12.659 6.991 0.247 -12.256 6.034 2.451 -13.781 5.214 -2.647 -10.966
5 24 8.339 1.485 -11.767 9.418 -0.55 -9.874 8.425 1.375 -12.016 9.307 -0.415 -9.642
5 24 7.96 -4.38 8.578 6.4 -4.537 9.711 6.4 -5.656 7.939 7.853 -3.322 10.127
5 24 7.853 -3.322 10.127 6.4 -4.537 9.711 6.4 -2.811 11.711 7.96 -4.38 8.578
5 24 4.656 6.667 -15.227 3.329 6.277 -15.515 4.493 7.243 -15.314 6.034 2.451 -13.781
5 24 10.036 -1.515 10.072 10.019 0.774 11.951 12.162 -0.195 8.68 8.348 -0.057 12.724
5 24 15.68 3.881 4.5545 13.572 0.083 6.337 14.426 3.87 8.044 14.912 1.072 3.544
5 24 4.849 -0.641 -12.659 5.214 -2.647 -10.966 3.208 -2.938 -11.408 6.991 0.247 -12.256
5 24 6.08 -4.996 -7.717 6.4 -5.785 -6.1 9.316 -3.486 -6.736 3.896 -6.662 -6.1
5 24 4.7496 0.166 -11.3248 7.8793 0.166 -9.1671 8.4362 2.241 -10.1847 4.2742 -1.5 -10.2673
5 24 13.572 0.083 6.337 12.158 -2.055 6.161 12.162 -0.195 8.68 12.786 -2.228 3.934
5 24 10.031 -1.476 -8.294 11.006 1.784 -9.654 9.418 -0.55 -9.874 12.263 1.2535 -7.1735
5 24 8.091 -1.791 -10.047 5.307 -4.397 -9.039 5.214 -2.647 -10.966 8.729 -2.714 -8.516
5 24 9.266 3.753 -12.353 8.638 6.683 -13.43 10.677 6.683 -11.635 7.476 3.641 -13.518
5 24 6.4 2.604 15.191 4.4 2.969 16.768 4.4 0.348 16.308 4.4 6.476 16.786
5 24 12.668 4.291 -8.398 11.006 1.784 -9.654 12.263 1.2535 -7.1735 11.024 3.716 -10.576
5 24 12.162 -0.195 8.68 11.011 -1.728 8.637 10.036 -1.515 10.072 12.158 -2.055 6.161
5 24 12.535 23.561 -4.3681 12.4697 12.251 -4.5139 12.283 12.454 -4.9985 13.094 23.298 -2.2146
5 24 10.019 0.774 11.951 12.162 -0.195 8.68 12.677 3.512 10.625 10.036 -1.515 10.072
5 24 9.858 -1.309 -8.156 10.031 -1.476 -8.294 10.421 -2.031 -7.079 9.307 -0.415 -9.642
5 24 11.993 12.679 -9.19 12.0443 12.492 -5.5881 10.6101 12.724 -7.9721 13.742 12.536 -6.116
5 24 14.37 6.579 -4.73 13.723 5.294 -6.495 13.598 7.065 -7.252 14.453 5.2205 -3.6855
5 24 14.8 10.1 -1.3 14.722 12.279 -2.509 14.505 11.641 -4.21 14.8 10.1 0.7
5 24 10.582 18.683 -13.862 10.113 24.554 -12.234 13.347 17.431 -10.413 7.349 24.84 -14.529
5 24 13.8255 3.616 -5.2335 14.453 5.2205 -3.6855 13.723 5.294 -6.495 14.046 2.033 -2.431
5 24 3.269 8.692 17.11 4.4 6.476 16.786 5.829 8.22 16.395 2.949 4.9 16.888
5 24 12.535 23.561 -4.3681 13.82 23.569 -4.339 12.442 24.102 -8.616 13.094 23.298 -2.2146
5 24 7.72 19.418 -15.874 4.105 25.02 -15.969 4.105 19.933 -17.288 7.349 24.84 -14.529
5 24 14.2405 1.3805 0.9725 13.223 -1.121 -0.018 13.081 -2.217 2.172 14.046 2.033 -2.431
5 24 12.9624 2.241 2.7941 13.1756 22.848 1.4659 13.043 2.241 -2.3901 12.4717 22.464 4.6017
5 24 8.228 -5.631 5.696 8.691 -4.313 8.64 9.764 -5.517 5.876 7.96 -4.38 8.578
5 24 6.4 -1.64 14.068 4.4 -1.887 15.585 4.4 -4.567 14.261 6.4 0.52 14.791
5 24 11.024 3.716 -10.576 10.677 6.683 -11.635 9.266 3.753 -12.353 12.596 6.683 -9.158
5 24 13.176 -3.97 1.07 10.616 -6.341 1.055 12.8 -3.714 3.818 10.66 -6.366 -0.018
5 24 12.094 -3.18 6.285 12.158 -2.055 6.161 12.8 -3.714 3.818 11.011 -1.728 8.637
5 24 5.829 8.22 16.395 6.006 11.567 15.924 3.269 8.692 17.11 9.735 11.381 13.901
5 24 1.588 4.082 16.898 0 9.238 17.402 0 3.803 16.908 2.949 4.9 16.888
5 24 0 9.238 17.402 3.059 11.874 16.711 0 12.015 16.968 3.269 8.692 17.11
5 24 6.4 -7.393 1.117 8.255 -6.45 -0.018 6.4 -7.124 -2.058 8.33 -6.421 1.17
5 24 4.4 2.969 16.768 0 1.864 16.696 1.588 4.082 16.898 4.4 0.348 16.308
5 24 8.091 -1.791 -10.047 7.034 0.189 -11.859 6.991 0.247 -12.256 8.003 -1.594 -9.908
5 24 0 0.166 -12.3085 3.1072 0.166 -11.9403 2.7869 -1.5 -10.8273 2.3411 2.241 -13.0532
5 24 6.034 2.451 -13.781 4.658 6.683 -14.919 4.656 6.667 -15.227 6.003 2.582 -13.534
5 24 6.5878 -1.5 8.4117 9.9103 0.166 6.8255 8.7922 -1.5 5.8095 7.2774 0.166 9.5828
5 24 7.57 7.121 15.601 10.097 5.083 13.711 9.875 7.971 14.213 8.175 4.131 14.771
5 24 12.442 24.102 -8.616 15.159 15.892 -6.187 13.347 17.431 -10.413 13.82 23.569 -4.339
5 24 5.9696 2.241 -11.827 4.7496 0.166 -11.3248 8.4362 2.241 -10.1847 4.3701 2.241 -12.5176
5 24 8.4362 2.241 -10.1847 10.0388 6.683 -8.7382 8.2837 6.683 -10.3657 10.1592 2.241 -8.524
5 24 12.786 -2.228 3.934 12.8 -3.714 3.818 12.158 -2.055 6.161 13.081 -2.217 2.172
5 24 14.609 10.7685 8.3085 14.807 8.171 8.413 15.92 9.975 5.406 12.603 8.357 11.695
5 24 11.032 -2.769 -4.714 12.263 1.2535 -7.1735 13.0715 -0.0775 -3.4185 10.421 -2.031 -7.079
5 24 9.858 -1.309 -8.156 10.421 -2.031 -7.079 10.031 -1.476 -8.294 10.275 -1.875 -6.883
5 24 13.081 -2.217 2.172 12.8 -3.714 3.818 12.786 -2.228 3.934 13.176 -3.97 1.07
5 24 10.6993 0.166 -5.2902 11.7383 0.166 -2.0769 10.1408 -1.5 -1.826 13.043 2.241 -2.3901
5 24 12.442 24.102 -8.616 10.8885 23.961 -7.6334 12.535 23.561 -4.3681 10.113 24.554 -12.234
5 24 11.7276 2.241 -6.1242 11.3527 7.281 -6.8541 11.9913 8.115 -5.734 10.0388 6.683 -8.7382
5 24 9.9103 0.166 6.8255 10.3132 -1.5 1.6582 8.7922 -1.5 5.8095 11.7148 0.166 1.4628
5 24 11.405 -3.106 -2.763 11.178 -2.965 -2.796 11.562 -3.376 -0.018 11.032 -2.769 -4.714
5 24 8.729 -2.714 -8.516 8.003 -1.594 -9.908 8.091 -1.791 -10.047 8.62 -2.542 -8.317
5 24 10.097 5.083 13.711 9.875 7.971 14.213 12.603 8.357 11.695 7.57 7.121 15.601
5 24 12.668 4.291 -8.398 13.723 5.294 -6.495 13.8255 3.616 -5.2335 12.596 6.683 -9.158
5 24 4.7435 6.683 -12.3952 2.3411 2.241 -13.0532 4.3701 2.241 -12.5176 4.5833 7.243 -12.4442
5 24 0 6.001 -15.82 2.379 6.049 -15.654 2.734 1.506 -14.365 0 8.485 -15.942
5 24 5.214 -2.647 -10.966 5.307 -4.397 -9.039 3.328 -4.591 -9.642 8.091 -1.791 -10.047
5 24 10.179 -4.527 -2.695 6.4 -6.58 -4.191 8.255 -6.45 -0.018 9.819 -4.134 -4.645
5 24 8.175 4.131 14.771 10.097 5.083 13.711 10.093 2.734 12.94 7.57 7.121 15.601
5 24 5.829 8.22 16.395 7.57 7.121 15.601 4.4 6.476 16.786 9.735 11.381 13.901
5 24 7.57 7.121 15.601 8.175 4.131 14.771 4.4 6.476 16.786 10.097 5.083 13.711
5 24 12.596 6.683 -9.158 12.668 4.291 -8.398 13.598 7.065 -7.252 11.024 3.716 -10.576
5 24 7.2774 0.166 9.5828 8.0343 2.241 10.3683 9.9103 0.166 6.8255 4.2028 0.166 11.6414
5 24 8.3281 17.323 -10.3193 10.582 18.683 -13.862 6.293 17.81 -11.6842 9.674 18.179 -12.469
5 24 11.3527 7.281 -6.8541 14.181 8.135 -5.665 13.598 7.065 -7.252 11.9913 8.115 -5.734
5 24 2.4952 24.621 -13.0318 2.737 25.029 -16.047 0 24.65 -13.2664 3.5448 24.59 -12.7788
5 24 15.159 15.892 -6.187 14.118 15.807 -5.991 12.393 17.221 -9.837 15.748 14.449 -2.219
5 24 14.8 6.1 -1.3 14.8 6.1 0.7 14.8 6.2522 -0.0654 14.675 3.5865 1.5045
5 24 15.92 9.975 5.406 14.8 9.952 5.366 14.8 11.573 4.287 15.909 8.047 5.786
5 24 14.5415 3.8545 -1.539 14.675 3.5865 1.5045 14.2405 1.3805 0.9725 14.8 6.1 -1.3
5 24 8.0343 2.241 10.3683 4.2028 0.166 11.6414 7.2774 0.166 9.5828 4.567 2.241 12.3595
5 24 14.505 11.641 -4.21 12.5452 11.652 -4.2395 14.206 12.291 -4.447 14.446 9.733 -4.592
5 24 9.5267 0.166 -7.4243 8.3026 -1.5 -6.2471 6.8189 -1.5 -8.02 10.6993 0.166 -5.2902
5 24 14.8 6.1 0.7 14.675 3.5865 1.5045 14.8 3.8815 4.508 14.8 6.1 -1.3
5 24 2.799 -1.088 -12.943 4.849 -0.641 -12.659 3.208 -2.938 -11.408 2.734 1.506 -14.365
5 24 14.807 8.171 8.413 15.92 9.975 5.406 14.609 10.7685 8.3085 15.909 8.047 5.786
5 24 14.8 6.108 5.365 15.921 6.117 5.402 14.8 8.04 5.744 15.68 3.881 4.5545
5 24 7.853 -3.322 10.127 6.4 -2.811 11.711 6.4 -4.537 9.711 10.036 -1.515 10.072
5 24 6.5878 -1.5 8.4117 7.2774 0.166 9.5828 3.7376 -1.5 10.5152 9.9103 0.166 6.8255
5 24 4.4 -10.5615 7.1415 0 -10.6425 7.1575 4.4 -8.787 10.455 0 -11.46 4.462
5 24 0 -4.825 14.186 4.4 -4.567 14.261 0 -6.983 12.546 0 -2.384 15.466
5 24 9.8 2.4 -11.336 9.418 -0.55 -9.874 8.425 1.375 -12.016 11.006 1.784 -9.654
5 24 6.08 -4.996 -7.717 9.316 -3.486 -6.736 8.729 -2.714 -8.516 6.4 -5.785 -6.1
5 24 13.043 2.241 -2.3901 11.7276 2.241 -6.1242 12.4309 9.737 -4.6282 10.6993 0.166 -5.2902
5 24 14.002 23.039 -0.092 15.963 13.177 1.275 15.748 14.449 -2.219 15.964 12.699 2.694
5 24 10.6993 0.166 -5.2902 13.043 2.241 -2.3901 11.7276 2.241 -6.1242 11.7383 0.166 -2.0769
5 24 14.755 14.419 -2.14 15.748 14.449 -2.219 14.118 15.807 -5.991 15.963 13.177 1.275
5 24 7.034 0.189 -11.859 8.339 1.485 -11.767 9.307 -0.415 -9.642 6.003 2.582 -13.534
5 24 2.734 1.506 -14.365 2.379 6.049 -15.654 0 1.53 -14.589 4.164 1.866 -14.193
5 24 5.9696 2.241 -11.827 4.3701 2.241 -12.5176 4.7496 0.166 -11.3248 6.0431 6.683 -11.825
5 24 2.949 4.9 16.888 0 9.238 17.402 3.269 8.692 17.11 1.588 4.082 16.898
5 24 8.3655 -6.2305 2.9405 6.4 -7.2085 3.115 8.228 -5.631 5.696 6.4 -7.393 1.117
5 24 0 -11.7 2 2 -11.7 2 0 -11.46 4.462 0.7654 -11.7 1.8478
5 24 10.863 -2.601 -4.554 9.701 -3.936 -4.48 11.178 -2.965 -2.796 9.195 -3.321 -6.518
5 24 14.446 9.733 -4.592 12.4309 9.737 -4.6282 12.5452 11.652 -4.2395 14.181 8.135 -5.665
5 24 7.476 3.641 -13.518 7.422 3.716 -13.247 8.425 1.375 -12.016 6.479 6.683 -14.262
5 24 14.8 6.1 -1.3 14.675 3.5865 1.5045 14.5415 3.8545 -1.539 14.8 6.1 0.7
5 24 11.024 3.716 -10.576 9.8 2.4 -11.336 11.006 1.784 -9.654 9.266 3.753 -12.353
5 24 4.7496 0.166 -11.3248 4.3701 2.241 -12.5176 5.9696 2.241 -11.827 3.1072 0.166 -11.9403
5 24 9.764 -5.517 5.876 8.228 -5.631 5.696 8.691 -4.313 8.64 10.265 -6.042 3.741
5 24 0 -8.911 10.416 4.4 -8.787 10.455 4.4 -6.882 12.536 0 -10.6425 7.1575
5 24 8.348 -0.057 12.724 10.036 -1.515 10.072 6.4 -2.811 11.711 10.019 0.774 11.951
5 24 12.442 24.102 -8.616 13.347 17.431 -10.413 15.159 15.892 -6.187 10.113 24.554 -12.234
5 24 3.208 -2.938 -11.408 3.328 -4.591 -9.642 0 -4.702 -10.033 5.214 -2.647 -10.966
5 24 4.105 20.087 -16.98 4.1875 18.13 -12.5829 4.105 19.933 -17.288 4.1875 18.396 -12.5829
5 24 3.059 11.874 16.711 3.269 8.692 17.11 6.006 11.567 15.924 0 9.238 17.402
5 24 2.737 25.029 -16.047 0 24.65 -13.2664 2.4952 24.621 -13.0318 2.703 25.153 -17.036
5 24 12.4697 12.251 -4.5139 13.094 23.298 -2.2146 12.535 23.561 -4.3681 12.5452 11.652 -4.2395
5 24 10.04 -4.313 -2.573 11.178 -2.965 -2.796 9.701 -3.936 -4.48 11.562 -3.376 -0.018
5 24 6.4 -2.811 11.711 8.348 -0.057 12.724 7.853 -3.322 10.127 6.4 -0.923 13.334
5 24 6.4 -5.785 -6.1 9.316 -3.486 -6.736 9.819 -4.134 -4.645 6.08 -4.996 -7.717
5 24 8.0343 2.241 10.3683 9.9103 0.166 6.8255 7.2774 0.166 9.5828 10.9079 2.241 7.5406
5 24 6.4 -9.2 6.5635 4.4 -10.5615 7.1415 6.4 -9.875 4.228 6.4 -7.828 9.173
5 24 11.178 -2.965 -2.796 11.032 -2.769 -4.714 10.863 -2.601 -4.554 11.405 -3.106 -2.763
5 24 10.113 24.554 -12.234 13.347 17.431 -10.413 10.582 18.683 -13.862 12.442 24.102 -8.616
5 24 14.912 1.072 3.544 14.8 3.8815 4.508 15.68 3.881 4.5545 14.413 1.173 3.569
5 24 4.164 1.866 -14.193 2.734 1.506 -14.365 4.849 -0.641 -12.659 2.379 6.049 -15.654
5 24 12.162 -0.195 8.68 12.677 3.512 10.625 10.019 0.774 11.951 14.426 3.87 8.044
5 24 0 -11.46 4.462 2 -11.7 2 0 -11.7 2 4.4 -11.7 2.572
5 24 10.093 2.734 12.94 10.097 5.083 13.711 12.677 3.512 10.625 8.175 4.131 14.771
5 24 7.8793 0.166 -9.1671 10.1592 2.241 -8.524 9.5267 0.166 -7.4243 8.4362 2.241 -10.1847
5 24 15.909 8.047 5.786 14.807 8.171 8.413 15.921 6.117 5.402 15.92 9.975 5.406
5 24 2.708 21.267 14.105 0 12.015 16.968 3.059 11.874 16.711 0 21.224 14.449
5 24 12.5452 11.652 -4.2395 14.206 12.291 -4.447 14.505 11.641 -4.21 12.4697 12.251 -4.5139
5 24 10.179 -4.527 -2.695 9.701 -3.936 -4.48 9.819 -4.134 -4.645 10.04 -4.313 -2.573
5 24 8.3655 -6.2305 2.9405 10.265 -6.042 3.741 8.228 -5.631 5.696 10.616 -6.341 1.055
5 24 10.525 21.826 9.624 12.262 11.372 11.583 8.448 21.584 11.566 14.609 10.7685 8.3085
5 24 10.0388 6.683 -8.7382 11.7276 2.241 -6.1242 10.1592 2.241 -8.524 11.3527 7.281 -6.8541
5 24 12.4717 22.464 4.6017 12.9624 2.241 2.7941 13.1756 22.848 1.4659 10.9079 2.241 7.5406
3 16 0 -5 5.9 0 -5 6 4.3 -5 5.9