0 ~Minifig Headdress T-Rex without Patternable Surfaces - Half
0 Name: s\2523s02.dat
0 Author: Gerald Lasser [GeraldLasser]
0 !LDRAW_ORG Subpart UPDATE 2026-07
0 !LICENSE Licensed under CC BY 4.0 : see CAreadme.txt

0 BFC CERTIFY CCW

0 !HISTORY 2026-07-30 [OrionP] Official Update 2026-07

3 16 2.267 -1.661 -28.908 0 -1.733 -29.425 0 -.491 -29.828
3 16 1.789 -3.915 -28.101 0 -1.733 -29.425 2.267 -1.661 -28.908
3 16 1.789 -3.915 -28.101 0 -4.09 -28.574 0 -1.733 -29.425
3 16 1.789 -3.915 -28.101 0 -6.096 -27.8 0 -4.09 -28.574
3 16 1.789 -3.915 -28.101 1.752 -6.095 -27.292 0 -6.096 -27.8
3 16 1.789 -3.915 -28.101 2.993 -5.641 -26.494 1.752 -6.095 -27.292
3 16 1.789 -3.915 -28.101 3.929 -3.048 -26.676 2.993 -5.641 -26.494
3 16 3.929 -3.048 -26.676 1.789 -3.915 -28.101 2.267 -1.661 -28.908
3 16 3.929 -3.048 -26.676 4.212 -3.649 -25.789 3.7028 -4.5974 -26.0164
3 16 3.7028 -4.5974 -26.0164 3.554 -5.6201 -25.6497 2.993 -5.641 -26.494
3 16 3.7028 -4.5974 -26.0164 2.993 -5.641 -26.494 3.929 -3.048 -26.676
3 16 3.929 -3.048 -26.676 5.564 -2.119 -24.732 4.8092 -3.2257 -25.1264
3 16 4.8092 -3.2257 -25.1264 4.212 -3.649 -25.789 3.929 -3.048 -26.676
3 16 5.2943 -3.5025 -24.125 4.8092 -3.2257 -25.1264 5.564 -2.119 -24.732
3 16 6.641 -2.469 -21.717 5.2943 -3.5025 -24.125 5.564 -2.119 -24.732
3 16 6.641 -2.469 -21.717 5.509 -4.638 -22.804 5.2943 -3.5025 -24.125
3 16 6.507 -4.373 -19.452 5.509 -4.638 -22.804 6.641 -2.469 -21.717
3 16 6.507 -4.373 -19.452 5.2914 -6.0156 -21.9389 5.509 -4.638 -22.804
3 16 4.981 -7.982 -18.576 5.2914 -6.0156 -21.9389 6.507 -4.373 -19.452
3 16 4.9054 -6.9346 -21.5147 5.2914 -6.0156 -21.9389 4.981 -7.982 -18.576
3 16 4.466 -7.597 -21.653 4.9054 -6.9346 -21.5147 4.981 -7.982 -18.576
3 16 4.981 -7.982 -18.576 3.463 -9.189 -23.053 4.1093 -7.9681 -22.4077
3 16 4.1093 -7.9681 -22.4077 4.466 -7.597 -21.653 4.981 -7.982 -18.576
3 16 3.891 -7.876 -23.29 4.1093 -7.9681 -22.4077 3.463 -9.189 -23.053
3 16 3.891 -7.876 -23.29 3.463 -9.189 -23.053 2.954 -7.698 -25.231
3 16 2.954 -7.698 -25.231 1.752 -6.095 -27.292 2.993 -5.641 -26.494
3 16 3.891 -7.876 -23.29 2.954 -7.698 -25.231 3.636 -6.808 -24.825
3 16 3.636 -6.808 -24.825 2.993 -5.641 -26.494 3.554 -5.6201 -25.6497
3 16 3.636 -6.808 -24.825 2.954 -7.698 -25.231 2.993 -5.641 -26.494
3 16 1.7 -8.515 -25.794 2.954 -7.698 -25.231 3.463 -9.189 -23.053
3 16 2.954 -7.698 -25.231 1.7 -8.515 -25.794 1.752 -6.095 -27.292
3 16 0 -8.889 -26.161 1.752 -6.095 -27.292 1.7 -8.515 -25.794
3 16 0 -8.889 -26.161 0 -6.096 -27.8 1.752 -6.095 -27.292
3 16 1.7 -8.515 -25.794 3.463 -9.189 -23.053 1.895 -10.389 -23.549
3 16 1.7 -8.515 -25.794 0 -10.784 -24.051 0 -8.889 -26.161
3 16 1.7 -8.515 -25.794 1.895 -10.389 -23.549 0 -10.784 -24.051
3 16 2.196 -11.327 -18.9 1.895 -10.389 -23.549 3.463 -9.189 -23.053
3 16 2.196 -11.327 -18.9 3.463 -9.189 -23.053 3.832 -9.979 -18.706
3 16 4.981 -7.982 -18.576 3.832 -9.979 -18.706 3.463 -9.189 -23.053
3 16 7.314 -8.463 -10.227 5.145 -9.486 -14.478 6.229 -7.224 -14.852
3 16 7.314 -8.463 -10.227 6.229 -7.224 -14.852 8.515 -6.279 -10.729
3 16 8.515 -6.279 -10.729 6.229 -7.224 -14.852 7.577 -3.65 -15.644
3 16 8.515 -6.279 -10.729 7.577 -3.65 -15.644 9.353 -3.129 -11.334
3 16 5.145 -9.486 -14.478 4.981 -7.982 -18.576 6.229 -7.224 -14.852
3 16 5.145 -9.486 -14.478 3.832 -9.979 -18.706 4.981 -7.982 -18.576
3 16 9.353 -3.129 -11.334 7.577 -3.65 -15.644 9.293 .652 -15.572
3 16 9.353 -3.129 -11.334 9.293 .652 -15.572 10.323 .776 -12.442
3 16 9.353 -3.129 -11.334 10.323 .776 -12.442 14.566 2.814 -7.288
3 16 9.353 -3.129 -11.334 14.566 2.814 -7.288 13.375 -3.125 -7.233
3 16 14.566 2.814 -7.288 16.375 -2.494 -3.6 13.375 -3.125 -7.233
3 16 10.586 2.784 -13.001 10.323 .776 -12.442 9.293 .652 -15.572
3 16 10.586 2.784 -13.001 9.293 .652 -15.572 9.793 2.886 -16.045
3 16 13.061 4.232 -9.659 10.323 .776 -12.442 10.586 2.784 -13.001
3 16 13.061 4.232 -9.659 14.566 2.814 -7.288 10.323 .776 -12.442
3 16 14.566 2.814 -7.288 13.061 4.232 -9.659 16.161 7.747 -6.868
3 16 14.566 2.814 -7.288 16.161 7.747 -6.868 17.286 5.185 -3.85
3 16 16.375 -2.494 -3.6 14.566 2.814 -7.288 17.286 5.185 -3.85
3 16 17.286 5.185 -3.85 16.161 7.747 -6.868 17.162 9.649 -5.633
3 16 17.286 5.185 -3.85 17.162 9.649 -5.633 18.293 8.632 -2.084
3 16 17.589 11.08 -4.458 18.293 8.632 -2.084 17.162 9.649 -5.633
3 16 17.589 11.08 -4.458 17.977 11.833 -2.477 18.293 8.632 -2.084
3 16 17.977 11.833 -2.477 17.589 11.08 -4.458 16.478 11.73 -5.043
3 16 17.977 11.833 -2.477 16.478 11.73 -5.043 17.03 15.257 -3.916
3 16 17.03 15.257 -3.916 16.478 11.73 -5.043 14.145 13.687 -9.151
3 16 17.03 15.257 -3.916 14.145 13.687 -9.151 14.848 16.692 -8.511
3 16 14.145 13.687 -9.151 12.295 18.267 -12.949 14.848 16.692 -8.511
3 16 14.145 13.687 -9.151 11.574 15.479 -13.855 12.295 18.267 -12.949
3 16 12.295 18.267 -12.949 11.574 15.479 -13.855 9.764 17.835 -17.333
3 16 12.295 18.267 -12.949 9.764 17.835 -17.333 10.037 19.966 -16.746
3 16 9.764 17.835 -17.333 7.979 21.447 -20.95 10.037 19.966 -16.746
3 16 9.764 17.835 -17.333 7.602 19.608 -21.767 7.979 21.447 -20.95
3 16 7.602 19.608 -21.767 5.752 22.116 -24.241 7.979 21.447 -20.95
3 16 7.602 19.608 -21.767 5.228 20.451 -24.827 5.752 22.116 -24.241
3 16 5.228 20.451 -24.827 2.921 22.323 -26.21 5.752 22.116 -24.241
3 16 5.228 20.451 -24.827 2.74 20.468 -26.543 2.921 22.323 -26.21
3 16 2.74 20.468 -26.543 0 22.249 -26.708 2.921 22.323 -26.21
3 16 2.74 20.468 -26.543 0 20.378 -27.168 0 22.249 -26.708
3 16 2.921 22.323 -26.21 0 22.249 -26.708 0 24.559 -25.784
3 16 2.921 22.323 -26.21 0 24.559 -25.784 2.92 24.643 -25.184
3 16 2.92 24.643 -25.184 5.752 22.116 -24.241 2.921 22.323 -26.21
3 16 2.92 24.643 -25.184 5.955 24.528 -22.801 5.752 22.116 -24.241
3 16 7.979 21.447 -20.95 5.752 22.116 -24.241 5.955 24.528 -22.801
3 16 7.973 23.91 -19.441 10.037 19.966 -16.746 7.979 21.447 -20.95
3 16 7.979 21.447 -20.95 5.955 24.528 -22.801 7.973 23.91 -19.441
3 16 7.973 23.91 -19.441 9.918 23.087 -15.292 10.037 19.966 -16.746
3 16 9.918 23.087 -15.292 12.295 18.267 -12.949 10.037 19.966 -16.746
3 16 9.918 23.087 -15.292 12.229 22.551 -11.431 12.295 18.267 -12.949
3 16 14.848 16.692 -8.511 12.295 18.267 -12.949 12.229 22.551 -11.431
3 16 14.848 16.692 -8.511 12.229 22.551 -11.431 14.449 22.429 -7.435
3 16 14.848 16.692 -8.511 14.449 22.429 -7.435 15.857 22.517 -3.792
3 16 14.848 16.692 -8.511 15.857 22.517 -3.792 17.03 15.257 -3.916
3 16 15.857 22.517 -3.792 17.434 16.109 -.66 17.03 15.257 -3.916
3 16 17.434 16.109 -.66 17.977 11.833 -2.477 17.03 15.257 -3.916
3 16 17.434 16.109 -.66 18.092 11.544 -1.273 17.977 11.833 -2.477
3 16 17.031 10.242 4.1 18.092 11.544 -1.273 17.434 16.109 -.66
3 16 17.031 10.242 4.1 17.434 16.109 -.66 16.546 16.655 4.696
3 16 17.031 10.242 4.1 16.546 16.655 4.696 14.092 16.435 8.896
3 16 14.092 16.435 8.896 16.546 16.655 4.696 16.067 22.407 5.343
3 16 14.092 16.435 8.896 16.067 22.407 5.343 13.867 22.382 9.351
3 16 11.176 16.539 12.219 14.092 16.435 8.896 13.867 22.382 9.351
3 16 11.176 16.539 12.219 13.867 22.382 9.351 10.913 22.488 12.528
3 16 7.573 16.681 14.908 11.176 16.539 12.219 10.913 22.488 12.528
3 16 7.573 16.681 14.908 10.913 22.488 12.528 7.053 22.521 14.931
3 16 7.053 22.521 14.931 3.874 16.741 16.629 7.573 16.681 14.908
3 16 7.053 22.521 14.931 3.537 22.457 16.376 3.874 16.741 16.629
3 16 0 16.864 17.244 3.874 16.741 16.629 3.537 22.457 16.376
3 16 0 16.864 17.244 3.537 22.457 16.376 0 22.617 16.802
3 16 3.874 16.741 16.629 0 16.864 17.244 0 9.72 17.731
3 16 3.874 16.741 16.629 0 9.72 17.731 4.264 9.629 16.901
3 16 4.264 9.629 16.901 7.573 16.681 14.908 3.874 16.741 16.629
3 16 4.264 9.629 16.901 8.204 9.407 14.853 7.573 16.681 14.908
3 16 8.204 9.407 14.853 11.176 16.539 12.219 7.573 16.681 14.908
3 16 8.204 9.407 14.853 11.567 9.086 11.733 11.176 16.539 12.219
3 16 14.092 16.435 8.896 11.176 16.539 12.219 11.567 9.086 11.733
3 16 14.092 16.435 8.896 11.567 9.086 11.733 14.481 8.994 8.007
3 16 17.031 10.242 4.1 14.092 16.435 8.896 14.481 8.994 8.007
3 16 4.264 9.629 16.901 0 9.72 17.731 0 4.282 17.798
3 16 4.264 9.629 16.901 0 4.282 17.798 4.412 4.196 16.899
3 16 4.412 4.196 16.899 8.204 9.407 14.853 4.264 9.629 16.901
3 16 0 -1.254 17.448 4.412 4.196 16.899 0 4.282 17.798
3 16 0 -1.254 17.448 4.359 -1.388 16.608 4.412 4.196 16.899
3 16 0 -1.254 17.448 3.844 -3.795 16.349 4.359 -1.388 16.608
3 16 0 -1.254 17.448 0 -3.587 16.875 3.844 -3.795 16.349
3 16 8.832 -2.279 14.447 4.359 -1.388 16.608 3.844 -3.795 16.349
3 16 8.832 -2.279 14.447 3.844 -3.795 16.349 8.434 -5.196 13.717
3 16 8.434 -5.196 13.717 11.565 -3.461 10.063 8.832 -2.279 14.447
3 16 8.434 -5.196 13.717 10.745 -7.104 9.213 11.565 -3.461 10.063
3 16 4.359 -1.388 16.608 8.583 3.77 14.718 4.412 4.196 16.899
3 16 4.359 -1.388 16.608 8.832 -2.279 14.447 8.583 3.77 14.718
3 16 4.412 4.196 16.899 8.583 3.77 14.718 8.204 9.407 14.853
3 16 8.583 3.77 14.718 11.567 9.086 11.733 8.204 9.407 14.853
3 16 11.707 3.208 11.099 8.832 -2.279 14.447 11.565 -3.461 10.063
3 16 11.707 3.208 11.099 8.583 3.77 14.718 8.832 -2.279 14.447
3 16 8.583 3.77 14.718 11.707 3.208 11.099 11.567 9.086 11.733
3 16 14.481 8.994 8.007 11.567 9.086 11.733 11.707 3.208 11.099
3 16 14.465 2.706 7.003 11.707 3.208 11.099 11.565 -3.461 10.063
3 16 14.481 8.994 8.007 11.707 3.208 11.099 14.465 2.706 7.003
3 16 14.465 2.706 7.003 11.565 -3.461 10.063 13.8689 -4.7355 6.1645
3 16 13.8689 -4.7355 6.1645 11.565 -3.461 10.063 10.745 -7.104 9.213
3 16 13.8689 -4.7355 6.1645 15.9525 -5.7054 4.3279 16.0749 1.2103 4.315
3 16 16.0749 1.2103 4.315 14.465 2.706 7.003 13.8689 -4.7355 6.1645
3 16 16.0749 1.2103 4.315 17.29 -.228 1.398 17.287 6.874 3.263
3 16 14.465 2.706 7.003 16.0749 1.2103 4.315 17.287 6.874 3.263
3 16 17.287 6.874 3.263 17.29 -.228 1.398 17.571 4.134 -.054
3 16 17.286 5.185 -3.85 17.571 4.134 -.054 17.29 -.228 1.398
3 16 17.286 5.185 -3.85 17.29 -.228 1.398 16.375 -2.494 -3.6
3 16 17.285 -6.997 2.147 17.29 -.228 1.398 16.0749 1.2103 4.315
3 16 16.0749 1.2103 4.315 15.9525 -5.7054 4.3279 17.285 -6.997 2.147
3 16 13.8689 -4.7355 6.1645 10.745 -7.104 9.213 13.2995 -9.6013 6.2027
3 16 13.8689 -4.7355 6.1645 13.2995 -9.6013 6.2027 16.2723 -11.6856 4.275
3 16 16.2723 -11.6856 4.275 15.9525 -5.7054 4.3279 13.8689 -4.7355 6.1645
3 16 16.2723 -11.6856 4.275 17.808 -12.718 1.671 17.285 -6.997 2.147
3 16 16.2723 -11.6856 4.275 17.285 -6.997 2.147 15.9525 -5.7054 4.3279
3 16 17.571 4.134 -.054 18.293 8.632 -2.084 17.287 6.874 3.263
3 16 17.571 4.134 -.054 17.286 5.185 -3.85 18.293 8.632 -2.084
3 16 14.481 8.994 8.007 14.465 2.706 7.003 17.287 6.874 3.263
3 16 14.481 8.994 8.007 17.287 6.874 3.263 17.031 10.242 4.1
3 16 17.031 10.242 4.1 17.287 6.874 3.263 18.293 8.632 -2.084
3 16 17.031 10.242 4.1 18.293 8.632 -2.084 18.092 11.544 -1.273
3 16 17.977 11.833 -2.477 18.092 11.544 -1.273 18.293 8.632 -2.084
3 16 2.74 20.468 -26.543 0 19.912 -26.214 0 20.378 -27.168
3 16 2.74 20.468 -26.543 2.348 19.969 -25.38 0 19.912 -26.214
3 16 3.044 19.85 -24.259 2.348 19.969 -25.38 2.74 20.468 -26.543
3 16 3.044 19.85 -24.259 2.74 20.468 -26.543 5.228 20.451 -24.827
3 16 3.044 19.85 -24.259 5.228 20.451 -24.827 4.853 19.953 -23.936
3 16 5.801 19.546 -22.529 4.853 19.953 -23.936 5.228 20.451 -24.827
3 16 5.801 19.546 -22.529 5.228 20.451 -24.827 7.602 19.608 -21.767
3 16 6.246 19.045 -21.256 5.801 19.546 -22.529 7.602 19.608 -21.767
3 16 6.246 19.045 -21.256 7.602 19.608 -21.767 7.201 18.299 -19.618
3 16 9.764 17.835 -17.333 7.201 18.299 -19.618 7.602 19.608 -21.767
3 16 9.764 17.835 -17.333 8.238 17.747 -18.234 7.201 18.299 -19.618
3 16 8.768 17.152 -17.052 8.238 17.747 -18.234 9.764 17.835 -17.333
3 16 6.246 19.045 -21.256 7.201 18.299 -19.618 5.902 18.54 -20.003
3 16 9.575 16.344 -15.885 8.768 17.152 -17.052 9.764 17.835 -17.333
3 16 11.574 15.479 -13.855 9.575 16.344 -15.885 9.764 17.835 -17.333
3 16 11.574 15.479 -13.855 10.41 15.277 -14.647 9.575 16.344 -15.885
3 16 9.575 16.344 -15.885 8.729 16.595 -16.354 8.768 17.152 -17.052
3 16 10.41 15.277 -14.647 11.574 15.479 -13.855 10.694 14.155 -12.836
3 16 14.145 13.687 -9.151 10.694 14.155 -12.836 11.574 15.479 -13.855
3 16 14.145 13.687 -9.151 11.557 12.881 -9.362 10.694 14.155 -12.836
3 16 9.436 12.523 -9.42 10.694 14.155 -12.836 11.557 12.881 -9.362
3 16 9.436 12.523 -9.42 8.165 13.136 -12.049 10.694 14.155 -12.836
3 16 14.145 13.687 -9.151 13.274 10.87 -6.849 11.557 12.881 -9.362
3 16 14.145 13.687 -9.151 16.478 11.73 -5.043 13.274 10.87 -6.849
3 16 11.557 12.881 -9.362 10.88 10.809 -7.457 9.436 12.523 -9.42
3 16 11.557 12.881 -9.362 13.274 10.87 -6.849 10.88 10.809 -7.457
3 16 10.88 10.809 -7.457 13.274 10.87 -6.849 12.951 8.587 -7.298
3 16 10.88 10.809 -7.457 12.951 8.587 -7.298 10.849 8.978 -7.445
3 16 11.128 5.698 -9.231 10.849 8.978 -7.445 12.951 8.587 -7.298
3 16 13.061 4.232 -9.659 11.128 5.698 -9.231 12.951 8.587 -7.298
3 16 9.395 4.356 -11.332 11.128 5.698 -9.231 13.061 4.232 -9.659
3 16 9.395 4.356 -11.332 13.061 4.232 -9.659 10.586 2.784 -13.001
3 16 13.061 4.232 -9.659 12.951 8.587 -7.298 16.161 7.747 -6.868
3 16 13.274 10.87 -6.849 16.161 7.747 -6.868 12.951 8.587 -7.298
3 16 11.128 5.698 -9.231 9.1923 6.624 -9.1923 10.849 8.978 -7.445
3 16 9.395 4.356 -11.332 9.1923 6.624 -9.1923 11.128 5.698 -9.231
3 16 13.274 10.87 -6.849 17.162 9.649 -5.633 16.161 7.747 -6.868
3 16 16.478 11.73 -5.043 17.162 9.649 -5.633 13.274 10.87 -6.849
3 16 16.478 11.73 -5.043 17.589 11.08 -4.458 17.162 9.649 -5.633
3 16 9.395 4.356 -11.332 6.88 5.321 -11.019 9.1923 6.624 -9.1923
3 16 9.395 4.356 -11.332 7.462 4.55 -13.707 6.88 5.321 -11.019
3 16 5.743 5.066 -13.392 6.88 5.321 -11.019 7.462 4.55 -13.707
3 16 5.743 5.066 -13.392 4.9751 5.1961 -12.0107 6.88 5.321 -11.019
3 16 5.743 5.066 -13.392 4.692 4.701 -14.381 1.946 5.067 -12.894
3 16 1.946 5.067 -12.894 4.9751 5.1961 -12.0107 5.743 5.066 -13.392
3 16 1.946 5.067 -12.894 4.692 4.701 -14.381 3.424 4.23 -14.888
3 16 4.338 4.078 -15.322 3.424 4.23 -14.888 4.692 4.701 -14.381
3 16 1.946 5.067 -12.894 3.424 4.23 -14.888 1.897 4.302 -14.74
3 16 0 5.073 -13.019 1.946 5.067 -12.894 1.897 4.302 -14.74
3 16 0 5.073 -13.019 1.897 4.302 -14.74 0 4.283 -14.902
3 16 9.058 3.658 -14.729 10.586 2.784 -13.001 9.793 2.886 -16.045
3 16 9.058 3.658 -14.729 9.793 2.886 -16.045 9.038 3.599 -16.595
3 16 8.465 3.667 -18.143 9.038 3.599 -16.595 9.793 2.886 -16.045
3 16 8.465 3.667 -18.143 9.793 2.886 -16.045 8.99 2.932 -19.134
3 16 8.109 3.416 -19.887 8.465 3.667 -18.143 8.99 2.932 -19.134
3 16 8.096 2.441 -22.864 8.109 3.416 -19.887 8.99 2.932 -19.134
3 16 8.096 2.441 -22.864 7.827 3.323 -22.047 8.109 3.416 -19.887
3 16 7.827 3.323 -22.047 8.096 2.441 -22.864 6.648 3.359 -23.565
3 16 6.648 3.359 -23.565 8.096 2.441 -22.864 6.742 1.354 -26.231
3 16 5.632 3.022 -24.545 5.518 3.612 -23.687 6.648 3.359 -23.565
3 16 5.632 3.022 -24.545 5.132 3.502 -24.036 5.518 3.612 -23.687
3 16 6.742 1.354 -26.231 5.632 3.022 -24.545 6.648 3.359 -23.565
3 16 5.162 2.21 -26.15 5.632 3.022 -24.545 6.742 1.354 -26.231
3 16 5.095 .408 -28.182 5.162 2.21 -26.15 6.742 1.354 -26.231
3 16 5.095 .408 -28.182 3.743 1.732 -27.464 5.162 2.21 -26.15
3 16 2.293 1.29 -28.195 3.743 1.732 -27.464 5.095 .408 -28.182
3 16 2.293 1.29 -28.195 5.095 .408 -28.182 2.526 -.255 -29.406
3 16 1.431 .859 -28.725 2.293 1.29 -28.195 2.526 -.255 -29.406
3 16 1.431 .859 -28.725 2.526 -.255 -29.406 0 -.491 -29.828
3 16 1.431 .859 -28.725 0 -.491 -29.828 0 .719 -28.961
3 16 2.621 2.081 -27.501 3.743 1.732 -27.464 2.293 1.29 -28.195
3 16 4.604 4.084 -23.689 5.518 3.612 -23.687 5.132 3.502 -24.036
3 16 0 -2 13 0 23.11 13.26 5.0134 23.074 12.1031
3 16 0 -2 13 5.0134 23.074 12.1031 4.9751 -2.2283 12.0107
3 16 4.9751 -2.2283 12.0107 5.0134 23.074 12.1031 9.578 23.078 9.033
3 16 4.9751 -2.2283 12.0107 9.578 23.078 9.033 9.1923 -2.8787 9.1923
3 16 9.1923 -2.8787 9.1923 9.578 23.078 9.033 12.396 23.134 4.451
3 16 9.1923 -2.8787 9.1923 12.396 23.134 4.451 12.0107 -3.8519 4.9751
3 16 13.169 23.107 -.005 12.0107 -3.8519 4.9751 12.396 23.134 4.451
3 16 13 -5 0 12.0107 -3.8519 4.9751 13.169 23.107 -.005
3 16 13 -5 0 13.169 23.107 -.005 12.843 23.092 -3.082
3 16 12.843 23.092 -3.082 12.0107 -5 -4.9751 13 -5 0
3 16 12.0107 -5 -4.9751 12.843 23.092 -3.082 11.757 23.116 -5.93
3 16 11.757 23.116 -5.93 10.849 8.978 -7.445 12.0107 -5 -4.9751
3 16 11.757 23.116 -5.93 10.88 10.809 -7.457 10.849 8.978 -7.445
3 16 10.88 10.809 -7.457 11.757 23.116 -5.93 9.436 12.523 -9.42
3 16 9.436 12.523 -9.42 11.757 23.116 -5.93 9.42 23.239 -9.285
3 16 9.436 12.523 -9.42 9.42 23.239 -9.285 8.165 13.136 -12.049
3 16 8.165 13.136 -12.049 9.42 23.239 -9.285 7.749 12.935 -13.143
3 16 7.749 12.935 -13.143 9.42 23.239 -9.285 7.224 12.491 -14.177
3 16 7.224 12.491 -14.177 9.42 23.239 -9.285 7.481 23.664 -13.825
3 16 7.224 12.491 -14.177 7.481 23.664 -13.825 6.892 12.918 -15.217
3 16 6.892 12.918 -15.217 7.481 23.664 -13.825 6.496 13.542 -16.141
3 16 6.496 13.542 -16.141 7.481 23.664 -13.825 6.293 14.899 -16.895
3 16 6.293 14.899 -16.895 7.481 23.664 -13.825 5.679 14.702 -17.976
3 16 5.679 14.702 -17.976 7.481 23.664 -13.825 5.687 24.428 -18.128
3 16 5.679 14.702 -17.976 5.687 24.428 -18.128 5.25 14.986 -18.908
3 16 5.25 14.986 -18.908 5.687 24.428 -18.128 4.857 15.508 -19.753
3 16 5.687 24.428 -18.128 4.57 16.273 -20.425 4.857 15.508 -19.753
3 16 5.687 24.428 -18.128 3.921 25.27 -21.389 4.57 16.273 -20.425
3 16 4.57 16.273 -20.425 3.921 25.27 -21.389 3.756 16.344 -21.518
3 16 3.756 16.344 -21.518 3.921 25.27 -21.389 3.177 16.56 -22.185
3 16 3.921 25.27 -21.389 2.476 16.831 -22.796 3.177 16.56 -22.185
3 16 3.921 25.27 -21.389 1.606 25.842 -23.134 2.476 16.831 -22.796
3 16 2.476 16.831 -22.796 1.606 25.842 -23.134 1.801 16.974 -23.083
3 16 1.801 16.974 -23.083 1.606 25.842 -23.134 .842 17.047 -23.291
3 16 .842 17.047 -23.291 1.606 25.842 -23.134 0 25.863 -23.393
3 16 .842 17.047 -23.291 0 25.863 -23.393 0 17.022 -23.342
3 16 0 -5 -9 4.9751 -5 -12.0107 0 -5 -13
3 16 0 -5 -9 3.4443 -5 -8.3151 4.9751 -5 -12.0107
3 16 0 -2 13 4.9751 -2.2283 12.0107 0 -5 9
3 16 3.4443 -5 8.3151 0 -5 9 4.9751 -2.2283 12.0107
3 16 3.4443 -5 8.3151 4.9751 -2.2283 12.0107 9.1923 -2.8787 9.1923
3 16 9.1923 -2.8787 9.1923 6.3639 -5 6.3639 3.4443 -5 8.3151
3 16 6.3639 -5 6.3639 9.1923 -2.8787 9.1923 12.0107 -3.8519 4.9751
3 16 12.0107 -3.8519 4.9751 8.3151 -5 3.4443 6.3639 -5 6.3639
3 16 8.3151 -5 3.4443 12.0107 -3.8519 4.9751 13 -5 0
3 16 13 -5 0 9 -5 0 8.3151 -5 3.4443
3 16 9 -5 0 13 -5 0 8.3151 -5 -3.4443
3 16 12.0107 -5 -4.9751 8.3151 -5 -3.4443 13 -5 0
3 16 6.3639 -5 -6.3639 8.3151 -5 -3.4443 12.0107 -5 -4.9751
3 16 3.4443 -5 -8.3151 6.3639 -5 -6.3639 12.0107 -5 -4.9751
3 16 9.1923 -5 -9.1923 4.9751 -5 -12.0107 3.4443 -5 -8.3151
3 16 12.0107 -5 -4.9751 9.1923 -5 -9.1923 3.4443 -5 -8.3151
3 16 3.537 22.457 16.376 0 23.11 13.26 0 22.617 16.802
3 16 3.537 22.457 16.376 5.0134 23.074 12.1031 0 23.11 13.26
3 16 7.053 22.521 14.931 5.0134 23.074 12.1031 3.537 22.457 16.376
3 16 9.578 23.078 9.033 5.0134 23.074 12.1031 7.053 22.521 14.931
3 16 9.578 23.078 9.033 7.053 22.521 14.931 10.913 22.488 12.528
3 16 13.867 22.382 9.351 9.578 23.078 9.033 10.913 22.488 12.528
3 16 13.867 22.382 9.351 12.396 23.134 4.451 9.578 23.078 9.033
3 16 13.867 22.382 9.351 16.067 22.407 5.343 12.396 23.134 4.451
3 16 13.169 23.107 -.005 12.396 23.134 4.451 16.067 22.407 5.343
3 16 13.169 23.107 -.005 16.067 22.407 5.343 16.579 22.449 -.38
3 16 12.843 23.092 -3.082 13.169 23.107 -.005 16.579 22.449 -.38
3 16 12.843 23.092 -3.082 16.579 22.449 -.38 15.857 22.517 -3.792
3 16 11.757 23.116 -5.93 12.843 23.092 -3.082 15.857 22.517 -3.792
3 16 11.757 23.116 -5.93 15.857 22.517 -3.792 14.449 22.429 -7.435
3 16 9.42 23.239 -9.285 11.757 23.116 -5.93 14.449 22.429 -7.435
3 16 9.42 23.239 -9.285 14.449 22.429 -7.435 12.229 22.551 -11.431
3 16 7.481 23.664 -13.825 9.42 23.239 -9.285 12.229 22.551 -11.431
3 16 7.481 23.664 -13.825 12.229 22.551 -11.431 9.918 23.087 -15.292
3 16 5.687 24.428 -18.128 7.481 23.664 -13.825 9.918 23.087 -15.292
3 16 5.687 24.428 -18.128 9.918 23.087 -15.292 7.973 23.91 -19.441
3 16 5.955 24.528 -22.801 5.687 24.428 -18.128 7.973 23.91 -19.441
3 16 5.955 24.528 -22.801 3.921 25.27 -21.389 5.687 24.428 -18.128
3 16 2.92 24.643 -25.184 3.921 25.27 -21.389 5.955 24.528 -22.801
3 16 2.92 24.643 -25.184 1.606 25.842 -23.134 3.921 25.27 -21.389
3 16 0 24.559 -25.784 1.606 25.842 -23.134 2.92 24.643 -25.184
3 16 0 24.559 -25.784 0 25.863 -23.393 1.606 25.842 -23.134
3 16 3.554 -5.6201 -25.6497 3.755 -5.169 -23.387 3.636 -6.808 -24.825
3 16 3.7028 -4.5974 -26.0164 4.212 -3.649 -25.789 3.755 -5.169 -23.387
3 16 3.554 -5.6201 -25.6497 3.7028 -4.5974 -26.0164 3.755 -5.169 -23.387
3 16 4.8092 -3.2257 -25.1264 5.2943 -3.5025 -24.125 3.755 -5.169 -23.387
3 16 4.212 -3.649 -25.789 4.8092 -3.2257 -25.1264 3.755 -5.169 -23.387
3 16 3.755 -5.169 -23.387 5.2943 -3.5025 -24.125 5.509 -4.638 -22.804
3 16 3.755 -5.169 -23.387 3.891 -7.876 -23.29 3.636 -6.808 -24.825
3 16 4.1093 -7.9681 -22.4077 3.891 -7.876 -23.29 3.755 -5.169 -23.387
3 16 4.466 -7.597 -21.653 4.1093 -7.9681 -22.4077 3.755 -5.169 -23.387
3 16 5.2914 -6.0156 -21.9389 3.755 -5.169 -23.387 5.509 -4.638 -22.804
3 16 4.9054 -6.9346 -21.5147 4.466 -7.597 -21.653 3.755 -5.169 -23.387
3 16 5.2914 -6.0156 -21.9389 4.9054 -6.9346 -21.5147 3.755 -5.169 -23.387
3 16 3.929 -3.048 -26.676 2.267 -1.661 -28.908 4.663 -1.059 -27.465
3 16 5.564 -2.119 -24.732 3.929 -3.048 -26.676 4.663 -1.059 -27.465
3 16 5.564 -2.119 -24.732 4.663 -1.059 -27.465 6.377 -.172 -25.366
3 16 4.663 -1.059 -27.465 2.267 -1.661 -28.908 2.526 -.255 -29.406
3 16 2.267 -1.661 -28.908 0 -.491 -29.828 2.526 -.255 -29.406
3 16 4.663 -1.059 -27.465 2.526 -.255 -29.406 5.095 .408 -28.182
3 16 6.377 -.172 -25.366 4.663 -1.059 -27.465 5.095 .408 -28.182
3 16 6.377 -.172 -25.366 5.095 .408 -28.182 6.742 1.354 -26.231
3 16 6.377 -.172 -25.366 6.742 1.354 -26.231 8.096 2.441 -22.864
3 16 6.377 -.172 -25.366 8.096 2.441 -22.864 7.581 .589 -22.264
3 16 7.581 .589 -22.264 5.564 -2.119 -24.732 6.377 -.172 -25.366
3 16 8.99 2.932 -19.134 7.581 .589 -22.264 8.096 2.441 -22.864
3 16 8.99 2.932 -19.134 8.409 .684 -18.959 7.581 .589 -22.264
3 16 9.793 2.886 -16.045 8.409 .684 -18.959 8.99 2.932 -19.134
3 16 9.793 2.886 -16.045 9.293 .652 -15.572 8.409 .684 -18.959
3 16 8.409 .684 -18.959 9.293 .652 -15.572 7.577 -3.65 -15.644
3 16 8.409 .684 -18.959 7.577 -3.65 -15.644 6.507 -4.373 -19.452
3 16 7.581 .589 -22.264 6.641 -2.469 -21.717 5.564 -2.119 -24.732
3 16 6.641 -2.469 -21.717 8.409 .684 -18.959 6.507 -4.373 -19.452
3 16 6.641 -2.469 -21.717 7.581 .589 -22.264 8.409 .684 -18.959
3 16 6.507 -4.373 -19.452 7.577 -3.65 -15.644 6.229 -7.224 -14.852
3 16 6.507 -4.373 -19.452 6.229 -7.224 -14.852 4.981 -7.982 -18.576
3 16 7.361 3.943 -19.171 8.465 3.667 -18.143 8.109 3.416 -19.887
3 16 7.361 3.943 -19.171 7.518 4.136 -18.552 8.465 3.667 -18.143
3 16 7.518 4.136 -18.552 7.361 3.943 -19.171 6.339 4.774 -18.696
3 16 4.401 5.451 -19.378 4.499 6.304 -20.072 3.955 5.769 -20.409
3 16 4.401 5.451 -19.378 4.966 6 -19.163 4.499 6.304 -20.072
3 16 5.137 5.607 -18.548 4.966 6 -19.163 4.401 5.451 -19.378
3 16 5.137 5.607 -18.548 4.401 5.451 -19.378 4.738 5.01 -18.43
3 16 3.905 6.234 -21.03 3.955 5.769 -20.409 4.499 6.304 -20.072
3 16 3.905 6.234 -21.03 3.163 6.111 -21.747 3.955 5.769 -20.409
3 16 4.338 4.078 -15.322 5.379 5.898 -15.106 4.896 4.529 -17.003
3 16 4.338 4.078 -15.322 4.692 4.701 -14.381 5.379 5.898 -15.106
3 16 5.379 5.898 -15.106 4.692 4.701 -14.381 5.743 5.066 -13.392
3 16 5.379 5.898 -15.106 5.743 5.066 -13.392 6.132 6.452 -14.438
3 16 5.379 5.898 -15.106 5.684 6.399 -17.377 4.896 4.529 -17.003
3 16 5.379 5.898 -15.106 5.966 6.802 -16.038 5.684 6.399 -17.377
3 16 6.132 6.452 -14.438 5.966 6.802 -16.038 5.379 5.898 -15.106
3 16 5.137 5.607 -18.548 4.896 4.529 -17.003 5.684 6.399 -17.377
3 16 5.137 5.607 -18.548 4.738 5.01 -18.43 4.896 4.529 -17.003
3 16 0 -6.212 -22.305 1.394 5.604 -22.845 0 5.678 -22.984
3 16 0 -6.212 -22.305 2.348 5.846 -22.498 1.394 5.604 -22.845
3 16 2.989 -.438 -21.717 2.348 5.846 -22.498 0 -6.212 -22.305
3 16 2.989 -.438 -21.717 3.163 6.111 -21.747 2.348 5.846 -22.498
3 16 2.989 -.438 -21.717 3.955 5.769 -20.409 3.163 6.111 -21.747
3 16 4.346 1.579 -19.5 3.955 5.769 -20.409 2.989 -.438 -21.717
3 16 4.346 1.579 -19.5 4.401 5.451 -19.378 3.955 5.769 -20.409
3 16 4.738 5.01 -18.43 4.401 5.451 -19.378 4.346 1.579 -19.5
3 16 4.738 5.01 -18.43 4.346 1.579 -19.5 4.851 1.26 -17.457
3 16 4.896 4.529 -17.003 4.738 5.01 -18.43 4.851 1.26 -17.457
3 16 4.338 4.078 -15.322 4.896 4.529 -17.003 4.851 1.26 -17.457
3 16 4.338 4.078 -15.322 4.851 1.26 -17.457 4.803 .369 -16.218
3 16 4.338 4.078 -15.322 4.803 .369 -16.218 4.004 -2.135 -15.307
3 16 4.004 -2.135 -15.307 3.424 4.23 -14.888 4.338 4.078 -15.322
3 16 1.897 4.302 -14.74 3.424 4.23 -14.888 4.004 -2.135 -15.307
3 16 2.052 -6.973 -15.136 1.897 4.302 -14.74 4.004 -2.135 -15.307
3 16 2.052 -6.973 -15.136 0 4.283 -14.902 1.897 4.302 -14.74
3 16 2.052 -6.973 -15.136 0 -8.092 -15.221 0 4.283 -14.902
3 16 0 -8.092 -15.221 2.052 -6.973 -15.136 0 -6.212 -22.305
3 16 2.989 -.438 -21.717 0 -6.212 -22.305 2.052 -6.973 -15.136
3 16 4.004 -2.135 -15.307 2.989 -.438 -21.717 2.052 -6.973 -15.136
3 16 4.004 -2.135 -15.307 4.346 1.579 -19.5 2.989 -.438 -21.717
3 16 4.004 -2.135 -15.307 4.851 1.26 -17.457 4.346 1.579 -19.5
3 16 4.004 -2.135 -15.307 4.803 .369 -16.218 4.851 1.26 -17.457
3 16 4.9751 -5 -12.0107 0 5.073 -13.019 0 -5 -13
3 16 4.9751 -5 -12.0107 1.946 5.067 -12.894 0 5.073 -13.019
3 16 4.9751 -5 -12.0107 4.9751 5.1961 -12.0107 1.946 5.067 -12.894
3 16 4.9751 -5 -12.0107 6.88 5.321 -11.019 4.9751 5.1961 -12.0107
3 16 6.88 5.321 -11.019 4.9751 -5 -12.0107 9.1923 -5 -9.1923
3 16 9.1923 -5 -9.1923 12.0107 -5 -4.9751 10.849 8.978 -7.445
3 16 9.1923 -5 -9.1923 9.1923 6.624 -9.1923 6.88 5.321 -11.019
3 16 10.849 8.978 -7.445 9.1923 6.624 -9.1923 9.1923 -5 -9.1923
3 16 9.058 3.658 -14.729 9.395 4.356 -11.332 10.586 2.784 -13.001
3 16 9.058 3.658 -14.729 7.462 4.55 -13.707 9.395 4.356 -11.332
3 16 15.857 22.517 -3.792 16.579 22.449 -.38 17.434 16.109 -.66
3 16 16.579 22.449 -.38 16.546 16.655 4.696 17.434 16.109 -.66
3 16 16.579 22.449 -.38 16.067 22.407 5.343 16.546 16.655 4.696
5 24 2.267 -1.661 -28.908 0 -1.733 -29.425 0 -.491 -29.828 1.789 -3.915 -28.101
5 24 0 -.491 -29.828 2.267 -1.661 -28.908 0 -1.733 -29.425 2.526 -.255 -29.406
5 24 1.789 -3.915 -28.101 0 -1.733 -29.425 2.267 -1.661 -28.908 0 -4.09 -28.574
5 24 2.267 -1.661 -28.908 1.789 -3.915 -28.101 0 -1.733 -29.425 3.929 -3.048 -26.676
5 24 1.789 -3.915 -28.101 0 -4.09 -28.574 0 -1.733 -29.425 0 -6.096 -27.8
5 24 1.789 -3.915 -28.101 0 -6.096 -27.8 0 -4.09 -28.574 1.752 -6.095 -27.292
5 24 1.789 -3.915 -28.101 1.752 -6.095 -27.292 0 -6.096 -27.8 2.993 -5.641 -26.494
5 24 1.752 -6.095 -27.292 0 -6.096 -27.8 1.789 -3.915 -28.101 0 -8.889 -26.161
5 24 1.789 -3.915 -28.101 2.993 -5.641 -26.494 1.752 -6.095 -27.292 3.929 -3.048 -26.676
5 24 2.993 -5.641 -26.494 1.752 -6.095 -27.292 1.789 -3.915 -28.101 2.954 -7.698 -25.231
5 24 1.789 -3.915 -28.101 3.929 -3.048 -26.676 2.993 -5.641 -26.494 2.267 -1.661 -28.908
5 24 3.929 -3.048 -26.676 2.993 -5.641 -26.494 1.789 -3.915 -28.101 3.7028 -4.5974 -26.0164
5 24 2.267 -1.661 -28.908 3.929 -3.048 -26.676 1.789 -3.915 -28.101 4.663 -1.059 -27.465
5 24 3.929 -3.048 -26.676 4.212 -3.649 -25.789 3.7028 -4.5974 -26.0164 4.8092 -3.2257 -25.1264
5 24 3.7028 -4.5974 -26.0164 3.929 -3.048 -26.676 2.993 -5.641 -26.494 4.212 -3.649 -25.789
2 24 3.7028 -4.5974 -26.0164 3.554 -5.6201 -25.6497
2 24 4.212 -3.649 -25.789 3.7028 -4.5974 -26.0164
5 24 3.554 -5.6201 -25.6497 2.993 -5.641 -26.494 4.212 -3.649 -25.789 3.636 -6.808 -24.825
5 24 3.929 -3.048 -26.676 4.8092 -3.2257 -25.1264 5.564 -2.119 -24.732 4.212 -3.649 -25.789
5 24 3.929 -3.048 -26.676 5.564 -2.119 -24.732 4.663 -1.059 -27.465 4.8092 -3.2257 -25.1264
5 24 5.564 -2.119 -24.732 5.2943 -3.5025 -24.125 4.212 -3.649 -25.789 6.641 -2.469 -21.717
2 24 4.8092 -3.2257 -25.1264 4.212 -3.649 -25.789
2 24 5.2943 -3.5025 -24.125 4.8092 -3.2257 -25.1264
5 24 6.641 -2.469 -21.717 5.2943 -3.5025 -24.125 5.564 -2.119 -24.732 5.509 -4.638 -22.804
5 24 5.564 -2.119 -24.732 6.641 -2.469 -21.717 5.2943 -3.5025 -24.125 7.581 .589 -22.264
5 24 6.641 -2.469 -21.717 5.509 -4.638 -22.804 5.2943 -3.5025 -24.125 6.507 -4.373 -19.452
2 24 5.509 -4.638 -22.804 5.2943 -3.5025 -24.125
5 24 6.507 -4.373 -19.452 5.509 -4.638 -22.804 6.641 -2.469 -21.717 5.2914 -6.0156 -21.9389
5 24 6.641 -2.469 -21.717 6.507 -4.373 -19.452 5.509 -4.638 -22.804 8.409 .684 -18.959
5 24 6.507 -4.373 -19.452 5.2914 -6.0156 -21.9389 5.509 -4.638 -22.804 4.981 -7.982 -18.576
2 24 5.2914 -6.0156 -21.9389 5.509 -4.638 -22.804
5 24 4.981 -7.982 -18.576 5.2914 -6.0156 -21.9389 6.507 -4.373 -19.452 4.466 -7.597 -21.653
5 24 6.507 -4.373 -19.452 4.981 -7.982 -18.576 5.2914 -6.0156 -21.9389 6.229 -7.224 -14.852
5 24 4.981 -7.982 -18.576 4.466 -7.597 -21.653 5.2914 -6.0156 -21.9389 4.1093 -7.9681 -22.4077
2 24 4.9054 -6.9346 -21.5147 5.2914 -6.0156 -21.9389
2 24 4.466 -7.597 -21.653 4.9054 -6.9346 -21.5147
5 24 4.981 -7.982 -18.576 4.1093 -7.9681 -22.4077 3.463 -9.189 -23.053 4.466 -7.597 -21.653
5 24 4.981 -7.982 -18.576 3.463 -9.189 -23.053 3.832 -9.979 -18.706 4.1093 -7.9681 -22.4077
5 24 3.463 -9.189 -23.053 3.891 -7.876 -23.29 4.466 -7.597 -21.653 2.954 -7.698 -25.231
2 24 4.1093 -7.9681 -22.4077 4.466 -7.597 -21.653
2 24 3.891 -7.876 -23.29 4.1093 -7.9681 -22.4077
5 24 3.463 -9.189 -23.053 2.954 -7.698 -25.231 3.891 -7.876 -23.29 1.7 -8.515 -25.794
5 24 2.954 -7.698 -25.231 3.891 -7.876 -23.29 3.463 -9.189 -23.053 3.636 -6.808 -24.825
5 24 2.954 -7.698 -25.231 1.752 -6.095 -27.292 2.993 -5.641 -26.494 1.7 -8.515 -25.794
5 24 2.993 -5.641 -26.494 2.954 -7.698 -25.231 1.752 -6.095 -27.292 3.636 -6.808 -24.825
5 24 2.954 -7.698 -25.231 3.636 -6.808 -24.825 3.891 -7.876 -23.29 2.993 -5.641 -26.494
2 24 3.636 -6.808 -24.825 3.891 -7.876 -23.29
5 24 3.636 -6.808 -24.825 2.993 -5.641 -26.494 3.554 -5.6201 -25.6497 2.954 -7.698 -25.231
2 24 3.554 -5.6201 -25.6497 3.636 -6.808 -24.825
5 24 1.7 -8.515 -25.794 2.954 -7.698 -25.231 3.463 -9.189 -23.053 1.752 -6.095 -27.292
5 24 3.463 -9.189 -23.053 1.7 -8.515 -25.794 2.954 -7.698 -25.231 1.895 -10.389 -23.549
5 24 1.7 -8.515 -25.794 1.752 -6.095 -27.292 2.954 -7.698 -25.231 0 -8.889 -26.161
5 24 0 -8.889 -26.161 1.752 -6.095 -27.292 1.7 -8.515 -25.794 0 -6.096 -27.8
5 24 1.7 -8.515 -25.794 0 -8.889 -26.161 1.752 -6.095 -27.292 0 -10.784 -24.051
5 24 3.463 -9.189 -23.053 1.895 -10.389 -23.549 1.7 -8.515 -25.794 2.196 -11.327 -18.9
5 24 1.895 -10.389 -23.549 1.7 -8.515 -25.794 3.463 -9.189 -23.053 0 -10.784 -24.051
5 24 1.7 -8.515 -25.794 0 -10.784 -24.051 0 -8.889 -26.161 1.895 -10.389 -23.549
5 24 1.895 -10.389 -23.549 0 -10.784 -24.051 1.7 -8.515 -25.794 0 -12.072 -18.985
5 24 1.895 -10.389 -23.549 0 -12.072 -18.985 0 -10.784 -24.051 2.196 -11.327 -18.9
5 24 1.895 -10.389 -23.549 2.196 -11.327 -18.9 0 -12.072 -18.985 3.463 -9.189 -23.053
5 24 2.196 -11.327 -18.9 0 -12.072 -18.985 1.895 -10.389 -23.549 3.083 -10.733 -13.648
5 24 3.463 -9.189 -23.053 2.196 -11.327 -18.9 1.895 -10.389 -23.549 3.832 -9.979 -18.706
5 24 3.463 -9.189 -23.053 3.832 -9.979 -18.706 2.196 -11.327 -18.9 4.981 -7.982 -18.576
5 24 3.832 -9.979 -18.706 2.196 -11.327 -18.9 3.463 -9.189 -23.053 3.083 -10.733 -13.648
5 24 4.981 -7.982 -18.576 3.832 -9.979 -18.706 3.463 -9.189 -23.053 5.145 -9.486 -14.478
5 24 2.196 -11.327 -18.9 3.083 -10.733 -13.648 0 -12.072 -18.985 3.832 -9.979 -18.706
5 24 3.083 -10.733 -13.648 0 -12.072 -18.985 2.196 -11.327 -18.9 0 -11.45 -12.69
5 24 3.832 -9.979 -18.706 3.083 -10.733 -13.648 2.196 -11.327 -18.9 5.145 -9.486 -14.478
5 24 3.083 -10.733 -13.648 0 -11.45 -12.69 0 -12.072 -18.985 4.156 -9.512 -9.186
5 24 3.083 -10.733 -13.648 4.156 -9.512 -9.186 0 -11.45 -12.69 5.145 -9.486 -14.478
5 24 4.156 -9.512 -9.186 0 -11.45 -12.69 3.083 -10.733 -13.648 0 -9.863 -8.642
5 24 4.156 -9.512 -9.186 0 -9.863 -8.642 0 -11.45 -12.69 0 -10.527 -5.549
5 24 3.083 -10.733 -13.648 5.145 -9.486 -14.478 4.156 -9.512 -9.186 3.832 -9.979 -18.706
5 24 5.145 -9.486 -14.478 4.156 -9.512 -9.186 3.083 -10.733 -13.648 7.314 -8.463 -10.227
5 24 3.832 -9.979 -18.706 5.145 -9.486 -14.478 3.083 -10.733 -13.648 4.981 -7.982 -18.576
5 24 5.145 -9.486 -14.478 7.314 -8.463 -10.227 4.156 -9.512 -9.186 6.229 -7.224 -14.852
5 24 7.314 -8.463 -10.227 4.156 -9.512 -9.186 5.145 -9.486 -14.478 7.682 -10.89 -6.224
5 24 5.145 -9.486 -14.478 6.229 -7.224 -14.852 7.314 -8.463 -10.227 4.981 -7.982 -18.576
5 24 6.229 -7.224 -14.852 7.314 -8.463 -10.227 5.145 -9.486 -14.478 8.515 -6.279 -10.729
5 24 6.229 -7.224 -14.852 8.515 -6.279 -10.729 7.314 -8.463 -10.227 7.577 -3.65 -15.644
5 24 8.515 -6.279 -10.729 7.314 -8.463 -10.227 6.229 -7.224 -14.852 12.988 -7.764 -7.131
5 24 6.229 -7.224 -14.852 7.577 -3.65 -15.644 8.515 -6.279 -10.729 6.507 -4.373 -19.452
5 24 7.577 -3.65 -15.644 8.515 -6.279 -10.729 6.229 -7.224 -14.852 9.353 -3.129 -11.334
5 24 7.577 -3.65 -15.644 9.353 -3.129 -11.334 8.515 -6.279 -10.729 9.293 .652 -15.572
5 24 9.353 -3.129 -11.334 8.515 -6.279 -10.729 7.577 -3.65 -15.644 12.988 -7.764 -7.131
5 24 5.145 -9.486 -14.478 4.981 -7.982 -18.576 6.229 -7.224 -14.852 3.832 -9.979 -18.706
5 24 4.981 -7.982 -18.576 6.229 -7.224 -14.852 5.145 -9.486 -14.478 6.507 -4.373 -19.452
5 24 7.577 -3.65 -15.644 9.293 .652 -15.572 9.353 -3.129 -11.334 8.409 .684 -18.959
5 24 9.293 .652 -15.572 9.353 -3.129 -11.334 7.577 -3.65 -15.644 10.323 .776 -12.442
5 24 9.293 .652 -15.572 10.323 .776 -12.442 9.353 -3.129 -11.334 10.586 2.784 -13.001
5 24 10.323 .776 -12.442 9.353 -3.129 -11.334 9.293 .652 -15.572 14.566 2.814 -7.288
5 24 12.988 -7.764 -7.131 7.314 -8.463 -10.227 8.515 -6.279 -10.729 12.393 -11.238 -7.272
5 24 8.515 -6.279 -10.729 12.988 -7.764 -7.131 7.314 -8.463 -10.227 9.353 -3.129 -11.334
5 24 12.988 -7.764 -7.131 12.393 -11.238 -7.272 7.314 -8.463 -10.227 16.537 -8.081 -3.573
2 24 12.393 -11.238 -7.272 7.314 -8.463 -10.227
5 24 12.988 -7.764 -7.131 9.353 -3.129 -11.334 8.515 -6.279 -10.729 13.375 -3.125 -7.233
5 24 9.353 -3.129 -11.334 13.375 -3.125 -7.233 14.566 2.814 -7.288 12.988 -7.764 -7.131
5 24 13.375 -3.125 -7.233 12.988 -7.764 -7.131 16.537 -8.081 -3.573 9.353 -3.129 -11.334
5 24 14.566 2.814 -7.288 9.353 -3.129 -11.334 13.375 -3.125 -7.233 10.323 .776 -12.442
5 24 10.323 .776 -12.442 14.566 2.814 -7.288 13.061 4.232 -9.659 9.353 -3.129 -11.334
5 24 14.566 2.814 -7.288 13.375 -3.125 -7.233 16.375 -2.494 -3.6 9.353 -3.129 -11.334
5 24 16.537 -8.081 -3.573 12.393 -11.238 -7.272 12.988 -7.764 -7.131 16.274 -12.923 -3.817
5 24 12.988 -7.764 -7.131 16.537 -8.081 -3.573 12.393 -11.238 -7.272 8.515 -6.279 -10.729
5 24 13.375 -3.125 -7.233 16.537 -8.081 -3.573 16.375 -2.494 -3.6 8.515 -6.279 -10.729
5 24 16.537 -8.081 -3.573 16.274 -12.923 -3.817 12.393 -11.238 -7.272 17.808 -12.718 1.671
2 24 16.274 -12.923 -3.817 12.393 -11.238 -7.272
5 24 13.375 -3.125 -7.233 16.375 -2.494 -3.6 16.537 -8.081 -3.573 14.566 2.814 -7.288
5 24 16.375 -2.494 -3.6 16.537 -8.081 -3.573 13.375 -3.125 -7.233 17.285 -6.997 2.147
5 24 14.566 2.814 -7.288 16.375 -2.494 -3.6 13.375 -3.125 -7.233 17.286 5.185 -3.85
5 24 10.586 2.784 -13.001 10.323 .776 -12.442 9.293 .652 -15.572 13.061 4.232 -9.659
5 24 9.293 .652 -15.572 10.586 2.784 -13.001 10.323 .776 -12.442 9.793 2.886 -16.045
5 24 9.293 .652 -15.572 9.793 2.886 -16.045 10.586 2.784 -13.001 8.409 .684 -18.959
2 24 9.793 2.886 -16.045 10.586 2.784 -13.001
5 24 13.061 4.232 -9.659 10.323 .776 -12.442 10.586 2.784 -13.001 14.566 2.814 -7.288
2 24 10.586 2.784 -13.001 13.061 4.232 -9.659
5 24 13.061 4.232 -9.659 14.566 2.814 -7.288 10.323 .776 -12.442 16.161 7.747 -6.868
2 24 13.061 4.232 -9.659 16.161 7.747 -6.868
5 24 16.161 7.747 -6.868 14.566 2.814 -7.288 13.061 4.232 -9.659 17.286 5.185 -3.85
5 24 16.161 7.747 -6.868 17.286 5.185 -3.85 14.566 2.814 -7.288 17.162 9.649 -5.633
5 24 17.286 5.185 -3.85 14.566 2.814 -7.288 16.161 7.747 -6.868 16.375 -2.494 -3.6
5 24 17.286 5.185 -3.85 16.375 -2.494 -3.6 14.566 2.814 -7.288 17.29 -.228 1.398
2 24 16.161 7.747 -6.868 17.162 9.649 -5.633
5 24 17.162 9.649 -5.633 17.286 5.185 -3.85 16.161 7.747 -6.868 18.293 8.632 -2.084
5 24 17.162 9.649 -5.633 18.293 8.632 -2.084 17.286 5.185 -3.85 17.589 11.08 -4.458
5 24 18.293 8.632 -2.084 17.286 5.185 -3.85 17.162 9.649 -5.633 17.571 4.134 -.054
5 24 17.589 11.08 -4.458 18.293 8.632 -2.084 17.162 9.649 -5.633 17.977 11.833 -2.477
2 24 17.162 9.649 -5.633 17.589 11.08 -4.458
5 24 17.977 11.833 -2.477 18.293 8.632 -2.084 17.589 11.08 -4.458 18.092 11.544 -1.273
5 24 14.145 13.687 -9.151 14.848 16.692 -8.511 17.03 15.257 -3.916 12.295 18.267 -12.949
5 24 14.848 16.692 -8.511 17.03 15.257 -3.916 14.145 13.687 -9.151 15.857 22.517 -3.792
5 24 14.145 13.687 -9.151 12.295 18.267 -12.949 14.848 16.692 -8.511 11.574 15.479 -13.855
5 24 12.295 18.267 -12.949 14.848 16.692 -8.511 14.145 13.687 -9.151 12.229 22.551 -11.431
2 24 14.145 13.687 -9.151 11.574 15.479 -13.855
5 24 11.574 15.479 -13.855 12.295 18.267 -12.949 14.145 13.687 -9.151 9.764 17.835 -17.333
2 24 11.574 15.479 -13.855 9.764 17.835 -17.333
5 24 9.764 17.835 -17.333 12.295 18.267 -12.949 11.574 15.479 -13.855 10.037 19.966 -16.746
5 24 9.764 17.835 -17.333 10.037 19.966 -16.746 12.295 18.267 -12.949 7.979 21.447 -20.95
5 24 10.037 19.966 -16.746 12.295 18.267 -12.949 9.764 17.835 -17.333 9.918 23.087 -15.292
5 24 9.764 17.835 -17.333 7.979 21.447 -20.95 10.037 19.966 -16.746 7.602 19.608 -21.767
5 24 7.979 21.447 -20.95 10.037 19.966 -16.746 9.764 17.835 -17.333 7.973 23.91 -19.441
2 24 9.764 17.835 -17.333 7.602 19.608 -21.767
5 24 7.602 19.608 -21.767 7.979 21.447 -20.95 9.764 17.835 -17.333 5.752 22.116 -24.241
5 24 7.602 19.608 -21.767 5.752 22.116 -24.241 7.979 21.447 -20.95 5.228 20.451 -24.827
5 24 5.752 22.116 -24.241 7.979 21.447 -20.95 7.602 19.608 -21.767 5.955 24.528 -22.801
2 24 7.602 19.608 -21.767 5.228 20.451 -24.827
5 24 5.228 20.451 -24.827 5.752 22.116 -24.241 7.602 19.608 -21.767 2.921 22.323 -26.21
5 24 5.228 20.451 -24.827 2.921 22.323 -26.21 5.752 22.116 -24.241 2.74 20.468 -26.543
5 24 2.921 22.323 -26.21 5.752 22.116 -24.241 5.228 20.451 -24.827 2.92 24.643 -25.184
2 24 5.228 20.451 -24.827 2.74 20.468 -26.543
5 24 2.74 20.468 -26.543 2.921 22.323 -26.21 5.228 20.451 -24.827 0 22.249 -26.708
5 24 2.74 20.468 -26.543 0 22.249 -26.708 2.921 22.323 -26.21 0 20.378 -27.168
5 24 0 22.249 -26.708 2.921 22.323 -26.21 2.74 20.468 -26.543 0 24.559 -25.784
2 24 2.74 20.468 -26.543 0 20.378 -27.168
5 24 0 24.559 -25.784 2.921 22.323 -26.21 0 22.249 -26.708 2.92 24.643 -25.184
2 24 0 24.559 -25.784 2.92 24.643 -25.184
5 24 2.92 24.643 -25.184 2.921 22.323 -26.21 0 24.559 -25.784 5.752 22.116 -24.241
5 24 2.92 24.643 -25.184 5.752 22.116 -24.241 2.921 22.323 -26.21 5.955 24.528 -22.801
2 24 2.92 24.643 -25.184 5.955 24.528 -22.801
5 24 5.955 24.528 -22.801 5.752 22.116 -24.241 2.92 24.643 -25.184 7.979 21.447 -20.95
5 24 5.955 24.528 -22.801 7.979 21.447 -20.95 5.752 22.116 -24.241 7.973 23.91 -19.441
5 24 7.973 23.91 -19.441 10.037 19.966 -16.746 7.979 21.447 -20.95 9.918 23.087 -15.292
5 24 7.979 21.447 -20.95 7.973 23.91 -19.441 10.037 19.966 -16.746 5.955 24.528 -22.801
2 24 5.955 24.528 -22.801 7.973 23.91 -19.441
2 24 7.973 23.91 -19.441 9.918 23.087 -15.292
5 24 9.918 23.087 -15.292 10.037 19.966 -16.746 7.973 23.91 -19.441 12.295 18.267 -12.949
5 24 9.918 23.087 -15.292 12.295 18.267 -12.949 10.037 19.966 -16.746 12.229 22.551 -11.431
2 24 9.918 23.087 -15.292 12.229 22.551 -11.431
5 24 12.229 22.551 -11.431 12.295 18.267 -12.949 9.918 23.087 -15.292 14.848 16.692 -8.511
5 24 12.229 22.551 -11.431 14.848 16.692 -8.511 12.295 18.267 -12.949 14.449 22.429 -7.435
2 24 12.229 22.551 -11.431 14.449 22.429 -7.435
5 24 14.449 22.429 -7.435 14.848 16.692 -8.511 12.229 22.551 -11.431 15.857 22.517 -3.792
2 24 14.449 22.429 -7.435 15.857 22.517 -3.792
5 24 15.857 22.517 -3.792 14.848 16.692 -8.511 14.449 22.429 -7.435 17.03 15.257 -3.916
5 24 15.857 22.517 -3.792 17.03 15.257 -3.916 14.848 16.692 -8.511 17.434 16.109 -.66
5 24 15.857 22.517 -3.792 17.434 16.109 -.66 17.03 15.257 -3.916 16.579 22.449 -.38
5 24 17.434 16.109 -.66 17.03 15.257 -3.916 15.857 22.517 -3.792 17.977 11.833 -2.477
5 24 17.434 16.109 -.66 17.977 11.833 -2.477 17.03 15.257 -3.916 18.092 11.544 -1.273
5 24 17.434 16.109 -.66 18.092 11.544 -1.273 17.977 11.833 -2.477 17.031 10.242 4.1
5 24 18.092 11.544 -1.273 17.977 11.833 -2.477 17.434 16.109 -.66 18.293 8.632 -2.084
5 24 17.031 10.242 4.1 18.092 11.544 -1.273 17.434 16.109 -.66 18.293 8.632 -2.084
5 24 17.434 16.109 -.66 17.031 10.242 4.1 18.092 11.544 -1.273 16.546 16.655 4.696
5 24 17.434 16.109 -.66 16.546 16.655 4.696 17.031 10.242 4.1 16.579 22.449 -.38
5 24 16.546 16.655 4.696 17.031 10.242 4.1 17.434 16.109 -.66 14.092 16.435 8.896
5 24 16.546 16.655 4.696 14.092 16.435 8.896 17.031 10.242 4.1 16.067 22.407 5.343
5 24 14.092 16.435 8.896 17.031 10.242 4.1 16.546 16.655 4.696 14.481 8.994 8.007
5 24 16.546 16.655 4.696 16.067 22.407 5.343 14.092 16.435 8.896 16.579 22.449 -.38
5 24 16.067 22.407 5.343 14.092 16.435 8.896 16.546 16.655 4.696 13.867 22.382 9.351
2 24 16.067 22.407 5.343 13.867 22.382 9.351
5 24 13.867 22.382 9.351 14.092 16.435 8.896 16.067 22.407 5.343 11.176 16.539 12.219
5 24 11.176 16.539 12.219 14.092 16.435 8.896 13.867 22.382 9.351 11.567 9.086 11.733
5 24 13.867 22.382 9.351 11.176 16.539 12.219 14.092 16.435 8.896 10.913 22.488 12.528
2 24 13.867 22.382 9.351 10.913 22.488 12.528
5 24 10.913 22.488 12.528 11.176 16.539 12.219 13.867 22.382 9.351 7.573 16.681 14.908
5 24 7.573 16.681 14.908 11.176 16.539 12.219 10.913 22.488 12.528 8.204 9.407 14.853
5 24 10.913 22.488 12.528 7.573 16.681 14.908 11.176 16.539 12.219 7.053 22.521 14.931
2 24 10.913 22.488 12.528 7.053 22.521 14.931
5 24 7.053 22.521 14.931 7.573 16.681 14.908 10.913 22.488 12.528 3.874 16.741 16.629
5 24 7.053 22.521 14.931 3.874 16.741 16.629 7.573 16.681 14.908 3.537 22.457 16.376
5 24 3.874 16.741 16.629 7.573 16.681 14.908 7.053 22.521 14.931 4.264 9.629 16.901
2 24 7.053 22.521 14.931 3.537 22.457 16.376
5 24 3.537 22.457 16.376 3.874 16.741 16.629 7.053 22.521 14.931 0 16.864 17.244
5 24 0 16.864 17.244 3.874 16.741 16.629 3.537 22.457 16.376 0 9.72 17.731
5 24 3.537 22.457 16.376 0 16.864 17.244 3.874 16.741 16.629 0 22.617 16.802
2 24 3.537 22.457 16.376 0 22.617 16.802
5 24 0 9.72 17.731 3.874 16.741 16.629 0 16.864 17.244 4.264 9.629 16.901
5 24 0 9.72 17.731 4.264 9.629 16.901 3.874 16.741 16.629 0 4.282 17.798
5 24 4.264 9.629 16.901 3.874 16.741 16.629 0 9.72 17.731 7.573 16.681 14.908
5 24 4.264 9.629 16.901 7.573 16.681 14.908 3.874 16.741 16.629 8.204 9.407 14.853
5 24 4.264 9.629 16.901 8.204 9.407 14.853 7.573 16.681 14.908 4.412 4.196 16.899
5 24 8.204 9.407 14.853 7.573 16.681 14.908 4.264 9.629 16.901 11.176 16.539 12.219
5 24 8.204 9.407 14.853 11.176 16.539 12.219 7.573 16.681 14.908 11.567 9.086 11.733
5 24 8.204 9.407 14.853 11.567 9.086 11.733 11.176 16.539 12.219 8.583 3.77 14.718
5 24 11.567 9.086 11.733 11.176 16.539 12.219 8.204 9.407 14.853 14.092 16.435 8.896
5 24 11.567 9.086 11.733 14.092 16.435 8.896 11.176 16.539 12.219 14.481 8.994 8.007
5 24 11.567 9.086 11.733 14.481 8.994 8.007 14.092 16.435 8.896 11.707 3.208 11.099
5 24 14.481 8.994 8.007 14.092 16.435 8.896 11.567 9.086 11.733 17.031 10.242 4.1
5 24 14.481 8.994 8.007 17.031 10.242 4.1 14.092 16.435 8.896 17.287 6.874 3.263
5 24 0 4.282 17.798 4.264 9.629 16.901 0 9.72 17.731 4.412 4.196 16.899
5 24 0 4.282 17.798 4.412 4.196 16.899 4.264 9.629 16.901 0 -1.254 17.448
5 24 4.412 4.196 16.899 4.264 9.629 16.901 0 4.282 17.798 8.204 9.407 14.853
5 24 4.412 4.196 16.899 8.204 9.407 14.853 4.264 9.629 16.901 8.583 3.77 14.718
5 24 0 -1.254 17.448 4.412 4.196 16.899 0 4.282 17.798 4.359 -1.388 16.608
5 24 0 -1.254 17.448 4.359 -1.388 16.608 4.412 4.196 16.899 3.844 -3.795 16.349
5 24 4.359 -1.388 16.608 4.412 4.196 16.899 0 -1.254 17.448 8.583 3.77 14.718
5 24 0 -1.254 17.448 3.844 -3.795 16.349 4.359 -1.388 16.608 0 -3.587 16.875
5 24 3.844 -3.795 16.349 4.359 -1.388 16.608 0 -1.254 17.448 8.832 -2.279 14.447
2 24 0 -3.587 16.875 3.844 -3.795 16.349
5 24 8.832 -2.279 14.447 4.359 -1.388 16.608 3.844 -3.795 16.349 8.583 3.77 14.718
5 24 3.844 -3.795 16.349 8.832 -2.279 14.447 4.359 -1.388 16.608 8.434 -5.196 13.717
2 24 3.844 -3.795 16.349 8.434 -5.196 13.717
5 24 8.434 -5.196 13.717 8.832 -2.279 14.447 3.844 -3.795 16.349 11.565 -3.461 10.063
5 24 8.434 -5.196 13.717 11.565 -3.461 10.063 8.832 -2.279 14.447 10.745 -7.104 9.213
5 24 11.565 -3.461 10.063 8.832 -2.279 14.447 8.434 -5.196 13.717 11.707 3.208 11.099
2 24 8.434 -5.196 13.717 10.745 -7.104 9.213
5 24 10.745 -7.104 9.213 11.565 -3.461 10.063 8.434 -5.196 13.717 13.8689 -4.7355 6.1645
5 24 4.359 -1.388 16.608 8.583 3.77 14.718 4.412 4.196 16.899 8.832 -2.279 14.447
5 24 8.583 3.77 14.718 4.412 4.196 16.899 4.359 -1.388 16.608 8.204 9.407 14.853
5 24 8.832 -2.279 14.447 8.583 3.77 14.718 4.359 -1.388 16.608 11.707 3.208 11.099
5 24 8.583 3.77 14.718 8.204 9.407 14.853 4.412 4.196 16.899 11.567 9.086 11.733
5 24 8.583 3.77 14.718 11.567 9.086 11.733 8.204 9.407 14.853 11.707 3.208 11.099
5 24 11.707 3.208 11.099 8.832 -2.279 14.447 11.565 -3.461 10.063 8.583 3.77 14.718
5 24 11.565 -3.461 10.063 11.707 3.208 11.099 8.832 -2.279 14.447 14.465 2.706 7.003
5 24 11.707 3.208 11.099 8.583 3.77 14.718 8.832 -2.279 14.447 11.567 9.086 11.733
5 24 11.707 3.208 11.099 11.567 9.086 11.733 8.583 3.77 14.718 14.481 8.994 8.007
5 24 11.707 3.208 11.099 14.481 8.994 8.007 11.567 9.086 11.733 14.465 2.706 7.003
5 24 14.465 2.706 7.003 11.707 3.208 11.099 11.565 -3.461 10.063 14.481 8.994 8.007
5 24 11.565 -3.461 10.063 14.465 2.706 7.003 11.707 3.208 11.099 13.8689 -4.7355 6.1645
5 24 14.465 2.706 7.003 14.481 8.994 8.007 11.707 3.208 11.099 17.287 6.874 3.263
5 24 11.565 -3.461 10.063 13.8689 -4.7355 6.1645 14.465 2.706 7.003 10.745 -7.104 9.213
5 24 13.8689 -4.7355 6.1645 14.465 2.706 7.003 11.565 -3.461 10.063 17.29 -.228 1.398
5 24 10.745 -7.104 9.213 13.8689 -4.7355 6.1645 11.565 -3.461 10.063 13.2995 -9.6013 6.2027
5 24 16.0749 1.2103 4.315 14.465 2.706 7.003 17.287 6.874 3.263 13.8689 -4.7355 6.1645
5 24 17.29 -.228 1.398 16.0749 1.2103 4.315 17.287 6.874 3.263 17.285 -6.997 2.147
5 24 17.287 6.874 3.263 14.465 2.706 7.003 17.29 -.228 1.398 14.481 8.994 8.007
5 24 17.29 -.228 1.398 17.287 6.874 3.263 14.465 2.706 7.003 17.571 4.134 -.054
5 24 17.29 -.228 1.398 17.571 4.134 -.054 17.287 6.874 3.263 17.286 5.185 -3.85
5 24 17.571 4.134 -.054 17.287 6.874 3.263 17.29 -.228 1.398 18.293 8.632 -2.084
5 24 17.286 5.185 -3.85 17.571 4.134 -.054 17.29 -.228 1.398 18.293 8.632 -2.084
5 24 17.29 -.228 1.398 17.286 5.185 -3.85 17.571 4.134 -.054 16.375 -2.494 -3.6
5 24 17.29 -.228 1.398 16.375 -2.494 -3.6 17.286 5.185 -3.85 17.285 -6.997 2.147
5 24 17.285 -6.997 2.147 16.375 -2.494 -3.6 17.29 -.228 1.398 16.537 -8.081 -3.573
5 24 15.9525 -5.7054 4.3279 17.285 -6.997 2.147 16.2723 -11.6856 4.275 16.0749 1.2103 4.315
5 24 13.8689 -4.7355 6.1645 15.9525 -5.7054 4.3279 16.2723 -11.6856 4.275 16.0749 1.2103 4.315
5 24 17.285 -6.997 2.147 16.537 -8.081 -3.573 16.375 -2.494 -3.6 17.808 -12.718 1.671
5 24 17.808 -12.718 1.671 16.537 -8.081 -3.573 17.285 -6.997 2.147 16.274 -12.923 -3.817
2 24 17.808 -12.718 1.671 16.274 -12.923 -3.817
2 24 10.745 -7.104 9.213 13.2995 -9.6013 6.2027
5 24 13.2995 -9.6013 6.2027 13.8689 -4.7355 6.1645 10.745 -7.104 9.213 17.285 -6.997 2.147
5 24 16.2723 -11.6856 4.275 15.9525 -5.7054 4.3279 17.285 -6.997 2.147 13.8689 -4.7355 6.1645
2 24 16.2723 -11.6856 4.275 17.808 -12.718 1.671
2 24 13.2995 -9.6013 6.2027 16.2723 -11.6856 4.275
5 24 17.571 4.134 -.054 18.293 8.632 -2.084 17.287 6.874 3.263 17.286 5.185 -3.85
5 24 18.293 8.632 -2.084 17.287 6.874 3.263 17.571 4.134 -.054 17.031 10.242 4.1
5 24 17.287 6.874 3.263 14.481 8.994 8.007 14.465 2.706 7.003 17.031 10.242 4.1
5 24 17.287 6.874 3.263 17.031 10.242 4.1 14.481 8.994 8.007 18.293 8.632 -2.084
5 24 18.293 8.632 -2.084 17.031 10.242 4.1 17.287 6.874 3.263 18.092 11.544 -1.273
5 24 18.293 8.632 -2.084 18.092 11.544 -1.273 17.031 10.242 4.1 17.977 11.833 -2.477
5 24 0 -5.139 15.578 3.844 -3.795 16.349 0 -3.587 16.875 3.67 -5.082 14.935
5 24 0 -5.139 15.578 3.67 -5.082 14.935 3.844 -3.795 16.349 0 -6.448 12.488
5 24 3.67 -5.082 14.935 3.844 -3.795 16.349 0 -5.139 15.578 8.434 -5.196 13.717
5 24 0 -6.448 12.488 3.67 -5.082 14.935 0 -5.139 15.578 7.097 -6.344 12.071
5 24 3.67 -5.082 14.935 8.434 -5.196 13.717 3.844 -3.795 16.349 7.097 -6.344 12.071
5 24 3.67 -5.082 14.935 7.097 -6.344 12.071 8.434 -5.196 13.717 0 -6.448 12.488
5 24 7.097 -6.344 12.071 8.434 -5.196 13.717 3.67 -5.082 14.935 10.745 -7.104 9.213
5 24 0 -8.118 8.546 7.097 -6.344 12.071 0 -6.448 12.488 7.618 -8.127 8.543
5 24 7.097 -6.344 12.071 0 -6.448 12.488 0 -8.118 8.546 3.67 -5.082 14.935
5 24 7.097 -6.344 12.071 10.745 -7.104 9.213 8.434 -5.196 13.717 7.618 -8.127 8.543
5 24 7.097 -6.344 12.071 7.618 -8.127 8.543 10.745 -7.104 9.213 0 -8.118 8.546
5 24 7.618 -8.127 8.543 10.745 -7.104 9.213 7.097 -6.344 12.071 8.81 -10.651 5.475
5 24 0 -9.903 5.303 7.618 -8.127 8.543 0 -8.118 8.546 8.81 -10.651 5.475
5 24 7.618 -8.127 8.543 0 -8.118 8.546 0 -9.903 5.303 7.097 -6.344 12.071
5 24 8.81 -10.651 5.475 10.745 -7.104 9.213 7.618 -8.127 8.543 13.2995 -9.6013 6.2027
5 24 7.618 -8.127 8.543 8.81 -10.651 5.475 10.745 -7.104 9.213 0 -9.903 5.303
5 24 0 -9.903 5.303 8.81 -10.651 5.475 7.618 -8.127 8.543 0 -11.089 3.141
5 24 8.81 -10.651 5.475 13.2995 -9.6013 6.2027 10.745 -7.104 9.213 10.964 -12.529 2.45
5 24 10.964 -12.529 2.45 13.2995 -9.6013 6.2027 8.81 -10.651 5.475 17.808 -12.718 1.671
5 24 8.81 -10.651 5.475 10.964 -12.529 2.45 13.2995 -9.6013 6.2027 0 -11.089 3.141
5 24 10.964 -12.529 2.45 17.808 -12.718 1.671 13.2995 -9.6013 6.2027 16.274 -12.923 -3.817
5 24 10.964 -12.529 2.45 16.274 -12.923 -3.817 17.808 -12.718 1.671 10.422 -12.631 -2.464
5 24 10.964 -12.529 2.45 10.422 -12.631 -2.464 16.274 -12.923 -3.817 0 -11.291 -1.576
5 24 10.422 -12.631 -2.464 16.274 -12.923 -3.817 10.964 -12.529 2.45 12.393 -11.238 -7.272
5 24 12.393 -11.238 -7.272 10.422 -12.631 -2.464 16.274 -12.923 -3.817 7.682 -10.89 -6.224
5 24 10.422 -12.631 -2.464 7.682 -10.89 -6.224 0 -10.527 -5.549 12.393 -11.238 -7.272
5 24 7.682 -10.89 -6.224 12.393 -11.238 -7.272 7.314 -8.463 -10.227 10.422 -12.631 -2.464
5 24 7.682 -10.89 -6.224 7.314 -8.463 -10.227 12.393 -11.238 -7.272 4.156 -9.512 -9.186
5 24 7.682 -10.89 -6.224 4.156 -9.512 -9.186 7.314 -8.463 -10.227 0 -10.527 -5.549
5 24 7.682 -10.89 -6.224 0 -10.527 -5.549 10.422 -12.631 -2.464 4.156 -9.512 -9.186
5 24 4.156 -9.512 -9.186 0 -10.527 -5.549 7.682 -10.89 -6.224 0 -9.863 -8.642
5 24 0 -10.527 -5.549 10.422 -12.631 -2.464 7.682 -10.89 -6.224 0 -11.291 -1.576
5 24 10.422 -12.631 -2.464 0 -11.291 -1.576 10.964 -12.529 2.45 0 -10.527 -5.549
5 24 10.964 -12.529 2.45 0 -11.291 -1.576 10.422 -12.631 -2.464 0 -11.089 3.141
5 24 10.964 -12.529 2.45 0 -11.089 3.141 0 -11.291 -1.576 8.81 -10.651 5.475
5 24 8.81 -10.651 5.475 0 -11.089 3.141 10.964 -12.529 2.45 0 -9.903 5.303
5 24 2.74 20.468 -26.543 0 19.912 -26.214 0 20.378 -27.168 2.348 19.969 -25.38
5 24 2.74 20.468 -26.543 2.348 19.969 -25.38 0 19.912 -26.214 3.044 19.85 -24.259
5 24 2.74 20.468 -26.543 3.044 19.85 -24.259 2.348 19.969 -25.38 5.228 20.451 -24.827
5 24 5.228 20.451 -24.827 3.044 19.85 -24.259 2.74 20.468 -26.543 4.853 19.953 -23.936
5 24 5.228 20.451 -24.827 4.853 19.953 -23.936 3.044 19.85 -24.259 5.801 19.546 -22.529
5 24 5.228 20.451 -24.827 5.801 19.546 -22.529 4.853 19.953 -23.936 7.602 19.608 -21.767
5 24 7.602 19.608 -21.767 5.801 19.546 -22.529 5.228 20.451 -24.827 6.246 19.045 -21.256
5 24 7.602 19.608 -21.767 6.246 19.045 -21.256 5.801 19.546 -22.529 7.201 18.299 -19.618
5 24 7.602 19.608 -21.767 7.201 18.299 -19.618 6.246 19.045 -21.256 9.764 17.835 -17.333
5 24 7.201 18.299 -19.618 6.246 19.045 -21.256 7.602 19.608 -21.767 5.902 18.54 -20.003
5 24 9.764 17.835 -17.333 7.201 18.299 -19.618 7.602 19.608 -21.767 8.238 17.747 -18.234
5 24 9.764 17.835 -17.333 8.238 17.747 -18.234 7.201 18.299 -19.618 8.768 17.152 -17.052
5 24 9.764 17.835 -17.333 8.768 17.152 -17.052 8.238 17.747 -18.234 9.575 16.344 -15.885
5 24 9.575 16.344 -15.885 8.768 17.152 -17.052 9.764 17.835 -17.333 8.729 16.595 -16.354
5 24 9.764 17.835 -17.333 9.575 16.344 -15.885 8.768 17.152 -17.052 11.574 15.479 -13.855
5 24 11.574 15.479 -13.855 9.575 16.344 -15.885 9.764 17.835 -17.333 10.41 15.277 -14.647
5 24 11.574 15.479 -13.855 10.41 15.277 -14.647 9.575 16.344 -15.885 10.694 14.155 -12.836
5 24 11.574 15.479 -13.855 10.694 14.155 -12.836 10.41 15.277 -14.647 14.145 13.687 -9.151
5 24 14.145 13.687 -9.151 10.694 14.155 -12.836 11.574 15.479 -13.855 11.557 12.881 -9.362
5 24 14.145 13.687 -9.151 11.557 12.881 -9.362 10.694 14.155 -12.836 13.274 10.87 -6.849
5 24 11.557 12.881 -9.362 10.694 14.155 -12.836 14.145 13.687 -9.151 9.436 12.523 -9.42
5 24 9.436 12.523 -9.42 10.694 14.155 -12.836 11.557 12.881 -9.362 8.165 13.136 -12.049
5 24 11.557 12.881 -9.362 9.436 12.523 -9.42 10.694 14.155 -12.836 10.88 10.809 -7.457
2 24 9.436 12.523 -9.42 8.165 13.136 -12.049
5 24 13.274 10.87 -6.849 11.557 12.881 -9.362 14.145 13.687 -9.151 10.88 10.809 -7.457
5 24 11.557 12.881 -9.362 10.88 10.809 -7.457 9.436 12.523 -9.42 13.274 10.87 -6.849
2 24 10.88 10.809 -7.457 9.436 12.523 -9.42
5 24 13.274 10.87 -6.849 10.88 10.809 -7.457 11.557 12.881 -9.362 12.951 8.587 -7.298
5 24 13.274 10.87 -6.849 12.951 8.587 -7.298 10.88 10.809 -7.457 16.161 7.747 -6.868
5 24 12.951 8.587 -7.298 10.88 10.809 -7.457 13.274 10.87 -6.849 10.849 8.978 -7.445
5 24 12.951 8.587 -7.298 10.849 8.978 -7.445 10.88 10.809 -7.457 11.128 5.698 -9.231
2 24 10.849 8.978 -7.445 10.88 10.809 -7.457
5 24 11.128 5.698 -9.231 10.849 8.978 -7.445 12.951 8.587 -7.298 9.1923 6.624 -9.1923
5 24 12.951 8.587 -7.298 11.128 5.698 -9.231 10.849 8.978 -7.445 13.061 4.232 -9.659
5 24 13.061 4.232 -9.659 11.128 5.698 -9.231 12.951 8.587 -7.298 9.395 4.356 -11.332
5 24 12.951 8.587 -7.298 13.061 4.232 -9.659 11.128 5.698 -9.231 16.161 7.747 -6.868
5 24 9.395 4.356 -11.332 11.128 5.698 -9.231 13.061 4.232 -9.659 9.1923 6.624 -9.1923
5 24 13.061 4.232 -9.659 9.395 4.356 -11.332 11.128 5.698 -9.231 10.586 2.784 -13.001
5 24 10.586 2.784 -13.001 9.395 4.356 -11.332 13.061 4.232 -9.659 9.058 3.658 -14.729
5 24 12.951 8.587 -7.298 16.161 7.747 -6.868 13.061 4.232 -9.659 13.274 10.87 -6.849
5 24 13.274 10.87 -6.849 16.161 7.747 -6.868 12.951 8.587 -7.298 17.162 9.649 -5.633
5 24 11.128 5.698 -9.231 9.1923 6.624 -9.1923 10.849 8.978 -7.445 9.395 4.356 -11.332
2 24 9.1923 6.624 -9.1923 10.849 8.978 -7.445
5 24 9.395 4.356 -11.332 9.1923 6.624 -9.1923 11.128 5.698 -9.231 6.88 5.321 -11.019
5 24 9.395 4.356 -11.332 6.88 5.321 -11.019 9.1923 6.624 -9.1923 7.462 4.55 -13.707
2 24 6.88 5.321 -11.019 9.1923 6.624 -9.1923
5 24 9.395 4.356 -11.332 7.462 4.55 -13.707 6.88 5.321 -11.019 9.058 3.658 -14.729
5 24 7.462 4.55 -13.707 6.88 5.321 -11.019 9.395 4.356 -11.332 5.743 5.066 -13.392
5 24 5.743 5.066 -13.392 6.88 5.321 -11.019 7.462 4.55 -13.707 4.9751 5.1961 -12.0107
2 24 4.9751 5.1961 -12.0107 6.88 5.321 -11.019
5 24 1.946 5.067 -12.894 5.743 5.066 -13.392 4.9751 5.1961 -12.0107 4.692 4.701 -14.381
2 24 5.743 5.066 -13.392 4.692 4.701 -14.381
5 24 4.692 4.701 -14.381 1.946 5.067 -12.894 3.424 4.23 -14.888 5.743 5.066 -13.392
2 24 1.946 5.067 -12.894 4.9751 5.1961 -12.0107
5 24 4.692 4.701 -14.381 3.424 4.23 -14.888 1.946 5.067 -12.894 4.338 4.078 -15.322
5 24 3.424 4.23 -14.888 1.946 5.067 -12.894 4.692 4.701 -14.381 1.897 4.302 -14.74
2 24 4.338 4.078 -15.322 3.424 4.23 -14.888
2 24 4.692 4.701 -14.381 4.338 4.078 -15.322
2 24 3.424 4.23 -14.888 1.897 4.302 -14.74
5 24 1.897 4.302 -14.74 1.946 5.067 -12.894 3.424 4.23 -14.888 0 5.073 -13.019
2 24 0 5.073 -13.019 1.946 5.067 -12.894
5 24 1.897 4.302 -14.74 0 5.073 -13.019 1.946 5.067 -12.894 0 4.283 -14.902
2 24 1.897 4.302 -14.74 0 4.283 -14.902
5 24 9.058 3.658 -14.729 10.586 2.784 -13.001 9.793 2.886 -16.045 9.395 4.356 -11.332
5 24 9.793 2.886 -16.045 9.058 3.658 -14.729 10.586 2.784 -13.001 9.038 3.599 -16.595
5 24 9.793 2.886 -16.045 9.038 3.599 -16.595 9.058 3.658 -14.729 8.465 3.667 -18.143
5 24 9.793 2.886 -16.045 8.465 3.667 -18.143 9.038 3.599 -16.595 8.99 2.932 -19.134
2 24 9.793 2.886 -16.045 8.99 2.932 -19.134
5 24 8.99 2.932 -19.134 8.465 3.667 -18.143 9.793 2.886 -16.045 8.109 3.416 -19.887
5 24 8.109 3.416 -19.887 8.465 3.667 -18.143 8.99 2.932 -19.134 7.361 3.943 -19.171
5 24 8.99 2.932 -19.134 8.109 3.416 -19.887 8.465 3.667 -18.143 8.096 2.441 -22.864
5 24 8.096 2.441 -22.864 8.109 3.416 -19.887 8.99 2.932 -19.134 7.827 3.323 -22.047
2 24 8.99 2.932 -19.134 8.096 2.441 -22.864
5 24 8.096 2.441 -22.864 7.827 3.323 -22.047 8.109 3.416 -19.887 6.648 3.359 -23.565
5 24 8.096 2.441 -22.864 6.648 3.359 -23.565 7.827 3.323 -22.047 6.742 1.354 -26.231
5 24 5.632 3.022 -24.545 6.648 3.359 -23.565 5.518 3.612 -23.687 6.742 1.354 -26.231
5 24 6.742 1.354 -26.231 6.648 3.359 -23.565 5.632 3.022 -24.545 8.096 2.441 -22.864
5 24 5.632 3.022 -24.545 5.518 3.612 -23.687 6.648 3.359 -23.565 5.132 3.502 -24.036
5 24 5.132 3.502 -24.036 5.518 3.612 -23.687 5.632 3.022 -24.545 4.604 4.084 -23.689
2 24 8.096 2.441 -22.864 6.742 1.354 -26.231
5 24 6.742 1.354 -26.231 5.632 3.022 -24.545 5.162 2.21 -26.15 6.648 3.359 -23.565
5 24 6.742 1.354 -26.231 5.162 2.21 -26.15 5.632 3.022 -24.545 5.095 .408 -28.182
5 24 5.095 .408 -28.182 5.162 2.21 -26.15 6.742 1.354 -26.231 3.743 1.732 -27.464
2 24 6.742 1.354 -26.231 5.095 .408 -28.182
5 24 5.095 .408 -28.182 3.743 1.732 -27.464 5.162 2.21 -26.15 2.293 1.29 -28.195
5 24 2.293 1.29 -28.195 3.743 1.732 -27.464 5.095 .408 -28.182 2.621 2.081 -27.501
5 24 5.095 .408 -28.182 2.293 1.29 -28.195 3.743 1.732 -27.464 2.526 -.255 -29.406
2 24 5.095 .408 -28.182 2.526 -.255 -29.406
5 24 2.526 -.255 -29.406 2.293 1.29 -28.195 5.095 .408 -28.182 1.431 .859 -28.725
5 24 2.526 -.255 -29.406 1.431 .859 -28.725 2.293 1.29 -28.195 0 -.491 -29.828
2 24 2.526 -.255 -29.406 0 -.491 -29.828
5 24 0 -.491 -29.828 1.431 .859 -28.725 2.526 -.255 -29.406 0 .719 -28.961
2 24 0 23.11 13.26 5.0134 23.074 12.1031
5 24 5.0134 23.074 12.1031 0 -2 13 0 23.11 13.26 4.9751 -2.2283 12.0107
5 24 5.0134 23.074 12.1031 4.9751 -2.2283 12.0107 0 -2 13 9.578 23.078 9.033
2 24 4.9751 -2.2283 12.0107 0 -2 13
2 24 5.0134 23.074 12.1031 9.578 23.078 9.033
5 24 9.578 23.078 9.033 4.9751 -2.2283 12.0107 5.0134 23.074 12.1031 9.1923 -2.8787 9.1923
5 24 9.578 23.078 9.033 9.1923 -2.8787 9.1923 4.9751 -2.2283 12.0107 12.396 23.134 4.451
2 24 9.1923 -2.8787 9.1923 4.9751 -2.2283 12.0107
2 24 9.578 23.078 9.033 12.396 23.134 4.451
5 24 12.396 23.134 4.451 9.1923 -2.8787 9.1923 9.578 23.078 9.033 12.0107 -3.8519 4.9751
5 24 12.396 23.134 4.451 12.0107 -3.8519 4.9751 9.1923 -2.8787 9.1923 13.169 23.107 -.005
2 24 12.0107 -3.8519 4.9751 9.1923 -2.8787 9.1923
5 24 13.169 23.107 -.005 12.0107 -3.8519 4.9751 12.396 23.134 4.451 13 -5 0
2 24 12.396 23.134 4.451 13.169 23.107 -.005
5 24 13.169 23.107 -.005 13 -5 0 12.0107 -3.8519 4.9751 12.843 23.092 -3.082
2 24 13 -5 0 12.0107 -3.8519 4.9751
5 24 12.843 23.092 -3.082 13 -5 0 12.0107 -5 -4.9751 13.169 23.107 -.005
2 24 12.0107 -5 -4.9751 13 -5 0
2 24 13.169 23.107 -.005 12.843 23.092 -3.082
5 24 12.843 23.092 -3.082 12.0107 -5 -4.9751 13 -5 0 11.757 23.116 -5.93
5 24 11.757 23.116 -5.93 12.0107 -5 -4.9751 10.849 8.978 -7.445 12.843 23.092 -3.082
5 24 10.849 8.978 -7.445 12.0107 -5 -4.9751 9.1923 -5 -9.1923 11.757 23.116 -5.93
5 24 10.849 8.978 -7.445 11.757 23.116 -5.93 10.88 10.809 -7.457 12.0107 -5 -4.9751
2 24 12.843 23.092 -3.082 11.757 23.116 -5.93
5 24 11.757 23.116 -5.93 10.88 10.809 -7.457 9.436 12.523 -9.42 10.849 8.978 -7.445
5 24 11.757 23.116 -5.93 9.436 12.523 -9.42 10.88 10.809 -7.457 9.42 23.239 -9.285
2 24 11.757 23.116 -5.93 9.42 23.239 -9.285
5 24 9.42 23.239 -9.285 9.436 12.523 -9.42 11.757 23.116 -5.93 8.165 13.136 -12.049
5 24 9.42 23.239 -9.285 8.165 13.136 -12.049 9.436 12.523 -9.42 7.749 12.935 -13.143
5 24 9.42 23.239 -9.285 7.749 12.935 -13.143 8.165 13.136 -12.049 7.224 12.491 -14.177
5 24 9.42 23.239 -9.285 7.224 12.491 -14.177 7.749 12.935 -13.143 7.481 23.664 -13.825
2 24 9.42 23.239 -9.285 7.481 23.664 -13.825
5 24 7.481 23.664 -13.825 7.224 12.491 -14.177 9.42 23.239 -9.285 6.892 12.918 -15.217
5 24 7.481 23.664 -13.825 6.892 12.918 -15.217 7.224 12.491 -14.177 6.496 13.542 -16.141
5 24 7.481 23.664 -13.825 6.496 13.542 -16.141 6.892 12.918 -15.217 6.293 14.899 -16.895
5 24 7.481 23.664 -13.825 6.293 14.899 -16.895 6.496 13.542 -16.141 5.679 14.702 -17.976
5 24 7.481 23.664 -13.825 5.679 14.702 -17.976 6.293 14.899 -16.895 5.687 24.428 -18.128
2 24 7.481 23.664 -13.825 5.687 24.428 -18.128
5 24 5.687 24.428 -18.128 5.679 14.702 -17.976 7.481 23.664 -13.825 5.25 14.986 -18.908
5 24 5.687 24.428 -18.128 5.25 14.986 -18.908 5.679 14.702 -17.976 4.857 15.508 -19.753
5 24 5.687 24.428 -18.128 4.857 15.508 -19.753 5.25 14.986 -18.908 4.57 16.273 -20.425
5 24 5.687 24.428 -18.128 4.57 16.273 -20.425 4.857 15.508 -19.753 3.921 25.27 -21.389
2 24 5.687 24.428 -18.128 3.921 25.27 -21.389
5 24 3.921 25.27 -21.389 4.57 16.273 -20.425 5.687 24.428 -18.128 3.756 16.344 -21.518
5 24 3.921 25.27 -21.389 3.756 16.344 -21.518 4.57 16.273 -20.425 3.177 16.56 -22.185
5 24 3.921 25.27 -21.389 3.177 16.56 -22.185 3.756 16.344 -21.518 2.476 16.831 -22.796
5 24 3.921 25.27 -21.389 2.476 16.831 -22.796 3.177 16.56 -22.185 1.606 25.842 -23.134
2 24 3.921 25.27 -21.389 1.606 25.842 -23.134
5 24 1.606 25.842 -23.134 2.476 16.831 -22.796 3.921 25.27 -21.389 1.801 16.974 -23.083
5 24 1.606 25.842 -23.134 1.801 16.974 -23.083 2.476 16.831 -22.796 .842 17.047 -23.291
5 24 1.606 25.842 -23.134 .842 17.047 -23.291 1.801 16.974 -23.083 0 25.863 -23.393
2 24 1.606 25.842 -23.134 0 25.863 -23.393
5 24 0 25.863 -23.393 .842 17.047 -23.291 1.606 25.842 -23.134 0 17.022 -23.342
2 24 4.9751 -5 -12.0107 0 -5 -13
2 24 9.1923 -5 -9.1923 4.9751 -5 -12.0107
2 24 12.0107 -5 -4.9751 9.1923 -5 -9.1923
5 24 3.537 22.457 16.376 0 23.11 13.26 0 22.617 16.802 5.0134 23.074 12.1031
5 24 3.537 22.457 16.376 5.0134 23.074 12.1031 0 23.11 13.26 7.053 22.521 14.931
5 24 7.053 22.521 14.931 5.0134 23.074 12.1031 3.537 22.457 16.376 9.578 23.078 9.033
5 24 7.053 22.521 14.931 9.578 23.078 9.033 5.0134 23.074 12.1031 10.913 22.488 12.528
5 24 10.913 22.488 12.528 9.578 23.078 9.033 7.053 22.521 14.931 13.867 22.382 9.351
5 24 13.867 22.382 9.351 9.578 23.078 9.033 10.913 22.488 12.528 12.396 23.134 4.451
5 24 13.867 22.382 9.351 12.396 23.134 4.451 9.578 23.078 9.033 16.067 22.407 5.343
5 24 16.067 22.407 5.343 12.396 23.134 4.451 13.867 22.382 9.351 13.169 23.107 -.005
5 24 16.067 22.407 5.343 13.169 23.107 -.005 12.396 23.134 4.451 16.579 22.449 -.38
2 24 16.067 22.407 5.343 16.579 22.449 -.38
5 24 16.579 22.449 -.38 13.169 23.107 -.005 16.067 22.407 5.343 12.843 23.092 -3.082
5 24 16.579 22.449 -.38 12.843 23.092 -3.082 13.169 23.107 -.005 15.857 22.517 -3.792
2 24 16.579 22.449 -.38 15.857 22.517 -3.792
5 24 15.857 22.517 -3.792 12.843 23.092 -3.082 16.579 22.449 -.38 11.757 23.116 -5.93
5 24 15.857 22.517 -3.792 11.757 23.116 -5.93 12.843 23.092 -3.082 14.449 22.429 -7.435
5 24 14.449 22.429 -7.435 9.42 23.239 -9.285 11.757 23.116 -5.93 12.229 22.551 -11.431
5 24 12.229 22.551 -11.431 9.42 23.239 -9.285 14.449 22.429 -7.435 7.481 23.664 -13.825
5 24 12.229 22.551 -11.431 7.481 23.664 -13.825 9.42 23.239 -9.285 9.918 23.087 -15.292
5 24 9.918 23.087 -15.292 7.481 23.664 -13.825 12.229 22.551 -11.431 5.687 24.428 -18.128
5 24 9.918 23.087 -15.292 5.687 24.428 -18.128 7.481 23.664 -13.825 7.973 23.91 -19.441
5 24 7.973 23.91 -19.441 5.687 24.428 -18.128 9.918 23.087 -15.292 5.955 24.528 -22.801
5 24 5.955 24.528 -22.801 5.687 24.428 -18.128 7.973 23.91 -19.441 3.921 25.27 -21.389
5 24 5.955 24.528 -22.801 3.921 25.27 -21.389 5.687 24.428 -18.128 2.92 24.643 -25.184
5 24 2.92 24.643 -25.184 3.921 25.27 -21.389 5.955 24.528 -22.801 1.606 25.842 -23.134
5 24 2.92 24.643 -25.184 1.606 25.842 -23.134 3.921 25.27 -21.389 0 24.559 -25.784
5 24 0 24.559 -25.784 1.606 25.842 -23.134 2.92 24.643 -25.184 0 25.863 -23.393
5 24 3.554 -5.6201 -25.6497 3.755 -5.169 -23.387 3.636 -6.808 -24.825 4.212 -3.649 -25.789
5 24 3.755 -5.169 -23.387 3.636 -6.808 -24.825 3.554 -5.6201 -25.6497 3.891 -7.876 -23.29
5 24 4.212 -3.649 -25.789 3.755 -5.169 -23.387 3.554 -5.6201 -25.6497 5.2943 -3.5025 -24.125
5 24 5.2943 -3.5025 -24.125 3.755 -5.169 -23.387 4.212 -3.649 -25.789 5.509 -4.638 -22.804
5 24 5.509 -4.638 -22.804 3.755 -5.169 -23.387 5.2943 -3.5025 -24.125 5.2914 -6.0156 -21.9389
5 24 3.755 -5.169 -23.387 3.891 -7.876 -23.29 3.636 -6.808 -24.825 4.466 -7.597 -21.653
5 24 3.755 -5.169 -23.387 4.466 -7.597 -21.653 3.891 -7.876 -23.29 5.2914 -6.0156 -21.9389
5 24 5.2914 -6.0156 -21.9389 3.755 -5.169 -23.387 5.509 -4.638 -22.804 4.466 -7.597 -21.653
5 24 2.267 -1.661 -28.908 4.663 -1.059 -27.465 3.929 -3.048 -26.676 2.526 -.255 -29.406
5 24 4.663 -1.059 -27.465 3.929 -3.048 -26.676 2.267 -1.661 -28.908 5.564 -2.119 -24.732
5 24 4.663 -1.059 -27.465 5.564 -2.119 -24.732 3.929 -3.048 -26.676 6.377 -.172 -25.366
5 24 4.663 -1.059 -27.465 6.377 -.172 -25.366 5.564 -2.119 -24.732 5.095 .408 -28.182
5 24 6.377 -.172 -25.366 5.564 -2.119 -24.732 4.663 -1.059 -27.465 7.581 .589 -22.264
5 24 2.267 -1.661 -28.908 2.526 -.255 -29.406 4.663 -1.059 -27.465 0 -.491 -29.828
5 24 2.526 -.255 -29.406 4.663 -1.059 -27.465 2.267 -1.661 -28.908 5.095 .408 -28.182
5 24 5.095 .408 -28.182 4.663 -1.059 -27.465 2.526 -.255 -29.406 6.377 -.172 -25.366
5 24 5.095 .408 -28.182 6.377 -.172 -25.366 4.663 -1.059 -27.465 6.742 1.354 -26.231
5 24 6.742 1.354 -26.231 6.377 -.172 -25.366 5.095 .408 -28.182 8.096 2.441 -22.864
5 24 8.096 2.441 -22.864 6.377 -.172 -25.366 6.742 1.354 -26.231 7.581 .589 -22.264
5 24 8.096 2.441 -22.864 7.581 .589 -22.264 6.377 -.172 -25.366 8.99 2.932 -19.134
5 24 7.581 .589 -22.264 6.377 -.172 -25.366 8.096 2.441 -22.864 5.564 -2.119 -24.732
5 24 7.581 .589 -22.264 5.564 -2.119 -24.732 6.377 -.172 -25.366 6.641 -2.469 -21.717
5 24 8.99 2.932 -19.134 7.581 .589 -22.264 8.096 2.441 -22.864 8.409 .684 -18.959
5 24 8.99 2.932 -19.134 8.409 .684 -18.959 7.581 .589 -22.264 9.793 2.886 -16.045
5 24 8.409 .684 -18.959 7.581 .589 -22.264 8.99 2.932 -19.134 6.641 -2.469 -21.717
5 24 9.293 .652 -15.572 8.409 .684 -18.959 9.793 2.886 -16.045 7.577 -3.65 -15.644
5 24 7.577 -3.65 -15.644 8.409 .684 -18.959 9.293 .652 -15.572 6.507 -4.373 -19.452
5 24 7.577 -3.65 -15.644 6.507 -4.373 -19.452 8.409 .684 -18.959 6.229 -7.224 -14.852
5 24 6.507 -4.373 -19.452 8.409 .684 -18.959 7.577 -3.65 -15.644 6.641 -2.469 -21.717
5 24 7.581 .589 -22.264 6.641 -2.469 -21.717 5.564 -2.119 -24.732 8.409 .684 -18.959
5 24 6.641 -2.469 -21.717 8.409 .684 -18.959 6.507 -4.373 -19.452 7.581 .589 -22.264
5 24 6.229 -7.224 -14.852 6.507 -4.373 -19.452 7.577 -3.65 -15.644 4.981 -7.982 -18.576
5 24 7.361 3.943 -19.171 8.465 3.667 -18.143 8.109 3.416 -19.887 7.518 4.136 -18.552
5 24 7.361 3.943 -19.171 7.518 4.136 -18.552 8.465 3.667 -18.143 6.339 4.774 -18.696
5 24 4.401 5.451 -19.378 4.499 6.304 -20.072 3.955 5.769 -20.409 4.966 6 -19.163
5 24 4.499 6.304 -20.072 3.955 5.769 -20.409 4.401 5.451 -19.378 3.905 6.234 -21.03
2 24 3.955 5.769 -20.409 4.401 5.451 -19.378
5 24 4.401 5.451 -19.378 4.966 6 -19.163 4.499 6.304 -20.072 5.137 5.607 -18.548
5 24 4.401 5.451 -19.378 5.137 5.607 -18.548 4.966 6 -19.163 4.738 5.01 -18.43
2 24 4.401 5.451 -19.378 4.738 5.01 -18.43
2 24 4.738 5.01 -18.43 5.137 5.607 -18.548
5 24 3.905 6.234 -21.03 3.955 5.769 -20.409 4.499 6.304 -20.072 3.163 6.111 -21.747
2 24 3.163 6.111 -21.747 3.955 5.769 -20.409
5 24 4.338 4.078 -15.322 5.379 5.898 -15.106 4.896 4.529 -17.003 4.692 4.701 -14.381
5 24 5.379 5.898 -15.106 4.896 4.529 -17.003 4.338 4.078 -15.322 5.684 6.399 -17.377
2 24 4.896 4.529 -17.003 4.338 4.078 -15.322
5 24 4.692 4.701 -14.381 5.379 5.898 -15.106 4.338 4.078 -15.322 5.743 5.066 -13.392
5 24 5.743 5.066 -13.392 5.379 5.898 -15.106 4.692 4.701 -14.381 6.132 6.452 -14.438
5 24 5.379 5.898 -15.106 5.684 6.399 -17.377 4.896 4.529 -17.003 5.966 6.802 -16.038
5 24 5.684 6.399 -17.377 4.896 4.529 -17.003 5.379 5.898 -15.106 5.137 5.607 -18.548
5 24 5.379 5.898 -15.106 5.966 6.802 -16.038 5.684 6.399 -17.377 6.132 6.452 -14.438
5 24 5.137 5.607 -18.548 4.896 4.529 -17.003 5.684 6.399 -17.377 4.738 5.01 -18.43
2 24 4.738 5.01 -18.43 4.896 4.529 -17.003
5 24 0 -6.212 -22.305 2.348 5.846 -22.498 1.394 5.604 -22.845 2.989 -.438 -21.717
5 24 2.989 -.438 -21.717 2.348 5.846 -22.498 0 -6.212 -22.305 3.163 6.111 -21.747
2 24 0 -6.212 -22.305 2.989 -.438 -21.717
5 24 2.989 -.438 -21.717 3.955 5.769 -20.409 3.163 6.111 -21.747 4.346 1.579 -19.5
5 24 4.346 1.579 -19.5 3.955 5.769 -20.409 2.989 -.438 -21.717 4.401 5.451 -19.378
2 24 2.989 -.438 -21.717 4.346 1.579 -19.5
5 24 4.346 1.579 -19.5 4.401 5.451 -19.378 3.955 5.769 -20.409 4.738 5.01 -18.43
5 24 4.346 1.579 -19.5 4.738 5.01 -18.43 4.401 5.451 -19.378 4.851 1.26 -17.457
2 24 4.346 1.579 -19.5 4.851 1.26 -17.457
5 24 4.851 1.26 -17.457 4.738 5.01 -18.43 4.346 1.579 -19.5 4.896 4.529 -17.003
5 24 4.851 1.26 -17.457 4.338 4.078 -15.322 4.896 4.529 -17.003 4.803 .369 -16.218
2 24 4.851 1.26 -17.457 4.803 .369 -16.218
5 24 4.803 .369 -16.218 4.338 4.078 -15.322 4.851 1.26 -17.457 4.004 -2.135 -15.307
5 24 4.004 -2.135 -15.307 4.338 4.078 -15.322 3.424 4.23 -14.888 4.803 .369 -16.218
2 24 4.803 .369 -16.218 4.004 -2.135 -15.307
5 24 4.004 -2.135 -15.307 3.424 4.23 -14.888 1.897 4.302 -14.74 4.338 4.078 -15.322
5 24 2.052 -6.973 -15.136 1.897 4.302 -14.74 4.004 -2.135 -15.307 0 4.283 -14.902
2 24 4.004 -2.135 -15.307 2.052 -6.973 -15.136
5 24 2.052 -6.973 -15.136 0 4.283 -14.902 1.897 4.302 -14.74 0 -8.092 -15.221
2 24 2.052 -6.973 -15.136 0 -8.092 -15.221
5 24 2.052 -6.973 -15.136 0 -6.212 -22.305 0 -8.092 -15.221 2.989 -.438 -21.717
5 24 4.004 -2.135 -15.307 4.346 1.579 -19.5 4.851 1.26 -17.457 2.989 -.438 -21.717
5 24 4.9751 -5 -12.0107 0 5.073 -13.019 0 -5 -13 1.946 5.067 -12.894
5 24 4.9751 -5 -12.0107 6.88 5.321 -11.019 4.9751 5.1961 -12.0107 9.1923 -5 -9.1923
5 24 6.88 5.321 -11.019 9.1923 -5 -9.1923 4.9751 -5 -12.0107 9.1923 6.624 -9.1923
5 24 10.849 8.978 -7.445 9.1923 -5 -9.1923 9.1923 6.624 -9.1923 12.0107 -5 -4.9751
5 24 9.058 3.658 -14.729 9.395 4.356 -11.332 10.586 2.784 -13.001 7.462 4.55 -13.707
5 24 16.579 22.449 -.38 17.434 16.109 -.66 15.857 22.517 -3.792 16.546 16.655 4.696
5 24 16.579 22.449 -.38 16.546 16.655 4.696 17.434 16.109 -.66 16.067 22.407 5.343
2 24 17.589 11.08 -4.458 17.977 11.833 -2.477
2 24 16.478 11.73 -5.043 14.145 13.687 -9.151
5 24 17.03 15.257 -3.916 16.478 11.73 -5.043 17.977 11.833 -2.477 14.145 13.687 -9.151
5 24 13.274 10.87 -6.849 14.145 13.687 -9.151 11.557 12.881 -9.362 16.478 11.73 -5.043
5 24 14.145 13.687 -9.151 17.03 15.257 -3.916 16.478 11.73 -5.043 14.848 16.692 -8.511
5 24 17.977 11.833 -2.477 16.478 11.73 -5.043 17.589 11.08 -4.458 17.03 15.257 -3.916
5 24 8.3151 -5 3.4443 12.0107 -3.8519 4.9751 13 -5 0 6.3639 -5 6.3639
5 24 6.132 6.452 -14.438 5.379 5.898 -15.106 5.966 6.802 -16.038 5.743 5.066 -13.392
5 24 3.7028 -4.5974 -26.0164 2.993 -5.641 -26.494 3.554 -5.6201 -25.6497 3.929 -3.048 -26.676
5 24 17.03 15.257 -3.916 17.977 11.833 -2.477 16.478 11.73 -5.043 17.434 16.109 -.66
5 24 1.946 5.067 -12.894 4.9751 -5 -12.0107 0 5.073 -13.019 4.9751 5.1961 -12.0107
5 24 6.3639 -5 6.3639 12.0107 -3.8519 4.9751 8.3151 -5 3.4443 9.1923 -2.8787 9.1923
5 24 3.4443 -5 8.3151 4.9751 -2.2283 12.0107 0 -5 9 9.1923 -2.8787 9.1923
5 24 17.589 11.08 -4.458 16.478 11.73 -5.043 17.977 11.833 -2.477 17.162 9.649 -5.633
5 24 5.564 -2.119 -24.732 4.8092 -3.2257 -25.1264 5.2943 -3.5025 -24.125 3.929 -3.048 -26.676
5 24 17.162 9.649 -5.633 16.478 11.73 -5.043 13.274 10.87 -6.849 17.589 11.08 -4.458
5 24 6.3639 -5 6.3639 9.1923 -2.8787 9.1923 12.0107 -3.8519 4.9751 3.4443 -5 8.3151
5 24 4.9751 5.1961 -12.0107 4.9751 -5 -12.0107 1.946 5.067 -12.894 6.88 5.321 -11.019
5 24 3.7028 -4.5974 -26.0164 3.755 -5.169 -23.387 4.212 -3.649 -25.789 3.554 -5.6201 -25.6497
5 24 10.964 -12.529 2.45 16.2723 -11.6856 4.275 17.808 -12.718 1.671 13.2995 -9.6013 6.2027
5 24 0 -5 9 4.9751 -2.2283 12.0107 3.4443 -5 8.3151 0 -2 13
5 24 4.8092 -3.2257 -25.1264 3.755 -5.169 -23.387 5.2943 -3.5025 -24.125 4.212 -3.649 -25.789
5 24 16.0749 1.2103 4.315 17.285 -6.997 2.147 15.9525 -5.7054 4.3279 17.29 -.228 1.398
5 24 13.274 10.87 -6.849 17.162 9.649 -5.633 16.478 11.73 -5.043 16.161 7.747 -6.868
5 24 17.285 -6.997 2.147 16.2723 -11.6856 4.275 15.9525 -5.7054 4.3279 17.808 -12.718 1.671
5 24 13.8689 -4.7355 6.1645 16.2723 -11.6856 4.275 15.9525 -5.7054 4.3279 13.2995 -9.6013 6.2027
5 24 16.478 11.73 -5.043 13.274 10.87 -6.849 17.162 9.649 -5.633 14.145 13.687 -9.151
5 24 9.1923 6.624 -9.1923 9.1923 -5 -9.1923 6.88 5.321 -11.019 10.849 8.978 -7.445
5 24 15.9525 -5.7054 4.3279 16.0749 1.2103 4.315 13.8689 -4.7355 6.1645 17.285 -6.997 2.147
5 24 16.0749 1.2103 4.315 13.8689 -4.7355 6.1645 14.465 2.706 7.003 15.9525 -5.7054 4.3279
5 24 9.1923 -2.8787 9.1923 3.4443 -5 8.3151 6.3639 -5 6.3639 4.9751 -2.2283 12.0107
5 24 3.755 -5.169 -23.387 4.9054 -6.9346 -21.5147 5.2914 -6.0156 -21.9389 4.466 -7.597 -21.653
5 24 4.1093 -7.9681 -22.4077 3.755 -5.169 -23.387 3.891 -7.876 -23.29 4.466 -7.597 -21.653
5 24 13 -5 0 8.3151 -5 3.4443 12.0107 -3.8519 4.9751 9 -5 0
5 24 1.897 4.302 -14.74 4.004 -2.135 -15.307 3.424 4.23 -14.888 2.052 -6.973 -15.136
5 24 4.851 1.26 -17.457 4.004 -2.135 -15.307 4.346 1.579 -19.5 4.803 .369 -16.218
5 24 2.989 -.438 -21.717 3.163 6.111 -21.747 3.955 5.769 -20.409 2.348 5.846 -22.498
5 24 4.896 4.529 -17.003 4.851 1.26 -17.457 4.738 5.01 -18.43 4.338 4.078 -15.322
5 24 2.989 -.438 -21.717 4.004 -2.135 -15.307 2.052 -6.973 -15.136 4.346 1.579 -19.5
5 24 4.1093 -7.9681 -22.4077 3.463 -9.189 -23.053 3.891 -7.876 -23.29 4.981 -7.982 -18.576
5 24 2.052 -6.973 -15.136 2.989 -.438 -21.717 0 -6.212 -22.305 4.004 -2.135 -15.307
5 24 1.394 5.604 -22.845 0 -6.212 -22.305 0 5.678 -22.984 2.348 5.846 -22.498
5 24 4.9054 -6.9346 -21.5147 4.981 -7.982 -18.576 5.2914 -6.0156 -21.9389 4.466 -7.597 -21.653
5 24 17.808 -12.718 1.671 17.285 -6.997 2.147 16.537 -8.081 -3.573 15.9525 -5.7054 4.3279
5 24 17.287 6.874 3.263 16.0749 1.2103 4.315 17.29 -.228 1.398 14.465 2.706 7.003
5 24 17.285 -6.997 2.147 17.29 -.228 1.398 16.0749 1.2103 4.315 16.375 -2.494 -3.6
