0 ~Minifig Headdress T-Rex - Black Eye and Reddish Brown Stripes - Half
0 Name: s\2523p01s01.dat
0 Author: Gerald Lasser [GeraldLasser]
0 !LDRAW_ORG Subpart UPDATE 2026-07
0 !LICENSE Licensed under CC BY 4.0 : see CAreadme.txt

0 BFC CERTIFY CCW

0 !HISTORY 2026-07-30 [OrionP] Official Update 2026-07

4 0 17.04097 -9.48 -1.19 17.08887 -9.55 -.92 17.11453 -9.71 -.86 17.11575 -9.91 -.99
4 0 16.98655 -9.55 -1.6 17.04097 -9.48 -1.19 17.11575 -9.91 -.99 17.07724 -10.05195 -1.34404
3 0 16.98655 -9.55 -1.6 17.07724 -10.05195 -1.34404 16.95014 -9.58825 -1.86845
4 0 16.77799 -9.71 -2.47 16.95014 -9.58825 -1.86845 17.07724 -10.05195 -1.34404 16.8551 -10.28 -2.11
4 0 16.64293 -9.75 -2.95 16.77799 -9.71 -2.47 16.8551 -10.28 -2.11 16.65198 -10.56 -2.8
4 0 16.64293 -9.75 -2.95 16.65198 -10.56 -2.8 16.48707 -10.72 -3.37 16.53136 -9.69 -3.36
4 0 16.53136 -9.69 -3.36 16.48707 -10.72 -3.37 16.39197 -10.75113 -3.70755 16.45349 -9.61846 -3.65048
4 0 16.45349 -9.61846 -3.65048 16.39197 -10.75113 -3.70755 15.51385 -10.73 -4.49 15.66779 -9.31 -4.35
4 0 15.66779 -9.31 -4.35 15.51385 -10.73 -4.49 14.60437 -10.51 -5.3 13.84337 -10.13307 -5.97738
3 0 15.66779 -9.31 -4.35 13.84337 -10.13307 -5.97738 15.21499 -9.08814 -4.75305
4 0 15.21499 -9.08814 -4.75305 13.84337 -10.13307 -5.97738 13.14686 -9.65 -6.73 15.2517 -8.83 -4.75
4 0 15.2517 -8.83 -4.75 13.14686 -9.65 -6.73 12.71249 -9.37259 -7.19629 14.11607 -7.86476 -6.00007
3 0 14.11607 -7.86476 -6.00007 12.71249 -9.37259 -7.19629 12.988 -7.764 -7.131
3 0 12.988 -7.764 -7.131 12.71249 -9.37259 -7.19629 12.55862 -8.1 -7.35
3 0 12.988 -7.764 -7.131 12.55862 -8.1 -7.35 12.35737 -7.84169 -7.4751
3 0 12.988 -7.764 -7.131 12.35737 -7.84169 -7.4751 12.4029 -7.56975 -7.60164
3 0 12.47318 -7.10755 -7.72627 12.988 -7.764 -7.131 12.4029 -7.56975 -7.60164
4 0 12.988 -7.764 -7.131 12.47318 -7.10755 -7.72627 12.48425 -6.22 -7.81 12.73843 -5.2 -7.66
3 0 13.03608 -4.7 -7.41 12.988 -7.764 -7.131 12.73843 -5.2 -7.66
4 0 12.988 -7.764 -7.131 13.03608 -4.7 -7.41 13.28184 -4.24177 -7.20845 13.563 -6.72467 -6.66889
4 0 13.563 -6.72467 -6.66889 13.28184 -4.24177 -7.20845 13.80018 -3.79141 -6.74086 13.74924 -6.45734 -6.51195
4 15 14.93218 -7.04 -5.276 14.8434 -7.35533 -5.33111 14.2032 -7.04 -6 14.90998 -6.72467 -5.33111
4 15 14.78017 -6.45734 -5.48805 14.90998 -6.72467 -5.33111 14.2032 -7.04 -6 14.56253 -6.27872 -5.72294
4 15 14.29019 -6.216 -6 14.56253 -6.27872 -5.72294 14.2032 -7.04 -6 14.0046 -6.27872 -6.27706
4 15 13.74924 -6.45734 -6.51195 14.0046 -6.27872 -6.27706 14.2032 -7.04 -6 13.563 -6.72467 -6.66889
4 15 13.47423 -7.04 -6.724 13.563 -6.72467 -6.66889 14.2032 -7.04 -6 13.49643 -7.35533 -6.66889
4 15 13.62623 -7.62266 -6.51195 13.49643 -7.35533 -6.66889 14.2032 -7.04 -6 13.84387 -7.80128 -6.27706
4 15 14.11607 -7.86476 -6.00007 13.84387 -7.80128 -6.27706 14.2032 -7.04 -6 14.40181 -7.80128 -5.72294
4 15 14.65716 -7.62266 -5.48805 14.40181 -7.80128 -5.72294 14.2032 -7.04 -6 14.8434 -7.35533 -5.33111
4 0 12.00027 -8.07 -7.66 12.55862 -8.1 -7.35 12.71249 -9.37259 -7.19629 12.12417 -9.21 -7.53
4 0 11.52266 -8.14 -7.92 12.00027 -8.07 -7.66 12.12417 -9.21 -7.53 11.04947 -8.35 -8.17
4 0 11.04947 -8.35 -8.17 12.12417 -9.21 -7.53 11.62502 -9.13 -7.81 10.84006 -8.64 -8.27
4 0 10.84006 -8.64 -8.27 11.62502 -9.13 -7.81 11.24577 -9.12 -8.02 10.97907 -9.07 -8.17
3 0 10.84006 -8.64 -8.27 10.97907 -9.07 -8.17 10.8117 -8.93 -8.27
3 0 13.84387 -7.80128 -6.27706 14.11607 -7.86476 -6.00007 12.988 -7.764 -7.131
3 0 13.62623 -7.62266 -6.51195 13.84387 -7.80128 -6.27706 12.988 -7.764 -7.131
3 0 13.62623 -7.62266 -6.51195 12.988 -7.764 -7.131 13.49643 -7.35533 -6.66889
3 0 13.49643 -7.35533 -6.66889 12.988 -7.764 -7.131 13.47423 -7.04 -6.724
3 0 13.47423 -7.04 -6.724 12.988 -7.764 -7.131 13.563 -6.72467 -6.66889
3 0 14.0046 -6.27872 -6.27706 13.74924 -6.45734 -6.51195 13.80018 -3.79141 -6.74086
3 0 14.29019 -6.216 -6 14.0046 -6.27872 -6.27706 13.80018 -3.79141 -6.74086
3 0 13.80018 -3.79141 -6.74086 14.56253 -6.27872 -5.72294 14.29019 -6.216 -6
4 0 14.78017 -6.45734 -5.48805 14.56253 -6.27872 -5.72294 13.80018 -3.79141 -6.74086 16.20588 -7.56202 -3.95627
4 0 14.78017 -6.45734 -5.48805 16.20588 -7.56202 -3.95627 15.98217 -8.03144 -4.12924 14.90998 -6.72467 -5.33111
3 0 14.90998 -6.72467 -5.33111 15.98217 -8.03144 -4.12924 14.93218 -7.04 -5.276
3 0 14.93218 -7.04 -5.276 15.98217 -8.03144 -4.12924 14.8434 -7.35533 -5.33111
3 0 14.8434 -7.35533 -5.33111 15.98217 -8.03144 -4.12924 14.65716 -7.62266 -5.48805
3 0 14.65716 -7.62266 -5.48805 15.98217 -8.03144 -4.12924 14.40181 -7.80128 -5.72294
3 0 14.40181 -7.80128 -5.72294 15.98217 -8.03144 -4.12924 14.11607 -7.86476 -6.00007
4 0 14.11607 -7.86476 -6.00007 15.98217 -8.03144 -4.12924 15.69477 -8.45 -4.36 15.2517 -8.83 -4.75
4 0 16.29466 -6.92 -3.83 16.20588 -7.56202 -3.95627 13.80018 -3.79141 -6.74086 14.32588 -3.54 -6.1
4 0 16.30282 -6.25 -3.8 16.29466 -6.92 -3.83 14.32588 -3.54 -6.1 16.19227 -5.48 -3.91
4 0 15.88555 -4.5 -4.25 16.19227 -5.48 -3.91 14.32588 -3.54 -6.1 15.41525 -3.95 -4.8
3 0 14.9429 -3.65 -5.36 15.41525 -3.95 -4.8 14.32588 -3.54 -6.1
3 16 16.375 -2.494 -3.6 15.41525 -3.95 -4.8 14.9429 -3.65 -5.36
4 16 16.375 -2.494 -3.6 14.9429 -3.65 -5.36 14.32588 -3.54 -6.1 13.375 -3.125 -7.233
3 16 14.32588 -3.54 -6.1 13.80018 -3.79141 -6.74086 13.375 -3.125 -7.233
3 16 13.80018 -3.79141 -6.74086 13.28184 -4.24177 -7.20845 13.375 -3.125 -7.233
4 16 13.375 -3.125 -7.233 13.28184 -4.24177 -7.20845 13.03608 -4.7 -7.41 9.353 -3.129 -11.334
3 16 13.03608 -4.7 -7.41 12.73843 -5.2 -7.66 9.353 -3.129 -11.334
3 16 12.73843 -5.2 -7.66 12.48425 -6.22 -7.81 9.353 -3.129 -11.334
3 16 12.48425 -6.22 -7.81 12.47318 -7.10755 -7.72627 9.353 -3.129 -11.334
4 16 8.515 -6.279 -10.729 9.353 -3.129 -11.334 12.47318 -7.10755 -7.72627 12.4029 -7.56975 -7.60164
4 16 7.314 -8.463 -10.227 8.515 -6.279 -10.729 12.4029 -7.56975 -7.60164 12.35737 -7.84169 -7.4751
4 16 11.52266 -8.14 -7.92 7.314 -8.463 -10.227 12.35737 -7.84169 -7.4751 12.00027 -8.07 -7.66
3 16 12.35737 -7.84169 -7.4751 12.55862 -8.1 -7.35 12.00027 -8.07 -7.66
3 16 11.04947 -8.35 -8.17 7.314 -8.463 -10.227 11.52266 -8.14 -7.92
3 16 11.04947 -8.35 -8.17 10.84006 -8.64 -8.27 7.314 -8.463 -10.227
3 16 10.84006 -8.64 -8.27 10.8117 -8.93 -8.27 7.314 -8.463 -10.227
4 16 7.314 -8.463 -10.227 10.8117 -8.93 -8.27 10.97907 -9.07 -8.17 12.393 -11.238 -7.272
3 16 11.24577 -9.12 -8.02 12.393 -11.238 -7.272 10.97907 -9.07 -8.17
4 16 12.393 -11.238 -7.272 11.24577 -9.12 -8.02 11.62502 -9.13 -7.81 12.12417 -9.21 -7.53
3 16 12.71249 -9.37259 -7.19629 12.393 -11.238 -7.272 12.12417 -9.21 -7.53
4 16 12.393 -11.238 -7.272 12.71249 -9.37259 -7.19629 13.14686 -9.65 -6.73 13.84337 -10.13307 -5.97738
3 16 14.60437 -10.51 -5.3 12.393 -11.238 -7.272 13.84337 -10.13307 -5.97738
4 16 12.393 -11.238 -7.272 14.60437 -10.51 -5.3 15.51385 -10.73 -4.49 16.274 -12.923 -3.817
3 16 16.39197 -10.75113 -3.70755 16.274 -12.923 -3.817 15.51385 -10.73 -4.49
3 16 16.48707 -10.72 -3.37 16.274 -12.923 -3.817 16.39197 -10.75113 -3.70755
3 16 16.65198 -10.56 -2.8 16.274 -12.923 -3.817 16.48707 -10.72 -3.37
4 16 16.274 -12.923 -3.817 16.65198 -10.56 -2.8 16.8551 -10.28 -2.11 17.07724 -10.05195 -1.34404
3 16 17.808 -12.718 1.671 16.274 -12.923 -3.817 17.07724 -10.05195 -1.34404
3 16 17.11575 -9.91 -.99 17.808 -12.718 1.671 17.07724 -10.05195 -1.34404
4 16 17.808 -12.718 1.671 17.11575 -9.91 -.99 17.11453 -9.71 -.86 17.285 -6.997 2.147
3 16 17.285 -6.997 2.147 17.11453 -9.71 -.86 17.08887 -9.55 -.92
4 16 17.285 -6.997 2.147 17.08887 -9.55 -.92 17.04097 -9.48 -1.19 16.537 -8.081 -3.573
4 16 16.537 -8.081 -3.573 17.04097 -9.48 -1.19 16.98655 -9.55 -1.6 16.95014 -9.58825 -1.86845
4 16 16.537 -8.081 -3.573 16.95014 -9.58825 -1.86845 16.77799 -9.71 -2.47 16.64293 -9.75 -2.95
4 16 16.537 -8.081 -3.573 16.64293 -9.75 -2.95 16.53136 -9.69 -3.36 16.45349 -9.61846 -3.65048
4 16 16.537 -8.081 -3.573 16.45349 -9.61846 -3.65048 15.66779 -9.31 -4.35 15.21499 -9.08814 -4.75305
4 16 16.537 -8.081 -3.573 15.21499 -9.08814 -4.75305 15.2517 -8.83 -4.75 15.69477 -8.45 -4.36
3 16 16.537 -8.081 -3.573 15.69477 -8.45 -4.36 15.98217 -8.03144 -4.12924
3 16 16.20588 -7.56202 -3.95627 16.537 -8.081 -3.573 15.98217 -8.03144 -4.12924
3 16 16.29466 -6.92 -3.83 16.537 -8.081 -3.573 16.20588 -7.56202 -3.95627
4 16 16.537 -8.081 -3.573 16.29466 -6.92 -3.83 16.30282 -6.25 -3.8 16.375 -2.494 -3.6
3 16 16.375 -2.494 -3.6 16.30282 -6.25 -3.8 16.19227 -5.48 -3.91
3 16 16.375 -2.494 -3.6 16.19227 -5.48 -3.91 15.88555 -4.5 -4.25
3 16 16.375 -2.494 -3.6 15.88555 -4.5 -4.25 15.41525 -3.95 -4.8
3 16 17.285 -6.997 2.147 16.537 -8.081 -3.573 16.375 -2.494 -3.6
3 16 17.29 -.228 1.398 17.285 -6.997 2.147 16.375 -2.494 -3.6

0 // Stripes
4 70 0 -12.072 -18.985 0 -11.05121 -23 0.35 -10.98265 -22.89 0.67 -11.03423 -22.34
3 70 0 -12.072 -18.985 0.67 -11.03423 -22.34 0.87843 -11.29184 -21.10065
3 70 0 -12.072 -18.985 0.87843 -11.29184 -21.10065 0.96 -11.52603 -19.93
3 70 1.20149 -11.66439 -18.93849 0 -12.072 -18.985 0.96 -11.52603 -19.93
4 70 3.083 -10.733 -13.648 0 -12.072 -18.985 2.14 -11.20826 -16.45 2.77105 -10.94191 -15.49511
3 70 3.083 -10.733 -13.648 2.77105 -10.94191 -15.49511 3.29806 -10.51651 -15.10029
3 70 3.083 -10.733 -13.648 3.29806 -10.51651 -15.10029 3.99 -10.14608 -14.62
3 70 3.083 -10.733 -13.648 3.99 -10.14608 -14.62 4.70039 -9.75488 -14.29903
4 70 3.083 -10.733 -13.648 4.70039 -9.75488 -14.29903 4.87 -9.62924 -14.17 4.9 -9.58981 -14
4 70 3.083 -10.733 -13.648 4.9 -9.58981 -14 4.76 -9.66003 -13.82 4.18 -9.99716 -13.47
3 70 2.14 -11.20826 -16.45 0 -12.072 -18.985 1.48074 -11.50936 -17.85425
3 70 1.48074 -11.50936 -17.85425 0 -12.072 -18.985 1.20149 -11.66439 -18.93849
3 70 3.19351 -10.60724 -13.18844 3.083 -10.733 -13.648 4.18 -9.99716 -13.47
3 70 2.54 -10.78245 -13.1 3.083 -10.733 -13.648 3.19351 -10.60724 -13.18844
4 70 0 -11.45 -12.69 3.083 -10.733 -13.648 2.54 -10.78245 -13.1 2.08 -10.85154 -12.77
3 70 1.88 -10.83163 -12.38 0 -11.45 -12.69 2.08 -10.85154 -12.77
3 70 1.83 -10.7593 -11.95 0 -11.45 -12.69 1.88 -10.83163 -12.38
3 70 1.9 -10.62719 -11.4 0 -11.45 -12.69 1.83 -10.7593 -11.95
3 70 2.20253 -10.42293 -10.833 0 -11.45 -12.69 1.9 -10.62719 -11.4
3 70 0 -9.863 -8.642 0 -11.45 -12.69 2.20253 -10.42293 -10.833
3 70 4.156 -9.512 -9.186 2.20253 -10.42293 -10.833 3.04 -10.0776 -10.35
3 70 4.156 -9.512 -9.186 3.04 -10.0776 -10.35 3.94551 -9.75153 -10.06132
3 70 4.156 -9.512 -9.186 3.94551 -9.75153 -10.06132 4.29634 -9.50831 -9.93695
4 70 4.156 -9.512 -9.186 4.29634 -9.50831 -9.93695 4.81 -9.31294 -9.7 5.14286 -9.18419 -9.51131
4 70 4.156 -9.512 -9.186 5.14286 -9.18419 -9.51131 5.75 -9.39136 -9.05 5.54565 -10.05509 -8.01863
4 70 5.95 -10.0085 -8.01 5.54565 -10.05509 -8.01863 5.75 -9.39136 -9.05 6.22 -9.65859 -8.52
4 70 5.95 -10.0085 -8.01 6.22 -9.65859 -8.52 6.38 -9.81729 -8.23 6.39 -9.97672 -7.97
3 70 0 -9.863 -8.642 2.20253 -10.42293 -10.833 4.156 -9.512 -9.186
4 70 0 -9.863 -8.642 4.156 -9.512 -9.186 1.74269 -10.10139 -7.07407 1.01 -10.24231 -6.61
4 70 2.31 -10.07781 -7.26 1.74269 -10.10139 -7.07407 4.156 -9.512 -9.186 2.71 -10.04678 -7.43
3 70 5.13 -10.03253 -7.99 4.156 -9.512 -9.186 5.54565 -10.05509 -8.01863
3 70 4.5 -10.0341 -7.85 4.156 -9.512 -9.186 5.13 -10.03253 -7.99
4 70 4.156 -9.512 -9.186 4.5 -10.0341 -7.85 3.78 -10.09143 -7.54 3.19 -10.1184 -7.34
4 70 4.156 -9.512 -9.186 3.19 -10.1184 -7.34 2.92 -10.09316 -7.35 2.71 -10.04678 -7.43
4 70 0.51 -5.69393 14.16 0 -5.68039 14.3 0 -6.448 12.488 0.81 -5.82798 13.78
3 70 0.81 -5.82798 13.78 0 -6.448 12.488 0.9678 -6.08778 13.13329
3 70 0.9678 -6.08778 13.13329 0 -6.448 12.488 1.50879 -6.42589 12.39935
4 70 1.50879 -6.42589 12.39935 0 -6.448 12.488 0 -8.118 8.546 2.47 -6.63331 11.82
3 70 2.47 -6.63331 11.82 0 -8.118 8.546 3.87 -6.77283 11.36
3 70 3.87 -6.77283 11.36 0 -8.118 8.546 5.38078 -6.773 11.21857
4 70 6.63 -6.95539 10.86 5.38078 -6.773 11.21857 0 -8.118 8.546 7.33196 -7.14809 10.47995
3 70 7.33196 -7.14809 10.47995 0 -8.118 8.546 7.618 -8.127 8.543
4 70 8.23 -7.40839 9.64 7.33196 -7.14809 10.47995 7.618 -8.127 8.543 8.84038 -7.7271 8.80491
4 70 9.11 -8.34268 8.06 8.84038 -7.7271 8.80491 7.618 -8.127 8.543 8.82 -8.5146 7.91
3 70 7.618 -8.127 8.543 7.7826 -8.47553 8.11935 8.82 -8.5146 7.91
3 70 7.618 -8.127 8.543 6.9 -8.30037 8.23 7.7826 -8.47553 8.11935
4 70 5.38 -8.35767 8.12 6.9 -8.30037 8.23 7.618 -8.127 8.543 0 -8.118 8.546
4 70 1.43 -8.84923 7.22 1.63 -8.61275 7.65 0 -8.118 8.546 0 -9.903 5.303
3 70 0 -8.118 8.546 1.63 -8.61275 7.65 2.22 -8.40966 8.02
3 70 0 -8.118 8.546 2.22 -8.40966 8.02 2.99 -8.35536 8.12
3 70 0 -8.118 8.546 2.99 -8.35536 8.12 5.38 -8.35767 8.12
3 70 1.43 -8.84923 7.22 0 -9.903 5.303 1.51 -9.11901 6.73
3 70 1.51 -9.11901 6.73 0 -9.903 5.303 1.95 -9.44418 6.14
3 70 1.95 -9.44418 6.14 0 -9.903 5.303 2.58 -9.8974 5.64
3 70 2.58 -9.8974 5.64 0 -9.903 5.303 3.45 -10.20403 5.36
3 70 3.45 -10.20403 5.36 0 -9.903 5.303 4.81 -10.50169 5.05
4 70 6.38 -10.78346 4.81 4.81 -10.50169 5.05 0 -9.903 5.303 0 -11.089 3.141
4 70 8.63 -11.17742 4.49 6.38 -10.78346 4.81 0 -11.089 3.141 9.7 -11.42426 4.23
3 70 9.7 -11.42426 4.23 0 -11.089 3.141 10.964 -12.529 2.45
4 70 10.75 -11.66518 3.71 9.7 -11.42426 4.23 10.964 -12.529 2.45 11.41 -11.96754 3.17
3 70 11.41 -11.96754 3.17 10.964 -12.529 2.45 11.71 -12.42475 2.69
3 70 11.71 -12.42475 2.69 10.964 -12.529 2.45 11.74 -12.54704 2.37
3 70 0 -11.089 3.141 9.67 -12.3634 2.43 10.964 -12.529 2.45
3 70 0 -11.089 3.141 8.26 -12.19144 2.21 9.67 -12.3634 2.43
4 70 7.55 -12.11552 1.85 8.26 -12.19144 2.21 0 -11.089 3.141 6.64 -12.01216 1.53
4 70 5.22 -11.84234 1.23 6.64 -12.01216 1.53 0 -11.089 3.141 2.64 -11.49888 1.5
3 70 2.64 -11.49888 1.5 4.02 -11.69011 1.18 5.22 -11.84234 1.23
3 70 0 -11.089 3.141 2.12 -11.43756 1.37 2.64 -11.49888 1.5
3 70 0 -11.089 3.141 1.57 -11.38265 1 2.12 -11.43756 1.37
4 70 1.41 -11.3822 0.53 1.57 -11.38265 1 0 -11.089 3.141 0 -11.291 -1.576
3 70 1.41 -11.3822 0.53 0 -11.291 -1.576 1.49 -11.41947 -0.1
3 70 1.49 -11.41947 -0.1 0 -11.291 -1.576 1.72 -11.46618 -0.5
3 70 1.72 -11.46618 -0.5 0 -11.291 -1.576 2.13683 -11.53228 -0.79135
3 70 2.13683 -11.53228 -0.79135 0 -11.291 -1.576 3.14 -11.6721 -1.19
3 70 3.14 -11.6721 -1.19 0 -11.291 -1.576 5.11 -11.93897 -1.75
3 70 0 -11.291 -1.576 10.422 -12.631 -2.464 5.11 -11.93897 -1.75
4 70 7.37 -12.22565 -1.83 5.11 -11.93897 -1.75 10.422 -12.631 -2.464 9.52 -12.4992 -1.93
3 70 9.52 -12.4992 -1.93 10.422 -12.631 -2.464 10.47096 -12.62179 -2.02011
4 70 11.15 -12.65625 -2.2 10.47096 -12.62179 -2.02011 10.422 -12.631 -2.464 12.06012 -12.71274 -2.84274
4 70 12.6 -12.58464 -3.42 12.06012 -12.71274 -2.84274 10.422 -12.631 -2.464 12.87 -12.43105 -3.97
4 70 12.81 -12.32735 -4.25 12.87 -12.43105 -3.97 10.422 -12.631 -2.464 12.54 -12.24452 -4.39
4 70 12.04 -12.1594 -4.45 12.54 -12.24452 -4.39 10.422 -12.631 -2.464 11.22968 -12.06017 -4.43423
3 70 10.422 -12.631 -2.464 10.3 -11.89552 -4.5 11.22968 -12.06017 -4.43423
3 70 10.422 -12.631 -2.464 8.72586 -11.55327 -4.79155 10.3 -11.89552 -4.5
4 70 7.37 -11.26863 -5.22 8.72586 -11.55327 -4.79155 10.422 -12.631 -2.464 5.79 -11.01721 -5.52
4 70 4.51 -10.91947 -5.5 5.79 -11.01721 -5.52 10.422 -12.631 -2.464 3.11 -10.89641 -5.27
3 70 10.422 -12.631 -2.464 1.8 -10.77606 -5.3 3.11 -10.89641 -5.27
3 70 10.422 -12.631 -2.464 0 -10.527 -5.549 1.8 -10.77606 -5.3
3 70 1.8 -10.77606 -5.3 0 -10.527 -5.549 0.90104 -10.56958 -5.62817
4 70 0 -10.527 -5.549 0 -9.863 -8.642 1.01 -10.24231 -6.61 0.79054 -10.33393 -6.24081
3 70 0 -10.527 -5.549 0.79054 -10.33393 -6.24081 0.76 -10.43917 -5.95
3 70 0 -10.527 -5.549 0.76 -10.43917 -5.95 0.90104 -10.56958 -5.62817
3 70 0 -11.291 -1.576 0 -10.527 -5.549 10.422 -12.631 -2.464
3 70 0 -11.45 -12.69 0 -12.072 -18.985 3.083 -10.733 -13.648
4 16 0.35 -10.98265 -22.89 0 -11.05121 -23 0 -10.784 -24.051 1.895 -10.389 -23.549
3 16 0.67 -11.03423 -22.34 0.35 -10.98265 -22.89 1.895 -10.389 -23.549
3 16 0.87843 -11.29184 -21.10065 0.67 -11.03423 -22.34 1.895 -10.389 -23.549
4 16 0.96 -11.52603 -19.93 0.87843 -11.29184 -21.10065 1.895 -10.389 -23.549 2.196 -11.327 -18.9
3 16 2.196 -11.327 -18.9 1.20149 -11.66439 -18.93849 0.96 -11.52603 -19.93
4 16 1.48074 -11.50936 -17.85425 1.20149 -11.66439 -18.93849 2.196 -11.327 -18.9 2.14 -11.20826 -16.45
3 16 2.77105 -10.94191 -15.49511 2.14 -11.20826 -16.45 2.196 -11.327 -18.9
4 16 3.29806 -10.51651 -15.10029 2.77105 -10.94191 -15.49511 2.196 -11.327 -18.9 3.832 -9.979 -18.706
4 16 3.99 -10.14608 -14.62 3.29806 -10.51651 -15.10029 3.832 -9.979 -18.706 5.145 -9.486 -14.478
3 16 4.70039 -9.75488 -14.29903 3.99 -10.14608 -14.62 5.145 -9.486 -14.478
3 16 4.87 -9.62924 -14.17 4.70039 -9.75488 -14.29903 5.145 -9.486 -14.478
3 16 4.9 -9.58981 -14 4.87 -9.62924 -14.17 5.145 -9.486 -14.478
3 16 4.29634 -9.50831 -9.93695 4.9 -9.58981 -14 5.145 -9.486 -14.478
3 16 4.29634 -9.50831 -9.93695 4.76 -9.66003 -13.82 4.9 -9.58981 -14
3 16 4.29634 -9.50831 -9.93695 4.18 -9.99716 -13.47 4.76 -9.66003 -13.82
4 16 3.19351 -10.60724 -13.18844 4.18 -9.99716 -13.47 4.29634 -9.50831 -9.93695 3.94551 -9.75153 -10.06132
4 16 3.19351 -10.60724 -13.18844 3.94551 -9.75153 -10.06132 3.04 -10.0776 -10.35 2.54 -10.78245 -13.1
4 16 2.54 -10.78245 -13.1 3.04 -10.0776 -10.35 2.20253 -10.42293 -10.833 2.08 -10.85154 -12.77
4 16 2.08 -10.85154 -12.77 2.20253 -10.42293 -10.833 1.9 -10.62719 -11.4 1.83 -10.7593 -11.95
3 16 1.83 -10.7593 -11.95 1.88 -10.83163 -12.38 2.08 -10.85154 -12.77
3 16 5.14286 -9.18419 -9.51131 4.81 -9.31294 -9.7 7.314 -8.463 -10.227
4 16 7.314 -8.463 -10.227 4.81 -9.31294 -9.7 4.29634 -9.50831 -9.93695 5.145 -9.486 -14.478
3 16 5.75 -9.39136 -9.05 5.14286 -9.18419 -9.51131 7.314 -8.463 -10.227
3 16 6.22 -9.65859 -8.52 5.75 -9.39136 -9.05 7.314 -8.463 -10.227
4 16 6.38 -9.81729 -8.23 6.22 -9.65859 -8.52 7.314 -8.463 -10.227 7.682 -10.89 -6.224
3 16 7.682 -10.89 -6.224 7.314 -8.463 -10.227 12.393 -11.238 -7.272
4 16 8.72586 -11.55327 -4.79155 7.682 -10.89 -6.224 12.393 -11.238 -7.272 10.3 -11.89552 -4.5
3 16 11.22968 -12.06017 -4.43423 10.3 -11.89552 -4.5 12.393 -11.238 -7.272
3 16 11.22968 -12.06017 -4.43423 12.393 -11.238 -7.272 12.04 -12.1594 -4.45
3 16 12.54 -12.24452 -4.39 12.04 -12.1594 -4.45 12.393 -11.238 -7.272
4 16 12.81 -12.32735 -4.25 12.54 -12.24452 -4.39 12.393 -11.238 -7.272 16.274 -12.923 -3.817
3 16 16.274 -12.923 -3.817 12.87 -12.43105 -3.97 12.81 -12.32735 -4.25
3 16 12.6 -12.58464 -3.42 12.87 -12.43105 -3.97 16.274 -12.923 -3.817
3 16 12.06012 -12.71274 -2.84274 12.6 -12.58464 -3.42 16.274 -12.923 -3.817
3 16 10.964 -12.529 2.45 10.47096 -12.62179 -2.02011 11.15 -12.65625 -2.2
4 16 10.964 -12.529 2.45 11.15 -12.65625 -2.2 12.06012 -12.71274 -2.84274 16.274 -12.923 -3.817
3 16 10.964 -12.529 2.45 16.274 -12.923 -3.817 11.74 -12.54704 2.37
3 16 11.74 -12.54704 2.37 16.274 -12.923 -3.817 17.808 -12.718 1.671
3 16 16.2723 -11.6856 4.275 11.74 -12.54704 2.37 17.808 -12.718 1.671
3 16 16.2723 -11.6856 4.275 11.71 -12.42475 2.69 11.74 -12.54704 2.37
4 16 11.41 -11.96754 3.17 11.71 -12.42475 2.69 16.2723 -11.6856 4.275 13.2995 -9.6013 6.2027
3 16 13.2995 -9.6013 6.2027 10.75 -11.66518 3.71 11.41 -11.96754 3.17
4 16 9.7 -11.42426 4.23 10.75 -11.66518 3.71 13.2995 -9.6013 6.2027 8.81 -10.651 5.475
3 16 8.81 -10.651 5.475 8.63 -11.17742 4.49 9.7 -11.42426 4.23
3 16 8.81 -10.651 5.475 6.38 -10.78346 4.81 8.63 -11.17742 4.49
3 16 8.81 -10.651 5.475 4.81 -10.50169 5.05 6.38 -10.78346 4.81
3 16 8.81 -10.651 5.475 3.45 -10.20403 5.36 4.81 -10.50169 5.05
4 16 3.45 -10.20403 5.36 8.81 -10.651 5.475 7.7826 -8.47553 8.11935 6.9 -8.30037 8.23
4 16 2.58 -9.8974 5.64 3.45 -10.20403 5.36 6.9 -8.30037 8.23 1.95 -9.44418 6.14
4 16 4.49 -8.4724 7.91 1.95 -9.44418 6.14 6.9 -8.30037 8.23 5.38 -8.35767 8.12
4 16 1.43 -8.84923 7.22 1.51 -9.11901 6.73 1.95 -9.44418 6.14 1.63 -8.61275 7.65
4 16 2.22 -8.40966 8.02 1.63 -8.61275 7.65 1.95 -9.44418 6.14 2.99 -8.35536 8.12
4 70 5.38 -8.35767 8.12 2.99 -8.35536 8.12 3.74 -8.44966 7.95 4.49 -8.4724 7.91
3 16 2.99 -8.35536 8.12 1.95 -9.44418 6.14 3.74 -8.44966 7.95
3 16 3.74 -8.44966 7.95 1.95 -9.44418 6.14 4.49 -8.4724 7.91
3 16 7.7826 -8.47553 8.11935 8.81 -10.651 5.475 8.82 -8.5146 7.91
3 16 9.11 -8.34268 8.06 8.82 -8.5146 7.91 8.81 -10.651 5.475
3 16 10.745 -7.104 9.213 9.11 -8.34268 8.06 8.81 -10.651 5.475
3 16 10.745 -7.104 9.213 8.81 -10.651 5.475 13.2995 -9.6013 6.2027
3 16 10.745 -7.104 9.213 8.84038 -7.7271 8.80491 9.11 -8.34268 8.06
4 16 8.23 -7.40839 9.64 8.84038 -7.7271 8.80491 10.745 -7.104 9.213 7.097 -6.344 12.071
3 16 7.097 -6.344 12.071 7.33196 -7.14809 10.47995 8.23 -7.40839 9.64
3 16 7.097 -6.344 12.071 6.63 -6.95539 10.86 7.33196 -7.14809 10.47995
3 16 7.097 -6.344 12.071 5.38078 -6.773 11.21857 6.63 -6.95539 10.86
4 16 3.87 -6.77283 11.36 5.38078 -6.773 11.21857 7.097 -6.344 12.071 2.47 -6.63331 11.82
3 16 1.50879 -6.42589 12.39935 2.47 -6.63331 11.82 7.097 -6.344 12.071
4 16 0 -5.139 15.578 0 -5.68039 14.3 0.51 -5.69393 14.16 3.67 -5.082 14.935
3 16 3.67 -5.082 14.935 0.51 -5.69393 14.16 0.81 -5.82798 13.78
3 16 3.67 -5.082 14.935 0.81 -5.82798 13.78 0.9678 -6.08778 13.13329
4 16 3.67 -5.082 14.935 0.9678 -6.08778 13.13329 1.50879 -6.42589 12.39935 7.097 -6.344 12.071
3 16 3.67 -5.082 14.935 7.097 -6.344 12.071 8.434 -5.196 13.717
3 16 8.434 -5.196 13.717 7.097 -6.344 12.071 10.745 -7.104 9.213
3 16 3.844 -3.795 16.349 3.67 -5.082 14.935 8.434 -5.196 13.717
3 16 0 -3.587 16.875 0 -5.139 15.578 3.844 -3.795 16.349
3 16 3.844 -3.795 16.349 0 -5.139 15.578 3.67 -5.082 14.935
4 16 1.41 -11.3822 0.53 1.49 -11.41947 -0.1 1.72 -11.46618 -0.5 1.57 -11.38265 1
4 16 1.57 -11.38265 1 1.72 -11.46618 -0.5 2.13683 -11.53228 -0.79135 2.12 -11.43756 1.37
4 16 2.64 -11.49888 1.5 2.12 -11.43756 1.37 2.13683 -11.53228 -0.79135 4.02 -11.69011 1.18
3 16 5.22 -11.84234 1.23 4.02 -11.69011 1.18 2.13683 -11.53228 -0.79135
3 16 6.64 -12.01216 1.53 5.22 -11.84234 1.23 2.13683 -11.53228 -0.79135
4 16 7.55 -12.11552 1.85 6.64 -12.01216 1.53 2.13683 -11.53228 -0.79135 10.964 -12.529 2.45
4 16 10.964 -12.529 2.45 9.67 -12.3634 2.43 8.26 -12.19144 2.21 7.55 -12.11552 1.85
4 16 10.964 -12.529 2.45 2.13683 -11.53228 -0.79135 3.14 -11.6721 -1.19 5.11 -11.93897 -1.75
3 16 10.964 -12.529 2.45 5.11 -11.93897 -1.75 7.37 -12.22565 -1.83
3 16 10.964 -12.529 2.45 7.37 -12.22565 -1.83 9.52 -12.4992 -1.93
3 16 10.964 -12.529 2.45 9.52 -12.4992 -1.93 10.47096 -12.62179 -2.02011
4 16 0.90104 -10.56958 -5.62817 0.76 -10.43917 -5.95 0.79054 -10.33393 -6.24081 1.74269 -10.10139 -7.07407
3 16 0.79054 -10.33393 -6.24081 1.01 -10.24231 -6.61 1.74269 -10.10139 -7.07407
4 16 1.8 -10.77606 -5.3 0.90104 -10.56958 -5.62817 4.51 -10.91947 -5.5 3.11 -10.89641 -5.27
4 16 4.51 -10.91947 -5.5 0.90104 -10.56958 -5.62817 7.682 -10.89 -6.224 5.79 -11.01721 -5.52
3 16 7.37 -11.26863 -5.22 5.79 -11.01721 -5.52 7.682 -10.89 -6.224
3 16 8.72586 -11.55327 -4.79155 7.37 -11.26863 -5.22 7.682 -10.89 -6.224
3 16 7.682 -10.89 -6.224 6.39 -9.97672 -7.97 6.38 -9.81729 -8.23
3 16 0.90104 -10.56958 -5.62817 1.74269 -10.10139 -7.07407 2.31 -10.07781 -7.26
4 16 0.90104 -10.56958 -5.62817 2.31 -10.07781 -7.26 2.71 -10.04678 -7.43 2.92 -10.09316 -7.35
4 16 0.90104 -10.56958 -5.62817 2.92 -10.09316 -7.35 3.19 -10.1184 -7.34 7.682 -10.89 -6.224
3 16 7.682 -10.89 -6.224 3.19 -10.1184 -7.34 3.78 -10.09143 -7.54
4 16 7.682 -10.89 -6.224 3.78 -10.09143 -7.54 4.5 -10.0341 -7.85 5.13 -10.03253 -7.99
3 16 7.682 -10.89 -6.224 5.13 -10.03253 -7.99 5.54565 -10.05509 -8.01863
4 16 7.682 -10.89 -6.224 5.54565 -10.05509 -8.01863 5.95 -10.0085 -8.01 6.39 -9.97672 -7.97
