0 ~Minifig Large Lower Jaw with Canines and Pointed Ear without Patternable Surfaces - Half
0 Name: s\2576s02.dat
0 Author: Gerald Lasser [GeraldLasser]
0 !LDRAW_ORG Subpart UPDATE 2026-07
0 !LICENSE Licensed under CC BY 4.0 : see CAreadme.txt

0 BFC CERTIFY CCW

0 !HISTORY 2026-07-30 [OrionP] Official Update 2026-07

1 16 0 -4.5 0 0 0 8 0 1 0 8 0 0 1-4tang.dat
1 16 0 -4.5 0 8 0 0 0 1 0 0 0 -8 3-16tang.dat
4 16 0 0 6 0 0 11.337 3.047 0 10.807 6 0 6
4 16 7.67 0 7.784 6 0 6 3.047 0 10.807 5.458 0 9.586
4 16 6 0 6 7.67 0 7.784 9.606 0 5.522 10.758 0 2.973
4 16 6 0 0 6 0 6 10.758 0 2.973 11.163 0 -.316
4 16 6 0 0 11.163 0 -.316 10.852 0 -3.875 6 0 -5.5434
4 16 6 0 -5.5434 10.852 0 -3.875 10.606 0 -7.408 8.2 0 -9.442
4 16 2.2962 0 -5.5434 6 0 -5.5434 8.2 0 -9.442 2.2962 0 -7.5434
4 16 2.2962 0 -7.5434 8.2 0 -9.442 0 0 -9.442 0 0 -8
1 16 0 0 0 0 0 6 0 -1 0 6 0 0 1-4ndis.dat
1 16 0 0 0 6 0 0 0 -1 0 0 0 -6 3-16tndis.dat
2 24 3.047 0 10.807 0 0 11.337
2 24 5.458 0 9.586 3.047 0 10.807
2 24 7.67 0 7.784 5.458 0 9.586
2 24 9.606 0 5.522 7.67 0 7.784
2 24 10.758 0 2.973 9.606 0 5.522
2 24 11.163 0 -.316 10.758 0 2.973
2 24 10.852 0 -3.875 11.163 0 -.316
2 24 10.606 0 -7.408 10.852 0 -3.875
0 BFC INVERTNEXT
1 16 0 0 0 0 0 6 0 -2 0 6 0 0 7-16cylo.dat
4 16 2.2962 0 -5.5434 2.2962 0 -7.5434 2.2962 -2 -7.5434 2.2962 -2 -5.5434
2 24 2.2962 -2 -7.5434 2.2962 0 -7.5434
2 24 2.2962 0 -7.5434 0 0 -8
2 24 2.2962 0 -5.5434 2.2962 0 -7.5434
2 24 2.2962 -2 -7.5434 2.2962 -2 -5.5434
2 24 2.2962 -2 -5.5434 2.2962 0 -5.5434

1 16 0 -2 0 0 0 2 0 1 0 2 0 0 7-16ring3.dat
3 16 2.2962 -2 -5.5434 2.2962 -2 -7.5434 3.0616 -2 -7.3912
2 24 2.2962 -2 -7.5434 3.0616 -2 -7.3912
0 BFC INVERTNEXT
1 16 0 -2 0 0 0 8 0 -2.5 0 8 0 0 7-16cylo.dat
4 16 0 -4.5 -8 2.2962 -2 -7.5434 2.2962 0 -7.5434 0 0 -8
4 16 0 -4.5 -8 3.0616 -4.5 -7.3912 3.0616 -2 -7.3912 2.2962 -2 -7.5434
2 24 0 -4.5 -8 3.0616 -4.5 -7.3912

3 16 1.5912 -4.5 8 3.282 -6.217 12.194 0 -6.2 12.7
3 16 0 -6.2 12.7 0 -4.5 8 1.5912 -4.5 8
3 16 1.5912 -4.5 8 3.0616 -4.5 7.3912 3.282 -6.217 12.194
3 16 4.532 -4.5 6.7824 5.6568 -4.5 5.6568 8.944 -6.217 8.889
4 16 3.0616 -4.5 7.3912 4.532 -4.5 6.7824 6.33 -6.217 10.909 3.282 -6.217 12.194
3 16 8.944 -6.217 8.889 6.33 -6.217 10.909 4.532 -4.5 6.7824
3 16 8.944 -6.217 8.889 5.6568 -4.5 5.6568 6.7824 -4.5 4.532
3 16 6.7824 -4.5 4.532 7.3912 -4.5 3.0616 10.915 -6.217 6.246
3 16 6.7824 -4.5 4.532 10.915 -6.217 6.246 8.944 -6.217 8.889
3 16 10.915 -6.217 6.246 7.3912 -4.5 3.0616 11.983 -6.217 3.947
3 16 12.6 -6.2 0 11.983 -6.217 3.947 8 -4.5 1.5912
3 16 8 -4.5 1.5912 8 -4.5 0 12.6 -6.2 0
3 16 7.3912 -4.5 3.0616 8 -4.5 1.5912 11.983 -6.217 3.947
3 16 11.6411 -6.2 -4.822 12.6 -6.2 0 8 -4.5 -1.5912
3 16 8 -4.5 -1.5912 7.3912 -4.5 -3.0616 11.6411 -6.2 -4.822
3 16 8 -4.5 0 8 -4.5 -1.5912 12.6 -6.2 0
3 16 6.7824 -4.5 -4.532 5.6568 -4.5 -5.6568 8.9095 -6.2 -8.9095
3 16 8.9095 -6.2 -8.9095 11.6411 -6.2 -4.822 6.7824 -4.5 -4.532
3 16 7.3912 -4.5 -3.0616 6.7824 -4.5 -4.532 11.6411 -6.2 -4.822
3 16 4.532 -4.5 -6.7824 4.822 -6.2 -11.6411 8.9095 -6.2 -8.9095
3 16 8.9095 -6.2 -8.9095 5.6568 -4.5 -5.6568 4.532 -4.5 -6.7824
3 16 4.532 -4.5 -6.7824 3.0616 -4.5 -7.3912 4.822 -6.2 -11.6411
4 16 3.0616 -4.5 -7.3912 0 -4.5 -8 0 -6.2 -12.6 4.822 -6.2 -11.6411
2 24 11.6411 -6.2 -4.822 8.9095 -6.2 -8.9095
2 24 8.9095 -6.2 -8.9095 4.822 -6.2 -11.6411
2 24 4.822 -6.2 -11.6411 0 -6.2 -12.6
2 24 11.983 -6.217 3.947 12.6 -6.2 0
2 24 12.6 -6.2 0 11.6411 -6.2 -4.822
2 24 0 -6.2 12.7 3.282 -6.217 12.194
2 24 3.282 -6.217 12.194 6.33 -6.217 10.909
2 24 6.33 -6.217 10.909 8.944 -6.217 8.889
2 24 8.944 -6.217 8.889 10.915 -6.217 6.246
2 24 10.915 -6.217 6.246 11.983 -6.217 3.947
5 24 8.944 -6.217 8.889 6.7824 -4.5 4.532 5.6568 -4.5 5.6568 10.915 -6.217 6.246
5 24 11.6411 -6.2 -4.822 7.3912 -4.5 -3.0616 12.6 -6.2 0 5.6568 -4.5 -5.6568
5 24 5.6568 -4.5 -5.6568 8.9095 -6.2 -8.9095 11.6411 -6.2 -4.822 3.0616 -4.5 -7.3912
5 24 10.915 -6.217 6.246 7.3912 -4.5 3.0616 5.6568 -4.5 5.6568 11.983 -6.217 3.947
5 24 3.282 -6.217 12.194 3.0616 -4.5 7.3912 0 -6.2 12.7 4.532 -4.5 6.7824
5 24 12.6 -6.2 0 8 -4.5 0 11.983 -6.217 3.947 7.3912 -4.5 -3.0616
5 24 8.944 -6.217 8.889 4.532 -4.5 6.7824 6.33 -6.217 10.909 5.6568 -4.5 5.6568
5 24 4.822 -6.2 -11.6411 3.0616 -4.5 -7.3912 8.9095 -6.2 -8.9095 0 -4.5 -8
5 24 11.983 -6.217 3.947 7.3912 -4.5 3.0616 10.915 -6.217 6.246 8 -4.5 0

5 24 1.5912 -4.5 8 3.0616 -4.5 7.3912 0 -4.5 8 3.282 -6.217 12.194
5 24 5.6568 -4.5 -5.6568 4.532 -4.5 -6.7824 3.0616 -4.5 -7.3912 8.9095 -6.2 -8.9095
5 24 4.532 -4.5 -6.7824 3.0616 -4.5 -7.3912 4.822 -6.2 -11.6411 5.6568 -4.5 -5.6568
5 24 8.9095 -6.2 -8.9095 4.532 -4.5 -6.7824 5.6568 -4.5 -5.6568 4.822 -6.2 -11.6411
5 24 0 -6.2 12.7 1.5912 -4.5 8 0 -4.5 8 3.282 -6.217 12.194
5 24 12.6 -6.2 0 8 -4.5 1.5912 11.983 -6.217 3.947 8 -4.5 0
5 24 8 -4.5 0 8 -4.5 -1.5912 12.6 -6.2 0 7.3912 -4.5 -3.0616
5 24 8 -4.5 -1.5912 7.3912 -4.5 -3.0616 8 -4.5 0 11.6411 -6.2 -4.822
5 24 4.532 -4.5 6.7824 6.33 -6.217 10.909 3.282 -6.217 12.194 8.944 -6.217 8.889
5 24 8.9095 -6.2 -8.9095 6.7824 -4.5 -4.532 5.6568 -4.5 -5.6568 11.6411 -6.2 -4.822
5 24 7.3912 -4.5 -3.0616 6.7824 -4.5 -4.532 5.6568 -4.5 -5.6568 11.6411 -6.2 -4.822
5 24 3.0616 -4.5 7.3912 4.532 -4.5 6.7824 5.6568 -4.5 5.6568 3.282 -6.217 12.194
5 24 8 -4.5 -1.5912 12.6 -6.2 0 8 -4.5 0 11.6411 -6.2 -4.822
5 24 6.7824 -4.5 -4.532 5.6568 -4.5 -5.6568 7.3912 -4.5 -3.0616 8.9095 -6.2 -8.9095
5 24 8 -4.5 1.5912 11.983 -6.217 3.947 12.6 -6.2 0 7.3912 -4.5 3.0616
5 24 5.6568 -4.5 5.6568 6.7824 -4.5 4.532 8.944 -6.217 8.889 7.3912 -4.5 3.0616
5 24 11.6411 -6.2 -4.822 6.7824 -4.5 -4.532 8.9095 -6.2 -8.9095 7.3912 -4.5 -3.0616
5 24 4.532 -4.5 6.7824 5.6568 -4.5 5.6568 8.944 -6.217 8.889 3.0616 -4.5 7.3912
5 24 0 -4.5 8 1.5912 -4.5 8 3.0616 -4.5 7.3912 0 -6.2 12.7
5 24 7.3912 -4.5 3.0616 8 -4.5 1.5912 11.983 -6.217 3.947 8 -4.5 0
5 24 6.7824 -4.5 4.532 7.3912 -4.5 3.0616 10.915 -6.217 6.246 5.6568 -4.5 5.6568
5 24 10.915 -6.217 6.246 6.7824 -4.5 4.532 8.944 -6.217 8.889 7.3912 -4.5 3.0616
5 24 8 -4.5 1.5912 8 -4.5 0 7.3912 -4.5 3.0616 12.6 -6.2 0
5 24 4.532 -4.5 -6.7824 4.822 -6.2 -11.6411 3.0616 -4.5 -7.3912 8.9095 -6.2 -8.9095
5 24 8 -4.5 -1.5912 11.6411 -6.2 -4.822 7.3912 -4.5 -3.0616 12.6 -6.2 0
5 24 1.5912 -4.5 8 3.282 -6.217 12.194 3.0616 -4.5 7.3912 0 -6.2 12.7

0 // Inside
3 16 0 -12.736 -13.141 3.127 -12.485 -12.831 0 -9 -13
3 16 3.127 -12.485 -12.831 5.895 -11.847 -11.746 4.9752 -9 -12.0104
3 16 4.9752 -9 -12.0104 0 -9 -13 3.127 -12.485 -12.831
4 16 5.895 -11.847 -11.746 8.606 -11.759 -9.891 9.192 -9 -9.192 4.9752 -9 -12.0104
3 16 11.025 -11.799 -7.093 9.192 -9 -9.192 8.606 -11.759 -9.891
3 16 12.0104 -9 -4.9752 9.192 -9 -9.192 11.025 -11.799 -7.093
3 16 12.319 -12.642 -4.73 12.0104 -9 -4.9752 11.025 -11.799 -7.093
4 16 11.6411 -6.2 -4.822 8.9095 -6.2 -8.9095 9.192 -9 -9.192 12.0104 -9 -4.9752
4 16 8.9095 -6.2 -8.9095 4.822 -6.2 -11.6411 4.9752 -9 -12.0104 9.192 -9 -9.192
4 16 4.9752 -9 -12.0104 4.822 -6.2 -11.6411 0 -6.2 -12.6 0 -9 -13
3 16 13 -9 0 12.649 -8.591 3.17 12.6 -6.2 0
3 16 12.6 -6.2 0 12.649 -8.591 3.17 11.983 -6.217 3.947
4 16 12.6 -6.2 0 11.6411 -6.2 -4.822 12.0104 -9 -4.9752 13 -9 0
3 16 13.039 -12.0694 1.1768 12.649 -8.591 3.17 13 -9 0
3 16 12.6272 -11.4018 3.8486 12.649 -8.591 3.17 13.039 -12.0694 1.1768
3 16 12.989 -12.806 -1.323 13.083 -14.541 -.56 13.039 -12.0694 1.1768
4 16 13 -9 0 12.0104 -9 -4.9752 12.319 -12.642 -4.73 12.989 -12.806 -1.323
3 16 12.47 -14.169 -3.848 12.989 -12.806 -1.323 12.319 -12.642 -4.73
3 16 13.039 -12.0694 1.1768 12.5472 -13.2493 3.9757 12.6272 -11.4018 3.8486
3 16 12.998 -13.8204 1.7118 12.5472 -13.2493 3.9757 13.039 -12.0694 1.1768
3 16 12.5472 -13.2493 3.9757 12.998 -13.8204 1.7118 12.4432 -14.8643 4.1967
3 16 12.4432 -14.8643 4.1967 12.998 -13.8204 1.7118 12.903 -15.4154 2.1818
3 16 12.903 -15.4154 2.1818 12.3342 -16.4063 4.4267 12.4432 -14.8643 4.1967
4 16 12.3342 -16.4063 4.4267 11.241 -15.791 6.991 11.274 -14.234 6.952 12.4432 -14.8643 4.1967
4 16 11.334 -12.602 6.848 12.5472 -13.2493 3.9757 12.4432 -14.8643 4.1967 11.274 -14.234 6.952
3 16 12.858 -16.8304 2.5808 12.3342 -16.4063 4.4267 12.903 -15.4154 2.1818
3 16 12.858 -16.8304 2.5808 12.903 -15.4154 2.1818 12.974 -17.27 .673
4 16 12.974 -17.27 .673 12.903 -15.4154 2.1818 12.998 -13.8204 1.7118 13.067 -16.104 .169
3 16 13.067 -16.104 .169 12.998 -13.8204 1.7118 13.083 -14.541 -.56
3 16 12.998 -13.8204 1.7118 13.039 -12.0694 1.1768 13.083 -14.541 -.56
3 16 13.039 -12.0694 1.1768 13 -9 0 12.989 -12.806 -1.323
3 16 12.47 -14.169 -3.848 13.083 -14.541 -.56 12.989 -12.806 -1.323
3 16 13.067 -16.104 .169 13.122 -18.762 -.685 12.974 -17.27 .673
3 16 12.91 -17.471 -2.129 13.122 -18.762 -.685 13.067 -16.104 .169
3 16 13.067 -16.104 .169 13.083 -14.541 -.56 12.91 -17.471 -2.129
3 16 12.91 -17.471 -2.129 13.083 -14.541 -.56 12.641 -15.818 -3.452
3 16 12.641 -15.818 -3.452 13.083 -14.541 -.56 12.47 -14.169 -3.848
3 16 12.5472 -13.2493 3.9757 11.334 -12.602 6.848 12.6272 -11.4018 3.8486
3 16 12.6272 -11.4018 3.8486 11.334 -12.602 6.848 11.675 -10.301 6.254
3 16 11.675 -10.301 6.254 12.525 -8.949 4.441 12.6272 -11.4018 3.8486
3 16 12.3342 -16.4063 4.4267 11.289 -17.807 6.87 11.241 -15.791 6.991
3 16 12.2742 -18.0733 4.4767 11.289 -17.807 6.87 12.3342 -16.4063 4.4267
3 16 12.3342 -16.4063 4.4267 12.858 -16.8304 2.5808 12.2742 -18.0733 4.4767
3 16 12.2742 -18.0733 4.4767 12.34 -20.516 4.394 11.662 -19.525 6.162
3 16 11.662 -19.525 6.162 11.289 -17.807 6.87 12.2742 -18.0733 4.4767
3 16 12.2742 -18.0733 4.4767 12.801 -18.3464 2.9218 12.34 -20.516 4.394
3 16 12.2742 -18.0733 4.4767 12.858 -16.8304 2.5808 12.801 -18.3464 2.9218
3 16 12.34 -20.516 4.394 12.801 -18.3464 2.9218 13.008 -20.544 2.102
3 16 12.965 -18.2784 1.8708 13.008 -20.544 2.102 12.801 -18.3464 2.9218
3 16 12.858 -16.8304 2.5808 12.965 -18.2784 1.8708 12.801 -18.3464 2.9218
3 16 12.974 -17.27 .673 12.965 -18.2784 1.8708 12.858 -16.8304 2.5808
3 16 13.082 -19.766 .586 13.008 -20.544 2.102 12.965 -18.2784 1.8708
3 16 12.965 -18.2784 1.8708 12.974 -17.27 .673 13.082 -19.766 .586
3 16 13.082 -19.766 .586 12.974 -17.27 .673 13.122 -18.762 -.685
3 16 12.525 -8.949 4.441 12.649 -8.591 3.17 12.6272 -11.4018 3.8486
2 24 0 -12.736 -13.141 3.127 -12.485 -12.831
2 24 3.127 -12.485 -12.831 5.895 -11.847 -11.746
2 24 5.895 -11.847 -11.746 8.606 -11.759 -9.891
2 24 8.606 -11.759 -9.891 11.025 -11.799 -7.093
2 24 11.025 -11.799 -7.093 12.319 -12.642 -4.73
2 24 12.319 -12.642 -4.73 12.47 -14.169 -3.848
2 24 11.241 -15.791 6.991 11.274 -14.234 6.952
2 24 12.91 -17.471 -2.129 13.122 -18.762 -.685
2 24 12.641 -15.818 -3.452 12.91 -17.471 -2.129
2 24 12.47 -14.169 -3.848 12.641 -15.818 -3.452
2 24 11.274 -14.234 6.952 11.334 -12.602 6.848
2 24 11.334 -12.602 6.848 11.675 -10.301 6.254
2 24 11.675 -10.301 6.254 12.525 -8.949 4.441
2 24 11.289 -17.807 6.87 11.241 -15.791 6.991
2 24 11.662 -19.525 6.162 11.289 -17.807 6.87
2 24 12.34 -20.516 4.394 11.662 -19.525 6.162
2 24 13.008 -20.544 2.102 12.34 -20.516 4.394
2 24 13.082 -19.766 .586 13.008 -20.544 2.102
2 24 13.122 -18.762 -.685 13.082 -19.766 .586
2 24 12.525 -8.949 4.441 12.649 -8.591 3.17
5 24 5.895 -11.847 -11.746 9.192 -9 -9.192 8.606 -11.759 -9.891 4.9752 -9 -12.0104
5 24 11.334 -12.602 6.848 12.4432 -14.8643 4.1967 12.5472 -13.2493 3.9757 11.274 -14.234 6.952
5 24 12.3342 -16.4063 4.4267 11.274 -14.234 6.952 11.241 -15.791 6.991 12.4432 -14.8643 4.1967
5 24 12.989 -12.806 -1.323 13 -9 0 12.0104 -9 -4.9752 13.039 -12.0694 1.1768
5 24 12.903 -15.4154 2.1818 12.998 -13.8204 1.7118 12.4432 -14.8643 4.1967 13.067 -16.104 .169
5 24 13.082 -19.766 .586 12.974 -17.27 .673 13.122 -18.762 -.685 12.965 -18.2784 1.8708
5 24 4.9752 -9 -12.0104 3.127 -12.485 -12.831 5.895 -11.847 -11.746 0 -9 -13
5 24 12.858 -16.8304 2.5808 12.3342 -16.4063 4.4267 12.2742 -18.0733 4.4767 12.903 -15.4154 2.1818
5 24 13.083 -14.541 -.56 13.039 -12.0694 1.1768 12.989 -12.806 -1.323 12.998 -13.8204 1.7118
5 24 12.5472 -13.2493 3.9757 13.039 -12.0694 1.1768 12.998 -13.8204 1.7118 12.6272 -11.4018 3.8486
5 24 4.9752 -9 -12.0104 0 -9 -13 4.822 -6.2 -11.6411 3.127 -12.485 -12.831
5 24 13.083 -14.541 -.56 12.641 -15.818 -3.452 12.47 -14.169 -3.848 12.91 -17.471 -2.129
5 24 12.34 -20.516 4.394 12.801 -18.3464 2.9218 13.008 -20.544 2.102 12.2742 -18.0733 4.4767
5 24 12.6272 -11.4018 3.8486 11.334 -12.602 6.848 12.5472 -13.2493 3.9757 11.675 -10.301 6.254
5 24 13.122 -18.762 -.685 12.974 -17.27 .673 13.067 -16.104 .169 13.082 -19.766 .586
5 24 12.801 -18.3464 2.9218 12.2742 -18.0733 4.4767 12.34 -20.516 4.394 12.858 -16.8304 2.5808
5 24 12.0104 -9 -4.9752 13 -9 0 11.6411 -6.2 -4.822 12.989 -12.806 -1.323
5 24 12.3342 -16.4063 4.4267 12.4432 -14.8643 4.1967 12.903 -15.4154 2.1818 11.241 -15.791 6.991
5 24 12.4432 -14.8643 4.1967 11.274 -14.234 6.952 11.334 -12.602 6.848 12.3342 -16.4063 4.4267
5 24 4.9752 -9 -12.0104 9.192 -9 -9.192 4.822 -6.2 -11.6411 5.895 -11.847 -11.746
5 24 12.6 -6.2 0 12.649 -8.591 3.17 13 -9 0 11.983 -6.217 3.947
5 24 11.662 -19.525 6.162 12.2742 -18.0733 4.4767 12.34 -20.516 4.394 11.289 -17.807 6.87
5 24 13.067 -16.104 .169 13.083 -14.541 -.56 12.91 -17.471 -2.129 12.998 -13.8204 1.7118
5 24 5.895 -11.847 -11.746 4.9752 -9 -12.0104 8.606 -11.759 -9.891 3.127 -12.485 -12.831
5 24 13 -9 0 13.039 -12.0694 1.1768 12.649 -8.591 3.17 12.989 -12.806 -1.323
5 24 13.122 -18.762 -.685 13.067 -16.104 .169 12.91 -17.471 -2.129 12.974 -17.27 .673
5 24 12.4432 -14.8643 4.1967 12.5472 -13.2493 3.9757 12.998 -13.8204 1.7118 11.274 -14.234 6.952
5 24 12.965 -18.2784 1.8708 12.858 -16.8304 2.5808 12.974 -17.27 .673 12.801 -18.3464 2.9218
5 24 9.192 -9 -9.192 8.9095 -6.2 -8.9095 12.0104 -9 -4.9752 4.822 -6.2 -11.6411
5 24 12.525 -8.949 4.441 12.6272 -11.4018 3.8486 11.675 -10.301 6.254 12.649 -8.591 3.17
5 24 12.5472 -13.2493 3.9757 12.998 -13.8204 1.7118 13.039 -12.0694 1.1768 12.4432 -14.8643 4.1967
5 24 13.008 -20.544 2.102 12.801 -18.3464 2.9218 12.965 -18.2784 1.8708 12.34 -20.516 4.394
5 24 9.192 -9 -9.192 11.025 -11.799 -7.093 12.0104 -9 -4.9752 8.606 -11.759 -9.891
5 24 12.6272 -11.4018 3.8486 12.649 -8.591 3.17 12.525 -8.949 4.441 13.039 -12.0694 1.1768
5 24 13.083 -14.541 -.56 12.998 -13.8204 1.7118 13.039 -12.0694 1.1768 13.067 -16.104 .169
5 24 3.127 -12.485 -12.831 0 -9 -13 0 -12.736 -13.141 4.9752 -9 -12.0104
5 24 12.2742 -18.0733 4.4767 12.34 -20.516 4.394 12.801 -18.3464 2.9218 11.662 -19.525 6.162
5 24 13.039 -12.0694 1.1768 12.649 -8.591 3.17 13 -9 0 12.6272 -11.4018 3.8486
5 24 12.998 -13.8204 1.7118 12.4432 -14.8643 4.1967 12.903 -15.4154 2.1818 12.5472 -13.2493 3.9757
5 24 11.289 -17.807 6.87 12.3342 -16.4063 4.4267 12.2742 -18.0733 4.4767 11.241 -15.791 6.991
5 24 12.858 -16.8304 2.5808 12.2742 -18.0733 4.4767 12.3342 -16.4063 4.4267 12.801 -18.3464 2.9218
5 24 12.989 -12.806 -1.323 13.083 -14.541 -.56 13.039 -12.0694 1.1768 12.47 -14.169 -3.848
5 24 13.008 -20.544 2.102 12.965 -18.2784 1.8708 12.801 -18.3464 2.9218 13.082 -19.766 .586
5 24 12.319 -12.642 -4.73 12.0104 -9 -4.9752 11.025 -11.799 -7.093 12.989 -12.806 -1.323
5 24 4.9752 -9 -12.0104 4.822 -6.2 -11.6411 9.192 -9 -9.192 0 -9 -13
5 24 12.801 -18.3464 2.9218 12.858 -16.8304 2.5808 12.965 -18.2784 1.8708 12.2742 -18.0733 4.4767
5 24 13.039 -12.0694 1.1768 12.998 -13.8204 1.7118 12.5472 -13.2493 3.9757 13.083 -14.541 -.56
5 24 12.858 -16.8304 2.5808 12.903 -15.4154 2.1818 12.974 -17.27 .673 12.3342 -16.4063 4.4267
5 24 12.6272 -11.4018 3.8486 13.039 -12.0694 1.1768 12.5472 -13.2493 3.9757 12.649 -8.591 3.17
5 24 12.6272 -11.4018 3.8486 11.675 -10.301 6.254 12.525 -8.949 4.441 11.334 -12.602 6.848
5 24 12.965 -18.2784 1.8708 12.801 -18.3464 2.9218 13.008 -20.544 2.102 12.858 -16.8304 2.5808
5 24 12.989 -12.806 -1.323 12.319 -12.642 -4.73 12.47 -14.169 -3.848 12.0104 -9 -4.9752
5 24 12.974 -17.27 .673 12.858 -16.8304 2.5808 12.965 -18.2784 1.8708 12.903 -15.4154 2.1818
5 24 12.3342 -16.4063 4.4267 12.903 -15.4154 2.1818 12.4432 -14.8643 4.1967 12.858 -16.8304 2.5808
5 24 13.067 -16.104 .169 12.974 -17.27 .673 13.122 -18.762 -.685 12.903 -15.4154 2.1818
5 24 12.998 -13.8204 1.7118 13.067 -16.104 .169 13.083 -14.541 -.56 12.903 -15.4154 2.1818
5 24 13.039 -12.0694 1.1768 12.989 -12.806 -1.323 13 -9 0 13.083 -14.541 -.56
5 24 12.4432 -14.8643 4.1967 12.903 -15.4154 2.1818 12.998 -13.8204 1.7118 12.3342 -16.4063 4.4267
5 24 12.974 -17.27 .673 12.965 -18.2784 1.8708 13.082 -19.766 .586 12.858 -16.8304 2.5808
5 24 12.0104 -9 -4.9752 11.6411 -6.2 -4.822 8.9095 -6.2 -8.9095 13 -9 0
5 24 12.0104 -9 -4.9752 11.025 -11.799 -7.093 9.192 -9 -9.192 12.319 -12.642 -4.73
5 24 12.2742 -18.0733 4.4767 11.289 -17.807 6.87 12.3342 -16.4063 4.4267 11.662 -19.525 6.162
5 24 12.5472 -13.2493 3.9757 12.6272 -11.4018 3.8486 11.334 -12.602 6.848 13.039 -12.0694 1.1768
5 24 12.965 -18.2784 1.8708 13.082 -19.766 .586 13.008 -20.544 2.102 12.974 -17.27 .673
5 24 11.241 -15.791 6.991 12.3342 -16.4063 4.4267 11.274 -14.234 6.952 11.289 -17.807 6.87
5 24 12.974 -17.27 .673 12.903 -15.4154 2.1818 12.858 -16.8304 2.5808 13.067 -16.104 .169
5 24 12.91 -17.471 -2.129 13.083 -14.541 -.56 13.067 -16.104 .169 12.641 -15.818 -3.452
5 24 12.5472 -13.2493 3.9757 11.334 -12.602 6.848 12.6272 -11.4018 3.8486 12.4432 -14.8643 4.1967
5 24 13 -9 0 12.6 -6.2 0 12.649 -8.591 3.17 11.6411 -6.2 -4.822
5 24 12.47 -14.169 -3.848 13.083 -14.541 -.56 12.989 -12.806 -1.323 12.641 -15.818 -3.452
5 24 12.2742 -18.0733 4.4767 12.3342 -16.4063 4.4267 11.289 -17.807 6.87 12.858 -16.8304 2.5808
5 24 9.192 -9 -9.192 8.606 -11.759 -9.891 11.025 -11.799 -7.093 4.9752 -9 -12.0104
5 24 12.91 -17.471 -2.129 13.067 -16.104 .169 13.122 -18.762 -.685 13.083 -14.541 -.56
5 24 12.47 -14.169 -3.848 12.989 -12.806 -1.323 12.319 -12.642 -4.73 13.083 -14.541 -.56
5 24 12.649 -8.591 3.17 13 -9 0 12.6 -6.2 0 13.039 -12.0694 1.1768
5 24 9.192 -9 -9.192 12.0104 -9 -4.9752 8.9095 -6.2 -8.9095 11.025 -11.799 -7.093

0 // Jar Top and Ear
3 16 17.191 -20.131 9.136 18.679 -21.629 9.211 18.419 -19.658 7.791
3 16 18.419 -19.658 7.791 18.679 -21.629 9.211 19.582 -20.857 7.695
3 16 17.191 -20.131 9.136 18.419 -19.658 7.791 16.615 -18.231 9.053
3 16 16.615 -18.231 9.053 18.419 -19.658 7.791 17.758 -17.774 7.754
4 16 17.618 -15.643 7.758 16.459 -16.2 9.089 16.615 -18.231 9.053 17.758 -17.774 7.754
3 16 16.459 -16.2 9.089 17.618 -15.643 7.758 16.431 -14.09 9.089
3 16 16.431 -14.09 9.089 17.618 -15.643 7.758 17.613 -13.777 7.802
3 16 16.431 -14.09 9.089 17.613 -13.777 7.802 17.549 -11.742 7.544
3 16 17.549 -11.742 7.544 15.789 -11.658 8.807 16.431 -14.09 9.089
3 16 16.632 -10.256 6.36 15.789 -11.658 8.807 17.549 -11.742 7.544
3 16 14.915 -10.319 7.958 15.789 -11.658 8.807 16.632 -10.256 6.36
3 16 19.582 -20.857 7.695 18.679 -21.629 9.211 19.744 -21.87 7.41
3 16 19.744 -21.87 7.41 18.679 -21.629 9.211 19.095 -22.811 8.624
3 16 19.095 -22.811 8.624 18.277 -23.659 7.302 19.744 -21.87 7.41
3 16 19.744 -21.87 7.41 18.277 -23.659 7.302 19.115 -22.259 6.057
3 16 16.675 -23.325 5.639 19.115 -22.259 6.057 18.277 -23.659 7.302
3 16 17.615 -22.102 4.439 19.115 -22.259 6.057 16.675 -23.325 5.639
3 16 15.114 -22.36 4.239 17.615 -22.102 4.439 16.675 -23.325 5.639
3 16 16.347 -21.064 2.707 17.615 -22.102 4.439 15.114 -22.36 4.239
3 16 16.347 -21.064 2.707 15.114 -22.36 4.239 15.712 -19.923 1.094
3 16 15.712 -19.923 1.094 15.114 -22.36 4.239 13.082 -19.766 .586
3 16 13.082 -19.766 .586 15.251 -18.544 -.616 15.712 -19.923 1.094
3 16 13.122 -18.762 -.685 15.251 -18.544 -.616 13.082 -19.766 .586
4 16 15.068 -16.942 -2.375 15.251 -18.544 -.616 13.122 -18.762 -.685 12.91 -17.471 -2.129
3 16 12.91 -17.471 -2.129 12.641 -15.818 -3.452 15.068 -16.942 -2.375
3 16 15.068 -16.942 -2.375 12.641 -15.818 -3.452 14.883 -15.454 -3.247
3 16 12.641 -15.818 -3.452 12.47 -14.169 -3.848 14.883 -15.454 -3.247
3 16 14.883 -15.454 -3.247 12.47 -14.169 -3.848 14.795 -13.526 -3.664
3 16 12.319 -12.642 -4.73 14.795 -13.526 -3.664 12.47 -14.169 -3.848
3 16 14.657 -11.869 -4.302 14.795 -13.526 -3.664 12.319 -12.642 -4.73
3 16 13.008 -20.544 2.102 13.082 -19.766 .586 15.114 -22.36 4.239
3 16 0 -11.508 -16.052 2.982 -11.076 -15.974 0 -12.736 -13.141
3 16 0 -12.736 -13.141 2.982 -11.076 -15.974 3.127 -12.485 -12.831
3 16 2.982 -11.076 -15.974 6.186 -11.652 -13.291 3.127 -12.485 -12.831
3 16 6.581 -10.884 -14.692 6.186 -11.652 -13.291 2.982 -11.076 -15.974
3 16 6.581 -10.884 -14.692 2.982 -11.076 -15.974 5.674 -9.898 -15.988
3 16 6.581 -10.884 -14.692 5.674 -9.898 -15.988 8.232 -9.989 -14.951
3 16 8.232 -9.989 -14.951 5.674 -9.898 -15.988 8.149 -8.494 -15.929
3 16 8.149 -8.494 -15.929 10.262 -8.512 -14.582 8.232 -9.989 -14.951
3 16 8.232 -9.989 -14.951 10.262 -8.512 -14.582 9.991 -9.48 -14.215
3 16 3.127 -12.485 -12.831 6.186 -11.652 -13.291 5.895 -11.847 -11.746
3 16 6.186 -11.652 -13.291 6.309 -11.968 -12.003 5.895 -11.847 -11.746
3 16 6.309 -11.968 -12.003 8.554 -11.977 -10.26 5.895 -11.847 -11.746
3 16 5.895 -11.847 -11.746 8.554 -11.977 -10.26 8.606 -11.759 -9.891
3 16 8.554 -11.977 -10.26 10.681 -11.627 -9.948 8.606 -11.759 -9.891
4 16 8.606 -11.759 -9.891 10.681 -11.627 -9.948 12.233 -11.707 -7.244 11.025 -11.799 -7.093
3 16 10.681 -11.627 -9.948 12.357 -10.7 -9.43 12.233 -11.707 -7.244
3 16 10.806 -10.756 -11.921 12.357 -10.7 -9.43 10.681 -11.627 -9.948
3 16 11.43 -9.636 -12.26 12.357 -10.7 -9.43 10.806 -10.756 -11.921
3 16 10.806 -10.756 -11.921 9.991 -9.48 -14.215 11.43 -9.636 -12.26
3 16 11.43 -9.636 -12.26 9.991 -9.48 -14.215 10.262 -8.512 -14.582
3 16 12.233 -11.707 -7.244 12.357 -10.7 -9.43 13.268 -11.212 -7.238
3 16 11.025 -11.799 -7.093 12.233 -11.707 -7.244 12.319 -12.642 -4.73
3 16 12.319 -12.642 -4.73 12.233 -11.707 -7.244 14.657 -11.869 -4.302
3 16 14.657 -11.869 -4.302 12.233 -11.707 -7.244 13.268 -11.212 -7.238
3 16 16.425 -20.931 9.068 17.792 -22.167 9.099 17.191 -20.131 9.136
3 16 17.191 -20.131 9.136 17.792 -22.167 9.099 18.679 -21.629 9.211
3 16 18.679 -21.629 9.211 17.792 -22.167 9.099 17.851 -23.052 8.718
3 16 17.851 -23.052 8.718 19.095 -22.811 8.624 18.679 -21.629 9.211
3 16 19.095 -22.811 8.624 17.851 -23.052 8.718 17.512 -23.457 7.81
3 16 17.512 -23.457 7.81 18.277 -23.659 7.302 19.095 -22.811 8.624
3 16 17.512 -23.457 7.81 16.158 -23.079 7.106 18.277 -23.659 7.302
3 16 18.277 -23.659 7.302 16.158 -23.079 7.106 16.675 -23.325 5.639
3 16 16.158 -23.079 7.106 17.512 -23.457 7.81 16.144 -22.358 8.477
3 16 16.144 -22.358 8.477 17.512 -23.457 7.81 17.851 -23.052 8.718
3 16 17.851 -23.052 8.718 17.792 -22.167 9.099 16.144 -22.358 8.477
3 16 16.144 -22.358 8.477 17.792 -22.167 9.099 16.425 -20.931 9.068
3 16 14.53 -22.178 5.972 16.675 -23.325 5.639 16.158 -23.079 7.106
3 16 15.114 -22.36 4.239 16.675 -23.325 5.639 14.53 -22.178 5.972
3 16 16.144 -22.358 8.477 14.22 -21.281 7.664 16.158 -23.079 7.106
3 16 16.158 -23.079 7.106 14.22 -21.281 7.664 14.53 -22.178 5.972
3 16 16.144 -22.358 8.477 16.425 -20.931 9.068 14.22 -21.281 7.664
3 16 17.191 -20.131 9.136 16.615 -18.231 9.053 16.425 -20.931 9.068
3 16 16.425 -20.931 9.068 16.615 -18.231 9.053 14.045 -18.477 8.325
4 16 14.045 -18.477 8.325 16.615 -18.231 9.053 16.459 -16.2 9.089 14.202 -16.094 8.444
3 16 16.459 -16.2 9.089 14.379 -14.115 8.47 14.202 -16.094 8.444
3 16 16.431 -14.09 9.089 14.379 -14.115 8.47 16.459 -16.2 9.089
3 16 12.34 -20.516 4.394 15.114 -22.36 4.239 14.53 -22.178 5.972
3 16 14.53 -22.178 5.972 14.22 -21.281 7.664 11.662 -19.525 6.162
3 16 13.008 -20.544 2.102 15.114 -22.36 4.239 12.34 -20.516 4.394
3 16 11.662 -19.525 6.162 12.34 -20.516 4.394 14.53 -22.178 5.972
4 16 16.425 -20.931 9.068 14.045 -18.477 8.325 11.289 -17.807 6.87 14.22 -21.281 7.664
3 16 15.789 -11.658 8.807 14.379 -14.115 8.47 16.431 -14.09 9.089
3 16 14.619 -11.975 8.428 14.379 -14.115 8.47 15.789 -11.658 8.807
3 16 14.915 -10.319 7.958 14.619 -11.975 8.428 15.789 -11.658 8.807
3 16 14.915 -10.319 7.958 11.675 -10.301 6.254 14.619 -11.975 8.428
3 16 14.619 -11.975 8.428 11.675 -10.301 6.254 11.334 -12.602 6.848
4 16 14.619 -11.975 8.428 11.334 -12.602 6.848 11.274 -14.234 6.952 14.379 -14.115 8.47
4 16 14.379 -14.115 8.47 11.274 -14.234 6.952 11.241 -15.791 6.991 14.202 -16.094 8.444
3 16 11.241 -15.791 6.991 11.289 -17.807 6.87 14.045 -18.477 8.325
3 16 14.045 -18.477 8.325 14.202 -16.094 8.444 11.241 -15.791 6.991
3 16 11.289 -17.807 6.87 11.662 -19.525 6.162 14.22 -21.281 7.664
3 16 11.675 -10.301 6.254 14.915 -10.319 7.958 12.525 -8.949 4.441
3 16 14.915 -10.319 7.958 15.954 -9.594 4.033 12.525 -8.949 4.441
3 16 12.525 -8.949 4.441 15.954 -9.594 4.033 12.649 -8.591 3.17
3 16 12.649 -8.591 3.17 15.954 -9.594 4.033 15.615 -9.071 1.928
3 16 16.632 -10.256 6.36 15.954 -9.594 4.033 14.915 -10.319 7.958
2 24 17.191 -20.131 9.136 18.679 -21.629 9.211
2 24 16.615 -18.231 9.053 17.191 -20.131 9.136
2 24 16.459 -16.2 9.089 16.615 -18.231 9.053
2 24 16.431 -14.09 9.089 16.459 -16.2 9.089
2 24 15.789 -11.658 8.807 16.431 -14.09 9.089
2 24 14.915 -10.319 7.958 15.789 -11.658 8.807
2 24 18.679 -21.629 9.211 19.095 -22.811 8.624
2 24 19.095 -22.811 8.624 18.277 -23.659 7.302
2 24 18.277 -23.659 7.302 16.675 -23.325 5.639
2 24 16.675 -23.325 5.639 15.114 -22.36 4.239
2 24 15.114 -22.36 4.239 13.008 -20.544 2.102
2 24 14.915 -10.319 7.958 11.675 -10.301 6.254
5 24 17.618 -15.643 7.758 16.615 -18.231 9.053 16.459 -16.2 9.089 17.758 -17.774 7.754
5 24 15.068 -16.942 -2.375 13.122 -18.762 -.685 15.251 -18.544 -.616 12.91 -17.471 -2.129
5 24 8.606 -11.759 -9.891 12.233 -11.707 -7.244 10.681 -11.627 -9.948 11.025 -11.799 -7.093
5 24 14.045 -18.477 8.325 16.459 -16.2 9.089 16.615 -18.231 9.053 14.202 -16.094 8.444
5 24 14.379 -14.115 8.47 11.241 -15.791 6.991 11.274 -14.234 6.952 14.202 -16.094 8.444
5 24 14.619 -11.975 8.428 11.274 -14.234 6.952 11.334 -12.602 6.848 14.379 -14.115 8.47
5 24 16.459 -16.2 9.089 17.618 -15.643 7.758 16.431 -14.09 9.089 16.615 -18.231 9.053
5 24 14.379 -14.115 8.47 14.202 -16.094 8.444 16.459 -16.2 9.089 11.274 -14.234 6.952
5 24 16.144 -22.358 8.477 17.792 -22.167 9.099 17.851 -23.052 8.718 16.425 -20.931 9.068
5 24 19.115 -22.259 6.057 18.277 -23.659 7.302 19.744 -21.87 7.41 16.675 -23.325 5.639
5 24 15.789 -11.658 8.807 16.632 -10.256 6.36 14.915 -10.319 7.958 17.549 -11.742 7.544
5 24 19.095 -22.811 8.624 17.512 -23.457 7.81 17.851 -23.052 8.718 18.277 -23.659 7.302
5 24 11.241 -15.791 6.991 14.045 -18.477 8.325 11.289 -17.807 6.87 14.202 -16.094 8.444
5 24 16.425 -20.931 9.068 17.792 -22.167 9.099 16.144 -22.358 8.477 17.191 -20.131 9.136
5 24 11.025 -11.799 -7.093 12.233 -11.707 -7.244 8.606 -11.759 -9.891 12.319 -12.642 -4.73
5 24 17.615 -22.102 4.439 16.675 -23.325 5.639 19.115 -22.259 6.057 15.114 -22.36 4.239
5 24 16.675 -23.325 5.639 14.53 -22.178 5.972 15.114 -22.36 4.239 16.158 -23.079 7.106
5 24 17.512 -23.457 7.81 16.144 -22.358 8.477 17.851 -23.052 8.718 16.158 -23.079 7.106
5 24 14.202 -16.094 8.444 16.459 -16.2 9.089 14.379 -14.115 8.47 14.045 -18.477 8.325
5 24 8.606 -11.759 -9.891 8.554 -11.977 -10.26 5.895 -11.847 -11.746 10.681 -11.627 -9.948
5 24 16.431 -14.09 9.089 17.618 -15.643 7.758 16.459 -16.2 9.089 17.613 -13.777 7.802
5 24 17.613 -13.777 7.802 16.431 -14.09 9.089 17.618 -15.643 7.758 17.549 -11.742 7.544
5 24 16.632 -10.256 6.36 14.915 -10.319 7.958 15.954 -9.594 4.033 15.789 -11.658 8.807
5 24 15.114 -22.36 4.239 13.082 -19.766 .586 13.008 -20.544 2.102 15.712 -19.923 1.094
5 24 16.431 -14.09 9.089 14.379 -14.115 8.47 16.459 -16.2 9.089 15.789 -11.658 8.807
5 24 12.525 -8.949 4.441 15.954 -9.594 4.033 14.915 -10.319 7.958 12.649 -8.591 3.17
5 24 17.615 -22.102 4.439 15.114 -22.36 4.239 16.347 -21.064 2.707 16.675 -23.325 5.639
5 24 19.744 -21.87 7.41 18.679 -21.629 9.211 19.095 -22.811 8.624 19.582 -20.857 7.695
5 24 14.045 -18.477 8.325 16.425 -20.931 9.068 16.615 -18.231 9.053 14.22 -21.281 7.664
5 24 12.357 -10.7 -9.43 12.233 -11.707 -7.244 10.681 -11.627 -9.948 13.268 -11.212 -7.238
5 24 16.144 -22.358 8.477 16.158 -23.079 7.106 17.512 -23.457 7.81 14.22 -21.281 7.664
5 24 2.982 -11.076 -15.974 0 -12.736 -13.141 3.127 -12.485 -12.831 0 -11.508 -16.052
5 24 16.425 -20.931 9.068 16.615 -18.231 9.053 14.045 -18.477 8.325 17.191 -20.131 9.136
5 24 14.045 -18.477 8.325 11.289 -17.807 6.87 14.22 -21.281 7.664 11.241 -15.791 6.991
5 24 12.357 -10.7 -9.43 10.681 -11.627 -9.948 12.233 -11.707 -7.244 10.806 -10.756 -11.921
5 24 15.789 -11.658 8.807 17.549 -11.742 7.544 16.431 -14.09 9.089 16.632 -10.256 6.36
5 24 15.712 -19.923 1.094 15.114 -22.36 4.239 16.347 -21.064 2.707 13.082 -19.766 .586
5 24 12.319 -12.642 -4.73 12.233 -11.707 -7.244 14.657 -11.869 -4.302 11.025 -11.799 -7.093
5 24 16.347 -21.064 2.707 15.114 -22.36 4.239 15.712 -19.923 1.094 17.615 -22.102 4.439
5 24 10.806 -10.756 -11.921 12.357 -10.7 -9.43 10.681 -11.627 -9.948 11.43 -9.636 -12.26
5 24 11.662 -19.525 6.162 14.53 -22.178 5.972 14.22 -21.281 7.664 12.34 -20.516 4.394
5 24 10.681 -11.627 -9.948 8.606 -11.759 -9.891 12.233 -11.707 -7.244 8.554 -11.977 -10.26
5 24 16.425 -20.931 9.068 14.22 -21.281 7.664 14.045 -18.477 8.325 16.144 -22.358 8.477
5 24 18.277 -23.659 7.302 16.158 -23.079 7.106 17.512 -23.457 7.81 16.675 -23.325 5.639
5 24 14.795 -13.526 -3.664 12.47 -14.169 -3.848 12.319 -12.642 -4.73 14.883 -15.454 -3.247
5 24 5.895 -11.847 -11.746 6.309 -11.968 -12.003 8.554 -11.977 -10.26 6.186 -11.652 -13.291
5 24 12.525 -8.949 4.441 14.915 -10.319 7.958 15.954 -9.594 4.033 11.675 -10.301 6.254
5 24 16.615 -18.231 9.053 18.419 -19.658 7.791 17.191 -20.131 9.136 17.758 -17.774 7.754
5 24 17.758 -17.774 7.754 16.615 -18.231 9.053 18.419 -19.658 7.791 17.618 -15.643 7.758
5 24 8.232 -9.989 -14.951 10.262 -8.512 -14.582 8.149 -8.494 -15.929 9.991 -9.48 -14.215
5 24 14.53 -22.178 5.972 12.34 -20.516 4.394 15.114 -22.36 4.239 11.662 -19.525 6.162
5 24 14.619 -11.975 8.428 15.789 -11.658 8.807 14.379 -14.115 8.47 14.915 -10.319 7.958
5 24 19.095 -22.811 8.624 17.851 -23.052 8.718 17.512 -23.457 7.81 18.679 -21.629 9.211
5 24 14.379 -14.115 8.47 16.459 -16.2 9.089 16.431 -14.09 9.089 14.202 -16.094 8.444
5 24 14.045 -18.477 8.325 14.202 -16.094 8.444 11.241 -15.791 6.991 16.615 -18.231 9.053
5 24 8.232 -9.989 -14.951 8.149 -8.494 -15.929 5.674 -9.898 -15.988 10.262 -8.512 -14.582
5 24 14.53 -22.178 5.972 16.158 -23.079 7.106 14.22 -21.281 7.664 16.675 -23.325 5.639
5 24 14.53 -22.178 5.972 15.114 -22.36 4.239 12.34 -20.516 4.394 16.675 -23.325 5.639
5 24 14.22 -21.281 7.664 11.662 -19.525 6.162 11.289 -17.807 6.87 14.53 -22.178 5.972
5 24 17.792 -22.167 9.099 17.191 -20.131 9.136 18.679 -21.629 9.211 16.425 -20.931 9.068
5 24 6.186 -11.652 -13.291 2.982 -11.076 -15.974 6.581 -10.884 -14.692 3.127 -12.485 -12.831
5 24 5.895 -11.847 -11.746 8.554 -11.977 -10.26 6.309 -11.968 -12.003 8.606 -11.759 -9.891
5 24 14.619 -11.975 8.428 14.379 -14.115 8.47 15.789 -11.658 8.807 11.334 -12.602 6.848
5 24 6.581 -10.884 -14.692 5.674 -9.898 -15.988 8.232 -9.989 -14.951 2.982 -11.076 -15.974
5 24 14.883 -15.454 -3.247 12.641 -15.818 -3.452 12.47 -14.169 -3.848 15.068 -16.942 -2.375
5 24 14.657 -11.869 -4.302 12.233 -11.707 -7.244 12.319 -12.642 -4.73 13.268 -11.212 -7.238
5 24 17.191 -20.131 9.136 16.425 -20.931 9.068 17.792 -22.167 9.099 16.615 -18.231 9.053
5 24 16.144 -22.358 8.477 17.851 -23.052 8.718 17.512 -23.457 7.81 17.792 -22.167 9.099
5 24 11.289 -17.807 6.87 14.22 -21.281 7.664 11.662 -19.525 6.162 14.045 -18.477 8.325
5 24 16.158 -23.079 7.106 17.512 -23.457 7.81 18.277 -23.659 7.302 16.144 -22.358 8.477
5 24 11.334 -12.602 6.848 14.619 -11.975 8.428 11.675 -10.301 6.254 11.274 -14.234 6.952
5 24 15.251 -18.544 -.616 13.082 -19.766 .586 13.122 -18.762 -.685 15.712 -19.923 1.094
5 24 14.795 -13.526 -3.664 12.319 -12.642 -4.73 14.657 -11.869 -4.302 12.47 -14.169 -3.848
5 24 14.379 -14.115 8.47 15.789 -11.658 8.807 14.619 -11.975 8.428 16.431 -14.09 9.089
5 24 12.233 -11.707 -7.244 10.681 -11.627 -9.948 12.357 -10.7 -9.43 11.025 -11.799 -7.093
5 24 5.895 -11.847 -11.746 6.186 -11.652 -13.291 6.309 -11.968 -12.003 3.127 -12.485 -12.831
5 24 16.675 -23.325 5.639 19.115 -22.259 6.057 18.277 -23.659 7.302 17.615 -22.102 4.439
5 24 19.744 -21.87 7.41 18.277 -23.659 7.302 19.095 -22.811 8.624 19.115 -22.259 6.057
5 24 6.581 -10.884 -14.692 2.982 -11.076 -15.974 5.674 -9.898 -15.988 6.186 -11.652 -13.291
5 24 10.262 -8.512 -14.582 9.991 -9.48 -14.215 8.232 -9.989 -14.951 11.43 -9.636 -12.26
5 24 17.549 -11.742 7.544 16.431 -14.09 9.089 15.789 -11.658 8.807 17.613 -13.777 7.802
5 24 14.379 -14.115 8.47 11.274 -14.234 6.952 14.619 -11.975 8.428 11.241 -15.791 6.991
5 24 16.158 -23.079 7.106 16.675 -23.325 5.639 18.277 -23.659 7.302 14.53 -22.178 5.972
5 24 16.158 -23.079 7.106 14.22 -21.281 7.664 16.144 -22.358 8.477 14.53 -22.178 5.972
5 24 18.679 -21.629 9.211 17.851 -23.052 8.718 17.792 -22.167 9.099 19.095 -22.811 8.624
5 24 13.122 -18.762 -.685 15.251 -18.544 -.616 12.91 -17.471 -2.129 13.082 -19.766 .586
5 24 14.202 -16.094 8.444 11.241 -15.791 6.991 14.045 -18.477 8.325 14.379 -14.115 8.47
5 24 12.319 -12.642 -4.73 14.657 -11.869 -4.302 14.795 -13.526 -3.664 12.233 -11.707 -7.244
5 24 15.712 -19.923 1.094 13.082 -19.766 .586 15.114 -22.36 4.239 15.251 -18.544 -.616
5 24 17.191 -20.131 9.136 18.419 -19.658 7.791 18.679 -21.629 9.211 16.615 -18.231 9.053
5 24 18.679 -21.629 9.211 17.792 -22.167 9.099 17.851 -23.052 8.718 17.191 -20.131 9.136
5 24 14.619 -11.975 8.428 11.675 -10.301 6.254 14.915 -10.319 7.958 11.334 -12.602 6.848
5 24 16.144 -22.358 8.477 16.425 -20.931 9.068 17.792 -22.167 9.099 14.22 -21.281 7.664
5 24 8.232 -9.989 -14.951 5.674 -9.898 -15.988 8.149 -8.494 -15.929 6.581 -10.884 -14.692
5 24 19.744 -21.87 7.41 19.095 -22.811 8.624 18.679 -21.629 9.211 18.277 -23.659 7.302
5 24 14.883 -15.454 -3.247 12.47 -14.169 -3.848 14.795 -13.526 -3.664 12.641 -15.818 -3.452
5 24 16.615 -18.231 9.053 14.045 -18.477 8.325 16.425 -20.931 9.068 16.459 -16.2 9.089
5 24 18.419 -19.658 7.791 18.679 -21.629 9.211 19.582 -20.857 7.695 17.191 -20.131 9.136
5 24 15.068 -16.942 -2.375 12.91 -17.471 -2.129 15.251 -18.544 -.616 12.641 -15.818 -3.452
5 24 15.068 -16.942 -2.375 12.641 -15.818 -3.452 14.883 -15.454 -3.247 12.91 -17.471 -2.129
5 24 14.22 -21.281 7.664 16.144 -22.358 8.477 16.425 -20.931 9.068 16.158 -23.079 7.106
5 24 6.186 -11.652 -13.291 3.127 -12.485 -12.831 2.982 -11.076 -15.974 5.895 -11.847 -11.746
5 24 12.233 -11.707 -7.244 13.268 -11.212 -7.238 14.657 -11.869 -4.302 12.357 -10.7 -9.43
5 24 14.915 -10.319 7.958 15.954 -9.594 4.033 16.632 -10.256 6.36 12.525 -8.949 4.441
5 24 11.43 -9.636 -12.26 9.991 -9.48 -14.215 10.806 -10.756 -11.921 10.262 -8.512 -14.582
5 24 18.679 -21.629 9.211 19.582 -20.857 7.695 18.419 -19.658 7.791 19.744 -21.87 7.41
5 24 3.127 -12.485 -12.831 2.982 -11.076 -15.974 6.186 -11.652 -13.291 0 -12.736 -13.141
5 24 18.277 -23.659 7.302 17.512 -23.457 7.81 19.095 -22.811 8.624 16.158 -23.079 7.106
5 24 17.851 -23.052 8.718 17.512 -23.457 7.81 19.095 -22.811 8.624 16.144 -22.358 8.477
5 24 14.22 -21.281 7.664 14.53 -22.178 5.972 16.158 -23.079 7.106 11.662 -19.525 6.162
5 24 14.619 -11.975 8.428 14.915 -10.319 7.958 15.789 -11.658 8.807 11.675 -10.301 6.254
5 24 17.792 -22.167 9.099 17.851 -23.052 8.718 16.144 -22.358 8.477 18.679 -21.629 9.211
5 24 12.34 -20.516 4.394 15.114 -22.36 4.239 14.53 -22.178 5.972 13.008 -20.544 2.102
5 24 15.954 -9.594 4.033 12.649 -8.591 3.17 15.615 -9.071 1.928 12.525 -8.949 4.441
5 24 11.43 -9.636 -12.26 10.806 -10.756 -11.921 12.357 -10.7 -9.43 9.991 -9.48 -14.215

0 // Lower Jaw Outside
3 16 11.983 -6.217 3.947 12.649 -8.591 3.17 15.813 -6.321 2.03
3 16 15.813 -6.321 2.03 12.649 -8.591 3.17 15.615 -9.071 1.928
3 16 11.983 -6.217 3.947 15.813 -6.321 2.03 12.278 -2.934 3.242
3 16 12.278 -2.934 3.242 15.813 -6.321 2.03 16.022 -4.044 1.049
3 16 16.022 -4.044 1.049 12.686 -1.347 -.094 12.278 -2.934 3.242
3 16 15.773 -3.073 -1.242 12.686 -1.347 -.094 16.022 -4.044 1.049
3 16 12.686 -1.347 -.094 15.773 -3.073 -1.242 12.768 -1.039 -3.889
3 16 12.768 -1.039 -3.889 15.773 -3.073 -1.242 15.028 -2.501 -4.687
3 16 12.768 -1.039 -3.889 15.028 -2.501 -4.687 12.684 -.766 -7.588
3 16 12.684 -.766 -7.588 15.028 -2.501 -4.687 13.848 -1.637 -8.016
3 16 12.56 -.133 -11.776 12.684 -.766 -7.588 13.848 -1.637 -8.016
3 16 0 -3.196 12.524 3.271 -3.174 12.059 0 0 11.337
3 16 0 0 11.337 3.271 -3.174 12.059 3.047 0 10.807
3 16 3.271 -3.174 12.059 6.269 -3.163 10.706 3.047 0 10.807
3 16 3.047 0 10.807 6.269 -3.163 10.706 5.458 0 9.586
3 16 6.269 -3.163 10.706 7.67 0 7.784 5.458 0 9.586
3 16 8.872 -3.08 8.663 7.67 0 7.784 6.269 -3.163 10.706
3 16 8.872 -3.08 8.663 9.606 0 5.522 7.67 0 7.784
3 16 10.802 -3.01 6.171 9.606 0 5.522 8.872 -3.08 8.663
3 16 3.282 -6.217 12.194 3.271 -3.174 12.059 0 -3.196 12.524
3 16 0 -3.196 12.524 0 -6.2 12.7 3.282 -6.217 12.194
3 16 6.33 -6.217 10.909 3.271 -3.174 12.059 3.282 -6.217 12.194
3 16 6.269 -3.163 10.706 3.271 -3.174 12.059 6.33 -6.217 10.909
4 16 6.33 -6.217 10.909 8.944 -6.217 8.889 8.872 -3.08 8.663 6.269 -3.163 10.706
3 16 10.802 -3.01 6.171 8.872 -3.08 8.663 10.915 -6.217 6.246
3 16 10.915 -6.217 6.246 8.872 -3.08 8.663 8.944 -6.217 8.889
3 16 10.915 -6.217 6.246 11.983 -6.217 3.947 10.802 -3.01 6.171
3 16 10.802 -3.01 6.171 11.983 -6.217 3.947 12.278 -2.934 3.242
3 16 12.278 -2.934 3.242 10.758 0 2.973 10.802 -3.01 6.171
3 16 10.802 -3.01 6.171 10.758 0 2.973 9.606 0 5.522
3 16 12.278 -2.934 3.242 12.686 -1.347 -.094 10.758 0 2.973
3 16 10.758 0 2.973 12.686 -1.347 -.094 11.163 0 -.316
3 16 12.768 -1.039 -3.889 11.163 0 -.316 12.686 -1.347 -.094
3 16 10.852 0 -3.875 11.163 0 -.316 12.768 -1.039 -3.889
3 16 12.768 -1.039 -3.889 12.684 -.766 -7.588 10.852 0 -3.875
3 16 10.852 0 -3.875 12.684 -.766 -7.588 10.606 0 -7.408
3 16 0 0 -9.442 2.949 .701 -16.482 0 .478 -16.378
3 16 0 0 -9.442 5.946 1.166 -16.67 2.949 .701 -16.482
3 16 0 0 -9.442 8.2 0 -9.442 5.946 1.166 -16.67
3 16 5.946 1.166 -16.67 8.2 0 -9.442 8.617 1.312 -16.189
3 16 8.2 0 -9.442 10.839 .987 -14.54 8.617 1.312 -16.189
3 16 8.2 0 -9.442 12.56 -.133 -11.776 10.839 .987 -14.54
3 16 8.2 0 -9.442 10.606 0 -7.408 12.56 -.133 -11.776
3 16 12.56 -.133 -11.776 10.606 0 -7.408 12.684 -.766 -7.588
2 24 12.649 -8.591 3.17 11.983 -6.217 3.947
2 24 8.617 1.312 -16.189 10.839 .987 -14.54
2 24 10.839 .987 -14.54 12.56 -.133 -11.776
2 24 12.56 -.133 -11.776 13.848 -1.637 -8.016
2 24 13.848 -1.637 -8.016 15.028 -2.501 -4.687
2 24 15.028 -2.501 -4.687 15.773 -3.073 -1.242
2 24 15.773 -3.073 -1.242 16.022 -4.044 1.049
2 24 16.022 -4.044 1.049 15.813 -6.321 2.03
2 24 15.813 -6.321 2.03 15.615 -9.071 1.928
2 24 5.946 1.166 -16.67 8.617 1.312 -16.189
2 24 2.949 .701 -16.482 5.946 1.166 -16.67
2 24 0 .478 -16.378 2.949 .701 -16.482
2 24 15.615 -9.071 1.928 12.649 -8.591 3.17
2 24 12.278 -2.934 3.242 11.983 -6.217 3.947
2 24 12.686 -1.347 -.094 12.278 -2.934 3.242
2 24 12.768 -1.039 -3.889 12.686 -1.347 -.094
5 24 6.33 -6.217 10.909 8.872 -3.08 8.663 8.944 -6.217 8.889 6.269 -3.163 10.706
5 24 10.915 -6.217 6.246 8.872 -3.08 8.663 8.944 -6.217 8.889 10.802 -3.01 6.171
5 24 5.458 0 9.586 6.269 -3.163 10.706 3.047 0 10.807 7.67 0 7.784
5 24 15.028 -2.501 -4.687 12.768 -1.039 -3.889 12.684 -.766 -7.588 15.773 -3.073 -1.242
5 24 8.2 0 -9.442 10.606 0 -7.408 6 0 -5.5434 12.56 -.133 -11.776
5 24 12.684 -.766 -7.588 10.606 0 -7.408 12.56 -.133 -11.776 10.852 0 -3.875
5 24 8.872 -3.08 8.663 7.67 0 7.784 6.269 -3.163 10.706 9.606 0 5.522
5 24 15.028 -2.501 -4.687 12.684 -.766 -7.588 12.768 -1.039 -3.889 13.848 -1.637 -8.016
5 24 15.773 -3.073 -1.242 12.768 -1.039 -3.889 15.028 -2.501 -4.687 12.686 -1.347 -.094
5 24 6.33 -6.217 10.909 6.269 -3.163 10.706 3.271 -3.174 12.059 8.944 -6.217 8.889
5 24 6.33 -6.217 10.909 3.271 -3.174 12.059 6.269 -3.163 10.706 3.282 -6.217 12.194
5 24 3.271 -3.174 12.059 3.047 0 10.807 0 0 11.337 6.269 -3.163 10.706
5 24 8.872 -3.08 8.663 10.802 -3.01 6.171 9.606 0 5.522 10.915 -6.217 6.246
5 24 11.163 0 -.316 12.768 -1.039 -3.889 12.686 -1.347 -.094 10.852 0 -3.875
5 24 6.269 -3.163 10.706 3.047 0 10.807 5.458 0 9.586 3.271 -3.174 12.059
5 24 12.684 -.766 -7.588 10.852 0 -3.875 12.768 -1.039 -3.889 10.606 0 -7.408
5 24 12.649 -8.591 3.17 15.813 -6.321 2.03 11.983 -6.217 3.947 15.615 -9.071 1.928
5 24 16.022 -4.044 1.049 12.686 -1.347 -.094 12.278 -2.934 3.242 15.773 -3.073 -1.242
5 24 12.684 -.766 -7.588 13.848 -1.637 -8.016 15.028 -2.501 -4.687 12.56 -.133 -11.776
5 24 12.686 -1.347 -.094 11.163 0 -.316 10.758 0 2.973 12.768 -1.039 -3.889
5 24 3.271 -3.174 12.059 3.282 -6.217 12.194 6.33 -6.217 10.909 0 -3.196 12.524
5 24 6.269 -3.163 10.706 8.872 -3.08 8.663 7.67 0 7.784 6.33 -6.217 10.909
5 24 15.813 -6.321 2.03 12.278 -2.934 3.242 11.983 -6.217 3.947 16.022 -4.044 1.049
5 24 8.617 1.312 -16.189 8.2 0 -9.442 5.946 1.166 -16.67 10.839 .987 -14.54
5 24 0 0 -9.442 2.949 .701 -16.482 5.946 1.166 -16.67 0 .478 -16.378
5 24 15.813 -6.321 2.03 11.983 -6.217 3.947 12.278 -2.934 3.242 12.649 -8.591 3.17
5 24 0 -3.196 12.524 3.271 -3.174 12.059 0 0 11.337 3.282 -6.217 12.194
5 24 12.686 -1.347 -.094 10.758 0 2.973 11.163 0 -.316 12.278 -2.934 3.242
5 24 10.802 -3.01 6.171 9.606 0 5.522 8.872 -3.08 8.663 10.758 0 2.973
5 24 12.278 -2.934 3.242 10.758 0 2.973 10.802 -3.01 6.171 12.686 -1.347 -.094
5 24 12.768 -1.039 -3.889 10.852 0 -3.875 12.684 -.766 -7.588 11.163 0 -.316
5 24 10.802 -3.01 6.171 11.983 -6.217 3.947 10.915 -6.217 6.246 12.278 -2.934 3.242
5 24 3.282 -6.217 12.194 0 -3.196 12.524 3.271 -3.174 12.059 0 -6.2 12.7
5 24 15.773 -3.073 -1.242 12.686 -1.347 -.094 16.022 -4.044 1.049 12.768 -1.039 -3.889
5 24 12.278 -2.934 3.242 16.022 -4.044 1.049 15.813 -6.321 2.03 12.686 -1.347 -.094
5 24 12.56 -.133 -11.776 8.2 0 -9.442 10.839 .987 -14.54 10.606 0 -7.408
5 24 8.872 -3.08 8.663 8.944 -6.217 8.889 10.915 -6.217 6.246 6.269 -3.163 10.706
5 24 10.802 -3.01 6.171 12.278 -2.934 3.242 10.758 0 2.973 11.983 -6.217 3.947
5 24 0 0 -9.442 8.2 0 -9.442 5.946 1.166 -16.67 0 0 -8
5 24 7.67 0 7.784 6.269 -3.163 10.706 8.872 -3.08 8.663 5.458 0 9.586
5 24 12.684 -.766 -7.588 12.768 -1.039 -3.889 10.852 0 -3.875 15.028 -2.501 -4.687
5 24 10.802 -3.01 6.171 10.915 -6.217 6.246 11.983 -6.217 3.947 8.872 -3.08 8.663
5 24 8.2 0 -9.442 5.946 1.166 -16.67 0 0 -9.442 8.617 1.312 -16.189
5 24 12.56 -.133 -11.776 12.684 -.766 -7.588 13.848 -1.637 -8.016 10.606 0 -7.408
5 24 10.606 0 -7.408 12.56 -.133 -11.776 12.684 -.766 -7.588 8.2 0 -9.442
5 24 3.271 -3.174 12.059 6.269 -3.163 10.706 6.33 -6.217 10.909 3.047 0 10.807
5 24 9.606 0 5.522 8.872 -3.08 8.663 7.67 0 7.784 10.802 -3.01 6.171
5 24 3.271 -3.174 12.059 0 0 11.337 0 -3.196 12.524 3.047 0 10.807
5 24 0 0 -9.442 5.946 1.166 -16.67 2.949 .701 -16.482 8.2 0 -9.442
5 24 10.758 0 2.973 10.802 -3.01 6.171 9.606 0 5.522 12.278 -2.934 3.242
5 24 8.2 0 -9.442 10.839 .987 -14.54 8.617 1.312 -16.189 12.56 -.133 -11.776

0 // Jaw Front and Ear
3 16 16.838 -19.026 4.219 16.93 -19.725 3.453 16.462 -17.89 2.962
3 16 16.462 -17.89 2.962 16.93 -19.725 3.453 16.51 -18.523 2.135
4 16 16.462 -17.89 2.962 16.51 -18.523 2.135 16.185 -17.032 .747 16.181 -16.558 1.733
3 16 16.181 -16.558 1.733 16.185 -17.032 .747 15.981 -15.182 .786
3 16 15.981 -15.182 .786 16.185 -17.032 .747 15.94 -15.482 -.379
4 16 16.93 -19.725 3.453 16.838 -19.026 4.219 17.413 -19.64 5.426 17.689 -20.646 4.842
3 16 17.413 -19.64 5.426 17.934 -19.861 6.311 17.689 -20.646 4.842
3 16 17.689 -20.646 4.842 17.934 -19.861 6.311 18.72 -20.906 6.053
3 16 17.934 -19.861 6.311 18.419 -19.658 7.791 18.72 -20.906 6.053
3 16 18.72 -20.906 6.053 18.419 -19.658 7.791 19.582 -20.857 7.695
4 16 15.981 -15.182 .786 15.94 -15.482 -.379 15.819 -14.153 -.939 15.877 -13.874 .283
3 16 15.666 -12.184 -1.035 15.877 -13.874 .283 15.819 -14.153 -.939
3 16 15.795 -12.316 .34 15.877 -13.874 .283 15.666 -12.184 -1.035
3 16 0 -7.912 -15.263 2.777 -7.374 -15.92 2.982 -11.076 -15.974
3 16 2.982 -11.076 -15.974 0 -11.508 -16.052 0 -7.912 -15.263
3 16 2.777 -7.374 -15.92 5.45 -6.282 -16.337 5.674 -9.898 -15.988
3 16 5.674 -9.898 -15.988 2.982 -11.076 -15.974 2.777 -7.374 -15.92
4 16 5.674 -9.898 -15.988 5.45 -6.282 -16.337 8.269 -5.158 -16.21 8.149 -8.494 -15.929
3 16 8.149 -8.494 -15.929 8.269 -5.158 -16.21 10.262 -8.512 -14.582
3 16 10.262 -8.512 -14.582 8.269 -5.158 -16.21 10.415 -5.061 -14.929
3 16 10.415 -5.061 -14.929 11.676 -6.071 -12.677 10.262 -8.512 -14.582
3 16 10.262 -8.512 -14.582 11.676 -6.071 -12.677 11.43 -9.636 -12.26
3 16 11.676 -6.071 -12.677 13.276 -6.053 -8.854 11.43 -9.636 -12.26
3 16 11.43 -9.636 -12.26 13.276 -6.053 -8.854 12.357 -10.7 -9.43
3 16 12.357 -10.7 -9.43 13.276 -6.053 -8.854 13.268 -11.212 -7.238
3 16 13.268 -11.212 -7.238 13.276 -6.053 -8.854 14.413 -7.105 -5.559
3 16 13.268 -11.212 -7.238 14.413 -7.105 -5.559 14.657 -11.869 -4.302
4 16 14.413 -7.105 -5.559 15.231 -7.999 -2.768 15.666 -12.184 -1.035 14.657 -11.869 -4.302
3 16 14.657 -11.869 -4.302 15.666 -12.184 -1.035 14.795 -13.526 -3.664
3 16 15.666 -12.184 -1.035 15.819 -14.153 -.939 14.795 -13.526 -3.664
3 16 14.795 -13.526 -3.664 15.819 -14.153 -.939 14.883 -15.454 -3.247
3 16 15.819 -14.153 -.939 15.94 -15.482 -.379 14.883 -15.454 -3.247
3 16 14.883 -15.454 -3.247 15.94 -15.482 -.379 15.068 -16.942 -2.375
3 16 15.068 -16.942 -2.375 15.94 -15.482 -.379 15.251 -18.544 -.616
3 16 15.251 -18.544 -.616 15.94 -15.482 -.379 16.185 -17.032 .747
3 16 16.185 -17.032 .747 15.712 -19.923 1.094 15.251 -18.544 -.616
3 16 16.51 -18.523 2.135 15.712 -19.923 1.094 16.185 -17.032 .747
3 16 15.712 -19.923 1.094 16.51 -18.523 2.135 16.347 -21.064 2.707
3 16 16.347 -21.064 2.707 16.51 -18.523 2.135 16.93 -19.725 3.453
3 16 17.689 -20.646 4.842 16.347 -21.064 2.707 16.93 -19.725 3.453
3 16 17.615 -22.102 4.439 16.347 -21.064 2.707 17.689 -20.646 4.842
3 16 18.72 -20.906 6.053 17.615 -22.102 4.439 17.689 -20.646 4.842
3 16 19.115 -22.259 6.057 17.615 -22.102 4.439 18.72 -20.906 6.053
3 16 19.115 -22.259 6.057 18.72 -20.906 6.053 19.744 -21.87 7.41
3 16 19.744 -21.87 7.41 18.72 -20.906 6.053 19.582 -20.857 7.695
3 16 2.703 -3.448 -17.532 2.777 -7.374 -15.92 0 -3.808 -17.331
3 16 0 -3.808 -17.331 2.777 -7.374 -15.92 0 -7.912 -15.263
3 16 2.703 -3.448 -17.532 5.45 -6.282 -16.337 2.777 -7.374 -15.92
3 16 5.82 -2.517 -17.738 5.45 -6.282 -16.337 2.703 -3.448 -17.532
3 16 5.82 -2.517 -17.738 8.269 -5.158 -16.21 5.45 -6.282 -16.337
3 16 8.675 -1.881 -17.26 8.269 -5.158 -16.21 5.82 -2.517 -17.738
3 16 8.675 -1.881 -17.26 10.855 -1.863 -15.549 8.269 -5.158 -16.21
3 16 8.269 -5.158 -16.21 10.855 -1.863 -15.549 10.415 -5.061 -14.929
3 16 12.501 -2.724 -12.327 10.415 -5.061 -14.929 10.855 -1.863 -15.549
3 16 11.676 -6.071 -12.677 10.415 -5.061 -14.929 12.501 -2.724 -12.327
3 16 11.676 -6.071 -12.677 12.501 -2.724 -12.327 13.276 -6.053 -8.854
3 16 13.276 -6.053 -8.854 12.501 -2.724 -12.327 13.848 -1.637 -8.016
4 16 8.675 -1.881 -17.26 8.617 1.312 -16.189 10.839 .987 -14.54 10.855 -1.863 -15.549
3 16 10.839 .987 -14.54 12.56 -.133 -11.776 10.855 -1.863 -15.549
3 16 13.848 -1.637 -8.016 12.501 -2.724 -12.327 12.56 -.133 -11.776
3 16 10.855 -1.863 -15.549 12.56 -.133 -11.776 12.501 -2.724 -12.327
3 16 15.773 -3.073 -1.242 15.231 -7.999 -2.768 15.028 -2.501 -4.687
3 16 15.028 -2.501 -4.687 15.231 -7.999 -2.768 14.413 -7.105 -5.559
4 16 13.848 -1.637 -8.016 15.028 -2.501 -4.687 14.413 -7.105 -5.559 13.276 -6.053 -8.854
3 16 15.773 -3.073 -1.242 16.022 -4.044 1.049 15.231 -7.999 -2.768
3 16 15.231 -7.999 -2.768 16.022 -4.044 1.049 15.513 -8.94 -.857
3 16 15.813 -6.321 2.03 15.513 -8.94 -.857 16.022 -4.044 1.049
3 16 15.635 -10.258 .771 15.513 -8.94 -.857 15.813 -6.321 2.03
3 16 15.813 -6.321 2.03 15.615 -9.071 1.928 15.635 -10.258 .771
3 16 15.635 -10.258 .771 15.666 -12.184 -1.035 15.513 -8.94 -.857
3 16 15.795 -12.316 .34 15.666 -12.184 -1.035 15.635 -10.258 .771
3 16 5.82 -2.517 -17.738 5.946 1.166 -16.67 8.675 -1.881 -17.26
3 16 8.675 -1.881 -17.26 5.946 1.166 -16.67 8.617 1.312 -16.189
3 16 5.82 -2.517 -17.738 2.949 .701 -16.482 5.946 1.166 -16.67
3 16 2.703 -3.448 -17.532 2.949 .701 -16.482 5.82 -2.517 -17.738
3 16 2.703 -3.448 -17.532 0 .478 -16.378 2.949 .701 -16.482
3 16 0 -3.808 -17.331 0 .478 -16.378 2.703 -3.448 -17.532
3 16 16.632 -10.256 6.36 16.274 -13.444 3.265 15.954 -9.594 4.033
3 16 15.954 -9.594 4.033 16.274 -13.444 3.265 16.055 -12.344 2.585
3 16 16.632 -10.256 6.36 17.549 -11.742 7.544 16.274 -13.444 3.265
4 16 16.274 -13.444 3.265 17.549 -11.742 7.544 17.613 -13.777 7.802 16.495 -14.483 3.987
3 16 16.495 -14.483 3.987 17.613 -13.777 7.802 16.753 -15.533 4.733
3 16 17.613 -13.777 7.802 17.618 -15.643 7.758 16.753 -15.533 4.733
3 16 16.753 -15.533 4.733 17.618 -15.643 7.758 17.005 -17.121 5.315
3 16 17.618 -15.643 7.758 17.758 -17.774 7.754 17.005 -17.121 5.315
3 16 17.005 -17.121 5.315 17.758 -17.774 7.754 17.23 -18.237 5.68
3 16 17.758 -17.774 7.754 17.934 -19.861 6.311 17.23 -18.237 5.68
3 16 18.419 -19.658 7.791 17.934 -19.861 6.311 17.758 -17.774 7.754
3 16 17.413 -19.64 5.426 17.23 -18.237 5.68 17.934 -19.861 6.311
3 16 17.413 -19.64 5.426 16.838 -19.026 4.219 17.23 -18.237 5.68
3 16 17.23 -18.237 5.68 16.838 -19.026 4.219 17.005 -17.121 5.315
4 16 16.838 -19.026 4.219 16.462 -17.89 2.962 16.753 -15.533 4.733 17.005 -17.121 5.315
3 16 16.495 -14.483 3.987 16.753 -15.533 4.733 16.181 -16.558 1.733
3 16 16.181 -16.558 1.733 16.753 -15.533 4.733 16.462 -17.89 2.962
3 16 16.181 -16.558 1.733 15.981 -15.182 .786 16.495 -14.483 3.987
3 16 16.495 -14.483 3.987 15.981 -15.182 .786 16.274 -13.444 3.265
3 16 15.981 -15.182 .786 15.877 -13.874 .283 16.274 -13.444 3.265
3 16 16.274 -13.444 3.265 15.877 -13.874 .283 16.055 -12.344 2.585
3 16 15.795 -12.316 .34 16.055 -12.344 2.585 15.877 -13.874 .283
4 16 15.954 -9.594 4.033 16.055 -12.344 2.585 15.795 -12.316 .34 15.635 -10.258 .771
3 16 15.615 -9.071 1.928 15.954 -9.594 4.033 15.635 -10.258 .771
3 16 15.666 -12.184 -1.035 15.231 -7.999 -2.768 15.513 -8.94 -.857
2 24 16.462 -17.89 2.962 16.838 -19.026 4.219
2 24 16.93 -19.725 3.453 16.51 -18.523 2.135
2 24 16.181 -16.558 1.733 16.462 -17.89 2.962
2 24 16.51 -18.523 2.135 16.185 -17.032 .747
2 24 15.981 -15.182 .786 16.181 -16.558 1.733
2 24 16.185 -17.032 .747 15.94 -15.482 -.379
2 24 17.689 -20.646 4.842 16.93 -19.725 3.453
2 24 16.838 -19.026 4.219 17.413 -19.64 5.426
2 24 17.413 -19.64 5.426 17.934 -19.861 6.311
2 24 18.72 -20.906 6.053 17.689 -20.646 4.842
2 24 17.934 -19.861 6.311 18.419 -19.658 7.791
2 24 18.419 -19.658 7.791 19.582 -20.857 7.695
2 24 19.582 -20.857 7.695 18.72 -20.906 6.053
2 24 15.877 -13.874 .283 15.981 -15.182 .786
2 24 15.94 -15.482 -.379 15.819 -14.153 -.939
2 24 15.819 -14.153 -.939 15.666 -12.184 -1.035
2 24 15.795 -12.316 .34 15.877 -13.874 .283
2 24 18.419 -19.658 7.791 17.758 -17.774 7.754
2 24 17.758 -17.774 7.754 17.618 -15.643 7.758
2 24 17.618 -15.643 7.758 17.613 -13.777 7.802
2 24 17.613 -13.777 7.802 17.549 -11.742 7.544
2 24 17.549 -11.742 7.544 16.632 -10.256 6.36
2 24 19.744 -21.87 7.41 19.582 -20.857 7.695
2 24 19.115 -22.259 6.057 19.744 -21.87 7.41
2 24 17.615 -22.102 4.439 19.115 -22.259 6.057
2 24 16.347 -21.064 2.707 17.615 -22.102 4.439
2 24 15.712 -19.923 1.094 16.347 -21.064 2.707
2 24 15.251 -18.544 -.616 15.712 -19.923 1.094
2 24 15.068 -16.942 -2.375 15.251 -18.544 -.616
2 24 14.883 -15.454 -3.247 15.068 -16.942 -2.375
2 24 14.795 -13.526 -3.664 14.883 -15.454 -3.247
2 24 14.657 -11.869 -4.302 14.795 -13.526 -3.664
2 24 0 -11.508 -16.052 2.982 -11.076 -15.974
2 24 2.982 -11.076 -15.974 5.674 -9.898 -15.988
2 24 5.674 -9.898 -15.988 8.149 -8.494 -15.929
2 24 8.149 -8.494 -15.929 10.262 -8.512 -14.582
2 24 11.43 -9.636 -12.26 12.357 -10.7 -9.43
2 24 10.262 -8.512 -14.582 11.43 -9.636 -12.26
2 24 12.357 -10.7 -9.43 13.268 -11.212 -7.238
2 24 13.268 -11.212 -7.238 14.657 -11.869 -4.302
2 24 0 -7.912 -15.263 2.777 -7.374 -15.92
2 24 2.777 -7.374 -15.92 5.45 -6.282 -16.337
2 24 5.45 -6.282 -16.337 8.269 -5.158 -16.21
2 24 8.269 -5.158 -16.21 10.415 -5.061 -14.929
2 24 10.415 -5.061 -14.929 11.676 -6.071 -12.677
2 24 15.666 -12.184 -1.035 15.513 -8.94 -.857
2 24 15.635 -10.258 .771 15.795 -12.316 .34
2 24 15.954 -9.594 4.033 16.632 -10.256 6.36
2 24 15.615 -9.071 1.928 15.954 -9.594 4.033
5 24 8.675 -1.881 -17.26 10.839 .987 -14.54 8.617 1.312 -16.189 10.855 -1.863 -15.549
5 24 16.462 -17.89 2.962 16.185 -17.032 .747 16.51 -18.523 2.135 16.181 -16.558 1.733
5 24 13.848 -1.637 -8.016 14.413 -7.105 -5.559 15.028 -2.501 -4.687 13.276 -6.053 -8.854
5 24 15.981 -15.182 .786 15.819 -14.153 -.939 15.94 -15.482 -.379 15.877 -13.874 .283
5 24 16.93 -19.725 3.453 17.413 -19.64 5.426 16.838 -19.026 4.219 17.689 -20.646 4.842
5 24 5.674 -9.898 -15.988 8.269 -5.158 -16.21 5.45 -6.282 -16.337 8.149 -8.494 -15.929
5 24 16.274 -13.444 3.265 17.613 -13.777 7.802 17.549 -11.742 7.544 16.495 -14.483 3.987
5 24 14.413 -7.105 -5.559 15.666 -12.184 -1.035 15.231 -7.999 -2.768 14.657 -11.869 -4.302
5 24 16.838 -19.026 4.219 16.753 -15.533 4.733 16.462 -17.89 2.962 17.005 -17.121 5.315
5 24 15.954 -9.594 4.033 15.795 -12.316 .34 16.055 -12.344 2.585 15.635 -10.258 .771
5 24 15.231 -7.999 -2.768 14.413 -7.105 -5.559 15.028 -2.501 -4.687 15.666 -12.184 -1.035
5 24 16.838 -19.026 4.219 17.23 -18.237 5.68 17.005 -17.121 5.315 17.413 -19.64 5.426
5 24 8.269 -5.158 -16.21 8.675 -1.881 -17.26 5.82 -2.517 -17.738 10.855 -1.863 -15.549
5 24 15.94 -15.482 -.379 15.251 -18.544 -.616 15.068 -16.942 -2.375 16.185 -17.032 .747
5 24 16.347 -21.064 2.707 16.93 -19.725 3.453 16.51 -18.523 2.135 17.689 -20.646 4.842
5 24 16.181 -16.558 1.733 16.185 -17.032 .747 15.981 -15.182 .786 16.462 -17.89 2.962
5 24 14.883 -15.454 -3.247 15.819 -14.153 -.939 14.795 -13.526 -3.664 15.94 -15.482 -.379
5 24 15.877 -13.874 .283 15.819 -14.153 -.939 15.981 -15.182 .786 15.666 -12.184 -1.035
5 24 10.855 -1.863 -15.549 12.56 -.133 -11.776 12.501 -2.724 -12.327 10.839 .987 -14.54
5 24 16.181 -16.558 1.733 16.495 -14.483 3.987 16.753 -15.533 4.733 15.981 -15.182 .786
5 24 13.268 -11.212 -7.238 13.276 -6.053 -8.854 12.357 -10.7 -9.43 14.413 -7.105 -5.559
5 24 17.758 -17.774 7.754 17.005 -17.121 5.315 17.23 -18.237 5.68 17.618 -15.643 7.758
5 24 16.51 -18.523 2.135 16.347 -21.064 2.707 15.712 -19.923 1.094 16.93 -19.725 3.453
5 24 16.495 -14.483 3.987 17.613 -13.777 7.802 16.753 -15.533 4.733 16.274 -13.444 3.265
5 24 11.676 -6.071 -12.677 11.43 -9.636 -12.26 10.262 -8.512 -14.582 13.276 -6.053 -8.854
5 24 15.666 -12.184 -1.035 14.795 -13.526 -3.664 14.657 -11.869 -4.302 15.819 -14.153 -.939
5 24 17.613 -13.777 7.802 16.753 -15.533 4.733 17.618 -15.643 7.758 16.495 -14.483 3.987
5 24 15.251 -18.544 -.616 16.185 -17.032 .747 15.712 -19.923 1.094 15.94 -15.482 -.379
5 24 15.877 -13.874 .283 16.055 -12.344 2.585 16.274 -13.444 3.265 15.795 -12.316 .34
5 24 15.666 -12.184 -1.035 15.795 -12.316 .34 15.635 -10.258 .771 15.877 -13.874 .283
5 24 2.703 -3.448 -17.532 0 .478 -16.378 2.949 .701 -16.482 0 -3.808 -17.331
5 24 16.274 -13.444 3.265 16.632 -10.256 6.36 17.549 -11.742 7.544 15.954 -9.594 4.033
5 24 5.82 -2.517 -17.738 8.269 -5.158 -16.21 8.675 -1.881 -17.26 5.45 -6.282 -16.337
5 24 15.231 -7.999 -2.768 15.773 -3.073 -1.242 15.028 -2.501 -4.687 16.022 -4.044 1.049
5 24 12.501 -2.724 -12.327 10.855 -1.863 -15.549 10.415 -5.061 -14.929 12.56 -.133 -11.776
5 24 16.51 -18.523 2.135 16.462 -17.89 2.962 16.93 -19.725 3.453 16.185 -17.032 .747
5 24 13.848 -1.637 -8.016 13.276 -6.053 -8.854 12.501 -2.724 -12.327 15.028 -2.501 -4.687
5 24 16.274 -13.444 3.265 16.495 -14.483 3.987 17.549 -11.742 7.544 15.981 -15.182 .786
5 24 5.45 -6.282 -16.337 5.82 -2.517 -17.738 2.703 -3.448 -17.532 8.269 -5.158 -16.21
5 24 16.753 -15.533 4.733 16.181 -16.558 1.733 16.462 -17.89 2.962 16.495 -14.483 3.987
5 24 16.462 -17.89 2.962 16.93 -19.725 3.453 16.51 -18.523 2.135 16.838 -19.026 4.219
5 24 12.501 -2.724 -12.327 12.56 -.133 -11.776 13.848 -1.637 -8.016 10.855 -1.863 -15.549
5 24 16.274 -13.444 3.265 15.954 -9.594 4.033 16.055 -12.344 2.585 16.632 -10.256 6.36
5 24 18.72 -20.906 6.053 18.419 -19.658 7.791 17.934 -19.861 6.311 19.582 -20.857 7.695
5 24 14.657 -11.869 -4.302 15.666 -12.184 -1.035 14.795 -13.526 -3.664 14.413 -7.105 -5.559
5 24 11.676 -6.071 -12.677 12.501 -2.724 -12.327 10.415 -5.061 -14.929 13.276 -6.053 -8.854
5 24 15.635 -10.258 .771 15.513 -8.94 -.857 15.813 -6.321 2.03 15.666 -12.184 -1.035
5 24 2.703 -3.448 -17.532 5.45 -6.282 -16.337 2.777 -7.374 -15.92 5.82 -2.517 -17.738
5 24 10.855 -1.863 -15.549 10.415 -5.061 -14.929 8.269 -5.158 -16.21 12.501 -2.724 -12.327
5 24 8.675 -1.881 -17.26 10.855 -1.863 -15.549 8.269 -5.158 -16.21 8.617 1.312 -16.189
5 24 5.946 1.166 -16.67 5.82 -2.517 -17.738 8.675 -1.881 -17.26 2.949 .701 -16.482
5 24 16.185 -17.032 .747 15.712 -19.923 1.094 15.251 -18.544 -.616 16.51 -18.523 2.135
5 24 17.005 -17.121 5.315 16.753 -15.533 4.733 17.618 -15.643 7.758 16.838 -19.026 4.219
5 24 16.753 -15.533 4.733 17.618 -15.643 7.758 17.613 -13.777 7.802 17.005 -17.121 5.315
5 24 16.838 -19.026 4.219 16.93 -19.725 3.453 17.413 -19.64 5.426 16.462 -17.89 2.962
5 24 17.689 -20.646 4.842 16.347 -21.064 2.707 17.615 -22.102 4.439 16.93 -19.725 3.453
5 24 16.185 -17.032 .747 15.981 -15.182 .786 15.94 -15.482 -.379 16.181 -16.558 1.733
5 24 2.982 -11.076 -15.974 2.777 -7.374 -15.92 5.674 -9.898 -15.988 0 -7.912 -15.263
5 24 17.689 -20.646 4.842 17.934 -19.861 6.311 17.413 -19.64 5.426 18.72 -20.906 6.053
5 24 8.617 1.312 -16.189 8.675 -1.881 -17.26 5.946 1.166 -16.67 10.839 .987 -14.54
5 24 17.689 -20.646 4.842 17.413 -19.64 5.426 17.934 -19.861 6.311 16.93 -19.725 3.453
5 24 2.949 .701 -16.482 2.703 -3.448 -17.532 5.82 -2.517 -17.738 0 .478 -16.378
5 24 0 -3.808 -17.331 2.703 -3.448 -17.532 2.777 -7.374 -15.92 0 .478 -16.378
5 24 12.501 -2.724 -12.327 13.276 -6.053 -8.854 11.676 -6.071 -12.677 13.848 -1.637 -8.016
5 24 17.549 -11.742 7.544 16.274 -13.444 3.265 17.613 -13.777 7.802 16.632 -10.256 6.36
5 24 18.72 -20.906 6.053 19.744 -21.87 7.41 19.582 -20.857 7.695 19.115 -22.259 6.057
5 24 17.23 -18.237 5.68 17.413 -19.64 5.426 17.934 -19.861 6.311 16.838 -19.026 4.219
5 24 15.666 -12.184 -1.035 15.877 -13.874 .283 15.819 -14.153 -.939 15.795 -12.316 .34
5 24 5.674 -9.898 -15.988 2.777 -7.374 -15.92 2.982 -11.076 -15.974 5.45 -6.282 -16.337
5 24 15.513 -8.94 -.857 15.231 -7.999 -2.768 16.022 -4.044 1.049 15.666 -12.184 -1.035
5 24 17.618 -15.643 7.758 17.005 -17.121 5.315 16.753 -15.533 4.733 17.758 -17.774 7.754
5 24 15.813 -6.321 2.03 15.635 -10.258 .771 15.615 -9.071 1.928 15.513 -8.94 -.857
5 24 15.513 -8.94 -.857 15.813 -6.321 2.03 16.022 -4.044 1.049 15.635 -10.258 .771
5 24 10.415 -5.061 -14.929 10.262 -8.512 -14.582 11.676 -6.071 -12.677 8.269 -5.158 -16.21
5 24 11.43 -9.636 -12.26 13.276 -6.053 -8.854 11.676 -6.071 -12.677 12.357 -10.7 -9.43
5 24 16.274 -13.444 3.265 16.055 -12.344 2.585 15.877 -13.874 .283 15.954 -9.594 4.033
5 24 15.819 -14.153 -.939 14.795 -13.526 -3.664 15.666 -12.184 -1.035 14.883 -15.454 -3.247
5 24 16.495 -14.483 3.987 15.981 -15.182 .786 16.274 -13.444 3.265 16.181 -16.558 1.733
5 24 14.413 -7.105 -5.559 15.028 -2.501 -4.687 15.231 -7.999 -2.768 13.276 -6.053 -8.854
5 24 17.934 -19.861 6.311 17.758 -17.774 7.754 18.419 -19.658 7.791 17.23 -18.237 5.68
5 24 13.276 -6.053 -8.854 14.413 -7.105 -5.559 13.848 -1.637 -8.016 13.268 -11.212 -7.238
5 24 17.23 -18.237 5.68 17.934 -19.861 6.311 17.758 -17.774 7.754 17.413 -19.64 5.426
5 24 2.703 -3.448 -17.532 5.82 -2.517 -17.738 5.45 -6.282 -16.337 2.949 .701 -16.482
5 24 14.413 -7.105 -5.559 14.657 -11.869 -4.302 15.231 -7.999 -2.768 13.268 -11.212 -7.238
5 24 2.982 -11.076 -15.974 0 -7.912 -15.263 2.777 -7.374 -15.92 0 -11.508 -16.052
5 24 15.635 -10.258 .771 15.666 -12.184 -1.035 15.795 -12.316 .34 15.513 -8.94 -.857
5 24 8.149 -8.494 -15.929 8.269 -5.158 -16.21 10.262 -8.512 -14.582 5.674 -9.898 -15.988
5 24 15.231 -7.999 -2.768 16.022 -4.044 1.049 15.513 -8.94 -.857 15.773 -3.073 -1.242
5 24 13.276 -6.053 -8.854 12.357 -10.7 -9.43 13.268 -11.212 -7.238 11.43 -9.636 -12.26
5 24 15.231 -7.999 -2.768 15.028 -2.501 -4.687 15.773 -3.073 -1.242 14.413 -7.105 -5.559
5 24 11.676 -6.071 -12.677 10.262 -8.512 -14.582 10.415 -5.061 -14.929 11.43 -9.636 -12.26
5 24 15.954 -9.594 4.033 15.635 -10.258 .771 16.055 -12.344 2.585 15.615 -9.071 1.928
5 24 17.934 -19.861 6.311 18.72 -20.906 6.053 17.689 -20.646 4.842 18.419 -19.658 7.791
5 24 17.758 -17.774 7.754 17.23 -18.237 5.68 17.934 -19.861 6.311 17.005 -17.121 5.315
5 24 15.981 -15.182 .786 16.274 -13.444 3.265 15.877 -13.874 .283 16.495 -14.483 3.987
5 24 12.501 -2.724 -12.327 10.415 -5.061 -14.929 11.676 -6.071 -12.677 10.855 -1.863 -15.549
5 24 18.72 -20.906 6.053 17.615 -22.102 4.439 19.115 -22.259 6.057 17.689 -20.646 4.842
5 24 14.413 -7.105 -5.559 13.268 -11.212 -7.238 13.276 -6.053 -8.854 14.657 -11.869 -4.302
5 24 16.51 -18.523 2.135 15.712 -19.923 1.094 16.185 -17.032 .747 16.347 -21.064 2.707
5 24 15.068 -16.942 -2.375 15.94 -15.482 -.379 15.251 -18.544 -.616 14.883 -15.454 -3.247
5 24 5.82 -2.517 -17.738 8.675 -1.881 -17.26 8.269 -5.158 -16.21 5.946 1.166 -16.67
5 24 5.946 1.166 -16.67 8.675 -1.881 -17.26 5.82 -2.517 -17.738 8.617 1.312 -16.189
5 24 16.274 -13.444 3.265 15.877 -13.874 .283 16.055 -12.344 2.585 15.981 -15.182 .786
5 24 15.666 -12.184 -1.035 15.231 -7.999 -2.768 15.513 -8.94 -.857 14.657 -11.869 -4.302
5 24 2.777 -7.374 -15.92 2.703 -3.448 -17.532 0 -3.808 -17.331 5.45 -6.282 -16.337
5 24 16.838 -19.026 4.219 17.005 -17.121 5.315 17.23 -18.237 5.68 16.462 -17.89 2.962
5 24 15.795 -12.316 .34 16.055 -12.344 2.585 15.877 -13.874 .283 15.635 -10.258 .771
5 24 16.055 -12.344 2.585 15.954 -9.594 4.033 15.795 -12.316 .34 16.274 -13.444 3.265
5 24 19.115 -22.259 6.057 18.72 -20.906 6.053 19.744 -21.87 7.41 17.615 -22.102 4.439
5 24 15.94 -15.482 -.379 14.883 -15.454 -3.247 15.068 -16.942 -2.375 15.819 -14.153 -.939
5 24 17.005 -17.121 5.315 17.23 -18.237 5.68 16.838 -19.026 4.219 17.758 -17.774 7.754
5 24 15.615 -9.071 1.928 15.635 -10.258 .771 15.813 -6.321 2.03 15.954 -9.594 4.033
5 24 10.262 -8.512 -14.582 8.269 -5.158 -16.21 10.415 -5.061 -14.929 8.149 -8.494 -15.929
5 24 10.855 -1.863 -15.549 8.269 -5.158 -16.21 10.415 -5.061 -14.929 8.675 -1.881 -17.26
5 24 10.855 -1.863 -15.549 10.839 .987 -14.54 12.56 -.133 -11.776 8.675 -1.881 -17.26
5 24 16.022 -4.044 1.049 15.513 -8.94 -.857 15.231 -7.999 -2.768 15.813 -6.321 2.03
5 24 5.45 -6.282 -16.337 5.674 -9.898 -15.988 8.269 -5.158 -16.21 2.777 -7.374 -15.92
5 24 2.777 -7.374 -15.92 0 -3.808 -17.331 2.703 -3.448 -17.532 0 -7.912 -15.263
5 24 5.82 -2.517 -17.738 2.949 .701 -16.482 2.703 -3.448 -17.532 5.946 1.166 -16.67
5 24 16.753 -15.533 4.733 16.495 -14.483 3.987 16.181 -16.558 1.733 17.613 -13.777 7.802
5 24 11.676 -6.071 -12.677 13.276 -6.053 -8.854 12.501 -2.724 -12.327 11.43 -9.636 -12.26
5 24 13.848 -1.637 -8.016 12.501 -2.724 -12.327 12.56 -.133 -11.776 13.276 -6.053 -8.854
5 24 15.94 -15.482 -.379 15.981 -15.182 .786 16.185 -17.032 .747 15.819 -14.153 -.939
5 24 16.753 -15.533 4.733 16.462 -17.89 2.962 17.005 -17.121 5.315 16.181 -16.558 1.733
5 24 17.615 -22.102 4.439 17.689 -20.646 4.842 16.347 -21.064 2.707 18.72 -20.906 6.053

0 // Tooth Edge
2 24 6.581 -10.884 -14.692 6.186 -11.652 -13.291
2 24 8.232 -9.989 -14.951 6.581 -10.884 -14.692
2 24 9.991 -9.48 -14.215 8.232 -9.989 -14.951
2 24 6.186 -11.652 -13.291 6.309 -11.968 -12.003
2 24 6.309 -11.968 -12.003 8.554 -11.977 -10.26
2 24 8.554 -11.977 -10.26 10.681 -11.627 -9.948
2 24 10.681 -11.627 -9.948 10.806 -10.756 -11.921
2 24 10.806 -10.756 -11.921 9.991 -9.48 -14.215