0 ~Minifig Sword Elvish Blade Half
0 Name: s\2674as01.dat
0 Author: Philippe Hurbain [Philo]
0 !LDRAW_ORG Subpart UPDATE 2026-06
0 !LICENSE Licensed under CC BY 4.0 : see CAreadme.txt

0 BFC CERTIFY CCW

0 !HISTORY 2026-06-28 [OrionP] Official Update 2026-06

2 24 1.5887 12.1954 -4.5093 0 11.9452 -4.8402
2 24 1.5887 12.1954 -4.5093 3.0219 12.8638 -3.6253
2 24 3.0219 12.8638 -3.6253 3.9578 13.8483 -2.3233
2 24 4.2535 14.9992 -0.8011 3.9578 13.8483 -2.3233
2 24 3.8646 16.1412 0.7094 4.2535 14.9992 -0.8011
2 24 3.8646 16.1412 0.7094 2.8496 17.1005 1.978
2 24 2.8496 17.1005 1.978 1.3637 17.7311 2.8121
2 24 1.3637 17.7311 2.8121 0 17.9368 3.0842
4 16 0 11.5451 -4.755 0 11.9452 -4.8402 1.5887 12.1954 -4.5093 1.5982 11.6302 -4.3889
4 16 1.5982 11.6302 -4.3889 1.5887 12.1954 -4.5093 3.0219 12.8638 -3.6253 3.0395 11.8039 -3.3996
4 16 3.0395 11.8039 -3.3996 3.0219 12.8638 -3.6253 3.9578 13.8483 -2.3233 3.9879 12.0395 -1.9382
4 16 4.2986 12.3014 -0.2267 3.9879 12.0395 -1.9382 3.9578 13.8483 -2.3233 4.2535 14.9992 -0.8011
4 16 3.9245 12.5495 1.4741 4.2986 12.3014 -0.2267 4.2535 14.9992 -0.8011 3.8646 16.1412 0.7094
4 16 2.9223 12.7462 2.9051 3.9245 12.5495 1.4741 3.8646 16.1412 0.7094 2.8496 17.1005 1.978
4 16 1.445 12.8614 3.8488 2.9223 12.7462 2.9051 2.8496 17.1005 1.978 1.3637 17.7311 2.8121
4 16 0 12.8777 4.1612 1.445 12.8614 3.8488 1.3637 17.7311 2.8121 0 17.9368 3.0842
2 24 2.9661 10.6986 3.1112 1.5031 10.0442 4.1226
2 24 0 9.8289 4.4553 1.5031 10.0442 4.1226
2 24 3.9414 11.9418 1.5538 4.3088 12.0521 -0.1785
2 24 0 8.1338 -4.4291 1.6631 8.4454 -4.0829
2 24 3.0894 9.4304 -3.1649 1.6631 8.4454 -4.0829
2 24 3.0894 9.4304 -3.1649 4.0092 11.1991 -1.838
2 24 4.0092 11.1991 -1.838 4.3088 12.0521 -0.1785
2 24 2.9661 10.6986 3.1112 3.9414 11.9418 1.5538
4 16 0 12.8777 4.1612 0 9.8289 4.4553 1.5031 10.0442 4.1226 1.445 12.8614 3.8488
4 16 1.445 12.8614 3.8488 1.5031 10.0442 4.1226 2.9661 10.6986 3.1112 2.9223 12.7462 2.9051
3 16 2.9223 12.7462 2.9051 2.9661 10.6986 3.1112 3.9414 11.9418 1.5538
3 16 3.9414 11.9418 1.5538 3.9245 12.5495 1.4741 2.9223 12.7462 2.9051
5 24 2.9223 12.7462 2.9051 3.9414 11.9418 1.5538 2.9661 10.6986 3.1112 3.9245 12.5495 1.4741
3 16 3.9245 12.5495 1.4741 3.9414 11.9418 1.5538 4.3088 12.0521 -.1785
3 16 4.3088 12.0521 -.1785 4.2986 12.3014 -.2267 3.9245 12.5495 1.4741
5 24 4.3088 12.0521 -.1785 3.9245 12.5495 1.4741 4.2986 12.3014 -.2267 3.9414 11.9418 1.5538
4 16 0 8.1338 -4.4291 0 11.5451 -4.755 1.5982 11.6302 -4.3889 1.6631 8.4454 -4.0829
4 16 3.0894 9.4304 -3.1649 1.6631 8.4454 -4.0829 1.5982 11.6302 -4.3889 3.0395 11.8039 -3.3996
4 16 3.0894 9.4304 -3.1649 3.0395 11.8039 -3.3996 3.9879 12.0395 -1.9382 4.0092 11.1991 -1.838
4 16 4.0092 11.1991 -1.838 3.9879 12.0395 -1.9382 4.2986 12.3014 -0.2267 4.3088 12.0521 -0.1785
4 16 1.5887 12.1954 -4.5093 0 11.9452 -4.8402 0 17.9368 3.0842 1.3637 17.7311 2.8121
4 16 3.0219 12.8638 -3.6253 1.5887 12.1954 -4.5093 1.3637 17.7311 2.8121 2.8496 17.1005 1.978
4 16 3.0219 12.8638 -3.6253 2.8496 17.1005 1.978 3.8646 16.1412 0.7094 3.9578 13.8483 -2.3233
3 16 3.9578 13.8483 -2.3233 3.8646 16.1412 0.7094 4.2535 14.9992 -0.8011
2 24 3.9645 12.0521 -0.1785 3.6956 11.357 -1.5308
2 24 1.5308 10.3205 3.6956 0 10.1235 4
2 24 4 12.0407 0 3.9645 12.0521 -0.1785
2 24 2.8284 9.8789 -2.8284 2.325 9.4304 -3.1649
2 24 2.325 9.4304 -3.1649 1.5308 8.8609 -3.6956
2 24 3.6956 11.9432 1.5308 4 12.0407 0
2 24 3.6802 11.9418 1.5538 3.6956 11.9432 1.5308
2 24 0 8.5343 -4 1.5308 8.8609 -3.6956
2 24 3.6802 11.9418 1.5538 2.8284 10.9244 2.8284
2 24 2.8284 10.9244 2.8284 2.4052 10.6986 3.1112
2 24 2.4052 10.6986 3.1112 1.5308 10.3205 3.6956
2 24 3.4903 11.1991 -1.838 2.8284 9.8789 -2.8284
2 24 3.6956 11.357 -1.5308 3.4903 11.1991 -1.838
4 16 2.8284 -19.4 -4.9 2.8284 -7.7886 -2.8284 2.8284 -18.8 1.6 2.8284 -31.3 0.1
4 16 2.8284 -19.4 -4.9 2.8284 -31.3 0.1 2.8284 -28.7 -3.9 2.8284 -24.3 -6.2
3 16 2.8284 -28.7 -3.9 2.8284 -27.3 -7.4 2.8284 -24.3 -6.2
4 16 2.8284 -62.9 -6.6 2.8284 -55.4 -6.4 2.8284 -56.2 -3 2.8284 -63.4 -3.1
4 16 2.8284 -62.9 -6.6 2.8284 -63.4 -3.1 2.8284 -72.9 -2.5 2.8284 -69.3009 -5.8057
4 16 2.8284 -76.1 -4.3 2.8284 -72.9 -2.5 2.8284 -81.4 -1 2.8284 -82.2 -2.2
3 16 2.8284 -85.9 -1 2.8284 -82.2 -2.2 2.8284 -81.4 -1
3 16 2.8284 -81.4 -1 2.4 -85.3 0.1 2.8284 -85.9 -1
3 16 2.2 -86.3 0 2.8284 -85.9 -1 2.4 -85.3 0.1
3 16 1.3 -28.6 -7.6 1.3 -28.2 -8.4 2.8284 -27.3 -7.4
3 16 2.8284 -27.3 -7.4 2.8284 -28.7 -3.9 1.3 -28.6 -7.6
3 16 1.3 -28.6 -7.6 2.8284 -28.7 -3.9 2.8284 -29.2711 -3.4286
3 16 2.8284 -29.2711 -3.4286 1.3 -29.6 -7.1 1.3 -28.6 -7.6
4 16 1.3 -63.1 -10.1 1.3 -54.9 -9.9 2.8284 -55.4 -6.4 2.8284 -62.9 -6.6
4 16 1.3 -69.9 -9.3 1.3 -63.1 -10.1 2.8284 -62.9 -6.6 2.8284 -69.3009 -5.8057
3 16 1.3 -77.5 -7.1 1.3 -69.9 -9.3 2.8284 -76.1 -4.3
3 16 2.8284 -76.1 -4.3 2.8284 -82.2 -2.2 1.3 -77.5 -7.1
3 16 1.3 -77.5 -7.1 2.8284 -82.2 -2.2 2.8284 -85.9 -1
3 16 2.8284 -85.9 -1 1.3 -86.6 -3.4 1.3 -77.5 -7.1
3 16 1.5 -87.4 -2.4 1.3 -86.6 -3.4 2.8284 -85.9 -1
3 16 2.8284 -85.9 -1 1.8 -87.5 -1.1 1.5 -87.4 -2.4
3 16 2 -87 -0.4 1.8 -87.5 -1.1 2.8284 -85.9 -1
3 16 2.8284 -85.9 -1 2.2 -86.3 0 2 -87 -0.4
4 16 2.8284 -30.0979 -3.3346 2.8284 -31.3 0.1 2.8284 -56.2 -3 2.8284 -55.4 -6.4
3 16 2.8284 -31.3 0.1 2.8284 -30.0979 -3.3346 2.8284 -29.2711 -3.4286
3 16 2.8284 -31.3 0.1 2.8284 -29.2711 -3.4286 2.8284 -28.7 -3.9
3 16 1.3 -29.6 -7.1 2.8284 -29.2711 -3.4286 2.8284 -30.0979 -3.3346
3 16 1.3 -29.6 -7.1 2.8284 -30.0979 -3.3346 2.8284 -55.4 -6.4
3 16 2.8284 -55.4 -6.4 1.3 -54.9 -9.9 1.3 -29.6 -7.1
3 16 2.8284 -76.1 -4.3 2.8284 -69.3009 -5.8057 2.8284 -72.9 -2.5
3 16 2.8284 -76.1 -4.3 1.3 -69.9 -9.3 2.8284 -69.3009 -5.8057
2 24 1.5308 -16.0779 3.6956 0 -16.4647 4
2 24 2.8284 -14.9761 2.8284 1.5308 -16.0779 3.6956
2 24 3.6956 -13.3274 1.5308 2.8284 -14.9761 2.8284
2 24 4 -11.3824 0 3.6956 -13.3274 1.5308
2 24 4 -11.3824 0 3.6956 -9.4373 -1.5308
2 24 3.6956 -9.4373 -1.5308 2.8284 -7.7886 -2.8284
2 24 2.8284 -7.7886 -2.8284 1.5308 -6.6868 -3.6956
2 24 1.5308 -6.6868 -3.6956 0 -6.3 -4
4 16 0 -6.3 -4 1.5308 -6.6868 -3.6956 1.5308 -16.0779 3.6956 0 -16.4647 4
4 16 2.8284 -7.7886 -2.8284 2.8284 -14.9761 2.8284 1.5308 -16.0779 3.6956 1.5308 -6.6868 -3.6956
4 16 3.6956 -9.4373 -1.5308 3.6956 -13.3274 1.5308 2.8284 -14.9761 2.8284 2.8284 -7.7886 -2.8284
3 16 4 -11.3824 0 3.6956 -13.3274 1.5308 3.6956 -9.4373 -1.5308
3 16 2.8284 -18.8 1.6 2.8284 -7.7886 -2.8284 2.8284 -14.9761 2.8284
4 16 2.8284 -17.1 5 2.8284 -18.8 5 2.8284 -18.8 1.6 2.8284 -14.9761 2.8284
2 24 2.8284 -28.7 -3.9 2.8284 -27.3 -7.4
2 24 2.8284 -28.7 -3.9 2.8284 -29.2711 -3.4286
2 24 2.8284 -29.2711 -3.4286 2.8284 -30.0979 -3.3346
2 24 2.8284 -30.0979 -3.3346 2.8284 -55.4 -6.4
2 24 2.8284 -55.4 -6.4 2.8284 -62.9 -6.6
2 24 2.8284 -62.9 -6.6 2.8284 -69.3009 -5.8057
2 24 2.8284 -69.3009 -5.8057 2.8284 -76.1 -4.3
2 24 2.8284 -76.1 -4.3 2.8284 -82.2 -2.2
2 24 2.8284 -82.2 -2.2 2.8284 -85.9 -1
2 24 2.8284 -14.9761 2.8284 2.8284 -17.1 5
3 16 1.5308 -16.0779 3.6956 2.8284 -17.1 5 2.8284 -14.9761 2.8284
3 16 2.8284 -17.1 5 1.5308 -16.0779 3.6956 0 -16.4647 4
2 24 2.4 -85.3 0.1 2.2 -86.3 0
2 24 2.8284 -27.3 -7.4 2.8284 -24.3 -6.2
2 24 1.3 -86.6 -3.4 1.3 -77.5 -7.1
2 24 2 -87 -0.4 1.8 -87.5 -1.1
2 24 2.8284 -31.3 0.1 2.8284 -56.2 -3
2 24 2.8284 -56.2 -3 2.8284 -63.4 -3.1
2 24 2.8284 -81.4 -1 2.4 -85.3 0.1
2 24 2.8284 -17.1 5 2.8284 -18.8 5
2 24 2.8284 -72.9 -2.5 2.8284 -81.4 -1
2 24 2.8284 -18.8 1.6 2.8284 -31.3 0.1
2 24 1.3 -29.6 -7.1 1.3 -28.6 -7.6
2 24 2.8284 -18.8 5 2.8284 -18.8 1.6
2 24 1.3 -77.5 -7.1 1.3 -69.9 -9.3
2 24 2.8284 -63.4 -3.1 2.8284 -72.9 -2.5
2 24 1.5 -87.4 -2.4 1.3 -86.6 -3.4
2 24 1.3 -69.9 -9.3 1.3 -63.1 -10.1
2 24 1.8 -87.5 -1.1 1.5 -87.4 -2.4
2 24 1.3 -28.6 -7.6 1.3 -28.2 -8.4
2 24 1.3 -28.2 -8.4 2.8284 -27.3 -7.4
2 24 1.3 -63.1 -10.1 1.3 -54.9 -9.9
2 24 2.8284 -19.4 -4.9 2.8284 -7.7886 -2.8284
2 24 2.8284 -24.3 -6.2 2.8284 -19.4 -4.9
2 24 1.3 -54.9 -9.9 1.3 -29.6 -7.1
2 24 2.2 -86.3 0 2 -87 -0.4
5 24 2.8284 -85.9 -1 2 -87 -0.4 1.8 -87.5 -1.1 2.2 -86.3 0
5 24 2.2 -86.3 0 2.8284 -85.9 -1 2 -87 -0.4 2.4 -85.3 0.1
5 24 1.5308 -16.0779 3.6956 2.8284 -17.1 5 2.8284 -14.9761 2.8284 0 -16.4647 4
5 24 2.8284 -69.3009 -5.8057 1.3 -69.9 -9.3 2.8284 -76.1 -4.3 2.8284 -62.9 -6.6
2 24 2.8284 -7.7886 -2.8284 2.8284 -14.9761 2.8284
5 24 2.8284 -55.4 -6.4 1.3 -29.6 -7.1 1.3 -54.9 -9.9 2.8284 -30.0979 -3.3346
5 24 1.5982 11.6302 -4.3889 1.6631 8.4454 -4.0829 3.0395 11.8039 -3.3996 0 8.1338 -4.4291
5 24 4.3088 12.0521 -.1785 4.2986 12.3014 -.2267 4.0092 11.1991 -1.838 3.9245 12.5495 1.4741
5 24 3.9879 12.0395 -1.9382 3.0395 11.8039 -3.3996 4.0092 11.1991 -1.838 3.0219 12.8638 -3.6253
5 24 4.2986 12.3014 -0.2267 3.9879 12.0395 -1.9382 3.9578 13.8483 -2.3233 4.3088 12.0521 -0.1785
5 24 1.3 -29.6 -7.1 2.8284 -30.0979 -3.3346 2.8284 -29.2711 -3.4286 2.8284 -55.4 -6.4
5 24 1.5031 10.0442 4.1226 1.445 12.8614 3.8488 0 12.8777 4.1612 2.9661 10.6986 3.1112
5 24 1.3 -86.6 -3.4 2.8284 -85.9 -1 1.3 -77.5 -7.1 1.5 -87.4 -2.4
5 24 1.8 -87.5 -1.1 2.8284 -85.9 -1 1.5 -87.4 -2.4 2 -87 -0.4
5 24 1.5982 11.6302 -4.3889 0 11.5451 -4.755 0 11.9452 -4.8402 1.6631 8.4454 -4.0829
5 24 1.3 -69.9 -9.3 2.8284 -76.1 -4.3 2.8284 -69.3009 -5.8057 1.3 -77.5 -7.1
5 24 3.9414 11.9418 1.5538 3.9245 12.5495 1.4741 4.3088 12.0521 -.1785 2.9661 10.6986 3.1112
5 24 2.8284 -85.9 -1 1.5 -87.4 -2.4 1.8 -87.5 -1.1 1.3 -86.6 -3.4
5 24 3.0395 11.8039 -3.3996 1.5982 11.6302 -4.3889 1.5887 12.1954 -4.5093 3.0894 9.4304 -3.1649
5 24 2.8284 -76.1 -4.3 1.3 -77.5 -7.1 2.8284 -82.2 -2.2 1.3 -69.9 -9.3
5 24 2.4 -85.3 0.1 2.8284 -85.9 -1 2.8284 -81.4 -1 2.2 -86.3 0
5 24 2.8284 -85.9 -1 2.8284 -81.4 -1 2.4 -85.3 0.1 2.8284 -82.2 -2.2
5 24 2.9223 12.7462 2.9051 2.9661 10.6986 3.1112 1.445 12.8614 3.8488 3.9414 11.9418 1.5538
5 24 2.8284 -27.3 -7.4 1.3 -28.6 -7.6 2.8284 -28.7 -3.9 1.3 -28.2 -8.4
5 24 1.5887 12.1954 -4.5093 1.5982 11.6302 -4.3889 0 11.5451 -4.755 3.0219 12.8638 -3.6253
5 24 3.9879 12.0395 -1.9382 4.0092 11.1991 -1.838 3.0894 9.4304 -3.1649 4.2986 12.3014 -0.2267
5 24 2.8284 -85.9 -1 1.3 -77.5 -7.1 1.3 -86.6 -3.4 2.8284 -82.2 -2.2
5 24 4.2986 12.3014 -0.2267 4.2535 14.9992 -0.8011 3.9879 12.0395 -1.9382 3.8646 16.1412 0.7094
5 24 3.0395 11.8039 -3.3996 3.0219 12.8638 -3.6253 1.5982 11.6302 -4.3889 3.9578 13.8483 -2.3233
5 24 3.9245 12.5495 1.4741 4.2986 12.3014 -.2267 4.2535 14.9992 -.8011 4.3088 12.0521 -.1785
5 24 1.3637 17.7311 2.8121 1.445 12.8614 3.8488 2.9223 12.7462 2.9051 0 17.9368 3.0842
5 24 3.8646 16.1412 0.7094 3.9245 12.5495 1.4741 2.8496 17.1005 1.978 4.2986 12.3014 -0.2267
5 24 1.3 -28.6 -7.6 2.8284 -28.7 -3.9 2.8284 -29.2711 -3.4286 2.8284 -27.3 -7.4
5 24 2.8284 -29.2711 -3.4286 1.3 -28.6 -7.6 1.3 -29.6 -7.1 2.8284 -28.7 -3.9
5 24 0 12.8777 4.1612 1.445 12.8614 3.8488 1.3637 17.7311 2.8121 0 9.8289 4.4553
5 24 2.8284 -29.2711 -3.4286 1.3 -29.6 -7.1 2.8284 -30.0979 -3.3346 1.3 -28.6 -7.6
5 24 3.0894 9.4304 -3.1649 3.0395 11.8039 -3.3996 1.6631 8.4454 -4.0829 3.9879 12.0395 -1.9382
5 24 1.3 -77.5 -7.1 2.8284 -82.2 -2.2 2.8284 -85.9 -1 2.8284 -76.1 -4.3
5 24 1.3 -54.9 -9.9 2.8284 -55.4 -6.4 1.3 -63.1 -10.1 1.3 -29.6 -7.1
5 24 2.9223 12.7462 2.9051 2.8496 17.1005 1.978 3.9245 12.5495 1.4741 1.3637 17.7311 2.8121
5 24 1.445 12.8614 3.8488 2.9223 12.7462 2.9051 2.8496 17.1005 1.978 1.5031 10.0442 4.1226
5 24 2.9223 12.7462 2.9051 3.9245 12.5495 1.4741 3.8646 16.1412 .7094 3.9414 11.9418 1.5538
5 24 1.3 -63.1 -10.1 2.8284 -62.9 -6.6 1.3 -69.9 -9.3 2.8284 -55.4 -6.4
5 24 3.9578 13.8483 -2.3233 3.9879 12.0395 -1.9382 3.0395 11.8039 -3.3996 4.2535 14.9992 -0.8011