0 ~Minifig Head with Black Eyebrows and Thick Moustache Rounded, Angry / Laughing 2-Sided Half Pattern
0 Name: s\28621p14s01.dat
0 Author: Philippe Hurbain [Philo]
0 !LDRAW_ORG Subpart UPDATE 2026-05
0 !LICENSE Licensed under CC BY 4.0 : see CAreadme.txt

0 BFC CERTIFY CCW

0 !HISTORY 2026-05-31 [OrionP] Official Update 2026-05

1 16 0 0 0 1 0 0 0 1 0 0 0 1 s\28621p14s02.dat
0 // front
3 0 0 14.2846 -13 0 17 -13 .5991 14.2782 -12.8809
3 0 0 17 -13 4.5322 17 -12.0985 4.5203 16.3927 -12.1009
4 0 1.1973 14.2378 -12.7619 0 17 -13 4.5203 16.3927 -12.1009 1.7827 14.1117 -12.6455
4 0 4.5203 16.3927 -12.1009 4.4825 15.7785 -12.1084 4.3833 15.1685 -12.1282 1.7827 14.1117 -12.6455
4 0 4.1352 14.6107 -12.1775 3.7607 14.1224 -12.252 3.3057 13.7126 -12.3425 2.3303 13.8642 -12.5366
3 0 3.3057 13.7126 -12.3425 2.7553 13.4503 -12.452 2.3303 13.8642 -12.5366
4 0 4.3833 15.1685 -12.1282 4.1352 14.6107 -12.1775 2.3303 13.8642 -12.5366 1.7827 14.1117 -12.6455
3 0 .5991 14.2782 -12.8809 0 17 -13 1.1973 14.2378 -12.7619
3 0 0 17 -13 0 17.9829 -12.7555 .9827 17.8687 -12.5885
4 0 .3205 18.4015 -12.5876 .6797 18.366 -12.5251 .9827 17.8687 -12.5885 0 17.9829 -12.7555
3 0 .3205 18.4015 -12.5876 .521 18.4895 -12.5259 .6797 18.366 -12.5251
3 0 1.4005 18.341 -12.388 1.6191 18.441 -12.3197 1.8239 18.3275 -12.3071
4 0 .9827 17.8687 -12.5885 1.4005 18.341 -12.388 1.8239 18.3275 -12.3071 2.1035 17.8495 -12.3703
4 0 .9827 17.8687 -12.5885 2.1035 17.8495 -12.3703 4.5322 17 -12.0985 0 17 -13
3 0 3.4254 17.6506 -12.1569 4.5322 17 -12.0985 2.1035 17.8495 -12.3703
4 0 4.1291 18.0761 -11.9114 4.299 17.95 -11.9089 4.3934 17.7356 -11.9434 3.9219 18.0574 -11.9572
4 0 4.5322 17 -12.0985 3.4254 17.6506 -12.1569 3.9219 18.0574 -11.9572 4.3934 17.7356 -11.9434
3 0 2.8126 18.3872 -12.0958 3.0052 18.2094 -12.1017 2.5708 18.3411 -12.1553
4 0 2.5708 18.3411 -12.1553 3.0052 18.2094 -12.1017 3.4254 17.6506 -12.1569 2.1035 17.8495 -12.3703
4 16 4.8296 18.5309 -11.6592 2.2351 18.8514 -11.9071 1.783 19.274 -11.6438 4.4144 19.8282 -10.6576
4 16 0 18.5309 -12.6192 4.8296 18.5309 -11.6592 2.8126 18.3872 -12.0958 1.6191 18.441 -12.3197
3 16 4.9751 9.7532 -12.0106 4.9752 17 -12.0104 9.192 17 -9.192
4 16 0 19.7063 -11.637 0 19.8282 -11.5352 4.4144 19.8282 -10.6576 .6096 19.6613 -11.5535
4 16 0 19.2177 -12.0453 1.1785 19.105 -11.9052 2.2351 18.8514 -11.9071 0 18.5309 -12.6192
3 16 1.2105 19.5147 -11.5565 .6096 19.6613 -11.5535 4.4144 19.8282 -10.6576
3 16 4.8296 18.5309 -11.6592 0 18.5309 -12.6192 2.2351 18.8514 -11.9071
3 16 1.783 19.274 -11.6438 1.2105 19.5147 -11.5565 4.4144 19.8282 -10.6576
3 16 4.9752 17 -12.0104 4.5322 17 -12.0985 4.3934 17.7356 -11.9434
3 16 .3205 18.4015 -12.5876 0 17.9829 -12.7555 0 18.5309 -12.6192
3 16 .521 18.4895 -12.5259 .3205 18.4015 -12.5876 0 18.5309 -12.6192
4 16 4.9752 17 -12.0104 4.3934 17.7356 -11.9434 4.299 17.95 -11.9089 4.8296 18.5309 -11.6592
3 16 4.8296 18.5309 -11.6592 4.299 17.95 -11.9089 4.1291 18.0761 -11.9114
3 16 .521 18.4895 -12.5259 0 18.5309 -12.6192 1.6191 18.441 -12.3197
3 16 1.4005 18.341 -12.388 .9827 17.8687 -12.5885 .6797 18.366 -12.5251
3 16 4.8296 18.5309 -11.6592 4.1291 18.0761 -11.9114 3.9219 18.0574 -11.9572
3 16 3.9219 18.0574 -11.9572 3.4254 17.6506 -12.1569 3.0052 18.2094 -12.1017
4 16 .6797 18.366 -12.5251 .521 18.4895 -12.5259 1.6191 18.441 -12.3197 1.4005 18.341 -12.388
4 16 3.0052 18.2094 -12.1017 2.8126 18.3872 -12.0958 4.8296 18.5309 -11.6592 3.9219 18.0574 -11.9572
3 16 2.5708 18.3411 -12.1553 2.1035 17.8495 -12.3703 1.8239 18.3275 -12.3071
4 16 2.8126 18.3872 -12.0958 2.5708 18.3411 -12.1553 1.8239 18.3275 -12.3071 1.6191 18.441 -12.3197
3 16 0 4 -13 0 14.2846 -13 .7449 7.8679 -12.8519
4 16 2.14 10.3234 -12.5745 0 14.2846 -13 .5991 14.2782 -12.8809 2.34 10.7199 -12.5347
3 16 .7449 7.8679 -12.8519 0 14.2846 -13 .9431 8.3101 -12.8125
3 16 .5991 14.2782 -12.8809 1.1973 14.2378 -12.7619 2.34 10.7199 -12.5347
4 16 1.7827 14.1117 -12.6455 2.5986 11.0797 -12.4832 2.34 10.7199 -12.5347 1.1973 14.2378 -12.7619
4 16 2.3303 13.8642 -12.5366 2.7553 13.4503 -12.452 2.5986 11.0797 -12.4832 1.7827 14.1117 -12.6455
3 16 4.5203 16.3927 -12.1009 4.5322 17 -12.0985 4.9752 17 -12.0104
3 16 4.9752 17 -12.0104 4.9751 9.7532 -12.0106 4.9491 10.0677 -12.0157
3 16 4.4825 15.7785 -12.1084 4.5203 16.3927 -12.1009 4.9752 17 -12.0104
3 16 4.3833 15.1685 -12.1282 4.4825 15.7785 -12.1084 4.9752 17 -12.0104
4 16 4.9491 10.0677 -12.0157 4.8127 10.492 -12.0429 4.3833 15.1685 -12.1282 4.9752 17 -12.0104
4 16 4.8127 10.492 -12.0429 4.5794 10.8727 -12.0893 4.1352 14.6107 -12.1775 4.3833 15.1685 -12.1282
4 16 4.5794 10.8727 -12.0893 4.2589 11.188 -12.153 3.7607 14.1224 -12.252 4.1352 14.6107 -12.1775
3 16 3.8574 11.3745 -12.2329 3.4132 11.4219 -12.3212 3.3057 13.7126 -12.3425
4 16 4.2589 11.188 -12.153 3.8574 11.3745 -12.2329 3.3057 13.7126 -12.3425 3.7607 14.1224 -12.252
4 16 2.9827 11.3146 -12.4068 2.7553 13.4503 -12.452 3.3057 13.7126 -12.3425 3.4132 11.4219 -12.3212
3 16 2.9827 11.3146 -12.4068 2.5986 11.0797 -12.4832 2.7553 13.4503 -12.452
3 16 2.14 10.3234 -12.5745 .9431 8.3101 -12.8125 0 14.2846 -13
4 84 1.1785 19.105 -11.9052 0 19.2177 -12.0453 0 19.7063 -11.637 .6096 19.6613 -11.5535
3 84 .6096 19.6613 -11.5535 1.2105 19.5147 -11.5565 1.1785 19.105 -11.9052
4 84 1.2105 19.5147 -11.5565 1.783 19.274 -11.6438 2.2351 18.8514 -11.9071 1.1785 19.105 -11.9052
4 16 4.9751 17 -12.0107 4.8296 18.5309 -11.6592 8.9232 18.5309 -8.9232 9.192 17 -9.192

0 // back
4 0 .8467 19.1185 11.9599 0 19.2103 12.0515 0 18.5309 12.6192 .3913 18.5309 12.5414
4 0 2.7481 17.7079 12.2776 2.2152 18.3117 12.2334 1.6521 17.9126 12.4446 2.0552 17.49 12.4695
4 0 .8467 19.1185 11.9599 .3913 18.5309 12.5414 1.9446 18.5309 12.2327 1.592 18.8164 12.0641
4 0 3.2228 17 12.3592 3.1994 17.0461 12.3523 2.7481 17.7079 12.2776 2.3958 17 12.5236
3 0 1.9446 18.5309 12.2327 .3913 18.5309 12.5414 .6581 18.4992 12.4963
3 0 1.9446 18.5309 12.2327 .6581 18.4992 12.4963 1.195 18.2737 12.4456
3 0 2.7481 17.7079 12.2776 2.0552 17.49 12.4695 2.3958 17 12.5236
4 0 2.2152 18.3117 12.2334 1.9446 18.5309 12.2327 1.195 18.2737 12.4456 1.6521 17.9126 12.4446
3 0 1.4463 17 12.7124 2.0193 17 12.5985 1.5501 17.1129 12.6637
4 0 1.5501 17.1129 12.6637 2.0193 17 12.5985 1.9444 17.1116 12.5856 1.7558 17.1869 12.6044
4 0 .4657 17.2681 12.8407 .2555 17 12.9492 .8393 17 12.8331 .7211 17.1954 12.8081
3 0 .7211 17.1954 12.8081 .6189 17.2912 12.8046 .4657 17.2681 12.8407
4 0 0 12.9971 13 .601 12.9802 12.8805 1.0801 16.6021 12.7852 0 16.6791 13
4 0 .8393 17 12.8331 .2555 17 12.9492 0 16.6791 13 1.0801 16.6021 12.7852
4 0 2.0193 17 12.5985 1.4463 17 12.7124 1.0801 16.6021 12.7852 2.2843 16.6052 12.5458
4 0 .601 12.9802 12.8805 1.3583 12.8923 12.7299 2.2843 16.6052 12.5458 1.0801 16.6021 12.7852
3 0 2.4369 12.4443 12.5154 2.6727 12.0965 12.4685 3.2059 12.343 12.3625
4 0 1.3583 12.8923 12.7299 2.0847 12.6715 12.5855 3.5636 16.3279 12.2914 2.2843 16.6052 12.5458
4 0 2.0847 12.6715 12.5855 2.4369 12.4443 12.5154 3.2059 12.343 12.3625 3.6622 12.7207 12.2718
4 0 3.6622 12.7207 12.2718 4.0689 13.1557 12.1909 4.3487 13.6702 12.1352 2.0847 12.6715 12.5855
4 0 3.5636 16.3279 12.2914 2.0847 12.6715 12.5855 4.3487 13.6702 12.1352 4.5214 14.2421 12.1009
4 0 4.5214 14.2421 12.1009 4.5928 15.5142 12.0867 4.5534 16.4856 12.0945 3.5636 16.3279 12.2914
4 0 4.4165 16.6999 12.1218 4.0892 16.7777 12.1869 3.5636 16.3279 12.2914 4.5534 16.4856 12.0945
3 0 4.4165 16.6999 12.1218 4.2443 16.7903 12.156 4.0892 16.7777 12.1869
4 0 2.4381 16.8294 12.5152 2.3736 16.6681 12.528 3.5636 16.3279 12.2914 3.2228 17 12.3592
3 0 3.2228 17 12.3592 2.3958 17 12.5236 2.4381 16.8294 12.5152
3 0 2.3736 16.6681 12.528 2.2843 16.6052 12.5458 3.5636 16.3279 12.2914
3 15 0 16.6791 13 .2555 17 12.9492 0 17 13
3 15 .8393 17 12.8331 1.0801 16.6021 12.7852 1.4463 17 12.7124
4 15 2.3958 17 12.5236 2.0193 17 12.5985 2.3736 16.6681 12.528 2.4381 16.8294 12.5152
4 15 2.0552 17.49 12.4695 1.9444 17.1116 12.5856 2.0193 17 12.5985 2.3958 17 12.5236
4 15 2.0552 17.49 12.4695 1.6521 17.9126 12.4446 1.5501 17.1129 12.6637 1.7558 17.1869 12.6044
4 15 .6581 18.4992 12.4963 .6189 17.2912 12.8046 .7211 17.1954 12.8081 1.195 18.2737 12.4456
4 15 .3913 18.5309 12.5414 0 18.5309 12.6192 0 17 13 .4657 17.2681 12.8407
3 15 0 17 13 .2555 17 12.9492 .4657 17.2681 12.8407
3 15 1.7558 17.1869 12.6044 1.9444 17.1116 12.5856 2.0552 17.49 12.4695
4 15 .6581 18.4992 12.4963 .3913 18.5309 12.5414 .4657 17.2681 12.8407 .6189 17.2912 12.8046
4 15 1.5501 17.1129 12.6637 .7211 17.1954 12.8081 .8393 17 12.8331 1.4463 17 12.7124
4 15 1.195 18.2737 12.4456 .7211 17.1954 12.8081 1.5501 17.1129 12.6637 1.6521 17.9126 12.4446
3 15 2.0193 17 12.5985 2.2843 16.6052 12.5458 2.3736 16.6681 12.528
4 16 4.8296 18.5309 11.6592 4.4144 19.8282 10.6576 1.592 18.8164 12.0641 1.9446 18.5309 12.2327
3 16 9.192 17 9.192 4.9751 17 12.0107 4.9752 10.4639 12.0105
3 16 3.2228 17 12.3592 3.5636 16.3279 12.2914 4.0892 16.7777 12.1869
4 16 4.5928 15.5142 12.0867 4.5214 14.2421 12.1009 4.9752 10.4639 12.0105 4.9751 17 12.0107
4 16 2.6727 12.0965 12.4685 3.9016 10.2102 12.2241 4.7717 10.4565 12.051 3.2059 12.343 12.3625
4 16 4.9752 10.4639 12.0105 3.6622 12.7207 12.2718 3.2059 12.343 12.3625 4.7717 10.4565 12.051
4 16 3.9016 10.2102 12.2241 2.6727 12.0965 12.4685 1.7801 10.1302 12.646 3.0144 10.0433 12.4005
4 16 4.0892 16.7777 12.1869 4.2443 16.7903 12.156 4.9751 17 12.0107 3.2228 17 12.3592
3 16 4.9751 17 12.0107 4.2443 16.7903 12.156 4.4165 16.6999 12.1218
3 16 4.9751 17 12.0107 4.4165 16.6999 12.1218 4.5534 16.4856 12.0945
3 16 4.9751 17 12.0107 4.5534 16.4856 12.0945 4.5928 15.5142 12.0867
4 16 0 4 13 1.7801 10.1302 12.646 .601 12.9802 12.8805 0 12.9971 13
3 16 1.3583 12.8923 12.7299 .601 12.9802 12.8805 1.7801 10.1302 12.646
3 16 2.6727 12.0965 12.4685 2.4369 12.4443 12.5154 2.0847 12.6715 12.5855
4 16 1.3583 12.8923 12.7299 1.7801 10.1302 12.646 2.6727 12.0965 12.4685 2.0847 12.6715 12.5855
3 16 4.9752 10.4639 12.0105 4.5214 14.2421 12.1009 4.3487 13.6702 12.1352
3 16 4.9752 10.4639 12.0105 4.3487 13.6702 12.1352 4.0689 13.1557 12.1909
3 16 4.9752 10.4639 12.0105 4.0689 13.1557 12.1909 3.6622 12.7207 12.2718
4 16 0 19.8282 11.5352 .8467 19.1185 11.9599 1.592 18.8164 12.0641 4.4144 19.8282 10.6576
3 16 0 19.8282 11.5352 0 19.2103 12.0515 .8467 19.1185 11.9599
4 16 2.7481 17.7079 12.2776 3.1994 17.0461 12.3523 4.9751 17 12.0107 4.8296 18.5309 11.6592
3 16 4.8296 18.5309 11.6592 1.9446 18.5309 12.2327 2.2152 18.3117 12.2334
3 16 4.8296 18.5309 11.6592 2.2152 18.3117 12.2334 2.7481 17.7079 12.2776
3 16 3.1994 17.0461 12.3523 3.2228 17 12.3592 4.9751 17 12.0107