0 ~Minifig Head with Black Eyebrows Thick Moustache and Round Glasses Half Pattern
0 Name: s\28621p16s01.dat
0 Author: Philippe Hurbain [Philo]
0 !LDRAW_ORG Subpart UPDATE 2026-05
0 !LICENSE Licensed under CC BY 4.0 : see CAreadme.txt

0 BFC CERTIFY CCW

0 !HISTORY 2026-05-31 [OrionP] Official Update 2026-05

3 0 5.3976 4 -11.7283 4.9517 3.753 -11.9537 4.9751 4 -12.0107
4 0 .3556 19.4403 -11.7886 .9696 18.7989 -12.2025 1.0959 18.5309 -12.4014 0 18.5309 -12.6192
3 0 3.9496 4.2096 -12.2146 4.4506 4.2965 -12.115 4.9751 4 -12.0107
4 0 2.0924 9.4382 -12.5839 2.0674 9.8826 -12.5889 3.0596 9.5826 -12.3916 2.8853 9.291 -12.4263
4 0 4.0401 8.2197 -12.1966 3.9637 8.6466 -12.2118 4.1453 8.9328 -12.1757 4.4242 8.4344 -12.1202
4 0 5.9562 7.764 -11.355 5.51 8.2022 -11.6532 5.7846 8.6961 -11.4696 6.248 8.2994 -11.1599
4 0 4.9751 4.5661 -12.0107 5.303 4.8378 -11.7916 5.7761 4.4936 -11.4754 5.3976 4 -11.7283
3 0 0 14.4396 -13 0 17 -13 .6157 14.4309 -12.8776
4 0 4.6607 17 -12.073 4.5583 16.2623 -12.0933 4.1807 15.1631 -12.1685 0 17 -13
4 0 3.2264 13.8974 -12.3583 1.7636 14.027 -12.6493 3.7952 14.5048 -12.2452 3.5656 14.2179 -12.2908
3 0 3.2264 13.8974 -12.3583 2.851 13.6432 -12.433 1.7636 14.027 -12.6493
4 0 2.4099 13.4274 -12.5207 2.0023 13.7275 -12.6018 1.7636 14.027 -12.6493 2.851 13.6432 -12.433
3 0 2.4099 13.4274 -12.5207 2.1481 13.3699 -12.5728 2.0023 13.7275 -12.6018
4 0 4.1807 15.1631 -12.1685 3.7952 14.5048 -12.2452 1.7636 14.027 -12.6493 1.4312 14.2285 -12.7154
4 0 .6157 14.4309 -12.8776 0 17 -13 4.1807 15.1631 -12.1685 1.4312 14.2285 -12.7154
4 0 1.6283 17.5979 -12.5274 0 17 -13 0 18.5309 -12.6192 1.4107 17.8629 -12.5048
3 0 0 18.5309 -12.6192 1.0959 18.5309 -12.4014 1.4107 17.8629 -12.5048
4 0 1.9154 17.4147 -12.5159 2.2561 17.3727 -12.4585 4.6607 17 -12.073 0 17 -13
3 0 4.4666 17.5363 -11.9783 4.6293 17.3154 -12.0008 4.2167 17.6483 -12
4 0 4.6293 17.3154 -12.0008 4.6607 17 -12.073 3.9373 17.6712 -12.05 4.2167 17.6483 -12
3 0 2.2561 17.3727 -12.4585 3.9373 17.6712 -12.05 4.6607 17 -12.073
3 0 0 17 -13 1.6283 17.5979 -12.5274 1.9154 17.4147 -12.5159
4 0 0 18.5309 -12.6192 0 19.642 -11.6908 .1206 19.6304 -11.6765 .3556 19.4403 -11.7886
4 0 3.6432 3.5418 -12.1616 4.9751 4 -12.0107 4.9517 3.753 -11.9537 4.2617 3.5366 -12.0373
4 0 2.6786 4 -12.4674 4.9751 4 -12.0107 3.6432 3.5418 -12.1616 3.0593 3.7435 -12.3278
4 0 .793 9.0882 -12.8423 0 9.0561 -13 0 9.7415 -13 .6853 9.8151 -12.8637
4 0 1.3883 9.6314 -12.7239 .6853 9.8151 -12.8637 .7577 10.4351 -12.8493 1.4061 10.1975 -12.7204
4 0 1.4061 10.1975 -12.7204 .7577 10.4351 -12.8493 .9212 11.0369 -12.8168 1.5195 10.7517 -12.6978
4 0 1.5195 10.7517 -12.6978 .9212 11.0369 -12.8168 1.198 11.5956 -12.7618 1.7831 11.2497 -12.6454
4 0 2.5784 12.0369 -12.4872 2.1275 11.6994 -12.5769 1.5765 12.0915 -12.6865 2.05 12.4974 -12.5923
4 0 3.805 13.055 -12.2433 4.4272 12.991 -12.1195 4.7581 12.1762 -12.0537 4.2179 12.3426 -12.1611
4 0 4.4272 12.991 -12.1195 4.9752 12.807 -12.0105 4.9752 12.0265 -12.0105 4.7581 12.1762 -12.0537
4 0 2.5907 12.8111 -12.4848 3.1833 13.0044 -12.3669 3.6524 12.3619 -12.2736 3.0962 12.2635 -12.3842
4 0 1.198 11.5956 -12.7618 1.5765 12.0915 -12.6865 2.1275 11.6994 -12.5769 1.7831 11.2497 -12.6454
4 0 3.1833 13.0044 -12.3669 3.805 13.055 -12.2433 4.2179 12.3426 -12.1611 3.6524 12.3619 -12.2736
3 0 .9787 8.5075 -12.8054 .793 9.0882 -12.8423 1.4822 9.0755 -12.7053
4 0 .6853 9.8151 -12.8637 1.3883 9.6314 -12.7239 1.4822 9.0755 -12.7053 .793 9.0882 -12.8423
4 0 2.0449 8.1054 -12.5934 2.4741 7.7359 -12.508 2.1588 7.135 -12.5707 1.6826 7.5165 -12.6654
3 0 3.2847 6.6812 -12.3468 2.6985 6.8504 -12.4634 2.9753 7.4761 -12.4084
4 0 3.8926 6.6498 -12.2259 3.2847 6.6812 -12.3468 2.9753 7.4761 -12.4084 3.5271 7.3567 -12.2986
4 0 4.0928 7.3699 -12.1861 4.643 7.506 -12.0767 4.9751 6.9045 -12.0106 4.5002 6.7289 -12.1051
3 0 4.643 7.506 -12.0767 4.9751 7.6923 -12.0106 4.9751 6.9045 -12.0106
4 0 4.5002 6.7289 -12.1051 3.8926 6.6498 -12.2259 3.5271 7.3567 -12.2986 4.0928 7.3699 -12.1861
4 0 2.6985 6.8504 -12.4634 2.1588 7.135 -12.5707 2.4741 7.7359 -12.508 2.9753 7.4761 -12.4084
4 0 1.6826 7.5165 -12.6654 1.2833 7.979 -12.7448 1.7065 8.558 -12.6607 2.0449 8.1054 -12.5934
4 0 2.05 12.4974 -12.5923 2.5907 12.8111 -12.4848 3.0962 12.2635 -12.3842 2.5784 12.0369 -12.4872
4 0 1.2833 7.979 -12.7448 .9787 8.5075 -12.8054 1.4822 9.0755 -12.7053 1.7065 8.558 -12.6607
3 0 4.9751 4 -12.0107 2.6786 4 -12.4674 3.9496 4.2096 -12.2146
3 0 3.9496 4.2096 -12.2146 2.6786 4 -12.4674 3.4561 4.3264 -12.3127
4 0 2.2099 4.8638 -12.5606 2.3873 4.9133 -12.5253 3.0131 4.5855 -12.4009 2.1826 4.6484 -12.566
4 0 2.1826 4.6484 -12.566 3.0131 4.5855 -12.4009 3.4561 4.3264 -12.3127 2.6786 4 -12.4674
3 0 4.4506 4.2965 -12.115 4.9751 4.5661 -12.0107 4.9751 4 -12.0107
4 0 2.0674 9.8826 -12.5889 2.14 10.3234 -12.5745 2.34 10.7199 -12.5347 3.0596 9.5826 -12.3916
4 0 3.0596 9.5826 -12.3916 2.34 10.7199 -12.5347 2.5986 11.0797 -12.4832 3.3528 9.7574 -12.3333
4 0 3.4132 11.4219 -12.3212 3.3528 9.7574 -12.3333 2.5986 11.0797 -12.4832 2.9827 11.3146 -12.4068
4 0 3.6929 9.7389 -12.2656 3.3528 9.7574 -12.3333 3.4132 11.4219 -12.3212 3.8574 11.3745 -12.2329
4 0 3.8574 11.3745 -12.2329 4.2589 11.188 -12.153 4.5794 10.8727 -12.0893 3.6929 9.7389 -12.2656
4 0 3.9808 9.5597 -12.2084 3.6929 9.7389 -12.2656 4.5794 10.8727 -12.0893 4.8127 10.492 -12.0429
3 0 4.8127 10.492 -12.0429 4.9491 10.0677 -12.0157 3.9808 9.5597 -12.2084
4 0 4.7132 8.7817 -12.0627 4.1591 9.2722 -12.1729 4.9751 9.5573 -12.0106 4.9104 9.1823 -12.0235
4 0 4.9491 10.0677 -12.0157 4.9751 9.5573 -12.0106 4.1591 9.2722 -12.1729 3.9808 9.5597 -12.2084
4 0 3.0396 8.6478 -12.3956 2.4347 8.6227 -12.5159 2.2135 9.0092 -12.5598 2.8786 8.9499 -12.4276
4 0 2.0924 9.4382 -12.5839 2.8853 9.291 -12.4263 2.8786 8.9499 -12.4276 2.2135 9.0092 -12.5598
4 0 4.4242 8.4344 -12.1202 4.1453 8.9328 -12.1757 4.1591 9.2722 -12.1729 4.7132 8.7817 -12.0627
4 0 2.7591 8.3174 -12.4514 3.0396 8.6478 -12.3956 3.3307 8.4718 -12.3377 3.1665 8.1365 -12.3703
3 0 2.7591 8.3174 -12.4514 2.4347 8.6227 -12.5159 3.0396 8.6478 -12.3956
4 0 3.6102 8.0941 -12.2821 3.6671 8.4815 -12.2708 3.9637 8.6466 -12.2118 4.0401 8.2197 -12.1966
4 0 3.1665 8.1365 -12.3703 3.3307 8.4718 -12.3377 3.6671 8.4815 -12.2708 3.6102 8.0941 -12.2821
4 0 5.5778 11.4161 -11.6078 5.2235 11.8552 -11.8446 5.525 12.4299 -11.643 5.927 11.9516 -11.3744
4 0 4.9752 12.807 -12.0105 5.525 12.4299 -11.643 5.2235 11.8552 -11.8446 4.9752 12.0265 -12.0105
4 0 5.8292 10.9101 -11.4398 5.5778 11.4161 -11.6078 5.927 11.9516 -11.3744 6.23 11.4046 -11.1719
3 0 6.23 11.4046 -11.1719 6.4255 10.8124 -11.0412 5.8292 10.9101 -11.4398
4 0 9.1922 9.4804 -9.1922 6.5628 9.476 -10.9495 6.5315 10.197 -10.9704 9.1922 10.1864 -9.1922
4 0 5.8292 10.9101 -11.4398 6.4255 10.8124 -11.0412 6.5315 10.197 -10.9704 5.9679 10.3631 -11.3471
4 0 6.248 8.2994 -11.1599 5.7846 8.6961 -11.4696 5.9481 9.237 -11.3603 6.4395 8.877 -11.0319
3 0 5.5631 7.2985 -11.6177 4.9751 6.9045 -12.0106 4.9751 7.6923 -12.0106
4 0 5.9562 7.764 -11.355 5.5631 7.2985 -11.6177 4.9751 7.6923 -12.0106 5.51 8.2022 -11.6532
4 0 6.5628 9.476 -10.9495 6.0004 9.7993 -11.3253 5.9679 10.3631 -11.3471 6.5315 10.197 -10.9704
4 0 6.4395 8.877 -11.0319 5.9481 9.237 -11.3603 6.0004 9.7993 -11.3253 6.5628 9.476 -10.9495
3 0 4.9751 4 -12.0107 4.9751 4.5661 -12.0107 5.3976 4 -11.7283
4 0 5.8713 5.3067 -11.4117 5.9275 5.0339 -11.3742 5.8869 4.7761 -11.4013 5.6306 5.2345 -11.5726
4 0 5.6306 5.2345 -11.5726 5.8869 4.7761 -11.4013 5.7761 4.4936 -11.4754 5.303 4.8378 -11.7916
4 0 9.1922 9.4804 -9.1922 9.1922 10.1864 -9.1922 10.9471 10.1795 -6.5661 10.9439 9.4834 -6.5709
4 0 11.0907 9.5738 -6.3512 10.9439 9.4834 -6.5709 10.9471 10.1795 -6.5661 11.0995 10.0248 -6.338
4 15 3.3307 8.4718 -12.3377 3.0396 8.6478 -12.3956 2.8786 8.9499 -12.4276 3.6671 8.4815 -12.2708
4 15 2.8786 8.9499 -12.4276 2.8853 9.291 -12.4263 3.0596 9.5826 -12.3916 3.6671 8.4815 -12.2708
4 15 3.3528 9.7574 -12.3333 3.6929 9.7389 -12.2656 3.6671 8.4815 -12.2708 3.0596 9.5826 -12.3916
4 15 3.9637 8.6466 -12.2118 3.6671 8.4815 -12.2708 3.6929 9.7389 -12.2656 3.9808 9.5597 -12.2084
4 15 3.9637 8.6466 -12.2118 3.9808 9.5597 -12.2084 4.1591 9.2722 -12.1729 4.1453 8.9328 -12.1757
4 16 11.0907 9.5738 -6.3512 11.0995 10.0248 -6.338 12.0104 17 -4.9752 12.0104 4 -4.9752
4 16 4.4144 1.1718 -10.6576 4.8296 2.4691 -11.6592 8.9232 2.4691 -8.9232 8.1568 1.1718 -8.1568
4 16 8.9232 2.4691 -8.9232 4.8296 2.4691 -11.6592 4.9517 3.753 -11.9537 5.3976 4 -11.7283
4 16 0 1.1718 -11.5352 0 2.4691 -12.6192 4.8296 2.4691 -11.6592 4.4144 1.1718 -10.6576
4 16 0 2.4691 -12.6192 3.6432 3.5418 -12.1616 4.2617 3.5366 -12.0373 4.8296 2.4691 -11.6592
4 16 3.0616 21 -7.3912 3.7936 20.6954 -9.1592 0 20.6954 -9.9136 0 21 -8
4 16 4.4144 19.8282 -10.6576 0 19.8282 -11.5352 0 20.6954 -9.9136 3.7936 20.6954 -9.1592
4 16 7.0096 20.6954 -7.0096 8.1568 19.8282 -8.1568 4.4144 19.8282 -10.6576 3.7936 20.6954 -9.1592
4 16 2.9753 7.4761 -12.4084 2.4741 7.7359 -12.508 2.7591 8.3174 -12.4514 3.1665 8.1365 -12.3703
4 16 2.5784 12.0369 -12.4872 3.0962 12.2635 -12.3842 3.4132 11.4219 -12.3212 2.9827 11.3146 -12.4068
4 16 1.0959 18.5309 -12.4014 4.8296 18.5309 -11.6592 4.2167 17.6483 -12 3.9373 17.6712 -12.05
3 16 9.1923 4 -9.1923 5.7761 4.4936 -11.4754 5.8869 4.7761 -11.4013
3 16 4.9752 12.807 -12.0105 4.9752 17 -12.0104 5.525 12.4299 -11.643
4 16 5.927 11.9516 -11.3744 9.192 17 -9.192 9.1922 10.1864 -9.1922 6.23 11.4046 -11.1719
3 16 9.1922 10.1864 -9.1922 6.5315 10.197 -10.9704 6.4255 10.8124 -11.0412
3 16 9.1922 10.1864 -9.1922 6.4255 10.8124 -11.0412 6.23 11.4046 -11.1719
4 16 4.9752 17 -12.0104 9.192 17 -9.192 5.927 11.9516 -11.3744 5.525 12.4299 -11.643
3 16 9.1922 10.1864 -9.1922 9.192 17 -9.192 10.9471 10.1795 -6.5661
4 16 11.0995 10.0248 -6.338 10.9471 10.1795 -6.5661 9.192 17 -9.192 12.0104 17 -4.9752
3 16 9.1923 4 -9.1923 9.1922 9.4804 -9.1922 10.9439 9.4834 -6.5709
4 16 9.1923 4 -9.1923 10.9439 9.4834 -6.5709 11.0907 9.5738 -6.3512 12.0104 4 -4.9752
4 16 5.6568 0 -5.6568 3.0616 0 -7.3912 3.7936 .3046 -9.1592 7.0096 .3046 -7.0096
4 16 7.0096 .3046 -7.0096 3.7936 .3046 -9.1592 4.4144 1.1718 -10.6576 8.1568 1.1718 -8.1568
3 16 9.1923 4 -9.1923 8.9232 2.4691 -8.9232 5.3976 4 -11.7283
4 16 3.0616 0 -7.3912 0 0 -8 0 .3046 -9.9136 3.7936 .3046 -9.1592
4 16 4.4144 1.1718 -10.6576 3.7936 .3046 -9.1592 0 .3046 -9.9136 0 1.1718 -11.5352
4 16 3.0593 3.7435 -12.3278 0 2.4691 -12.6192 0 4 -13 2.6786 4 -12.4674
3 16 3.6432 3.5418 -12.1616 0 2.4691 -12.6192 3.0593 3.7435 -12.3278
3 16 4.2617 3.5366 -12.0373 4.9517 3.753 -11.9537 4.8296 2.4691 -11.6592
3 16 0 19.642 -11.6908 0 19.8282 -11.5352 .1206 19.6304 -11.6765
4 16 .9696 18.7989 -12.2025 .3556 19.4403 -11.7886 0 19.8282 -11.5352 4.4144 19.8282 -10.6576
3 16 .1206 19.6304 -11.6765 0 19.8282 -11.5352 .3556 19.4403 -11.7886
4 16 4.8296 18.5309 -11.6592 1.0959 18.5309 -12.4014 .9696 18.7989 -12.2025 4.4144 19.8282 -10.6576
4 16 3.7936 20.6954 -9.1592 3.0616 21 -7.3912 5.6568 21 -5.6568 7.0096 20.6954 -7.0096
4 16 4.4144 19.8282 -10.6576 8.1568 19.8282 -8.1568 8.9232 18.5309 -8.9232 4.8296 18.5309 -11.6592
4 16 4.8296 18.5309 -11.6592 8.9232 18.5309 -8.9232 9.192 17 -9.192 4.9752 17 -12.0104
4 16 1.198 11.5956 -12.7618 .9212 11.0369 -12.8168 0 9.7415 -13 0 14.4396 -13
3 16 1.4312 14.2285 -12.7154 1.7636 14.027 -12.6493 2.0023 13.7275 -12.6018
4 16 .6157 14.4309 -12.8776 1.4312 14.2285 -12.7154 2.0023 13.7275 -12.6018 1.5765 12.0915 -12.6865
3 16 .6853 9.8151 -12.8637 0 9.7415 -13 .7577 10.4351 -12.8493
3 16 .7577 10.4351 -12.8493 0 9.7415 -13 .9212 11.0369 -12.8168
4 16 .6157 14.4309 -12.8776 1.5765 12.0915 -12.6865 1.198 11.5956 -12.7618 0 14.4396 -13
4 16 2.0023 13.7275 -12.6018 2.1481 13.3699 -12.5728 2.05 12.4974 -12.5923 1.5765 12.0915 -12.6865
4 16 2.4099 13.4274 -12.5207 2.5907 12.8111 -12.4848 2.05 12.4974 -12.5923 2.1481 13.3699 -12.5728
4 16 2.4099 13.4274 -12.5207 2.851 13.6432 -12.433 3.1833 13.0044 -12.3669 2.5907 12.8111 -12.4848
4 16 2.851 13.6432 -12.433 3.2264 13.8974 -12.3583 3.805 13.055 -12.2433 3.1833 13.0044 -12.3669
3 16 3.2264 13.8974 -12.3583 3.5656 14.2179 -12.2908 3.805 13.055 -12.2433
4 16 3.7952 14.5048 -12.2452 4.4272 12.991 -12.1195 3.805 13.055 -12.2433 3.5656 14.2179 -12.2908
4 16 4.6607 17 -12.073 4.9752 17 -12.0104 4.9752 12.807 -12.0105 4.5583 16.2623 -12.0933
4 16 3.7952 14.5048 -12.2452 4.1807 15.1631 -12.1685 4.9752 12.807 -12.0105 4.4272 12.991 -12.1195
3 16 4.5583 16.2623 -12.0933 4.9752 12.807 -12.0105 4.1807 15.1631 -12.1685
3 16 0 9.0561 -13 .793 9.0882 -12.8423 .9787 8.5075 -12.8054
4 16 0 4 -13 0 9.0561 -13 .9787 8.5075 -12.8054 1.2833 7.979 -12.7448
3 16 2.1826 4.6484 -12.566 2.6786 4 -12.4674 0 4 -13
3 16 2.2099 4.8638 -12.5606 2.1826 4.6484 -12.566 0 4 -13
4 16 1.2833 7.979 -12.7448 1.6826 7.5165 -12.6654 2.2099 4.8638 -12.5606 0 4 -13
3 16 2.2099 4.8638 -12.5606 1.6826 7.5165 -12.6654 2.1588 7.135 -12.5707
3 16 2.2099 4.8638 -12.5606 2.1588 7.135 -12.5707 2.6985 6.8504 -12.4634
4 16 3.0131 4.5855 -12.4009 3.8926 6.6498 -12.2259 3.9496 4.2096 -12.2146 3.4561 4.3264 -12.3127
4 16 2.2099 4.8638 -12.5606 2.6985 6.8504 -12.4634 3.2847 6.6812 -12.3468 2.3873 4.9133 -12.5253
3 16 4.4506 4.2965 -12.115 3.9496 4.2096 -12.2146 3.8926 6.6498 -12.2259
4 16 4.5002 6.7289 -12.1051 4.9751 4.5661 -12.0107 4.4506 4.2965 -12.115 3.8926 6.6498 -12.2259
3 16 4.5002 6.7289 -12.1051 4.9751 6.9045 -12.0106 4.9751 4.5661 -12.0107
4 16 2.3873 4.9133 -12.5253 3.2847 6.6812 -12.3468 3.8926 6.6498 -12.2259 3.0131 4.5855 -12.4009
3 16 4.9751 9.5573 -12.0106 4.9751 7.6923 -12.0106 4.9104 9.1823 -12.0235
3 16 4.9104 9.1823 -12.0235 4.9751 7.6923 -12.0106 4.7132 8.7817 -12.0627
4 16 3.6102 8.0941 -12.2821 4.0401 8.2197 -12.1966 4.643 7.506 -12.0767 4.0928 7.3699 -12.1861
3 16 4.0928 7.3699 -12.1861 3.5271 7.3567 -12.2986 3.6102 8.0941 -12.2821
4 16 3.6102 8.0941 -12.2821 3.5271 7.3567 -12.2986 2.9753 7.4761 -12.4084 3.1665 8.1365 -12.3703
4 16 2.0924 9.4382 -12.5839 2.2135 9.0092 -12.5598 1.7065 8.558 -12.6607 1.4822 9.0755 -12.7053
4 16 1.4822 9.0755 -12.7053 1.3883 9.6314 -12.7239 2.0674 9.8826 -12.5889 2.0924 9.4382 -12.5839
4 16 2.4741 7.7359 -12.508 2.0449 8.1054 -12.5934 2.4347 8.6227 -12.5159 2.7591 8.3174 -12.4514
3 16 4.7132 8.7817 -12.0627 4.9751 7.6923 -12.0106 4.4242 8.4344 -12.1202
4 16 2.0449 8.1054 -12.5934 1.7065 8.558 -12.6607 2.2135 9.0092 -12.5598 2.4347 8.6227 -12.5159
4 16 4.9751 7.6923 -12.0106 4.643 7.506 -12.0767 4.0401 8.2197 -12.1966 4.4242 8.4344 -12.1202
3 16 4.9752 12.0265 -12.0105 4.9751 9.5573 -12.0106 4.9491 10.0677 -12.0157
3 16 4.9752 12.0265 -12.0105 4.9491 10.0677 -12.0157 4.8127 10.492 -12.0429
4 16 3.8574 11.3745 -12.2329 4.2179 12.3426 -12.1611 4.7581 12.1762 -12.0537 4.2589 11.188 -12.153
3 16 3.0962 12.2635 -12.3842 3.6524 12.3619 -12.2736 3.4132 11.4219 -12.3212
4 16 4.2179 12.3426 -12.1611 3.8574 11.3745 -12.2329 3.4132 11.4219 -12.3212 3.6524 12.3619 -12.2736
4 16 2.1275 11.6994 -12.5769 2.5784 12.0369 -12.4872 2.9827 11.3146 -12.4068 2.5986 11.0797 -12.4832
3 16 1.7831 11.2497 -12.6454 2.1275 11.6994 -12.5769 2.5986 11.0797 -12.4832
4 16 1.5195 10.7517 -12.6978 1.7831 11.2497 -12.6454 2.5986 11.0797 -12.4832 2.34 10.7199 -12.5347
4 16 2.14 10.3234 -12.5745 2.0674 9.8826 -12.5889 1.3883 9.6314 -12.7239 1.4061 10.1975 -12.7204
4 16 1.4061 10.1975 -12.7204 1.5195 10.7517 -12.6978 2.34 10.7199 -12.5347 2.14 10.3234 -12.5745
3 16 4.9752 12.0265 -12.0105 4.8127 10.492 -12.0429 4.5794 10.8727 -12.0893
4 16 4.7581 12.1762 -12.0537 4.9752 12.0265 -12.0105 4.5794 10.8727 -12.0893 4.2589 11.188 -12.153
3 16 1.9154 17.4147 -12.5159 1.6283 17.5979 -12.5274 2.2561 17.3727 -12.4585
4 16 1.0959 18.5309 -12.4014 2.2561 17.3727 -12.4585 1.6283 17.5979 -12.5274 1.4107 17.8629 -12.5048
3 16 3.9373 17.6712 -12.05 2.2561 17.3727 -12.4585 1.0959 18.5309 -12.4014
4 16 4.6607 17 -12.073 4.6293 17.3154 -12.0008 4.8296 18.5309 -11.6592 4.9752 17 -12.0104
3 16 4.8296 18.5309 -11.6592 4.6293 17.3154 -12.0008 4.4666 17.5363 -11.9783
3 16 4.8296 18.5309 -11.6592 4.4666 17.5363 -11.9783 4.2167 17.6483 -12
4 16 4.9752 12.0265 -12.0105 5.2235 11.8552 -11.8446 5.5778 11.4161 -11.6078 4.9751 9.5573 -12.0106
4 16 5.5778 11.4161 -11.6078 5.8292 10.9101 -11.4398 5.9679 10.3631 -11.3471 4.9751 9.5573 -12.0106
4 16 5.9481 9.237 -11.3603 4.9751 9.5573 -12.0106 5.9679 10.3631 -11.3471 6.0004 9.7993 -11.3253
3 16 5.9481 9.237 -11.3603 5.7846 8.6961 -11.4696 4.9751 9.5573 -12.0106
4 16 4.9751 7.6923 -12.0106 4.9751 9.5573 -12.0106 5.7846 8.6961 -11.4696 5.51 8.2022 -11.6532
4 16 4.9751 4.5661 -12.0107 4.9751 6.9045 -12.0106 5.6306 5.2345 -11.5726 5.303 4.8378 -11.7916
4 16 5.5631 7.2985 -11.6177 5.8713 5.3067 -11.4117 5.6306 5.2345 -11.5726 4.9751 6.9045 -12.0106
3 16 5.5631 7.2985 -11.6177 5.9562 7.764 -11.355 5.8713 5.3067 -11.4117
3 16 5.9562 7.764 -11.355 6.248 8.2994 -11.1599 9.1923 4 -9.1923
4 16 5.9562 7.764 -11.355 9.1923 4 -9.1923 5.9275 5.0339 -11.3742 5.8713 5.3067 -11.4117
3 16 6.4395 8.877 -11.0319 6.5628 9.476 -10.9495 9.1922 9.4804 -9.1922
4 16 6.4395 8.877 -11.0319 9.1922 9.4804 -9.1922 9.1923 4 -9.1923 6.248 8.2994 -11.1599
3 16 9.1923 4 -9.1923 5.3976 4 -11.7283 5.7761 4.4936 -11.4754
3 16 5.8869 4.7761 -11.4013 5.9275 5.0339 -11.3742 9.1923 4 -9.1923
5 24 3.7936 20.6954 -9.1592 3.0616 21 -7.3912 5.6568 21 -5.6568 0 21 -8
5 24 4.4144 19.8282 -10.6576 3.7936 20.6954 -9.1592 7.0096 20.6954 -7.0096 0 20.6954 -9.9136
5 24 7.0096 20.6954 -7.0096 3.7936 20.6954 -9.1592 4.4144 19.8282 -10.6576 3.0616 21 -7.3912
5 24 4.8296 18.5309 -11.6592 4.4144 19.8282 -10.6576 8.1568 19.8282 -8.1568 0 19.8282 -11.5352
5 24 8.1568 19.8282 -8.1568 4.4144 19.8282 -10.6576 4.8296 18.5309 -11.6592 3.7936 20.6954 -9.1592
5 24 8.9232 18.5309 -8.9232 4.8296 18.5309 -11.6592 4.9752 17 -12.0104 4.4144 19.8282 -10.6576
5 24 7.0096 20.6954 -7.0096 5.6568 21 -5.6568 7.3912 21 -3.0616 3.0616 21 -7.3912
5 24 8.1568 19.8282 -8.1568 7.0096 20.6954 -7.0096 9.1592 20.6954 -3.7936 3.7936 20.6954 -9.1592
5 24 8.9232 18.5309 -8.9232 8.1568 19.8282 -8.1568 10.6576 19.8282 -4.4144 4.4144 19.8282 -10.6576
5 24 9.192 17 -9.192 8.9232 18.5309 -8.9232 11.6592 18.5309 -4.8296 4.8296 18.5309 -11.6592
5 24 3.7936 20.6954 -9.1592 0 20.6954 -9.9136 0 19.8282 -11.5352 0 21 -8
5 24 4.4144 19.8282 -10.6576 0 19.8282 -11.5352 0 18.5309 -12.6192 0 20.6954 -9.9136
5 24 4.8296 18.5309 -11.6592 0 18.5309 -12.6192 0 17 -13 0 19.8282 -11.5352
5 24 4.9752 17 -12.0104 4.8296 18.5309 -11.6592 8.9232 18.5309 -8.9232 0 18.5309 -12.6192
5 24 9.192 17 -9.192 4.9752 17 -12.0104 4.9752 15.343 -12.0104 4.8296 18.5309 -11.6592
5 24 4.9752 17 -12.0104 0 17 -13 0 15.343 -13 0 18.5309 -12.6192
5 24 12.0107 4 -4.9751 12.0107 17 -4.9751 13 17 0 9.1923 17 -9.1923
5 24 4.9752 4 -12.0104 4.9751 17 -12.0107 9.1923 17 -9.1923 0 17 -13
5 24 9.192 4 -9.192 9.1923 17 -9.1923 12.0107 17 -4.9751 4.9751 17 -12.0107
5 24 3.0616 0 -7.3912 3.7936 .3046 -9.1592 5.6568 0 -5.6568 0 0 -8
5 24 3.7936 .3046 -9.1592 4.4144 1.1718 -10.6576 7.0096 .3046 -7.0096 0 .3046 -9.9136
5 24 3.7936 .3046 -9.1592 7.0096 .3046 -7.0096 4.4144 1.1718 -10.6576 3.0616 0 -7.3912
5 24 4.4144 1.1718 -10.6576 4.8296 2.4691 -11.6592 8.1568 1.1718 -8.1568 0 1.1718 -11.5352
5 24 4.4144 1.1718 -10.6576 8.1568 1.1718 -8.1568 4.8296 2.4691 -11.6592 3.7936 .3046 -9.1592
5 24 4.8296 2.4691 -11.6592 8.9232 2.4691 -8.9232 4.9752 4 -12.0104 4.4144 1.1718 -10.6576
5 24 5.6568 0 -5.6568 7.0096 .3046 -7.0096 7.3912 0 -3.0616 3.0616 0 -7.3912
5 24 7.0096 .3046 -7.0096 8.1568 1.1718 -8.1568 9.1592 .3046 -3.7936 3.7936 .3046 -9.1592
5 24 8.1568 1.1718 -8.1568 8.9232 2.4691 -8.9232 10.6576 1.1718 -4.4144 4.4144 1.1718 -10.6576
5 24 8.9232 2.4691 -8.9232 9.192 4 -9.192 11.6592 2.4691 -4.8296 4.8296 2.4691 -11.6592
5 24 0 .3046 -9.9136 3.7936 .3046 -9.1592 0 1.1718 -11.5352 0 0 -8
5 24 0 1.1718 -11.5352 4.4144 1.1718 -10.6576 0 2.4691 -12.6192 0 .3046 -9.9136
5 24 0 2.4691 -12.6192 4.8296 2.4691 -11.6592 0 4 -13 0 1.1718 -11.5352
5 24 4.8296 2.4691 -11.6592 4.9752 4 -12.0104 8.9232 2.4691 -8.9232 0 2.4691 -12.6192
5 24 4.9752 4 -12.0104 9.192 4 -9.192 4.9752 5.657 -12.0104 4.8296 2.4691 -11.6592
5 24 0 4 -13 4.9752 4 -12.0104 0 5.657 -13 0 2.4691 -12.6192