0 ~Animal Dog Alsatian / German Shepherd Puppy Body Half
0 Name: s\2889s02.dat
0 Author: Philippe Hurbain [Philo]
0 !LDRAW_ORG Subpart UPDATE 2026-03
0 !LICENSE Licensed under CC BY 4.0 : see CAreadme.txt

0 BFC CERTIFY CCW

0 !HISTORY 2026-03-31 [OrionP] Official Update 2026-03

3 16 7.12 -24.15 8.9 7.919 -23.5259 8.0491 7.27 -21.74 9.88
3 16 7.27 -21.74 9.88 7.919 -23.5259 8.0491 7.9931 -21.1361 8.9192
3 16 7.919 -23.5259 8.0491 7.12 -24.15 8.9 7.89 -24.8 6.12
3 16 7.89 -24.8 6.12 7.12 -24.15 8.9 6.87 -25.85 6.57
3 16 6.87 -25.85 6.57 6.95 -26.28 2.23 7.89 -24.8 6.12
3 16 7.89 -24.8 6.12 6.95 -26.28 2.23 7.9085 -25.1776 1.7595
3 16 7.27 -21.74 9.88 7.9931 -21.1361 8.9192 7.44 -18.85 10.36
3 16 7.44 -18.85 10.36 7.9931 -21.1361 8.9192 8.0754 -18.5865 9.3793
3 16 7.44 -18.85 10.36 8.0754 -18.5865 9.3793 7.46 -16.11 10.8
3 16 7.46 -16.11 10.8 8.0754 -18.5865 9.3793 8.1587 -16.0073 9.8494
4 16 6.95 -26.28 2.23 6.83 -26.19 -2.4 7.9448 -24.9688 -2.3303 7.9085 -25.1776 1.7595
3 16 7.9448 -24.9688 -2.3303 6.83 -26.19 -2.4 7.9745 -24.8602 -5.96
3 16 7.9745 -24.8602 -5.96 6.83 -26.19 -2.4 6.74 -26.24 -6.93
3 16 7.9745 -24.8602 -5.96 6.74 -26.24 -6.93 8.01 -24.5 -9.23
3 16 8.01 -24.5 -9.23 6.74 -26.24 -6.93 6.94 -25.9 -9.22
3 16 6.18 -16.17 11.7 7.44 -18.85 10.36 7.46 -16.11 10.8
3 16 6.08 -19.25 11.4 7.44 -18.85 10.36 6.18 -16.17 11.7
3 16 6.08 -19.25 11.4 7.27 -21.74 9.88 7.44 -18.85 10.36
3 16 5.88 -22.38 10.77 7.27 -21.74 9.88 6.08 -19.25 11.4
3 16 5.88 -22.38 10.77 7.12 -24.15 8.9 7.27 -21.74 9.88
3 16 5.65 -24.64 9.64 7.12 -24.15 8.9 5.88 -22.38 10.77
3 16 7.12 -24.15 8.9 5.65 -24.64 9.64 6.87 -25.85 6.57
3 16 6.87 -25.85 6.57 5.65 -24.64 9.64 5.4 -26.53 6.83
4 16 5.4 -26.53 6.83 5.29 -27.02 2.79 6.95 -26.28 2.23 6.87 -25.85 6.57
3 16 5.11 -27.08 -2.72 6.95 -26.28 2.23 5.29 -27.02 2.79
3 16 6.83 -26.19 -2.4 6.95 -26.28 2.23 5.11 -27.08 -2.72
3 16 6.83 -26.19 -2.4 5.11 -27.08 -2.72 6.74 -26.24 -6.93
4 16 5.11 -27.08 -2.72 4.78 -27.21 -7.51 5.98 -26.59 -9.34 6.74 -26.24 -6.93
3 16 6.74 -26.24 -6.93 5.98 -26.59 -9.34 6.94 -25.9 -9.22
3 16 5.98 -26.59 -9.34 6.65 -25.59 -11.68 6.94 -25.9 -9.22
3 16 6.94 -25.9 -9.22 6.65 -25.59 -11.68 7.31 -24.54 -11.89
3 16 6.04 -23.93 -14.57 7.31 -24.54 -11.89 6.65 -25.59 -11.68
3 16 7.28 -22.62 -14.07 7.31 -24.54 -11.89 6.04 -23.93 -14.57
3 16 7.28 -22.62 -14.07 8.0567 -23.5916 -11.4897 7.31 -24.54 -11.89
3 16 8.1414 -21.5027 -13.5094 8.0567 -23.5916 -11.4897 7.28 -22.62 -14.07
3 16 7.28 -22.62 -14.07 7.4 -19.28 -15.48 8.1414 -21.5027 -13.5094
3 16 8.1414 -21.5027 -13.5094 7.4 -19.28 -15.48 8.2361 -18.9249 -14.639
3 16 7.34 -15.68 -15.61 8.2361 -18.9249 -14.639 7.4 -19.28 -15.48
3 16 8.3525 -15.4661 -14.6687 8.2361 -18.9249 -14.639 7.34 -15.68 -15.61
3 16 7.34 -15.68 -15.61 7.59 -12.2 -14.95 8.3525 -15.4661 -14.6687
3 16 8.3525 -15.4661 -14.6687 7.59 -12.2 -14.95 8.4628 -12.0965 -14.2586
3 16 7.59 -12.2 -14.95 8.24 -5.53 -15.66 8.4628 -12.0965 -14.2586
3 16 8.4628 -12.0965 -14.2586 8.24 -5.53 -15.66 8.69 -5.53 -15.18
3 16 6.04 -23.93 -14.57 6.3 -19.21 -16.4 7.28 -22.62 -14.07
3 16 7.28 -22.62 -14.07 6.3 -19.21 -16.4 7.4 -19.28 -15.48
3 16 7.4 -19.28 -15.48 6.3 -19.21 -16.4 7.34 -15.68 -15.61
3 16 7.34 -15.68 -15.61 6.3 -19.21 -16.4 6.23 -15.54 -16.31
3 16 7.59 -12.2 -14.95 7.34 -15.68 -15.61 6.53 -12.24 -15.68
3 16 6.53 -12.24 -15.68 7.34 -15.68 -15.61 6.23 -15.54 -16.31
3 16 6.53 -12.24 -15.68 7.49 -5.53 -16.03 7.59 -12.2 -14.95
3 16 7.59 -12.2 -14.95 7.49 -5.53 -16.03 8.24 -5.53 -15.66
3 16 8.01 -24.5 -9.23 7.31 -24.54 -11.89 8.0567 -23.5916 -11.4897
3 16 6.94 -25.9 -9.22 7.31 -24.54 -11.89 8.01 -24.5 -9.23
3 16 8.4556 -10.9635 -7.9392 8.6534 -5.3044 -9.0112 7.74 -10.34 -7.42
3 16 7.74 -10.34 -7.42 8.6534 -5.3044 -9.0112 8.4 -5.31 -8.51
3 16 8.6534 -5.3044 -9.0112 9.32 -4.2 -8.45 8.4 -5.31 -8.51
3 16 9.55 -4.19 -9.08 9.32 -4.2 -8.45 8.6534 -5.3044 -9.0112
3 16 9.55 -4.19 -9.08 9.32 0 -8.45 9.32 -4.2 -8.45
3 16 9.55 0 -9.14 9.32 0 -8.45 9.55 -4.19 -9.08
3 16 7.74 -10.34 -7.42 7.71 -12.02 -6.75 8.4556 -10.9635 -7.9392
3 16 8.4556 -10.9635 -7.9392 7.71 -12.02 -6.75 8.3802 -13.0417 -7.1696
3 16 9.32 -4.2 -8.45 9.32 0 -8.45 8.37 -4.14 -8.16
3 16 9.32 -4.2 -8.45 8.37 -4.14 -8.16 8.4 -5.31 -8.51
3 16 8.37 -4.14 -8.16 9.32 0 -8.45 8.67 0 -8.16
3 16 8.4 -5.31 -8.51 6.87 -9.74 -7.07 7.74 -10.34 -7.42
3 16 7.74 -5.31 -8.16 6.87 -9.74 -7.07 8.4 -5.31 -8.51
3 16 8.4 -5.31 -8.51 8.37 -4.14 -8.16 7.74 -5.31 -8.16
3 16 7.71 -12.02 -6.75 7.74 -10.34 -7.42 6.81 -11.03 -6.39
3 16 6.81 -11.03 -6.39 7.74 -10.34 -7.42 6.87 -9.74 -7.07
3 16 7.6 -11.93 -2.45 7.61 -12.07 -0.38 8.3567 -12.7416 -2.4697
3 16 8.3567 -12.7416 -2.4697 7.61 -12.07 -0.38 8.3274 -13.1509 -0.2998
3 16 8.3567 -12.7416 -2.4697 7.61 -11.82 -4.66 7.6 -11.93 -2.45
3 16 8.373 -12.7621 -4.8395 7.61 -11.82 -4.66 8.3567 -12.7416 -2.4697
3 16 7.61 -12.07 -0.38 7.65 -12.68 1.49 8.3274 -13.1509 -0.2998
3 16 8.3274 -13.1509 -0.2998 7.65 -12.68 1.49 8.2922 -13.7894 1.6199
3 16 8.373 -12.7621 -4.8395 7.71 -12.02 -6.75 7.61 -11.82 -4.66
3 16 8.3802 -13.0417 -7.1696 7.71 -12.02 -6.75 8.373 -12.7621 -4.8395
3 16 6.81 -11.03 -6.39 7.61 -11.82 -4.66 7.71 -12.02 -6.75
3 16 6.63 -10.83 -4.46 7.61 -11.82 -4.66 6.81 -11.03 -6.39
3 16 7.61 -11.82 -4.66 6.63 -10.83 -4.46 7.6 -11.93 -2.45
3 16 7.6 -11.93 -2.45 6.63 -10.83 -4.46 6.61 -10.73 -2.37
3 16 6.61 -10.73 -2.37 6.57 -11.1 -0.34 7.6 -11.93 -2.45
3 16 7.6 -11.93 -2.45 6.57 -11.1 -0.34 7.61 -12.07 -0.38
3 16 7.65 -12.68 1.49 7.61 -12.07 -0.38 6.69 -11.67 1.37
3 16 6.69 -11.67 1.37 7.61 -12.07 -0.38 6.57 -11.1 -0.34
3 16 9.08 -4.1 -17.6 9.55 -4.15 -16.71 8.24 -5.53 -15.66
3 16 8.24 -5.53 -15.66 9.55 -4.15 -16.71 8.69 -5.53 -15.18
3 16 7.49 -5.53 -16.03 9.08 -4.1 -17.6 8.24 -5.53 -15.66
3 16 8.11 -4.18 -18 9.08 -4.1 -17.6 7.49 -5.53 -16.03
3 16 9.1686 0.0034 -17.7607 9.55 0 -17.17 9.08 -4.1 -17.6
3 16 9.08 -4.1 -17.6 9.55 0 -17.17 9.55 -4.15 -16.71
3 16 9.1686 0.0034 -17.7607 9.08 -4.1 -17.6 8.41 0 -18
3 16 8.41 0 -18 9.08 -4.1 -17.6 8.11 -4.18 -18
4 16 7.9448 -24.9688 -2.3303 8.3274 -13.1509 -0.2998 8.2922 -13.7894 1.6199 7.9085 -25.1776 1.7595
4 16 8.373 -12.7621 -4.8395 8.3567 -12.7416 -2.4697 8.3274 -13.1509 -0.2998 7.9448 -24.9688 -2.3303
4 16 7.9448 -24.9688 -2.3303 7.9745 -24.8602 -5.96 8.3802 -13.0417 -7.1696 8.373 -12.7621 -4.8395
4 16 8.4556 -10.9635 -7.9392 8.3802 -13.0417 -7.1696 7.9745 -24.8602 -5.96 8.01 -24.5 -9.23
4 16 8.2922 -13.7894 1.6199 8.1587 -16.0073 9.8494 8.0754 -18.5865 9.3793 7.9085 -25.1776 1.7595
4 16 7.919 -23.5259 8.0491 7.9085 -25.1776 1.7595 8.0754 -18.5865 9.3793 7.9931 -21.1361 8.9192
3 16 7.9085 -25.1776 1.7595 7.919 -23.5259 8.0491 7.89 -24.8 6.12
4 16 8.0567 -23.5916 -11.4897 8.1414 -21.5027 -13.5094 8.2361 -18.9249 -14.639 8.01 -24.5 -9.23
4 16 8.2361 -18.9249 -14.639 8.3525 -15.4661 -14.6687 8.4628 -12.0965 -14.2586 8.01 -24.5 -9.23
4 16 8.01 -24.5 -9.23 8.4628 -12.0965 -14.2586 8.6534 -5.3044 -9.0112 8.4556 -10.9635 -7.9392
3 16 8.69 -5.53 -15.18 8.6534 -5.3044 -9.0112 8.4628 -12.0965 -14.2586
3 16 9.55 -4.15 -16.71 9.55 -4.19 -9.08 8.69 -5.53 -15.18
3 16 8.69 -5.53 -15.18 9.55 -4.19 -9.08 8.6534 -5.3044 -9.0112
4 16 9.55 -4.19 -9.08 9.55 -4.15 -16.71 9.55 0 -17.17 9.55 0 -9.14
4 16 2.48 -27.22 -2.72 5.11 -27.08 -2.72 5.29 -27.02 2.79 2.6 -27.17 2.79
3 16 5.29 -27.02 2.79 2.69 -26.79 6.91 2.6 -27.17 2.79
3 16 5.4 -26.53 6.83 2.69 -26.79 6.91 5.29 -27.02 2.79
3 16 2.48 -27.22 -2.72 2.6 -27.17 2.79 0 -27.31 -2.72
4 16 2.48 -27.22 -2.72 0 -27.31 -2.72 0 -27.53 -6.29 2.19 -27.47 -6.48
3 16 2.48 -27.22 -2.72 2.19 -27.47 -6.48 5.11 -27.08 -2.72
3 16 5.11 -27.08 -2.72 2.19 -27.47 -6.48 4.78 -27.21 -7.51
3 16 2.64 -12.36 -16.28 2.64 -5.53 -16.58 6.53 -12.24 -15.68
3 16 6.53 -12.24 -15.68 2.64 -5.53 -16.58 7.49 -5.53 -16.03
3 16 6.53 -12.24 -15.68 6.23 -15.54 -16.31 2.64 -12.36 -16.28
4 16 1.5 -13.67 -16.57 2.64 -12.36 -16.28 6.23 -15.54 -16.31 1.76 -14.52 -16.64
3 16 0 -14.13 -16.78 1.5 -13.67 -16.57 1.76 -14.52 -16.64
3 16 1.76 -14.52 -16.64 6.23 -15.54 -16.31 3.63 -16.58 -16.78
3 16 6.3 -19.21 -16.4 3.63 -16.58 -16.78 6.23 -15.54 -16.31
3 16 6.3 -19.21 -16.4 4.63 -19.33 -16.64 3.63 -16.58 -16.78
3 16 6.3 -19.21 -16.4 4.77 -22.16 -16.14 4.63 -19.33 -16.64
3 16 6.3 -19.21 -16.4 6.04 -23.93 -14.57 4.77 -22.16 -16.14
3 16 1.76 -14.52 -16.64 0 -15.37 -17.3 0 -14.13 -16.78
3 16 1.76 -14.52 -16.64 1.82 -15.83 -17.3 0 -15.37 -17.3
4 16 2.08 -17.19 -17.7 0 -17.21 -17.85 0 -15.37 -17.3 1.82 -15.83 -17.3
3 16 0 -19.45 -17.91 0 -17.21 -17.85 2.08 -17.19 -17.7
3 16 0 -19.45 -17.91 2.08 -17.19 -17.7 2.59 -19.27 -17.79
3 16 0 -21.79 -18 0 -19.45 -17.91 2.59 -19.27 -17.79
3 16 0 -21.79 -18 2.59 -19.27 -17.79 2.77 -21.81 -17.8
3 16 2.77 -21.81 -17.8 0 -23.36 -18.57 0 -21.79 -18
3 16 2.77 -21.81 -17.8 2.91 -23.47 -18.28 0 -23.36 -18.57
3 16 2.91 -23.47 -18.28 0 -24.36 -19.74 0 -23.36 -18.57
3 16 2.91 -23.47 -18.28 2.92 -24.59 -19.75 0 -24.36 -19.74
3 16 2.73 -25.01 -21.68 0 -24.36 -19.74 2.92 -24.59 -19.75
3 16 2.73 -25.01 -21.68 0 -24.67 -21.69 0 -24.36 -19.74
3 16 2.22 -25.05 -24.04 0 -24.67 -21.69 2.73 -25.01 -21.68
3 16 2.22 -25.05 -24.04 0 -24.72 -24.07 0 -24.67 -21.69
4 16 0 -24.72 -24.07 2.22 -25.05 -24.04 1.35 -25.13 -25.71 0 -24.96 -25.86
3 16 1.82 -15.83 -17.3 1.76 -14.52 -16.64 3.63 -16.58 -16.78
3 16 2.08 -17.19 -17.7 1.82 -15.83 -17.3 3.63 -16.58 -16.78
3 16 2.08 -17.19 -17.7 3.63 -16.58 -16.78 2.59 -19.27 -17.79
3 16 3.63 -16.58 -16.78 4.63 -19.33 -16.64 2.59 -19.27 -17.79
3 16 2.59 -19.27 -17.79 4.63 -19.33 -16.64 2.77 -21.81 -17.8
3 16 4.63 -19.33 -16.64 4.77 -22.16 -16.14 2.77 -21.81 -17.8
3 16 2.77 -21.81 -17.8 4.77 -22.16 -16.14 4.31 -24.19 -17.57
3 16 2.91 -23.47 -18.28 2.77 -21.81 -17.8 4.31 -24.19 -17.57
3 16 4.31 -24.19 -17.57 4.25 -25.21 -19.31 2.91 -23.47 -18.28
3 16 4.25 -25.21 -19.31 2.92 -24.59 -19.75 2.91 -23.47 -18.28
3 16 2.73 -25.01 -21.68 2.92 -24.59 -19.75 4.25 -25.21 -19.31
3 16 3.935 -26.25 -22.855 2.73 -25.01 -21.68 4.25 -25.21 -19.31
3 16 6.04 -23.93 -14.57 6.14 -25.53 -15.72 4.77 -22.16 -16.14
3 16 4.31 -24.19 -17.57 4.77 -22.16 -16.14 6.14 -25.53 -15.72
3 16 6.04 -23.93 -14.57 6.65 -25.59 -11.68 6.14 -25.53 -15.72
3 16 6.65 -25.59 -11.68 6.87 -27.38 -12.47 6.14 -25.53 -15.72
3 16 6.87 -27.38 -12.47 6.65 -25.59 -11.68 5.98 -26.59 -9.34
3 16 5.9 -28.6 -10.02 6.87 -27.38 -12.47 5.98 -26.59 -9.34
3 16 6.87 -27.38 -12.47 5.9 -28.6 -10.02 7.22 -29.32 -13.02
3 16 5.9 -28.6 -10.02 6.32 -30.43 -10.9 7.22 -29.32 -13.02
4 16 6.8 -31.84 -11.78 7.47 -31.11 -13.37 7.22 -29.32 -13.02 6.32 -30.43 -10.9
3 16 7.22 -29.32 -13.02 7.47 -31.11 -13.37 7.52 -30.21 -15.5
3 16 7.1 -27.95 -15.58 7.22 -29.32 -13.02 7.52 -30.21 -15.5
3 16 7.1 -27.95 -15.58 6.14 -25.53 -15.72 6.87 -27.38 -12.47
3 16 7.22 -29.32 -13.02 7.1 -27.95 -15.58 6.87 -27.38 -12.47
3 16 7.59 -33.49 -13.77 7.47 -31.11 -13.37 6.8 -31.84 -11.78
3 16 7.26 -33.78 -12.78 7.59 -33.49 -13.77 6.8 -31.84 -11.78
3 16 7.51 -33.04 -16.08 7.52 -30.21 -15.5 7.47 -31.11 -13.37
3 16 7.59 -33.49 -13.77 7.51 -33.04 -16.08 7.47 -31.11 -13.37
3 16 6.14 -25.53 -15.72 7.1 -27.95 -15.58 6.46 -27.49 -17.94
3 16 6.46 -27.49 -17.94 5.48 -26.26 -18.83 6.14 -25.53 -15.72
3 16 7.52 -30.21 -15.5 7.51 -33.04 -16.08 7.3 -30.43 -17.24
3 16 7.3 -30.43 -17.24 6.46 -27.49 -17.94 7.1 -27.95 -15.58
3 16 7.52 -30.21 -15.5 7.3 -30.43 -17.24 7.1 -27.95 -15.58
3 16 4.31 -24.19 -17.57 6.14 -25.53 -15.72 5.48 -26.26 -18.83
3 16 5.48 -26.26 -18.83 4.25 -25.21 -19.31 4.31 -24.19 -17.57
3 16 3.935 -26.25 -22.855 4.25 -25.21 -19.31 5.48 -26.26 -18.83
3 16 5.49 -27.91 -20.86 3.935 -26.25 -22.855 5.48 -26.26 -18.83
3 16 5.49 -27.91 -20.86 5.48 -26.26 -18.83 6.46 -27.49 -17.94
3 16 7.3 -30.43 -17.24 7.51 -33.04 -16.08 6.81 -31.71 -18.72
3 16 7.51 -33.04 -16.08 6.22 -36.07 -18.14 6.81 -31.71 -18.72
3 16 6.22 -36.07 -18.14 5.75 -33.59 -20.22 6.81 -31.71 -18.72
3 16 4.15 -35.31 -21.38 5.75 -33.59 -20.22 6.22 -36.07 -18.14
3 16 4.33 -38.03 -19.29 4.15 -35.31 -21.38 6.22 -36.07 -18.14
3 16 2.1 -36.38 -22.15 4.15 -35.31 -21.38 4.33 -38.03 -19.29
3 16 2.22 -38.6 -19.44 2.1 -36.38 -22.15 4.33 -38.03 -19.29
3 16 2.22 -38.6 -19.44 0 -38.57 -19.75 2.1 -36.38 -22.15
3 16 0 -38.57 -19.75 0 -36.62 -22.39 2.1 -36.38 -22.15
4 16 0 -25.87 -26.95 0 -24.96 -25.86 1.35 -25.13 -25.71 1.39 -26.01 -26.77
3 16 1.35 -25.13 -25.71 3.05 -26.36 -25.44 1.39 -26.01 -26.77
3 16 3.05 -26.36 -25.44 2.82 -27.03 -26.29 1.39 -26.01 -26.77
3 16 3.05 -26.36 -25.44 1.35 -25.13 -25.71 2.22 -25.05 -24.04
3 16 3.935 -26.25 -22.855 3.05 -26.36 -25.44 2.22 -25.05 -24.04
3 16 3.935 -26.25 -22.855 2.22 -25.05 -24.04 2.73 -25.01 -21.68
3 16 3.05 -26.36 -25.44 3.935 -26.25 -22.855 4.115 -28.27 -24.23
3 16 2.82 -27.03 -26.29 3.05 -26.36 -25.44 4.115 -28.27 -24.23
3 16 7.3 -30.43 -17.24 6.81 -31.71 -18.72 6.34 -29.64 -19.88
3 16 6.46 -27.49 -17.94 7.3 -30.43 -17.24 6.34 -29.64 -19.88
3 16 6.34 -29.64 -19.88 5.49 -27.91 -20.86 6.46 -27.49 -17.94
3 16 3.935 -26.25 -22.855 5.49 -27.91 -20.86 4.115 -28.27 -24.23
4 16 1.5 -13.67 -13 1.5 -13.67 -16.57 0 -14.13 -16.78 0 -14.13 -13
4 16 2.64 -12.36 -13 2.64 -12.36 -16.28 1.5 -13.67 -16.57 1.5 -13.67 -13
4 16 2.64 -5.53 -16.58 2.64 -12.36 -16.28 2.64 -12.36 -13 2.64 -5 -15.37
3 16 2.64 -5 -13 2.64 -5 -15.37 2.64 -12.36 -13
4 16 2.64 -5.53 -16.58 2.64 -5 -15.37 2.64 -1.9 -15.37 2.64 -4.23 -18
3 16 2.64 -4.23 -18 2.64 -1.9 -15.37 2.64 -1.9 -18
4 16 3.5 -18.25 -13 3.5 -5 -13 2.64 -5 -13 2.64 -12.36 -13
4 16 2.64 -12.36 -13 1.5 -13.67 -13 0 -29 -13 3.5 -18.25 -13
3 16 1.5 -13.67 -13 0 -14.13 -13 0 -29 -13
3 16 3.5 -29 -13 3.5 -18.25 -13 0 -29 -13
4 16 0 -22.5 -9.16 0 -22.5 3.49 3.5 -22.5 3.49 1.97 -22.5 -9.68
3 16 3.5 -22.5 3.49 3.5 -22.5 -11.05 1.97 -22.5 -9.68
3 16 3.5 -20.87 8.25 3.5 -22.5 3.49 0 -21.99 8.25
3 16 0 -22.5 3.49 0 -21.99 8.25 3.5 -22.5 3.49
4 16 3.5 -11.08 -4.56 3.5 -11.1 -6.54 3.5 -18.25 -13 3.5 -22.5 3.49
4 16 3.5 -11.08 -4.56 3.5 -22.5 3.49 3.5 -11.48 -0.16 3.5 -11.08 -2.39
4 16 3.5 -20.87 8.25 3.5 -11.72 1.47 3.5 -11.48 -0.16 3.5 -22.5 3.49
4 16 3.5 -11.1 -6.54 3.5 -9.57 -7.3 3.5 -5 -13 3.5 -18.25 -13
3 16 3.5 -5 -8.16 3.5 -5 -13 3.5 -9.57 -7.3
3 16 3.5 -22.5 3.49 3.5 -18.25 -13 3.5 -22.5 -11.05
4 16 3.5 -18.25 -13 3.5 -29 -13 3.5 -29 -10.9 3.5 -22.5 -11.05
3 16 6.3706 -5 -8.1365 6.87 -9.74 -7.07 7.74 -5.31 -8.16
3 16 6.87 -9.74 -7.07 6.3706 -5 -8.1365 3.5 -9.57 -7.3
3 16 6.87 -9.74 -7.07 3.5 -9.57 -7.3 3.5 -11.1 -6.54
3 16 6.81 -11.03 -6.39 6.87 -9.74 -7.07 3.5 -11.1 -6.54
3 16 6.3706 -5 -8.1365 3.5 -5 -8.16 3.5 -9.57 -7.3
4 16 7.74 -5.31 -8.16 8.37 -4.14 -8.16 6.3706 0 -8.1365 6.3706 -5 -8.1365
3 16 8.37 -4.14 -8.16 8.67 0 -8.16 6.3706 0 -8.1365
3 16 6.69 -11.67 1.37 6.57 -11.1 -0.34 3.5 -11.72 1.47
3 16 3.5 -11.48 -0.16 3.5 -11.72 1.47 6.57 -11.1 -0.34
4 16 3.5 -11.48 -0.16 6.57 -11.1 -0.34 6.61 -10.73 -2.37 3.5 -11.08 -2.39
3 16 6.61 -10.73 -2.37 6.63 -10.83 -4.46 3.5 -11.08 -2.39
3 16 6.63 -10.83 -4.46 3.5 -11.08 -4.56 3.5 -11.08 -2.39
3 16 3.5 -11.1 -6.54 3.5 -11.08 -4.56 6.63 -10.83 -4.46
3 16 6.81 -11.03 -6.39 3.5 -11.1 -6.54 6.63 -10.83 -4.46
3 16 3.5 -29 -10.9 1.97 -29 -9.68 1.97 -22.5 -9.68
3 16 3.5 -22.5 -11.05 3.5 -29 -10.9 1.97 -22.5 -9.68
1 16 0.985 -25.75 -9.42 -0.985 1 0 0 0 3.25 0.26 0 0 rect2p.dat
4 16 1.97 -29 -9.68 3.5 -29 -10.9 3.5 -29 -13 0 -29 -13
4 16 9.55 0 -9.14 9.55 0 -17.17 9.1686 0.0034 -17.7607 5.5434 0 -12.2962
4 16 5.5434 0 -12.2962 6.3706 0 -8.1365 9.32 0 -8.45 9.55 0 -9.14
3 16 9.32 0 -8.45 6.3706 0 -8.1365 8.67 0 -8.16
4 16 9.1686 0.0034 -17.7607 8.41 0 -18 4.2426 0 -18 5.5434 0 -12.2962
3 16 4.2426 0 -14.2426 5.5434 0 -12.2962 4.2426 0 -18
1 16 5.957 -2.5 -10.2163 0 1 0.41358 -2.5 0 0 0 0 2.07986 rect3.dat
1 16 4.893 -2.5 -13.2694 0.6504 1 0 0 0 2.5 0.9732 0 0 rect2p.dat
4 16 2.64 -5 -15.37 4.2426 -5 -14.2426 4.2426 0 -14.2426 2.64 -1.9 -15.37
4 16 2.64 -1.9 -18 2.64 -1.9 -15.37 4.2426 0 -14.2426 4.2426 0 -18
4 16 2.64 -1.9 -18 4.2426 0 -18 8.11 -4.18 -18 2.64 -4.23 -18
3 16 4.2426 0 -18 8.41 0 -18 8.11 -4.18 -18
3 16 2.64 -4.23 -18 8.11 -4.18 -18 7.49 -5.53 -16.03
3 16 2.64 -5.53 -16.58 2.64 -4.23 -18 7.49 -5.53 -16.03
4 16 2.64 -5 -15.37 2.64 -5 -13 3.5 -5 -13 4.2426 -5 -14.2426
4 16 6.3706 -5 -8.1365 5.5434 -5 -12.2962 4.2426 -5 -14.2426 3.5 -5 -13
3 16 3.5 -5 -8.16 6.3706 -5 -8.1365 3.5 -5 -13
3 16 4.78 -27.21 -7.51 4.38 -29.45 -8.42 5.9 -28.6 -10.02
3 16 5.98 -26.59 -9.34 4.78 -27.21 -7.51 5.9 -28.6 -10.02
3 16 4.38 -29.45 -8.42 4.78 -27.21 -7.51 2.19 -27.47 -6.48
3 16 2.29 -30.13 -7.68 4.38 -29.45 -8.42 2.19 -27.47 -6.48
3 16 5.9 -28.6 -10.02 4.38 -29.45 -8.42 6.32 -30.43 -10.9
3 16 4.38 -29.45 -8.42 4.54 -32.22 -9.36 6.32 -30.43 -10.9
4 16 2.62 -33.68 -8.94 4.54 -32.22 -9.36 4.38 -29.45 -8.42 2.29 -30.13 -7.68
3 16 0 -30.3 -7.44 2.29 -30.13 -7.68 2.19 -27.47 -6.48
3 16 0 -27.53 -6.29 0 -30.3 -7.44 2.19 -27.47 -6.48
4 16 2.62 -33.68 -8.94 2.29 -30.13 -7.68 0 -30.3 -7.44 0 -33.67 -8.62
3 16 6.32 -30.43 -10.9 4.54 -32.22 -9.36 5.66 -33.4 -10.68
3 16 6.8 -31.84 -11.78 6.32 -30.43 -10.9 5.66 -33.4 -10.68
3 16 7.26 -33.78 -12.78 6.8 -31.84 -11.78 5.66 -33.4 -10.68
3 16 7.26 -33.78 -12.78 5.66 -33.4 -10.68 5.16 -37.08 -12.19
3 16 5.66 -33.4 -10.68 4.01 -35.27 -10.23 5.16 -37.08 -12.19
3 16 5.66 -33.4 -10.68 4.54 -32.22 -9.36 4.01 -35.27 -10.23
3 16 4.54 -32.22 -9.36 2.62 -33.68 -8.94 4.01 -35.27 -10.23
3 16 4.01 -35.27 -10.23 2.62 -33.68 -8.94 1.73 -36.76 -10.45
3 16 2.62 -33.68 -8.94 0 -33.67 -8.62 1.73 -36.76 -10.45
3 16 0 -33.67 -8.62 0 -36.61 -10.22 1.73 -36.76 -10.45
3 16 2.79 -36.67 -10.59 4.01 -35.27 -10.23 1.73 -36.76 -10.45
3 16 4.01 -35.27 -10.23 2.79 -36.67 -10.59 5.16 -37.08 -12.19
3 16 2.79 -36.67 -10.59 2.87 -38.1 -11.79 5.16 -37.08 -12.19
3 16 2.79 -36.67 -10.59 1.73 -36.76 -10.45 2.87 -38.1 -11.79
3 16 2.92 -38.94 -12.9 5.16 -37.08 -12.19 2.87 -38.1 -11.79
3 16 2.92 -38.94 -12.9 2.87 -38.1 -11.79 1.57 -38.23 -11.97
3 16 1.73 -36.76 -10.45 1.57 -38.23 -11.97 2.87 -38.1 -11.79
3 16 1.36 -39.85 -14.24 2.92 -38.94 -12.9 1.57 -38.23 -11.97
3 16 1.36 -39.85 -14.24 1.57 -38.23 -11.97 0 -39.44 -13.38
3 16 1.57 -38.23 -11.97 0 -38.43 -11.98 0 -39.44 -13.38
3 16 1.73 -36.76 -10.45 0 -36.61 -10.22 0 -38.43 -11.98
3 16 1.57 -38.23 -11.97 1.73 -36.76 -10.45 0 -38.43 -11.98
3 16 5.1 -42.01 -14.71 3.92 -40.55 -13.81 2.51 -41.5 -14.89
3 16 3.63 -43.49 -15.86 5.1 -42.01 -14.71 2.51 -41.5 -14.89
3 16 2.51 -41.5 -14.89 3.92 -40.55 -13.81 1.36 -39.85 -14.24
3 16 3.92 -40.55 -13.81 2.92 -38.94 -12.9 1.36 -39.85 -14.24
4 16 5.16 -37.08 -12.19 2.92 -38.94 -12.9 3.92 -40.55 -13.81 6.02 -38.58 -13.03
3 16 6.02 -38.58 -13.03 8.37 -35.9 -13.25 5.16 -37.08 -12.19
3 16 8.37 -35.9 -13.25 7.26 -33.78 -12.78 5.16 -37.08 -12.19
4 16 6.02 -38.58 -13.03 3.92 -40.55 -13.81 5.1 -42.01 -14.71 6.57 -40.41 -14.03
3 16 8.92 -37.83 -13.78 8.37 -35.9 -13.25 6.02 -38.58 -13.03
4 16 8.82 -39.54 -14.47 8.92 -37.83 -13.78 6.02 -38.58 -13.03 6.57 -40.41 -14.03
3 16 5.1 -42.01 -14.71 7.81 -42.74 -15.83 6.57 -40.41 -14.03
3 16 7.81 -42.74 -15.83 8.5 -41.11 -15.22 6.57 -40.41 -14.03
3 16 8.5 -41.11 -15.22 8.82 -39.54 -14.47 6.57 -40.41 -14.03
3 16 5.1 -42.01 -14.71 6.8 -44.16 -16.34 7.81 -42.74 -15.83
3 16 5.53 -44.59 -16.44 6.8 -44.16 -16.34 5.1 -42.01 -14.71
3 16 5.1 -42.01 -14.71 4.44 -44.48 -16.43 5.53 -44.59 -16.44
3 16 3.63 -43.49 -15.86 4.44 -44.48 -16.43 5.1 -42.01 -14.71
3 16 3.63 -43.49 -15.86 2.51 -41.5 -14.89 2.74 -40.9 -18.83
3 16 3.8 -43.17 -18.59 3.63 -43.49 -15.86 2.74 -40.9 -18.83
4 16 1.36 -39.85 -14.24 1.53 -38.98 -18.98 2.74 -40.9 -18.83 2.51 -41.5 -14.89
3 16 4.44 -44.48 -16.43 3.63 -43.49 -15.86 3.8 -43.17 -18.59
3 16 4.73 -44.2 -18.35 4.44 -44.48 -16.43 3.8 -43.17 -18.59
3 16 4.44 -44.48 -16.43 4.73 -44.2 -18.35 5.53 -44.59 -16.44
3 16 4.73 -44.2 -18.35 5.65 -44.27 -18.2 5.53 -44.59 -16.44
3 16 6.8 -44.16 -16.34 5.53 -44.59 -16.44 5.65 -44.27 -18.2
3 16 7.04 -43.72 -17.94 6.8 -44.16 -16.34 5.65 -44.27 -18.2
3 16 7.81 -42.74 -15.83 6.8 -44.16 -16.34 7.04 -43.72 -17.94
3 16 8.09 -42.18 -17.44 7.81 -42.74 -15.83 7.04 -43.72 -17.94
3 16 7.81 -42.74 -15.83 8.09 -42.18 -17.44 8.5 -41.11 -15.22
3 16 8.09 -42.18 -17.44 8.67 -40.59 -17.03 8.5 -41.11 -15.22
3 16 8.67 -40.59 -17.03 9.07 -38.98 -16.44 8.5 -41.11 -15.22
3 16 9.07 -38.98 -16.44 8.82 -39.54 -14.47 8.5 -41.11 -15.22
3 16 8.82 -39.54 -14.47 9.07 -38.98 -16.44 8.92 -37.83 -13.78
3 16 9.07 -38.98 -16.44 9.05 -36.95 -16.15 8.92 -37.83 -13.78
3 16 8.37 -35.9 -13.25 8.92 -37.83 -13.78 9.05 -36.95 -16.15
3 16 8.44 -35.15 -16.09 8.37 -35.9 -13.25 9.05 -36.95 -16.15
3 16 8.37 -35.9 -13.25 8.44 -35.15 -16.09 7.59 -33.49 -13.77
3 16 8.44 -35.15 -16.09 7.51 -33.04 -16.08 7.59 -33.49 -13.77
3 16 8.37 -35.9 -13.25 7.59 -33.49 -13.77 7.26 -33.78 -12.78
3 16 5.36 -39.47 -18.9 2.74 -40.9 -18.83 2.22 -38.6 -19.44
3 16 4.33 -38.03 -19.29 5.36 -39.47 -18.9 2.22 -38.6 -19.44
4 16 7.66 -38.81 -17.72 5.36 -39.47 -18.9 4.33 -38.03 -19.29 7.04 -37.81 -17.93
3 16 6.22 -36.07 -18.14 7.04 -37.81 -17.93 4.33 -38.03 -19.29
3 16 7.04 -37.81 -17.93 6.22 -36.07 -18.14 8.44 -35.15 -16.09
3 16 6.22 -36.07 -18.14 7.51 -33.04 -16.08 8.44 -35.15 -16.09
3 16 1.53 -38.98 -18.98 2.22 -38.6 -19.44 2.74 -40.9 -18.83
3 16 5.36 -39.47 -18.9 6.27 -40.88 -18.58 2.74 -40.9 -18.83
3 16 6.27 -40.88 -18.58 3.8 -43.17 -18.59 2.74 -40.9 -18.83
3 16 6.27 -40.88 -18.58 5.36 -39.47 -18.9 7.66 -38.81 -17.72
3 16 9.05 -36.95 -16.15 7.66 -38.81 -17.72 7.04 -37.81 -17.93
3 16 8.44 -35.15 -16.09 9.05 -36.95 -16.15 7.04 -37.81 -17.93
3 16 9.05 -36.95 -16.15 9.07 -38.98 -16.44 7.66 -38.81 -17.72
3 16 7.66 -38.81 -17.72 8.67 -40.59 -17.03 6.27 -40.88 -18.58
3 16 7.66 -38.81 -17.72 9.07 -38.98 -16.44 8.67 -40.59 -17.03
3 16 8.67 -40.59 -17.03 8.09 -42.18 -17.44 6.27 -40.88 -18.58
3 16 6.27 -40.88 -18.58 4.73 -44.2 -18.35 3.8 -43.17 -18.59
3 16 5.65 -44.27 -18.2 4.73 -44.2 -18.35 6.27 -40.88 -18.58
3 16 5.65 -44.27 -18.2 6.27 -40.88 -18.58 7.04 -43.72 -17.94
3 16 6.27 -40.88 -18.58 8.09 -42.18 -17.44 7.04 -43.72 -17.94
3 16 0 -39.44 -13.38 0 -38.73 -18.6 1.36 -39.85 -14.24
3 16 0 -38.73 -18.6 1.53 -38.98 -18.98 1.36 -39.85 -14.24
3 16 1.53 -38.98 -18.98 0 -38.73 -18.6 0 -38.57 -19.75
3 16 2.22 -38.6 -19.44 1.53 -38.98 -18.98 0 -38.57 -19.75
2 24 7.919 -23.5259 8.0491 7.9931 -21.1361 8.9192
2 24 7.89 -24.8 6.12 7.919 -23.5259 8.0491
2 24 7.9085 -25.1776 1.7595 7.89 -24.8 6.12
2 24 7.9931 -21.1361 8.9192 8.0754 -18.5865 9.3793
2 24 8.0754 -18.5865 9.3793 8.1587 -16.0073 9.8494
2 24 7.9448 -24.9688 -2.3303 7.9085 -25.1776 1.7595
2 24 7.9745 -24.8602 -5.96 7.9448 -24.9688 -2.3303
2 24 8.01 -24.5 -9.23 7.9745 -24.8602 -5.96
2 24 5.4 -26.53 6.83 5.29 -27.02 2.79
2 24 5.29 -27.02 2.79 5.11 -27.08 -2.72
2 24 5.11 -27.08 -2.72 4.78 -27.21 -7.51
2 24 4.78 -27.21 -7.51 5.98 -26.59 -9.34
2 24 5.98 -26.59 -9.34 6.65 -25.59 -11.68
2 24 6.65 -25.59 -11.68 6.04 -23.93 -14.57
2 24 8.1414 -21.5027 -13.5094 8.0567 -23.5916 -11.4897
2 24 8.2361 -18.9249 -14.639 8.1414 -21.5027 -13.5094
2 24 8.3525 -15.4661 -14.6687 8.2361 -18.9249 -14.639
2 24 8.4628 -12.0965 -14.2586 8.3525 -15.4661 -14.6687
2 24 8.24 -5.53 -15.66 8.69 -5.53 -15.18
2 24 8.69 -5.53 -15.18 8.4628 -12.0965 -14.2586
2 24 6.04 -23.93 -14.57 6.3 -19.21 -16.4
2 24 6.3 -19.21 -16.4 6.23 -15.54 -16.31
2 24 6.23 -15.54 -16.31 6.53 -12.24 -15.68
2 24 6.53 -12.24 -15.68 7.49 -5.53 -16.03
2 24 7.49 -5.53 -16.03 8.24 -5.53 -15.66
2 24 8.0567 -23.5916 -11.4897 8.01 -24.5 -9.23
2 24 8.4556 -10.9635 -7.9392 8.6534 -5.3044 -9.0112
2 24 8.6534 -5.3044 -9.0112 9.55 -4.19 -9.08
2 24 9.55 -4.19 -9.08 9.55 0 -9.14
2 24 9.55 0 -9.14 9.32 0 -8.45
2 24 7.71 -12.02 -6.75 8.3802 -13.0417 -7.1696
2 24 8.3802 -13.0417 -7.1696 8.4556 -10.9635 -7.9392
2 24 9.32 0 -8.45 8.67 0 -8.16
2 24 8.67 0 -8.16 8.37 -4.14 -8.16
2 24 7.74 -5.31 -8.16 6.87 -9.74 -7.07
2 24 8.37 -4.14 -8.16 7.74 -5.31 -8.16
2 24 6.81 -11.03 -6.39 7.71 -12.02 -6.75
2 24 6.87 -9.74 -7.07 6.81 -11.03 -6.39
2 24 8.3274 -13.1509 -0.2998 8.3567 -12.7416 -2.4697
2 24 8.3567 -12.7416 -2.4697 8.373 -12.7621 -4.8395
2 24 8.2922 -13.7894 1.6199 8.3274 -13.1509 -0.2998
2 24 8.373 -12.7621 -4.8395 8.3802 -13.0417 -7.1696
2 24 6.81 -11.03 -6.39 6.63 -10.83 -4.46
2 24 6.63 -10.83 -4.46 6.61 -10.73 -2.37
2 24 6.61 -10.73 -2.37 6.57 -11.1 -0.34
2 24 6.57 -11.1 -0.34 6.69 -11.67 1.37
2 24 9.08 -4.1 -17.6 9.55 -4.15 -16.71
2 24 9.55 -4.15 -16.71 8.69 -5.53 -15.18
2 24 7.49 -5.53 -16.03 8.11 -4.18 -18
2 24 8.11 -4.18 -18 9.08 -4.1 -17.6
2 24 9.1686 0.0034 -17.7607 9.55 0 -17.17
2 24 9.55 0 -17.17 9.55 -4.15 -16.71
2 24 8.41 0 -18 9.1686 0.0034 -17.7607
2 24 8.11 -4.18 -18 8.41 0 -18
2 24 8.69 -5.53 -15.18 8.6534 -5.3044 -9.0112
2 24 9.55 -4.15 -16.71 9.55 -4.19 -9.08
2 24 9.55 0 -17.17 9.55 0 -9.14
2 24 0 -27.53 -6.29 2.19 -27.47 -6.48
2 24 2.19 -27.47 -6.48 4.78 -27.21 -7.51
2 24 2.64 -12.36 -16.28 2.64 -5.53 -16.58
2 24 2.64 -5.53 -16.58 7.49 -5.53 -16.03
2 24 1.5 -13.67 -16.57 2.64 -12.36 -16.28
2 24 0 -14.13 -16.78 1.5 -13.67 -16.57
2 24 1.76 -14.52 -16.64 0 -14.13 -16.78
2 24 3.63 -16.58 -16.78 1.76 -14.52 -16.64
2 24 4.63 -19.33 -16.64 3.63 -16.58 -16.78
2 24 4.77 -22.16 -16.14 4.63 -19.33 -16.64
2 24 6.04 -23.93 -14.57 4.77 -22.16 -16.14
2 24 1.76 -14.52 -16.64 1.82 -15.83 -17.3
2 24 1.82 -15.83 -17.3 2.08 -17.19 -17.7
2 24 2.08 -17.19 -17.7 2.59 -19.27 -17.79
2 24 2.59 -19.27 -17.79 2.77 -21.81 -17.8
2 24 2.77 -21.81 -17.8 2.91 -23.47 -18.28
2 24 2.91 -23.47 -18.28 2.92 -24.59 -19.75
2 24 2.92 -24.59 -19.75 2.73 -25.01 -21.68
2 24 2.73 -25.01 -21.68 2.22 -25.05 -24.04
2 24 2.22 -25.05 -24.04 1.35 -25.13 -25.71
2 24 1.35 -25.13 -25.71 0 -24.96 -25.86
2 24 7.26 -33.78 -12.78 7.59 -33.49 -13.77
2 24 7.59 -33.49 -13.77 7.51 -33.04 -16.08
2 24 7.51 -33.04 -16.08 6.22 -36.07 -18.14
2 24 6.22 -36.07 -18.14 4.33 -38.03 -19.29
2 24 4.33 -38.03 -19.29 2.22 -38.6 -19.44
2 24 0 -14.13 -13 1.5 -13.67 -13
2 24 1.5 -13.67 -13 2.64 -12.36 -13
2 24 2.64 -12.36 -13 2.64 -5 -13
2 24 2.64 -5 -13 2.64 -5 -15.37
2 24 2.64 -4.23 -18 2.64 -5.53 -16.58
2 24 2.64 -5 -15.37 2.64 -1.9 -15.37
2 24 2.64 -1.9 -18 2.64 -4.23 -18
2 24 2.64 -1.9 -15.37 2.64 -1.9 -18
2 24 3.5 -18.25 -13 3.5 -5 -13
2 24 3.5 -5 -13 2.64 -5 -13
2 24 3.5 -29 -13 3.5 -18.25 -13
2 24 0 -29 -13 3.5 -29 -13
2 24 3.5 -22.5 3.49 3.5 -22.5 -11.05
2 24 3.5 -22.5 -11.05 1.97 -22.5 -9.68
2 24 3.5 -20.87 8.25 3.5 -22.5 3.49
2 24 3.5 -11.08 -4.56 3.5 -11.1 -6.54
2 24 3.5 -11.08 -2.39 3.5 -11.08 -4.56
2 24 3.5 -11.48 -0.16 3.5 -11.08 -2.39
2 24 3.5 -11.72 1.47 3.5 -11.48 -0.16
2 24 3.5 -11.1 -6.54 3.5 -9.57 -7.3
2 24 3.5 -9.57 -7.3 3.5 -5 -8.16
2 24 3.5 -5 -8.16 3.5 -5 -13
2 24 3.5 -29 -13 3.5 -29 -10.9
2 24 3.5 -29 -10.9 3.5 -22.5 -11.05
2 24 3.5 -11.1 -6.54 6.81 -11.03 -6.39
2 24 6.3706 -5 -8.1365 3.5 -5 -8.16
2 24 8.67 0 -8.16 6.3706 0 -8.1365
2 24 3.5 -29 -10.9 1.97 -29 -9.68
2 24 8.41 0 -18 4.2426 0 -18
2 24 4.2426 0 -18 4.2426 0 -14.2426
2 24 4.2426 0 -14.2426 2.64 -1.9 -15.37
2 24 2.64 -5 -15.37 4.2426 -5 -14.2426
2 24 4.2426 0 -18 2.64 -1.9 -18
2 24 8.11 -4.18 -18 2.64 -4.23 -18
2 24 5.16 -37.08 -12.19 7.26 -33.78 -12.78
2 24 2.92 -38.94 -12.9 5.16 -37.08 -12.19
2 24 1.36 -39.85 -14.24 2.92 -38.94 -12.9
2 24 2.51 -41.5 -14.89 3.63 -43.49 -15.86
2 24 1.36 -39.85 -14.24 2.51 -41.5 -14.89
2 24 8.37 -35.9 -13.25 7.26 -33.78 -12.78
2 24 8.92 -37.83 -13.78 8.37 -35.9 -13.25
2 24 7.81 -42.74 -15.83 8.5 -41.11 -15.22
2 24 8.5 -41.11 -15.22 8.82 -39.54 -14.47
2 24 8.82 -39.54 -14.47 8.92 -37.83 -13.78
2 24 6.8 -44.16 -16.34 7.81 -42.74 -15.83
2 24 5.53 -44.59 -16.44 6.8 -44.16 -16.34
2 24 4.44 -44.48 -16.43 5.53 -44.59 -16.44
2 24 3.63 -43.49 -15.86 4.44 -44.48 -16.43
2 24 2.74 -40.9 -18.83 3.8 -43.17 -18.59
2 24 1.53 -38.98 -18.98 2.74 -40.9 -18.83
2 24 1.36 -39.85 -14.24 1.53 -38.98 -18.98
2 24 3.8 -43.17 -18.59 4.73 -44.2 -18.35
2 24 4.73 -44.2 -18.35 5.65 -44.27 -18.2
2 24 5.65 -44.27 -18.2 7.04 -43.72 -17.94
2 24 7.04 -43.72 -17.94 8.09 -42.18 -17.44
2 24 8.09 -42.18 -17.44 8.67 -40.59 -17.03
2 24 8.67 -40.59 -17.03 9.07 -38.98 -16.44
2 24 9.07 -38.98 -16.44 9.05 -36.95 -16.15
2 24 9.05 -36.95 -16.15 8.44 -35.15 -16.09
2 24 8.44 -35.15 -16.09 7.51 -33.04 -16.08
2 24 1.53 -38.98 -18.98 2.22 -38.6 -19.44

4 16 0 -26.85 7.02 0 -27.21 2.79 2.6 -27.17 2.79 2.69 -26.79 6.91
3 16 0 -27.21 2.79 0 -27.31 -2.72 2.6 -27.17 2.79
3 16 0 -29 -9.16 1.97 -29 -9.68 0 -29 -13

0 // 3 5 7.1330559950077014036984253498095 -40.291955347142362085170527027709 39.134480895188136419860759307373 7.5380560148668046924273380436704 -39.279455347809628633381605668399 -12.671769104669654284770942578973 9.8330561482972860140648355791522 24.744294647707102640776016114222 -32.753019103714170320891653299838
5 24 1.885 -31.23 -25.66 1.62 -29.82 -27.26 0 -30.11 -27.33 3.355 -29.985 -25.145
5 24 3.05 -26.36 -25.44 2.82 -27.03 -26.29 4.115 -28.27 -24.23 1.39 -26.01 -26.77
5 24 3.355 -29.985 -25.145 1.885 -31.23 -25.66 1.62 -29.82 -27.26 3.7 -31.66 -23.49
5 24 6.57 -11.1 -0.34 7.6 -11.93 -2.45 6.61 -10.73 -2.37 7.61 -12.07 -0.38
5 24 1.76 -14.52 -16.64 0 -15.37 -17.3 0 -14.13 -16.78 1.82 -15.83 -17.3
5 24 6.08 -19.25 11.4 7.27 -21.74 9.88 7.44 -18.85 10.36 5.88 -22.38 10.77
5 24 9.05 -36.95 -16.15 7.66 -38.81 -17.72 7.04 -37.81 -17.93 9.07 -38.98 -16.44
5 24 7.9931 -21.1361 8.9192 7.27 -21.74 9.88 7.44 -18.85 10.36 7.919 -23.5259 8.0491
5 24 0 -38.73 -18.6 1.36 -39.85 -14.24 1.53 -38.98 -18.98 0 -39.44 -13.38
5 24 6.63 -10.83 -4.46 3.5 -11.08 -2.39 6.61 -10.73 -2.37 3.5 -11.08 -4.56
5 24 4.73 -44.2 -18.35 4.44 -44.48 -16.43 3.8 -43.17 -18.59 5.53 -44.59 -16.44
5 24 5.65 -44.27 -18.2 5.53 -44.59 -16.44 6.8 -44.16 -16.34 4.73 -44.2 -18.35
5 24 7.51 -33.04 -16.08 7.52 -30.21 -15.5 7.47 -31.11 -13.37 7.3 -30.43 -17.24
5 24 7.74 -5.31 -8.16 6.3706 -5 -8.1365 6.87 -9.74 -7.07 8.37 -4.14 -8.16
5 24 1.92 -32.69 -23.96 1.885 -31.23 -25.66 0 -32.97 -24 3.7 -31.66 -23.49
5 24 6.57 -40.41 -14.03 6.02 -38.58 -13.03 8.82 -39.54 -14.47 3.92 -40.55 -13.81
5 24 2.62 -33.68 -8.94 0 -33.67 -8.62 1.73 -36.76 -10.45 2.29 -30.13 -7.68
5 24 7.46 -16.11 10.8 7.44 -18.85 10.36 8.0754 -18.5865 9.3793 6.18 -16.17 11.7
5 24 8.373 -12.7621 -4.8395 7.71 -12.02 -6.75 7.61 -11.82 -4.66 8.3802 -13.0417 -7.1696
5 24 2.04 -34.29 -23.14 2.1 -36.38 -22.15 0 -34.54 -23.28 4.15 -35.31 -21.38
5 24 8.37 -4.14 -8.16 8.4 -5.31 -8.51 7.74 -5.31 -8.16 9.32 -4.2 -8.45
5 24 8.24 -5.53 -15.66 9.08 -4.1 -17.6 9.55 -4.15 -16.71 7.49 -5.53 -16.03
5 24 7.12 -24.15 8.9 6.87 -25.85 6.57 5.65 -24.64 9.64 7.89 -24.8 6.12
5 24 5.88 -22.38 10.77 7.12 -24.15 8.9 5.65 -24.64 9.64 7.27 -21.74 9.88
5 24 2.79 -36.67 -10.59 2.87 -38.1 -11.79 5.16 -37.08 -12.19 1.73 -36.76 -10.45
5 24 4.38 -29.45 -8.42 6.32 -30.43 -10.9 5.9 -28.6 -10.02 4.54 -32.22 -9.36
5 24 0 -32.97 -24 1.92 -32.69 -23.96 0 -31.56 -25.65 2.04 -34.29 -23.14
5 24 6.04 -23.93 -14.57 7.28 -22.62 -14.07 7.31 -24.54 -11.89 6.3 -19.21 -16.4
5 24 5.66 -33.4 -10.68 6.32 -30.43 -10.9 6.8 -31.84 -11.78 4.54 -32.22 -9.36
5 24 4.94 -29.97 -22.45 5.39 -31.64 -21.38 3.7 -31.66 -23.49 6.34 -29.64 -19.88
5 24 2.73 -25.01 -21.68 3.935 -26.25 -22.855 2.22 -25.05 -24.04 4.25 -25.21 -19.31
5 24 5.98 -26.59 -9.34 6.94 -25.9 -9.22 6.74 -26.24 -6.93 6.65 -25.59 -11.68
5 24 7.61 -12.07 -0.38 7.65 -12.68 1.49 8.3274 -13.1509 -0.2998 6.69 -11.67 1.37
5 24 5.11 -27.08 -2.72 2.48 -27.22 -2.72 5.29 -27.02 2.79 2.19 -27.47 -6.48
5 24 2.51 -41.5 -14.89 2.74 -40.9 -18.83 3.63 -43.49 -15.86 1.36 -39.85 -14.24
5 24 6.63 -10.83 -4.46 7.6 -11.93 -2.45 6.61 -10.73 -2.37 7.61 -11.82 -4.66
5 24 4.31 -24.19 -17.57 2.91 -23.47 -18.28 2.77 -21.81 -17.8 4.25 -25.21 -19.31
5 24 2.19 -27.47 -6.48 2.29 -30.13 -7.68 0 -30.3 -7.44 4.38 -29.45 -8.42
5 24 2.73 -25.01 -21.68 0 -24.36 -19.74 2.92 -24.59 -19.75 0 -24.67 -21.69
5 24 5.16 -37.08 -12.19 6.02 -38.58 -13.03 8.37 -35.9 -13.25 2.92 -38.94 -12.9
5 24 7.9931 -21.1361 8.9192 7.44 -18.85 10.36 8.0754 -18.5865 9.3793 7.27 -21.74 9.88
5 24 6.57 -11.1 -0.34 3.5 -11.72 1.47 6.69 -11.67 1.37 3.5 -11.48 -0.16
5 24 6.18 -16.17 11.7 7.44 -18.85 10.36 6.08 -19.25 11.4 7.46 -16.11 10.8
5 24 2.64 -5.53 -16.58 6.53 -12.24 -15.68 7.49 -5.53 -16.03 2.64 -12.36 -16.28
5 24 7.49 -5.53 -16.03 2.64 -4.23 -18 8.11 -4.18 -18 2.64 -5.53 -16.58
5 24 3.355 -29.985 -25.145 3.7 -31.66 -23.49 1.885 -31.23 -25.66 4.94 -29.97 -22.45
5 24 6.83 -26.19 -2.4 7.9745 -24.8602 -5.96 7.9448 -24.9688 -2.3303 6.74 -26.24 -6.93
5 24 7.28 -22.62 -14.07 8.0567 -23.5916 -11.4897 8.1414 -21.5027 -13.5094 7.31 -24.54 -11.89
5 24 4.115 -28.27 -24.23 3.05 -26.36 -25.44 2.82 -27.03 -26.29 3.935 -26.25 -22.855
5 24 1.62 -29.82 -27.26 3.355 -29.985 -25.145 2.52 -28.37 -26.95 1.885 -31.23 -25.66
5 24 1.39 -26.01 -26.77 1.35 -25.13 -25.71 0 -25.87 -26.95 3.05 -26.36 -25.44
5 24 3.935 -26.25 -22.855 5.49 -27.91 -20.86 4.115 -28.27 -24.23 5.48 -26.26 -18.83
5 24 2.73 -25.01 -21.68 0 -24.67 -21.69 2.22 -25.05 -24.04 0 -24.36 -19.74
5 24 2.87 -38.1 -11.79 2.92 -38.94 -12.9 1.57 -38.23 -11.97 5.16 -37.08 -12.19
5 24 1.43 -27.46 -27.61 0 -29.01 -28.11 0 -27.29 -27.89 1.33 -29.2 -27.77
5 24 7.59 -12.2 -14.95 8.3525 -15.4661 -14.6687 7.34 -15.68 -15.61 8.4628 -12.0965 -14.2586
5 24 2.62 -33.68 -8.94 1.73 -36.76 -10.45 0 -33.67 -8.62 4.01 -35.27 -10.23
5 24 3.5 -22.5 3.49 0 -22.5 3.49 1.97 -22.5 -9.68 0 -21.99 8.25
5 24 4.33 -38.03 -19.29 4.15 -35.31 -21.38 6.22 -36.07 -18.14 2.1 -36.38 -22.15
5 24 2.29 -30.13 -7.68 2.62 -33.68 -8.94 0 -30.3 -7.44 4.54 -32.22 -9.36
5 24 2.52 -28.37 -26.95 3.355 -29.985 -25.145 4.115 -28.27 -24.23 1.62 -29.82 -27.26
5 24 7.71 -12.02 -6.75 7.61 -11.82 -4.66 6.81 -11.03 -6.39 8.373 -12.7621 -4.8395
5 24 0 -34.54 -23.28 2.04 -34.29 -23.14 2.1 -36.38 -22.15 0 -32.97 -24
5 24 6.3 -19.21 -16.4 4.63 -19.33 -16.64 4.77 -22.16 -16.14 3.63 -16.58 -16.78
5 24 7.26 -33.78 -12.78 6.8 -31.84 -11.78 7.59 -33.49 -13.77 5.66 -33.4 -10.68
5 24 9.55 -4.19 -9.08 9.32 0 -8.45 9.32 -4.2 -8.45 9.55 0 -9.14
5 24 7.3 -30.43 -17.24 6.81 -31.71 -18.72 6.34 -29.64 -19.88 7.51 -33.04 -16.08
5 24 8.4 -5.31 -8.51 7.74 -10.34 -7.42 8.6534 -5.3044 -9.0112 6.87 -9.74 -7.07
5 24 8.6534 -5.3044 -9.0112 7.74 -10.34 -7.42 8.4556 -10.9635 -7.9392 8.4 -5.31 -8.51
5 24 5.48 -26.26 -18.83 6.14 -25.53 -15.72 4.31 -24.19 -17.57 6.46 -27.49 -17.94
5 24 8.3567 -12.7416 -2.4697 7.61 -11.82 -4.66 7.6 -11.93 -2.45 8.373 -12.7621 -4.8395
5 24 9.08 -4.1 -17.6 9.1686 0.0034 -17.7607 9.55 0 -17.17 8.41 0 -18
5 24 5.9 -28.6 -10.02 6.87 -27.38 -12.47 5.98 -26.59 -9.34 7.22 -29.32 -13.02
5 24 6.46 -27.49 -17.94 6.14 -25.53 -15.72 7.1 -27.95 -15.58 5.48 -26.26 -18.83
5 24 5.9 -28.6 -10.02 4.78 -27.21 -7.51 5.98 -26.59 -9.34 4.38 -29.45 -8.42
5 24 6.8 -31.84 -11.78 6.32 -30.43 -10.9 7.47 -31.11 -13.37 5.66 -33.4 -10.68
5 24 6.32 -30.43 -10.9 5.9 -28.6 -10.02 4.38 -29.45 -8.42 7.22 -29.32 -13.02
5 24 3.5 -22.5 3.49 0 -21.99 8.25 0 -22.5 3.49 3.5 -20.87 8.25
5 24 6.3706 -5 -8.1365 6.87 -9.74 -7.07 7.74 -5.31 -8.16 3.5 -9.57 -7.3
5 24 1.73 -36.76 -10.45 2.79 -36.67 -10.59 2.87 -38.1 -11.79 4.01 -35.27 -10.23
5 24 7.47 -31.11 -13.37 7.52 -30.21 -15.5 7.51 -33.04 -16.08 7.22 -29.32 -13.02
5 24 7.74 -10.34 -7.42 7.71 -12.02 -6.75 6.81 -11.03 -6.39 8.4556 -10.9635 -7.9392
5 24 0 -27.31 -2.72 2.6 -27.17 2.79 0 -27.21 2.79 2.48 -27.22 -2.72
5 24 6.57 -11.1 -0.34 3.5 -11.48 -0.16 6.61 -10.73 -2.37 3.5 -11.72 1.47
5 24 5.1 -42.01 -14.71 4.44 -44.48 -16.43 5.53 -44.59 -16.44 3.63 -43.49 -15.86
5 24 3.63 -43.49 -15.86 5.1 -42.01 -14.71 2.51 -41.5 -14.89 4.44 -44.48 -16.43
5 24 7.74 -10.34 -7.42 8.4556 -10.9635 -7.9392 8.6534 -5.3044 -9.0112 7.71 -12.02 -6.75
5 24 2.59 -19.27 -17.79 0 -19.45 -17.91 0 -21.79 -18 2.08 -17.19 -17.7
5 24 7.51 -33.04 -16.08 7.3 -30.43 -17.24 6.81 -31.71 -18.72 7.52 -30.21 -15.5
5 24 2.91 -23.47 -18.28 0 -23.36 -18.57 2.77 -21.81 -17.8 0 -24.36 -19.74
5 24 3.8 -43.17 -18.59 3.63 -43.49 -15.86 2.74 -40.9 -18.83 4.44 -44.48 -16.43
5 24 8.09 -42.18 -17.44 7.81 -42.74 -15.83 7.04 -43.72 -17.94 8.5 -41.11 -15.22
5 24 7.66 -38.81 -17.72 7.04 -37.81 -17.93 9.05 -36.95 -16.15 5.36 -39.47 -18.9
5 24 6.94 -25.9 -9.22 8.01 -24.5 -9.23 7.31 -24.54 -11.89 6.74 -26.24 -6.93
5 24 6.3706 -5 -8.1365 3.5 -9.57 -7.3 3.5 -5 -8.16 6.87 -9.74 -7.07
5 24 6.02 -38.58 -13.03 8.92 -37.83 -13.78 6.57 -40.41 -14.03 8.37 -35.9 -13.25
5 24 1.92 -32.69 -23.96 2.04 -34.29 -23.14 3.92 -33.28 -22.47 0 -32.97 -24
5 24 6.04 -23.93 -14.57 6.14 -25.53 -15.72 4.77 -22.16 -16.14 6.65 -25.59 -11.68
5 24 7.52 -30.21 -15.5 7.22 -29.32 -13.02 7.47 -31.11 -13.37 7.1 -27.95 -15.58
5 24 5.5434 0 -12.2962 5.5434 -5 -12.2962 4.2426 0 -14.2426 6.3706 -5 -8.1365
5 24 7.71 -12.02 -6.75 8.4556 -10.9635 -7.9392 8.3802 -13.0417 -7.1696 7.74 -10.34 -7.42
5 24 6.14 -25.53 -15.72 4.77 -22.16 -16.14 6.04 -23.93 -14.57 4.31 -24.19 -17.57
5 24 2.19 -27.47 -6.48 5.11 -27.08 -2.72 4.78 -27.21 -7.51 2.48 -27.22 -2.72
5 24 3.92 -40.55 -13.81 2.92 -38.94 -12.9 1.36 -39.85 -14.24 6.02 -38.58 -13.03
5 24 8.4 -5.31 -8.51 6.87 -9.74 -7.07 7.74 -5.31 -8.16 7.74 -10.34 -7.42
5 24 7.04 -37.81 -17.93 4.33 -38.03 -19.29 6.22 -36.07 -18.14 7.66 -38.81 -17.72
5 24 5.9 -28.6 -10.02 5.98 -26.59 -9.34 4.78 -27.21 -7.51 6.87 -27.38 -12.47
5 24 1.57 -38.23 -11.97 2.92 -38.94 -12.9 2.87 -38.1 -11.79 1.36 -39.85 -14.24
5 24 7.6 -11.93 -2.45 7.61 -12.07 -0.38 6.57 -11.1 -0.34 8.3567 -12.7416 -2.4697
5 24 5.36 -39.47 -18.9 2.74 -40.9 -18.83 6.27 -40.88 -18.58 2.22 -38.6 -19.44
5 24 5.36 -39.47 -18.9 7.66 -38.81 -17.72 4.33 -38.03 -19.29 6.27 -40.88 -18.58
5 24 7.04 -43.72 -17.94 6.8 -44.16 -16.34 5.65 -44.27 -18.2 7.81 -42.74 -15.83
5 24 9.07 -38.98 -16.44 8.5 -41.11 -15.22 8.67 -40.59 -17.03 8.82 -39.54 -14.47
5 24 6.22 -36.07 -18.14 8.44 -35.15 -16.09 7.04 -37.81 -17.93 7.51 -33.04 -16.08
5 24 8.01 -24.5 -9.23 7.31 -24.54 -11.89 8.0567 -23.5916 -11.4897 6.94 -25.9 -9.22
5 24 7.1 -27.95 -15.58 6.46 -27.49 -17.94 6.14 -25.53 -15.72 7.3 -30.43 -17.24
5 24 6.83 -26.19 -2.4 6.95 -26.28 2.23 7.9448 -24.9688 -2.3303 5.11 -27.08 -2.72
5 24 7.28 -22.62 -14.07 8.1414 -21.5027 -13.5094 8.0567 -23.5916 -11.4897 7.4 -19.28 -15.48
5 24 7.52 -30.21 -15.5 7.1 -27.95 -15.58 7.22 -29.32 -13.02 7.3 -30.43 -17.24
5 24 2.77 -21.81 -17.8 0 -23.36 -18.57 0 -21.79 -18 2.91 -23.47 -18.28
5 24 1.73 -36.76 -10.45 1.57 -38.23 -11.97 0 -38.43 -11.98 2.87 -38.1 -11.79
5 24 6.08 -19.25 11.4 7.44 -18.85 10.36 7.27 -21.74 9.88 6.18 -16.17 11.7
5 24 6.63 -10.83 -4.46 3.5 -11.1 -6.54 3.5 -11.08 -4.56 6.81 -11.03 -6.39
5 24 4.38 -29.45 -8.42 5.9 -28.6 -10.02 6.32 -30.43 -10.9 4.78 -27.21 -7.51
5 24 3.92 -40.55 -13.81 1.36 -39.85 -14.24 2.51 -41.5 -14.89 2.92 -38.94 -12.9
5 24 2.22 -25.05 -24.04 0 -24.72 -24.07 1.35 -25.13 -25.71 0 -24.67 -21.69
5 24 6.83 -26.19 -2.4 6.74 -26.24 -6.93 5.11 -27.08 -2.72 7.9745 -24.8602 -5.96
5 24 7.61 -12.07 -0.38 6.69 -11.67 1.37 6.57 -11.1 -0.34 7.65 -12.68 1.49
5 24 7.22 -29.32 -13.02 7.47 -31.11 -13.37 7.52 -30.21 -15.5 6.32 -30.43 -10.9
5 24 5.66 -33.4 -10.68 6.8 -31.84 -11.78 7.26 -33.78 -12.78 6.32 -30.43 -10.9
5 24 8.67 -40.59 -17.03 8.5 -41.11 -15.22 9.07 -38.98 -16.44 8.09 -42.18 -17.44
5 24 1.35 -25.13 -25.71 3.05 -26.36 -25.44 2.22 -25.05 -24.04 1.39 -26.01 -26.77
5 24 6.34 -29.64 -19.88 7.3 -30.43 -17.24 6.46 -27.49 -17.94 6.81 -31.71 -18.72
5 24 1.57 -38.23 -11.97 0 -38.43 -11.98 0 -39.44 -13.38 1.73 -36.76 -10.45
5 24 9.08 -4.1 -17.6 8.41 0 -18 8.11 -4.18 -18 9.1686 0.0034 -17.7607
5 24 4.63 -19.33 -16.64 2.59 -19.27 -17.79 2.77 -21.81 -17.8 3.63 -16.58 -16.78
5 24 7.65 -12.68 1.49 8.3274 -13.1509 -0.2998 7.61 -12.07 -0.38 8.2922 -13.7894 1.6199
5 24 0 -30.11 -27.33 1.885 -31.23 -25.66 0 -31.56 -25.65 1.62 -29.82 -27.26
5 24 0 -30.11 -27.33 1.33 -29.2 -27.77 0 -29.01 -28.11 1.62 -29.82 -27.26
5 24 9.55 -4.15 -16.71 8.24 -5.53 -15.66 9.08 -4.1 -17.6 8.69 -5.53 -15.18
5 24 2.19 -27.47 -6.48 4.38 -29.45 -8.42 2.29 -30.13 -7.68 4.78 -27.21 -7.51
5 24 2.6 -27.17 2.79 5.29 -27.02 2.79 2.69 -26.79 6.91 2.48 -27.22 -2.72
5 24 5.9 -28.6 -10.02 7.22 -29.32 -13.02 6.32 -30.43 -10.9 6.87 -27.38 -12.47
5 24 5.75 -33.59 -20.22 4.15 -35.31 -21.38 6.22 -36.07 -18.14 3.92 -33.28 -22.47
5 24 5.66 -33.4 -10.68 4.01 -35.27 -10.23 5.16 -37.08 -12.19 4.54 -32.22 -9.36
5 24 4.63 -19.33 -16.64 2.77 -21.81 -17.8 2.59 -19.27 -17.79 4.77 -22.16 -16.14
5 24 4.31 -24.19 -17.57 2.77 -21.81 -17.8 4.77 -22.16 -16.14 2.91 -23.47 -18.28
5 24 4.2426 0 -14.2426 4.2426 -5 -14.2426 5.5434 -5 -12.2962 2.64 -1.9 -15.37
5 24 3.7 -31.66 -23.49 1.92 -32.69 -23.96 3.92 -33.28 -22.47 1.885 -31.23 -25.66
5 24 7.34 -15.68 -15.61 6.53 -12.24 -15.68 6.23 -15.54 -16.31 7.59 -12.2 -14.95
5 24 7.28 -22.62 -14.07 7.4 -19.28 -15.48 8.1414 -21.5027 -13.5094 6.3 -19.21 -16.4
5 24 6.32 -30.43 -10.9 7.22 -29.32 -13.02 5.9 -28.6 -10.02 6.8 -31.84 -11.78
5 24 2.62 -33.68 -8.94 4.01 -35.27 -10.23 1.73 -36.76 -10.45 4.54 -32.22 -9.36
5 24 1.73 -36.76 -10.45 2.87 -38.1 -11.79 2.79 -36.67 -10.59 1.57 -38.23 -11.97
5 24 7.22 -29.32 -13.02 6.87 -27.38 -12.47 5.9 -28.6 -10.02 7.1 -27.95 -15.58
5 24 7.59 -33.49 -13.77 8.37 -35.9 -13.25 8.44 -35.15 -16.09 7.26 -33.78 -12.78
5 24 4.25 -25.21 -19.31 2.91 -23.47 -18.28 4.31 -24.19 -17.57 2.92 -24.59 -19.75
5 24 6.65 -25.59 -11.68 6.14 -25.53 -15.72 6.04 -23.93 -14.57 6.87 -27.38 -12.47
5 24 5.88 -22.38 10.77 7.27 -21.74 9.88 7.12 -24.15 8.9 6.08 -19.25 11.4
5 24 4.77 -22.16 -16.14 2.77 -21.81 -17.8 4.31 -24.19 -17.57 4.63 -19.33 -16.64
5 24 7.3 -30.43 -17.24 7.52 -30.21 -15.5 7.51 -33.04 -16.08 7.1 -27.95 -15.58
5 24 7.12 -24.15 8.9 7.919 -23.5259 8.0491 7.89 -24.8 6.12 7.27 -21.74 9.88
5 24 1.57 -38.23 -11.97 1.36 -39.85 -14.24 2.92 -38.94 -12.9 0 -39.44 -13.38
5 24 8.09 -42.18 -17.44 8.5 -41.11 -15.22 8.67 -40.59 -17.03 7.81 -42.74 -15.83
5 24 2.08 -17.19 -17.7 0 -19.45 -17.91 2.59 -19.27 -17.79 0 -17.21 -17.85
5 24 0 -38.57 -19.75 1.53 -38.98 -18.98 2.22 -38.6 -19.44 0 -38.73 -18.6
5 24 6.81 -31.71 -18.72 5.75 -33.59 -20.22 6.22 -36.07 -18.14 5.39 -31.64 -21.38
5 24 9.07 -38.98 -16.44 8.92 -37.83 -13.78 9.05 -36.95 -16.15 8.82 -39.54 -14.47
5 24 6.22 -36.07 -18.14 6.81 -31.71 -18.72 5.75 -33.59 -20.22 7.51 -33.04 -16.08
5 24 9.32 -4.2 -8.45 8.4 -5.31 -8.51 8.6534 -5.3044 -9.0112 8.37 -4.14 -8.16
5 24 6.27 -40.88 -18.58 5.65 -44.27 -18.2 4.73 -44.2 -18.35 7.04 -43.72 -17.94
5 24 7.1 -27.95 -15.58 7.3 -30.43 -17.24 7.52 -30.21 -15.5 6.46 -27.49 -17.94
5 24 4.25 -25.21 -19.31 2.92 -24.59 -19.75 2.73 -25.01 -21.68 2.91 -23.47 -18.28
5 24 8.3567 -12.7416 -2.4697 7.6 -11.93 -2.45 7.61 -11.82 -4.66 7.61 -12.07 -0.38
5 24 6.23 -15.54 -16.31 1.76 -14.52 -16.64 3.63 -16.58 -16.78 1.5 -13.67 -16.57
5 24 5.65 -24.64 9.64 7.12 -24.15 8.9 5.88 -22.38 10.77 6.87 -25.85 6.57
5 24 2.51 -41.5 -14.89 5.1 -42.01 -14.71 3.63 -43.49 -15.86 3.92 -40.55 -13.81
5 24 9.05 -36.95 -16.15 8.92 -37.83 -13.78 8.37 -35.9 -13.25 9.07 -38.98 -16.44
5 24 9.07 -38.98 -16.44 7.66 -38.81 -17.72 9.05 -36.95 -16.15 8.67 -40.59 -17.03
5 24 6.87 -25.85 6.57 7.89 -24.8 6.12 7.12 -24.15 8.9 6.95 -26.28 2.23
5 24 6.65 -25.59 -11.68 7.31 -24.54 -11.89 6.94 -25.9 -9.22 6.04 -23.93 -14.57
5 24 4.78 -27.21 -7.51 4.38 -29.45 -8.42 5.9 -28.6 -10.02 2.19 -27.47 -6.48
5 24 3.92 -33.28 -22.47 1.92 -32.69 -23.96 4.15 -35.31 -21.38 3.7 -31.66 -23.49
5 24 3.05 -26.36 -25.44 1.39 -26.01 -26.77 1.35 -25.13 -25.71 2.82 -27.03 -26.29
5 24 3.63 -16.58 -16.78 1.82 -15.83 -17.3 2.08 -17.19 -17.7 1.76 -14.52 -16.64
5 24 7.81 -42.74 -15.83 6.57 -40.41 -14.03 8.5 -41.11 -15.22 5.1 -42.01 -14.71
5 24 8.0567 -23.5916 -11.4897 7.31 -24.54 -11.89 7.28 -22.62 -14.07 8.01 -24.5 -9.23
5 24 6.27 -40.88 -18.58 4.73 -44.2 -18.35 5.65 -44.27 -18.2 3.8 -43.17 -18.59
5 24 2.22 -25.05 -24.04 3.05 -26.36 -25.44 3.935 -26.25 -22.855 1.35 -25.13 -25.71
5 24 3.5 -11.1 -6.54 6.87 -9.74 -7.07 3.5 -9.57 -7.3 6.81 -11.03 -6.39
5 24 5.11 -27.08 -2.72 6.74 -26.24 -6.93 4.78 -27.21 -7.51 6.83 -26.19 -2.4
5 24 8.37 -4.14 -8.16 9.32 -4.2 -8.45 9.32 0 -8.45 8.4 -5.31 -8.51
5 24 2.64 -12.36 -13 2.64 -12.36 -16.28 1.5 -13.67 -16.57 2.64 -5 -15.37
5 24 6.22 -36.07 -18.14 5.75 -33.59 -20.22 6.81 -31.71 -18.72 4.15 -35.31 -21.38
5 24 0 -32.97 -24 2.04 -34.29 -23.14 1.92 -32.69 -23.96 0 -34.54 -23.28
5 24 7.4 -19.28 -15.48 8.1414 -21.5027 -13.5094 8.2361 -18.9249 -14.639 7.28 -22.62 -14.07
5 24 1.57 -38.23 -11.97 0 -39.44 -13.38 0 -38.43 -11.98 1.36 -39.85 -14.24
5 24 7.9448 -24.9688 -2.3303 6.83 -26.19 -2.4 7.9745 -24.8602 -5.96 7.9085 -25.1776 1.7595
5 24 7.59 -12.2 -14.95 8.4628 -12.0965 -14.2586 8.24 -5.53 -15.66 8.3525 -15.4661 -14.6687
5 24 7.04 -43.72 -17.94 7.81 -42.74 -15.83 8.09 -42.18 -17.44 6.8 -44.16 -16.34
5 24 2.82 -27.03 -26.29 1.39 -26.01 -26.77 1.43 -27.46 -27.61 3.05 -26.36 -25.44
5 24 5.48 -26.26 -18.83 5.49 -27.91 -20.86 3.935 -26.25 -22.855 6.46 -27.49 -17.94
5 24 9.32 0 -8.45 9.32 -4.2 -8.45 8.37 -4.14 -8.16 9.55 -4.19 -9.08
5 24 0 -30.11 -27.33 1.62 -29.82 -27.26 1.33 -29.2 -27.77 1.885 -31.23 -25.66
5 24 5.66 -33.4 -10.68 5.16 -37.08 -12.19 4.01 -35.27 -10.23 7.26 -33.78 -12.78
5 24 2.6 -27.17 2.79 0 -27.21 2.79 0 -27.31 -2.72 2.69 -26.79 6.91
5 24 4.15 -35.31 -21.38 3.92 -33.28 -22.47 5.75 -33.59 -20.22 2.04 -34.29 -23.14
5 24 3.92 -33.28 -22.47 5.39 -31.64 -21.38 5.75 -33.59 -20.22 3.7 -31.66 -23.49
5 24 5.66 -33.4 -10.68 7.26 -33.78 -12.78 6.8 -31.84 -11.78 5.16 -37.08 -12.19
5 24 8.82 -39.54 -14.47 6.57 -40.41 -14.03 8.92 -37.83 -13.78 8.5 -41.11 -15.22
5 24 5.48 -26.26 -18.83 4.25 -25.21 -19.31 3.935 -26.25 -22.855 4.31 -24.19 -17.57
5 24 0 -30.3 -7.44 2.29 -30.13 -7.68 2.19 -27.47 -6.48 0 -33.67 -8.62
5 24 9.32 0 -8.45 8.37 -4.14 -8.16 9.32 -4.2 -8.45 8.67 0 -8.16
5 24 6.61 -10.73 -2.37 7.6 -11.93 -2.45 6.63 -10.83 -4.46 6.57 -11.1 -0.34
5 24 7.34 -15.68 -15.61 8.2361 -18.9249 -14.639 8.3525 -15.4661 -14.6687 7.4 -19.28 -15.48
5 24 0 -34.54 -23.28 2.1 -36.38 -22.15 2.04 -34.29 -23.14 0 -36.62 -22.39
5 24 4.54 -32.22 -9.36 6.32 -30.43 -10.9 4.38 -29.45 -8.42 5.66 -33.4 -10.68
5 24 2.19 -27.47 -6.48 0 -30.3 -7.44 0 -27.53 -6.29 2.29 -30.13 -7.68
5 24 1.73 -36.76 -10.45 4.01 -35.27 -10.23 2.79 -36.67 -10.59 2.62 -33.68 -8.94
5 24 4.54 -32.22 -9.36 5.66 -33.4 -10.68 4.01 -35.27 -10.23 6.32 -30.43 -10.9
5 24 6.04 -23.93 -14.57 7.31 -24.54 -11.89 6.65 -25.59 -11.68 7.28 -22.62 -14.07
5 24 1.33 -29.2 -27.77 1.62 -29.82 -27.26 0 -30.11 -27.33 2.52 -28.37 -26.95
5 24 0 -27.31 -2.72 2.48 -27.22 -2.72 0 -27.53 -6.29 2.6 -27.17 2.79
5 24 8.09 -42.18 -17.44 6.27 -40.88 -18.58 7.04 -43.72 -17.94 8.67 -40.59 -17.03
5 24 6.3 -19.21 -16.4 3.63 -16.58 -16.78 6.23 -15.54 -16.31 4.63 -19.33 -16.64
5 24 5.65 -44.27 -18.2 6.8 -44.16 -16.34 7.04 -43.72 -17.94 5.53 -44.59 -16.44
5 24 7.61 -12.07 -0.38 8.3274 -13.1509 -0.2998 7.65 -12.68 1.49 8.3567 -12.7416 -2.4697
5 24 2.74 -40.9 -18.83 2.22 -38.6 -19.44 1.53 -38.98 -18.98 5.36 -39.47 -18.9
5 24 0 -38.57 -19.75 2.22 -38.6 -19.44 1.53 -38.98 -18.98 2.1 -36.38 -22.15
5 24 6.95 -26.28 2.23 5.29 -27.02 2.79 6.87 -25.85 6.57 5.11 -27.08 -2.72
5 24 4.77 -22.16 -16.14 4.31 -24.19 -17.57 6.14 -25.53 -15.72 2.77 -21.81 -17.8
5 24 4.54 -32.22 -9.36 4.01 -35.27 -10.23 5.66 -33.4 -10.68 2.62 -33.68 -8.94
5 24 6.57 -11.1 -0.34 7.61 -12.07 -0.38 6.69 -11.67 1.37 7.6 -11.93 -2.45
5 24 9.55 -4.19 -9.08 8.69 -5.53 -15.18 9.55 -4.15 -16.71 8.6534 -5.3044 -9.0112
5 24 6.22 -36.07 -18.14 7.04 -37.81 -17.93 4.33 -38.03 -19.29 8.44 -35.15 -16.09
5 24 9.55 -4.19 -9.08 9.32 -4.2 -8.45 9.32 0 -8.45 8.6534 -5.3044 -9.0112
5 24 3.935 -26.25 -22.855 4.115 -28.27 -24.23 3.05 -26.36 -25.44 5.49 -27.91 -20.86
5 24 2.82 -27.03 -26.29 1.43 -27.46 -27.61 1.39 -26.01 -26.77 2.52 -28.37 -26.95
5 24 6.57 -40.41 -14.03 5.1 -42.01 -14.71 7.81 -42.74 -15.83 6.02 -38.58 -13.03
5 24 8.6534 -5.3044 -9.0112 8.4 -5.31 -8.51 9.32 -4.2 -8.45 7.74 -10.34 -7.42
5 24 7.1 -27.95 -15.58 6.14 -25.53 -15.72 6.46 -27.49 -17.94 6.87 -27.38 -12.47
5 24 4.38 -29.45 -8.42 4.54 -32.22 -9.36 6.32 -30.43 -10.9 2.29 -30.13 -7.68
5 24 8.44 -35.15 -16.09 8.37 -35.9 -13.25 9.05 -36.95 -16.15 7.59 -33.49 -13.77
5 24 6.27 -40.88 -18.58 7.04 -43.72 -17.94 5.65 -44.27 -18.2 8.09 -42.18 -17.44
5 24 7.59 -33.49 -13.77 7.47 -31.11 -13.37 6.8 -31.84 -11.78 7.51 -33.04 -16.08
5 24 0 -17.21 -17.85 2.08 -17.19 -17.7 0 -15.37 -17.3 0 -19.45 -17.91
5 24 7.1 -27.95 -15.58 7.22 -29.32 -13.02 7.52 -30.21 -15.5 6.87 -27.38 -12.47
5 24 5.65 -24.64 9.64 6.87 -25.85 6.57 5.4 -26.53 6.83 7.12 -24.15 8.9
5 24 7.4 -19.28 -15.48 8.2361 -18.9249 -14.639 8.1414 -21.5027 -13.5094 7.34 -15.68 -15.61
5 24 6.46 -27.49 -17.94 5.48 -26.26 -18.83 5.49 -27.91 -20.86 6.14 -25.53 -15.72
5 24 8.4 -5.31 -8.51 7.74 -5.31 -8.16 6.87 -9.74 -7.07 8.37 -4.14 -8.16
5 24 2.77 -21.81 -17.8 0 -21.79 -18 2.59 -19.27 -17.79 0 -23.36 -18.57
5 24 0 -38.43 -11.98 1.73 -36.76 -10.45 1.57 -38.23 -11.97 0 -36.61 -10.22
5 24 7.12 -24.15 8.9 7.89 -24.8 6.12 6.87 -25.85 6.57 7.919 -23.5259 8.0491
5 24 5.1 -42.01 -14.71 3.92 -40.55 -13.81 2.51 -41.5 -14.89 6.57 -40.41 -14.03
5 24 0 -33.67 -8.62 1.73 -36.76 -10.45 2.62 -33.68 -8.94 0 -36.61 -10.22
5 24 1.39 -26.01 -26.77 0 -27.29 -27.89 1.43 -27.46 -27.61 0 -25.87 -26.95
5 24 5.1 -42.01 -14.71 7.81 -42.74 -15.83 6.8 -44.16 -16.34 6.57 -40.41 -14.03
5 24 2.74 -40.9 -18.83 3.63 -43.49 -15.86 3.8 -43.17 -18.59 2.51 -41.5 -14.89
5 24 0 -39.44 -13.38 1.36 -39.85 -14.24 1.57 -38.23 -11.97 0 -38.73 -18.6
5 24 5.39 -31.64 -21.38 5.75 -33.59 -20.22 6.81 -31.71 -18.72 3.92 -33.28 -22.47
5 24 3.355 -29.985 -25.145 4.94 -29.97 -22.45 2.52 -28.37 -26.95 3.7 -31.66 -23.49
5 24 9.05 -36.95 -16.15 8.37 -35.9 -13.25 8.44 -35.15 -16.09 8.92 -37.83 -13.78
5 24 8.0754 -18.5865 9.3793 7.44 -18.85 10.36 7.46 -16.11 10.8 7.9931 -21.1361 8.9192
5 24 7.49 -5.53 -16.03 9.08 -4.1 -17.6 8.24 -5.53 -15.66 8.11 -4.18 -18
5 24 5.48 -26.26 -18.83 3.935 -26.25 -22.855 5.49 -27.91 -20.86 4.25 -25.21 -19.31
5 24 2.92 -24.59 -19.75 0 -24.36 -19.74 2.91 -23.47 -18.28 2.73 -25.01 -21.68
5 24 4.31 -24.19 -17.57 4.25 -25.21 -19.31 2.91 -23.47 -18.28 5.48 -26.26 -18.83
5 24 2.79 -36.67 -10.59 5.16 -37.08 -12.19 2.87 -38.1 -11.79 4.01 -35.27 -10.23
5 24 7.61 -11.82 -4.66 7.6 -11.93 -2.45 8.3567 -12.7416 -2.4697 6.63 -10.83 -4.46
5 24 6.63 -10.83 -4.46 3.5 -11.08 -4.56 3.5 -11.1 -6.54 3.5 -11.08 -2.39
5 24 3.63 -16.58 -16.78 2.08 -17.19 -17.7 1.82 -15.83 -17.3 2.59 -19.27 -17.79
5 24 0 -38.57 -19.75 2.1 -36.38 -22.15 2.22 -38.6 -19.44 0 -36.62 -22.39
5 24 2.79 -36.67 -10.59 4.01 -35.27 -10.23 1.73 -36.76 -10.45 5.16 -37.08 -12.19
5 24 8.67 -40.59 -17.03 6.27 -40.88 -18.58 7.66 -38.81 -17.72 8.09 -42.18 -17.44
5 24 2.59 -19.27 -17.79 0 -21.79 -18 0 -19.45 -17.91 2.77 -21.81 -17.8
5 24 4.01 -35.27 -10.23 5.16 -37.08 -12.19 2.79 -36.67 -10.59 5.66 -33.4 -10.68
5 24 2.91 -23.47 -18.28 0 -24.36 -19.74 2.92 -24.59 -19.75 0 -23.36 -18.57
5 24 7.66 -38.81 -17.72 6.27 -40.88 -18.58 5.36 -39.47 -18.9 8.67 -40.59 -17.03
5 24 5.4 -26.53 6.83 6.87 -25.85 6.57 5.29 -27.02 2.79 5.65 -24.64 9.64
5 24 2.52 -28.37 -26.95 1.33 -29.2 -27.77 1.43 -27.46 -27.61 1.62 -29.82 -27.26
5 24 6.87 -27.38 -12.47 6.14 -25.53 -15.72 6.65 -25.59 -11.68 7.1 -27.95 -15.58
5 24 2.1 -36.38 -22.15 4.15 -35.31 -21.38 4.33 -38.03 -19.29 2.04 -34.29 -23.14
5 24 4.115 -28.27 -24.23 2.52 -28.37 -26.95 2.82 -27.03 -26.29 4.94 -29.97 -22.45
5 24 3.92 -33.28 -22.47 5.75 -33.59 -20.22 5.39 -31.64 -21.38 4.15 -35.31 -21.38
5 24 6.34 -29.64 -19.88 6.46 -27.49 -17.94 7.3 -30.43 -17.24 5.49 -27.91 -20.86
5 24 7.47 -31.11 -13.37 6.8 -31.84 -11.78 7.22 -29.32 -13.02 7.59 -33.49 -13.77
5 24 3.5 -11.08 -2.39 6.61 -10.73 -2.37 3.5 -11.48 -0.16 6.63 -10.83 -4.46
5 24 0 -38.73 -18.6 1.53 -38.98 -18.98 1.36 -39.85 -14.24 0 -38.57 -19.75
5 24 2.22 -25.05 -24.04 0 -24.67 -21.69 2.73 -25.01 -21.68 0 -24.72 -24.07
5 24 6.3 -19.21 -16.4 7.4 -19.28 -15.48 7.34 -15.68 -15.61 7.28 -22.62 -14.07
5 24 2.48 -27.22 -2.72 2.6 -27.17 2.79 0 -27.31 -2.72 5.11 -27.08 -2.72
5 24 2.87 -38.1 -11.79 5.16 -37.08 -12.19 2.79 -36.67 -10.59 2.92 -38.94 -12.9
5 24 6.81 -31.71 -18.72 6.34 -29.64 -19.88 5.39 -31.64 -21.38 7.3 -30.43 -17.24
5 24 4.94 -29.97 -22.45 4.115 -28.27 -24.23 3.355 -29.985 -25.145 5.49 -27.91 -20.86
5 24 4.33 -38.03 -19.29 5.36 -39.47 -18.9 7.04 -37.81 -17.93 2.22 -38.6 -19.44
5 24 9.1686 0.0034 -17.7607 5.5434 0 -12.2962 9.55 0 -9.14 8.41 0 -18
5 24 6.74 -26.24 -6.93 6.94 -25.9 -9.22 8.01 -24.5 -9.23 5.98 -26.59 -9.34
5 24 6.23 -15.54 -16.31 2.64 -12.36 -16.28 1.5 -13.67 -16.57 6.53 -12.24 -15.68
5 24 6.27 -40.88 -18.58 2.74 -40.9 -18.83 5.36 -39.47 -18.9 3.8 -43.17 -18.59
5 24 4.33 -38.03 -19.29 2.1 -36.38 -22.15 2.22 -38.6 -19.44 4.15 -35.31 -21.38
5 24 7.31 -24.54 -11.89 6.94 -25.9 -9.22 8.01 -24.5 -9.23 6.65 -25.59 -11.68
5 24 6.87 -9.74 -7.07 7.74 -10.34 -7.42 8.4 -5.31 -8.51 6.81 -11.03 -6.39
5 24 8.373 -12.7621 -4.8395 7.61 -11.82 -4.66 8.3567 -12.7416 -2.4697 7.71 -12.02 -6.75
5 24 7.66 -38.81 -17.72 8.67 -40.59 -17.03 9.07 -38.98 -16.44 6.27 -40.88 -18.58
5 24 6.74 -26.24 -6.93 7.9745 -24.8602 -5.96 6.83 -26.19 -2.4 8.01 -24.5 -9.23
5 24 9.07 -38.98 -16.44 8.82 -39.54 -14.47 8.5 -41.11 -15.22 8.92 -37.83 -13.78
5 24 4.115 -28.27 -24.23 5.49 -27.91 -20.86 3.935 -26.25 -22.855 4.94 -29.97 -22.45
5 24 5.1 -42.01 -14.71 6.8 -44.16 -16.34 5.53 -44.59 -16.44 7.81 -42.74 -15.83
5 24 7.04 -37.81 -17.93 9.05 -36.95 -16.15 8.44 -35.15 -16.09 7.66 -38.81 -17.72
5 24 7.34 -15.68 -15.61 7.59 -12.2 -14.95 8.3525 -15.4661 -14.6687 6.53 -12.24 -15.68
5 24 6.3 -19.21 -16.4 7.28 -22.62 -14.07 7.4 -19.28 -15.48 6.04 -23.93 -14.57
5 24 2.52 -28.37 -26.95 1.43 -27.46 -27.61 2.82 -27.03 -26.29 1.33 -29.2 -27.77
5 24 2.82 -27.03 -26.29 4.115 -28.27 -24.23 2.52 -28.37 -26.95 3.05 -26.36 -25.44
5 24 3.7 -31.66 -23.49 3.92 -33.28 -22.47 5.39 -31.64 -21.38 1.92 -32.69 -23.96
5 24 6.81 -11.03 -6.39 7.61 -11.82 -4.66 6.63 -10.83 -4.46 7.71 -12.02 -6.75
5 24 6.53 -12.24 -15.68 2.64 -12.36 -16.28 2.64 -5.53 -16.58 6.23 -15.54 -16.31
5 24 2.52 -28.37 -26.95 1.62 -29.82 -27.26 1.33 -29.2 -27.77 3.355 -29.985 -25.145
5 24 5.48 -26.26 -18.83 4.31 -24.19 -17.57 6.14 -25.53 -15.72 4.25 -25.21 -19.31
5 24 0 -29.01 -28.11 1.33 -29.2 -27.77 1.43 -27.46 -27.61 0 -30.11 -27.33
5 24 5.11 -27.08 -2.72 6.83 -26.19 -2.4 6.95 -26.28 2.23 6.74 -26.24 -6.93
5 24 7.47 -31.11 -13.37 7.51 -33.04 -16.08 7.52 -30.21 -15.5 7.59 -33.49 -13.77
5 24 8.24 -5.53 -15.66 8.4628 -12.0965 -14.2586 7.59 -12.2 -14.95 8.69 -5.53 -15.18
5 24 3.92 -40.55 -13.81 6.02 -38.58 -13.03 5.16 -37.08 -12.19 5.1 -42.01 -14.71
5 24 5.98 -26.59 -9.34 6.87 -27.38 -12.47 5.9 -28.6 -10.02 6.65 -25.59 -11.68
5 24 6.74 -26.24 -6.93 8.01 -24.5 -9.23 6.94 -25.9 -9.22 7.9745 -24.8602 -5.96
5 24 4.25 -25.21 -19.31 2.73 -25.01 -21.68 2.92 -24.59 -19.75 3.935 -26.25 -22.855
5 24 5.29 -27.02 2.79 2.69 -26.79 6.91 2.6 -27.17 2.79 5.4 -26.53 6.83
5 24 2.87 -38.1 -11.79 1.57 -38.23 -11.97 2.92 -38.94 -12.9 1.73 -36.76 -10.45
5 24 6.46 -27.49 -17.94 7.3 -30.43 -17.24 6.34 -29.64 -19.88 7.1 -27.95 -15.58
5 24 6.95 -26.28 2.23 7.89 -24.8 6.12 6.87 -25.85 6.57 7.9085 -25.1776 1.7595
5 24 3.5 -9.57 -7.3 6.87 -9.74 -7.07 6.3706 -5 -8.1365 3.5 -11.1 -6.54
5 24 3.7 -31.66 -23.49 1.885 -31.23 -25.66 3.355 -29.985 -25.145 1.92 -32.69 -23.96
5 24 8.44 -35.15 -16.09 7.04 -37.81 -17.93 9.05 -36.95 -16.15 6.22 -36.07 -18.14
5 24 7.4 -19.28 -15.48 7.34 -15.68 -15.61 8.2361 -18.9249 -14.639 6.3 -19.21 -16.4
5 24 6.95 -26.28 2.23 7.9085 -25.1776 1.7595 6.83 -26.19 -2.4 7.89 -24.8 6.12
5 24 8.6534 -5.3044 -9.0112 9.32 -4.2 -8.45 8.4 -5.31 -8.51 9.55 -4.19 -9.08
5 24 8.44 -35.15 -16.09 7.59 -33.49 -13.77 8.37 -35.9 -13.25 7.51 -33.04 -16.08
5 24 7.28 -22.62 -14.07 7.31 -24.54 -11.89 8.0567 -23.5916 -11.4897 6.04 -23.93 -14.57
5 24 2.29 -30.13 -7.68 4.38 -29.45 -8.42 2.19 -27.47 -6.48 2.62 -33.68 -8.94
5 24 6.27 -40.88 -18.58 3.8 -43.17 -18.59 2.74 -40.9 -18.83 4.73 -44.2 -18.35
5 24 4.73 -44.2 -18.35 5.53 -44.59 -16.44 4.44 -44.48 -16.43 5.65 -44.27 -18.2
5 24 6.74 -26.24 -6.93 5.98 -26.59 -9.34 5.11 -27.08 -2.72 6.94 -25.9 -9.22
5 24 2.69 -26.79 6.91 2.6 -27.17 2.79 5.29 -27.02 2.79 0 -26.85 7.02
5 24 2.48 -27.22 -2.72 2.19 -27.47 -6.48 0 -27.31 -2.72 5.11 -27.08 -2.72
5 24 6.23 -15.54 -16.31 7.34 -15.68 -15.61 6.3 -19.21 -16.4 6.53 -12.24 -15.68
5 24 6.02 -38.58 -13.03 8.37 -35.9 -13.25 5.16 -37.08 -12.19 8.92 -37.83 -13.78
5 24 6.63 -10.83 -4.46 7.61 -11.82 -4.66 6.81 -11.03 -6.39 7.6 -11.93 -2.45
5 24 5.1 -42.01 -14.71 5.53 -44.59 -16.44 6.8 -44.16 -16.34 4.44 -44.48 -16.43
5 24 0 -25.87 -26.95 1.39 -26.01 -26.77 0 -27.29 -27.89 0 -24.96 -25.86
5 24 3.63 -16.58 -16.78 2.59 -19.27 -17.79 4.63 -19.33 -16.64 2.08 -17.19 -17.7
5 24 8.5 -41.11 -15.22 6.57 -40.41 -14.03 8.82 -39.54 -14.47 7.81 -42.74 -15.83
5 24 6.34 -29.64 -19.88 5.49 -27.91 -20.86 6.46 -27.49 -17.94 4.94 -29.97 -22.45
5 24 6.3 -19.21 -16.4 4.77 -22.16 -16.14 4.63 -19.33 -16.64 6.04 -23.93 -14.57
5 24 7.61 -12.07 -0.38 8.3567 -12.7416 -2.4697 7.6 -11.93 -2.45 8.3274 -13.1509 -0.2998
5 24 3.92 -40.55 -13.81 2.51 -41.5 -14.89 1.36 -39.85 -14.24 5.1 -42.01 -14.71
5 24 2.22 -38.6 -19.44 5.36 -39.47 -18.9 4.33 -38.03 -19.29 2.74 -40.9 -18.83
5 24 2.04 -34.29 -23.14 4.15 -35.31 -21.38 2.1 -36.38 -22.15 1.92 -32.69 -23.96
5 24 7.59 -12.2 -14.95 8.24 -5.53 -15.66 8.4628 -12.0965 -14.2586 7.49 -5.53 -16.03
5 24 6.53 -12.24 -15.68 7.59 -12.2 -14.95 7.49 -5.53 -16.03 7.34 -15.68 -15.61
5 24 1.97 -22.5 -9.68 3.5 -29 -10.9 3.5 -22.5 -11.05 1.97 -29 -9.68
5 24 1.97 -29 -9.68 1.97 -22.5 -9.68 0 -29 -9.16 3.5 -29 -10.9
5 24 4.54 -32.22 -9.36 2.62 -33.68 -8.94 4.01 -35.27 -10.23 4.38 -29.45 -8.42
5 24 0 -36.61 -10.22 1.73 -36.76 -10.45 0 -33.67 -8.62 0 -38.43 -11.98
5 24 6.22 -36.07 -18.14 4.15 -35.31 -21.38 4.33 -38.03 -19.29 5.75 -33.59 -20.22
5 24 7.44 -18.85 10.36 7.27 -21.74 9.88 7.9931 -21.1361 8.9192 6.08 -19.25 11.4
5 24 1.76 -14.52 -16.64 1.5 -13.67 -16.57 6.23 -15.54 -16.31 0 -14.13 -16.78
5 24 8.37 -35.9 -13.25 5.16 -37.08 -12.19 6.02 -38.58 -13.03 7.26 -33.78 -12.78
5 24 6.34 -29.64 -19.88 4.94 -29.97 -22.45 6.81 -31.71 -18.72 5.49 -27.91 -20.86
5 24 6.8 -31.84 -11.78 7.59 -33.49 -13.77 7.47 -31.11 -13.37 7.26 -33.78 -12.78
5 24 1.5 -13.67 -13 1.5 -13.67 -16.57 2.64 -12.36 -13 0 -14.13 -16.78
5 24 6.87 -25.85 6.57 6.95 -26.28 2.23 5.4 -26.53 6.83 7.89 -24.8 6.12
5 24 9.55 0 -17.17 9.08 -4.1 -17.6 9.1686 0.0034 -17.7607 9.55 -4.15 -16.71
5 24 6.3 -19.21 -16.4 7.34 -15.68 -15.61 7.4 -19.28 -15.48 6.23 -15.54 -16.31
5 24 3.8 -43.17 -18.59 4.44 -44.48 -16.43 4.73 -44.2 -18.35 3.63 -43.49 -15.86
5 24 5.49 -27.91 -20.86 6.46 -27.49 -17.94 5.48 -26.26 -18.83 6.34 -29.64 -19.88
5 24 1.43 -27.46 -27.61 1.39 -26.01 -26.77 2.82 -27.03 -26.29 0 -27.29 -27.89
5 24 2.82 -27.03 -26.29 2.52 -28.37 -26.95 4.115 -28.27 -24.23 1.43 -27.46 -27.61
5 24 2.22 -25.05 -24.04 3.935 -26.25 -22.855 3.05 -26.36 -25.44 2.73 -25.01 -21.68
5 24 3.7 -31.66 -23.49 5.39 -31.64 -21.38 3.92 -33.28 -22.47 4.94 -29.97 -22.45
5 24 6.65 -25.59 -11.68 6.94 -25.9 -9.22 5.98 -26.59 -9.34 7.31 -24.54 -11.89
5 24 5.11 -27.08 -2.72 6.95 -26.28 2.23 5.29 -27.02 2.79 6.83 -26.19 -2.4
5 24 2.22 -38.6 -19.44 2.1 -36.38 -22.15 0 -38.57 -19.75 4.33 -38.03 -19.29
5 24 6.87 -27.38 -12.47 7.1 -27.95 -15.58 7.22 -29.32 -13.02 6.14 -25.53 -15.72
5 24 0 -27.29 -27.89 1.43 -27.46 -27.61 1.39 -26.01 -26.77 0 -29.01 -28.11
5 24 1.43 -27.46 -27.61 1.33 -29.2 -27.77 0 -29.01 -28.11 2.52 -28.37 -26.95
5 24 5.39 -31.64 -21.38 6.81 -31.71 -18.72 4.94 -29.97 -22.45 5.75 -33.59 -20.22
5 24 7.34 -15.68 -15.61 8.3525 -15.4661 -14.6687 8.2361 -18.9249 -14.639 7.59 -12.2 -14.95
5 24 5.36 -39.47 -18.9 6.27 -40.88 -18.58 2.74 -40.9 -18.83 7.66 -38.81 -17.72
5 24 7.919 -23.5259 8.0491 7.27 -21.74 9.88 7.12 -24.15 8.9 7.9931 -21.1361 8.9192
5 24 8.0754 -18.5865 9.3793 7.46 -16.11 10.8 7.44 -18.85 10.36 8.1587 -16.0073 9.8494
5 24 7.27 -21.74 9.88 7.12 -24.15 8.9 5.88 -22.38 10.77 7.919 -23.5259 8.0491
5 24 0 -36.62 -22.39 2.1 -36.38 -22.15 0 -38.57 -19.75 0 -34.54 -23.28
5 24 7.74 -10.34 -7.42 6.81 -11.03 -6.39 6.87 -9.74 -7.07 7.71 -12.02 -6.75
5 24 1.82 -15.83 -17.3 0 -15.37 -17.3 2.08 -17.19 -17.7 1.76 -14.52 -16.64
5 24 3.935 -26.25 -22.855 3.05 -26.36 -25.44 4.115 -28.27 -24.23 2.22 -25.05 -24.04
5 24 6.23 -15.54 -16.31 3.63 -16.58 -16.78 1.76 -14.52 -16.64 6.3 -19.21 -16.4
5 24 7.49 -5.53 -16.03 7.59 -12.2 -14.95 6.53 -12.24 -15.68 8.24 -5.53 -15.66
5 24 6.14 -25.53 -15.72 4.31 -24.19 -17.57 4.77 -22.16 -16.14 5.48 -26.26 -18.83
5 24 7.51 -33.04 -16.08 6.81 -31.71 -18.72 7.3 -30.43 -17.24 6.22 -36.07 -18.14
5 24 6.65 -25.59 -11.68 6.87 -27.38 -12.47 6.14 -25.53 -15.72 5.98 -26.59 -9.34
5 24 4.25 -25.21 -19.31 3.935 -26.25 -22.855 2.73 -25.01 -21.68 5.48 -26.26 -18.83
5 24 3.7 -31.66 -23.49 4.94 -29.97 -22.45 5.39 -31.64 -21.38 3.355 -29.985 -25.145
5 24 4.94 -29.97 -22.45 5.49 -27.91 -20.86 6.34 -29.64 -19.88 4.115 -28.27 -24.23
5 24 3.355 -29.985 -25.145 4.115 -28.27 -24.23 2.52 -28.37 -26.95 4.94 -29.97 -22.45
