0 ~Brick  1 x  2 with  3 Black and Light Bluish Grey Castle Windows Half Pattern
0 Name: s\3004p0js01.dat
0 Author: Philippe Hurbain [Philo]
0 !LDRAW_ORG Subpart UPDATE 2026-03
0 !LICENSE Licensed under CC BY 4.0 : see CAreadme.txt

0 BFC CERTIFY CCW

0 !HISTORY 2026-03-31 [OrionP] Official Update 2026-03

4 71 -7.85 10.4 -10 -7.85 9.6 -10 -8.3 9.6 -10 -8.3 10.4 -10
3 71 -9.15 8.8 -10 -8.3 9.6 -10 -8.3 8.8 -10
4 71 -4.9 9.6 -10 -5.35 9.6 -10 -5.35 10.4 -10 -4.9 10.4 -10
4 71 -4.9 8.8 -10 -4.9 9.6 -10 -4.05 9.6 -10 -4.05 8.8 -10
4 71 -4.05 10.4 -10 -4.05 9.6 -10 -4.9 9.6 -10 -4.9 10.4 -10
4 0 -5.75 9.6 -10 -4.9 8.8 -10 -8.3 8.8 -10 -7.45 9.6 -10
3 0 -5.75 9.6 -10 -5.35 9.6 -10 -4.9 8.8 -10
3 0 -4.9 8.8 -10 -5.35 9.6 -10 -4.9 9.6 -10
3 0 -7.85 9.6 -10 -7.45 9.6 -10 -8.3 8.8 -10
3 0 -7.85 9.6 -10 -8.3 8.8 -10 -8.3 9.6 -10
4 0 -5.75 10 -10 -5.75 9.6 -10 -7.45 9.6 -10 -7.45 10 -10
4 0 -5.75 10.4 -10 -5.75 10 -10 -7.45 10 -10 -7.45 10.4 -10
4 0 -4.9 18.35 -10 -5.75 10.4 -10 -7.45 10.4 -10 -8.3 18.35 -10
3 0 -4.9 10.4 -10 -5.35 10.4 -10 -4.9 18.35 -10
3 0 -4.9 18.35 -10 -5.35 10.4 -10 -5.75 10.4 -10
3 0 -7.45 10.4 -10 -7.85 10.4 -10 -8.3 18.35 -10
3 0 -8.3 18.35 -10 -7.85 10.4 -10 -8.3 10.4 -10
4 71 -2.55 10.4 -10 -2.55 9.6 -10 -4.05 9.6 -10 -4.05 10.4 -10
4 16 -2.55 9.6 -10 -2.55 8.8 -10 -4.05 8.8 -10 -4.05 9.6 -10
4 71 -1.25 10.4 -10 -1.25 9.6 -10 -1.7 9.6 -10 -1.7 10.4 -10
4 71 -2.55 9.6 -10 -1.7 9.6 -10 -1.7 8.8 -10 -2.55 8.8 -10
4 71 -1.7 9.6 -10 -2.55 9.6 -10 -2.55 10.4 -10 -1.7 10.4 -10
3 0 -1.25 9.6 -10 -.85 9.6 -10 -1.7 8.8 -10
3 0 -1.25 9.6 -10 -1.7 8.8 -10 -1.7 9.6 -10
3 0 -1.25 10.4 -10 -1.7 10.4 -10 -1.7 18.35 -10
3 0 -1.25 10.4 -10 -1.7 18.35 -10 -.85 10.4 -10
4 71 -3.2244 5.5756 -10 -3.3756 5.5756 -10 -3.7787 5.9787 -10 -2.8213 5.9787 -10
3 71 -3.7787 5.9787 -10 -3.3 6.8 -10 -2.8213 5.9787 -10
4 16 -3.3756 4.24 -10 -3.3756 5.5756 -10 -3.2244 5.5756 -10 -3.2244 4.24 -10
4 16 -9.15 6.25 -10 -9.4213 5.9787 -10 -10.59 8.8 -10 -9.15 8.8 -10
4 16 -6.6 4.81 -10 -9.4213 5.9787 -10 -9.15 6.25 -10 -6.6 6.25 -10
4 16 -6.6 4.81 -10 -6.6 6.25 -10 -4.05 6.25 -10 -3.7787 5.9787 -10
4 16 -3.7787 5.9787 -10 -4.05 6.25 -10 -4.05 8.8 -10 -3.3 6.8 -10
4 71 -10.59 8.8 -10 -11.16 8.8 -10 -11.16 19.2 -10 -10.59 18.6 -10
3 71 -9.15 18.6 -10 -10.59 18.6 -10 -11.16 19.2 -10
4 71 -8.3 10.4 -10 -8.3 9.6 -10 -9.15 8.8 -10 -9.15 18.6 -10
4 16 -9.15 8.8 -10 -10.59 8.8 -10 -10.59 18.6 -10 -9.15 18.6 -10
3 16 -4.05 8.8 -10 -2.55 8.8 -10 -3.3 6.8 -10
4 16 -2.55 6.25 -10 -2.8213 5.9787 -10 -3.3 6.8 -10 -2.55 8.8 -10
4 16 0 4.81 -10 -2.8213 5.9787 -10 -2.55 6.25 -10 0 6.25 -10
3 16 -3.2244 4.24 -10 0 4.24 -10 -20 0 -10
3 16 -3.2244 4.24 -10 -20 0 -10 -3.3756 4.24 -10
3 16 -3.3756 4.24 -10 -20 0 -10 -6.6 4.24 -10
3 16 -6.6 4.24 -10 -20 0 -10 -11.16 4.24 -10
3 16 -11.16 4.24 -10 -20 0 -10 -11.16 8.8 -10
4 16 -11.16 19.2 -10 -11.16 8.8 -10 -20 0 -10 -20 24 -10
4 71 -4.05 10.4 -10 -4.9 10.4 -10 -4.9 18.35 -10 -4.05 18.6 -10
4 71 -4.9 18.35 -10 -8.3 18.35 -10 -9.15 18.6 -10 -4.05 18.6 -10
3 71 -4.05 18.6 -10 -9.15 18.6 -10 -11.16 19.2 -10
3 71 -9.15 18.6 -10 -8.3 18.35 -10 -8.3 10.4 -10
4 71 -2.55 18.6 -10 -4.05 18.6 -10 -11.16 19.2 -10 0 19.2 -10
4 16 -2.55 10.4 -10 -4.05 10.4 -10 -4.05 18.6 -10 -2.55 18.6 -10
4 71 -2.55 10.4 -10 -2.55 18.6 -10 -1.7 18.35 -10 -1.7 10.4 -10
3 71 -1.7 18.35 -10 -2.55 18.6 -10 0 19.2 -10
1 71 -6.6 8.8 -10 -.85 0 0 0 0 -.85 0 1 0 2-4ring2.dat
1 16 -6.6 8.8 -10 -2.55 0 0 0 0 -2.55 0 1 0 2-4ndis.dat
1 71 -7.85 10 -10 0 0 .4 .4 0 0 0 1 0 8\2-4chrd.dat
1 0 -7.85 10 -10 0 0 .4 .4 0 0 0 1 0 8\2-4ndis.dat
1 71 -5.35 10 -10 0 0 -.4 .4 0 0 0 1 0 8\2-4chrd.dat
1 0 -5.35 10 -10 0 0 -.4 .4 0 0 0 1 0 8\2-4ndis.dat
1 71 -1.25 10 -10 0 0 .4 .4 0 0 0 1 0 8\2-4chrd.dat
1 0 -1.25 10 -10 0 0 .4 .4 0 0 0 1 0 8\2-4ndis.dat
1 71 -6.6 8.8 -10 -.57 0 0 0 0 -.57 0 1 0 3-8ring7.dat
1 71 0 8.8 -10 0 0 -.57 -.57 0 0 0 1 0 1-8ring7.dat
1 16 -6.6 8.8 -10 -4.56 0 0 0 0 -4.56 0 1 0 1-4ndis.dat
1 16 0 8.8 -10 0 0 -4.56 -4.56 0 0 0 1 0 1-8tndis.dat
1 16 -6.6 8.8 -10 0 0 4.56 -4.56 0 0 0 1 0 1-8tndis.dat
1 16 -6.6 8.8 -10 -3.99 0 0 0 0 -3.99 0 1 0 1-8chrd.dat
1 16 -6.6 8.8 -10 0 0 -3.99 -3.99 0 0 0 1 0 1-8chrd.dat
1 16 -6.6 8.8 -10 0 0 3.99 -3.99 0 0 0 1 0 1-8chrd.dat
1 0 -6.6 8.8 -10 -1.7 0 0 0 0 -1.7 0 1 0 2-4chrd.dat
1 16 0 8.8 -10 0 0 -3.99 -3.99 0 0 0 1 0 1-8chrd.dat
3 16 0 19.2 -10 -11.16 19.2 -10 -20 24 -10