0 ~Wheel Rim 18 x 41 Model Team - Common Geometry 1/6
0 Name: s\32004s02.dat
0 Author: Gerald Lasser [GeraldLasser]
0 !LDRAW_ORG Subpart UPDATE 2026-07
0 !LICENSE Licensed under CC BY 4.0 : see CAreadme.txt

0 BFC CERTIFY CCW

0 !HISTORY 2026-05-12 [MagFors] Reshaped
0 !HISTORY 2026-07-30 [OrionP] Official Update 2026-07

0 // Pin Hole and Surrounding
1 16 17.321 -10 10 .6088 0 -.7934 -.7934 0 -.6088 0 1 0 connhol3.dat
1 16 17.321 -10 18 -1.5867 0 1.2175 -1.2175 0 -1.5867 0 -1 0 4-4ring3.dat
0 BFC INVERTNEXT
1 16 17.321 -10 18 -6.3469 0 4.8702 -4.8702 0 -6.3469 0 2 0 4-4cylo.dat
1 16 17.321 -10 0 -.7934 0 .6088 -.6088 0 -.7934 0 1 0 2-4ring9.dat
1 16 17.321 -10 0 .7934 0 -.6088 .6088 0 .7934 0 1 0 1-8ring9.dat
1 16 17.321 -10 0 -5.4789 0 -7.1402 7.1402 0 -5.4789 0 1 0 1-4tang.dat
1 16 17.321 -10 0 -5.4789 0 7.1402 7.1402 0 5.4789 0 1 0 1-8tang.dat

1 16 17.321 -10 20 -4.8702 0 -6.3469 6.3469 0 -4.8702 0 -1 0 1-4tang.dat
1 16 17.321 -10 20 -4.8702 0 6.3469 6.3469 0 4.8702 0 -1 0 1-4tang.dat
1 16 17.321 -10 20 4.8702 0 -6.3469 -6.3469 0 -4.8702 0 -1 0 1-4tang.dat
1 16 17.321 -10 20 4.8702 0 6.3469 -6.3469 0 4.8702 0 -1 0 1-4tang.dat

0 // Conical Surface
4 16 35.703 -27.396 -11 23.4086 -17.9335 -4.5463 25.9811 -15.0006 -4.7597 38.97 -22.5 -11
4 16 35.703 -27.396 -11 31.8195 -31.8195 -11 19.9093 -19.6595 -3.9234 23.4086 -17.9335 -4.5463
4 16 16.0157 -19.9145 -2.9227 19.9093 -19.6595 -3.9234 31.8195 -31.8195 -11 27.396 -35.703 -11
4 16 27.396 -35.703 -11 22.5 -38.97 -11 12.3208 -18.6604 -1.6007 16.0157 -19.9145 -2.9227
4 16 41.5755 -17.2215 -11 38.97 -22.5 -11 25.9811 -15.0006 -4.7597 27.2355 -11.3053 -4.5467
4 16 41.5755 -17.2215 -11 27.2355 -11.3053 -4.5467 26.9805 -7.4117 -3.9237 43.4655 -11.646 -11
4 16 44.613 -5.8725 -11 43.4655 -11.646 -11 26.9805 -7.4117 -3.9237 25.2545 -3.9124 -2.9238
4 16 22.3212 -1.3396 -1.6012 45 0 -11 44.613 -5.8725 -11 25.2545 -3.9124 -2.9238
3 16 22.3212 -1.3396 -1.6012 18.6261 0 0 45 0 -11
3 16 22.3212 -1.3396 -1.6012 18.6262 -.0857 0 18.6261 0 0
3 16 9.3131 -16.1307 0 12.3208 -18.6604 -1.6007 22.5 -38.97 -11
3 16 9.3131 -16.1307 0 9.3874 -16.0877 0 12.3208 -18.6604 -1.6007

5 24 22.5 -38.97 -11 9.3131 -16.1307 0 17.2208 -41.5722 -11 27.396 -35.703 -11
5 24 27.396 -35.703 -11 16.0157 -19.9145 -2.9227 19.9093 -19.6595 -3.9234 22.5 -38.97 -11
5 24 31.8195 -31.8195 -11 19.9093 -19.6595 -3.9234 27.396 -35.703 -11 23.4086 -17.9335 -4.5463
5 24 44.613 -5.8725 -11 25.2545 -3.9124 -2.9238 43.4655 -11.646 -11 45 0 -11
5 24 26.9805 -7.4117 -3.9237 43.4655 -11.646 -11 25.2545 -3.9124 -2.9238 27.2355 -11.3053 -4.5467
5 24 41.5755 -17.2215 -11 27.2355 -11.3053 -4.5467 38.97 -22.5 -11 43.4655 -11.646 -11
5 24 12.3208 -18.6604 -1.6007 22.5 -38.97 -11 16.0157 -19.9145 -2.9227 9.3131 -16.1307 0
5 24 25.9811 -15.0006 -4.7597 38.97 -22.5 -11 27.2355 -11.3053 -4.5467 23.4086 -17.9335 -4.5463
5 24 35.703 -27.396 -11 23.4086 -17.9335 -4.5463 31.8195 -31.8195 -11 38.97 -22.5 -11
5 24 22.3212 -1.3396 -1.6012 18.6261 0 0 45 0 -11 18.6262 -.0857 0
5 24 12.3208 -18.6604 -1.6007 9.3131 -16.1307 0 22.5 -38.97 -11 9.3874 -16.0877 0
2 24 9.3131 -16.1307 0 9.3874 -16.0877 0

0 // Conical Surface - Cutout
4 16 25.9811 -15.0006 -4.7597 23.4086 -17.9335 -4.5463 23.4086 -17.9335 0 25.9814 -15 0
4 16 23.4086 -17.9335 0 23.4086 -17.9335 -4.5463 19.9093 -19.6595 -3.9234 19.9092 -19.6595 0
4 16 19.9092 -19.6595 0 19.9093 -19.6595 -3.9234 16.0157 -19.9145 -2.9227 16.0157 -19.9145 0
4 16 16.0157 -19.9145 0 16.0157 -19.9145 -2.9227 12.3208 -18.6604 -1.6007 12.3208 -18.6604 0
4 16 27.2353 -11.3052 0 27.2355 -11.3053 -4.5467 25.9811 -15.0006 -4.7597 25.9814 -15 0
4 16 26.9805 -7.4117 -3.9237 27.2355 -11.3053 -4.5467 27.2353 -11.3052 0 26.9805 -7.4118 0
4 16 25.2545 -3.9124 -2.9238 26.9805 -7.4117 -3.9237 26.9805 -7.4118 0 25.2545 -3.9124 0
4 16 25.2545 -3.9124 -2.9238 25.2545 -3.9124 0 22.321 -1.3395 0 22.3212 -1.3396 -1.6012
3 16 12.3208 -18.6604 0 12.3208 -18.6604 -1.6007 9.3874 -16.0877 0
3 16 22.321 -1.3395 0 18.6262 -.0857 0 22.3212 -1.3396 -1.6012
2 24 22.3212 -1.3396 -1.6012 18.6262 -.0857 0
2 24 23.4086 -17.9335 -4.5463 19.9093 -19.6595 -3.9234
2 24 27.2355 -11.3053 0 25.9814 -15 0
2 24 25.9814 -15 0 23.4086 -17.9335 0
2 24 23.4086 -17.9335 0 19.9093 -19.6595 0
2 24 19.9093 -19.6595 0 16.0157 -19.9145 0
2 24 16.0157 -19.9145 0 12.3208 -18.6604 0
2 24 19.9093 -19.6595 -3.9234 16.0157 -19.9145 -2.9227
2 24 16.0157 -19.9145 -2.9227 12.3208 -18.6604 -1.6007
2 24 23.4086 -17.9335 -4.5463 25.9811 -15.0006 -4.7597
2 24 25.9811 -15.0006 -4.7597 27.2355 -11.3053 -4.5467
2 24 27.2355 -11.3053 -4.5467 26.9805 -7.4117 -3.9237
2 24 26.9805 -7.4117 -3.9237 25.2545 -3.9124 -2.9238
2 24 25.2545 -3.9124 -2.9238 22.3212 -1.3396 -1.6012
2 24 26.9805 -7.4118 0 27.2353 -11.3052 0
2 24 25.2545 -3.9124 0 26.9805 -7.4118 0
2 24 25.2545 -3.9124 0 22.321 -1.3395 0
2 24 22.321 -1.3395 0 18.6262 -.0857 0
2 24 12.3208 -18.6604 0 9.3874 -16.0877 0
2 24 12.3208 -18.6604 -1.6007 9.3874 -16.0877 0
2 24 18.6262 -.0857 0 18.6261 0 0
5 24 25.9811 -15.0006 -4.7597 25.9814 -15 0 23.4086 -17.9335 -4.5463 27.2353 -11.3052 0
5 24 22.3212 -1.3396 -1.6012 22.321 -1.3395 0 25.2545 -3.9124 -2.9238 18.6262 -.0857 0
5 24 12.3208 -18.6604 0 12.3208 -18.6604 -1.6007 16.0157 -19.9145 0 9.3874 -16.0877 0
5 24 19.9092 -19.6595 0 19.9093 -19.6595 -3.9234 23.4086 -17.9335 0 16.0157 -19.9145 -2.9227
5 24 26.9805 -7.4117 -3.9237 26.9805 -7.4118 0 27.2355 -11.3053 -4.5467 25.2545 -3.9124 0
5 24 27.2353 -11.3052 0 27.2355 -11.3053 -4.5467 25.9811 -15.0006 -4.7597 26.9805 -7.4118 0
5 24 23.4086 -17.9335 -4.5463 23.4086 -17.9335 0 19.9093 -19.6595 -3.9234 25.9814 -15 0
5 24 16.0157 -19.9145 -2.9227 16.0157 -19.9145 0 19.9092 -19.6595 0 12.3208 -18.6604 -1.6007
5 24 25.2545 -3.9124 0 25.2545 -3.9124 -2.9238 26.9805 -7.4117 -3.9237 22.321 -1.3395 0

0 // Conical Surface - Area between Pin Holes
4 16 9.2389 -16.1736 0 8.3152 -16.5562 0 7.6307 -14.9021 0 9.3131 -16.1307 0
4 16 9.3874 -16.0877 0 9.3131 -16.1307 0 9.091 -14.0587 0 10.1808 -15.4789 0
3 16 9.3131 -16.1307 0 7.6307 -14.9021 0 9.091 -14.0587 0
4 16 8.6273 -12.3294 0 9.091 -14.0587 0 7.6307 -14.9021 0 6.3645 -13.6363 0
4 16 8.1637 -10.6001 0 8.6273 -12.3294 0 6.3645 -13.6363 0 5.0983 -12.3705 0
4 16 8.398 -8.8253 0 8.1637 -10.6001 0 5.0983 -12.3705 0 3.4444 -11.6854 0
4 16 8.631 -7.0503 0 8.398 -8.8253 0 3.4444 -11.6854 0 1.7906 -11.0004 0
4 16 1.7906 -11.0004 0 -.0006 -11.0009 0 9.5264 -5.4999 0 8.631 -7.0503 0

0 // Flat Side
4 16 19.321 0 9 19.321 -.713 9 22.0711 -1.7724 9 30 0 9
4 16 24.8579 -4.2167 9 26.4976 -7.5412 9 29.287 -6.5 9 29.742 -3.915 9
4 16 24.8579 -4.2167 9 29.742 -3.915 9 30 0 9 22.0711 -1.7724 9
4 16 19.7798 -19.1766 9 16.081 -19.4187 9 18.264 -23.802 9 20.273 -22.114 9
4 16 15 -25.981 9 18.264 -23.802 9 16.081 -19.4187 9 12.5709 -18.2276 9
4 16 15 -25.981 9 12.5709 -18.2276 9 10.278 -16.376 9 9.66 -16.732 9

4 16 3.75 -6.4952 9 8.5446 -6.3645 9 9.7844 -4.2172 9 7.5 0 9
3 16 7.5 0 9 9.7844 -4.2172 9 11.5377 -2.4631 9
3 16 7.5 0 9 11.5377 -2.4631 9 14.8622 -.8234 9
3 16 7.902 -8.76 9 8.5446 -6.3645 9 3.75 -6.4952 9
3 16 7.902 -8.76 9 3.75 -6.4952 9 8.1444 -12.4588 9
4 16 7.66 -13.268 9 8.278 -12.911 9 8.1444 -12.4588 9 3.75 -6.4952 9
4 16 14.8622 -.8234 9 15.321 -.713 9 15.321 0 9 7.5 0 9

0 // Slanted Area
4 16 29.742 -3.915 20 31.7248 -4.176 20 32 0 20 30 0 20
4 16 31.7248 -4.176 20 29.742 -3.915 20 29.287 -6.5 20 31.4322 -5.6482 20
1 16 29.5145 -5.2075 14.5 0 0 -.2275 0 -1 -1.2925 -5.5 0 0 rect3.dat
1 16 29.871 -1.9575 14.5 .129 0 0 1.9575 -1 0 0 0 -5.5 rect2p.dat
4 16 41.9373 -16.1543 14 35.218 -9.436 10.716 31.4322 -5.6482 9 31.4322 -5.6482 20
1 16 31.5785 -4.9121 14.5 0 0 -.1463 0 1 -.7361 5.5 0 0 rect3.dat
1 16 31.8624 -2.088 14.5 .1376 0 0 2.088 1 0 0 0 5.5 rect2p.dat

2 24 35.218 -9.436 10.716 31.4322 -5.6482 9
2 24 41.9373 -16.1543 14 35.218 -9.436 10.716
2 24 41.9373 -16.1543 14 31.4322 -5.6482 20
1 16 27.8921 -7.0206 14.5 0 0 -1.3949 0 -1 -.5206 -5.5 0 0 rect3.dat
5 24 31.7248 -4.176 20 31.7248 -4.176 9 32 0 20 31.4322 -5.6482 20
5 24 29.742 -3.915 20 29.742 -3.915 9 30 0 20 29.287 -6.5 20

1 16 20.0264 -20.6451 14.5 0 0 -.2466 0 1 1.4689 5.5 0 0 rect3.dat
1 16 16.632 -24.8915 14.5 -1.632 0 0 -1.0895 -1 0 0 0 5.5 rect2p.dat
1 16 19.2685 -22.958 14.5 0 0 1.0045 0 -1 .844 5.5 0 0 rect3.dat
4 16 20.611 -24.3974 9 25.803 -25.789 10.728 34.9598 -28.2426 14 20.6109 -24.3974 20
1 16 17.7408 -26.5504 14.5 -1.7408 0 0 -1.1616 1 0 0 0 -5.5 rect2p.dat
1 16 20.0463 -24.8931 14.5 0 0 .5647 0 1 .4957 -5.5 0 0 rect3.dat

4 16 18.264 -23.802 20 15 -25.98 20 16 -27.712 20 19.4816 -25.3888 20
4 16 20.273 -22.114 20 18.264 -23.802 20 19.4816 -25.3888 20 20.6109 -24.3974 20
2 24 34.9598 -28.2426 14 20.6109 -24.3974 20
2 24 25.803 -25.789 10.728 20.611 -24.3974 9
2 24 34.9598 -28.2426 14 25.803 -25.789 10.728
5 24 18.264 -23.802 9 18.264 -23.802 20 15 -25.981 9 20.273 -22.114 20
5 24 19.4816 -25.3888 20 19.4816 -25.3888 9 20.611 -24.3974 9 16 -27.712 20

0 // Adapter to Pin Hole
3 16 9.5933 -12.0706 20 8.278 -12.911 20 10.0054 -13.6078 20
4 16 10.9741 -14.8702 20 10.0054 -13.6078 20 8.278 -12.911 20 10.278 -16.376 20
3 16 10.9741 -14.8702 20 10.278 -16.376 20 11.9428 -16.1326 20
4 16 13.3209 -16.9285 20 11.9428 -16.1326 20 10.278 -16.376 20 12.5709 -18.2276 20
4 16 13.3209 -16.9285 20 12.5709 -18.2276 20 16.081 -19.4187 20 14.6991 -17.7244 20
3 16 14.6991 -17.7244 20 16.081 -19.4187 20 16.2768 -17.9316 20
4 16 19.7798 -19.1762 20 17.8544 -18.1398 20 16.2768 -17.9316 20 16.081 -19.4187 20
3 16 17.8544 -18.1398 20 19.7798 -19.1762 20 19.3916 -17.7277 20
4 16 10.3925 -6 20 8.5446 -6.3645 20 7.902 -8.76 20 9.5966 -7.3781 20
3 16 9.5966 -7.3781 20 7.902 -8.76 20 9.3894 -8.9558 20
4 16 9.3894 -8.9558 20 7.902 -8.76 20 8.1444 -12.4588 20 9.1812 -10.5334 20
4 16 9.1812 -10.5334 20 8.1444 -12.4588 20 8.278 -12.911 20 9.5933 -12.0706 20
4 16 8.5446 -6.3645 20 10.3925 -6 20 11.1884 -4.6218 20 9.7844 -4.2172 20
4 16 9.7844 -4.2172 20 11.1884 -4.6218 20 12.4508 -3.6531 20 11.5377 -2.4631 20
4 16 12.4508 -3.6531 20 13.7132 -2.6844 20 14.8622 -.8234 20 11.5377 -2.4631 20
3 16 13.7132 -2.6844 20 15.2504 -2.2723 20 14.8622 -.8234 20
4 16 16.7876 -1.8602 20 15.321 -.713 20 14.8622 -.8234 20 15.2504 -2.2723 20
4 16 15.321 -.713 20 16.7876 -1.8602 20 18.3652 -2.0684 20 19.321 -.713 20
4 16 18.3652 -2.0684 20 19.9429 -2.2756 20 22.071 -1.7728 20 19.321 -.713 20
3 16 22.071 -1.7728 20 19.9429 -2.2756 20 21.3211 -3.0715 20
3 16 22.071 -1.7728 20 21.3211 -3.0715 20 22.6992 -3.8674 20
4 16 23.6679 -5.1298 20 24.8579 -4.2167 20 22.071 -1.7728 20 22.6992 -3.8674 20
4 16 26.4972 -7.5413 20 24.8579 -4.2167 20 23.6679 -5.1298 20 24.6366 -6.3922 20
3 16 24.6366 -6.3922 20 25.0487 -7.9294 20 26.4972 -7.5413 20
4 16 7.66 -13.268 20 9.66 -16.732 20 10.278 -16.376 20 8.278 -12.911 20
4 16 15.321 0 20 15.321 -.713 20 19.321 -.713 20 19.321 0 20

1 16 25.6776 -5.879 14.5 .8197 0 0 -1.6623 -1 0 0 0 -5.5 rect2p.dat
1 16 23.4645 -2.9948 14.5 1.3935 0 0 -1.222 -1 0 0 0 -5.5 rect2p.dat
1 16 20.696 -1.2429 14.5 -1.375 0 0 .5299 -1 0 0 0 5.5 rect2p.dat
1 16 19.321 -.3565 14.5 0 -1 0 0 0 -.3565 5.5 0 0 rect3.dat
5 24 24.8579 -4.2167 20 24.8579 -4.2167 9 26.4972 -7.5413 20 22.0711 -1.7724 20
5 24 22.071 -1.7728 20 22.0711 -1.7724 9 24.8579 -4.2167 20 19.321 -.713 20

1 16 9.969 -16.554 14.5 0 0 .309 0 1 .178 -5.5 0 0 rect3.dat
1 16 17.9304 -19.2975 14.5 -1.8494 0 0 -.1213 1 0 0 0 -5.5 rect2p.dat
1 16 14.326 -18.8232 14.5 -1.7551 0 0 .5956 1 0 0 0 -5.5 rect2p.dat
1 16 11.4245 -17.3018 14.5 -1.1465 0 0 .9258 1 0 0 0 -5.5 rect2p.dat
5 24 12.5709 -18.2276 20 12.5709 -18.2276 9 16.081 -19.4187 9 10.278 -16.376 20
5 24 16.081 -19.4187 20 16.081 -19.4187 9 12.5709 -18.2276 9 19.7798 -19.1762 12

1 16 15.0916 -.7682 14.5 0 0 .2294 0 -1 .0552 5.5 0 0 rect3.dat
1 16 13.2 -1.6433 14.5 1.6623 0 0 .8199 -1 0 0 0 -5.5 rect2p.dat
1 16 10.6611 -3.3402 14.5 -.8767 0 0 -.8771 -1 0 0 0 5.5 rect2p.dat
1 16 15.321 -.3565 14.5 0 1 0 -.3565 0 0 0 0 5.5 rect2p.dat
5 24 11.5377 -2.4631 20 11.5377 -2.4631 9 9.7844 -4.2172 20 14.8622 -.8234 20
5 24 14.8622 -.8234 20 14.8622 -.8234 9 15.321 -.713 20 11.5377 -2.4631 20

1 16 7.969 -13.0895 14.5 0 0 .309 0 -1 .1785 5.5 0 0 rect3.dat
1 16 8.0232 -10.6094 14.5 .1212 0 0 -1.8494 1 0 0 0 5.5 rect2p.dat
1 16 8.2233 -7.5623 14.5 -.3213 0 0 -1.1978 -1 0 0 0 5.5 rect2p.dat
1 16 8.2112 -12.6849 14.5 .0668 0 0 -.2261 1 0 0 0 5.5 rect2p.dat
5 24 7.902 -8.76 20 7.902 -8.76 9 8.1444 -12.4588 9 8.5446 -6.3645 20
5 24 8.1444 -12.4588 20 8.1444 -12.4588 9 8.278 -12.911 9 7.902 -8.76 20

0 // conical inside
4 16 44.613 -5.8725 14 45 0 14 32 0 9 31.7248 -4.176 9
4 16 31.7248 -4.176 9 35.218 -9.436 10.716 43.4655 -11.646 14 44.613 -5.8725 14
3 16 31.7248 -4.176 9 31.4322 -5.6482 9 35.218 -9.436 10.716
3 16 41.9373 -16.1543 14 43.4655 -11.646 14 35.218 -9.436 10.716
3 16 31.8195 -31.8195 14 34.9598 -28.2426 14 25.803 -25.789 10.728
4 16 25.803 -25.789 10.728 19.4816 -25.3888 9 27.396 -35.703 14 31.8195 -31.8195 14
3 16 25.803 -25.789 10.728 20.611 -24.3974 9 19.4816 -25.3888 9
4 16 22.5 -38.97 14 27.396 -35.703 14 19.4816 -25.3888 9 16 -27.712 9
5 24 32 0 9 45 0 14 32 4.2144 9 31.7248 -4.176 9
5 24 31.7248 -4.176 9 44.613 -5.8725 14 32 0 9 31.4322 -5.6482 9
5 24 35.218 -9.436 10.716 43.4655 -11.646 14 31.7248 -4.176 9 41.9373 -16.1543 14
5 24 25.803 -25.789 10.728 31.8195 -31.8195 14 34.9598 -28.2426 14 19.4816 -25.3888 9
5 24 19.4816 -25.3888 9 27.396 -35.703 14 20.611 -24.3974 9 16 -27.712 9
5 24 16 -27.712 9 22.5 -38.97 14 19.4816 -25.3888 9 12.352 -29.8208 9
5 24 45 0 -11 22.3212 -1.3396 -1.6012 25.2545 -3.9124 -2.9238 18.6261 0 0