0 ~Technic Brick  5 x  5 Corner with Holes - Corner
0 Name: s\32555s02.dat
0 Author: Rene Rechthaler [Blechtaler]
0 !LDRAW_ORG Subpart UPDATE 2026-04
0 !LICENSE Licensed under CC BY 4.0 : see CAreadme.txt

0 BFC CERTIFY CCW

0 !HISTORY 2026-01-16 [Blechtaler] made from 32555.dat by [technog]
0 !HISTORY 2026-04-27 [OrionP] Official Update 2026-04

0 // outside
4 16 -14.25 20 5.75 -20 0 0 0 0 20 -5.75 20 14.25
4 16 0 24 20 -5.75 24 14.25 -5.75 20 14.25 0 0 20
4 16 -14.25 24 5.75 -20 24 0 -20 0 0 -14.25 20 5.75
3 16 0 0 0 0 0 20 -20 0 0
2 24 0 0 20 0 24 20
2 24 0 24 0 0 0 0
2 24 -20 24 0 -20 0 0
2 24 -20 0 0 0 0 20
2 24 0 24 20 -5.75 24 14.25
2 24 -20 24 0 -14.25 24 5.75
0 // bottom
0 BFC INVERTNEXT
1 16 -8.75 24 8.75 1.25 0 -4.25 0 -4 0 -1.25 0 -4.25 box3u2p.dat
4 16 -3.25 24 11.75 -5.75 24 14.25 0 24 20 1 24 16
3 16 1 24 16 0 24 20 4 24 16
4 16 4 24 16 4 24 4 1 24 4 1 24 16
4 16 4 24 4 0 24 0 -4 24 -1 1 24 4
4 16 -4 24 1 -1 24 4 1 24 4 -4 24 -1
3 16 -4 24 -1 0 24 0 -4 24 -4
4 16 -4 24 -4 -16 24 -4 -16 24 -1 -4 24 -1
3 16 -16 24 -1 -16 24 -4 -20 24 0
4 16 -14.25 24 5.75 -11.75 24 3.25 -16 24 -1 -20 24 0
0 // inside
0 BFC INVERTNEXT
1 16 0 14 10 0 1 0 10 0 0 0 0 -6 box2-5.dat
0 BFC INVERTNEXT
1 16 -10 14 0 0 6 0 10 0 0 0 0 -1 box2-5.dat
1 16 -2.5 14 2.5 1.5 1 0 0 0 10 1.5 0 0 rect2p.dat
4 16 -11.75 20 3.25 -3.25 20 11.75 1 4 16 -16 4 -1
4 16 -3.25 24 11.75 1 24 16 1 4 16 -3.25 20 11.75
4 16 -16 4 -1 -16 24 -1 -11.75 24 3.25 -11.75 20 3.25
3 16 1 4 16 1 4 4 -1 4 4
4 16 -16 4 -1 1 4 16 -1 4 4 -4 4 1
3 16 -16 4 -1 -4 4 1 -4 4 -1
2 24 1 24 16 -3.25 24 11.75
2 24 1 4 16 -16 4 -1
2 24 -16 24 -1 -11.75 24 3.25