0 ~Minifig Leg Silver Celtic Tunic Hem, Dark Orange Knee Wrappings and Black Shoe Tips Pattern
0 Name: s\3817cp0bs01.dat
0 Author: Philippe Hurbain [Philo]
0 !LDRAW_ORG Subpart UPDATE 2026-07
0 !LICENSE Licensed under CC BY 4.0 : see CAreadme.txt

0 BFC CERTIFY CCW

0 !HISTORY 2026-07-30 [OrionP] Official Update 2026-07

4 0 17.5194 26.0946 -11.25 11.0744 25.4651 -11.25 8.8355 25.4508 -11.25 3.1062 26.0931 -11.25
4 0 2.9312 23.6857 -11.25 3.1717 24.5227 -11.25 3.7042 24.9436 -11.25 3.7359 24.0906 -11.25
4 0 14.3145 23.3064 -11.25 15.6025 23.2129 -11.25 15.2734 22.6484 -11.25 14.8252 22.8344 -11.25
4 0 17.5484 27.2386 -11.25 18.215 27.2315 -11.25 18.2543 25.5101 -11.25 17.5194 26.0946 -11.25
4 0 18.0877 25.0957 -11.25 17.5367 25.4428 -11.25 17.5194 26.0946 -11.25 18.2543 25.5101 -11.25
4 0 3.051 27.2386 -11.25 3.1062 26.0931 -11.25 2.3497 25.5599 -11.25 2.3507 27.2113 -11.25
4 0 17.5367 25.4428 -11.25 11.6645 25.4162 -11.25 11.0744 25.4651 -11.25 17.5194 26.0946 -11.25
3 0 11.6645 25.4162 -11.25 11.1793 25.3957 -11.25 11.0744 25.4651 -11.25
4 0 2.5366 25.1559 -11.25 2.3497 25.5599 -11.25 3.1062 26.0931 -11.25 3.1569 25.4456 -11.25
3 0 11.0744 25.4651 -11.25 9.3412 25.438 -11.25 8.8355 25.4508 -11.25
3 0 8.8355 25.4508 -11.25 3.1569 25.4456 -11.25 3.1062 26.0931 -11.25
3 0 4.9327 24.1061 -11.25 6.2537 23.361 -11.25 5.1109 23.2356 -11.25
3 0 3.7359 24.0906 -11.25 3.6324 23.7074 -11.25 2.9312 23.6857 -11.25
4 0 3.7042 24.9436 -11.25 4.9327 24.1061 -11.25 5.1109 23.2356 -11.25 3.7359 24.0906 -11.25
4 0 3.7042 24.9436 -11.25 3.1717 24.5227 -11.25 2.5366 25.1559 -11.25 3.1569 25.4456 -11.25
4 0 5.3868 22.616 -11.25 5.1109 23.2356 -11.25 6.2537 23.361 -11.25 5.8292 22.8226 -11.25
4 0 7.6426 22.7212 -11.25 8.8355 25.4508 -11.25 9.3412 25.438 -11.25 8.1221 22.557 -11.25
4 0 3.9299 22.4388 -11.25 3.1392 22.4561 -11.25 2.9655 23.0515 -11.25 3.6539 23.1253 -11.25
4 0 3.6324 23.7074 -11.25 3.6539 23.1253 -11.25 2.9655 23.0515 -11.25 2.9312 23.6857 -11.25
4 0 4.0893 22.4046 -11.25 3.9607 21.7581 -11.25 3.4423 22.0009 -11.25 3.9299 22.4388 -11.25
3 0 3.4423 22.0009 -11.25 3.1392 22.4561 -11.25 3.9299 22.4388 -11.25
4 0 5.1109 23.2356 -11.25 5.3868 22.616 -11.25 4.4636 21.899 -11.25 4.0893 22.4046 -11.25
3 0 4.4636 21.899 -11.25 3.9607 21.7581 -11.25 4.0893 22.4046 -11.25
4 0 8.8907 21.6613 -11.25 7.3876 22.1558 -11.25 7.6426 22.7212 -11.25 8.1221 22.557 -11.25
4 0 5.8292 22.8226 -11.25 6.2537 23.361 -11.25 7.6426 22.7212 -11.25 7.3876 22.1558 -11.25
4 0 11.1793 25.3957 -11.25 11.6645 25.4162 -11.25 12.8414 22.7009 -11.25 12.3636 22.5451 -11.25
3 0 12.3636 22.5451 -11.25 12.8414 22.7009 -11.25 12.4029 21.905 -11.25
4 0 10.6281 21.5277 -11.25 11.2195 22.2357 -11.25 12.3636 22.5451 -11.25 12.4029 21.905 -11.25
4 0 14.3145 23.3064 -11.25 14.8252 22.8344 -11.25 12.4029 21.905 -11.25 12.8414 22.7009 -11.25
4 0 17.2357 21.984 -11.25 16.8727 22.589 -11.25 17.0419 23.1064 -11.25 17.5933 22.5429 -11.25
4 0 16.2901 21.8679 -11.25 16.6916 22.3985 -11.25 17.2357 21.984 -11.25 16.8188 21.7655 -11.25
3 0 16.8727 22.589 -11.25 17.2357 21.984 -11.25 16.6916 22.3985 -11.25
4 0 9.5783 21.5427 -11.25 10.1175 22.1212 -11.25 11.2195 22.2357 -11.25 10.6281 21.5277 -11.25
3 0 9.276 22.218 -11.25 8.8907 21.6613 -11.25 8.1221 22.557 -11.25
4 0 8.8907 21.6613 -11.25 9.276 22.218 -11.25 10.1175 22.1212 -11.25 9.5783 21.5427 -11.25
4 0 16.2901 21.8679 -11.25 15.2734 22.6484 -11.25 15.6025 23.2129 -11.25 16.6916 22.3985 -11.25
4 0 14.3145 23.3064 -11.25 15.6178 23.9799 -11.25 17.0229 24.0166 -11.25 15.6025 23.2129 -11.25
4 0 17.0229 24.0166 -11.25 17.7662 23.6439 -11.25 17.5933 22.5429 -11.25 17.0419 23.1064 -11.25
4 0 16.877 24.7902 -11.25 17.5507 24.51 -11.25 17.7662 23.6439 -11.25 17.0229 24.0166 -11.25
3 0 17.0229 24.0166 -11.25 15.6178 23.9799 -11.25 16.877 24.7902 -11.25
4 0 18.0877 25.0957 -11.25 17.5507 24.51 -11.25 16.877 24.7902 -11.25 17.5367 25.4428 -11.25
4 16 18.978 20 -5.75 1.25 20 -5.75 1.25 20 -11.25 18.978 20 -11.25
4 16 11.2195 22.2357 -11.25 10.1175 22.1212 -11.25 9.3412 25.438 -11.25 11.1793 25.3957 -11.25
4 16 15.6178 23.9799 -11.25 14.3145 23.3064 -11.25 12.8414 22.7009 -11.25 11.6645 25.4162 -11.25
4 16 2.3507 27.2113 -11.25 2.3497 25.5599 -11.25 1.25 20 -11.25 1.25 28 -11.25
3 16 2.5366 25.1559 -11.25 3.1717 24.5227 -11.25 2.9312 23.6857 -11.25
3 16 18.0877 25.0957 -11.25 18.2543 25.5101 -11.25 18.978 20 -11.25
4 16 18.978 20 -11.25 17.7662 23.6439 -11.25 17.5507 24.51 -11.25 18.0877 25.0957 -11.25
3 16 17.5933 22.5429 -11.25 17.7662 23.6439 -11.25 18.978 20 -11.25
4 16 2.3497 25.5599 -11.25 2.5366 25.1559 -11.25 2.9312 23.6857 -11.25 1.25 20 -11.25
3 16 1.25 20 -11.25 2.9312 23.6857 -11.25 2.9655 23.0515 -11.25
3 16 17.2357 21.984 -11.25 17.5933 22.5429 -11.25 18.978 20 -11.25
3 16 1.25 20 -11.25 2.9655 23.0515 -11.25 3.1392 22.4561 -11.25
3 16 1.25 20 -11.25 3.1392 22.4561 -11.25 3.4423 22.0009 -11.25
3 16 16.8188 21.7655 -11.25 17.2357 21.984 -11.25 18.978 20 -11.25
4 16 16.2901 21.8679 -11.25 12.4029 21.905 -11.25 14.8252 22.8344 -11.25 15.2734 22.6484 -11.25
3 16 1.25 20 -11.25 3.4423 22.0009 -11.25 3.9607 21.7581 -11.25
4 16 5.8292 22.8226 -11.25 7.3876 22.1558 -11.25 4.4636 21.899 -11.25 5.3868 22.616 -11.25
4 16 8.8907 21.6613 -11.25 1.25 20 -11.25 3.9607 21.7581 -11.25 4.4636 21.899 -11.25
4 16 16.8188 21.7655 -11.25 18.978 20 -11.25 12.4029 21.905 -11.25 16.2901 21.8679 -11.25
4 16 9.5783 21.5427 -11.25 10.6281 21.5277 -11.25 18.978 20 -11.25 1.25 20 -11.25
3 16 10.6281 21.5277 -11.25 12.4029 21.905 -11.25 18.978 20 -11.25
3 16 4.4636 21.899 -11.25 7.3876 22.1558 -11.25 8.8907 21.6613 -11.25
3 16 8.8907 21.6613 -11.25 9.5783 21.5427 -11.25 1.25 20 -11.25
4 16 18.978 20 -11.25 18.2543 25.5101 -11.25 18.215 27.2315 -11.25 19.25 28 -11.25
3 16 19.25 28 -11.25 18.215 27.2315 -11.25 17.5484 27.2386 -11.25
3 16 2.3507 27.2113 -11.25 1.25 28 -11.25 3.051 27.2386 -11.25
4 16 17.5484 27.2386 -11.25 3.051 27.2386 -11.25 1.25 28 -11.25 19.25 28 -11.25
3 16 3.7042 24.9436 -11.25 3.1569 25.4456 -11.25 8.8355 25.4508 -11.25
3 16 8.8355 25.4508 -11.25 7.6426 22.7212 -11.25 6.2537 23.361 -11.25
4 16 3.7042 24.9436 -11.25 8.8355 25.4508 -11.25 6.2537 23.361 -11.25 4.9327 24.1061 -11.25
4 16 10.1175 22.1212 -11.25 9.276 22.218 -11.25 8.1221 22.557 -11.25 9.3412 25.438 -11.25
3 16 9.3412 25.438 -11.25 11.0744 25.4651 -11.25 11.1793 25.3957 -11.25
3 16 11.1793 25.3957 -11.25 12.3636 22.5451 -11.25 11.2195 22.2357 -11.25
4 16 15.6178 23.9799 -11.25 11.6645 25.4162 -11.25 17.5367 25.4428 -11.25 16.877 24.7902 -11.25
4 80 5.1109 23.2356 -11.25 4.0893 22.4046 -11.25 3.9299 22.4388 -11.25 3.6539 23.1253 -11.25
4 80 17.0419 23.1064 -11.25 16.8727 22.589 -11.25 16.6916 22.3985 -11.25 15.6025 23.2129 -11.25
4 80 3.051 27.2386 -11.25 17.5484 27.2386 -11.25 17.5194 26.0946 -11.25 3.1062 26.0931 -11.25
4 80 3.7359 24.0906 -11.25 5.1109 23.2356 -11.25 3.6539 23.1253 -11.25 3.6324 23.7074 -11.25
3 80 17.0229 24.0166 -11.25 17.0419 23.1064 -11.25 15.6025 23.2129 -11.25
4 0 3.7156 11.4018 -5.75 2.0196 11.0681 -5.75 2.0235 11.6862 -5.75 3.1938 11.5595 -5.75
4 0 9.2821 8.2805 -5.75 9.3573 8.9066 -5.75 10.3345 8.8669 -5.75 10.1937 8.2372 -5.75
4 0 13.4234 11.1295 -5.75 13.5767 11.5317 -5.75 14.0349 11.4559 -5.75 13.8905 11.0049 -5.75
4 0 6.0865 11.4716 -5.75 6.5479 11.5199 -5.75 6.686 11.1167 -5.75 6.2373 11.002 -5.75
4 0 9.6176 10.4685 -5.75 9.9446 10.7716 -5.75 10.3333 10.4381 -5.75 9.9709 10.1797 -5.75
4 0 7.3492 6.479 -5.75 14.8477 6.479 -5.75 16.2021 6.187 -6.187 8.31 6.187 -6.187
4 0 14.0007 5.9231 -6.3634 10.3538 5.9586 -6.3397 8.31 6.187 -6.187 16.2021 6.187 -6.187
4 0 15.2351 4.9209 -7.0333 17.866 4.3855 -7.3912 17.8793 3.9501 -7.6822 15.5679 4.4455 -7.3511
3 0 4.6795 7.105 -5.75 2.5142 7.3156 -5.75 2.4408 8.286 -5.75
4 0 6.2095 6.8254 -5.75 4.6795 7.105 -5.75 2.4408 8.286 -5.75 5.6912 7.5877 -5.75
4 0 9.3384 6.66 -5.75 7.3492 6.479 -5.75 6.2095 6.8254 -5.75 5.6912 7.5877 -5.75
4 0 9.3384 6.66 -5.75 13.4169 6.5971 -5.75 14.8477 6.479 -5.75 7.3492 6.479 -5.75
3 0 1.9747 12.9397 -5.75 2.0479 13.2325 -5.75 2.0708 12.8183 -5.75
4 0 2.0708 12.8183 -5.75 2.0479 13.2325 -5.75 12.8093 13.3605 -5.75 9.2439 12.9479 -5.75
4 0 9.2439 12.9479 -5.75 12.8093 13.3605 -5.75 18.2036 13.2633 -5.75 18.195 12.8515 -5.75
3 0 18.2036 13.2633 -5.75 18.2675 13.1962 -5.75 18.195 12.8515 -5.75
4 0 17.4985 11.6198 -5.75 16.8325 10.835 -5.75 14.4931 10.1102 -5.75 16.6227 11.449 -5.75
4 0 16.8325 10.835 -5.75 17.4985 11.6198 -5.75 18.201 11.6458 -5.75 18.1839 11.0724 -5.75
3 0 16.8325 10.835 -5.75 14.891 9.5945 -5.75 14.4931 10.1102 -5.75
4 0 12.7269 9.3206 -5.75 14.4931 10.1102 -5.75 14.891 9.5945 -5.75 13.0613 8.7638 -5.75
4 0 11.7835 8.4078 -5.75 10.1937 8.2372 -5.75 10.3345 8.8669 -5.75 11.3376 8.9617 -5.75
4 0 7.4756 9.3381 -5.75 9.3573 8.9066 -5.75 9.2821 8.2805 -5.75 7.531 8.6486 -5.75
4 0 5.6825 10.1549 -5.75 7.4756 9.3381 -5.75 7.531 8.6486 -5.75 5.8678 9.3298 -5.75
3 0 3.3636 10.8652 -5.75 2.0196 11.0681 -5.75 3.7156 11.4018 -5.75
4 0 3.7156 11.4018 -5.75 5.6825 10.1549 -5.75 5.8678 9.3298 -5.75 3.3636 10.8652 -5.75
4 0 13.0613 8.7638 -5.75 11.7835 8.4078 -5.75 11.3376 8.9617 -5.75 12.7269 9.3206 -5.75
4 0 13.3199 10.6698 -5.75 13.4234 11.1295 -5.75 13.8905 11.0049 -5.75 13.5799 10.5838 -5.75
3 0 13.5799 10.5838 -5.75 13.3874 10.4692 -5.75 13.3199 10.6698 -5.75
3 0 13.8827 11.9621 -5.75 14.0531 12.061 -5.75 14.1458 11.9832 -5.75
4 0 13.5767 11.5317 -5.75 13.8827 11.9621 -5.75 14.1458 11.9832 -5.75 14.0349 11.4559 -5.75
4 0 12.8199 11.4609 -5.75 12.9543 11.5594 -5.75 13.5767 11.5317 -5.75 13.4234 11.1295 -5.75
4 0 14.6165 11.0284 -5.75 13.8905 11.0049 -5.75 14.0349 11.4559 -5.75 14.6156 11.1253 -5.75
4 0 6.686 11.1167 -5.75 6.5479 11.5199 -5.75 7.2975 11.4779 -5.75 7.2651 11.3699 -5.75
4 0 6.2373 11.002 -5.75 6.686 11.1167 -5.75 6.7633 10.66 -5.75 6.497 10.592 -5.75
3 0 6.7633 10.66 -5.75 6.6831 10.4764 -5.75 6.497 10.592 -5.75
4 0 5.4677 11.1467 -5.75 6.0865 11.4716 -5.75 6.2373 11.002 -5.75 5.6881 10.9853 -5.75
3 0 5.6881 10.9853 -5.75 5.4582 11.0634 -5.75 5.4677 11.1467 -5.75
4 0 6.108 12.0662 -5.75 6.5479 11.5199 -5.75 6.0865 11.4716 -5.75 6.0005 11.9647 -5.75
4 0 9.2391 11.0147 -5.75 9.4681 11.0288 -5.75 9.9446 10.7716 -5.75 9.6176 10.4685 -5.75
4 0 10.6906 10.9858 -5.75 10.3333 10.4381 -5.75 9.9446 10.7716 -5.75 10.626 11.0693 -5.75
4 0 10.6407 9.9011 -5.75 9.9709 10.1797 -5.75 10.3333 10.4381 -5.75 10.6501 10.0582 -5.75
4 0 9.6176 10.4685 -5.75 9.9709 10.1797 -5.75 9.2878 9.877 -5.75 9.2642 10.0392 -5.75
4 0 17.9355 5.6152 -6.5692 17.9071 4.9688 -7.0013 15.657 5.6626 -6.5375 16.2021 6.187 -6.187
4 0 8.31 6.187 -6.187 10.3538 5.9586 -6.3397 10.6273 5.6157 -6.5689 10.4035 5.5507 -6.6123
3 0 16.2021 6.187 -6.187 15.657 5.6626 -6.5375 14.0007 5.9231 -6.3634
3 0 2.4808 6.187 -6.187 3.8142 6.187 -6.187 2.4742 5.8979 -6.3802
4 0 2.4742 5.8979 -6.3802 3.8142 6.187 -6.187 6.3596 5.7914 -6.4514 5.7066 5.4944 -6.65
4 0 9.1172 4.6245 -7.2315 5.7066 5.4944 -6.65 6.3596 5.7914 -6.4514 8.1882 5.2714 -6.799
4 0 9.0074 5.0656 -6.9366 9.8485 4.9865 -6.9894 10.0907 4.5655 -7.2709 9.1172 4.6245 -7.2315
3 0 9.0074 5.0656 -6.9366 9.1172 4.6245 -7.2315 8.1882 5.2714 -6.799
4 0 13.8986 4.637 -7.2231 10.0907 4.5655 -7.2709 9.8485 4.9865 -6.9894 13.2493 5.0818 -6.9257
4 0 15.5679 4.4455 -7.3511 13.8986 4.637 -7.2231 13.2493 5.0818 -6.9257 15.2351 4.9209 -7.0333
3 0 17.866 4.3855 -7.3912 17.9204 4.0036 -7.6464 17.8793 3.9501 -7.6822
4 16 2 6.187 -6.187 2.4742 5.8979 -6.3802 3.362 4.9704 -7 2.4471 4.7097 -7.1745
4 16 2.4408 8.286 -5.75 2.5142 7.3156 -5.75 2 6.479 -5.75 2 8 -5.75
4 16 14.0531 12.061 -5.75 13.8827 11.9621 -5.75 12.9543 11.5594 -5.75 9.2439 12.9479 -5.75
3 16 10.4086 3.349 -8.084 9.5368 2.9521 -8.1629 9.1002 3.349 -8.084
3 16 2.4808 6.187 -6.187 2.4836 6.3066 -6.008 3.8142 6.187 -6.187
3 80 10.4086 3.349 -8.084 11.2599 3.4449 -8.0199 11.8121 3.349 -8.084
4 16 2 6.479 -5.75 2.4836 6.3066 -6.008 2.4808 6.187 -6.187 2 6.187 -6.187
4 16 2.4836 6.3066 -6.008 2 6.479 -5.75 7.3492 6.479 -5.75 3.8142 6.187 -6.187
3 16 7.3492 6.479 -5.75 8.31 6.187 -6.187 3.8142 6.187 -6.187
3 16 2 6.187 -6.187 2.4808 6.187 -6.187 2.4742 5.8979 -6.3802
4 16 3.362 4.9704 -7 2.4742 5.8979 -6.3802 5.7066 5.4944 -6.65 4.3003 4.9069 -7.0427
4 16 11.2599 3.4449 -8.0199 10.0907 4.5655 -7.2709 13.8986 4.637 -7.2231 11.8121 3.349 -8.084
3 16 13.8986 4.637 -7.2231 15.5679 4.4455 -7.3511 11.8121 3.349 -8.084
4 16 11.8121 3.349 -8.084 15.5679 4.4455 -7.3511 17.8793 3.9501 -7.6822 18.412 3.349 -8.084
4 16 9.1002 3.349 -8.084 8.8851 3.5446 -7.9533 9.1172 4.6245 -7.2315 10.0907 4.5655 -7.2709
4 16 10.6273 5.6157 -6.5689 9.8485 4.9865 -6.9894 9.0074 5.0656 -6.9366 10.4035 5.5507 -6.6123
4 16 10.4035 5.5507 -6.6123 9.0074 5.0656 -6.9366 8.1882 5.2714 -6.799 8.31 6.187 -6.187
3 16 8.1882 5.2714 -6.799 6.3596 5.7914 -6.4514 8.31 6.187 -6.187
3 16 6.3596 5.7914 -6.4514 3.8142 6.187 -6.187 8.31 6.187 -6.187
4 16 15.657 5.6626 -6.5375 15.2351 4.9209 -7.0333 13.2493 5.0818 -6.9257 14.0007 5.9231 -6.3634
4 16 9.8485 4.9865 -6.9894 10.6273 5.6157 -6.5689 14.0007 5.9231 -6.3634 13.2493 5.0818 -6.9257
3 16 10.6273 5.6157 -6.5689 10.3538 5.9586 -6.3397 14.0007 5.9231 -6.3634
3 16 17.9071 4.9688 -7.0013 17.9355 5.6152 -6.5692 17.9709 5.6036 -6.577
3 16 17.9709 5.6036 -6.577 18.508 6.187 -6.187 17.9071 4.9688 -7.0013
3 16 8.8851 3.5446 -7.9533 8.1599 3.8854 -7.7255 9.1172 4.6245 -7.2315
4 16 15.657 5.6626 -6.5375 17.9071 4.9688 -7.0013 17.866 4.3855 -7.3912 15.2351 4.9209 -7.0333
3 16 17.9204 4.0036 -7.6464 17.866 4.3855 -7.3912 18.412 3.349 -8.084
4 16 18.508 6.187 -6.187 18.412 3.349 -8.084 17.866 4.3855 -7.3912 17.9071 4.9688 -7.0013
3 16 8.1599 3.8854 -7.7255 7.3726 3.9883 -7.6567 9.1172 4.6245 -7.2315
3 16 7.3726 3.9883 -7.6567 6.0889 3.6893 -7.8566 5.4098 4.4577 -7.3429
4 16 9.1172 4.6245 -7.2315 7.3726 3.9883 -7.6567 5.4098 4.4577 -7.3429 5.7066 5.4944 -6.65
3 16 5.4098 4.4577 -7.3429 4.3003 4.9069 -7.0427 5.7066 5.4944 -6.65
3 16 17.8793 3.9501 -7.6822 17.9204 4.0036 -7.6464 18.412 3.349 -8.084
4 16 2 6.187 -6.187 2.4471 4.7097 -7.1745 2.4661 4.0202 -7.6354 2 3.349 -8.084
4 16 2.4408 8.286 -5.75 2 8 -5.75 1.25 8 -5.75 2.003 8.3804 -5.75
4 16 1.25 20 -5.75 1.9747 12.9397 -5.75 1.9856 11.0732 -5.75 1.25 8 -5.75
4 16 2.0196 11.0681 -5.75 2.003 8.3804 -5.75 1.25 8 -5.75 1.9856 11.0732 -5.75
3 16 6.2095 6.8254 -5.75 7.3492 6.479 -5.75 2 6.479 -5.75
4 16 6.2095 6.8254 -5.75 2 6.479 -5.75 2.5142 7.3156 -5.75 4.6795 7.105 -5.75
3 16 18.518 6.479 -5.75 17.9736 6.479 -5.75 18.1839 11.0724 -5.75
3 16 18.518 6.479 -5.75 18.1839 11.0724 -5.75 18.201 11.6458 -5.75
3 16 18.195 12.8515 -5.75 18.2675 13.1962 -5.75 18.201 11.6458 -5.75
4 16 18.978 20 -5.75 18.518 6.479 -5.75 18.201 11.6458 -5.75 18.2675 13.1962 -5.75
3 16 2.0708 12.8183 -5.75 9.2439 12.9479 -5.75 6.108 12.0662 -5.75
3 16 9.2439 12.9479 -5.75 18.195 12.8515 -5.75 14.0531 12.061 -5.75
4 16 2.0708 12.8183 -5.75 2.0235 11.6862 -5.75 1.9856 11.0732 -5.75 1.9747 12.9397 -5.75
3 16 2.0235 11.6862 -5.75 2.0196 11.0681 -5.75 1.9856 11.0732 -5.75
3 16 5.4582 11.0634 -5.75 3.7156 11.4018 -5.75 5.4677 11.1467 -5.75
3 16 3.7156 11.4018 -5.75 3.1938 11.5595 -5.75 2.0708 12.8183 -5.75
4 16 5.4677 11.1467 -5.75 3.7156 11.4018 -5.75 2.0708 12.8183 -5.75 6.0005 11.9647 -5.75
3 16 3.1938 11.5595 -5.75 2.0235 11.6862 -5.75 2.0708 12.8183 -5.75
3 16 18.195 12.8515 -5.75 18.201 11.6458 -5.75 17.4985 11.6198 -5.75
3 16 6.0005 11.9647 -5.75 6.0865 11.4716 -5.75 5.4677 11.1467 -5.75
4 16 9.2439 12.9479 -5.75 7.2975 11.4779 -5.75 6.5479 11.5199 -5.75 6.108 12.0662 -5.75
4 16 12.9543 11.5594 -5.75 12.8199 11.4609 -5.75 7.2975 11.4779 -5.75 9.2439 12.9479 -5.75
3 16 6.108 12.0662 -5.75 6.0005 11.9647 -5.75 2.0708 12.8183 -5.75
4 16 14.1458 11.9832 -5.75 18.195 12.8515 -5.75 17.4985 11.6198 -5.75 16.6227 11.449 -5.75
3 16 16.6227 11.449 -5.75 14.6165 11.0284 -5.75 14.6156 11.1253 -5.75
4 16 14.0349 11.4559 -5.75 14.1458 11.9832 -5.75 16.6227 11.449 -5.75 14.6156 11.1253 -5.75
3 16 13.8827 11.9621 -5.75 13.5767 11.5317 -5.75 12.9543 11.5594 -5.75
3 16 14.1458 11.9832 -5.75 14.0531 12.061 -5.75 18.195 12.8515 -5.75
3 16 18.978 20 -5.75 18.2675 13.1962 -5.75 18.2036 13.2633 -5.75
3 16 2.0479 13.2325 -5.75 1.9747 12.9397 -5.75 1.25 20 -5.75
4 16 2.0479 13.2325 -5.75 1.25 20 -5.75 18.978 20 -5.75 12.8093 13.3605 -5.75
3 16 18.978 20 -5.75 18.2036 13.2633 -5.75 12.8093 13.3605 -5.75
4 16 5.6881 10.9853 -5.75 5.6825 10.1549 -5.75 3.7156 11.4018 -5.75 5.4582 11.0634 -5.75
4 16 6.497 10.592 -5.75 5.6825 10.1549 -5.75 5.6881 10.9853 -5.75 6.2373 11.002 -5.75
4 16 9.2642 10.0392 -5.75 9.2878 9.877 -5.75 9.3573 8.9066 -5.75 7.4756 9.3381 -5.75
4 16 6.497 10.592 -5.75 6.6831 10.4764 -5.75 7.4756 9.3381 -5.75 5.6825 10.1549 -5.75
4 16 9.9709 10.1797 -5.75 10.6407 9.9011 -5.75 11.3376 8.9617 -5.75 10.3345 8.8669 -5.75
4 16 10.6407 9.9011 -5.75 10.6501 10.0582 -5.75 12.7269 9.3206 -5.75 11.3376 8.9617 -5.75
3 16 14.6165 11.0284 -5.75 16.6227 11.449 -5.75 14.4931 10.1102 -5.75
4 16 13.5799 10.5838 -5.75 13.8905 11.0049 -5.75 14.6165 11.0284 -5.75 14.4931 10.1102 -5.75
4 16 12.8199 11.4609 -5.75 13.3199 10.6698 -5.75 10.6501 10.0582 -5.75 10.6906 10.9858 -5.75
4 16 13.3874 10.4692 -5.75 12.7269 9.3206 -5.75 10.6501 10.0582 -5.75 13.3199 10.6698 -5.75
4 16 12.7269 9.3206 -5.75 13.3874 10.4692 -5.75 13.5799 10.5838 -5.75 14.4931 10.1102 -5.75
4 16 9.3573 8.9066 -5.75 9.2878 9.877 -5.75 9.9709 10.1797 -5.75 10.3345 8.8669 -5.75
3 16 7.4756 9.3381 -5.75 6.6831 10.4764 -5.75 6.7633 10.66 -5.75
4 16 9.2642 10.0392 -5.75 7.4756 9.3381 -5.75 6.7633 10.66 -5.75 9.2391 11.0147 -5.75
3 16 10.3333 10.4381 -5.75 10.6906 10.9858 -5.75 10.6501 10.0582 -5.75
3 16 9.2391 11.0147 -5.75 9.6176 10.4685 -5.75 9.2642 10.0392 -5.75
3 16 12.8199 11.4609 -5.75 13.4234 11.1295 -5.75 13.3199 10.6698 -5.75
3 16 10.6906 10.9858 -5.75 10.626 11.0693 -5.75 12.8199 11.4609 -5.75
3 16 10.626 11.0693 -5.75 9.9446 10.7716 -5.75 9.4681 11.0288 -5.75
4 16 6.686 11.1167 -5.75 7.2651 11.3699 -5.75 9.2391 11.0147 -5.75 6.7633 10.66 -5.75
4 16 7.2651 11.3699 -5.75 7.2975 11.4779 -5.75 9.4681 11.0288 -5.75 9.2391 11.0147 -5.75
4 16 9.4681 11.0288 -5.75 7.2975 11.4779 -5.75 12.8199 11.4609 -5.75 10.626 11.0693 -5.75
4 16 18.412 3.349 -8.084 14.9501 3.1549 -8.1226 12.0919 3.3004 -8.0937 11.8121 3.349 -8.084
3 16 14.0953 3.0025 -8.1529 13.218 2.579 -8.2371 12.4844 3.131 -8.1274
4 16 18.412 3.349 -8.084 17.8462 2.8123 -8.1907 16.9835 2.3583 -8.281 16.2038 2.8884 -8.1756
3 16 16.2038 2.8884 -8.1756 15.7978 3.0436 -8.1447 18.412 3.349 -8.084
4 16 12.4844 3.131 -8.1274 12.0919 3.3004 -8.0937 14.9501 3.1549 -8.1226 14.0953 3.0025 -8.1529
3 16 15.7978 3.0436 -8.1447 14.9501 3.1549 -8.1226 18.412 3.349 -8.084
3 16 17.8337 2.1281 -8.3268 17.8462 2.8123 -8.1907 18.412 3.349 -8.084
4 16 17.9607 6.187 -6.187 17.9736 6.479 -5.75 18.518 6.479 -5.75 18.508 6.187 -6.187
4 16 18.508 6.187 -6.187 17.9709 5.6036 -6.577 17.9355 5.6152 -6.5692 17.9607 6.187 -6.187
4 484 14.8477 6.479 -5.75 17.9736 6.479 -5.75 17.9607 6.187 -6.187 16.2021 6.187 -6.187
3 484 17.9607 6.187 -6.187 17.9355 5.6152 -6.5692 16.2021 6.187 -6.187
4 484 13.4169 6.5971 -5.75 13.0613 8.7638 -5.75 14.891 9.5945 -5.75 14.8477 6.479 -5.75
4 484 10.1937 8.2372 -5.75 11.7835 8.4078 -5.75 13.4169 6.5971 -5.75 9.3384 6.66 -5.75
4 484 5.6912 7.5877 -5.75 7.531 8.6486 -5.75 9.2821 8.2805 -5.75 9.3384 6.66 -5.75
4 484 3.3636 10.8652 -5.75 5.8678 9.3298 -5.75 5.6912 7.5877 -5.75 2.4408 8.286 -5.75
4 484 2.0196 11.0681 -5.75 3.3636 10.8652 -5.75 2.4408 8.286 -5.75 2.003 8.3804 -5.75
3 484 9.3384 6.66 -5.75 9.2821 8.2805 -5.75 10.1937 8.2372 -5.75
3 484 18.1839 11.0724 -5.75 17.9736 6.479 -5.75 16.8325 10.835 -5.75
4 484 14.8477 6.479 -5.75 14.891 9.5945 -5.75 16.8325 10.835 -5.75 17.9736 6.479 -5.75
3 484 5.8678 9.3298 -5.75 7.531 8.6486 -5.75 5.6912 7.5877 -5.75
3 484 11.7835 8.4078 -5.75 13.0613 8.7638 -5.75 13.4169 6.5971 -5.75
4 80 11.8121 3.349 -8.084 11.2627 2.8237 -8.1885 10.4423 2.6918 -8.2147 10.4086 3.349 -8.084
4 80 12.4844 3.131 -8.1274 12.0536 2.6275 -8.2275 11.8121 3.349 -8.084 12.0919 3.3004 -8.0937
3 80 11.2627 2.8237 -8.1885 11.8121 3.349 -8.084 12.0536 2.6275 -8.2275
4 80 14.973 2.5299 -8.2469 15.7978 3.0436 -8.1447 16.2038 2.8884 -8.1756 15.716 2.4087 -8.271
3 80 8.0807 3.2486 -8.104 7.2549 3.349 -8.084 9.1002 3.349 -8.084
3 80 8.43 3.0807 -8.1374 8.0807 3.2486 -8.104 9.1002 3.349 -8.084
4 80 15.7978 3.0436 -8.1447 14.973 2.5299 -8.2469 14.4136 2.4511 -8.2626 14.9501 3.1549 -8.1226
3 80 9.5368 2.9521 -8.1629 10.4086 3.349 -8.084 10.4423 2.6918 -8.2147
3 80 5.4636 3.349 -8.084 7.2549 3.349 -8.084 6.5077 3.1813 -8.1174
4 80 7.3726 3.9883 -7.6567 7.2549 3.349 -8.084 5.4636 3.349 -8.084 6.0889 3.6893 -7.8566
4 80 5.4098 4.4577 -7.3429 6.0889 3.6893 -7.8566 5.4636 3.349 -8.084 5.0696 3.8813 -7.7282
3 80 8.8851 3.5446 -7.9533 9.1002 3.349 -8.084 7.2549 3.349 -8.084
4 80 8.8851 3.5446 -7.9533 7.2549 3.349 -8.084 7.3726 3.9883 -7.6567 8.1599 3.8854 -7.7255
4 80 4.3003 4.9069 -7.0427 5.4098 4.4577 -7.3429 5.0696 3.8813 -7.7282 4.4549 4.2135 -7.5062
3 80 3.1068 4.2843 -7.4588 2.4661 4.0202 -7.6354 2.4471 4.7097 -7.1745
4 80 3.7697 4.3487 -7.4158 3.1068 4.2843 -7.4588 2.4471 4.7097 -7.1745 3.362 4.9704 -7
4 80 4.4549 4.2135 -7.5062 3.7697 4.3487 -7.4158 3.362 4.9704 -7 4.3003 4.9069 -7.0427
4 16 11.2599 3.4449 -8.0199 10.4086 3.349 -8.084 9.1002 3.349 -8.084 10.0907 4.5655 -7.2709
4 16 14.6157 -1.1882 -8.5137 11.5914 -0.9033 -8.5704 12.0436 -0.8098 -8.589 13.7605 -0.927 -8.5657
4 16 2 0 -8.75 6.0914 0 -8.75 6.5674 -0.2383 -8.7026 2 -3.349 -8.084
4 16 17.1887 0 -8.75 18.298 0 -8.75 17.7279 -0.468 -8.6569 17.2126 -0.0313 -8.7438
4 16 11.5914 -0.9033 -8.5704 18.184 -3.349 -8.084 2 -3.349 -8.084 10.6798 -0.8763 -8.5757
3 16 2 -3.349 -8.084 6.5674 -0.2383 -8.7026 7.1993 -0.3728 -8.6759
4 16 10.6798 -0.8763 -8.5757 2 -3.349 -8.084 7.1993 -0.3728 -8.6759 7.814 -0.3758 -8.6753
4 16 18.184 -3.349 -8.084 17.7082 -1.1363 -8.524 17.7279 -0.468 -8.6569 18.298 0 -8.75
3 16 8.4116 -0.2471 -8.7009 9.0556 0 -8.75 9.82 -0.5723 -8.6362
4 16 8.4116 -0.2471 -8.7009 9.82 -0.5723 -8.6362 10.6798 -0.8763 -8.5757 7.814 -0.3758 -8.6753
4 16 16.8468 -0.6154 -8.6276 17.7082 -1.1363 -8.524 18.184 -3.349 -8.084 15.9441 -1.0733 -8.5366
3 16 15.5068 -1.1815 -8.5151 15.9441 -1.0733 -8.5366 18.184 -3.349 -8.084
3 16 14.6157 -1.1882 -8.5137 15.5068 -1.1815 -8.5151 18.184 -3.349 -8.084
3 16 12.0436 -0.8098 -8.589 12.9331 -0.3869 -8.6731 13.7605 -0.927 -8.5657
3 16 14.6157 -1.1882 -8.5137 18.184 -3.349 -8.084 11.5914 -0.9033 -8.5704
4 16 16.3162 -0.1743 -8.7153 15.6524 -0.4971 -8.6511 13.539 0 -8.75 16.5272 0 -8.75
3 16 15.6524 -0.4971 -8.6511 14.9485 -0.5923 -8.6322 14.2507 -0.4517 -8.6602
4 16 13.605 -0.0673 -8.7366 13.539 0 -8.75 15.6524 -0.4971 -8.6511 14.2507 -0.4517 -8.6602
4 16 10.582 -0.2057 -8.7091 10.1832 0 -8.75 12.3078 0 -8.75 11.437 -0.2882 -8.6927
3 16 12.3078 0 -8.75 12.2003 -0.0762 -8.7349 11.437 -0.2882 -8.6927
4 80 13.7605 -0.927 -8.5657 12.9331 -0.3869 -8.6731 13.539 0 -8.75 13.605 -0.0673 -8.7366
4 80 7.814 -0.3758 -8.6753 7.1993 -0.3728 -8.6759 6.5674 -0.2383 -8.7026 6.0914 0 -8.75
4 80 17.2126 -0.0313 -8.7438 16.8468 -0.6154 -8.6276 16.5272 0 -8.75 17.1887 0 -8.75
4 80 17.7082 -1.1363 -8.524 16.8468 -0.6154 -8.6276 17.2126 -0.0313 -8.7438 17.7279 -0.468 -8.6569
4 80 15.6524 -0.4971 -8.6511 16.3162 -0.1743 -8.7153 16.8468 -0.6154 -8.6276 15.9441 -1.0733 -8.5366
4 80 14.9485 -0.5923 -8.6322 15.6524 -0.4971 -8.6511 15.9441 -1.0733 -8.5366 15.5068 -1.1815 -8.5151
3 80 16.3162 -0.1743 -8.7153 16.5272 0 -8.75 16.8468 -0.6154 -8.6276
3 80 15.5068 -1.1815 -8.5151 14.6157 -1.1882 -8.5137 14.9485 -0.5923 -8.6322
4 80 13.7605 -0.927 -8.5657 14.2507 -0.4517 -8.6602 14.9485 -0.5923 -8.6322 14.6157 -1.1882 -8.5137
4 80 11.5914 -0.9033 -8.5704 11.437 -0.2882 -8.6927 12.2003 -0.0762 -8.7349 12.0436 -0.8098 -8.589
4 80 10.582 -0.2057 -8.7091 11.437 -0.2882 -8.6927 11.5914 -0.9033 -8.5704 10.6798 -0.8763 -8.5757
3 80 14.2507 -0.4517 -8.6602 13.7605 -0.927 -8.5657 13.605 -0.0673 -8.7366
4 80 10.1832 0 -8.75 10.582 -0.2057 -8.7091 10.6798 -0.8763 -8.5757 9.82 -0.5723 -8.6362
3 80 9.82 -0.5723 -8.6362 9.0556 0 -8.75 10.1832 0 -8.75
4 80 12.0436 -0.8098 -8.589 12.2003 -0.0762 -8.7349 12.3078 0 -8.75 12.9331 -0.3869 -8.6731
3 80 12.3078 0 -8.75 13.539 0 -8.75 12.9331 -0.3869 -8.6731
4 80 7.814 -0.3758 -8.6753 6.0914 0 -8.75 9.0556 0 -8.75 8.4116 -0.2471 -8.7009
4 16 3.0254 1.3631 -8.4789 2.4518 1.6754 -8.4168 2.4463 2.7161 -8.2099 2.9268 2.1435 -8.3237
4 16 8.43 3.0807 -8.1374 8.1527 2.5023 -8.2524 7.6995 2.7101 -8.2111 8.0807 3.2486 -8.104
4 16 17.8337 2.1281 -8.3268 18.412 3.349 -8.084 18.298 0 -8.75 17.8157 1.2791 -8.4956
4 16 10.9015 1.5346 -8.4448 11.185 1.5789 -8.436 11.4118 0.963 -8.5585 10.8465 1.0589 -8.5394
4 16 15.0877 1.2757 -8.4963 14.9341 0.6631 -8.6181 14.5272 0.8404 -8.5829 14.6567 1.2167 -8.508
4 16 7.5157 0.2381 -8.7027 7.6503 0.8715 -8.5767 8.062 0.9764 -8.5558 8.4676 0.4615 -8.6582
3 16 2 3.349 -8.084 2.6937 3.349 -8.084 2.4525 3.1349 -8.1266
3 16 2 3.349 -8.084 2.4525 3.1349 -8.1266 2.4463 2.7161 -8.2099
4 16 3.5798 0.6151 -8.6277 5.6619 0.2151 -8.7072 6.0914 0 -8.75 2 0 -8.75
3 16 4.1493 0.6503 -8.6207 5.0246 0.8852 -8.574 5.6619 0.2151 -8.7072
3 16 3.5798 0.6151 -8.6277 4.1493 0.6503 -8.6207 5.6619 0.2151 -8.7072
4 16 2.4463 2.7161 -8.2099 2.4518 1.6754 -8.4168 2 0 -8.75 2 3.349 -8.084
3 16 3.0189 0.7054 -8.6097 3.5798 0.6151 -8.6277 2 0 -8.75
4 16 4.2624 1.9303 -8.3661 4.4084 1.3331 -8.4849 3.7121 1.2311 -8.5052 3.6973 1.8543 -8.3812
4 16 2.9268 2.1435 -8.3237 3.6973 1.8543 -8.3812 3.7121 1.2311 -8.5052 3.0254 1.3631 -8.4789
3 16 2.4574 0.9691 -8.5573 3.0189 0.7054 -8.6097 2 0 -8.75
3 16 2.4518 1.6754 -8.4168 2.4574 0.9691 -8.5573 2 0 -8.75
4 16 2.7954 3.4393 -8.0237 2.6937 3.349 -8.084 2 3.349 -8.084 2.4661 4.0202 -7.6354
4 16 2.4661 4.0202 -7.6354 3.1068 4.2843 -7.4588 3.4868 3.7095 -7.843 2.7954 3.4393 -8.0237
4 16 4.4785 3.4883 -7.9909 5.0696 3.8813 -7.7282 5.4636 3.349 -8.084 4.6049 3.349 -8.084
4 16 4.1698 3.643 -7.8875 4.4549 4.2135 -7.5062 5.0696 3.8813 -7.7282 4.4785 3.4883 -7.9909
3 16 3.1068 4.2843 -7.4588 3.7697 4.3487 -7.4158 3.4868 3.7095 -7.843
4 16 3.4868 3.7095 -7.843 3.7697 4.3487 -7.4158 4.4549 4.2135 -7.5062 4.1698 3.643 -7.8875
4 16 10.7262 0.4164 -8.6672 11.5082 0.3486 -8.6807 12.3078 0 -8.75 10.1832 0 -8.75
4 16 8.0807 3.2486 -8.104 7.6995 2.7101 -8.2111 7.2293 2.7376 -8.2056 7.2549 3.349 -8.084
4 16 15.3534 0.0734 -8.7354 16.5272 0 -8.75 13.539 0 -8.75 14.7409 0.064 -8.7373
3 16 15.3534 0.0734 -8.7354 15.9504 0.3491 -8.6806 16.5272 0 -8.75
4 16 11.3442 2.1917 -8.3141 10.8847 2.1717 -8.3181 10.4423 2.6918 -8.2147 11.2627 2.8237 -8.1885
4 16 12.0612 1.8781 -8.3765 11.3442 2.1917 -8.3141 11.2627 2.8237 -8.1885 12.0536 2.6275 -8.2275
3 16 14.4445 0.1584 -8.7185 14.7409 0.064 -8.7373 13.539 0 -8.75
4 16 15.716 2.4087 -8.271 15.3448 1.8628 -8.3796 14.8295 1.8946 -8.3732 14.973 2.5299 -8.2469
4 16 14.973 2.5299 -8.2469 14.8295 1.8946 -8.3732 14.219 1.6972 -8.4125 14.4136 2.4511 -8.2626
3 16 15.8047 1.6508 -8.4217 15.3448 1.8628 -8.3796 15.716 2.4087 -8.271
3 16 10.5611 1.334 -8.4847 10.9015 1.5346 -8.4448 10.8465 1.0589 -8.5394
4 16 11.822 1.1793 -8.5155 11.4118 0.963 -8.5585 11.185 1.5789 -8.436 11.5805 1.4452 -8.4626
3 16 14.3923 1.0325 -8.5447 14.6567 1.2167 -8.508 14.5272 0.8404 -8.5829
3 16 15.3718 1.177 -8.5159 15.6471 0.9426 -8.5626 15.3476 0.7226 -8.6063
4 16 15.3718 1.177 -8.5159 15.3476 0.7226 -8.6063 14.9341 0.6631 -8.6181 15.0877 1.2757 -8.4963
4 16 6.8056 1.0285 -8.5455 7.6503 0.8715 -8.5767 7.5157 0.2381 -8.7027 6.7736 0.3564 -8.6791
4 16 3.8741 3.0728 -8.1389 3.6236 2.4885 -8.2551 3.1059 2.8581 -8.1816 3.4221 3.0538 -8.1427
4 16 3.6236 2.4885 -8.2551 3.8741 3.0728 -8.1389 4.1432 2.9365 -8.166 4.0465 2.4942 -8.254
3 16 4.1432 2.9365 -8.166 4.3398 2.6198 -8.229 4.0465 2.4942 -8.254
3 16 6.7961 1.9501 -8.3622 7.1363 2.1041 -8.3316 7.0322 1.6491 -8.422
4 16 7.0322 1.6491 -8.422 7.1363 2.1041 -8.3316 7.5558 2.0994 -8.3325 7.2917 1.5163 -8.4485
4 16 7.2917 1.5163 -8.4485 7.5558 2.0994 -8.3325 7.9198 1.8572 -8.3807 7.7189 1.5136 -8.449
3 16 7.9198 1.8572 -8.3807 8.0138 1.6455 -8.4228 7.7189 1.5136 -8.449
4 80 4.6049 3.349 -8.084 3.8741 3.0728 -8.1389 3.4221 3.0538 -8.1427 2.6937 3.349 -8.084
3 80 9.0556 0 -8.75 6.0914 0 -8.75 7.5157 0.2381 -8.7027
3 80 7.5157 0.2381 -8.7027 6.0914 0 -8.75 6.7736 0.3564 -8.6791
4 80 4.4084 1.3331 -8.4849 4.1493 0.6503 -8.6207 3.5798 0.6151 -8.6277 3.7121 1.2311 -8.5052
4 80 7.0322 1.6491 -8.422 7.2917 1.5163 -8.4485 7.6503 0.8715 -8.5767 6.8056 1.0285 -8.5455
4 80 7.7189 1.5136 -8.449 8.0138 1.6455 -8.4228 8.6292 1.3071 -8.4901 8.062 0.9764 -8.5558
4 80 7.2917 1.5163 -8.4485 7.7189 1.5136 -8.449 8.062 0.9764 -8.5558 7.6503 0.8715 -8.5767
4 80 2.4518 1.6754 -8.4168 3.0254 1.3631 -8.4789 3.0189 0.7054 -8.6097 2.4574 0.9691 -8.5573
4 80 3.5798 0.6151 -8.6277 3.0189 0.7054 -8.6097 3.0254 1.3631 -8.4789 3.7121 1.2311 -8.5052
3 80 7.5157 0.2381 -8.7027 8.4676 0.4615 -8.6582 9.0556 0 -8.75
4 80 5.6619 0.2151 -8.7072 6.1696 0.6593 -8.6189 6.7736 0.3564 -8.6791 6.0914 0 -8.75
4 80 4.2624 1.9303 -8.3661 3.6973 1.8543 -8.3812 3.6236 2.4885 -8.2551 4.0465 2.4942 -8.254
4 80 2.4525 3.1349 -8.1266 3.1059 2.8581 -8.1816 2.9268 2.1435 -8.3237 2.4463 2.7161 -8.2099
4 80 3.6973 1.8543 -8.3812 2.9268 2.1435 -8.3237 3.1059 2.8581 -8.1816 3.6236 2.4885 -8.2551
4 80 5.0246 0.8852 -8.574 5.7452 1.0944 -8.5324 6.1696 0.6593 -8.6189 5.6619 0.2151 -8.7072
4 80 11.4118 0.963 -8.5585 11.822 1.1793 -8.5155 12.4711 0.833 -8.5843 11.5082 0.3486 -8.6807
4 80 10.8465 1.0589 -8.5394 11.4118 0.963 -8.5585 11.5082 0.3486 -8.6807 10.7262 0.4164 -8.6672
3 80 15.9504 0.3491 -8.6806 15.3534 0.0734 -8.7354 15.3476 0.7226 -8.6063
4 80 15.3476 0.7226 -8.6063 15.3534 0.0734 -8.7354 14.7409 0.064 -8.7373 14.9341 0.6631 -8.6181
4 80 14.5272 0.8404 -8.5829 14.9341 0.6631 -8.6181 14.7409 0.064 -8.7373 14.4445 0.1584 -8.7185
4 80 10.9015 1.5346 -8.4448 10.8847 2.1717 -8.3181 11.3442 2.1917 -8.3141 11.185 1.5789 -8.436
4 80 12.0612 1.8781 -8.3765 11.5805 1.4452 -8.4626 11.185 1.5789 -8.436 11.3442 2.1917 -8.3141
3 80 10.474 2.0305 -8.3462 10.8847 2.1717 -8.3181 10.9015 1.5346 -8.4448
4 80 15.0877 1.2757 -8.4963 14.6567 1.2167 -8.508 14.219 1.6972 -8.4125 14.8295 1.8946 -8.3732
4 80 15.3718 1.177 -8.5159 15.0877 1.2757 -8.4963 14.8295 1.8946 -8.3732 15.3448 1.8628 -8.3796
4 80 15.6471 0.9426 -8.5626 15.3718 1.177 -8.5159 15.3448 1.8628 -8.3796 15.8047 1.6508 -8.4217
4 80 7.6995 2.7101 -8.2111 7.5558 2.0994 -8.3325 7.1363 2.1041 -8.3316 7.2293 2.7376 -8.2056
4 80 7.9198 1.8572 -8.3807 7.5558 2.0994 -8.3325 7.6995 2.7101 -8.2111 8.1527 2.5023 -8.2524
3 80 3.8741 3.0728 -8.1389 4.6049 3.349 -8.084 4.1432 2.9365 -8.166
3 80 4.3398 2.6198 -8.229 4.1432 2.9365 -8.166 4.6049 3.349 -8.084
4 80 3.4221 3.0538 -8.1427 3.1059 2.8581 -8.1816 2.4525 3.1349 -8.1266 2.6937 3.349 -8.084
4 80 2.7954 3.4393 -8.0237 3.4868 3.7095 -7.843 4.6049 3.349 -8.084 2.6937 3.349 -8.084
4 80 4.4785 3.4883 -7.9909 4.6049 3.349 -8.084 3.4868 3.7095 -7.843 4.1698 3.643 -7.8875
5 24 18.508 6.187 -6.187 2 6.187 -6.187 2 6.479 -5.75 18.412 3.349 -8.084
5 24 2 0 -8.75 18.298 0 -8.75 2 -3.349 -8.084 2 3.349 -8.084
5 24 2 3.349 -8.084 18.412 3.349 -8.084 2 0 -8.75 2 6.187 -6.187
5 24 2 -3.349 -8.084 18.184 -3.349 -8.084 2 -6.187 -6.187 2 0 -8.75
4 16 2 -6.187 -6.187 2 -3.349 -8.084 18.184 -3.349 -8.084 18.087 -6.187 -6.187