0 ~Brick  1 x  4 x  2 with Centre Stud Top with Car Radiator Type 1 Pattern - Grill
0 Name: s\4088ap01s02.dat
0 Author: Magnus Forsberg [MagFors]
0 !LDRAW_ORG Subpart UPDATE 2026-07
0 !LICENSE Licensed under CC BY 4.0 : see CAreadme.txt

0 BFC CERTIFY CCW

0 !HISTORY 2026-07-30 [OrionP] Official Update 2026-07

4 16 13.8033 5 -10 16 7.1968 -10 18 8 -10 13 3 -10
3 16 13.8033 5 -10 13.8033 7.1968 -10 16 7.1968 -10
3 16 8.5 5 -10 13.8033 5 -10 13 3 -10
3 16 13 3 -10 1 5 -10 8.5 5 -10
1 16 14 37 -10 4 0 0 0 0 4 0 1 0 1-8chrd.dat
1 16 14 37 -10 5 0 0 0 0 5 0 1 0 1-8tndis.dat
1 16 14 37 -10 0 0 4 4 0 0 0 1 0 1-8chrd.dat
4 16 13.5 39 -10 14 41 -10 16.828 39.828 -10 16 39 -10
4 16 16 12.5 -10 16 36.5 -10 18 37 -10 18 8 -10
4 16 16.828 39.828 -10 18 37 -10 16 36.5 -10 16 39 -10
3 16 18 8 -10 16 7.1968 -10 16 12.5 -10
1 16 13 8 -10 5 0 0 0 0 -5 0 1 0 1-4chrd.dat

1 16 8.5 12.5 -10 -7.5 0 0 0 0 -7.5 0 1 0 1-4ndis.dat
1 16 8.5 12.5 -10 7.5 0 0 0 0 -7.5 0 1 0 1-8tndis.dat
1 16 8.5 12.5 -10 0 0 7.5 -7.5 0 0 0 1 0 1-8tndis.dat
3 16 0 32 -10 1 32.1 -10 1 12.5 -10

1 16 13.5 36.5 -10 2.5 0 0 0 0 2.5 0 1 0 1-4ndis.dat
4 16 3.535 40.535 -10 3.535 41 -10 14 41 -10 4.1195 39.8259 -10
4 16 4.562 39 -10 4.1195 39.8259 -10 14 41 -10 13.5 39 -10

1 16 30 30 -10 -.5 0 0 0 0 .5 0 1 0 4-4ring12.dat
1 16 30 30 -10 -.5 0 0 0 0 .5 0 1 0 4-4ring13.dat
4 16 23.48 34.366 -10 19 37 -10 19 40.5355 -10 23.761 34.787 -10
3 16 19 40.5355 -10 18.711 41 -10 23.761 34.787 -10
4 16 19 40.5355 -10 17.535 40.535 -10 16.84 41 -10 18.711 41 -10