0 ~Brick  1 x  4 x  2 with Centre Stud Top with Car Radiator Type 1 Pattern - Half
0 Name: s\4088ap01s01.dat
0 Author: Magnus Forsberg [MagFors]
0 !LDRAW_ORG Subpart UPDATE 2026-07
0 !LICENSE Licensed under CC BY 4.0 : see CAreadme.txt

0 BFC CERTIFY CCW

0 !HISTORY 2026-07-30 [OrionP] Official Update 2026-07

0 // Grille +x
0 // Front Surface
1 16 13 8 -10 6 0 0 0 0 -6 0 1 0 1-8tndis.dat
1 16 13 8 -10 0 0 6 -6 0 0 0 1 0 1-8tndis.dat

1 0 13 8 -10 1 0 0 0 0 -1 0 1 0 1-4ring5.dat
3 16 17 0 -10 13 2 -10 17.2426 2 -10
1 16 17 3 -10 3 0 0 0 0 -3 0 1 0 1-4chrd.dat
3 16 17.2426 2 -10 17.2426 3.7574 -10 19 3.7574 -10
4 16 17 0 -10 17.2426 2 -10 19 3.7574 -10 20 3 -10

4 0 19 35.814 -10 19 8 -10 18 8 -10 18 37 -10
3 0 18 37 -10 19 37 -10 19 35.814 -10
1 0 14 37 -10 1 0 0 0 0 1 0 1 0 1-8ring4.dat
1 0 14 37 -10 0 0 4 4 0 0 0 1 0 1-8tang.dat
4 0 16.266 40.3912 -10 16.84 41 -10 17.5355 40.5355 -10 16.8284 39.8284 -10
3 0 16.84 41 -10 16.266 40.3912 -10 15.5308 40.6956 -10

1 0 8.5 12.5 -10 7.5 0 0 0 0 -7.5 0 1 0 1-8chrd.dat
1 0 8.5 12.5 -10 0 0 7.5 -7.5 0 0 0 1 0 1-8chrd.dat
1 0 8.5 12.5 -10 -7.5 0 0 0 0 -7.5 0 1 0 1-8chrd.dat
1 0 8.5 12.5 -10 0 0 -7.5 -7.5 0 0 0 1 0 1-8chrd.dat
3 0 14.8591 11.2348 -10 15 12.5 -10 16 12.5 -10
3 0 14.505 10.012 -10 14.8591 11.2348 -10 16 12.5 -10
4 0 16 12.5 -10 13.8033 7.1968 -10 13.9437 8.977 -10 14.505 10.012 -10
3 0 13.2 8.03 -10 13.9437 8.977 -10 13.8033 7.1968 -10
3 0 13.2 8.03 -10 13.8033 7.1968 -10 12.2 7.165 -10
3 0 11.3174 6.6498 -10 12.2 7.165 -10 13.8033 7.1968 -10
4 0 13.8033 7.1968 -10 8.5 5 -10 10.4 6.288 -10 11.3174 6.6498 -10
3 0 10.4 6.288 -10 8.5 5 -10 9.4 6.069 -10
3 0 9.4 6.069 -10 8.5 5 -10 8.5 6 -10
3 0 8.5 6 -10 8.5 5 -10 7.6 6.069 -10
3 0 7.6 6.069 -10 8.5 5 -10 6.6 6.288 -10
4 0 6.6 6.288 -10 8.5 5 -10 3.1968 7.1968 -10 5.6826 6.6498 -10
3 0 4.8 7.165 -10 5.6826 6.6498 -10 3.1968 7.1968 -10
3 0 4.8 7.165 -10 3.1968 7.1968 -10 3.8 8.03 -10
3 0 3.0563 8.977 -10 3.8 8.03 -10 3.1968 7.1968 -10
4 0 3.0563 8.977 -10 3.1968 7.1968 -10 1 12.5 -10 2.495 10.012 -10
3 0 2.1409 11.2348 -10 2.495 10.012 -10 1 12.5 -10
3 0 2 12.5 -10 2.1409 11.2348 -10 1 12.5 -10

4 0 15 12.5 -10 15 36.5 -10 16 36.5 -10 16 12.5 -10
3 15 13.5 38 -10 15 36.5 -10 13.2 38 -10
1 15 13.5 36.5 -10 1.5 0 0 0 0 1.5 0 1 0 1-4chrd.dat
4 15 13.2 8.03 -10 13.2 38 -10 15 36.5 -10 15 12.5 -10
3 15 14.505 10.012 -10 13.9437 8.977 -10 14.8591 11.2348 -10
4 15 13.9437 8.977 -10 13.2 8.03 -10 15 12.5 -10 14.8591 11.2348 -10
4 0 12.2 7.165 -10 12.2 38 -10 13.2 38 -10 13.2 8.03 -10
4 15 10.4 6.288 -10 10.4 38 -10 12.2 38 -10 12.2 7.165 -10
3 15 12.2 7.165 -10 11.3174 6.6498 -10 10.4 6.288 -10
4 0 9.4 6.069 -10 9.4 38 -10 10.4 38 -10 10.4 6.288 -10
4 15 7.6 6.069 -10 7.6 38 -10 9.4 38 -10 9.4 6.069 -10
3 15 8.5 6 -10 7.6 6.069 -10 9.4 6.069 -10
4 0 6.6 6.288 -10 6.6 38 -10 7.6 38 -10 7.6 6.069 -10
3 15 4.99 37.23 -10 4.891 38 -10 6.6 38 -10
3 15 4.97 36.5115 -10 4.99 37.23 -10 6.6 38 -10
3 15 4.8 35.623 -10 4.97 36.5115 -10 6.6 38 -10
4 15 4.8 7.165 -10 4.8 35.623 -10 6.6 38 -10 6.6 6.288 -10
3 15 5.6826 6.6498 -10 4.8 7.165 -10 6.6 6.288 -10
4 0 3.8 33.771 -10 4 34.1716 -10 4.8 7.165 -10 3.8 8.03 -10
3 0 4 34.1716 -10 4.8 35.623 -10 4.8 7.165 -10
4 15 3.535 33.465 -10 3.8 8.03 -10 2 12.5 -10 2.8121 32.8824 -10
3 15 2 32.428 -10 2.8121 32.8824 -10 2 12.5 -10
3 15 2.495 10.012 -10 2.1409 11.2348 -10 3.0563 8.977 -10
4 15 2.1409 11.2348 -10 2 12.5 -10 3.8 8.03 -10 3.0563 8.977 -10
3 15 3.8 33.771 -10 3.8 8.03 -10 3.535 33.465 -10
4 0 1 12.5 -10 1 32.1 -10 2 32.428 -10 2 12.5 -10
1 0 13.5 36.5 -10 1.5 0 0 0 0 1.5 0 1 0 1-4ndis.dat
1 0 13.5 36.5 -10 2.5 0 0 0 0 2.5 0 1 0 1-8chrd.dat
1 0 13.5 36.5 -10 0 0 2.5 2.5 0 0 0 1 0 1-8chrd.dat
4 0 15 38 -10 13.5 38 -10 13.5 39 -10 15.2678 38.2678 -10
4 0 15 36.5 -10 15 38 -10 15.2678 38.2678 -10 16 36.5 -10
4 0 4.891 38 -10 4.562 39 -10 13.5 39 -10 13.5 38 -10
1 0 35 43.5 -10 0 0 1.5 -1.5 0 0 0 1 0 2-4ndis.dat
1 0 35 43.5 -10 0 0 2.5 -2.5 0 0 0 1 0 1-8chrd.dat
1 0 35 43.5 -10 2.5 0 0 0 0 2.5 0 1 0 1-8chrd.dat
1 0 35 43.5 -10 0 0 2.5 2.5 0 0 0 1 0 1-8chrd.dat
1 0 35 43.5 -10 2.5 0 0 0 0 -2.5 0 1 0 1-8chrd.dat
4 0 35 41 -10 35 42 -10 36.5 42 -10 36.7678 41.7323 -10
4 0 37.5 43.5 -10 36.7678 41.7323 -10 36.5 42 -10 36.5 43.5 -10
4 0 37.5 43.5 -10 36.5 43.5 -10 36.5 45 -10 36.7678 45.2678 -10
4 0 35 46 -10 36.7678 45.2678 -10 36.5 45 -10 35 45 -10
1 16 35 43.5 -10 0 0 2.5 -2.5 0 0 0 1 0 2-4ndis.dat

1 0 0 37 -10 0 0 4 -4 0 0 0 1 0 1-8tndis.dat
1 0 0 37 -10 4 0 0 0 0 4 0 1 0 1-8tndis.dat
1 0 0 37 -10 4 0 0 0 0 -4 0 1 0 1-8tndis.dat
4 0 0 32 -10 0 33 -10 2 32.428 -10 1 32.1 -10
4 0 2.8284 33 -10 2.8121 32.8824 -10 2 32.428 -10 0 33 -10
4 0 3.8 33.771 -10 3.535 33.465 -10 2.8121 32.8824 -10 2.8284 33 -10
4 0 2.8284 33 -10 2.8284 34.1716 -10 4 34.1716 -10 3.8 33.771 -10
4 0 4 34.1716 -10 4 37 -10 4.97 36.5115 -10 4.8 35.623 -10
4 0 4.97 36.5115 -10 4 37 -10 4.891 38 -10 4.99 37.23 -10
4 0 4.891 38 -10 4 37 -10 4 39.8284 -10 4.562 39 -10
4 0 3.535 40.535 -10 4.1195 39.8259 -10 4.562 39 -10 4 39.8284 -10

4 0 14 41 -10 3.535 41 -10 2.535 42 -10 16 42 -10
3 0 16 42 -10 14.7956 41 -10 14 41 -10
4 0 15.5308 40.6956 -10 14.7956 41 -10 16 42 -10 16.84 41 -10
3 0 16 42 -10 18.711 41 -10 16.84 41 -10
4 0 16 42 -10 35 42 -10 20 41 -10 18.711 41 -10
3 0 35 42 -10 35 41 -10 20 41 -10
4 0 4 39.8284 -10 2.8284 39.8284 -10 2.535 40.024 -10 3.535 40.535 -10
4 0 3.535 41 -10 3.535 40.535 -10 2.535 40.024 -10 2.535 42 -10
1 0 30 30 -10 -.5 0 0 0 0 .5 0 1 0 4-4ring10.dat
1 0 30 30 -10 -.5 0 0 0 0 .5 0 1 0 4-4ring11.dat
1 0 30 30 -10 .5 0 0 0 0 .5 0 1 0 4-4ring14.dat
1 0 30 30 -10 .5 0 0 0 0 .5 0 1 0 3-8ring15.dat
1 0 30 30 -10 .5 0 0 0 0 -.5 0 1 0 2-4ring15.dat
1 0 30 30 -10 -7.5 0 0 0 0 7.5 0 1 0 1-8tang.dat
1 0 30 30 -10 -8 0 0 0 0 8 0 1 0 1-16chrd.dat
1 16 30 30 -10 -8 0 0 0 0 8 0 1 0 1-16tndis.dat
1 16 30 31 -10 10 0 0 0 0 -10 0 1 0 1-8chrd.dat
1 16 30 31 -10 0 0 -10 -10 0 0 0 1 0 1-8chrd.dat
1 16 30 31 -10 0 0 10 -10 0 0 0 1 0 1-8chrd.dat
3 0 22.5 30 -10 22 30 -10 22.5 31.4918 -10
3 0 22.5 31.4918 -10 22 30 -10 22.6088 33.0616 -10
3 0 22.5 31.4918 -10 22.6088 33.0616 -10 23.0708 32.8703 -10
3 0 23.0708 32.8703 -10 22.6088 33.0616 -10 22.823 33.382 -10
3 0 23.0708 32.8703 -10 22.823 33.382 -10 23.48 34.366 -10
3 0 23.0708 32.8703 -10 23.48 34.366 -10 23.6415 34.2488 -10
3 0 23.6415 34.2488 -10 23.48 34.366 -10 23.761 34.787 -10
3 0 23.6415 34.2488 -10 23.761 34.787 -10 24.6968 35.3033 -10
3 0 24.6968 35.3033 -10 23.761 34.787 -10 24.3432 35.6568 -10
3 0 35 46 -10 35 45 -10 0 45 -10

4 0 23.761 34.787 -10 18.711 41 -10 20 41 -10 24.3432 35.6568 -10
4 0 22.823 33.382 -10 19 35.814 -10 19 37 -10 23.48 34.366 -10

4 16 20 24 -10 20 3 -10 19 3.7574 -10 19 8 -10
1 16 21.5 24 -10 -1.5 0 0 0 0 1.5 0 1 0 1-4ndis.dat
1 16 21.5 24 -10 0 0 1.5 1.5 0 0 0 1 0 1-8tndis.dat
4 16 19 35.814 -10 20 25.5 -10 20 24 -10 19 8 -10
4 16 22 30 -10 22 28.4088 -10 20 25.5 -10 19 35.814 -10
4 16 22.6088 26.9384 -10 21.5 25.5 -10 20 25.5 -10 22 28.4088 -10
3 16 22 33.0616 -10 22 30 -10 19 35.814 -10
3 16 22.6088 33.0616 -10 22 33.0616 -10 19 35.814 -10
3 16 22.823 33.382 -10 22.6088 33.0616 -10 19 35.814 -10
1 16 30 30 -10 8 0 0 0 0 8 0 1 0 1-4ndis.dat
1 16 30 30 -10 0 0 -8 8 0 0 0 1 0 1-8tndis.dat
1 16 30 30 -10 8 0 0 0 0 -8 0 1 0 1-4tang.dat
1 16 30 30 -10 -8 0 0 0 0 -8 0 1 0 1-4tang.dat
3 16 38 30 -10 40 31 -10 38 28.4088 -10
4 16 37.071 23.929 -10 37.3912 26.9384 -10 38 28.4088 -10 40 31 -10
3 16 37.3912 26.9384 -10 37.071 23.929 -10 36.7824 25.468 -10
3 16 36.7824 25.468 -10 37.071 23.929 -10 35.6568 24.3432 -10
3 16 35.6568 24.3432 -10 37.071 23.929 -10 34.532 23.2176 -10
4 16 34.532 23.2176 -10 37.071 23.929 -10 30 21 -10 33.0616 22.6088 -10
3 16 33.0616 22.6088 -10 30 21 -10 31.5912 22 -10
3 16 31.5912 22 -10 30 21 -10 30 22 -10
3 16 30 22 -10 30 21 -10 28.4088 22 -10
3 16 28.4088 22 -10 30 21 -10 26.9384 22.6088 -10
4 16 25.468 23.2176 -10 26.9384 22.6088 -10 30 21 -10 22.929 23.929 -10
3 16 25.468 23.2176 -10 22.929 23.929 -10 24.3432 24.3432 -10
4 16 24.3432 24.3432 -10 22.929 23.929 -10 22.5607 25.0607 -10 23.2176 25.468 -10
4 16 22.5607 25.0607 -10 22.5607 25.5 -10 22.6088 26.9384 -10 23.2176 25.468 -10
3 16 22.6088 26.9384 -10 22.5607 25.5 -10 21.5 25.5 -10

4 16 40 31 -10 38 30 -10 38 38 -10 40 48 -10
4 16 38 38 -10 37.5 41 -10 37.5 46 -10 40 48 -10
3 16 37.5 46 -10 35 46 -10 40 48 -10
4 16 38 38 -10 30 38 -10 35 41 -10 37.5 41 -10
3 16 20 41 -10 30 38 -10 24.3432 38 -10
3 16 20 41 -10 24.3432 38 -10 24.3432 35.6568 -10
3 16 35 41 -10 30 38 -10 20 41 -10