0 ~Slope Brick 33  3 x  1 without Front and Side Faces
0 Name: s\4286s01.dat
0 Author: Chris Böhnke [KnightOfTarenta]
0 !LDRAW_ORG Subpart UPDATE 2026-04
0 !LICENSE Licensed under CC BY 4.0 : see CAreadme.txt

0 BFC CERTIFY CCW

0 !HISTORY 2026-04-27 [OrionP] Official Update 2026-04

0 // Top Stud
1 16 0 0 0 1 0 0 0 1 0 0 0 1 stud.dat

0 // Outer Faces
1 16 0 12 0 10 0 0 0 -12 0 0 0 10 box2-5.dat
1 16 0 22 -50 0 0 -10 -2 0 0 0 1 0 rect.dat
2 24 10 20 -50 10 0 -10
2 24 -10 20 -50 -10 0 -10

0 // Bottom
3 16 -6 24 6 -6 24 -6 -10 24 10
3 16 -10 24 10 -6 24 -6 -6 24 -10
3 16 6 24 -6 6 24 6 10 24 10
3 16 6 24 -6 10 24 10 6 24 -10
3 16 -6 24 -10 -6 24 -6 -2 24 -10
3 16 2 24 -10 6 24 -6 6 24 -10
4 16 -10 24 10 -6 24 -10 -6 24 -46 -10 24 -50
4 16 6 24 -46 6 24 -10 10 24 10 10 24 -50
4 16 6 24 -6 2 24 -10 -2 24 -10 -6 24 -6
4 16 10 24 10 6 24 6 -6 24 6 -10 24 10
4 16 -10 24 -50 -6 24 -46 6 24 -46 10 24 -50
2 24 -10 24 10 -10 24 -50
2 24 10 24 -50 10 24 10
2 24 -6 24 -10 -6 24 -46
2 24 6 24 -46 6 24 -10

0 // Back Cavity
0 BFC INVERTNEXT
1 16 0 24 0 -6 0 0 0 -20 0 0 0 6 box5.dat

0 // Front Cavity
0 BFC INVERTNEXT
1 16 0 22 -44 -6 0 0 0 -2 0 0 0 -2 box2-5.dat
1 16 4 14 -10 0 0 -2 -10 0 0 0 1 0 rect.dat
1 16 -4 14 -10 -2 0 0 0 0 10 0 1 0 rect.dat
1 16 0 15 -12 2 0 0 0 0 9 0 -2 0 box2-7.dat
1 16 0 5 -12 2 0 0 0 -2 1 0 0 -2 recte3.dat
3 16 6 20 -42 6 24 -46 6 20 -46
3 16 -6 24 -46 -6 20 -42 -6 20 -46
4 16 2 24 -10 2 4 -10 2 6 -14 2 24 -14
4 16 -2 6 -14 -2 4 -10 -2 24 -10 -2 24 -14
4 16 6 24 -46 6 20 -42 6 4 -10 6 24 -10
4 16 -6 24 -46 -6 24 -10 -6 4 -10 -6 20 -42
4 16 6 20 -42 2 6 -14 2 4 -10 6 4 -10
4 16 6 20 -42 -6 20 -42 -2 6 -14 2 6 -14
4 16 -6 20 -42 -6 4 -10 -2 4 -10 -2 6 -14
2 24 -6 20 -42 -6 4 -10
2 24 6 4 -10 6 20 -42

0 // Bottom Tube
1 16 0 16 -30 0 0 -4 0 -2 0 -4 0 0 4-4cylse.dat
1 16 0 16 -30 0 0 -4 0 4 0 -4 0 0 4-4cyli.dat
1 16 0 20 -30 -1 0 0 0 -1 0 0 0 1 stud3a.dat