0 ~Sticker  0.8 x  3.0 with Orange and Yellow Shooting Star, S-Shape - First Face
0 Name: s\4620855bs01.dat
0 Author: Massimo Maso [Sirio]
0 !LDRAW_ORG Subpart UPDATE 2026-05
0 !LICENSE Licensed under CC BY 4.0 : see CAreadme.txt

0 BFC CERTIFY CCW

0 !HISTORY 2026-02-15 [MagFors] Corrected length
0 !HISTORY 2026-05-31 [OrionP] Official Update 2026-05

0 // Primitives
1 30 -6.5 -.25 7.3122 -1.5 0 0 0 1 0 0 0 1.5 1-4chrd.dat
1 30 6.5 -.25 7.3122 1.5 0 0 0 1 0 0 0 1.5 1-4chrd.dat
0 // Faces
0 // Orange face
3 25 -2.3042 -.25 -.0132 -.306 -.25 -.0132 -1.6 -.25 1.8354
0 // Purple faces
4 30 8 -.25 7.3122 -1.7 -.25 3.6354 .5 -.25 .9354 3.6 -.25 .3354
3 30 3.6 -.25 .3354 8 -.25 -.0132 8 -.25 7.3122
3 30 3.3453 -.25 -.0132 8 -.25 -.0132 3.6 -.25 .3354
4 30 -3.3 -.25 .7354 -8 -.25 7.3122 -8 -.25 -.0132 -5.0851 -.25 -.0132
4 30 -8 -.25 7.3122 -3.3 -.25 .7354 -1.7 -.25 3.6354 -6.5 -.25 8.8122
4 30 8 -.25 7.3122 6.5 -.25 8.8122 -6.5 -.25 8.8122 -1.7 -.25 3.6354
0 // Yellow faces
4 14 -.306 -.25 -.0132 .5 -.25 .9354 -1.7 -.25 3.6354 -1.6 -.25 1.8354
3 14 -5.0851 -.25 -.0132 -2.3042 -.25 -.0132 -3.3 -.25 .7354
4 14 3.3453 -.25 -.0132 3.6 -.25 .3354 .5 -.25 .9354 -.306 -.25 -.0132
4 14 -1.7 -.25 3.6354 -3.3 -.25 .7354 -2.3042 -.25 -.0132 -1.6 -.25 1.8354