0 ~Electric Switch: Key without Top Face
0 Name: s\4709s01.dat
0 Author: Javier Orquera [kuramapika1]
0 !LDRAW_ORG Subpart UPDATE 2026-07
0 !LICENSE Licensed under CC BY 4.0 : see CAreadme.txt

0 BFC CERTIFY CCW

0 !HISTORY 2026-07-30 [OrionP] Official Update 2026-07

1 16 0 0 0 1 0 0 0 1 0 0 0 1 s\4112s02.dat
1 16 2.5 -23 -137 0 0 6 0 18 0 6 0 0 3-16cylo.dat
1 16 2.5 -23 -137 0 0 -6 0 18 0 6 0 0 3-16cylo.dat
1 16 2.5 -5 -137 -6 0 0 0 1 0 0 0 -6 2-4edge.dat
4 16 8.0434 -5 -134.7038 8.0434 -23 -134.7038 8.5 -23 -137 8.5 -19 -137
3 16 8.0434 -5 -134.7038 8.5 -19 -137 8.5 -5 -137
3 16 -3.5 -23 -137 -3.0434 -23 -134.7038 -3.5 -19 -137
4 16 -3.5 -5 -137 -3.5 -19 -137 -3.0434 -23 -134.7038 -3.0434 -5 -134.7038
4 16 .2038 -5 -142.5434 .2038 -23 -142.5434 -1.7426 -23 -141.2426 -1.7426 -5 -141.2426
4 16 .2038 -23 -142.5434 .2038 -5 -142.5434 2.5 -5 -143 .9472 -23 -142.69122
3 16 .9472 -23 -142.69122 2.5 -5 -143 2.5 -23 -143
4 16 2.5 -23 -143 2.5 -5 -143 4.7962 -5 -142.5434 4.0528 -23 -142.69122
3 16 4.0528 -23 -142.69122 4.7962 -5 -142.5434 4.7962 -23 -142.5434
4 16 4.7962 -5 -142.5434 6.7426 -5 -141.2426 6.7426 -23 -141.2426 4.7962 -23 -142.5434
4 16 6.7426 -23 -141.2426 6.7426 -5 -141.2426 8.0434 -5 -139.2962 8.0434 -19 -139.2962
4 16 8.0434 -19 -139.2962 8.0434 -5 -139.2962 8.5 -5 -137 8.5 -19 -137
3 16 8.0434 -23 -139.2962 6.7426 -23 -141.2426 8.0434 -19 -139.2962
4 16 -3.0434 -5 -139.2962 -1.7426 -5 -141.2426 -1.7426 -23 -141.2426 -3.0434 -19 -139.2962
4 16 -3.5 -5 -137 -3.0434 -5 -139.2962 -3.0434 -19 -139.2962 -3.5 -19 -137
3 16 -1.7426 -23 -141.2426 -3.0434 -23 -139.2962 -3.0434 -19 -139.2962
1 16 2.5 -5 -137 0 0 1.5 0 -1 0 -1.5 0 0 4-4ring3.dat
0 BFC INVERTNEXT
1 16 2.5 -23 -137 0 0 4.5 0 18 0 -4.5 0 0 1-8cylo.dat
1 16 2.5 -23 -137 0 0 4.5 0 -1 0 -4.5 0 0 1-8chrd.dat
0 BFC INVERTNEXT
1 16 2.5 -23 -137 0 0 -4.5 0 18 0 -4.5 0 0 1-8cylo.dat
1 16 2.5 -23 -137 0 0 -4.5 0 -1 0 -4.5 0 0 1-8chrd.dat
0 BFC INVERTNEXT
1 16 2.5 -23 -137 0 0 4.5 0 18 0 4.5 0 0 1-8cylo.dat
1 16 2.5 -23 -137 0 0 4.5 0 -1 0 4.5 0 0 1-8chrd.dat
0 BFC INVERTNEXT
1 16 2.5 -23 -137 0 0 -4.5 0 18 0 4.5 0 0 1-8cylo.dat
1 16 2.5 -23 -137 0 0 -4.5 0 -1 0 4.5 0 0 1-8chrd.dat
4 16 -.68195 -5 -140.18195 -1.3047 -5 -139.25 -1.3047 -23 -139.25 -.68195 -23 -140.18195
4 16 -1.3047 -5 -134.75 -.68195 -5 -133.81805 -.68195 -23 -133.81805 -1.3047 -23 -134.75
4 16 -1.3047 -5 -139.25 -1.65755 -5 -138.72215 -2 -5 -137 -1.65755 -5 -135.27785
3 16 -1.3047 -5 -139.25 -1.65755 -5 -135.27785 -1.3047 -5 -134.75
4 16 -1.3047 -23 -139.25 -1.3047 -5 -139.25 -1.3047 -5 -134.75 -1.3047 -23 -134.75
4 16 7 -5 -137 6.65755 -5 -138.72215 6.3047 -5 -139.25 6.65755 -5 -135.27785
3 16 6.65755 -5 -135.27785 6.3047 -5 -139.25 6.3047 -5 -134.75
4 16 6.3047 -5 -134.75 6.3047 -5 -139.25 6.3047 -23 -139.25 6.3047 -23 -134.75
4 16 6.3047 -5 -139.25 5.68195 -5 -140.18195 5.68195 -23 -140.18195 6.3047 -23 -139.25
4 16 5.68195 -23 -133.81805 5.68195 -5 -133.81805 6.3047 -5 -134.75 6.3047 -23 -134.75
4 16 6.3047 -23 -134.75 6.3047 -23 -139.25 5.68195 -23 -140.18195 5.68195 -23 -133.81805
4 16 2.5 -23 -132.5 5.68195 -23 -133.81805 5.68195 -23 -140.18195 2.5 -23 -141.5
4 16 -.68195 -23 -133.81805 2.5 -23 -132.5 2.5 -23 -141.5 -.68195 -23 -140.18195
4 16 -.68195 -23 -140.18195 -1.3047 -23 -139.25 -1.3047 -23 -134.75 -.68195 -23 -133.81805
2 24 8.5 -5 -137 8.0434 -5 -134.7038
2 24 -3.0434 -5 -134.7038 -3.5 -5 -137
2 24 8.5 -23 -137 8.0434 -23 -134.7038
2 24 -3.0434 -23 -134.7038 -3.5 -23 -137
2 24 8.0434 -23 -139.2962 6.7426 -23 -141.2426
2 24 -3.0434 -23 -139.2962 -1.7426 -23 -141.2426
2 24 6.3047 -5 -134.75 6.3047 -5 -139.25
2 24 -1.3047 -5 -139.25 -1.3047 -5 -134.75
2 24 6.3047 -23 -139.25 6.3047 -23 -134.75
2 24 -.68195 -23 -140.18195 -1.3047 -23 -139.25
2 24 5.68195 -5 -140.18195 6.3047 -5 -139.25
2 24 -.68195 -23 -133.81805 -1.3047 -23 -134.75
2 24 5.68195 -23 -133.81805 6.3047 -23 -134.75
2 24 -1.3047 -5 -134.75 -.68195 -5 -133.81805
2 24 -1.3047 -5 -139.25 -.68195 -5 -140.18195
2 24 5.68195 -5 -133.81805 6.3047 -5 -134.75
2 24 -1.3047 -23 -134.75 -1.3047 -23 -139.25
2 24 6.3047 -23 -139.25 5.68195 -23 -140.18195
5 24 6.3047 -23 -134.75 6.3047 -5 -134.75 5.68195 -23 -133.81805 6.3047 -5 -139.25
5 24 -1.3047 -5 -139.25 -1.3047 -23 -139.25 -1.3047 -5 -134.75 -.68195 -23 -140.18195
5 24 6.3047 -5 -139.25 6.3047 -23 -139.25 5.68195 -5 -140.18195 6.3047 -23 -134.75
5 24 -1.3047 -23 -134.75 -1.3047 -5 -134.75 -1.3047 -23 -139.25 -.68195 -5 -133.81805
5 24 -3.0434 -5 -139.2962 -3.0434 -19 -139.2962 -1.7426 -5 -141.2426 -3.5 -19 -137
5 24 -3.5 -5 -137 -3.5 -19 -137 -3.0434 -23 -134.7038 -3.0434 -5 -139.2962
5 24 8.0434 -19 -139.2962 8.0434 -5 -139.2962 8.5 -5 -137 6.7426 -23 -141.2426
5 24 8.5 -19 -137 8.5 -5 -137 8.0434 -5 -134.7038 8.0434 -19 -139.2962
2 24 -1.7426 -23 -132.7574 -3.0434 -23 -134.7038
1 16 2.5 -23 -137 6 0 0 0 -1 0 0 0 6 2-4ndis.dat
4 16 -3.5 -23 -131 -3.5 -23 -137 -29.5 -23 -137 -31.5 -23 -135
4 16 -3.5 -23 -131 -31.5 -23 -135 -12.4142 -23 -102.5058 -11 -23 -101.92
4 16 -11 -23 -101.92 -9.5858 -23 -102.5058 1.0858 -23 -113.4142 1.0858 -23 -114
3 16 -11 -23 -101.92 1.0858 -23 -114 -3.5 -23 -131
4 16 2.5 -23 -114 2.5 -23 -131 -3.5 -23 -131 1.0858 -23 -114
4 16 2.5 -23 -114 3.9142 -23 -114 8.5 -23 -131 2.5 -23 -131
3 16 3.9142 -23 -114 16 -23 -101.92 8.5 -23 -131
4 16 3.9142 -23 -114 3.9142 -23 -113.4142 14.5858 -23 -102.5058 16 -23 -101.92
4 16 8.5 -23 -131 16 -23 -101.92 17.4142 -23 -102.5058 36.5 -23 -135
4 16 8.5 -23 -131 36.5 -23 -135 34.5 -23 -137 8.5 -23 -137
4 16 16.5 -15 -160 16.5 -23 -160 16.5 -23 -152 16.5 -15 -152
4 16 17.5 -14 -160 16.5 -15 -160 16.5 -15 -152 17.5 -14 -152
4 16 19.5 -14 -152 19.5 -14 -160 17.5 -14 -160 17.5 -14 -152
4 16 19.5 -14 -160 19.5 -14 -152 35.5 -23 -152 35.5 -23 -160
4 16 17.5 -14 -152 16.5 -15 -152 16.5 -23 -152 19.5 -14 -152
3 16 19.5 -14 -152 16.5 -23 -152 35.5 -23 -152
3 16 19.5 -14 -160 35.5 -23 -160 16.5 -23 -160
4 16 16.5 -15 -160 17.5 -14 -160 19.5 -14 -160 16.5 -23 -160
4 16 -19.5 -15 -160 -19.5 -23 -160 -19.5 -23 -152 -19.5 -15 -152
4 16 -18.5 -14 -160 -19.5 -15 -160 -19.5 -15 -152 -18.5 -14 -152
4 16 -16.5 -14 -152 -16.5 -14 -160 -18.5 -14 -160 -18.5 -14 -152
4 16 -16.5 -14 -160 -16.5 -14 -152 -.5 -23 -152 -.5 -23 -160
4 16 -18.5 -14 -152 -19.5 -15 -152 -19.5 -23 -152 -16.5 -14 -152
3 16 -16.5 -14 -152 -19.5 -23 -152 -.5 -23 -152
3 16 -16.5 -14 -160 -.5 -23 -160 -19.5 -23 -160
4 16 -19.5 -15 -160 -18.5 -14 -160 -16.5 -14 -160 -19.5 -23 -160
2 24 17.5 -14 -160 16.5 -15 -160
2 24 -19.5 -23 -160 -19.5 -15 -160
2 24 16.5 -23 -152 35.5 -23 -152
5 24 -18.5 -14 -160 -18.5 -14 -152 -16.5 -14 -152 -19.5 -15 -160
2 24 -19.5 -23 -152 -19.5 -15 -152
2 24 -19.5 -15 -160 -18.5 -14 -160
2 24 16.5 -15 -160 16.5 -23 -160
2 24 35.5 -23 -160 16.5 -23 -160
2 24 -19.5 -23 -160 -.5 -23 -160
2 24 -18.5 -14 -152 -16.5 -14 -152
2 24 19.5 -14 -160 35.5 -23 -160
5 24 19.5 -14 -152 19.5 -14 -160 17.5 -14 -160 35.5 -23 -152
2 24 -18.5 -14 -160 -16.5 -14 -160
2 24 -19.5 -15 -152 -18.5 -14 -152
5 24 -19.5 -15 -152 -19.5 -15 -160 -19.5 -23 -160 -18.5 -14 -152
2 24 -.5 -23 -152 -16.5 -14 -152
2 24 17.5 -14 -152 19.5 -14 -152
2 24 16.5 -15 -152 17.5 -14 -152
2 24 16.5 -23 -152 16.5 -15 -152
2 24 35.5 -23 -152 19.5 -14 -152
2 24 -19.5 -23 -152 -.5 -23 -152
2 24 16.5 -23 -152 16.5 -23 -160
5 24 35.5 -23 -160 35.5 -23 -152 19.5 -14 -160 39.5 -23 -139.2962
5 24 17.5 -14 -160 17.5 -14 -152 19.5 -14 -152 16.5 -15 -160
2 24 19.5 -14 -160 17.5 -14 -160
2 24 -16.5 -14 -160 -.5 -23 -160
2 24 -19.5 -23 -152 -19.5 -23 -160
5 24 16.5 -15 -152 16.5 -15 -160 16.5 -23 -160 17.5 -14 -152
5 24 -.5 -23 -160 -.5 -23 -152 2.5 -23 -143 -16.5 -14 -160
5 24 -16.5 -14 -152 -16.5 -14 -160 -18.5 -14 -160 -.5 -23 -152
4 16 2.5 -23 -143 4.0528 -23 -142.69122 4.0528 -23 -145.23662 .9472 -23 -145.23662
3 16 2.5 -23 -143 .9472 -23 -145.23662 .9472 -23 -142.69122
5 24 2.5 -5 -143 2.5 -23 -143 .9472 -23 -142.69122 4.7962 -5 -142.5434
2 24 2.5 -23 -143 4.0528 -23 -142.69122
5 24 -1.7426 -5 -141.2426 -1.7426 -23 -141.2426 .2038 -5 -142.5434 -3.0434 -19 -139.2962
5 24 4.7962 -5 -142.5434 4.7962 -23 -142.5434 4.0528 -23 -142.69122 6.7426 -5 -141.2426
5 24 6.7426 -23 -141.2426 6.7426 -5 -141.2426 8.0434 -5 -139.2962 4.7962 -23 -142.5434
5 24 .2038 -23 -142.5434 .2038 -5 -142.5434 2.5 -5 -143 -1.7426 -23 -141.2426
2 24 .9472 -23 -142.69122 2.5 -23 -143