0 ~Boat Mast  4 x  4 x 22 - Half
0 Name: s\48005s02.dat
0 Author: Gerald Lasser [GeraldLasser]
0 !LDRAW_ORG Subpart UPDATE 2026-05
0 !LICENSE Licensed under CC BY 4.0 : see CAreadme.txt

0 BFC CERTIFY CCW

0 !HISTORY 2026-05-31 [OrionP] Official Update 2026-05

0 // Mast Section - 1 - Bottom
2 24 -20 504 10 -20 504 0
2 24 -18.478 504 -7.654 -17.32 504 -10
2 24 -17.32 504 -10 -15.868 504 -12.176
2 24 -19.828 504 -2.61 -19.318 504 -5.176
2 24 -19.318 504 -5.176 -18.478 504 -7.654
2 24 -20 504 0 -19.828 504 -2.61
2 24 -2.61 504 -19.828 0 504 -20
2 24 -7.654 504 -18.478 -5.176 504 -19.318
2 24 -5.176 504 -19.318 -2.61 504 -19.828
2 24 -12.176 504 -15.868 -10 504 -17.32
2 24 -10 504 -17.32 -7.654 504 -18.478
2 24 -15.868 504 -12.176 -14.142 504 -14.142
2 24 -14.142 504 -14.142 -12.176 504 -15.868
4 16 -20 504 10 -20 504 0 -17.4294 334 0 -17.4294 334 10
4 16 -17.2795 334 -2.2745 -17.4294 334 0 -20 504 0 -19.828 504 -2.61
4 16 -16.8351 334 -4.5107 -17.2795 334 -2.2745 -19.828 504 -2.61 -19.318 504 -5.176
4 16 -16.8351 334 -4.5107 -19.318 504 -5.176 -18.478 504 -7.654 -16.1031 334 -6.6702
4 16 -15.0939 334 -8.7147 -16.1031 334 -6.6702 -18.478 504 -7.654 -17.32 504 -10
4 16 -15.868 504 -12.176 -14.2362 334 -10 -15.0939 334 -8.7147 -17.32 504 -10
3 16 -13.8285 334 -10.611 -14.2362 334 -10 -15.868 504 -12.176
4 16 -12.3244 334 -12.3244 -13.8285 334 -10.611 -15.868 504 -12.176 -14.142 504 -14.142
4 16 -12.3244 334 -12.3244 -14.142 504 -14.142 -12.176 504 -15.868 -10.611 334 -13.8285
4 16 -8.7147 334 -15.0939 -10.611 334 -13.8285 -12.176 504 -15.868 -10 504 -17.32
4 16 -8.7147 334 -15.0939 -10 504 -17.32 -7.654 504 -18.478 -6.6702 334 -16.1031
4 16 -4.5107 334 -16.8351 -6.6702 334 -16.1031 -7.654 504 -18.478 -5.176 504 -19.318
4 16 -4.5107 334 -16.8351 -5.176 504 -19.318 -2.61 504 -19.828 -2.2745 334 -17.2795
4 16 0 334 -17.4294 -2.2745 334 -17.2795 -2.61 504 -19.828 0 504 -20
5 24 -15.868 504 -12.176 -13.8285 334 -10.611 -14.142 504 -14.142 -14.2362 334 -10
5 24 -2.61 504 -19.828 -2.2745 334 -17.2795 0 504 -20 -4.5107 334 -16.8351
5 24 -16.1031 334 -6.6702 -18.478 504 -7.654 -17.32 504 -10 -16.8351 334 -4.5107
5 24 -19.318 504 -5.176 -16.8351 334 -4.5107 -18.478 504 -7.654 -17.2795 334 -2.2745
5 24 -20 504 0 -17.4294 334 0 -17.4294 334 10 -19.828 504 -2.61
5 24 -12.3244 334 -12.3244 -14.142 504 -14.142 -12.176 504 -15.868 -13.8285 334 -10.611
5 24 -17.32 504 -10 -15.0939 334 -8.7147 -15.868 504 -12.176 -16.1031 334 -6.6702
5 24 -10 504 -17.32 -8.7147 334 -15.0939 -7.654 504 -18.478 -10.611 334 -13.8285
5 24 -12.176 504 -15.868 -10.611 334 -13.8285 -10 504 -17.32 -12.3244 334 -12.3244
5 24 -7.654 504 -18.478 -6.6702 334 -16.1031 -5.176 504 -19.318 -8.7147 334 -15.0939
5 24 -19.828 504 -2.61 -17.2795 334 -2.2745 -19.318 504 -5.176 -17.4294 334 0
5 24 -4.5107 334 -16.8351 -5.176 504 -19.318 -6.6702 334 -16.1031 -2.61 504 -19.828

0 // Mast Scetion - 2 - Bottom Pegholes
1 16 0 334 0 0 0 -17.4294 0 1 0 -17.4294 0 0 48\7-48chrd.dat
1 16 0 334 0 0 0 -17.4294 0 1 0 -17.4294 0 0 48\7-48edge.dat
2 24 -13.8285 334 -10.611 -14.2362 334 -10
1 16 0 254 0 0 0 -16.2198 0 -1 0 -16.2198 0 0 48\1-8chrd.dat
1 16 0 254 0 0 0 -16.2198 0 1 0 -16.2198 0 0 48\1-8edge.dat
2 24 -12.7587 254 -10 -11.469 254 -11.469
4 16 -17.4294 334 0 -16.2198 254 0 -16.2198 254 10 -17.4294 334 10
4 16 -16.0803 254 -2.1167 -16.2198 254 0 -17.4294 334 0 -17.2795 334 -2.2745
4 16 -15.6667 254 -4.1977 -16.0803 254 -2.1167 -17.2795 334 -2.2745 -16.8351 334 -4.5107
4 16 -15.6667 254 -4.1977 -16.8351 334 -4.5107 -16.1031 334 -6.6702 -14.9854 254 -6.2073
4 16 -14.9854 254 -6.2073 -16.1031 334 -6.6702 -15.0939 334 -8.7147 -14.0463 254 -8.1099
4 16 -12.7587 254 -10 -14.0463 254 -8.1099 -15.0939 334 -8.7147 -14.2362 334 -10
2 24 -12.7587 254 -10 -14.2362 334 -10
5 24 -17.2795 334 -2.2745 -16.0803 254 -2.1167 -16.2198 254 0 -16.8351 334 -4.5107
5 24 -15.0939 334 -8.7147 -14.0463 254 -8.1099 -14.2362 334 -10 -14.9854 254 -6.2073
5 24 -16.8351 334 -4.5107 -15.6667 254 -4.1977 -16.1031 334 -6.6702 -16.0803 254 -2.1167
5 24 -16.1031 334 -6.6702 -14.9854 254 -6.2073 -15.6667 254 -4.1977 -15.0939 334 -8.7147
5 24 -17.4294 334 0 -16.2198 254 0 -16.2198 254 10 -17.2795 334 -2.2745

3 16 -9 323 -10 -14.2362 334 -10 0 323 -10
3 16 -14.2362 334 -10 -9 323 -10 -9 314 -10
3 16 -14.2362 334 -10 -9 314 -10 -9 305 -10
3 16 -14.2362 334 -10 -9 305 -10 -9 283 -10
4 16 -9 274 -10 -12.7587 254 -10 -14.2362 334 -10 -9 283 -10
3 16 -9 265 -10 -12.7587 254 -10 -9 274 -10
3 16 -12.7587 254 -10 -9 265 -10 0 265 -10
4 16 -9 305 -10 0 305 -10 0 283 -10 -9 283 -10

0 // Mast Scetion - 3 - Centre
4 16 -14.4052 134 10 -16.2198 254 10 -16.2198 254 0 -14.4052 134 0
4 16 -14.2814 134 -1.8799 -14.4052 134 0 -16.2198 254 0 -16.0803 254 -2.1167
4 16 -14.2814 134 -1.8799 -16.0803 254 -2.1167 -15.6667 254 -4.1977 -13.914 134 -3.7281
4 16 -13.309 134 -5.5129 -13.914 134 -3.7281 -15.6667 254 -4.1977 -14.9854 254 -6.2073
4 16 -13.309 134 -5.5129 -14.9854 254 -6.2073 -14.0463 254 -8.1099 -12.4749 134 -7.2026
4 16 -12.4749 134 -7.2026 -14.0463 254 -8.1099 -12.7587 254 -10 -11.4291 134 -8.7699
4 16 -10.3491 134 -10 -11.4291 134 -8.7699 -12.7587 254 -10 -11.469 254 -11.469
4 16 -10.3491 134 -10 -11.469 254 -11.469 -9.8746 254 -12.8688 -8.7699 134 -11.4291
4 16 -7.2026 134 -12.4749 -8.7699 134 -11.4291 -9.8746 254 -12.8688 -8.1099 254 -14.0463
4 16 -7.2026 134 -12.4749 -8.1099 254 -14.0463 -6.2073 254 -14.9854 -5.5129 134 -13.309
4 16 -3.7281 134 -13.914 -5.5129 134 -13.309 -6.2073 254 -14.9854 -4.1977 254 -15.6667
4 16 -3.7281 134 -13.914 -4.1977 254 -15.6667 -2.1167 254 -16.0803 -1.8799 134 -14.2814
4 16 0 134 -14.4052 -1.8799 134 -14.2814 -2.1167 254 -16.0803 0 254 -16.2198
5 24 -10.3491 134 -10 -9.8746 254 -12.8688 -11.469 254 -11.469 -8.7699 134 -11.4291
5 24 -12.4749 134 -7.2026 -12.7587 254 -10 -14.0463 254 -8.1099 -11.4291 134 -8.7699
5 24 -12.4749 134 -7.2026 -14.0463 254 -8.1099 -13.309 134 -5.5129 -12.7587 254 -10
5 24 -3.7281 134 -13.914 -4.1977 254 -15.6667 -2.1167 254 -16.0803 -5.5129 134 -13.309
5 24 -2.1167 254 -16.0803 -1.8799 134 -14.2814 0 254 -16.2198 -3.7281 134 -13.914
5 24 -6.2073 254 -14.9854 -5.5129 134 -13.309 -4.1977 254 -15.6667 -7.2026 134 -12.4749
5 24 -8.1099 254 -14.0463 -7.2026 134 -12.4749 -6.2073 254 -14.9854 -8.7699 134 -11.4291
5 24 -16.0803 254 -2.1167 -14.2814 134 -1.8799 -15.6667 254 -4.1977 -14.4052 134 0
5 24 -10.3491 134 -10 -11.469 254 -11.469 -9.8746 254 -12.8688 -11.4291 134 -8.7699
5 24 -9.8746 254 -12.8688 -8.7699 134 -11.4291 -8.1099 254 -14.0463 -10.3491 134 -10
5 24 -12.7587 254 -10 -11.4291 134 -8.7699 -11.469 254 -11.469 -12.4749 134 -7.2026
5 24 -14.9854 254 -6.2073 -13.309 134 -5.5129 -13.914 134 -3.7281 -14.0463 254 -8.1099
5 24 -13.914 134 -3.7281 -15.6667 254 -4.1977 -14.9854 254 -6.2073 -14.2814 134 -1.8799
5 24 -16.2198 254 0 -14.4052 134 0 -16.0803 254 -2.1167 -14.4052 134 10

0 // Mast Section - 4 - Pegholes Top
1 16 0 134 0 0 0 -14.4052 0 1 0 -14.4052 0 0 48\5-48chrd.dat
1 16 0 134 0 0 0 -14.4052 0 1 0 -14.4052 0 0 48\5-48edge.dat
2 24 -10.3491 134 -10 -8.7699 134 -11.4291
1 16 0 54 0 0 0 -13.1956 0 -1 0 -13.1956 0 0 48\5-48chrd.dat
1 16 0 54 0 0 0 -13.1956 0 1 0 -13.1956 0 0 48\5-48edge.dat
4 16 -14.4052 134 0 -13.1956 54 0 -13.1956 54 10 -14.4052 134 10
4 16 -13.1956 54 0 -14.4052 134 0 -14.2814 134 -1.8799 -13.0821 54 -1.722
4 16 -13.0821 54 -1.722 -14.2814 134 -1.8799 -13.914 134 -3.7281 -12.7456 54 -3.415
4 16 -12.1914 54 -5.0499 -12.7456 54 -3.415 -13.914 134 -3.7281 -13.309 134 -5.5129
4 16 -11.4274 54 -6.5978 -12.1914 54 -5.0499 -13.309 134 -5.5129 -12.4749 134 -7.2026
4 16 -10.4694 54 -8.0335 -11.4274 54 -6.5978 -12.4749 134 -7.2026 -11.4291 134 -8.7699
4 16 -11.4291 134 -8.7699 -10.3491 134 -10 -9.3306 54 -9.3306 -10.4694 54 -8.0335
3 16 -8.5681 54 -10 -9.3306 54 -9.3306 -10.3491 134 -10
2 24 -8.5681 54 -10 -10.3491 134 -10
5 24 -9.3306 54 -9.3306 -10.3491 134 -10 -8.5681 54 -10 -10.4694 54 -8.0335
5 24 -14.4052 134 0 -13.1956 54 0 -13.1956 54 10 -14.2814 134 -1.8799
5 24 -13.309 134 -5.5129 -12.1914 54 -5.0499 -12.4749 134 -7.2026 -12.7456 54 -3.415
5 24 -10.4694 54 -8.0335 -11.4291 134 -8.7699 -11.4274 54 -6.5978 -10.3491 134 -10
5 24 -12.4749 134 -7.2026 -11.4274 54 -6.5978 -11.4291 134 -8.7699 -12.1914 54 -5.0499
5 24 -13.914 134 -3.7281 -12.7456 54 -3.415 -13.309 134 -5.5129 -13.0821 54 -1.722
5 24 -13.0821 54 -1.722 -14.2814 134 -1.8799 -13.914 134 -3.7281 -13.1956 54 0

4 16 -9 105 -10 0 105 -10 0 82 -10 -8 82 -10
3 16 -10.3491 134 -10 0 123 -10 -9 123 -10
3 16 -10.3491 134 -10 -9 123 -10 -9 114 -10
3 16 -10.3491 134 -10 -9 114 -10 -9 105 -10
3 16 -8.5681 54 -10 -8 66 -10 0 66 -10
3 16 -8 66 -10 -8.5681 54 -10 -8 74 -10
3 16 -8 74 -10 -8.5681 54 -10 -8 82 -10
3 16 -8 82 -10 -8.5681 54 -10 -9 105 -10
3 16 -9 105 -10 -8.5681 54 -10 -10.3491 134 -10

0 // Mast Section - 5 - Top
2 24 -8.5681 54 -10 -8.0335 54 -10.4694
4 16 -13.1956 54 0 -12.5 8 0 -12.5 8 10 -13.1956 54 10
4 16 -12.3925 8 -1.6313 -12.5 8 0 -13.1956 54 0 -13.0821 54 -1.722
4 16 -11.5488 8 -4.7838 -12.0738 8 -3.235 -12.7456 54 -3.415 -12.1914 54 -5.0499
4 16 -10.825 8 -6.25 -11.5488 8 -4.7838 -12.1914 54 -5.0499 -11.4274 54 -6.5978
4 16 -9.9175 8 -7.61 -10.825 8 -6.25 -11.4274 54 -6.5978 -10.4694 54 -8.0335
4 16 -8.8388 8 -8.8388 -9.9175 8 -7.61 -10.4694 54 -8.0335 -9.3306 54 -9.3306
3 16 -8.5681 54 -10 -8.0335 54 -10.4694 -7.61 8 -9.9175
4 16 -7.61 8 -9.9175 -8.8388 8 -8.8388 -9.3306 54 -9.3306 -8.5681 54 -10
4 16 -7.61 8 -9.9175 -8.0335 54 -10.4694 -6.5978 54 -11.4274 -6.25 8 -10.825
4 16 -6.25 8 -10.825 -6.5978 54 -11.4274 -5.0499 54 -12.1914 -4.7838 8 -11.5488
4 16 -3.235 8 -12.0738 -4.7838 8 -11.5488 -5.0499 54 -12.1914 -3.415 54 -12.7456
4 16 -1.6313 8 -12.3925 -3.235 8 -12.0738 -3.415 54 -12.7456 -1.722 54 -13.0821
4 16 -1.6313 8 -12.3925 -1.722 54 -13.0821 0 54 -13.1956 0 8 -12.5
4 16 -12.0738 8 -3.235 -12.3925 8 -1.6313 -13.0821 54 -1.722 -12.7456 54 -3.415

5 24 -11.4274 54 -6.5978 -10.825 8 -6.25 -10.4694 54 -8.0335 -11.5488 8 -4.7838
5 24 -11.5488 8 -4.7838 -12.1914 54 -5.0499 -12.0738 8 -3.235 -11.4274 54 -6.5978
5 24 -13.0821 54 -1.722 -12.3925 8 -1.6313 -12.7456 54 -3.415 -12.5 8 0
5 24 -12.7456 54 -3.415 -12.0738 8 -3.235 -12.1914 54 -5.0499 -12.3925 8 -1.6313
5 24 -3.235 8 -12.0738 -3.415 54 -12.7456 -4.7838 8 -11.5488 -1.722 54 -13.0821
5 24 -6.5978 54 -11.4274 -6.25 8 -10.825 -5.0499 54 -12.1914 -7.61 8 -9.9175
5 24 -1.722 54 -13.0821 -1.6313 8 -12.3925 -3.235 8 -12.0738 0 54 -13.1956
5 24 -8.8388 8 -8.8388 -9.3306 54 -9.3306 -8.5681 54 -10 -9.9175 8 -7.61
5 24 -9.9175 8 -7.61 -10.4694 54 -8.0335 -10.825 8 -6.25 -9.3306 54 -9.3306
5 24 -5.0499 54 -12.1914 -4.7838 8 -11.5488 -3.415 54 -12.7456 -6.25 8 -10.825
5 24 -13.1956 54 0 -12.5 8 0 -12.5 8 10 -13.0821 54 -1.722
5 24 -8.0335 54 -10.4694 -7.61 8 -9.9175 -6.5978 54 -11.4274 -8.5681 54 -10

2 24 -12.5 8 0 -12.5 8 10
2 24 -9.9175 8 -7.61 -8.8388 8 -8.8388
2 24 -8.8388 8 -8.8388 -7.61 8 -9.9175
2 24 -11.5488 8 -4.7838 -10.825 8 -6.25
2 24 -10.825 8 -6.25 -9.9175 8 -7.61
2 24 -12.3925 8 -1.6313 -12.0738 8 -3.235
2 24 -12.0738 8 -3.235 -11.5488 8 -4.7838
2 24 -12.5 8 0 -12.3925 8 -1.6313
2 24 -1.6313 8 -12.3925 0 8 -12.5
2 24 -4.7838 8 -11.5488 -3.235 8 -12.0738
2 24 -3.235 8 -12.0738 -1.6313 8 -12.3925
2 24 -7.61 8 -9.9175 -6.25 8 -10.825
2 24 -6.25 8 -10.825 -4.7838 8 -11.5488

0 // Interior - 1 - Bottom
2 24 -16 504 0 -15.2176 504 -4.944
2 24 -9.4048 504 -12.944 -4.944 504 -15.2176
2 24 -4.944 504 -15.2176 0 504 -16
2 24 -15.2176 504 -4.944 -12.944 504 -9.4048
2 24 -12.944 504 -9.4048 -9.4048 504 -12.944
2 24 -16 504 0 -16 504 10
4 16 0 504 -16 -4.944 504 -15.2176 -4.2201 338 -12.9894 0 338 -13.6573
4 16 -8.0277 338 -11.0487 -4.2201 338 -12.9894 -4.944 504 -15.2176 -9.4048 504 -12.944
4 16 -9.4048 504 -12.944 -12.944 504 -9.4048 -11.0487 338 -8.0277 -8.0277 338 -11.0487
4 16 -12.9894 338 -4.2201 -12.0822 338 -6 -12.944 504 -9.4048 -15.2176 504 -4.944
3 16 -12.0822 338 -6 -11.0487 338 -8.0277 -12.944 504 -9.4048
4 16 -12.9894 338 -4.2201 -15.2176 504 -4.944 -16 504 0 -13.6573 338 0
4 16 -16 504 10 -13.6573 338 10 -13.6573 338 0 -16 504 0
5 24 -15.2176 504 -4.944 -12.9894 338 -4.2201 -16 504 0 -12.0822 338 -6
5 24 -16 504 0 -13.6573 338 0 -12.9894 338 -4.2201 -16 504 10
5 24 -11.0487 338 -8.0277 -12.944 504 -9.4048 -12.0822 338 -6 -8.0277 338 -11.0487
5 24 -9.4048 504 -12.944 -8.0277 338 -11.0487 -12.944 504 -9.4048 -4.2201 338 -12.9894
5 24 -4.944 504 -15.2176 -4.2201 338 -12.9894 0 338 -13.6573 -9.4048 504 -12.944

0 // Interior - 2 - Bottom Pegholes
2 24 -4.2201 338 -12.9894 -8.0277 338 -11.0487
2 24 0 338 -13.6573 -4.2201 338 -12.9894
2 24 -11.0487 338 -8.0277 -8.0277 338 -11.0487
2 24 -11.0487 338 -8.0277 -12.0822 338 -6
4 16 -10.7054 250 -6 -12.0822 338 -6 -12.9894 338 -4.2201 -11.8082 250 -3.8363
4 16 -13.6573 338 0 -12.4153 250 0 -11.8082 250 -3.8363 -12.9894 338 -4.2201

2 24 -10.7054 250 -6 -12.0822 338 -6
4 16 0 338 -13.6573 -4.2201 338 -12.9894 -8.0277 338 -11.0487 -11.0487 338 -8.0277
4 16 -12.4153 250 10 -12.4153 250 0 -12.7752 275.5 0 -12.7329 272.5 10
4 16 -13.2974 312.5 10 -12.7752 275.5 10 -12.7752 275.5 0 -13.2974 312.5 0
4 16 -13.3397 315.5 10 -13.2974 312.5 0 -13.6573 338 0 -13.6573 338 10
5 24 -11.8082 250 -3.8363 -12.9894 338 -4.2201 -10.7054 250 -6 -13.6573 338 0
5 24 -13.6573 338 0 -12.4153 250 0 -12.4153 250 10 -11.8082 250 -3.8363

3 16 -11.0487 338 -8.0277 -12.0822 338 -6 0 338 -13.6573
3 16 -10.7054 250 -6 -10.044 250 -7.2977 0 250 -12.4153
4 16 -10.044 250 -7.2977 -7.2977 250 -10.044 -3.8363 250 -11.8082 0 250 -12.4153

4 16 -12.7752 275.5 10 -12.7329 272.5 10 -8.7017 272.5 10 -8.7017 275.5 10
4 16 -12.7752 275.5 0 -12.7752 275.5 10 -8.7017 275.5 10 -8.7017 275.5 -6
4 16 -11.1044 275.5 -6 -12.1505 275.5 -3.9475 -12.7752 275.5 0 -8.7017 275.5 -6
4 16 -11.0574 272.5 -6 -8.7017 272.5 -6 -12.7329 272.5 0 -12.1102 272.5 -3.9344
4 16 -12.7329 272.5 0 -8.7017 272.5 -6 -8.7017 272.5 10 -12.7329 272.5 10
2 24 -11.0574 272.5 -6 -12.1102 272.5 -3.9344
2 24 -12.7329 272.5 0 -12.1102 272.5 -3.9344
2 24 -12.7329 272.5 10 -12.7329 272.5 0
2 24 -11.1044 275.5 -6 -12.1505 275.5 -3.9475
2 24 -12.1505 275.5 -3.9475 -12.7752 275.5 0
2 24 -12.7752 275.5 10 -12.7752 275.5 0
2 24 -11.1044 275.5 -6 -8.7017 275.5 -6
2 24 -8.7017 272.5 -6 -11.0574 272.5 -6
2 24 -8.7017 275.5 10 -12.7752 275.5 10
2 24 -12.7329 272.5 10 -8.7017 272.5 10
4 16 -13.3397 315.5 10 -13.2974 312.5 10 -8.7017 312.5 10 -8.7017 315.5 10
4 16 -13.3397 315.5 0 -13.3397 315.5 10 -8.7017 315.5 10 -8.7017 315.5 -6
4 16 -11.7302 315.5 -6 -12.6874 315.5 -4.122 -13.3397 315.5 0 -8.7017 315.5 -6
4 16 -8.7017 312.5 10 -13.2974 312.5 10 -13.2974 312.5 0 -8.7017 312.5 -6
4 16 -12.6471 312.5 -4.1089 -11.6832 312.5 -6 -8.7017 312.5 -6 -13.2974 312.5 0
2 24 -8.7017 312.5 10 -8.7017 312.5 -6
2 24 -11.6832 312.5 -6 -12.6471 312.5 -4.1089
2 24 -13.2974 312.5 0 -12.6471 312.5 -4.1089
2 24 -13.2974 312.5 10 -13.2974 312.5 0
2 24 -8.7017 315.5 -6 -8.7017 315.5 10
2 24 -11.7302 315.5 -6 -12.6874 315.5 -4.122
2 24 -13.3397 315.5 0 -12.6874 315.5 -4.122
2 24 -13.3397 315.5 10 -13.3397 315.5 0
2 24 -8.7017 312.5 -6 -11.6832 312.5 -6
2 24 -11.7302 315.5 -6 -8.7017 315.5 -6
2 24 -13.3397 315.5 10 -8.7017 315.5 10
2 24 -13.2974 312.5 10 -8.7017 312.5 10

1 16 0 274 -6 0 0 -9 9 0 0 0 16 0 3-16cylo.dat
1 16 0 274 -6 0 0 -9 -9 0 0 0 16 0 3-16cylo.dat
1 16 -8.5084 271.5279 2 0 0 -.1933 0 1 .97215 8 0 0 rect3.dat
1 16 -8.5084 276.4722 2 0 0 -.1933 0 -1 -.97215 -8 0 0 rect3.dat
1 16 0 274 10 0 0 -1 1 0 0 0 -1 0 3-16ring8.dat
1 16 0 274 10 0 0 -1 -1 0 0 0 -1 0 3-16ring8.dat
4 16 -8 272.4088 10 -8.7017 272.5 10 -8.3151 270.5557 10 -7.3912 270.9384 10
1 16 0 274 10 -8 0 0 0 0 -8 0 -1 0 1-16tang.dat
1 16 0 274 10 -8 0 0 0 0 8 0 -1 0 1-16tang.dat
3 16 -8 275.5912 10 -8.7017 275.5 10 -8 274 10
4 16 -8.7017 275.5 10 -8.7017 272.5 10 -8 272.4088 10 -8 274 10
4 16 -8.3151 277.4443 10 -8.7017 275.5 10 -8 275.5912 10 -7.3912 277.0616 10
5 24 -8.3151 277.4443 10 -8.3151 277.4443 -6 -8.7017 275.5 10 -6.3639 280.3639 10
5 24 -8.3151 270.5557 10 -8.3151 270.5557 -6 -8.7017 272.5 10 -6.3639 267.6361 10

1 16 0 314 -6 0 0 -9 9 0 0 0 16 0 3-16cylo.dat
1 16 0 314 -6 0 0 -9 -9 0 0 0 16 0 3-16cylo.dat
1 16 -8.5084 311.5279 2 0 0 -.1933 0 1 .97215 8 0 0 rect3.dat
1 16 -8.5084 316.4722 2 0 0 -.1933 0 -1 -.97215 -8 0 0 rect3.dat
1 16 0 314 10 0 0 -1 1 0 0 0 -1 0 3-16ring8.dat
1 16 0 314 10 0 0 -1 -1 0 0 0 -1 0 3-16ring8.dat
4 16 -8 312.4088 10 -8.7017 312.5 10 -8.3151 310.5557 10 -7.3912 310.9384 10
1 16 0 314 10 -8 0 0 0 0 -8 0 -1 0 1-16tang.dat
1 16 0 314 10 -8 0 0 0 0 8 0 -1 0 1-16tang.dat
3 16 -8 315.5912 10 -8.7017 315.5 10 -8 314 10
4 16 -8.7017 315.5 10 -8.7017 312.5 10 -8 312.4088 10 -8 314 10
4 16 -8.3151 317.4443 10 -8.7017 315.5 10 -8 315.5912 10 -7.3912 317.0616 10
5 24 -8.3151 310.5557 10 -8.3151 310.5557 -6 -8.7017 312.5 10 -6.3639 307.6361 10
5 24 -8.3151 317.4443 10 -8.3151 317.4443 -6 -8.7017 315.5 10 -6.3639 320.3639 10

3 16 -10.7054 250 -6 0 265 -6 -9 265 -6
3 16 -10.7054 250 -6 -9 265 -6 -9 283 -6
3 16 -10.7054 250 -6 -9 283 -6 -12.0822 338 -6
3 16 -12.0822 338 -6 -9 283 -6 -9 305 -6
3 16 -12.0822 338 -6 -9 305 -6 -9 323 -6
3 16 -9 323 -6 0 323 -6 -12.0822 338 -6
4 16 0 283 -6 0 305 -6 -9 305 -6 -9 283 -6

0 // Interior - 3 - Centre
2 24 -10.7054 250 -6 -10.044 250 -7.2977
2 24 -3.8363 250 -11.8082 -7.2977 250 -10.044
2 24 -3.8363 250 -11.8082 0 250 -12.4153
2 24 -10.044 250 -7.2977 -7.2977 250 -10.044
4 16 0 250 -12.4153 -3.8363 250 -11.8082 -3.3479 138 -10.3049 0 138 -10.8347
4 16 -6.3686 138 -8.7653 -3.3479 138 -10.3049 -3.8363 250 -11.8082 -7.2977 250 -10.044
4 16 -8.7653 138 -6.3686 -6.3686 138 -8.7653 -7.2977 250 -10.044 -10.044 250 -7.2977
4 16 -10.3049 138 -3.3479 -8.9532 138 -6 -10.7054 250 -6 -11.8082 250 -3.8363
4 16 -8.9532 138 -6 -8.7653 138 -6.3686 -10.044 250 -7.2977 -10.7054 250 -6
4 16 -12.4153 250 0 -10.8347 138 0 -10.3049 138 -3.3479 -11.8082 250 -3.8363
4 16 -10.8347 138 0 -12.4153 250 0 -12.4153 250 10 -10.8347 138 10
5 24 -10.3049 138 -3.3479 -11.8082 250 -3.8363 -8.9532 138 -6 -12.4153 250 0
5 24 -12.4153 250 0 -10.8347 138 0 -10.3049 138 -3.3479 -12.4153 250 10
5 24 -7.2977 250 -10.044 -6.3686 138 -8.7653 -3.3479 138 -10.3049 -10.044 250 -7.2977
5 24 -8.7653 138 -6.3686 -10.044 250 -7.2977 -6.3686 138 -8.7653 -10.7054 250 -6
5 24 -3.8363 250 -11.8082 -3.3479 138 -10.3049 0 138 -10.8347 -7.2977 250 -10.044

0 // Interior - 4 - Top Pegholes
2 24 -3.3479 138 -10.3049 -6.3686 138 -8.7653
2 24 -3.3479 138 -10.3049 0 138 -10.8347
2 24 -8.9532 138 -6 -8.7653 138 -6.3686
2 24 -6.3686 138 -8.7653 -8.7653 138 -6.3686
3 16 -8.2579 93.5638 -6 -7.7605 50 -5.6386 -7.3991 50 -6
4 16 -7.7605 50 -5.6386 -8.2579 93.5638 -6 -10.3049 138 -3.3479 -9.1237 50 -2.9642
3 16 -8.2579 93.5638 -6 -8.9532 138 -6 -10.3049 138 -3.3479
4 16 -10.8347 138 0 -9.5927 50 0 -9.1237 50 -2.9642 -10.3049 138 -3.3479
4 16 -9.5927 50 0 -9.9526 75.5 0 -9.9103 72.5 10 -9.5927 50 10
4 16 -10.4748 112.5 10 -9.9526 75.5 10 -9.9526 75.5 0 -10.4748 112.5 0
4 16 -10.8347 138 10 -10.5171 115.5 10 -10.4748 112.5 0 -10.8347 138 0
5 24 -8.2579 93.5638 -6 -7.7605 50 -5.6386 -7.3991 50 -6 -10.3049 138 -3.3479
5 24 -9.1237 50 -2.9642 -10.3049 138 -3.3479 -10.8347 138 0 -7.7605 50 -5.6386
5 24 -9.5927 50 0 -10.8347 138 0 -10.8347 138 10 -10.3049 138 -3.3479

2 24 -8.2579 93.5638 -6 -8.9532 138 -6
2 24 -7.3991 50 -6 -8.2579 93.5638 -6
4 16 -3.3479 138 -10.3049 -8.7653 138 -6.3686 -8.9532 138 -6 0 138 -10.8347
3 16 -6.3686 138 -8.7653 -8.7653 138 -6.3686 -3.3479 138 -10.3049
4 16 -5.6386 50 -7.7605 -2.9642 50 -9.1237 0 50 -9.5927 -7.3991 50 -6

2 24 -8.0779 77.7992 -5.8692 -7.9509 77.9893 -6
2 24 -7.9896 70.0687 -5.8051 -7.7888 69.7682 -6
2 24 -7.8427 72.5 -6 -8.0174 72.5 -5.8253
2 24 -7.9018 75.5 -6 -8.0517 75.5 -5.8501
2 24 -8.5416 111.6948 -6 -8.7017 112.5 -5.7106
2 24 -8.7017 115.5 -5.8027 -8.6085 115.9688 -6
2 24 -8.7017 112.5 -5.7106 -9.9626 112.5 -3.2367
2 24 -8.7017 115.5 -5.8027 -10.0029 115.5 -3.2498
2 24 -8.7017 72.5 -6 -8.7017 72.5 10
2 24 -8.7017 75.5 -6 -8.7017 75.5 10
2 24 -8.7017 112.5 10 -8.7017 112.5 -6
2 24 -8.7017 115.5 -6 -8.7017 115.5 10
2 24 -9.9626 112.5 -3.2367 -10.4748 112.5 0
2 24 -10.0029 115.5 -3.2498 -10.5171 115.5 0
2 24 -10.4748 112.5 0 -10.4748 112.5 10
2 24 -10.5171 115.5 0 -10.5171 115.5 10
2 24 -9.4257 72.5 -3.0623 -8.0174 72.5 -5.8253
2 24 -8.0517 75.5 -5.8501 -9.466 75.5 -3.0754
2 24 -9.9103 72.5 0 -9.4257 72.5 -3.0623
2 24 -9.9526 75.5 0 -9.466 75.5 -3.0754
2 24 -9.9103 72.5 10 -9.9103 72.5 0
2 24 -9.9526 75.5 0 -9.9526 75.5 10
2 24 -8.3151 77.4443 -5.393 -8.0779 77.7992 -5.8692
2 24 -8.7017 75.5 -4.5748 -8.3151 77.4443 -5.393
2 24 -8.3151 70.5557 -5.1815 -7.9896 70.0687 -5.8051
2 24 -8.7017 72.5 -4.4827 -8.3151 70.5557 -5.1815

3 16 -10.4748 112.5 0 -9.9626 112.5 -3.2367 -8.7017 112.5 -5.7106
4 16 -10.4748 112.5 10 -10.4748 112.5 0 -8.7017 112.5 -5.7106 -8.7017 112.5 10
4 16 -8.7017 115.5 -5.8027 -10.5171 115.5 0 -10.5171 115.5 10 -8.7017 115.5 10
3 16 -10.5171 115.5 0 -8.7017 115.5 -5.8027 -10.0029 115.5 -3.2498
4 16 -10.5171 115.5 10 -10.4748 112.5 10 -8.7017 112.5 10 -8.7017 115.5 10
2 24 -10.4748 112.5 10 -8.7017 112.5 10
2 24 -10.5171 115.5 10 -8.7017 115.5 10
4 16 -9.9526 75.5 10 -9.9103 72.5 10 -8.7017 72.5 10 -8.7017 75.5 10
3 16 -9.9526 75.5 10 -8.7017 75.5 10 -9.9526 75.5 0
3 16 -9.9526 75.5 0 -8.7017 75.5 10 -8.7017 75.5 -4.5748
3 16 -9.9526 75.5 0 -8.7017 75.5 -4.5748 -9.466 75.5 -3.0754
3 16 -8.7017 72.5 10 -9.9103 72.5 10 -9.9103 72.5 0
3 16 -8.7017 72.5 10 -9.9103 72.5 0 -8.7017 72.5 -4.4827
3 16 -9.9103 72.5 0 -9.4257 72.5 -3.0623 -8.7017 72.5 -4.4827
2 24 -9.9103 72.5 10 -8.7017 72.5 10
2 24 -9.9526 75.5 10 -8.7017 75.5 10

1 16 0 74 -6 0 0 -9 9 0 0 0 16 0 3-16cylo.dat
1 16 0 74 -6 0 0 -9 -9 0 0 0 16 0 3-16cylo.dat
1 16 -8.5084 71.5279 2 0 0 -.1933 0 1 .97215 8 0 0 rect3.dat
1 16 -8.5084 76.4722 2 0 0 -.1933 0 -1 -.97215 -8 0 0 rect3.dat
1 16 0 74 10 0 0 -1 1 0 0 0 -1 0 3-16ring8.dat
1 16 0 74 10 0 0 -1 -1 0 0 0 -1 0 3-16ring8.dat
4 16 -8 72.4088 10 -8.7017 72.5 10 -8.3151 70.5557 10 -7.3912 70.9384 10
1 16 0 74 10 -8 0 0 0 0 -8 0 -1 0 1-16tang.dat
1 16 0 74 10 -8 0 0 0 0 8 0 -1 0 1-16tang.dat
3 16 -8 75.5912 10 -8.7017 75.5 10 -8 74 10
4 16 -8.7017 75.5 10 -8.7017 72.5 10 -8 72.4088 10 -8 74 10
4 16 -8.3151 77.4443 10 -8.7017 75.5 10 -8 75.5912 10 -7.3912 77.0616 10

1 16 0 114 -6 0 0 -9 9 0 0 0 16 0 3-16cylo.dat
1 16 0 114 -6 0 0 -9 -9 0 0 0 16 0 3-16cylo.dat
1 16 -8.5084 111.5279 2 0 0 -.1933 0 1 .97215 8 0 0 rect3.dat
1 16 -8.5084 116.4722 2 0 0 -.1933 0 -1 -.97215 -8 0 0 rect3.dat
1 16 0 114 10 0 0 -1 1 0 0 0 -1 0 3-16ring8.dat
1 16 0 114 10 0 0 -1 -1 0 0 0 -1 0 3-16ring8.dat
4 16 -8 112.4088 10 -8.7017 112.5 10 -8.3151 110.5557 10 -7.3912 110.9384 10
1 16 0 114 10 -8 0 0 0 0 -8 0 -1 0 1-16tang.dat
1 16 0 114 10 -8 0 0 0 0 8 0 -1 0 1-16tang.dat
3 16 -8 115.5912 10 -8.7017 115.5 10 -8 114 10
4 16 -8.7017 115.5 10 -8.7017 112.5 10 -8 112.4088 10 -8 114 10
4 16 -8.3151 117.4443 10 -8.7017 115.5 10 -8 115.5912 10 -7.3912 117.0616 10
5 24 -8.3151 117.4443 -6 -8.3151 117.4443 10 -8.7017 115.5 10 -6.3639 120.3639 10
5 24 -8.3151 110.5557 -6 -8.3151 110.5557 10 -8.7017 112.5 10 -6.3639 107.6361 10

1 16 0 114 -6 0 0 -9 9 0 0 0 -1 0 3-16tndis.dat
1 16 0 114 -6 0 0 -9 -9 0 0 0 -1 0 1-8tndis.dat
1 16 0 74 -6 0 0 -9 9 0 0 0 -1 0 1-8tndis.dat
1 16 0 74 -6 0 0 -9 -9 0 0 0 -1 0 1-8tndis.dat
4 16 -8.3151 117.4443 -6 -8.3151 123 -6 -8.9532 138 -6 -8.6085 115.9688 -6
3 16 -8.3151 123 -6 0 123 -6 -8.9532 138 -6
3 16 -6.3639 107.6361 -6 -8.5416 111.6948 -6 -6.3639 105 -6
4 16 -6.3639 83 -6 -6.3639 105 -6 -8.5416 111.6948 -6 -7.9509 77.9893 -6
3 16 -7.9509 77.9893 -6 -6.3639 80.3639 -6 -6.3639 83 -6
4 16 -6.3639 105 -6 -6.3639 83 -6 0 83 -6 0 105 -6
4 16 -6.3639 67.6361 -6 -7.7888 69.7682 -6 -7.3991 50 -6 -6.3639 65 -6
3 16 -6.3639 65 -6 -7.3991 50 -6 0 65 -6
5 24 -8.3151 70.5557 10 -8.3151 70.5557 -5.1815 -8.7017 72.5 10 -6.3639 67.6361 10
5 24 -8.3151 77.4443 10 -8.3151 77.4443 -5.393 -8.7017 75.5 10 -6.3639 80.3639 10

0 // Interior - 5 - Top
2 24 -2.9642 50 -9.1237 -5.6386 50 -7.7605
2 24 -2.9642 50 -9.1237 0 50 -9.5927
2 24 -5.6386 50 -7.7605 -7.3991 50 -6
4 16 0 50 -9.5927 -2.9642 50 -9.1237 -2.781 8 -8.5599 0 8 -9
4 16 -5.6386 50 -7.7605 -5.2902 8 -7.281 -2.781 8 -8.5599 -2.9642 50 -9.1237
4 16 -5.2902 8 -7.281 -7.3991 50 -6 -7.7605 50 -5.6386 -7.281 8 -5.2902
3 16 -5.6386 50 -7.7605 -7.3991 50 -6 -5.2902 8 -7.281
4 16 -9.1237 50 -2.9642 -8.5599 8 -2.781 -7.281 8 -5.2902 -7.7605 50 -5.6386
4 16 -9.1237 50 -2.9642 -9.5927 50 0 -9 8 0 -8.5599 8 -2.781
4 16 -9 8 10 -9 8 0 -9.5927 50 0 -9.5927 50 10
2 24 -9 8 0 -9 8 10
2 24 -9 8 0 -8.5599 8 -2.781
2 24 -8.5599 8 -2.781 -7.281 8 -5.2902
2 24 -7.281 8 -5.2902 -5.2902 8 -7.281
2 24 -5.2902 8 -7.281 -2.781 8 -8.5599
2 24 -2.781 8 -8.5599 0 8 -9
5 24 -9 8 0 -9.5927 50 0 -9.5927 50 10 -8.5599 8 -2.781
5 24 -5.2902 8 -7.281 -5.6386 50 -7.7605 -7.3991 50 -6 -2.781 8 -8.5599
5 24 -7.7605 50 -5.6386 -7.281 8 -5.2902 -9.1237 50 -2.9642 -5.2902 8 -7.281
5 24 -2.9642 50 -9.1237 -2.781 8 -8.5599 0 8 -9 -5.6386 50 -7.7605
5 24 -9.1237 50 -2.9642 -8.5599 8 -2.781 -9.5927 50 0 -7.281 8 -5.2902

0 // Seams
2 24 -20 504 10 -16 504 10
2 24 -13.6573 338 10 -16 504 10
2 24 -17.4294 334 10 -20 504 10
4 16 -20 504 10 -17.4294 334 10 -13.6573 338 10 -16 504 10
2 24 -13.3397 315.5 10 -13.6573 338 10
2 24 -12.7752 275.5 10 -13.2974 312.5 10
2 24 -12.4153 250 10 -12.7329 272.5 10
2 24 -17.4294 334 10 -16.2198 254 10
2 24 -16.2198 254 10 -14.4052 134 10
2 24 -14.4052 134 10 -13.1956 54 10
2 24 -13.1956 54 10 -12.5 8 10
2 24 -9 8 10 -9.5927 50 10
2 24 -10.5171 115.5 10 -10.8347 138 10
2 24 -9.9526 75.5 10 -10.4748 112.5 10
2 24 -9.5927 50 10 -9.9103 72.5 10
2 24 -10.8347 138 10 -12.4153 250 10
4 16 -13.2974 312.5 10 -17.4294 334 10 -16.2198 254 10 -12.7752 275.5 10
3 16 -13.3397 315.5 10 -13.6573 338 10 -17.4294 334 10
3 16 -13.2974 312.5 10 -13.3397 315.5 10 -17.4294 334 10
3 16 -12.7329 272.5 10 -12.7752 275.5 10 -16.2198 254 10
3 16 -12.4153 250 10 -12.7329 272.5 10 -16.2198 254 10
4 16 -12.4153 250 10 -16.2198 254 10 -14.4052 134 10 -10.8347 138 10
4 16 -9.9103 72.5 10 -9.9526 75.5 10 -14.4052 134 10 -13.1956 54 10
3 16 -10.5171 115.5 10 -10.8347 138 10 -14.4052 134 10
3 16 -10.4748 112.5 10 -10.5171 115.5 10 -14.4052 134 10
3 16 -9.9526 75.5 10 -10.4748 112.5 10 -14.4052 134 10
3 16 -9.5927 50 10 -9.9103 72.5 10 -13.1956 54 10
4 16 -9.5927 50 10 -13.1956 54 10 -12.5 8 10 -9 8 10
2 24 -12.5 8 10 -9 8 10