0 ~Duplo Portcullis  1 x  7 x  6 - Box
0 Name: s\51702s02.dat
0 Author: Peter Blomberg [WUIt]
0 !LDRAW_ORG Subpart UPDATE 2026-07
0 !LICENSE Licensed under CC BY 4.0 : see CAreadme.txt

0 BFC CERTIFY CCW

0 !HISTORY 2026-07-30 [OrionP] Official Update 2026-07

0 // bolts
1 16 54.75 6.3 -16 5 0 0 0 0 5 0 2 0 4-4cylc.dat

0 // hole
0 BFC INVERTNEXT
1 16 27.375 -17.7 14 16.875 0 0 0 0 17.7 0 -22.5 0 box4o4a.dat

0 // low beam
1 16 27.375 6.3 -8.5 16.875 0 0 0 0 6.3 0 1 0 rect.dat

0 // hole inside
1 16 27.375 -17.7 14 19.875 0 0 0 0 20.7 0 -18.5 0 box4o4a.dat

0 // low beam inner
1 16 27.375 6.3 -4.5 19.875 0 0 0 0 3.3 0 -1 0 rect.dat

0 // back helm
4 16 7.5 3 14 10.5 0 14 44.25 0 14 47.25 3 14
4 16 47.25 -38.4 14 47.25 3 14 44.25 0 14 44.25 -35.4 14
4 16 7.5 -38.4 14 47.25 -38.4 14 44.25 -35.4 14 10.5 -35.4 14
4 16 7.5 -38.4 14 10.5 -35.4 14 10.5 0 14 7.5 3 14

0 // verticals
4 16 10.5 -41.7 -14 10.5 6.3 -14 10.5 0 -8.5 10.5 -35.4 -8.5
4 16 44.25 0 -8.5 44.25 6.3 -14 44.25 -41.7 -14 44.25 -35.4 -8.5
4 16 47.25 3 -4.5 47.25 -38.4 -4.5 47.25 -41.7 -10 47.25 6.3 -10
4 16 7.5 -41.7 -10 7.5 -38.4 -4.5 7.5 3 -4.5 7.5 6.3 -10

0 // edges
2 24 10.5 -41.7 -14 10.5 6.3 -14
2 24 7.5 6.3 -10 7.5 -41.7 -10
2 24 44.25 -41.7 -14 44.25 6.3 -14
2 24 47.25 -41.7 -10 47.25 6.3 -10