0 ~Duplo Portcullis  1 x  7 x  6 - Half
0 Name: s\51702s01.dat
0 Author: Peter Blomberg [WUIt]
0 !LDRAW_ORG Subpart UPDATE 2026-07
0 !LICENSE Licensed under CC BY 4.0 : see CAreadme.txt

0 BFC CERTIFY CCW

0 !HISTORY 2026-07-30 [OrionP] Official Update 2026-07

0 // top
2 24 120 0 14 40 0 14
2 24 120 0 -14 120 0 -2.8
2 24 120 0 2.8 120 0 14
1 16 31.2 0 14 8.8 0 0 0 3 0 0 0 8.8 1-4cylo.dat
1 16 31.2 0 14 8.8 0 0 0 1 0 0 0 8.8 1-4chrd.dat
1 16 31.2 3 14 8.8 0 0 0 -1 0 0 0 8.8 1-4chrd.dat
1 16 124.2 0 0 0 0 4.2 0 1 0 -2.8 0 0 rect3.dat
3 16 40 0 14 120 0 2.8 120 0 14

0 // top inside
1 16 54.75 3 -7.25 0 0 7.5 0 -1 0 2.75 0 0 rect2p.dat
4 16 117 3 -10 102 3 -10 102 3 -4.5 117 3 14
4 16 47.25 3 -4.5 10.5 3 -4.5 10.5 3 14 40 3 14
3 16 47.25 3 -4.5 40 3 14 62.25 3 -4.5
4 16 102 3 -4.5 62.25 3 -4.5 40 3 14 117 3 14

0 // bolts
1 16 54.75 8 -16 5 0 0 0 0 5 0 2 0 4-4cylc.dat
1 16 109.5 8 -16 5 0 0 0 0 5 0 2 0 4-4cylc.dat
1 16 54.75 54.3 -16 5 0 0 0 0 5 0 2 0 4-4cylc.dat

0 // 9 boxes
1 16 54.75 48 0 1 0 0 0 1 0 0 0 1 s\51702s02.dat
1 16 0 96 0 1 0 0 0 1 0 0 0 1 s\51702s02.dat
1 16 54.75 96 0 1 0 0 0 1 0 0 0 1 s\51702s02.dat
1 16 0 144 0 1 0 0 0 1 0 0 0 1 s\51702s02.dat
1 16 54.75 144 0 1 0 0 0 1 0 0 0 1 s\51702s02.dat
1 16 0 192 0 1 0 0 0 1 0 0 0 1 s\51702s02.dat
1 16 54.75 192 0 1 0 0 0 1 0 0 0 1 s\51702s02.dat
1 16 0 240 0 1 0 0 0 1 0 0 0 1 s\51702s02.dat
1 16 54.75 240 0 1 0 0 0 1 0 0 0 1 s\51702s02.dat

0 // holes
0 BFC INVERTNEXT
1 16 27.375 30.3 14 16.875 0 0 0 0 17.7 0 -22.5 0 box4o4a.dat

1 16 27.375 252.6 2.75 -16.875 0 0 0 -1 0 0 0 11.25 rect3.dat
1 16 82.125 252.6 2.75 -16.875 0 0 0 -1 0 0 0 11.25 rect3.dat

0 // low beams
0 BFC INVERTNEXT
1 16 27.375 7.8 -11.25 16.875 0 0 0 0 -4.8 0 2.75 0 box2-5.dat
0 BFC INVERTNEXT
1 16 82.125 7.8 -11.25 16.875 0 0 0 0 -4.8 0 2.75 0 box2-5.dat
1 16 27.375 54.3 -8.5 16.875 0 0 0 0 6.3 0 1 0 rect.dat

0 // sides
1 16 120 117 0 0 8.4 0 117 0 0 0 0 2.8 box3u8p.dat
1 16 120 234 -2.8 0 0 8.4 6 0 0 0 5.6 0 tri3u3.dat
4 16 120 234 -2.8 120 0 -2.8 120 0 -14 120 132 -14
4 16 120 240 -2.8 120 234 -2.8 120 132 -14 120 260 -14
4 16 120 0 14 120 0 2.8 120 240 2.8 120 260 14
4 16 120 260 -14 120 260 14 120 240 2.8 120 240 -2.8
2 24 120 0 -14 120 132 -14
2 24 120 132 -14 120 260 -14
2 24 120 260 -14 120 260 14
2 24 120 260 14 120 0 14

0 // front
3 16 99 3 -14 120 0 -14 65.25 3 -14
3 16 65.25 3 -14 120 0 -14 44.25 3 -14
3 16 44.25 3 -14 120 0 -14 10.5 3 -14
3 16 65.25 3 -14 44.25 3 -14 65.25 6.3 -14
4 16 65.25 6.3 -14 44.25 3 -14 44.25 54.3 -14 65.25 54.3 -14
4 16 65.25 102.3 -14 65.25 54.3 -14 44.25 54.3 -14 44.25 102.3 -14
4 16 65.25 102.3 -14 44.25 102.3 -14 44.25 150.3 -14 65.25 150.3 -14
4 16 65.25 198.3 -14 65.25 150.3 -14 44.25 150.3 -14 44.25 198.3 -14
4 16 65.25 198.3 -14 44.25 198.3 -14 44.25 246.3 -14 65.25 246.3 -14
1 16 54.75 253.15 -14 -10.5 0 0 0 0 6.85 0 1 0 rect3.dat
3 16 99 260 -14 120 260 -14 99 246.3 -14
3 16 99 246.3 -14 120 260 -14 99 198.3 -14
4 16 99 150.3 -14 99 198.3 -14 120 260 -14 120 132 -14
3 16 99 150.3 -14 120 132 -14 99 102.3 -14
3 16 120 0 -14 99 3 -14 99 6.3 -14
3 16 120 0 -14 99 6.3 -14 99 54.3 -14
4 16 99 102.3 -14 120 132 -14 120 0 -14 99 54.3 -14

0 // sunken 3
3 16 10.5 3 -14 10.5 12.6 -8.5 10.5 3 -8.5
4 16 10.5 12.6 -8.5 10.5 3 -14 10.5 54.3 -14 10.5 48 -8.5
3 16 10.5 48 -8.5 10.5 54.3 -14 10.5 60.6 -8.5
3 16 10.5 96 -8.5 10.5 102.3 -14 10.5 108.6 -8.5
3 16 10.5 144 -8.5 10.5 150.3 -14 10.5 156.6 -8.5
3 16 10.5 192 -8.5 10.5 198.3 -14 10.5 204.6 -8.5
4 16 10.5 252.6 -8.5 10.5 240 -8.5 10.5 246.3 -14 10.5 260 -14
4 16 10.5 260 -14 10.5 260 14 10.5 252.6 14 10.5 252.6 -8.5

0 // sunken 4
4 16 65.25 3 -8.5 65.25 3 -14 65.25 6.3 -14 65.25 12.6 -8.5
3 16 65.25 48 -8.5 65.25 54.3 -14 65.25 60.6 -8.5
3 16 65.25 96 -8.5 65.25 102.3 -14 65.25 108.6 -8.5
3 16 65.25 144 -8.5 65.25 150.3 -14 65.25 156.6 -8.5
3 16 65.25 192 -8.5 65.25 198.3 -14 65.25 204.6 -8.5
4 16 65.25 246.3 -14 65.25 260 -14 65.25 252.6 -8.5 65.25 240 -8.5
4 16 65.25 260 -14 65.25 260 14 65.25 252.6 14 65.25 252.6 -8.5
2 24 65.25 6.3 -14 65.25 3 -14

0 // sunken 7
3 16 44.25 12.6 -8.5 44.25 3 -14 44.25 3 -8.5
4 16 44.25 3 -14 44.25 12.6 -8.5 44.25 48 -8.5 44.25 54.3 -14
3 16 44.25 48 -8.5 44.25 60.6 -8.5 44.25 54.3 -14
3 16 44.25 96 -8.5 44.25 108.6 -8.5 44.25 102.3 -14
3 16 44.25 144 -8.5 44.25 156.6 -8.5 44.25 150.3 -14
3 16 44.25 192 -8.5 44.25 204.6 -8.5 44.25 198.3 -14
4 16 44.25 252.6 -8.5 44.25 260 -14 44.25 246.3 -14 44.25 240 -8.5
4 16 44.25 252.6 14 44.25 260 14 44.25 260 -14 44.25 252.6 -8.5
2 24 44.25 3 -14 44.25 54.3 -14

0 // sunken 8
4 16 99 12.6 -8.5 99 6.3 -14 99 3 -14 99 3 -8.5
3 16 99 48 -8.5 99 60.6 -8.5 99 54.3 -14
3 16 99 96 -8.5 99 108.6 -8.5 99 102.3 -14
3 16 99 144 -8.5 99 156.6 -8.5 99 150.3 -14
3 16 99 192 -8.5 99 204.6 -8.5 99 198.3 -14
4 16 99 240 -8.5 99 252.6 -8.5 99 260 -14 99 246.3 -14
4 16 99 252.6 14 99 260 14 99 260 -14 99 252.6 -8.5
2 24 99 3 -14 99 6.3 -14
2 24 99 246.3 -14 99 260 -14

0 // tip 3
2 24 5 277 -7 10.5 260 -14
2 24 5 277 -7 5 277 14
2 24 5 277 14 10.5 260 14
2 24 10.5 260 -14 10.5 260 14
4 16 10.5 260 -14 5 277 -7 5 277 14 10.5 260 14

0 // tip 4
2 24 44.25 260 -14 49.75 277 -7
2 24 59.75 277 -7 65.25 260 -14
2 24 44.25 260 14 49.75 277 14
2 24 59.75 277 14 65.25 260 14
2 24 65.25 260 -14 65.25 260 14
2 24 44.25 260 -14 44.25 260 14
4 16 44.25 260 -14 49.75 277 -7 59.75 277 -7 65.25 260 -14
4 16 44.25 260 14 49.75 277 14 49.75 277 -7 44.25 260 -14
1 16 54.75 277 3.5 5 0 0 0 -1 0 0 0 -10.5 rect.dat
4 16 65.25 260 -14 59.75 277 -7 59.75 277 14 65.25 260 14

0 // tip 5
2 24 99 260 -14 104.5 277 -7
2 24 114.5 277 -7 120 260 -14
2 24 99 260 14 104.5 277 14
2 24 99 260 -14 120 260 -14
2 24 114.5 277 14 120 260 14
2 24 99 260 -14 99 260 14
4 16 99 260 -14 104.5 277 -7 114.5 277 -7 120 260 -14
4 16 99 260 14 104.5 277 14 104.5 277 -7 99 260 -14
1 16 109.5 277 3.5 5 0 0 0 -1 0 0 0 -10.5 rect.dat
4 16 120 260 -14 114.5 277 -7 114.5 277 14 120 260 14

0 // holes inside
2 24 7.5 51 14 7.5 3 14
1 16 27.375 51 4.75 -19.875 0 0 0 -1 0 0 0 9.25 rect3.dat
4 16 7.5 3 -10 7.5 3 14 7.5 51 14 7.5 51 -4.5
1 16 28.875 9.6 4.75 18.375 0 0 0 1 0 0 0 9.25 rect2a.dat
1 16 47.25 30.3 4.75 0 -1 0 0 0 -20.7 9.25 0 0 rect1.dat

0 // inner side
1 16 117 130.5 2 0 1 0 127.5 0 0 0 0 12 rect.dat

0 // tip inner
2 24 111.8235 274 14 117 258 14
2 24 102 258 14 107.1765 274 14
4 16 111.8235 274 14 111.8235 274 -3 117 258 -10 117 258 14
2 24 111.8235 274 -3 117 258 -10
2 24 102 258 -10 107.1765 274 -3
4 16 111.8235 274 -3 107.1765 274 -3 102 258 -10 117 258 -10
1 16 109.5 274 5.5 2.3235 0 0 0 1 0 0 0 8.5 rect.dat
2 24 102 258 14 102 258 -10
4 16 102 258 -10 107.1765 274 -3 107.1765 274 14 102 258 14

2 24 57.0735 274 14 62.25 258 14
2 24 47.25 258 14 52.4265 274 14
4 16 57.0735 274 14 57.0735 274 -3 62.25 258 -10 62.25 258 14
2 24 57.0735 274 -3 62.25 258 -10
2 24 47.25 258 -10 52.4265 274 -3
4 16 57.0735 274 -3 52.4265 274 -3 47.25 258 -10 62.25 258 -10
1 16 54.75 274 5.5 2.3235 0 0 0 1 0 0 0 8.5 rect.dat
2 24 47.25 258 14 47.25 258 -10
2 24 62.25 258 14 62.25 258 -10
4 16 47.25 258 -10 52.4265 274 -3 52.4265 274 14 47.25 258 14

2 24 2.3235 274 14 7.5 258 14
4 16 2.3235 274 14 2.3235 274 -3 7.5 258 -10 7.5 258 14
2 24 2.3235 274 -3 7.5 258 -10
2 24 2.3235 274 -3 2.3235 274 14
2 24 7.5 258 14 7.5 258 -10

0 // low beams inner
1 16 27.375 54.3 -4.5 19.875 0 0 0 0 3.3 0 -1 0 rect.dat

0 // front inside
2 24 7.5 3 -10 7.5 3 14
2 24 7.5 3 14 10.5 3 14
1 16 28.875 6.3 -4.5 18.375 0 0 0 0 3.3 0 -1 0 rect.dat
1 16 82.125 6.3 -4.5 19.875 0 0 0 0 3.3 0 -1 0 rect.dat
1 16 10.5 6.3 4.75 0 -1 0 3.3 0 0 0 0 9.25 rect3.dat

0 // inside 1
3 16 102 6.3 -10 102 3 -10 117 3 -10
3 16 102 6.3 -10 117 3 -10 102 54.3 -10
3 16 102 54.3 -10 117 3 -10 102 102.3 -10
4 16 102 102.3 -10 117 3 -10 117 258 -10 102 150.3 -10
3 16 102 150.3 -10 117 258 -10 102 198.3 -10
3 16 102 198.3 -10 117 258 -10 102 246.3 -10
3 16 102 246.3 -10 117 258 -10 102 258 -10
2 24 102 246.3 -10 102 258 -10
2 24 102 258 -10 117 258 -10
2 24 102 6.3 -10 102 3 -10
2 24 102 3 -10 117 3 -10

0 // inside 2
4 16 62.25 54.3 -10 47.25 54.3 -10 47.25 3 -10 62.25 6.3 -10
3 16 62.25 3 -10 62.25 6.3 -10 47.25 3 -10
2 24 47.25 3 -10 62.25 3 -10
2 24 62.25 6.3 -10 62.25 3 -10
2 24 47.25 54.3 -10 47.25 3 -10
4 16 47.25 54.3 -10 62.25 54.3 -10 62.25 102.3 -10 47.25 102.3 -10
4 16 62.25 150.3 -10 47.25 150.3 -10 47.25 102.3 -10 62.25 102.3 -10
4 16 47.25 150.3 -10 62.25 150.3 -10 62.25 198.3 -10 47.25 198.3 -10
4 16 62.25 246.3 -10 47.25 246.3 -10 47.25 198.3 -10 62.25 198.3 -10
1 16 54.75 252.15 -10 7.5 0 0 0 0 5.85 0 -1 0 rect3.dat

0 // bridges
1 16 82.125 249.6 4.75 19.875 0 0 0 1 0 0 0 9.25 rect3.dat
1 16 27.375 249.6 4.75 19.875 0 0 0 1 0 0 0 9.25 rect3.dat

0 // back helm
4 16 117 3 14 40 3 14 40 0 14 120 0 14
4 16 120 260 14 117 258 14 117 3 14 120 0 14
4 16 114.5 277 14 111.8235 274 14 117 258 14 120 260 14
4 16 114.5 277 14 104.5 277 14 107.1765 274 14 111.8235 274 14
4 16 104.5 277 14 99 260 14 102 258 14 107.1765 274 14
2 24 102 258 14 102 249.6 14
2 24 99 260 14 99 252.6 14
4 16 102 249.6 14 102 258 14 99 260 14 99 252.6 14
4 16 62.25 249.6 14 102 249.6 14 99 252.6 14 65.25 252.6 14
2 24 62.25 258 14 62.25 249.6 14
2 24 65.25 260 14 65.25 252.6 14
4 16 65.25 260 14 62.25 258 14 62.25 249.6 14 65.25 252.6 14
4 16 65.25 260 14 59.75 277 14 57.0735 274 14 62.25 258 14
4 16 59.75 277 14 49.75 277 14 52.4265 274 14 57.0735 274 14
4 16 47.25 258 14 52.4265 274 14 49.75 277 14 44.25 260 14
4 16 47.25 249.6 14 47.25 258 14 44.25 260 14 44.25 252.6 14
2 24 44.25 260 14 44.25 252.6 14
2 24 47.25 258 14 47.25 249.6 14
4 16 7.5 249.6 14 47.25 249.6 14 44.25 252.6 14 10.5 252.6 14
2 24 7.5 249.6 14 7.5 258 14
2 24 10.5 252.6 14 10.5 260 14
4 16 7.5 249.6 14 10.5 252.6 14 10.5 260 14 7.5 258 14
4 16 7.5 258 14 10.5 260 14 5 277 14 2.3235 274 14

4 16 7.5 51 14 10.5 48 14 44.25 48 14 47.25 51 14
4 16 47.25 9.6 14 47.25 51 14 44.25 48 14 44.25 12.6 14
4 16 10.5 9.6 14 47.25 9.6 14 44.25 12.6 14 10.5 12.6 14
4 16 7.5 3 14 10.5 12.6 14 10.5 48 14 7.5 51 14
3 16 10.5 3 14 10.5 9.6 14 7.5 3 14
3 16 10.5 9.6 14 10.5 12.6 14 7.5 3 14

4 16 102 249.6 14 102 249.6 -4.5 102 258 -10 102 258 14
4 16 47.25 249.6 14 47.25 249.6 -4.5 47.25 258 -10 47.25 258 14
4 16 62.25 258 -10 62.25 249.6 -4.5 62.25 249.6 14 62.25 258 14
4 16 7.5 258 -10 7.5 249.6 -4.5 7.5 249.6 14 7.5 258 14

2 24 117 3 14 40 3 14
2 24 102 3 -10 102 3 -4.5
2 24 40 0 14 40 3 14

0 // back joiner 1
4 16 102 3 -10 102 6.3 -10 102 9.6 -4.5 102 3 -4.5
3 16 102 51 -4.5 102 54.3 -10 102 57.6 -4.5
3 16 102 99 -4.5 102 102.3 -10 102 105.6 -4.5
3 16 102 147 -4.5 102 150.3 -10 102 153.6 -4.5
3 16 102 195 -4.5 102 198.3 -10 102 201.6 -4.5
4 16 102 258 -10 102 249.6 -4.5 102 243 -4.5 102 246.3 -10

0 // back joiner 2
4 16 62.25 3 -4.5 62.25 9.6 -4.5 62.25 6.3 -10 62.25 3 -10
3 16 62.25 51 -4.5 62.25 57.6 -4.5 62.25 54.3 -10
3 16 62.25 99 -4.5 62.25 105.6 -4.5 62.25 102.3 -10
3 16 62.25 147 -4.5 62.25 153.6 -4.5 62.25 150.3 -10
3 16 62.25 195 -4.5 62.25 201.6 -4.5 62.25 198.3 -10
4 16 62.25 243 -4.5 62.25 249.6 -4.5 62.25 258 -10 62.25 246.3 -10

0 // back joiner 3
3 16 47.25 3 -4.5 47.25 3 -10 47.25 9.6 -4.5
4 16 47.25 51 -4.5 47.25 9.6 -4.5 47.25 3 -10 47.25 54.3 -10
3 16 47.25 54.3 -10 47.25 57.6 -4.5 47.25 51 -4.5
3 16 47.25 99 -4.5 47.25 102.3 -10 47.25 105.6 -4.5
3 16 47.25 147 -4.5 47.25 150.3 -10 47.25 153.6 -4.5
3 16 47.25 195 -4.5 47.25 198.3 -10 47.25 201.6 -4.5
4 16 47.25 258 -10 47.25 249.6 -4.5 47.25 243 -4.5 47.25 246.3 -10

0 // back joiner 4
4 16 7.5 57.6 -4.5 7.5 54.3 -10 7.5 3 -10 7.5 51 -4.5
3 16 7.5 99 -4.5 7.5 105.6 -4.5 7.5 102.3 -10
3 16 7.5 147 -4.5 7.5 153.6 -4.5 7.5 150.3 -10
3 16 7.5 195 -4.5 7.5 201.6 -4.5 7.5 198.3 -10
4 16 7.5 243 -4.5 7.5 249.6 -4.5 7.5 258 -10 7.5 246.3 -10

0 // reinforcements
1 16 54.75 232 -10 7.5 0 0 0 0 1.5 0 22 0 box3u2p.dat
1 16 54.75 165 -10 7.5 0 0 0 0 1.5 0 22 0 box3u2p.dat
1 16 109.5 165 -10 7.5 0 0 0 0 1.5 0 22 0 box3u2p.dat