0 ~Animal Flamingo - Leg
0 Name: s\57798s02.dat
0 Author: Gerald Lasser [GeraldLasser]
0 !LDRAW_ORG Subpart UPDATE 2026-07
0 !LICENSE Licensed under CC BY 4.0 : see CAreadme.txt

0 BFC CERTIFY CCW

0 !HISTORY 2026-07-30 [OrionP] Official Update 2026-07

1 16 0 -11 0 4 0 0 0 -33 0 0 0 4 4-4cylo.dat
1 16 0 -5 0 1 0 0 0 -1.25 0 0 0 1 stud4.dat
1 16 0 -5 0 2 0 0 0 -1 0 0 0 2 4-4ring4.dat
1 16 0 -5 0 8 0 0 0 -1 0 0 0 8 4-4disc.dat
1 16 0 -5 0 10 0 0 0 -1 0 0 0 10 4-4edge.dat
1 16 0 -5 0 8.6363 0 0 0 -19 0 0 0 8.6363 t01o1579.dat
1 16 0 -8 0 8.6363 0 0 0 1 0 0 0 8.6363 4-4disc.dat

3 16 -3.937 -11 -4.481 -3.966 -11 4.803 -4.789 -11 2.914
4 16 -4.789 -11 -2.9 -3.937 -11 -4.481 -4.789 -11 2.914 -5.53 -11 .007
4 16 0 -11 -5.806 0 -11 6.037 -3.966 -11 4.803 -3.937 -11 -4.481
4 16 3.966 -11 4.803 0 -11 6.037 0 -11 -5.806 3.937 -11 -4.481
3 16 3.966 -11 4.803 3.937 -11 -4.481 4.789 -11 2.914
4 16 4.789 -11 -2.9 5.53 -11 .007 4.789 -11 2.914 3.937 -11 -4.481
3 16 5.465 -8 6.281 3.966 -11 4.803 6.663 -8 3.847
3 16 6.663 -8 3.847 3.966 -11 4.803 4.789 -11 2.914
3 16 4.789 -11 2.914 5.53 -11 .007 7.694 -8 0
3 16 7.694 -8 0 6.663 -8 3.847 4.789 -11 2.914
3 16 7.694 -8 0 5.53 -11 .007 4.789 -11 -2.9
3 16 4.789 -11 -2.9 6.663 -8 -3.847 7.694 -8 0
3 16 3.937 -11 -4.481 6.663 -8 -3.847 4.789 -11 -2.9
3 16 5.057 -8 -6.401 6.663 -8 -3.847 3.937 -11 -4.481
3 16 5.057 -8 -6.401 3.937 -11 -4.481 0 -11 -5.806
3 16 0 -11 -5.806 0 -8 -7.694 5.057 -8 -6.401
3 16 5.465 -8 6.281 0 -8 7.924 0 -11 6.037
3 16 0 -11 6.037 3.966 -11 4.803 5.465 -8 6.281
3 16 0 -11 6.037 0 -8 7.924 -5.465 -8 6.281
3 16 -5.465 -8 6.281 -3.966 -11 4.803 0 -11 6.037
3 16 -4.789 -11 2.914 -3.966 -11 4.803 -6.663 -8 3.847
3 16 -6.663 -8 3.847 -3.966 -11 4.803 -5.465 -8 6.281
3 16 -4.789 -11 2.914 -6.663 -8 3.847 -7.694 -8 0
3 16 -7.694 -8 0 -5.53 -11 .007 -4.789 -11 2.914
3 16 -7.694 -8 0 -6.663 -8 -3.847 -4.789 -11 -2.9
3 16 -4.789 -11 -2.9 -5.53 -11 .007 -7.694 -8 0
3 16 -6.663 -8 -3.847 -3.937 -11 -4.481 -4.789 -11 -2.9
3 16 -5.057 -8 -6.401 -3.937 -11 -4.481 -6.663 -8 -3.847
3 16 0 -11 -5.806 -3.937 -11 -4.481 -5.057 -8 -6.401
3 16 -5.057 -8 -6.401 0 -8 -7.694 0 -11 -5.806
2 24 -4.789 -11 2.914 -3.966 -11 4.803
2 24 -4.789 -11 2.914 -5.53 -11 .007
2 24 -5.53 -11 .007 -4.789 -11 -2.9
2 24 -4.789 -11 -2.9 -3.937 -11 -4.481
2 24 -3.937 -11 -4.481 0 -11 -5.806
2 24 0 -11 -5.806 3.937 -11 -4.481
2 24 3.937 -11 -4.481 4.789 -11 -2.9
2 24 4.789 -11 -2.9 5.53 -11 .007
2 24 5.53 -11 .007 4.789 -11 2.914
2 24 4.789 -11 2.914 3.966 -11 4.803
2 24 3.966 -11 4.803 0 -11 6.037
2 24 0 -11 6.037 -3.966 -11 4.803
2 24 -3.966 -11 4.803 -5.465 -8 6.281
2 24 -5.465 -8 6.281 0 -8 7.924
2 24 0 -8 7.924 5.465 -8 6.281
2 24 5.465 -8 6.281 3.966 -11 4.803
2 24 5.465 -8 6.281 6.663 -8 3.847
2 24 6.663 -8 3.847 7.694 -8 0
2 24 7.694 -8 0 6.663 -8 -3.847
2 24 6.663 -8 -3.847 5.057 -8 -6.401
2 24 5.057 -8 -6.401 3.937 -11 -4.481
2 24 5.057 -8 -6.401 0 -8 -7.694
2 24 0 -8 -7.694 -5.057 -8 -6.401
2 24 -5.057 -8 -6.401 -3.937 -11 -4.481
2 24 -5.057 -8 -6.401 -6.663 -8 -3.847
2 24 -6.663 -8 -3.847 -7.694 -8 0
2 24 -7.694 -8 0 -6.663 -8 3.847
2 24 -6.663 -8 3.847 -5.465 -8 6.281

5 24 -6.663 -8 -3.847 -4.789 -11 -2.9 -7.694 -8 0 -3.937 -11 -4.481
5 24 0 -8 -7.694 0 -11 -5.806 -5.057 -8 -6.401 5.057 -8 -6.401
5 24 -7.694 -8 0 -5.53 -11 .007 -4.789 -11 2.914 -4.789 -11 -2.9
5 24 -4.789 -11 2.914 -7.694 -8 0 -6.663 -8 3.847 -5.53 -11 .007
5 24 -3.966 -11 4.803 -6.663 -8 3.847 -5.465 -8 6.281 -4.789 -11 2.914
5 24 -4.789 -11 -2.9 -7.694 -8 0 -6.663 -8 -3.847 -5.53 -11 .007
5 24 -6.663 -8 -3.847 -3.937 -11 -4.481 -4.789 -11 -2.9 -5.057 -8 -6.401
5 24 6.663 -8 3.847 3.966 -11 4.803 5.465 -8 6.281 4.789 -11 2.914
5 24 -5.057 -8 -6.401 0 -11 -5.806 -3.937 -11 -4.481 0 -8 -7.694
5 24 4.789 -11 -2.9 6.663 -8 -3.847 7.694 -8 0 3.937 -11 -4.481
5 24 -6.663 -8 3.847 -4.789 -11 2.914 -3.966 -11 4.803 -7.694 -8 0
5 24 4.789 -11 -2.9 7.694 -8 0 5.53 -11 .007 6.663 -8 -3.847
5 24 5.53 -11 .007 7.694 -8 0 4.789 -11 2.914 4.789 -11 -2.9
5 24 5.057 -8 -6.401 0 -11 -5.806 3.937 -11 -4.481 0 -8 -7.694
5 24 0 -8 7.924 0 -11 6.037 -5.465 -8 6.281 5.465 -8 6.281
5 24 7.694 -8 0 4.789 -11 2.914 5.53 -11 .007 6.663 -8 3.847
5 24 0 -11 6.037 5.465 -8 6.281 3.966 -11 4.803 0 -8 7.924
5 24 -5.465 -8 6.281 0 -11 6.037 -3.966 -11 4.803 0 -8 7.924
5 24 4.789 -11 2.914 6.663 -8 3.847 7.694 -8 0 3.966 -11 4.803
5 24 3.937 -11 -4.481 6.663 -8 -3.847 4.789 -11 -2.9 5.057 -8 -6.401