0 ~Plant Flower Bell Shaped  1 x  1 x  1.333 - without Patternable Surfaces 1/8th with Cutout
0 Name: s\6017s03.dat
0 Author: Gerald Lasser [GeraldLasser]
0 !LDRAW_ORG Subpart UPDATE 2026-07
0 !LICENSE Licensed under CC BY 4.0 : see CAreadme.txt

0 BFC CERTIFY CCW

0 !HISTORY 2026-07-30 [OrionP] Official Update 2026-07

1 16 0 0 0 0 0 1 0 1 0 -1 0 0 s\6017s04.dat

4 16 -12.424 0 0 -12.096 0 1.604 -11.314 0 2.95 -8.8 0 2
4 16 -5.6023 0 2 -8.8 0 2 -11.314 0 2.95 -5.5434 0 2.2962
1 16 0 0 0 0 0 -6 0 -1 0 6 0 0 3-16ndis.dat
3 16 -5.5434 0 2.2962 -11.314 0 2.95 -10.311 0 4.262
3 16 -10.311 0 4.262 -10.162 0 5.821 -5.5434 0 2.2962
3 16 -5.5434 0 2.2962 -10.162 0 5.821 -6 0 6
3 16 -6 0 6 -10.162 0 5.821 -9.883 0 7.437
3 16 -6 0 6 -9.883 0 7.437 -8.9345 0 8.9345

0 BFC INVERTNEXT
1 16 0 0 0 6 0 0 0 -5 0 0 0 6 7-16cylo.dat
4 16 -5.6023 -5 2 -5.6023 0 2 -5.5434 0 2.2962 -5.5434 -5 2.2962
2 24 -5.6023 0 2 -5.5434 0 2.2962
2 24 -5.6023 -5 2 -5.5434 -5 2.2962
5 24 -5.5434 0 2.2962 -5.5434 -5 2.2962 -5.6023 -5 2 -4.2426 -5 4.2426
1 16 0 -5 0 0 0 -1 0 -1 0 1 0 0 3-16ring5.dat
1 16 0 -5 0 -5 0 0 0 -1 0 0 0 5 1-16tndis.dat
4 16 -5 -5 1.9135 -5.6023 -5 2 -5.5434 -5 2.2962 -4.6195 -5 1.9135
3 16 -5.6023 -5 2 -5 -5 1.9135 -5 -5 0

3 16 -12.191 -3.213 3.291 -10.2982 -6.35 2.0484 -11.23 -3.344 4.537
3 16 -9.701 -6.35 4.0184 -11.23 -3.344 4.537 -10.2982 -6.35 2.0484
3 16 -12.191 -3.213 3.291 -11.853 -4.853 1.362 -10.2982 -6.35 2.0484
3 16 -10.5 -6.35 0 -10.2982 -6.35 2.0484 -11.853 -4.853 1.362
3 16 -10.5 -6.35 0 -11.853 -4.853 1.362 -11.834 -5.0787 0
3 16 -11.834 -5.0787 0 -11.853 -4.853 1.362 -13 -3.922 .552
3 16 -11.834 -5.0787 0 -13 -3.922 .552 -13 -4.027 0
3 16 -13 -3.364 1.221 -11.853 -4.853 1.362 -12.191 -3.213 3.291
3 16 -13 -3.364 1.221 -13 -3.922 .552 -11.853 -4.853 1.362
3 16 -11.23 -3.344 4.537 -12.226 -2.473 3.414 -12.191 -3.213 3.291
3 16 -12.729 -2.494 2.595 -12.191 -3.213 3.291 -12.226 -2.473 3.414
3 16 -12.729 -2.494 2.595 -13 -3.364 1.221 -12.191 -3.213 3.291
3 16 -11.23 -3.344 4.537 -11.335 -2.575 4.571 -12.226 -2.473 3.414
3 16 -12.729 -2.494 2.595 -13 -2.543 1.518 -13 -3.364 1.221
3 16 -12.692 -1.352 2.26 -12.226 -2.473 3.414 -11.314 0 2.95
3 16 -12.226 -2.473 3.414 -11.335 -2.575 4.571 -11.314 0 2.95

3 16 -12.692 -1.352 2.26 -12.729 -2.494 2.595 -12.226 -2.473 3.414
3 16 -13 -2.543 1.518 -12.729 -2.494 2.595 -12.692 -1.352 2.26
3 16 -13 -2.543 1.518 -12.692 -1.352 2.26 -13 -1.71 1.252
3 16 -12.692 -1.352 2.26 -13 -1.123 .606 -13 -1.71 1.252
3 16 -12.692 -1.352 2.26 -12.096 0 1.604 -13 -1.123 .606
3 16 -12.096 0 1.604 -12.692 -1.352 2.26 -11.314 0 2.95
3 16 -12.424 0 0 -13 -1.123 .606 -12.096 0 1.604
3 16 -12.424 0 0 -13 -.996 0 -13 -1.123 .606
3 16 -13 -.996 0 -13 -3.364 1.221 -13 -2.543 1.518
4 16 -13 -2.543 1.518 -13 -1.71 1.252 -13 -1.123 .606 -13 -.996 0
4 16 -13 -3.364 1.221 -13 -.996 0 -13 -4.027 0 -13 -3.922 .552
2 24 -12.226 -2.473 3.414 -11.335 -2.575 4.571
2 24 -12.729 -2.494 2.595 -12.226 -2.473 3.414
2 24 -13 -2.543 1.518 -12.729 -2.494 2.595
2 24 -13 -2.543 1.518 -13 -3.364 1.221
2 24 -13 -3.922 .552 -13 -4.027 0
2 24 -13 -3.364 1.221 -13 -3.922 .552
2 24 -13 -1.71 1.252 -13 -2.543 1.518
2 24 -13 -1.123 .606 -13 -1.71 1.252
2 24 -13 -1.123 .606 -13 -.996 0

5 24 -11.23 -3.344 4.537 -12.191 -3.213 3.291 -12.226 -2.473 3.414 -10.2982 -6.35 2.0484
5 24 -11.23 -3.344 4.537 -10.2982 -6.35 2.0484 -12.191 -3.213 3.291 -9.701 -6.35 4.0184
5 24 -12.191 -3.213 3.291 -10.2982 -6.35 2.0484 -11.23 -3.344 4.537 -11.853 -4.853 1.362
5 24 -12.191 -3.213 3.291 -13 -3.364 1.221 -12.729 -2.494 2.595 -11.853 -4.853 1.362
5 24 -12.096 0 1.604 -13 -1.123 .606 -12.692 -1.352 2.26 -12.424 0 0
5 24 -11.23 -3.344 4.537 -11.335 -2.575 4.571 -10.845 -2.606 6.075 -12.226 -2.473 3.414
5 24 -12.226 -2.473 3.414 -11.314 0 2.95 -12.692 -1.352 2.26 -11.335 -2.575 4.571
5 24 -13 -3.364 1.221 -11.853 -4.853 1.362 -12.191 -3.213 3.291 -13 -3.922 .552
5 24 -12.692 -1.352 2.26 -13 -1.71 1.252 -13 -2.543 1.518 -13 -1.123 .606
5 24 -10.358 -2.68 7.601 -8.9345 0 8.9345 -9.26 -2.74 9.26 -9.883 0 7.437
5 24 -10.2982 -6.35 2.0484 -11.853 -4.853 1.362 -12.191 -3.213 3.291 -10.5 -6.35 0
5 24 -12.424 0 0 -13 -1.123 .606 -13 -.996 0 -12.096 0 1.604
5 24 -11.853 -4.853 1.362 -10.5 -6.35 0 -10.2982 -6.35 2.0484 -11.834 -5.0787 0
5 24 -12.191 -3.213 3.291 -11.853 -4.853 1.362 -10.2982 -6.35 2.0484 -13 -3.364 1.221
5 24 -12.692 -1.352 2.26 -12.096 0 1.604 -13 -1.123 .606 -11.314 0 2.95
5 24 -11.834 -5.0787 0 -11.853 -4.853 1.362 -10.5 -6.35 0 -13 -3.922 .552
5 24 -12.226 -2.473 3.414 -12.692 -1.352 2.26 -11.314 0 2.95 -12.729 -2.494 2.595
5 24 -12.226 -2.473 3.414 -12.191 -3.213 3.291 -11.23 -3.344 4.537 -12.729 -2.494 2.595
5 24 -12.729 -2.494 2.595 -13 -3.364 1.221 -12.191 -3.213 3.291 -13 -2.543 1.518
5 24 -11.853 -4.853 1.362 -13 -3.922 .552 -13 -3.364 1.221 -11.834 -5.0787 0
5 24 -13 -3.922 .552 -11.834 -5.0787 0 -11.853 -4.853 1.362 -13 -4.027 0
5 24 -11.23 -3.344 4.537 -12.226 -2.473 3.414 -11.335 -2.575 4.571 -12.191 -3.213 3.291
5 24 -13 -1.123 .606 -12.692 -1.352 2.26 -13 -1.71 1.252 -12.096 0 1.604
5 24 -13 -2.543 1.518 -12.692 -1.352 2.26 -12.729 -2.494 2.595 -13 -1.71 1.252
5 24 -12.191 -3.213 3.291 -12.729 -2.494 2.595 -12.226 -2.473 3.414 -13 -3.364 1.221
5 24 -11.314 0 2.95 -12.692 -1.352 2.26 -12.226 -2.473 3.414 -12.096 0 1.604
5 24 -11.314 0 2.95 -11.335 -2.575 4.571 -12.226 -2.473 3.414 -10.311 0 4.262
5 24 -12.692 -1.352 2.26 -12.729 -2.494 2.595 -13 -2.543 1.518 -12.226 -2.473 3.414
5 24 -10.2982 -6.35 2.0484 -10.5 -6.35 0 -11.834 -5.0787 0 -10 -8.5 0

5 24 -11.834 -5.0787 0 -10.5 -6.35 0 -11.853 -4.853 1.362 -11.853 -4.853 -1.362
5 24 -13 -4.027 0 -11.834 -5.0787 0 -13 -3.922 -.552 -13 -3.922 .552
5 24 -12.424 0 0 -13 -.996 0 -13 -1.123 .606 -13 -1.123 -.606