0 ~Sticker  0.8 x  3.0 with Dark Pink, White and Medium Azure Shooting Star, Z-Shape - Sixth Face
0 Name: s\6037729gs06.dat
0 Author: Takeshi Takahashi [RainbowDolphin]
0 !LDRAW_ORG Subpart UPDATE 2026-07
0 !LICENSE Licensed under CC BY 4.0 : see CAreadme.txt

0 BFC CERTIFY CCW

0 !HISTORY 2026-02-15 [MagFors] Corrected length
0 !HISTORY 2026-07-30 [OrionP] Official Update 2026-07

0 // Primitives
1 30 -6.5 -.25 -6.4359 0 0 -1.5 0 1 0 -1.5 0 0 1-4chrd.dat
1 322 6.5 -.25 -6.4359 0 0 1.5 0 1 0 -1.5 0 0 1-4chrd.dat
1 15 -5.5 -.25 -.3674 0 0 1 0 1 0 -1 0 0 5-16chrd.dat
1 15 -5.5 -.25 -.3674 0 0 -1 0 1 0 -1 0 0 5-16chrd.dat
1 30 -5.5 -.25 -.3674 1 0 0 0 1 0 0 0 1 1-16tang.dat
1 30 -5.5 -.25 -.3674 -1 0 0 0 1 0 0 0 1 1-16tang.dat
1 30 -5.5 -.25 -.3674 1 0 0 0 1 0 0 0 -1 2-4ndis.dat
1 15 -3.5 -.25 -2.9956 1.5 0 0 0 1 0 0 0 1.5 4-4disc.dat
1 30 -3.5 -.25 -2.9956 1.5 0 0 0 1 0 0 0 -1.5 3-4ndis.dat
1 30 -3.5 -.25 -2.9956 1.5 0 0 0 1 0 0 0 1.5 1-8tndis.dat
1 30 -3.5 -.25 -2.9956 0 0 1.5 0 1 0 1.5 0 0 1-8tndis.dat
0 // Faces
0 // Azure faces
4 322 6.5 -.25 -7.9359 8 -.25 -6.4359 6.2 -.25 -3.3956 1 -.25 -7.9359
3 322 8 -.25 -6.4359 8 -.25 -4.7456 6.2 -.25 -3.3956
4 322 -.5 -.25 -4.9956 1 -.25 -7.9359 6.2 -.25 -3.3956 .1 -.25 -2.1956
4 322 1.2 -.25 -1.0956 .1 -.25 -2.1956 6.2 -.25 -3.3956 4.2 -.25 -1.0956
4 322 -1.9 -.25 -2.0956 -.5 -.25 -4.9956 .1 -.25 -2.1956 -1.4 -.25 -.4956
4 322 4.2 -.25 -1.0956 3.3306 -.25 .0153 1.7796 -.25 .0153 1.2 -.25 -1.0956
4 322 -1.4 -.25 -.4956 -1.642 -.25 .0153 -2.545 -.25 .0153 -1.9 -.25 -2.0956
4 322 8 -.25 -.2869 7.5035 -.25 .0153 4.9269 -.25 .0153 6.5 -.25 -1.2956
3 322 6.5 -.25 -1.2956 8 -.25 -2.0756 8 -.25 -.2869
0 // Magenta face
3 5 -.0988 -.25 .0153 .2 -.25 -.3956 .5362 -.25 .0153
0 // Purple faces
4 30 -2 -.25 -2.9956 -2 -.25 -4.4956 1 -.25 -7.9359 -.5 -.25 -4.9956
4 30 -3.5 -.25 -4.4956 -6.5 -.25 -7.9359 1 -.25 -7.9359 -2 -.25 -4.4956
4 30 -2 -.25 -1.935 -2 -.25 -2.9956 -.5 -.25 -4.9956 -1.9 -.25 -2.0956
3 30 -2 -.25 -1.935 -2.4394 -.25 -1.4956 -2.44 -.25 -1.9359
4 30 -3.5 -.25 -1.4956 -4.5 -.25 -1.3674 -5.5 -.25 -1.3674 -5 -.25 -1.4956
4 30 -5 -.25 -1.4956 -5.5 -.25 -1.3674 -6.5 -.25 -1.3674 -5 -.25 -2.9956
4 30 -5 -.25 -4.4956 -5 -.25 -2.9956 -6.5 -.25 -1.3674 -8 -.25 -6.4359
4 30 -6.5 -.25 -7.9359 -3.5 -.25 -4.4956 -5 -.25 -4.4956 -8 -.25 -6.4359
3 30 -8 -.25 -6.4359 -6.5 -.25 -1.3674 -6.5 -.25 -.3674
4 30 -2.4394 -.25 -1.4956 -2.545 -.25 .0153 -4.5 -.25 -.1685 -4.5 -.25 -.3674
4 30 -4.5 -.25 -1.3674 -3.5 -.25 -1.4956 -2.4394 -.25 -1.4956 -4.5 -.25 -.3674
3 30 -2.545 -.25 .0153 -2.4394 -.25 -1.4956 -2 -.25 -1.935
3 30 7.5035 -.25 .0153 8 -.25 -.2869 8 -.25 .0153
3 30 -2.545 -.25 .0153 -2 -.25 -1.935 -1.9 -.25 -2.0956
4 30 -6.5 -.25 -.3674 -6.5 -.25 -.1685 -8 -.25 .0153 -8 -.25 -6.4359
3 30 -8 -.25 .0153 -6.5 -.25 -.1685 -6.4239 -.25 .0153
3 30 -4.5761 -.25 .0153 -4.5 -.25 -.1685 -2.545 -.25 .0153
0 // White faces
4 15 6.2 -.25 -3.3956 8 -.25 -4.7456 8 -.25 -2.0756 6.5 -.25 -1.2956
4 15 1.7796 -.25 .0153 .5362 -.25 .0153 .2 -.25 -.3956 1.2 -.25 -1.0956
4 15 6.5 -.25 -1.2956 4.9269 -.25 .0153 3.3306 -.25 .0153 4.2 -.25 -1.0956
3 15 4.2 -.25 -1.0956 6.2 -.25 -3.3956 6.5 -.25 -1.2956
4 15 -.0988 -.25 .0153 -1.642 -.25 .0153 -1.4 -.25 -.4956 .2 -.25 -.3956
4 15 1.2 -.25 -1.0956 .2 -.25 -.3956 -1.4 -.25 -.4956 .1 -.25 -2.1956
3 15 -6.4239 -.25 .0153 -5.5 -.25 -1.3674 -4.5761 -.25 .0153