0 ~Sticker  0.8 x  3.0 with Dark Grey Lines on White Background Right - Sixth Face
0 Name: s\6148328bgs03.dat
0 Author: Massimo Maso [Sirio]
0 !LDRAW_ORG Subpart UPDATE 2026-05
0 !LICENSE Licensed under CC BY 4.0 : see CAreadme.txt

0 BFC CERTIFY CCW

0 !HISTORY 2024-09-30 [OrionP] Official Update 2024-08
0 !HISTORY 2025-11-14 [Sirio] Modified for changes in 50950
0 !HISTORY 2026-02-15 [MagFors] Corrected length
0 !HISTORY 2026-05-31 [OrionP] Official Update 2026-05

0 // Primitives
1 15 -6.5 -0.25 -6.4359 -1.5 0 0 0 1 0 0 0 -1.5 1-4chrd.dat
1 72 6.5 -0.25 -6.4359 1.5 0 0 0 1 0 0 0 -1.5 1-4chrd.dat
0 // Dark grey faces
4 72 6.5 -0.25 -7.9359 5.4 -0.25 -1.0127 5.2043 -0.25 -1 5.4 -0.25 -7.9359
4 72 5.4 -0.25 -1.0127 6.5 -0.25 -7.9359 8 -0.25 -6.4359 8 -0.25 -1.0127
4 72 4.2099 -0.25 -0.4259 -0.7518 -0.25 -5.3877 0.1034 -0.25 -6.1385 4.3394 -0.25 -0.5734
4 72 4.4868 -0.25 -0.7028 1.05 -0.25 -6.7701 2.0705 -0.25 -7.2738 4.65 -0.25 -0.8117
4 72 4.3394 -0.25 -0.5734 0.1034 -0.25 -6.1385 1.05 -0.25 -6.7701 4.4868 -0.25 -0.7028
4 72 -3.2252 -0.25 -0.3713 -3.0033 -0.25 -1.4875 -2.6379 -0.25 -2.5654 3.9796 -0.25 0.0153
4 72 -2.1342 -0.25 -3.5859 4.0142 -0.25 -0.0868 3.9796 -0.25 0.0153 -2.6379 -0.25 -2.5654
4 72 2.0705 -0.25 -7.2738 3.1484 -0.25 -7.6392 4.826 -0.25 -0.8986 4.65 -0.25 -0.8117
4 72 3.1484 -0.25 -7.6392 4.2647 -0.25 -7.8611 5.0118 -0.25 -0.9616 4.826 -0.25 -0.8986
4 72 4.2647 -0.25 -7.8611 5.4 -0.25 -7.9359 5.2043 -0.25 -1 5.0118 -0.25 -0.9616
4 72 -0.7518 -0.25 -5.3877 4.2099 -0.25 -0.4259 4.101 -0.25 -0.2627 -1.5026 -0.25 -4.5325
3 72 3.9796 -0.25 0.0153 -3.2689 -0.25 0.0153 -3.2252 -0.25 -0.3713
4 72 4.0142 -0.25 -0.0868 -2.1342 -0.25 -3.5859 -1.5026 -0.25 -4.5325 4.101 -0.25 -0.2627
0 // White faces
4 15 -8 -0.25 -6.4359 -6.5 -0.25 -7.9359 -3.0033 -0.25 -1.4875 -3.2252 -0.25 -0.3713
3 15 -2.6379 -0.25 -2.5654 -3.0033 -0.25 -1.4875 -6.5 -0.25 -7.9359
3 15 -2.1342 -0.25 -3.5859 -2.6379 -0.25 -2.5654 -6.5 -0.25 -7.9359
3 15 -1.5026 -0.25 -4.5325 -2.1342 -0.25 -3.5859 -6.5 -0.25 -7.9359
3 15 -0.7518 -0.25 -5.3877 -1.5026 -0.25 -4.5325 -6.5 -0.25 -7.9359
3 15 0.1034 -0.25 -6.1385 -0.7518 -0.25 -5.3877 -6.5 -0.25 -7.9359
3 15 1.05 -0.25 -6.7701 0.1034 -0.25 -6.1385 -6.5 -0.25 -7.9359
3 15 2.0705 -0.25 -7.2738 1.05 -0.25 -6.7701 -6.5 -0.25 -7.9359
3 15 3.1484 -0.25 -7.6392 2.0705 -0.25 -7.2738 -6.5 -0.25 -7.9359
3 15 4.2647 -0.25 -7.8611 3.1484 -0.25 -7.6392 -6.5 -0.25 -7.9359
3 15 5.4 -0.25 -7.9359 4.2647 -0.25 -7.8611 -6.5 -0.25 -7.9359
4 15 4.0142 -0.25 -0.0868 4.101 -0.25 -0.2627 4.2099 -0.25 -0.4259 8 -0.25 0.0153
4 15 4.826 -0.25 -0.8986 8 -0.25 0.0153 4.4868 -0.25 -0.7028 4.65 -0.25 -0.8117
4 15 4.2099 -0.25 -0.4259 4.3394 -0.25 -0.5734 4.4868 -0.25 -0.7028 8 -0.25 0.0153
3 15 8 -0.25 0.0153 3.9796 -0.25 0.0153 4.0142 -0.25 -0.0868
4 15 5.2043 -0.25 -1 8 -0.25 0.0153 4.826 -0.25 -0.8986 5.0118 -0.25 -0.9616
4 15 8 -0.25 -1.0127 8 -0.25 0.0153 5.2043 -0.25 -1 5.4 -0.25 -1.0127
4 15 -8 -0.25 -6.4359 -3.2252 -0.25 -0.3713 -3.2689 -0.25 0.0153 -8 -0.25 0.0153