0 ~Window  1 x  4 x  4 - Common Geometry - Half
0 Name: s\6154s02.dat
0 Author: Gerald Lasser [GeraldLasser]
0 !LDRAW_ORG Subpart UPDATE 2026-07
0 !LICENSE Licensed under CC BY 4.0 : see CAreadme.txt

0 BFC CERTIFY CCW

0 !HISTORY 2026-07-30 [OrionP] Official Update 2026-07

0 // 1 16 0 7.5 7.25 1 0 0 0 1 0 0 0 1 s\6155s99.dat

4 16 -40 0 -10 -40 96 -10 -32 84 -10 -32 8 -10
4 16 -36 96 6 -36 96 -6 -40 96 -10 -40 96 10
1 16 -40 48 0 0 1 0 48 0 0 0 0 -10 rect.dat
4 16 -36 88 10 -40 96 10 -40 0 10 -36 4 10
2 24 -36 86.5 5 -36 86.5 -6
2 24 -36 88 10 -36 4 10
2 24 -36 86.5 -6 -36 4 -6

3 16 -36 4 -6 -36 6 1 -36 6 2.5
3 16 -36 6 4 -36 6 5.75 -36 4 10
4 16 -36 6 2.5 -36 6 4 -36 4 10 -36 4 -6
3 16 -36 4 10 -36 6 5.75 -36 6 7.25
3 16 -36 4 10 -36 6 7.25 -36 6 8.75
3 16 -36 4 10 -36 6 8.75 -36 7.5 8.75
3 16 -36 4 10 -36 7.5 8.75 -36 9 8.75
3 16 -36 4 10 -36 9 8.75 -36 10.75 8.75
3 16 -36 4 10 -36 10.75 8.75 -36 12.25 8.75
4 16 -36 88 10 -36 4 10 -36 12.25 8.75 -36 13.75 8.75
4 16 -36 7.5 5.75 -36 6 5.75 -36 6 4 -36 7.5 4
4 16 -36 7.5 5.75 -36 7.5 4 -36 9 4 -36 9 5.75
4 16 -36 10.75 8.75 -36 9 8.75 -36 9 7.25 -36 10.75 7.25
4 16 -36 10.75 7.25 -36 9 7.25 -36 9 5.75 -36 10.75 5.75
3 16 -36 6 1 -36 4 -6 -36 7.5 1
3 16 -36 7.5 1 -36 4 -6 -36 9 1
4 16 -36 86.5 -6 -36 13.75 5.75 -36 9 1 -36 4 -6
3 16 -36 9 5.75 -36 9 4 -36 10.75 5.75
4 16 -36 10.75 5.75 -36 9 4 -36 9 2.5 -36 12.25 5.75
4 16 -36 13.75 5.75 -36 12.25 5.75 -36 9 2.5 -36 9 1
4 16 -36 88 10 -36 13.75 8.75 -36 13.75 7.25 -36 86.5 5
3 16 -36 88 10 -36 86.5 5 -36 88 5
4 16 -36 86.5 -6 -36 86.5 5 -36 13.75 7.25 -36 13.75 5.75
0 BFC INVERTNEXT
1 16 -36 7.5 7.25 0 1 0 -1.5 0 0 0 0 1.5 bump5000.dat
0 BFC INVERTNEXT
1 16 -36 12.25 7.25 0 1 0 -1.5 0 0 0 0 1.5 bump5000.dat
0 BFC INVERTNEXT
1 16 -36 7.5 2.5 0 1 0 -1.5 0 0 0 0 1.5 bump5000.dat
1 16 -36 7.5 7.25 0 -1 0 -1.5 0 0 0 0 1.5 4-4ndis.dat
1 16 -36 12.25 7.25 0 -1 0 -1.5 0 0 0 0 1.5 4-4ndis.dat
1 16 -36 7.5 2.5 0 -1 0 -1.5 0 0 0 0 1.5 4-4ndis.dat

4 16 -36 86.5 -6 -36 4 -6 -32 8 -6 -32 84 -6

1 16 -36 7.5 -3.25 0 1 0 -1.25 0 0 0 0 2.75 box4-1.dat