0 ~Window  1 x  4 x  4 with Door and Glass Holder - Half
0 Name: s\6154s03.dat
0 Author: Gerald Lasser [GeraldLasser]
0 !LDRAW_ORG Subpart UPDATE 2026-07
0 !LICENSE Licensed under CC BY 4.0 : see CAreadme.txt

0 BFC CERTIFY CCW

0 !HISTORY 2026-07-30 [OrionP] Official Update 2026-07

3 16 36 96 -6 18.2 92 -6 21.8 92 -6
3 16 36 96 -6 21.8 92 -6 36 92 -6
4 16 21.8 92 -6 22.30975 92 -5.20675 22.5 92 -5.20675 36 92 -6
3 16 36 92 6 36 92 -6 22.5 92 -5.20675
3 16 36 92 6 22.5 92 -5.20675 22.5 92 -4.25
3 16 36 92 6 22.5 92 -1.75 20 92 -1.75
3 16 36 92 6 20 92 -1.75 17.5 92 -1.75
3 16 17.5 92 -5.20675 17.69025 92 -5.20675 18.2 92 -6
2 24 21.8 92 -6 36 92 -6
3 16 36 92 6 22.5 92 -4.25 22.5 92 -1.75

1 16 24 95.75 6 0 0 3.5 0 -1 0 -3.5 0 0 triangle.dat
1 16 24 93.875 4.25 0 1 0 0 0 -1.875 -1.75 0 0 rect3.dat
4 16 27.5 95.75 6 27.5 92 6 24 92 2.5 24 95.75 2.5
2 24 27.5 92 6 27.5 95.75 6
2 24 27.5 92 6 24 92 2.5

1 16 16 95.75 6 0 0 -3.5 0 -1 0 -3.5 0 0 triangle.dat
1 16 16 93.875 4.25 0 -1 0 0 0 -1.875 -1.75 0 0 rect3.dat
4 16 16 92 2.5 12.5 92 6 12.5 95.75 6 16 95.75 2.5
2 24 12.5 95.75 6 12.5 92 6
2 24 16 92 2.5 12.5 92 6

0 BFC INVERTNEXT
1 16 20 92 -4.25 0 0 -2.5 0 -5.5 0 2.5 0 0 5-16cylo.dat
0 BFC INVERTNEXT
1 16 20 92 -4.25 0 0 2.5 0 -5.5 0 2.5 0 0 5-16cylo.dat
4 16 21.8 92 -6 21.8 86.5 -6 22.30975 86.5 -5.20675 22.30975 92 -5.20675
4 16 18.2 86.5 -6 21.8 86.5 -6 21.8 92 -6 18.2 92 -6
4 16 17.69025 86.5 -5.20675 18.2 86.5 -6 18.2 92 -6 17.69025 92 -5.20675
2 24 21.8 92 -6 21.8 86.5 -6
2 24 18.2 92 -6 18.2 86.5 -6
2 24 21.8 86.5 -6 22.30975 86.5 -5.20675
2 24 21.8 92 -6 22.30975 92 -5.20675
2 24 17.69025 92 -5.20675 18.2 92 -6
2 24 17.69025 86.5 -5.20675 18.2 86.5 -6
1 16 20 92 -4.25 2.5 0 0 0 -1 0 0 0 2.5 2-4ndis.dat
1 16 20 86.5 -4.25 2.5 0 0 0 1 0 0 0 2.5 2-4ndis.dat
1 16 20 92 -4.25 -2.5 0 0 0 -1 0 0 0 -2.5 1-16tndis.dat
1 16 20 86.5 -4.25 -2.5 0 0 0 1 0 0 0 -2.5 1-16tndis.dat
1 16 20 92 -4.25 2.5 0 0 0 -1 0 0 0 -2.5 1-16tndis.dat
1 16 20 86.5 -4.25 2.5 0 0 0 1 0 0 0 -2.5 1-16tndis.dat

3 16 36 86.5 5 17.5 86.5 -1.75 20 86.5 -1.75
3 16 36 86.5 5 20 86.5 -1.75 22.5 86.5 -1.75
4 16 36 86.5 5 22.5 86.5 -1.75 22.5 86.5 -4.25 36 86.5 -6
3 16 36 86.5 -6 22.5 86.5 -4.25 22.5 86.5 -5.20675
4 16 22.30975 86.5 -5.20675 21.8 86.5 -6 36 86.5 -6 22.5 86.5 -5.20675
2 24 36 86.5 -6 21.8 86.5 -6
3 16 32 84 -6 36 86.5 -6 21.8 86.5 -6
3 16 32 84 -6 21.8 86.5 -6 18.2 86.5 -6
3 16 17.69025 86.5 -5.20675 17.5 86.5 -5.20675 18.2 86.5 -6

4 16 36 4 -6 21.8 4 -6 22.30975 4 -5.20675 22.5 4 -5.20675
4 16 22.5 4 -5.20675 22.5 4 -4.25 36 4 10 36 4 -6
3 16 36 4 10 22.5 4 -4.25 22.5 4 -1.75
3 16 36 4 10 22.5 4 -1.75 20 4 -1.75
3 16 36 4 10 20 4 -1.75 17.5 4 -1.75
3 16 17.5 4 -5.20675 17.69025 4 -5.20675 18.2 4 -6
2 24 36 4 -6 36 4 10
2 24 36 4 -6 21.8 4 -6

0 BFC INVERTNEXT
1 16 20 4 -4.25 0 0 -2.5 0 -4 0 2.5 0 0 5-16cylo.dat
0 BFC INVERTNEXT
1 16 20 4 -4.25 0 0 2.5 0 -4 0 2.5 0 0 5-16cylo.dat
4 16 21.8 4 -6 21.8 0 -6 22.30975 0 -5.20675 22.30975 4 -5.20675
4 16 18.2 0 -6 21.8 0 -6 21.8 4 -6 18.2 4 -6
4 16 17.69025 0 -5.20675 18.2 0 -6 18.2 4 -6 17.69025 4 -5.20675
2 24 21.8 4 -6 21.8 0 -6
2 24 18.2 4 -6 18.2 0 -6
2 24 21.8 0 -6 22.30975 0 -5.20675
2 24 21.8 4 -6 22.30975 4 -5.20675
2 24 17.69025 4 -5.20675 18.2 4 -6
2 24 17.69025 0 -5.20675 18.2 0 -6
1 16 20 4 -4.25 2.5 0 0 0 -1 0 0 0 2.5 2-4ndis.dat
2 24 18.2 0 -6 21.8 0 -6
1 16 20 0 -4.25 2.5 0 0 0 1 0 0 0 2.5 2-4ndis.dat
1 16 20 4 -4.25 -2.5 0 0 0 -1 0 0 0 -2.5 1-16tndis.dat
1 16 20 0 -4.25 -2.5 0 0 0 1 0 0 0 -2.5 1-16tndis.dat
1 16 20 4 -4.25 2.5 0 0 0 -1 0 0 0 -2.5 1-16tndis.dat
1 16 20 0 -4.25 2.5 0 0 0 1 0 0 0 -2.5 1-16tndis.dat

3 16 22.5 0 -1.75 22.5 0 -4.25 40 0 10
4 16 22.5 0 -5.20675 40 0 -10 40 0 10 22.5 0 -4.25
4 16 22.30975 0 -5.20675 21.8 0 -6 40 0 -10 22.5 0 -5.20675
3 16 21.8 0 -6 18.2 0 -6 40 0 -10
3 16 40 0 10 17.5 0 -1.75 20 0 -1.75
3 16 40 0 10 20 0 -1.75 22.5 0 -1.75
3 16 17.69025 0 -5.20675 17.5 0 -5.20675 18.2 0 -6