0 ~Sticker  0.9 x  1.8 with Grey Indicators on White Background - Inner Lamp
0 Name: s\6177970gs03.dat
0 Author: Massimo Maso [Sirio]
0 !LDRAW_ORG Subpart UPDATE 2026-06
0 !LICENSE Licensed under CC BY 4.0 : see CAreadme.txt

0 BFC CERTIFY CCW

0 !HISTORY 2026-06-28 [OrionP] Official Update 2026-06

0 // Primitives
1 16 0 0 0 1.6 0 0 0 1 0 0 0 1.6 1-8chrd.dat
1 16 0 0 0 0 0 1.6 0 1 0 1.6 0 0 1-8chrd.dat
1 16 0 0 0 -.2 0 0 0 1 0 0 0 .2 1-4ring7.dat
1 16 0 0 0 -1.6 0 0 0 1 0 0 0 -1.6 1-8chrd.dat
1 16 0 0 0 0 0 -1.6 0 1 0 -1.6 0 0 1-8chrd.dat
1 16 0 0 0 1.6 0 0 0 1 0 0 0 -1.6 1-4chrd.dat
1 15 0 0 1.05 0 0 .35 0 1 0 .35 0 0 2-4chrd.dat
1 16 0 0 1.05 0 0 .35 0 1 0 .35 0 0 2-4ndis.dat
1 15 0 0 0 -.7 0 0 0 1 0 0 0 .7 1-4ring1.dat
1 16 0 0 0 -.7 0 0 0 1 0 0 0 .7 1-4chrd.dat
1 15 -1.05 0 0 .35 0 0 0 1 0 0 0 -.35 2-4chrd.dat
1 16 -1.05 0 0 .35 0 0 0 1 0 0 0 -.35 2-4ndis.dat
0 // Neutral faces
4 16 1.6 0 0 1.13136 0 1.13136 .35 0 1.05 .35 0 .7
3 16 .35 0 1.4 .35 0 1.05 1.13136 0 1.13136
3 16 .35 0 1.4 1.13136 0 1.13136 0 0 1.6
3 16 .35 0 1.4 0 0 1.6 0 0 1.4
3 16 -1.4 0 -.35 -1.4 0 0 -1.6 0 0
3 16 -1.4 0 -.35 -1.6 0 0 -1.13136 0 -1.13136
3 16 -1.4 0 -.35 -1.13136 0 -1.13136 -1.05 0 -.35
4 16 0 0 -1.6 -.7 0 -.35 -1.05 0 -.35 -1.13136 0 -1.13136
4 16 .35 0 .7 0 0 .7 -.7 0 0 -.7 0 -.35
4 16 .35 0 .7 -.7 0 -.35 0 0 -1.6 1.6 0 0