0 ~Sticker  0.8 x  3.0 with Castrol Edge Logo on Red Background Right - Fourth Face
0 Name: s\6177969qs04.dat
0 Author: Massimo Maso [Sirio]
0 !LDRAW_ORG Subpart UPDATE 2026-06
0 !LICENSE Licensed under CC BY 4.0 : see CAreadme.txt

0 BFC CERTIFY CCW

0 !HISTORY 2025-08-31 [OrionP] Official Update 2025-08
0 !HISTORY 2025-11-14 [Sirio] Modified for changes in 50950
0 !HISTORY 2026-06-28 [OrionP] Official Update 2026-06

0 // Faces
0 // Black faces
4 0 2.842 -.25 -.4438 2.842 -.25 .014 2.59 -.25 .014 2.59 -.25 -.1253
4 0 1.1134 -.25 .014 2.842 -.25 -.4438 2.59 -.25 -.1253 2.0641 -.25 .014
0 // Red faces
4 4 -1.281 -.25 -9.8118 -.742 -.25 -9.9543 -.742 -.25 -9.2683 -1.281 -.25 -9.1258
3 4 1.596 -.25 -9.9109 1.596 -.25 -10.3207 2.135 -.25 -10.0533
3 4 -1.421 -.25 -7.7314 -.7886 -.25 -7.6166 -.7945 -.25 -7.3723
3 4 -1.2985 -.25 -8.4979 2.135 -.25 -8.7933 -.742 -.25 -8.0328
4 4 -1.2985 -.25 -8.4979 -1.148 -.25 -8.8574 2.135 -.25 -9.725 2.135 -.25 -8.7933
4 4 -.7945 -.25 -7.3723 -1.316 -.25 -7.0206 -1.3902 -.25 -7.3433 -1.421 -.25 -7.7314
4 4 -.7711 -.25 -7.8252 -1.421 -.25 -7.7314 -1.3902 -.25 -8.1196 -1.2985 -.25 -8.4979
3 4 -.7711 -.25 -7.8252 -1.2985 -.25 -8.4979 -.742 -.25 -8.0328
3 4 -.7711 -.25 -7.8252 -.7886 -.25 -7.6166 -1.421 -.25 -7.7314
4 4 -.7242 -.25 -6.1309 -.8026 -.25 -6.0343 -1.378 -.25 -6.1242 -1.1582 -.25 -6.623
4 4 -.8026 -.25 -6.0343 -.8148 -.25 -5.909 -1.421 -.25 -5.7623 -1.378 -.25 -6.1242
4 4 -.8148 -.25 -5.909 -.7553 -.25 -5.798 -1.4032 -.25 -5.5807 -1.421 -.25 -5.7623
3 4 -.7242 -.25 -6.1309 -1.1582 -.25 -6.623 -.567 -.25 -6.2327
4 4 -1.4032 -.25 -5.5807 -.7553 -.25 -5.798 -.6444 -.25 -5.7385 -1.2642 -.25 -5.245
4 4 -.5779 -.25 -5.7357 -.8463 -.25 -4.902 -1.2642 -.25 -5.245 -.6444 -.25 -5.7385
4 4 -.5779 -.25 -5.7357 -.3924 -.25 -5.7602 -.2811 -.25 -4.8373 -.8463 -.25 -4.902
4 4 -.567 -.25 -6.2327 -1.1582 -.25 -6.623 -.7091 -.25 -7.0962 -.4064 -.25 -6.3286
3 4 -.3924 -.25 -5.7602 -.2079 -.25 -5.7921 -.2811 -.25 -4.8373
4 4 -.2419 -.25 -6.4175 -.4064 -.25 -6.3286 -.7091 -.25 -7.0962 -.1715 -.25 -7.4542
3 4 -.2079 -.25 -5.7921 -.0252 -.25 -5.8316 -.2811 -.25 -4.8373
3 4 -.0735 -.25 -6.4998 -.2419 -.25 -6.4175 -.1715 -.25 -7.4542
4 4 -.0252 -.25 -5.8316 .1561 -.25 -5.8785 .3556 -.25 -4.9451 -.2811 -.25 -4.8373
3 4 .0977 -.25 -6.5754 -.0735 -.25 -6.4998 -.1715 -.25 -7.4542
3 4 .1561 -.25 -5.8785 .3353 -.25 -5.9324 .3556 -.25 -4.9451
4 4 .272 -.25 -6.6436 .0977 -.25 -6.5754 -.1715 -.25 -7.4542 .4284 -.25 -7.6926
3 4 .3353 -.25 -5.9324 .5121 -.25 -5.994 .3556 -.25 -4.9451
3 4 .4487 -.25 -6.7052 .272 -.25 -6.6436 .4284 -.25 -7.6926
4 4 .5121 -.25 -5.994 .6864 -.25 -6.0623 .9555 -.25 -5.1834 .3556 -.25 -4.9451
3 4 .6279 -.25 -6.7591 .4487 -.25 -6.7052 .4284 -.25 -7.6926
3 4 .6864 -.25 -6.0623 .8575 -.25 -6.1379 .9555 -.25 -5.1834
4 4 .8092 -.25 -6.806 .6279 -.25 -6.7591 .4284 -.25 -7.6926 1.0651 -.25 -7.8004
3 4 .9919 -.25 -6.8456 .8092 -.25 -6.806 1.0651 -.25 -7.8004
3 4 1.0259 -.25 -6.2201 1.1904 -.25 -6.309 1.4931 -.25 -5.5415
4 4 .8575 -.25 -6.1379 1.0259 -.25 -6.2201 1.4931 -.25 -5.5415 .9555 -.25 -5.1834
3 4 1.1764 -.25 -6.8774 .9919 -.25 -6.8456 1.0651 -.25 -7.8004
3 4 1.1904 -.25 -6.309 1.351 -.25 -6.4049 1.4931 -.25 -5.5415
4 4 1.351 -.25 -6.4049 1.5082 -.25 -6.5068 1.9422 -.25 -6.0147 1.4931 -.25 -5.5415
4 4 1.3619 -.25 -6.9019 1.1764 -.25 -6.8774 1.0651 -.25 -7.8004 1.6303 -.25 -7.7353
4 4 2.0482 -.25 -7.3926 1.4284 -.25 -6.8991 1.3619 -.25 -6.9019 1.6303 -.25 -7.7353
4 4 1.4284 -.25 -6.8991 2.0482 -.25 -7.3926 2.1872 -.25 -7.057 1.5393 -.25 -6.8396
4 4 1.5988 -.25 -6.7287 1.5393 -.25 -6.8396 2.1872 -.25 -7.057 2.205 -.25 -6.8753
4 4 1.5082 -.25 -6.5068 1.5866 -.25 -6.6034 2.162 -.25 -6.5134 1.9422 -.25 -6.0147
4 4 2.205 -.25 -6.8753 2.162 -.25 -6.5134 1.5866 -.25 -6.6034 1.5988 -.25 -6.7287
4 4 -2.247 -.25 -2.9133 -2.065 -.25 -3.8933 1.33 -.25 -4.7907 1.3587 -.25 -3.8664
4 4 1.6191 -.25 -4.7998 1.3587 -.25 -3.8664 1.33 -.25 -4.7907 1.3689 -.25 -4.7998
4 4 1.8501 -.25 -4.7039 1.4763 -.25 -3.8566 1.3587 -.25 -3.8664 1.6191 -.25 -4.7998
4 4 1.8501 -.25 -4.7039 2.0269 -.25 -4.5272 1.5635 -.25 -3.7852 1.4763 -.25 -3.8566
4 4 2.135 -.25 -3.4103 1.596 -.25 -3.6777 1.5635 -.25 -3.7852 2.135 -.25 -4.1709
3 4 1.596 -.25 -3.2679 1.596 -.25 -3.6777 2.135 -.25 -3.4103
3 4 2.135 -.25 -4.1709 1.5635 -.25 -3.7852 2.0269 -.25 -4.5272
3 4 1.4763 -.25 -10.4996 2.135 -.25 -10.7241 1.5635 -.25 -10.4282
3 4 -1.281 -.25 -9.8118 -1.3544 -.25 -10.7241 -.742 -.25 -9.9543
4 4 -1.281 -.25 -9.8118 -2.247 -.25 -9.5563 -2.065 -.25 -10.5363 -1.3544 -.25 -10.7241
4 4 1.596 -.25 -10.3207 1.5635 -.25 -10.4282 2.135 -.25 -10.7241 2.135 -.25 -10.0533
4 4 -.742 -.25 -9.9543 -1.3544 -.25 -10.7241 2.135 -.25 -10.7241 1.358 -.25 -10.5094
3 4 2.135 -.25 -10.7241 1.4763 -.25 -10.4996 1.358 -.25 -10.5094
4 4 2.842 -.25 .014 2.842 -.25 -.4438 3.045 -.25 -2.5213 8 -.25 .014
3 4 3.045 -.25 -2.5213 2.842 -.25 -.4438 -3.045 -.25 -.9113
4 4 -8 -.25 .014 -8 -.25 -10.7241 -3.045 -.25 -10.7241 -3.045 -.25 -.9113
4 4 8 -.25 .014 3.045 -.25 -2.5213 3.045 -.25 -10.7241 8 -.25 -10.7241
4 4 2.842 -.25 -.4438 1.1134 -.25 .014 -8 -.25 .014 -3.045 -.25 -.9113
0 // White faces
4 15 -3.045 -.25 -10.7241 -1.421 -.25 -5.7623 -1.4032 -.25 -5.5807 -2.065 -.25 -3.8933
3 15 -1.4032 -.25 -5.5807 -1.2642 -.25 -5.245 -2.065 -.25 -3.8933
3 15 -1.2642 -.25 -5.245 -.8463 -.25 -4.902 -2.065 -.25 -3.8933
3 15 -2.247 -.25 -9.5563 -1.2985 -.25 -8.4979 -1.3902 -.25 -8.1196
3 15 -2.247 -.25 -9.5563 -1.281 -.25 -9.8118 -1.281 -.25 -9.1258
4 15 -2.065 -.25 -3.8933 -2.247 -.25 -2.9133 -3.045 -.25 -.9113 -3.045 -.25 -10.7241
3 15 -2.065 -.25 -3.8933 -.8463 -.25 -4.902 -.2811 -.25 -4.8373
4 15 .3556 -.25 -4.9451 1.33 -.25 -4.7907 -2.065 -.25 -3.8933 -.2811 -.25 -4.8373
4 15 -1.3902 -.25 -7.3433 -1.421 -.25 -5.7623 -3.045 -.25 -10.7241 -1.421 -.25 -7.7314
4 15 -3.045 -.25 -10.7241 -2.247 -.25 -9.5563 -1.3902 -.25 -8.1196 -1.421 -.25 -7.7314
4 15 -1.316 -.25 -7.0206 -1.378 -.25 -6.1242 -1.421 -.25 -5.7623 -1.3902 -.25 -7.3433
3 15 -1.316 -.25 -7.0206 -1.1582 -.25 -6.623 -1.378 -.25 -6.1242
3 15 -1.148 -.25 -8.8574 -1.281 -.25 -9.1258 -.742 -.25 -9.2683
4 15 -1.148 -.25 -8.8574 -1.2985 -.25 -8.4979 -2.247 -.25 -9.5563 -1.281 -.25 -9.1258
4 15 -1.1582 -.25 -6.623 -1.316 -.25 -7.0206 -.7945 -.25 -7.3723 -.7091 -.25 -7.0962
4 15 -.7886 -.25 -7.6166 -.1715 -.25 -7.4542 -.7091 -.25 -7.0962 -.7945 -.25 -7.3723
3 15 -.7711 -.25 -7.8252 -.1715 -.25 -7.4542 -.7886 -.25 -7.6166
4 15 -.742 -.25 -8.0328 .4284 -.25 -7.6926 -.1715 -.25 -7.4542 -.7711 -.25 -7.8252
4 15 -.567 -.25 -6.2327 -.3924 -.25 -5.7602 -.8026 -.25 -6.0343 -.7242 -.25 -6.1309
4 15 -.8026 -.25 -6.0343 -.3924 -.25 -5.7602 -.7553 -.25 -5.798 -.8148 -.25 -5.909
4 15 -.7553 -.25 -5.798 -.3924 -.25 -5.7602 -.5779 -.25 -5.7357 -.6444 -.25 -5.7385
4 15 -.4064 -.25 -6.3286 -.2079 -.25 -5.7921 -.3924 -.25 -5.7602 -.567 -.25 -6.2327
4 15 -.2419 -.25 -6.4175 -.0735 -.25 -6.4998 .1561 -.25 -5.8785 -.0252 -.25 -5.8316
4 15 -.2419 -.25 -6.4175 -.0252 -.25 -5.8316 -.2079 -.25 -5.7921 -.4064 -.25 -6.3286
4 15 .1561 -.25 -5.8785 -.0735 -.25 -6.4998 .0977 -.25 -6.5754 .3353 -.25 -5.9324
4 15 .3353 -.25 -5.9324 .0977 -.25 -6.5754 .272 -.25 -6.6436 .5121 -.25 -5.994
4 15 .5121 -.25 -5.994 .272 -.25 -6.6436 .4487 -.25 -6.7052 .6864 -.25 -6.0623
4 15 .6864 -.25 -6.0623 .4487 -.25 -6.7052 .6279 -.25 -6.7591 .8575 -.25 -6.1379
4 15 .8575 -.25 -6.1379 .6279 -.25 -6.7591 .8092 -.25 -6.806 1.0259 -.25 -6.2201
4 15 1.0259 -.25 -6.2201 .8092 -.25 -6.806 .9919 -.25 -6.8456 1.1904 -.25 -6.309
4 15 1.1904 -.25 -6.309 .9919 -.25 -6.8456 1.1764 -.25 -6.8774 1.351 -.25 -6.4049
3 15 2.135 -.25 -8.7933 3.045 -.25 -10.7241 1.6303 -.25 -7.7353
3 15 1.33 -.25 -4.7907 .3556 -.25 -4.9451 1.3689 -.25 -4.7998
4 15 1.3689 -.25 -4.7998 .3556 -.25 -4.9451 .9555 -.25 -5.1834 1.6191 -.25 -4.7998
4 15 1.5082 -.25 -6.5068 1.351 -.25 -6.4049 1.1764 -.25 -6.8774 1.3619 -.25 -6.9019
4 15 1.5988 -.25 -6.7287 1.3619 -.25 -6.9019 1.4284 -.25 -6.8991 1.5393 -.25 -6.8396
4 15 1.5988 -.25 -6.7287 1.5866 -.25 -6.6034 1.5082 -.25 -6.5068 1.3619 -.25 -6.9019
4 15 -2.247 -.25 -2.9133 1.3587 -.25 -3.8664 1.4763 -.25 -3.8566 -3.045 -.25 -.9113
4 15 1.596 -.25 -10.3207 -.742 -.25 -9.2683 1.4763 -.25 -10.4996 1.5635 -.25 -10.4282
4 15 -.742 -.25 -9.9543 1.358 -.25 -10.5094 1.4763 -.25 -10.4996 -.742 -.25 -9.2683
3 15 1.5635 -.25 -3.7852 -3.045 -.25 -.9113 1.4763 -.25 -3.8566
4 15 -1.148 -.25 -8.8574 -.742 -.25 -9.2683 1.596 -.25 -10.3207 1.596 -.25 -9.9109
4 15 1.5635 -.25 -3.7852 1.596 -.25 -3.6777 1.596 -.25 -3.2679 -3.045 -.25 -.9113
3 15 1.6303 -.25 -7.7353 3.045 -.25 -10.7241 2.0482 -.25 -7.3926
3 15 2.0482 -.25 -7.3926 3.045 -.25 -10.7241 2.1872 -.25 -7.057
4 15 -1.148 -.25 -8.8574 1.596 -.25 -9.9109 2.135 -.25 -10.0533 2.135 -.25 -9.725
3 15 2.135 -.25 -9.725 2.135 -.25 -10.0533 3.045 -.25 -10.7241
4 15 2.135 -.25 -8.7933 1.0651 -.25 -7.8004 .4284 -.25 -7.6926 -.742 -.25 -8.0328
3 15 2.135 -.25 -8.7933 1.6303 -.25 -7.7353 1.0651 -.25 -7.8004
3 15 2.135 -.25 -8.7933 2.135 -.25 -9.725 3.045 -.25 -10.7241
4 15 3.045 -.25 -2.5213 2.205 -.25 -6.8753 2.1872 -.25 -7.057 3.045 -.25 -10.7241
4 15 2.0269 -.25 -4.5272 1.9422 -.25 -6.0147 2.162 -.25 -6.5134 2.135 -.25 -4.1709
4 15 .9555 -.25 -5.1834 1.4931 -.25 -5.5415 1.8501 -.25 -4.7039 1.6191 -.25 -4.7998
4 15 1.4931 -.25 -5.5415 1.9422 -.25 -6.0147 2.0269 -.25 -4.5272 1.8501 -.25 -4.7039
4 15 2.135 -.25 -4.1709 2.162 -.25 -6.5134 2.205 -.25 -6.8753 2.135 -.25 -3.4103
3 15 2.205 -.25 -6.8753 3.045 -.25 -2.5213 2.135 -.25 -3.4103
4 15 3.045 -.25 -2.5213 -3.045 -.25 -.9113 1.596 -.25 -3.2679 2.135 -.25 -3.4103
3 15 -2.065 -.25 -10.5363 -3.045 -.25 -10.7241 -1.3544 -.25 -10.7241
3 15 2.135 -.25 -10.0533 2.135 -.25 -10.7241 3.045 -.25 -10.7241
3 15 -3.045 -.25 -10.7241 -2.065 -.25 -10.5363 -2.247 -.25 -9.5563
0 // Yellow face
3 14 2.0641 -.25 .014 2.59 -.25 -.1253 2.59 -.25 .014