0 ~Sticker  0.9 x  1.8 with Grey Indicators on White Background - 1/8 Inner Indicator
0 Name: s\6177970gs04.dat
0 Author: Massimo Maso [Sirio]
0 !LDRAW_ORG Subpart UPDATE 2026-06
0 !LICENSE Licensed under CC BY 4.0 : see CAreadme.txt

0 BFC CERTIFY CCW

0 !HISTORY 2026-06-28 [OrionP] Official Update 2026-06

0 // Primitives
1 0 0 0 0 3.85 0 0 0 1 0 0 0 3.85 1-8ering.dat
1 15 0 0 0 .85 0 0 0 1 0 0 0 .85 1-8tndis.dat
1 4 0 0 0 .85 0 0 0 1 0 0 0 .85 1-8disc.dat
1 15 2.95 0 0 -.25 0 0 0 1 0 0 0 .25 1-4ndis.dat
1 0 2.95 0 0 -.25 0 0 0 1 0 0 0 .25 1-4chrd.dat
1 0 2.0859 0 2.0859 0 0 -.25 0 1 0 -.25 0 0 1-8chrd.dat
1 15 2.0859 0 2.0859 0 0 -.25 0 1 0 -.25 0 0 1-8tndis.dat
1 0 2.0859 0 2.0859 0 0 .25 0 1 0 -.25 0 0 1-8chrd.dat
1 15 2.0859 0 2.0859 0 0 .25 0 1 0 -.25 0 0 1-8tndis.dat
1 15 2.744 0 1.1366 -.16 0 0 0 1 0 0 0 .16 3-16tndis.dat
1 0 2.744 0 1.1366 -.16 0 0 0 1 0 0 0 .16 3-16chrd.dat
1 0 2.744 0 1.1366 -.16 0 0 0 1 0 0 0 -.16 1-4chrd.dat
1 15 2.744 0 1.1366 -.16 0 0 0 1 0 0 0 -.16 1-4ndis.dat
1 0 2.744 0 1.1366 0 0 .16 0 1 0 -.16 0 0 1-16chrd.dat
1 15 2.744 0 1.1366 0 0 .16 0 1 0 -.16 0 0 1-16tndis.dat
0 // Black faces
4 0 2.7223 0 2.7223 1.9091 0 1.9091 2.0859 0 1.8359 2.2627 0 1.9091
3 0 2.7223 0 2.7223 2.2627 0 1.9091 2.4634 0 2.1098
3 0 2.7223 0 2.7223 2.4634 0 2.1098 2.5786 0 1.9786
4 0 2.7223 0 2.7223 2.5786 0 1.9786 2.8145 0 1.625 3.557 0 1.4734
3 0 3.557 0 1.4734 2.8145 0 1.625 2.9317 0 1.3875
4 0 3.557 0 1.4734 2.9317 0 1.3875 2.6828 0 1.2844 2.584 0 1.1366
4 0 3.557 0 1.4734 2.584 0 1.1366 2.744 0 .9766 2.8052 0 .9888
3 0 3.557 0 1.4734 2.8052 0 .9888 3.0542 0 1.0919
3 0 3.557 0 1.4734 3.0542 0 1.0919 3.1392 0 .8411
4 0 3.85 0 0 3.557 0 1.4734 3.1392 0 .8411 3.2221 0 .4241
3 0 3.85 0 0 3.2221 0 .4241 3.2335 0 .25
4 0 3.85 0 0 3.2335 0 .25 2.95 0 .25 2.7 0 0
0 // White faces
4 15 2.8145 0 1.625 2.5786 0 1.9786 2.4634 0 2.1098 2.2627 0 1.9091
4 15 2.8145 0 1.625 2.2627 0 1.9091 2.2627 0 1.8359 2.584 0 1.2844
4 15 2.8145 0 1.625 2.584 0 1.2844 2.6828 0 1.2844 2.9317 0 1.3875
4 15 3.1392 0 .8411 3.0542 0 1.0919 2.8052 0 .9888 2.8052 0 .9766
4 15 3.1392 0 .8411 2.8052 0 .9766 2.7 0 .25 2.95 0 .25
4 15 3.1392 0 .8411 2.95 0 .25 3.2335 0 .25 3.2221 0 .4241
4 15 .85 0 .601 1.9091 0 1.8359 1.9091 0 1.9091 .601 0 .601
3 15 .85 0 .601 2.0859 0 1.8359 1.9091 0 1.8359
4 15 .85 0 .601 2.584 0 1.2844 2.2627 0 1.8359 2.0859 0 1.8359
3 15 .85 0 .601 2.584 0 1.1366 2.584 0 1.2844
3 15 .85 0 .601 2.584 0 .9766 2.584 0 1.1366
3 15 .85 0 .601 2.744 0 .9766 2.584 0 .9766
4 15 .85 0 .601 2.7 0 .25 2.8052 0 .9766 2.744 0 .9766
4 15 .85 0 .601 .85 0 0 2.7 0 0 2.7 0 .25