0 ~Sticker  0.8 x  3.0 with Castrol Edge Logo on Red Background Right - Fifth Face
0 Name: s\6177969qs05.dat
0 Author: Massimo Maso [Sirio]
0 !LDRAW_ORG Subpart UPDATE 2026-06
0 !LICENSE Licensed under CC BY 4.0 : see CAreadme.txt

0 BFC CERTIFY CCW

0 !HISTORY 2025-08-31 [OrionP] Official Update 2025-08
0 !HISTORY 2025-11-14 [Sirio] Modified for changes in 50950
0 !HISTORY 2026-06-28 [OrionP] Official Update 2026-06

0 // Faces
0 // Green faces
4 2 -1.26 -.25 .7883 -1.5341 -.25 .6052 -1.7819 -.25 .3879 -.8645 -.25 -.0153
4 2 -.8645 -.25 .9682 -.9643 -.25 .9342 -1.26 -.25 .7883 -.8645 -.25 -.0153
4 2 1.7819 -.25 .3879 1.5341 -.25 .6052 1.26 -.25 .7883 .7805 -.25 -.0153
4 2 1.26 -.25 .7883 .9643 -.25 .9342 .7805 -.25 .9965 .7805 -.25 -.0153
4 2 -1.7819 -.25 .3879 -1.9992 -.25 .1401 -2.103 -.25 -.0153 -.8645 -.25 -.0153
4 2 1.7819 -.25 .3879 .7805 -.25 -.0153 2.103 -.25 -.0153 1.9992 -.25 .1401
0 // Red faces
4 4 -1.6478 -.25 3.639 -1.6615 -.25 3.7766 -2.3216 -.25 4.0254 -2.2019 -.25 3.3415
3 4 -1.8568 -.25 2.7392 -1.4357 -.25 3.4031 -1.5694 -.25 3.5319
4 4 -1.77 -.25 4.8504 -2.0598 -.25 4.6572 -1.5964 -.25 3.8984 -1.4746 -.25 3.9635
4 4 -2.3216 -.25 4.0254 -1.6615 -.25 3.7766 -1.5964 -.25 3.8984 -2.2537 -.25 4.3674
3 4 -1.5964 -.25 3.8984 -2.0598 -.25 4.6572 -2.2537 -.25 4.3674
4 4 -1.0549 -.25 2.1249 -.7945 -.25 3.0374 -1.2128 -.25 3.2362 -1.4466 -.25 2.3654
4 4 -1.5694 -.25 3.5319 -1.6478 -.25 3.639 -2.2019 -.25 3.3415 -1.8568 -.25 2.7392
4 4 -1.428 -.25 4.9183 -1.77 -.25 4.8504 -1.4746 -.25 3.9635 -1.3724 -.25 3.9624
4 4 -.623 -.25 4.6992 -1.1487 -.25 4.8731 -1.2807 -.25 3.947 -1.0987 -.25 3.9113
4 4 -1.2807 -.25 3.947 -1.1487 -.25 4.8731 -1.428 -.25 4.9183 -1.3724 -.25 3.9624
4 4 -1.4357 -.25 3.4031 -1.8568 -.25 2.7392 -1.4466 -.25 2.3654 -1.2128 -.25 3.2362
3 4 -1.0987 -.25 3.9113 -.8285 -.25 3.8431 -.623 -.25 4.6992
4 4 -1.0549 -.25 2.1249 -.531 -.25 1.8792 .0805 -.25 2.7479 -.7945 -.25 3.0374
3 4 -.8285 -.25 3.8431 -.441 -.25 3.7192 -.623 -.25 4.6992
4 4 -.531 -.25 1.8792 .0196 -.25 1.7007 .5292 -.25 2.6303 .0805 -.25 2.7479
3 4 .588 -.25 1.5926 .5292 -.25 2.6303 .0196 -.25 1.7007
4 4 1.085 -.25 3.2831 1.2551 -.25 3.2092 1.6261 -.25 3.9673 1.2656 -.25 4.1434
4 4 1.1655 -.25 1.5562 1.0822 -.25 2.5642 .5292 -.25 2.6303 .588 -.25 1.5926
3 4 1.1655 -.25 1.5562 1.2677 -.25 2.561 1.0822 -.25 2.5642
4 4 1.2656 -.25 4.1434 .413 -.25 4.4251 .595 -.25 3.4451 1.085 -.25 3.2831
4 4 1.6261 -.25 3.9673 1.2551 -.25 3.2092 1.4788 -.25 3.0444 2.0377 -.25 3.5557
4 4 1.2677 -.25 2.561 1.1655 -.25 1.5562 1.5677 -.25 1.6073 1.4336 -.25 2.5698
4 4 2.0426 -.25 1.938 1.5505 -.25 2.6366 1.4336 -.25 2.5698 1.5677 -.25 1.6073
4 4 2.2603 -.25 2.4357 1.6128 -.25 2.7563 1.5505 -.25 2.6366 2.0426 -.25 1.938
4 4 2.2603 -.25 3.0178 1.5999 -.25 2.8904 1.6128 -.25 2.7563 2.2603 -.25 2.4357
4 4 2.0377 -.25 3.5557 1.4788 -.25 3.0444 1.5999 -.25 2.8904 2.2603 -.25 3.0178
4 4 -1.2765 -.25 7.0802 -1.421 -.25 6.6039 -.812 -.25 6.2612 -.7648 -.25 6.4166
4 4 -1.246 -.25 5.375 -.77 -.25 5.6074 -.8015 -.25 5.9336 -1.3703 -.25 5.9371
4 4 -.8918 -.25 7.3963 -1.2765 -.25 7.0802 -.7648 -.25 6.4166 -.6391 -.25 6.5199
3 4 -1.246 -.25 5.375 -.707 -.25 5.2326 -.77 -.25 5.6074
4 4 -.8015 -.25 5.9336 -.812 -.25 6.2612 -1.421 -.25 6.6039 -1.3703 -.25 5.9371
4 4 -.4529 -.25 7.4544 -.8918 -.25 7.3963 -.6391 -.25 6.5199 -.4606 -.25 6.5318
3 4 -.4529 -.25 7.4544 -.4606 -.25 6.5318 -.105 -.25 6.438
4 4 .469 -.25 6.2861 -.4529 -.25 7.4544 -.105 -.25 6.438 .5863 -.25 5.8997
3 4 -.4529 -.25 7.4544 .469 -.25 6.2861 2.065 -.25 6.796
3 4 -.0627 -.25 6.0715 .5863 -.25 5.8997 -.105 -.25 6.438
4 4 .0277 -.25 5.7138 .819 -.25 5.5605 .5863 -.25 5.8997 -.0627 -.25 6.0715
3 4 .1638 -.25 5.3715 .819 -.25 5.5605 .0277 -.25 5.7138
4 4 .469 -.25 6.2861 1.596 -.25 5.9882 2.1186 -.25 6.4978 2.065 -.25 6.796
4 4 .819 -.25 5.5605 .1638 -.25 5.3715 .3441 -.25 5.0495 .5919 -.25 4.7279
3 4 .9853 -.25 5.4618 .819 -.25 5.5605 .5919 -.25 4.7279
4 4 .9853 -.25 5.4618 .5919 -.25 4.7279 1.0756 -.25 4.4692 1.1883 -.25 5.4079
3 4 1.1883 -.25 5.4079 1.0756 -.25 4.4692 1.4445 -.25 4.4692
4 4 1.4133 -.25 5.4233 1.1883 -.25 5.4079 1.4445 -.25 4.4692 1.785 -.25 4.6103
4 4 1.4133 -.25 5.4233 1.785 -.25 4.6103 2.0458 -.25 4.871 1.5715 -.25 5.5532
3 4 1.596 -.25 5.9882 2.1665 -.25 6.1321 2.1186 -.25 6.4978
4 4 1.596 -.25 5.9882 1.631 -.25 5.7492 2.1956 -.25 5.7646 2.1665 -.25 6.1321
4 4 2.0458 -.25 4.871 2.1868 -.25 5.2116 1.631 -.25 5.7492 1.5715 -.25 5.5532
3 4 2.1868 -.25 5.2116 2.1956 -.25 5.7646 1.631 -.25 5.7492
4 4 -1.3223 -.25 8.5124 -.6787 -.25 8.8239 -1.421 -.25 9.008 -1.3962 -.25 8.7553
4 4 -.6787 -.25 8.8239 -.7774 -.25 8.9713 -1.4105 -.25 9.2618 -1.421 -.25 9.008
4 4 -1.3787 -.25 9.5134 -1.4105 -.25 9.2618 -.7774 -.25 8.9713 -.8106 -.25 9.2348
4 4 -1.3258 -.25 9.7619 -1.3787 -.25 9.5134 -.8106 -.25 9.2348 -.79 -.25 9.5015
4 4 -1.281 -.25 9.918 -1.3258 -.25 9.7619 -.79 -.25 9.5015 -.742 -.25 9.7756
4 4 -1.0416 -.25 8.0924 -.6787 -.25 8.8239 -1.3223 -.25 8.5124 -1.2026 -.25 8.2884
4 4 -.8456 -.25 7.9314 -.531 -.25 8.7252 -.6787 -.25 8.8239 -1.0416 -.25 8.0924
4 4 -.8456 -.25 7.9314 -.6216 -.25 7.8117 -.3787 -.25 7.7379 -.531 -.25 8.7252
4 4 -.3787 -.25 7.7379 -.126 -.25 7.713 -.2681 -.25 8.6993 -.531 -.25 8.7252
4 4 -.1043 -.25 8.7672 -.2681 -.25 8.6993 -.126 -.25 7.713 .0627 -.25 7.7505
4 4 .0627 -.25 7.7505 .2226 -.25 7.8569 .441 -.25 9.2975 -.1043 -.25 8.7672
4 4 .6563 -.25 9.4406 .441 -.25 9.2975 .2226 -.25 7.8569 .8883 -.25 8.5068
4 4 .6563 -.25 9.4406 .8883 -.25 8.5068 1.141 -.25 8.5835 .91 -.25 9.491
4 4 1.3937 -.25 8.5068 1.1627 -.25 9.4662 .91 -.25 9.491 1.141 -.25 8.5835
4 4 1.1627 -.25 9.4662 1.3937 -.25 8.5068 1.6296 -.25 9.2726 1.4056 -.25 9.3923
4 4 1.5575 -.25 7.5058 1.526 -.25 7.2885 2.065 -.25 7.146 2.1329 -.25 7.439
4 4 2.1329 -.25 7.439 2.1728 -.25 7.6896 1.5834 -.25 7.7722 1.5575 -.25 7.5058
4 4 1.6296 -.25 9.2726 1.3937 -.25 8.5068 1.5614 -.25 8.3028 1.8256 -.25 9.1116
4 4 2.1063 -.25 8.6916 1.9866 -.25 8.9156 1.8256 -.25 9.1116 1.5614 -.25 8.3028
4 4 2.1063 -.25 8.6916 1.5614 -.25 8.3028 1.5953 -.25 8.0392 2.1802 -.25 8.4487
4 4 1.5953 -.25 8.0392 1.5834 -.25 7.7722 2.1728 -.25 7.6896 2.197 -.25 7.9423
4 4 2.1802 -.25 8.4487 1.5953 -.25 8.0392 2.197 -.25 7.9423 2.205 -.25 8.196
4 4 -.742 -.25 10.3314 -1.281 -.25 10.4738 -1.281 -.25 10.163 -.742 -.25 10.0206
4 4 .406 -.25 -.0153 .406 -.25 1.0889 .329 -.25 1.1043 0 -.25 1.126
3 4 -.742 -.25 10.3314 1.33 -.25 9.7836 2.135 -.25 10.4932
4 4 0 -.25 1.126 -.329 -.25 1.1043 -.49 -.25 1.0725 -.49 -.25 -.0153
3 4 -.49 -.25 -.0153 .406 -.25 -.0153 0 -.25 1.126
3 4 -1.281 -.25 10.4738 2.135 -.25 10.4932 -1.3544 -.25 10.4932
3 4 -1.281 -.25 10.4738 -.742 -.25 10.3314 2.135 -.25 10.4932
4 4 1.33 -.25 9.7836 1.6191 -.25 9.7745 1.8501 -.25 9.8704 2.135 -.25 10.4932
3 4 1.33 -.25 9.7836 1.3689 -.25 9.7745 1.6191 -.25 9.7745
4 4 1.8501 -.25 9.8704 2.0269 -.25 10.0472 2.135 -.25 10.4035 2.135 -.25 10.4932
4 4 -8 -.25 10.4932 -8 -.25 -.0153 -3.045 -.25 -.0153 -3.045 -.25 10.4932
4 4 8 -.25 10.4932 3.045 -.25 10.4932 3.045 -.25 -.0153 8 -.25 -.0153
0 // White faces
3 15 -3.045 -.25 -.0153 -2.2019 -.25 3.3415 -2.3216 -.25 4.0254
3 15 -2.3216 -.25 4.0254 -3.045 -.25 10.4932 -3.045 -.25 -.0153
4 15 -2.103 -.25 -.0153 -1.9992 -.25 .1401 -2.2019 -.25 3.3415 -3.045 -.25 -.0153
4 15 -1.4466 -.25 2.3654 -1.8568 -.25 2.7392 -1.7819 -.25 .3879 -1.5341 -.25 .6052
4 15 -1.9992 -.25 .1401 -1.7819 -.25 .3879 -1.8568 -.25 2.7392 -2.2019 -.25 3.3415
3 15 -3.045 -.25 10.4932 -2.3216 -.25 4.0254 -2.2537 -.25 4.3674
4 15 -2.2537 -.25 4.3674 -1.421 -.25 9.008 -1.4105 -.25 9.2618 -3.045 -.25 10.4932
3 15 -1.4105 -.25 9.2618 -1.3787 -.25 9.5134 -3.045 -.25 10.4932
3 15 -1.3787 -.25 9.5134 -1.3258 -.25 9.7619 -3.045 -.25 10.4932
4 15 -1.2026 -.25 8.2884 -1.3223 -.25 8.5124 -1.421 -.25 6.6039 -1.2765 -.25 7.0802
4 15 -1.3223 -.25 8.5124 -1.3962 -.25 8.7553 -2.0598 -.25 4.6572 -1.421 -.25 6.6039
4 15 -1.281 -.25 10.163 -3.045 -.25 10.4932 -1.3258 -.25 9.7619 -1.281 -.25 9.918
4 15 -2.2537 -.25 4.3674 -2.0598 -.25 4.6572 -1.3962 -.25 8.7553 -1.421 -.25 9.008
4 15 -1.77 -.25 4.8504 -1.3703 -.25 5.9371 -1.421 -.25 6.6039 -2.0598 -.25 4.6572
3 15 -1.428 -.25 4.9183 -1.1487 -.25 4.8731 -1.246 -.25 5.375
4 15 -1.6615 -.25 3.7766 -1.6478 -.25 3.639 -1.5694 -.25 3.5319 -1.4357 -.25 3.4031
4 15 -1.6615 -.25 3.7766 -1.4357 -.25 3.4031 -1.4746 -.25 3.9635 -1.5964 -.25 3.8984
4 15 -1.4746 -.25 3.9635 -1.4357 -.25 3.4031 -1.2807 -.25 3.947 -1.3724 -.25 3.9624
4 15 -1.3703 -.25 5.9371 -1.77 -.25 4.8504 -1.428 -.25 4.9183 -1.246 -.25 5.375
4 15 -1.0987 -.25 3.9113 -1.2807 -.25 3.947 -1.4357 -.25 3.4031 -1.2128 -.25 3.2362
4 15 -1.2765 -.25 7.0802 -.8918 -.25 7.3963 -1.0416 -.25 8.0924 -1.2026 -.25 8.2884
4 15 -1.1487 -.25 4.8731 -.623 -.25 4.6992 -.707 -.25 5.2326 -1.246 -.25 5.375
3 15 -.8918 -.25 7.3963 -.8456 -.25 7.9314 -1.0416 -.25 8.0924
4 15 -.8285 -.25 3.8431 -1.0987 -.25 3.9113 -1.2128 -.25 3.2362 -.7945 -.25 3.0374
3 15 -.8918 -.25 7.3963 -.6216 -.25 7.8117 -.8456 -.25 7.9314
4 15 -.7774 -.25 8.9713 .441 -.25 9.2975 -.79 -.25 9.5015 -.8106 -.25 9.2348
4 15 -.812 -.25 6.2612 -.8015 -.25 5.9336 -.77 -.25 5.6074 -.0627 -.25 6.0715
4 15 .6563 -.25 9.4406 -.742 -.25 9.7756 -.79 -.25 9.5015 .441 -.25 9.2975
4 15 .0277 -.25 5.7138 -.0627 -.25 6.0715 -.77 -.25 5.6074 -.707 -.25 5.2326
4 15 -.742 -.25 10.0206 -1.281 -.25 10.163 -1.281 -.25 9.918 -.742 -.25 9.7756
4 15 -.742 -.25 10.0206 -.742 -.25 9.7756 .6563 -.25 9.4406 .91 -.25 9.491
4 15 -.742 -.25 10.0206 .91 -.25 9.491 1.33 -.25 9.7836 -.742 -.25 10.3314
4 15 -.8918 -.25 7.3963 -.4529 -.25 7.4544 -.3787 -.25 7.7379 -.6216 -.25 7.8117
3 15 -.707 -.25 5.2326 .1638 -.25 5.3715 .0277 -.25 5.7138
4 15 -.812 -.25 6.2612 -.0627 -.25 6.0715 -.6391 -.25 6.5199 -.7648 -.25 6.4166
4 15 -.6787 -.25 8.8239 -.531 -.25 8.7252 .441 -.25 9.2975 -.7774 -.25 8.9713
4 15 -.623 -.25 4.6992 .3441 -.25 5.0495 .1638 -.25 5.3715 -.707 -.25 5.2326
3 15 -.4529 -.25 7.4544 -.126 -.25 7.713 -.3787 -.25 7.7379
4 15 -1.5341 -.25 .6052 -1.26 -.25 .7883 -1.0549 -.25 2.1249 -1.4466 -.25 2.3654
3 15 -.9643 -.25 .9342 -.8645 -.25 .9682 -.531 -.25 1.8792
4 15 -1.26 -.25 .7883 -.9643 -.25 .9342 -.531 -.25 1.8792 -1.0549 -.25 2.1249
3 15 -.49 -.25 1.0725 -.329 -.25 1.1043 .0196 -.25 1.7007
4 15 -.8645 -.25 .9682 -.49 -.25 1.0725 .0196 -.25 1.7007 -.531 -.25 1.8792
4 15 -.6391 -.25 6.5199 -.0627 -.25 6.0715 -.105 -.25 6.438 -.4606 -.25 6.5318
4 15 -.8285 -.25 3.8431 -.7945 -.25 3.0374 .0805 -.25 2.7479 -.441 -.25 3.7192
4 15 .5292 -.25 2.6303 .595 -.25 3.4451 -.441 -.25 3.7192 .0805 -.25 2.7479
4 15 -.1043 -.25 8.7672 .441 -.25 9.2975 -.531 -.25 8.7252 -.2681 -.25 8.6993
4 15 -.4529 -.25 7.4544 1.526 -.25 7.2885 .0627 -.25 7.7505 -.126 -.25 7.713
3 15 -.329 -.25 1.1043 0 -.25 1.126 .0196 -.25 1.7007
3 15 .0196 -.25 1.7007 0 -.25 1.126 .329 -.25 1.1043
3 15 .0196 -.25 1.7007 .329 -.25 1.1043 .406 -.25 1.0889
4 15 1.5575 -.25 7.5058 .2226 -.25 7.8569 .0627 -.25 7.7505 1.526 -.25 7.2885
4 15 .406 -.25 1.0889 .7805 -.25 .9965 .588 -.25 1.5926 .0196 -.25 1.7007
4 15 .413 -.25 4.4251 -.623 -.25 4.6992 -.441 -.25 3.7192 .595 -.25 3.4451
4 15 .413 -.25 4.4251 .5919 -.25 4.7279 .3441 -.25 5.0495 -.623 -.25 4.6992
4 15 .413 -.25 4.4251 1.2656 -.25 4.1434 1.0756 -.25 4.4692 .5919 -.25 4.7279
3 15 .588 -.25 1.5926 .7805 -.25 .9965 .9643 -.25 .9342
4 15 .9853 -.25 5.4618 .469 -.25 6.2861 .5863 -.25 5.8997 .819 -.25 5.5605
4 15 .595 -.25 3.4451 .5292 -.25 2.6303 1.0822 -.25 2.5642 1.085 -.25 3.2831
4 15 .9643 -.25 .9342 1.26 -.25 .7883 1.1655 -.25 1.5562 .588 -.25 1.5926
4 15 1.3937 -.25 8.5068 1.141 -.25 8.5835 .8883 -.25 8.5068 .2226 -.25 7.8569
4 15 1.4788 -.25 3.0444 1.2551 -.25 3.2092 1.085 -.25 3.2831 1.0822 -.25 2.5642
4 15 .9853 -.25 5.4618 1.1883 -.25 5.4079 1.4133 -.25 5.4233 .469 -.25 6.2861
4 15 1.3689 -.25 9.7745 1.33 -.25 9.7836 .91 -.25 9.491 1.1627 -.25 9.4662
4 15 1.5953 -.25 8.0392 1.5614 -.25 8.3028 1.3937 -.25 8.5068 .2226 -.25 7.8569
4 15 1.631 -.25 5.7492 .469 -.25 6.2861 1.4133 -.25 5.4233 1.5715 -.25 5.5532
4 15 1.2677 -.25 2.561 1.4336 -.25 2.5698 1.5505 -.25 2.6366 1.0822 -.25 2.5642
4 15 1.6191 -.25 9.7745 1.3689 -.25 9.7745 1.1627 -.25 9.4662 1.4056 -.25 9.3923
4 15 1.5953 -.25 8.0392 .2226 -.25 7.8569 1.5575 -.25 7.5058 1.5834 -.25 7.7722
3 15 1.6128 -.25 2.7563 1.0822 -.25 2.5642 1.5505 -.25 2.6366
4 15 1.4788 -.25 3.0444 1.0822 -.25 2.5642 1.6128 -.25 2.7563 1.5999 -.25 2.8904
3 15 1.6191 -.25 9.7745 1.4056 -.25 9.3923 1.6296 -.25 9.2726
3 15 1.596 -.25 5.9882 .469 -.25 6.2861 1.631 -.25 5.7492
4 15 1.4445 -.25 4.4692 1.0756 -.25 4.4692 1.2656 -.25 4.1434 1.6261 -.25 3.9673
4 15 1.8501 -.25 9.8704 1.6191 -.25 9.7745 1.6296 -.25 9.2726 1.8256 -.25 9.1116
4 15 2.103 -.25 -.0153 3.045 -.25 -.0153 2.2603 -.25 2.4357 1.9992 -.25 .1401
4 15 1.7819 -.25 .3879 2.0426 -.25 1.938 1.5677 -.25 1.6073 1.5341 -.25 .6052
4 15 2.0269 -.25 10.0472 1.8501 -.25 9.8704 1.8256 -.25 9.1116 1.9866 -.25 8.9156
4 15 2.135 -.25 10.4035 2.0269 -.25 10.0472 1.9866 -.25 8.9156 2.1063 -.25 8.6916
4 15 2.0377 -.25 3.5557 1.785 -.25 4.6103 1.4445 -.25 4.4692 1.6261 -.25 3.9673
4 15 2.065 -.25 6.796 2.065 -.25 7.146 1.526 -.25 7.2885 -.4529 -.25 7.4544
4 15 2.1063 -.25 8.6916 2.1802 -.25 8.4487 3.045 -.25 10.4932 2.135 -.25 10.4035
3 15 2.1329 -.25 7.439 3.045 -.25 10.4932 2.1728 -.25 7.6896
3 15 2.1665 -.25 6.1321 2.1956 -.25 5.7646 3.045 -.25 10.4932
3 15 2.1728 -.25 7.6896 3.045 -.25 10.4932 2.197 -.25 7.9423
3 15 2.1802 -.25 8.4487 2.205 -.25 8.196 3.045 -.25 10.4932
4 15 1.7819 -.25 .3879 1.9992 -.25 .1401 2.2603 -.25 2.4357 2.0426 -.25 1.938
4 15 2.2603 -.25 3.0178 3.045 -.25 10.4932 2.1956 -.25 5.7646 2.1868 -.25 5.2116
3 15 2.197 -.25 7.9423 3.045 -.25 10.4932 2.205 -.25 8.196
4 15 1.5677 -.25 1.6073 1.1655 -.25 1.5562 1.26 -.25 .7883 1.5341 -.25 .6052
3 15 2.1868 -.25 5.2116 2.0458 -.25 4.871 2.2603 -.25 3.0178
4 15 1.785 -.25 4.6103 2.0377 -.25 3.5557 2.2603 -.25 3.0178 2.0458 -.25 4.871
4 15 3.045 -.25 10.4932 2.2603 -.25 3.0178 2.2603 -.25 2.4357 3.045 -.25 -.0153
3 15 3.045 -.25 10.4932 2.1186 -.25 6.4978 2.1665 -.25 6.1321
4 15 2.1329 -.25 7.439 2.065 -.25 7.146 2.065 -.25 6.796 3.045 -.25 10.4932
3 15 2.065 -.25 6.796 2.1186 -.25 6.4978 3.045 -.25 10.4932
4 15 .406 -.25 1.0889 .406 -.25 -.0153 .7805 -.25 -.0153 .7805 -.25 .9965
3 15 3.045 -.25 10.4932 2.135 -.25 10.4932 2.135 -.25 10.4035
4 15 -3.045 -.25 10.4932 -1.281 -.25 10.163 -1.281 -.25 10.4738 -1.3544 -.25 10.4932
4 15 -.49 -.25 -.0153 -.49 -.25 1.0725 -.8645 -.25 .9682 -.8645 -.25 -.0153