0 ~Sticker  0.8 x  1.9 with Ferrari Logo and Tricolor Stripe on Red Background -  Third Face
0 Name: s\6177954ps03.dat
0 Author: Massimo Maso [Sirio]
0 !LDRAW_ORG Subpart UPDATE 2026-05
0 !LICENSE Licensed under CC BY 4.0 : see CAreadme.txt

0 BFC CERTIFY CCW

0 !HISTORY 2026-05-31 [OrionP] Official Update 2026-05

0 // Logo primtives
1 0 0 -.25 2.6652 .64 0 0 0 1 0 0 0 .64 logo-ferrari-text.dat
1 14 0 -.25 2.6652 .64 0 0 0 1 0 0 0 .64 logo-ferrari-text-box.dat
0 // Tricolor stripe
4 2 -1.5 -.25 -.0128 -.5 -.25 -.0128 -.5 -.25 1.3852 -1.5 -.25 1.3852
4 15 -.5 -.25 -.0128 .5 -.25 -.0128 .5 -.25 1.3852 -.5 -.25 1.3852
4 4 .5 -.25 -.0128 1.5 -.25 -.0128 1.5 -.25 1.3852 .5 -.25 1.3852
0 // Red background
4 4 -8 -.25 -.0128 -3.5072 -.25 1.7372 -3.5072 -.25 7.2284 -8 -.25 7.2284
3 4 -8 -.25 -.0128 -3.4041 -.25 1.4883 -3.5072 -.25 1.7372
3 4 -8 -.25 -.0128 -3.1552 -.25 1.3852 -3.4041 -.25 1.4883
4 4 -8 -.25 -.0128 -2.5 -.25 -.0128 -2.5 -.25 1.3852 -3.1552 -.25 1.3852
4 4 8 -.25 -.0128 8 -.25 7.2284 3.5072 -.25 7.2284 3.5072 -.25 1.7372
3 4 8 -.25 -.0128 3.5072 -.25 1.7372 3.4041 -.25 1.4883
3 4 8 -.25 -.0128 3.4041 -.25 1.4883 3.1552 -.25 1.3852
4 4 8 -.25 -.0128 3.1552 -.25 1.3852 2.5 -.25 1.3852 2.5 -.25 -.0128
0 // White faces
4 15 -2.5 -.25 -.0128 -1.5 -.25 -.0128 -1.5 -.25 1.3852 -2.5 -.25 1.3852
4 15 2.5 -.25 -.0128 2.5 -.25 1.3852 1.5 -.25 1.3852 1.5 -.25 -.0128
0 // Ferrari badge
0 // Black frame
3 0 -3.1552 -.25 1.5164 -3.1552 -.25 1.3852 -2.5 -.25 1.3852
3 0 -3.1552 -.25 1.5164 -2.5 -.25 1.3852 -1.5 -.25 1.3852
3 0 -3.1552 -.25 1.5164 -1.5 -.25 1.3852 -.5 -.25 1.3852
4 0 -3.1552 -.25 1.5164 -.5 -.25 1.3852 .5 -.25 1.3852 3.1552 -.25 1.5164
3 0 3.1552 -.25 1.5164 .5 -.25 1.3852 1.5 -.25 1.3852
3 0 3.1552 -.25 1.5164 1.5 -.25 1.3852 2.5 -.25 1.3852
3 0 3.1552 -.25 1.5164 2.5 -.25 1.3852 3.1552 -.25 1.3852
4 0 -3.4041 -.25 1.4883 -3.3114 -.25 1.581 -3.376 -.25 1.7372 -3.5072 -.25 1.7372
4 0 3.4041 -.25 1.4883 3.5072 -.25 1.7372 3.376 -.25 1.7372 3.3114 -.25 1.581
4 0 -3.1552 -.25 1.3852 -3.1552 -.25 1.5164 -3.3114 -.25 1.581 -3.4041 -.25 1.4883
4 0 3.1552 -.25 1.3852 3.4041 -.25 1.4883 3.3114 -.25 1.581 3.1552 -.25 1.5164
4 0 3.376 -.25 7.2284 3.376 -.25 1.7372 3.5072 -.25 1.7372 3.5072 -.25 7.2284
4 0 -3.376 -.25 7.2284 -3.5072 -.25 7.2284 -3.5072 -.25 1.7372 -3.376 -.25 1.7372
0 // Fill
4 14 -2.88 -.25 3.3692 -.4109 -.25 3.8063 -1.2448 -.25 4.8636 -1.4112 -.25 4.9724
3 14 -2.88 -.25 3.3692 -.3718 -.25 3.759 -.4109 -.25 3.8063
4 14 -2.88 -.25 3.3692 2.88 -.25 3.3692 -.096 -.25 3.7468 -.3718 -.25 3.759
3 14 2.88 -.25 3.3692 3.376 -.25 7.2284 1.8624 -.25 5.5452
4 14 1.4624 -.25 5.1644 2.88 -.25 3.3692 1.8624 -.25 5.5452 1.4624 -.25 5.2444
3 14 2.88 -.25 3.3692 1.4624 -.25 5.1644 .7744 -.25 4.5852
4 14 2.88 -.25 3.3692 .7744 -.25 4.5852 .5664 -.25 4.438 .2304 -.25 4.1372
3 14 2.88 -.25 3.3692 .2304 -.25 4.1372 .1696 -.25 4.0252
4 14 2.88 -.25 3.3692 .1696 -.25 4.0252 .0512 -.25 3.9388 .0576 -.25 3.8076
3 14 2.88 -.25 3.3692 .0576 -.25 3.8076 -.096 -.25 3.7468
4 14 -1.4112 -.25 4.9724 -1.6736 -.25 6.4636 -1.8528 -.25 6.7932 -3.376 -.25 7.2284
3 14 -1.8528 -.25 6.7932 -1.9168 -.25 6.8828 -3.376 -.25 7.2284
3 14 -3.376 -.25 7.2284 -2.88 -.25 3.3692 -1.4112 -.25 4.9724
4 14 -.8992 -.25 6.9884 -1.04 -.25 7.1804 -1.4784 -.25 6.6716 -1.4944 -.25 6.4764
4 14 -1.4944 -.25 6.4764 -1.568 -.25 6.3868 -.5984 -.25 6.6396 -.8992 -.25 6.9884
4 14 -1.568 -.25 6.3868 -.3136 -.25 6.1852 -.304 -.25 6.3836 -.5984 -.25 6.6396
4 14 -.0032 -.25 5.302 -.1376 -.25 5.5452 -.08 -.25 5.1292 .0064 -.25 5.19
4 14 -.1376 -.25 5.5452 -.2784 -.25 5.8972 -.7488 -.25 5.1516 -.08 -.25 5.1292
4 14 -.2784 -.25 5.8972 -.3136 -.25 6.1852 -1.0202 -.25 5.126 -.7488 -.25 5.1516
4 14 -1.568 -.25 6.3868 -1.2736 -.25 5.0844 -1.0202 -.25 5.126 -.3136 -.25 6.1852
4 14 -1.6736 -.25 6.4636 -1.4112 -.25 4.9724 -1.2736 -.25 5.0844 -1.568 -.25 6.3868
4 14 .3136 -.25 5.0076 .2464 -.25 5.0172 .2432 -.25 4.8988 .4736 -.25 4.7324
4 14 .2432 -.25 4.8988 .1472 -.25 4.8348 .4678 -.25 4.671 .4736 -.25 4.7324
4 14 .1472 -.25 4.8348 -.272 -.25 4.9276 -.0205 -.25 4.2281 .4678 -.25 4.671
4 14 -.0205 -.25 4.2281 -.272 -.25 4.9276 -.7232 -.25 4.9436 -.1318 -.25 4.0834
4 14 -.7232 -.25 4.9436 -.8288 -.25 4.9276 -.2797 -.25 3.9727 -.1318 -.25 4.0834
4 14 -.8288 -.25 4.9276 -.9376 -.25 4.9532 -1.0496 -.25 4.8348 -.2797 -.25 3.9727
4 14 -1.0496 -.25 4.8348 -1.2448 -.25 4.8636 -.4109 -.25 3.8063 -.2797 -.25 3.9727
4 14 1.1936 -.25 6.6588 1.3888 -.25 6.2364 1.6512 -.25 6.3036 1.856 -.25 6.4924
4 14 .7744 -.25 7.0556 1.1936 -.25 6.6588 1.856 -.25 6.4924 1.952 -.25 6.8188
3 14 3.376 -.25 7.2284 2.2893 -.25 6.6735 2.192 -.25 6.3516
3 14 1.984 -.25 6.15 1.8291 -.25 6.0879 1.8816 -.25 5.8268
4 14 2.192 -.25 6.3516 1.984 -.25 6.15 1.8816 -.25 5.8268 3.376 -.25 7.2284
4 14 1.408 -.25 5.9906 1.3312 -.25 5.7564 1.4208 -.25 5.6796 1.4528 -.25 5.9548
4 14 1.5552 -.25 5.5836 1.5821 -.25 5.7174 1.5411 -.25 5.8268 1.4432 -.25 5.5068
4 14 1.4208 -.25 5.6796 1.3312 -.25 5.7564 1.1904 -.25 5.5292 1.4432 -.25 5.5068
4 14 1.4432 -.25 5.5068 1.1904 -.25 5.5292 .8224 -.25 5.238 .6784 -.25 5.0076
3 14 1.5552 -.25 5.5836 1.4432 -.25 5.5068 1.408 -.25 5.2764
4 14 .6784 -.25 5.0076 .7744 -.25 4.7478 1.408 -.25 5.2764 1.4432 -.25 5.5068
4 14 .7744 -.25 4.7478 .7744 -.25 4.5852 1.4624 -.25 5.1644 1.408 -.25 5.2764
3 14 1.6832 -.25 6.0252 1.728 -.25 5.8524 1.76 -.25 5.9356
4 14 1.76 -.25 5.9356 1.728 -.25 5.8524 1.6896 -.25 5.59 1.792 -.25 5.6732
4 14 1.8624 -.25 5.5452 1.792 -.25 5.6732 1.6896 -.25 5.59 1.4624 -.25 5.2444
4 14 3.376 -.25 7.2284 1.8816 -.25 5.8268 1.8432 -.25 5.686 1.8624 -.25 5.5452
4 14 -3.376 -.25 1.7372 -3.3114 -.25 1.581 -3.1552 -.25 1.5164 -2.88 -.25 1.9612
3 14 -3.1552 -.25 1.5164 -1.536 -.25 1.9612 -2.88 -.25 1.9612
4 14 3.1552 -.25 1.5164 0 -.25 1.9612 -1.536 -.25 1.9612 -3.1552 -.25 1.5164
3 14 3.1552 -.25 1.5164 1.536 -.25 1.9612 0 -.25 1.9612
3 14 3.1552 -.25 1.5164 2.88 -.25 1.9612 1.536 -.25 1.9612
4 14 3.376 -.25 1.7372 2.88 -.25 1.9612 3.1552 -.25 1.5164 3.3114 -.25 1.581
3 14 -3.376 -.25 7.2284 -1.9584 -.25 7.1228 -1.9726 -.25 7.2284
4 14 -2.88 -.25 1.9612 -2.88 -.25 3.3692 -3.376 -.25 7.2284 -3.376 -.25 1.7372
4 14 2.2893 -.25 6.6735 3.376 -.25 7.2284 2.2749 -.25 7.2284 2.2528 -.25 7.1132
4 14 -1.1657 -.25 7.2284 -1.5488 -.25 6.7996 -1.4784 -.25 6.6716 -1.04 -.25 7.1804
4 14 2.88 -.25 1.9612 3.376 -.25 1.7372 3.376 -.25 7.2284 2.88 -.25 3.3692
3 14 -1.6704 -.25 6.934 -1.6512 -.25 6.8412 -1.5488 -.25 6.7996
3 14 -3.376 -.25 7.2284 -1.9168 -.25 6.8828 -1.9584 -.25 7.1228
4 14 1.952 -.25 6.8188 1.9167 -.25 7.2284 .6051 -.25 7.2284 .7744 -.25 7.0556
3 14 -1.7504 -.25 7.1452 -1.1657 -.25 7.2284 -1.7564 -.25 7.2284
4 14 -1.5488 -.25 6.7996 -1.1657 -.25 7.2284 -1.7504 -.25 7.1452 -1.6704 -.25 6.934
0 // Black horse
4 0 -1.6736 -.25 6.4636 -1.568 -.25 6.3868 -1.4944 -.25 6.4764 -1.4784 -.25 6.6716
4 0 -1.6736 -.25 6.4636 -1.4784 -.25 6.6716 -1.5488 -.25 6.7996 -1.6512 -.25 6.8412
4 0 -1.8528 -.25 6.7932 -1.6736 -.25 6.4636 -1.6512 -.25 6.8412 -1.6704 -.25 6.934
4 0 -1.9168 -.25 6.8828 -1.8528 -.25 6.7932 -1.6704 -.25 6.934 -1.7504 -.25 7.1452
4 0 .7744 -.25 7.0556 -.5984 -.25 6.6396 -.304 -.25 6.3836 1.1936 -.25 6.6588
4 0 1.1936 -.25 6.6588 -.304 -.25 6.3836 -.3136 -.25 6.1852 1.3888 -.25 6.2364
4 0 2.2893 -.25 6.6735 2.2528 -.25 7.1132 1.952 -.25 6.8188 1.856 -.25 6.4924
4 0 2.2893 -.25 6.6735 1.856 -.25 6.4924 1.984 -.25 6.15 2.192 -.25 6.3516
4 0 1.984 -.25 6.15 1.856 -.25 6.4924 1.6512 -.25 6.3036 1.8291 -.25 6.0879
3 0 1.8432 -.25 5.686 1.792 -.25 5.6732 1.8624 -.25 5.5452
4 0 1.8432 -.25 5.686 1.8816 -.25 5.8268 1.76 -.25 5.9356 1.792 -.25 5.6732
4 0 1.76 -.25 5.9356 1.8816 -.25 5.8268 1.8291 -.25 6.0879 1.6832 -.25 6.0252
4 0 1.6512 -.25 6.3036 1.3888 -.25 6.2364 1.6832 -.25 6.0252 1.8291 -.25 6.0879
3 0 1.408 -.25 5.2764 1.4624 -.25 5.1644 1.4624 -.25 5.2444
4 0 1.6896 -.25 5.59 1.5552 -.25 5.5836 1.408 -.25 5.2764 1.4624 -.25 5.2444
4 0 1.5821 -.25 5.7174 1.5552 -.25 5.5836 1.6896 -.25 5.59 1.728 -.25 5.8524
4 0 1.5821 -.25 5.7174 1.728 -.25 5.8524 1.6832 -.25 6.0252 1.5411 -.25 5.8268
4 0 1.5411 -.25 5.8268 1.4528 -.25 5.9548 1.4208 -.25 5.6796 1.4432 -.25 5.5068
4 0 1.4528 -.25 5.9548 1.5411 -.25 5.8268 1.6832 -.25 6.0252 1.3888 -.25 6.2364
3 0 1.3888 -.25 6.2364 1.408 -.25 5.9906 1.4528 -.25 5.9548
4 0 -.3136 -.25 6.1852 -.2784 -.25 5.8972 1.408 -.25 5.9906 1.3888 -.25 6.2364
4 0 -1.2736 -.25 5.0844 -1.4112 -.25 4.9724 -1.2448 -.25 4.8636 -1.0496 -.25 4.8348
4 0 -1.2736 -.25 5.0844 -1.0496 -.25 4.8348 -.9376 -.25 4.9532 -1.0202 -.25 5.126
4 0 -1.0202 -.25 5.126 -.9376 -.25 4.9532 -.8288 -.25 4.9276 -.7488 -.25 5.1516
3 0 -.7488 -.25 5.1516 -.8288 -.25 4.9276 -.7232 -.25 4.9436
4 0 -.7488 -.25 5.1516 -.7232 -.25 4.9436 -.272 -.25 4.9276 -.08 -.25 5.1292
4 0 -.08 -.25 5.1292 -.272 -.25 4.9276 .1472 -.25 4.8348 .2432 -.25 4.8988
4 0 -.08 -.25 5.1292 .2432 -.25 4.8988 .2464 -.25 5.0172 .0064 -.25 5.19
4 0 -.0032 -.25 5.302 .0064 -.25 5.19 .2464 -.25 5.0172 .3136 -.25 5.0076
4 0 -.2797 -.25 3.9727 -.4109 -.25 3.8063 -.3718 -.25 3.759 -.096 -.25 3.7468
4 0 -.2797 -.25 3.9727 -.096 -.25 3.7468 .0576 -.25 3.8076 .0512 -.25 3.9388
4 0 -.1318 -.25 4.0834 -.2797 -.25 3.9727 .0512 -.25 3.9388 .1696 -.25 4.0252
4 0 -.1318 -.25 4.0834 .1696 -.25 4.0252 .2304 -.25 4.1372 -.0205 -.25 4.2281
4 0 -.0205 -.25 4.2281 .2304 -.25 4.1372 .5664 -.25 4.438 .4678 -.25 4.671
4 0 .4678 -.25 4.671 .5664 -.25 4.438 .7744 -.25 4.5852 .7744 -.25 4.7478
4 0 .4678 -.25 4.671 .7744 -.25 4.7478 .6784 -.25 5.0076 .4736 -.25 4.7324
3 0 .3136 -.25 5.0076 .4736 -.25 4.7324 .6784 -.25 5.0076
4 0 -.0032 -.25 5.302 .3136 -.25 5.0076 .6784 -.25 5.0076 .8224 -.25 5.238
4 0 -.0032 -.25 5.302 .8224 -.25 5.238 1.1904 -.25 5.5292 -.1376 -.25 5.5452
4 0 -.2784 -.25 5.8972 -.1376 -.25 5.5452 1.1904 -.25 5.5292 1.3312 -.25 5.7564
3 0 -.2784 -.25 5.8972 1.3312 -.25 5.7564 1.408 -.25 5.9906
3 0 -1.1657 -.25 7.2284 -1.04 -.25 7.1804 .6051 -.25 7.2284
3 0 -1.9584 -.25 7.1228 -1.9168 -.25 6.8828 -1.7504 -.25 7.1452
4 0 -1.7504 -.25 7.1452 -1.7564 -.25 7.2284 -1.9726 -.25 7.2284 -1.9584 -.25 7.1228
4 0 -1.04 -.25 7.1804 -.8992 -.25 6.9884 .7744 -.25 7.0556 .6051 -.25 7.2284
3 0 -.8992 -.25 6.9884 -.5984 -.25 6.6396 .7744 -.25 7.0556
4 0 2.2528 -.25 7.1132 2.2749 -.25 7.2284 1.9167 -.25 7.2284 1.952 -.25 6.8188