0 ~Sticker  0.8 x  2.4 with Grey and White Air Vents on Black Background - First Face
0 Name: s\6177960ds01.dat
0 Author: Massimo Maso [Sirio]
0 !LDRAW_ORG Subpart UPDATE 2026-05
0 !LICENSE Licensed under CC BY 4.0 : see CAreadme.txt

0 BFC CERTIFY CCW

0 !HISTORY 2025-07-27 [OrionP] Official Update 2025-07
0 !HISTORY 2025-10-14 [Sirio] Reduced length to fit with stickerback008x024
0 !HISTORY 2026-05-31 [OrionP] Official Update 2026-05

0 // Primitives
1 0 -6.5 -.25 6.9428 -1.5 0 0 0 1 0 0 0 1.5 1-4chrd.dat
1 0 6.5 -.25 6.9428 1.5 0 0 0 1 0 0 0 1.5 1-4chrd.dat
0 // Black faces
4 0 -8 -.25 6.9428 8 -.25 6.9428 6.5 -.25 8.4428 -6.5 -.25 8.4428
3 0 -8 -.25 6.9428 0 -.25 .0428 8 -.25 6.9428
4 0 -8 -.25 6.9428 -3.6 -.25 .1437 -1.8 -.25 .068 0 -.25 .0428
4 0 -8 -.25 6.9428 -8 -.25 .5428 -5.8 -.25 .3051 -3.6 -.25 .1437
4 0 8 -.25 6.9428 0 -.25 .0428 1.8 -.25 .068 3.6 -.25 .1437
4 0 8 -.25 6.9428 3.6 -.25 .1437 5.8 -.25 .3051 8 -.25 .5428
0 // Grey faces
3 72 -8 -.25 -.0165 -5.8 -.25 .3051 -8 -.25 .5428
4 72 -8 -.25 -.0165 -3.6 -.25 -.0165 -3.6 -.25 .1437 -5.8 -.25 .3051
3 72 8 -.25 -.0165 8 -.25 .5428 5.8 -.25 .3051
4 72 8 -.25 -.0165 5.8 -.25 .3051 3.6 -.25 .1437 3.6 -.25 -.0165
0 // White face
3 15 -3.6 -.25 -.0165 -1.8 -.25 .068 -3.6 -.25 .1437
3 15 -3.6 -.25 -.0165 0 -.25 .0428 -1.8 -.25 .068
3 15 -3.6 -.25 -.0165 3.6 -.25 -.0165 0 -.25 .0428
3 15 3.6 -.25 -.0165 3.6 -.25 .1437 1.8 -.25 .068
3 15 3.6 -.25 -.0165 1.8 -.25 .068 0 -.25 .0428