0 ~Sticker  0.8 x  3.0 with Castrol Edge Logo on Red Background Right - Sixth Face
0 Name: s\6177969qs06.dat
0 Author: Massimo Maso [Sirio]
0 !LDRAW_ORG Subpart UPDATE 2026-06
0 !LICENSE Licensed under CC BY 4.0 : see CAreadme.txt

0 BFC CERTIFY CCW

0 !HISTORY 2025-08-31 [OrionP] Official Update 2025-08
0 !HISTORY 2025-11-14 [Sirio] Modified for changes in 50950
0 !HISTORY 2026-02-15 [MagFors] Corrected length
0 !HISTORY 2026-06-28 [OrionP] Official Update 2026-06

0 // Primitives
1 4 -6.5 -0.25 -6.4359 -1.5 0 0 0 1 0 0 0 -1.5 1-4chrd.dat
1 4 6.5 -0.25 -6.4359 1.5 0 0 0 1 0 0 0 -1.5 1-4chrd.dat
1 15 0.2664 -0.25 -3.0196 0.5141 0 0 0 1 0 0 0 -0.5141 1-4chrd.dat
1 2 0.2664 -0.25 -3.0196 0.5141 0 0 0 1 0 0 0 -0.5141 1-4ndis.dat
0 // Faces
0 // Green faces
3 2 -0.329 -0.25 -3.8617 0 -0.25 -3.8834 0.1659 -0.25 -3.5236
4 2 0.1659 -0.25 -3.5236 -1.9366 -0.25 -2.9689 -1.7819 -0.25 -3.1453 -1.5341 -0.25 -3.3626
4 2 0.1659 -0.25 -3.5236 -1.5341 -0.25 -3.3626 -1.26 -0.25 -3.5457 -0.9643 -0.25 -3.6916
4 2 0.1659 -0.25 -3.5236 -0.9643 -0.25 -3.6916 -0.6521 -0.25 -3.7973 -0.329 -0.25 -3.8617
4 2 0.1659 -0.25 -3.5236 0 -0.25 -3.8834 0.329 -0.25 -3.8617 0.2664 -0.25 -3.5337
4 2 0.7805 -0.25 -3.0196 1.9992 -0.25 -2.8975 2.1823 -0.25 -2.6234 2.3282 -0.25 -2.3277
4 2 0.7805 -0.25 -3.0196 2.3282 -0.25 -2.3277 2.4339 -0.25 -2.0155 2.4983 -0.25 -1.6924
4 2 0.7805 -0.25 -3.0196 2.4983 -0.25 -1.6924 2.52 -0.25 -1.3634 2.4983 -0.25 -1.0344
4 2 0.7805 -0.25 -3.0196 2.4983 -0.25 -1.0344 2.4343 -0.25 -0.7114 2.3282 -0.25 -0.3992
4 2 -0.8645 -0.25 -2.6574 -2.52 -0.25 -1.3634 -2.4983 -0.25 -1.6924 -2.4339 -0.25 -2.0155
3 2 -0.8645 -0.25 -2.6574 -2.4983 -0.25 -1.0344 -2.52 -0.25 -1.3634
3 2 -0.8645 -0.25 -2.6574 -2.4339 -0.25 -2.0155 -2.3496 -0.25 -2.2647
4 2 -0.8645 -0.25 -2.6574 -2.3282 -0.25 -0.3992 -2.4343 -0.25 -0.7114 -2.4983 -0.25 -1.0344
4 2 1.9992 -0.25 -2.8975 0.7805 -0.25 -3.0196 1.5341 -0.25 -3.3626 1.7819 -0.25 -3.1453
4 2 0.9643 -0.25 -3.6916 1.26 -0.25 -3.5457 1.5341 -0.25 -3.3626 0.7805 -0.25 -3.0196
3 2 0.9643 -0.25 -3.6916 0.7805 -0.25 -3.0196 0.7805 -0.25 -3.5337
4 2 0.9643 -0.25 -3.6916 0.2664 -0.25 -3.5337 0.329 -0.25 -3.8617 0.6521 -0.25 -3.7973
3 2 0.2664 -0.25 -3.5337 0.9643 -0.25 -3.6916 0.7805 -0.25 -3.5337
4 2 -2.1823 -0.25 -0.1034 -0.8645 -0.25 -2.6574 -0.8645 -0.25 0.0153 -2.103 -0.25 0.0153
3 2 -2.3282 -0.25 -0.3992 -0.8645 -0.25 -2.6574 -2.1823 -0.25 -0.1034
4 2 0.7805 -0.25 0.0153 0.7805 -0.25 -3.0196 2.1823 -0.25 -0.1034 2.103 -0.25 0.0153
3 2 0.7805 -0.25 -3.0196 2.3282 -0.25 -0.3992 2.1823 -0.25 -0.1034
0 // Red faces
4 4 -0.49 -0.25 0.0153 -0.49 -0.25 -2.5534 0.406 -0.25 -2.7904 0.406 -0.25 0.0153
4 4 -8 -0.25 -6.4359 -3.045 -0.25 -1.3634 -3.045 -0.25 0.0153 -8 -0.25 0.0153
4 4 -8 -0.25 -6.4359 -6.5 -0.25 -7.9359 -3.0188 -0.25 -1.7607 -3.045 -0.25 -1.3634
4 4 8 -0.25 -6.4359 8 -0.25 0.0153 3.045 -0.25 0.0153 3.045 -0.25 -1.3634
4 4 8 -0.25 -6.4359 3.045 -0.25 -1.3634 3.0188 -0.25 -1.7607 6.5 -0.25 -7.9359
3 4 -6.5 -0.25 -7.9359 -2.8396 -0.25 -2.4635 -3.0188 -0.25 -1.7607
3 4 -6.5 -0.25 -7.9359 -2.6369 -0.25 -2.8859 -2.8396 -0.25 -2.4635
3 4 -6.5 -0.25 -7.9359 -2.4161 -0.25 -3.2174 -2.6369 -0.25 -2.8859
3 4 -6.5 -0.25 -7.9359 -2.1532 -0.25 -3.5166 -2.4161 -0.25 -3.2174
3 4 -6.5 -0.25 -7.9359 -1.854 -0.25 -3.7795 -2.1532 -0.25 -3.5166
3 4 -6.5 -0.25 -7.9359 -1.5225 -0.25 -4 -1.854 -0.25 -3.7795
3 4 -6.5 -0.25 -7.9359 -1.1652 -0.25 -4.1767 -1.5225 -0.25 -4
3 4 -6.5 -0.25 -7.9359 -0.7882 -0.25 -4.3045 -1.1652 -0.25 -4.1767
3 4 -6.5 -0.25 -7.9359 -0.3973 -0.25 -4.3822 -0.7882 -0.25 -4.3045
3 4 -6.5 -0.25 -7.9359 0 -0.25 -4.4084 -0.3973 -0.25 -4.3822
3 4 6.5 -0.25 -7.9359 3.0188 -0.25 -1.7607 2.9411 -0.25 -2.1516
3 4 6.5 -0.25 -7.9359 2.9411 -0.25 -2.1516 2.8133 -0.25 -2.5286
3 4 6.5 -0.25 -7.9359 2.8133 -0.25 -2.5286 2.6369 -0.25 -2.8859
3 4 6.5 -0.25 -7.9359 2.6369 -0.25 -2.8859 2.4161 -0.25 -3.2174
3 4 6.5 -0.25 -7.9359 2.4161 -0.25 -3.2174 2.1532 -0.25 -3.5166
3 4 6.5 -0.25 -7.9359 2.1532 -0.25 -3.5166 1.854 -0.25 -3.7795
3 4 6.5 -0.25 -7.9359 1.854 -0.25 -3.7795 1.5225 -0.25 -4
3 4 6.5 -0.25 -7.9359 1.5225 -0.25 -4 1.1652 -0.25 -4.1767
3 4 6.5 -0.25 -7.9359 1.1652 -0.25 -4.1767 0.7882 -0.25 -4.3045
3 4 6.5 -0.25 -7.9359 0.7882 -0.25 -4.3045 0.3973 -0.25 -4.3822
4 4 -6.5 -0.25 -7.9359 6.5 -0.25 -7.9359 0.3973 -0.25 -4.3822 0 -0.25 -4.4084
0 // White faces
3 15 -2.3496 -0.25 -2.2647 -1.9366 -0.25 -2.9689 -0.8645 -0.25 -2.6574
4 15 -0.8645 -0.25 -2.6574 -1.9366 -0.25 -2.9689 0.1659 -0.25 -3.5236 -0.49 -0.25 -2.5534
3 15 0.2664 -0.25 -3.5337 0.7805 -0.25 -3.0196 0.406 -0.25 -2.7904
4 15 0.1659 -0.25 -3.5236 0.2664 -0.25 -3.5337 0.406 -0.25 -2.7904 -0.49 -0.25 -2.5534
4 15 -2.4983 -0.25 -1.6924 -2.52 -0.25 -1.3634 -3.045 -0.25 -1.3634 -3.0188 -0.25 -1.7607
4 15 -2.4339 -0.25 -2.0155 -2.4983 -0.25 -1.6924 -3.0188 -0.25 -1.7607 -2.8396 -0.25 -2.4635
4 15 -2.3496 -0.25 -2.2647 -2.4339 -0.25 -2.0155 -2.8396 -0.25 -2.4635 -2.6369 -0.25 -2.8859
4 15 1.1652 -0.25 -4.1767 0.9643 -0.25 -3.6916 0.6521 -0.25 -3.7973 0.7882 -0.25 -4.3045
4 15 1.5225 -0.25 -4 1.26 -0.25 -3.5457 0.9643 -0.25 -3.6916 1.1652 -0.25 -4.1767
4 15 2.8133 -0.25 -2.5286 2.3282 -0.25 -2.3277 2.1823 -0.25 -2.6234 2.6369 -0.25 -2.8859
4 15 2.9411 -0.25 -2.1516 2.4339 -0.25 -2.0155 2.3282 -0.25 -2.3277 2.8133 -0.25 -2.5286
4 15 1.5341 -0.25 -3.3626 1.26 -0.25 -3.5457 1.5225 -0.25 -4 1.854 -0.25 -3.7795
4 15 1.5341 -0.25 -3.3626 1.854 -0.25 -3.7795 2.1532 -0.25 -3.5166 1.7819 -0.25 -3.1453
4 15 1.9992 -0.25 -2.8975 1.7819 -0.25 -3.1453 2.1532 -0.25 -3.5166 2.4161 -0.25 -3.2174
4 15 1.9992 -0.25 -2.8975 2.4161 -0.25 -3.2174 2.6369 -0.25 -2.8859 2.1823 -0.25 -2.6234
4 15 2.4983 -0.25 -1.6924 2.4339 -0.25 -2.0155 2.9411 -0.25 -2.1516 3.0188 -0.25 -1.7607
4 15 2.4983 -0.25 -1.6924 3.0188 -0.25 -1.7607 3.045 -0.25 -1.3634 2.52 -0.25 -1.3634
4 15 0.3973 -0.25 -4.3822 0.7882 -0.25 -4.3045 0.6521 -0.25 -3.7973 0.329 -0.25 -3.8617
4 15 0.3973 -0.25 -4.3822 0.329 -0.25 -3.8617 0 -0.25 -3.8834 0 -0.25 -4.4084
4 15 0 -0.25 -4.4084 0 -0.25 -3.8834 -0.329 -0.25 -3.8617 -0.3973 -0.25 -4.3822
4 15 -0.3973 -0.25 -4.3822 -0.329 -0.25 -3.8617 -0.6521 -0.25 -3.7973 -0.7882 -0.25 -4.3045
4 15 -1.1652 -0.25 -4.1767 -0.7882 -0.25 -4.3045 -0.6521 -0.25 -3.7973 -0.9643 -0.25 -3.6916
4 15 -1.1652 -0.25 -4.1767 -0.9643 -0.25 -3.6916 -1.26 -0.25 -3.5457 -1.5225 -0.25 -4
4 15 -1.854 -0.25 -3.7795 -1.5225 -0.25 -4 -1.26 -0.25 -3.5457 -1.5341 -0.25 -3.3626
4 15 -1.9366 -0.25 -2.9689 -2.3496 -0.25 -2.2647 -2.6369 -0.25 -2.8859 -2.4161 -0.25 -3.2174
4 15 -1.5341 -0.25 -3.3626 -1.7819 -0.25 -3.1453 -2.1532 -0.25 -3.5166 -1.854 -0.25 -3.7795
4 15 -2.1532 -0.25 -3.5166 -1.7819 -0.25 -3.1453 -1.9366 -0.25 -2.9689 -2.4161 -0.25 -3.2174
3 15 -3.045 -0.25 0.0153 -2.4343 -0.25 -0.7114 -2.3282 -0.25 -0.3992
4 15 -3.045 -0.25 -1.3634 -2.52 -0.25 -1.3634 -2.4983 -0.25 -1.0344 -3.045 -0.25 0.0153
3 15 -2.3282 -0.25 -0.3992 -2.1823 -0.25 -0.1034 -3.045 -0.25 0.0153
4 15 -0.49 -0.25 -2.5534 -0.49 -0.25 0.0153 -0.8645 -0.25 0.0153 -0.8645 -0.25 -2.6574
4 15 0.7805 -0.25 0.0153 0.406 -0.25 0.0153 0.406 -0.25 -2.7904 0.7805 -0.25 -3.0196
3 15 2.103 -0.25 0.0153 2.1823 -0.25 -0.1034 3.045 -0.25 0.0153
3 15 -3.045 -0.25 0.0153 -2.4983 -0.25 -1.0344 -2.4343 -0.25 -0.7114
3 15 2.3282 -0.25 -0.3992 2.4343 -0.25 -0.7114 3.045 -0.25 0.0153
3 15 2.1823 -0.25 -0.1034 2.3282 -0.25 -0.3992 3.045 -0.25 0.0153
3 15 -3.045 -0.25 0.0153 -2.1823 -0.25 -0.1034 -2.103 -0.25 0.0153
4 15 3.045 -0.25 0.0153 2.4983 -0.25 -1.0344 2.52 -0.25 -1.3634 3.045 -0.25 -1.3634
3 15 2.4343 -0.25 -0.7114 2.4983 -0.25 -1.0344 3.045 -0.25 0.0153