0 ~Sticker  0.8 x  3.0 with Castrol Edge Logo on Red Background Right - Second Face
0 Name: s\6177969qs02.dat
0 Author: Massimo Maso [Sirio]
0 !LDRAW_ORG Subpart UPDATE 2026-06
0 !LICENSE Licensed under CC BY 4.0 : see CAreadme.txt

0 BFC CERTIFY CCW

0 !HISTORY 2025-08-31 [OrionP] Official Update 2025-08
0 !HISTORY 2025-11-14 [Sirio] Modified for changes in 50950
0 !HISTORY 2026-06-28 [OrionP] Official Update 2026-06

0 // Faces
0 // Black faces
4 0 2.7111 -.25 -10.66 2.3377 -.25 -9.889 2.1595 -.25 -10.0199 2.478 -.25 -10.6947
4 0 1.7791 -.25 -9.2919 1.6825 -.25 -9.4991 2.1595 -.25 -10.0199 2.3377 -.25 -9.889
4 0 1.7791 -.25 -9.2919 1.12 -.25 -8.9597 1.12 -.25 -9.2117 1.6825 -.25 -9.4991
4 0 1.12 -.25 -9.2117 1.12 -.25 -8.9594 -1.26 -.25 -8.329 -1.26 -.25 -8.581
4 0 -1.925 -.25 -7.901 -1.26 -.25 -8.329 1.12 -.25 -8.9594 2.59 -.25 -9.0969
3 0 2.59 -.25 -9.0969 1.12 -.25 -8.9594 2.842 -.25 -9.4154
4 0 2.59 -.25 -9.0969 2.842 -.25 -9.4154 2.842 -.25 -5.1738 2.59 -.25 -5.1069
4 0 2.7668 -.25 -4.3611 2.534 -.25 -4.3957 2.59 -.25 -5.1069 2.842 -.25 -5.1738
4 0 2.7668 -.25 -4.3611 2.5529 -.25 -3.632 2.3748 -.25 -3.7629 2.534 -.25 -4.3957
4 0 2.2327 -.25 -3.0979 2.1364 -.25 -3.3055 2.3748 -.25 -3.7629 2.5529 -.25 -3.632
4 0 2.2327 -.25 -3.0979 1.855 -.25 -2.8403 1.855 -.25 -3.0923 2.1364 -.25 -3.3055
4 0 -1.925 -.25 -1.587 -.714 -.25 -2.4119 1.855 -.25 -3.0923 1.855 -.25 -2.8403
4 0 -1.925 -.25 -1.587 1.855 -.25 -2.8403 2.842 -.25 -3.1014 2.59 -.25 -2.7829
4 0 -2.7724 -.25 -.3354 -2.5736 -.25 -1.0602 -2.3951 -.25 -.9293 -2.5393 -.25 -.3007
4 0 -2.2761 -.25 -1.5884 -2.1795 -.25 -1.3812 -2.3951 -.25 -.9293 -2.5736 -.25 -1.0602
4 0 -2.2761 -.25 -1.5884 -1.925 -.25 -1.839 -1.925 -.25 -1.587 -2.1795 -.25 -1.3812
4 0 -1.925 -.25 -1.587 -1.925 -.25 -1.839 -1.26 -.25 -2.267 -.714 -.25 -2.4119
4 0 -2.842 -.25 -1.5961 -2.59 -.25 -1.9149 -1.26 -.25 -2.267 -1.925 -.25 -1.839
4 0 -2.59 -.25 -1.9149 -2.842 -.25 -1.5961 -2.842 -.25 -6.0481 -2.59 -.25 -6.1149
4 0 -2.7724 -.25 -6.7792 -2.5393 -.25 -6.7446 -2.59 -.25 -6.1149 -2.842 -.25 -6.0481
4 0 -2.7724 -.25 -6.7792 -2.5736 -.25 -7.4358 -2.3951 -.25 -7.3049 -2.5393 -.25 -6.7446
4 0 -2.2761 -.25 -7.9185 -2.1795 -.25 -7.7109 -2.3951 -.25 -7.3049 -2.5736 -.25 -7.4358
4 0 -2.2761 -.25 -7.9185 -1.925 -.25 -8.153 -1.925 -.25 -7.901 -2.1795 -.25 -7.7109
3 0 -1.925 -.25 -7.901 -1.925 -.25 -8.153 -1.26 -.25 -8.329
4 0 -1.8655 -.25 -8.3262 -1.7689 -.25 -8.5849 -1.26 -.25 -8.581 -1.26 -.25 -8.329
4 0 -1.8655 -.25 -8.3262 -2.3786 -.25 -8.6398 -2.2005 -.25 -8.8652 -1.7689 -.25 -8.5849
4 0 -2.7216 -.25 -9.2212 -2.4889 -.25 -9.3794 -2.2005 -.25 -8.8652 -2.3786 -.25 -8.6398
4 0 -2.7216 -.25 -9.2212 -2.842 -.25 -9.9821 -2.59 -.25 -10.0489 -2.4889 -.25 -9.3794
4 0 -.966 -.25 -6.2934 -.966 -.25 -4.8798 -1.26 -.25 -2.267 -1.26 -.25 -6.467
4 0 1.12 -.25 -7.0977 .7952 -.25 -6.7596 -.966 -.25 -6.2934 -1.26 -.25 -6.467
3 0 1.12 -.25 -4.7177 .7952 -.25 -6.7596 1.12 -.25 -7.0977
4 0 .616 -.25 -4.584 .616 -.25 -6.3169 .7952 -.25 -6.7596 1.12 -.25 -4.7177
4 0 .7952 -.25 -6.7596 .616 -.25 -6.3169 -.714 -.25 -4.8969 -.966 -.25 -4.8798
4 0 -.966 -.25 -4.8798 -.714 -.25 -4.8969 -.714 -.25 -2.4119 -1.26 -.25 -2.267
4 0 -2.842 -.25 -9.9821 -2.842 -.25 -11.0386 -2.59 -.25 -11.0386 -2.59 -.25 -10.0489
4 0 .616 -.25 .0132 .616 -.25 -.44 1.12 -.25 -.5737 1.12 -.25 .0132
4 0 -2.5393 -.25 -.3007 -2.5617 -.25 .0132 -2.8023 -.25 .0132 -2.7724 -.25 -.3354
3 0 -1.095 -.25 .0132 -.714 -.25 -.0879 -.714 -.25 .0132
4 0 -.966 -.25 -10.7727 .0378 -.25 -11.0386 1.12 -.25 -11.0317 -1.26 -.25 -10.401
3 0 .0378 -.25 -11.0386 1.12 -.25 -11.0386 1.12 -.25 -11.0317
4 0 2.59 -.25 .0132 2.59 -.25 -2.7829 2.842 -.25 -3.1014 2.842 -.25 .0132
4 0 2.771 -.25 -11.0386 2.7111 -.25 -10.66 2.478 -.25 -10.6947 2.531 -.25 -11.0386
4 0 -1.26 -.25 -10.401 -1.26 -.25 -11.0386 -.966 -.25 -11.0386 -.966 -.25 -10.7727
0 // Red faces
4 4 -2.2761 -.25 -7.9185 -2.5736 -.25 -7.4358 -2.7216 -.25 -9.2212 -2.3786 -.25 -8.6398
4 4 -2.842 -.25 -9.9821 -2.7216 -.25 -9.2212 -2.5736 -.25 -7.4358 -2.7724 -.25 -6.7792
4 4 -2.2761 -.25 -7.9185 -2.3786 -.25 -8.6398 -1.8655 -.25 -8.3262 -1.925 -.25 -8.153
3 4 -1.26 -.25 -8.329 -1.925 -.25 -8.153 -1.8655 -.25 -8.3262
3 4 -2.842 -.25 -1.5961 -2.5736 -.25 -1.0602 -2.7724 -.25 -.3354
3 4 -2.842 -.25 -1.5961 -2.2761 -.25 -1.5884 -2.5736 -.25 -1.0602
3 4 -2.842 -.25 -1.5961 -1.925 -.25 -1.839 -2.2761 -.25 -1.5884
3 4 -.966 -.25 -6.2934 .7952 -.25 -6.7596 -.966 -.25 -4.8798
3 4 2.842 -.25 -9.4154 1.12 -.25 -8.9597 1.7791 -.25 -9.2919
3 4 2.842 -.25 -9.4154 1.7791 -.25 -9.2919 2.3377 -.25 -9.889
3 4 2.842 -.25 -9.4154 2.3377 -.25 -9.889 2.7111 -.25 -10.66
3 4 2.842 -.25 -3.1014 1.855 -.25 -2.8403 2.2327 -.25 -3.0979
3 4 2.842 -.25 -3.1014 2.2327 -.25 -3.0979 2.5529 -.25 -3.632
3 4 2.842 -.25 -3.1014 2.5529 -.25 -3.632 2.7668 -.25 -4.3611
4 4 8 -.25 -11.0386 2.842 -.25 -9.4154 2.7111 -.25 -10.66 2.771 -.25 -11.0386
3 4 -.966 -.25 -11.0386 .0378 -.25 -11.0386 -.966 -.25 -10.7727
4 4 -8 -.25 .0132 -2.842 -.25 -1.5961 -2.7724 -.25 -.3354 -2.8023 -.25 .0132
4 4 -2.7724 -.25 -6.7792 -2.842 -.25 -6.0481 -8 -.25 -11.0386 -2.842 -.25 -9.9821
4 4 2.7668 -.25 -4.3611 2.842 -.25 -5.1738 8 -.25 .0132 2.842 -.25 -3.1014
3 4 -8 -.25 -11.0386 -2.842 -.25 -11.0386 -2.842 -.25 -9.9821
4 4 -8 -.25 .0132 -8 -.25 -11.0386 -2.842 -.25 -6.0481 -2.842 -.25 -1.5961
3 4 8 -.25 .0132 2.842 -.25 .0132 2.842 -.25 -3.1014
4 4 8 -.25 .0132 2.842 -.25 -5.1738 2.842 -.25 -9.4154 8 -.25 -11.0386
0 // Yellow faces
4 14 1.12 -.25 -11.0317 2.1595 -.25 -10.0199 1.6825 -.25 -9.4991 1.12 -.25 -9.2117
4 14 -1.26 -.25 -10.401 1.12 -.25 -11.0317 1.12 -.25 -9.2117 -1.26 -.25 -8.581
4 14 -1.26 -.25 -10.401 -1.26 -.25 -8.581 -1.7689 -.25 -8.5849 -2.2005 -.25 -8.8652
4 14 -1.26 -.25 -10.401 -2.2005 -.25 -8.8652 -2.4889 -.25 -9.3794 -2.59 -.25 -10.0489
4 14 -1.26 -.25 -6.467 -1.26 -.25 -2.267 -2.59 -.25 -1.9149 -2.59 -.25 -6.1149
4 14 -1.26 -.25 -6.467 -2.59 -.25 -6.1149 -2.5393 -.25 -6.7446 -2.3951 -.25 -7.3049
4 14 -1.26 -.25 -6.467 -2.3951 -.25 -7.3049 -2.1795 -.25 -7.7109 -1.925 -.25 -7.901
4 14 -1.26 -.25 -6.467 -1.925 -.25 -7.901 2.59 -.25 -9.0969 1.12 -.25 -7.0977
4 14 1.12 -.25 -4.7177 1.12 -.25 -7.0977 2.59 -.25 -9.0969 2.59 -.25 -5.1069
4 14 1.12 -.25 -4.7177 2.59 -.25 -5.1069 2.534 -.25 -4.3957 2.3748 -.25 -3.7629
4 14 1.12 -.25 -4.7177 2.3748 -.25 -3.7629 2.1364 -.25 -3.3055 1.855 -.25 -3.0923
4 14 1.12 -.25 -4.7177 1.855 -.25 -3.0923 -.714 -.25 -2.4119 .616 -.25 -4.584
4 14 .616 -.25 -6.3169 .616 -.25 -4.584 -.714 -.25 -2.4119 -.714 -.25 -4.8969
4 14 .616 -.25 -.44 -.714 -.25 -.0879 -2.1795 -.25 -1.3812 -1.925 -.25 -1.587
4 14 .616 -.25 -.44 -1.925 -.25 -1.587 2.59 -.25 -2.7829 1.12 -.25 -.5737
3 14 1.12 -.25 -11.0386 2.531 -.25 -11.0386 1.12 -.25 -11.0317
4 14 -2.59 -.25 -10.0489 -2.59 -.25 -11.0386 -1.26 -.25 -11.0386 -1.26 -.25 -10.401
4 14 2.59 -.25 .0132 1.12 -.25 .0132 1.12 -.25 -.5737 2.59 -.25 -2.7829
4 14 -2.3951 -.25 -.9293 -1.095 -.25 .0132 -2.5617 -.25 .0132 -2.5393 -.25 -.3007
4 14 -.714 -.25 -.0879 .616 -.25 -.44 .616 -.25 .0132 -.714 -.25 .0132
4 14 2.1595 -.25 -10.0199 1.12 -.25 -11.0317 2.531 -.25 -11.0386 2.478 -.25 -10.6947
4 14 -1.095 -.25 .0132 -2.3951 -.25 -.9293 -2.1795 -.25 -1.3812 -.714 -.25 -.0879