0 ~Sticker  0.8 x  3.1 with Black and Dark Orange Arch on Orange Background Right - Fourth Face
0 Name: s\6177960ks03.dat
0 Author: Massimo Maso [Sirio]
0 !LDRAW_ORG Subpart UPDATE 2026-05
0 !LICENSE Licensed under CC BY 4.0 : see CAreadme.txt

0 BFC CERTIFY CCW

0 !HISTORY 2025-07-27 [OrionP] Official Update 2025-07
0 !HISTORY 2025-11-14 [Sirio] Modified for changes in 50950
0 !HISTORY 2026-05-31 [OrionP] Official Update 2026-05

0 // Black faces
4 0 3.2656 -.25 -2.6311 4.2917 -.25 .014 3.2141 -.25 .014 2.199 -.25 -2.6318
4 0 3.2656 -.25 -2.6311 2.199 -.25 -2.6318 1.2564 -.25 -5.3044 2.3127 -.25 -5.3034
4 0 1.4357 -.25 -8.0016 2.3127 -.25 -5.3034 1.2564 -.25 -5.3044 .3893 -.25 -8.0023
4 0 1.4357 -.25 -8.0016 .3893 -.25 -8.0023 -.3999 -.25 -10.7241 .6374 -.25 -10.7241
0 // Dark orange faces
4 484 8 -.25 -8.5838 8 -.25 .014 4.2917 -.25 .014 3.2656 -.25 -2.6311
4 484 8 -.25 -8.5838 3.2656 -.25 -2.6311 2.3127 -.25 -5.3034 1.4357 -.25 -8.0016
4 484 8 -.25 -8.5838 1.4357 -.25 -8.0016 .6374 -.25 -10.7241 6.8189 -.25 -10.7241
0 // Orange faces
4 25 -8 -.25 .014 -8 -.25 -10.7241 -.3999 -.25 -10.7241 .3893 -.25 -8.0023
3 25 -8 -.25 .014 .3893 -.25 -8.0023 1.2564 -.25 -5.3044
3 25 -8 -.25 .014 1.2564 -.25 -5.3044 2.199 -.25 -2.6318
3 25 -8 -.25 .014 2.199 -.25 -2.6318 3.2141 -.25 .014
3 25 8 -.25 -8.5838 6.8189 -.25 -10.7241 8 -.25 -10.7241