0 ~Sticker  1.8 x  2.2 with Logos on Red Background Right - Common Part Not To Be Mirrored
0 Name: s\6177954bs02.dat
0 Author: Massimo Maso [Sirio]
0 !LDRAW_ORG Subpart UPDATE 2026-05
0 !LICENSE Licensed under CC BY 4.0 : see CAreadme.txt

0 BFC CERTIFY CCW

0 !HISTORY 2026-05-31 [OrionP] Official Update 2026-05

0 // Logo primitives
1 4 -11.6 -.25 16.4 .36 0 0 0 1 0 0 0 .36 logo-shell-1971.dat
1 4 -11.6 -.25 16.4 .36 0 0 0 1 0 0 0 .36 logo-shell-1971-outerbox-with-border.dat
1 15 4.7 -.25 14.5 2.6 0 0 0 1 0 0 0 2.6 logo-shell-vpower-text.dat
1 4 4.7 -.25 14.5 2.6 0 0 0 1 0 0 0 2.6 logo-shell-vpower-text-box.dat
1 4 -12.3075 -.25 7.5 1.26 0 0 0 1 0 0 0 1.26 logo-santander-icon.dat
1 15 -12.3075 -.25 7.5 1.26 0 0 0 1 0 0 0 1.26 logo-santander-icon-box.dat
1 4 4.454 -.25 6.7715 2.1 0 0 0 1 0 0 0 2.1 logo-santander-text.dat
1 15 4.454 -.25 6.7715 2.1 0 0 0 1 0 0 0 2.1 logo-santander-text-box.dat
1 15 0 -.25 -1.4 .78 0 0 0 1 0 0 0 .78 logo-omr-icon.dat
1 4 0 -.25 -1.4 .78 0 0 0 1 0 0 0 .78 logo-omr-icon-box.dat
1 15 0 -.25 -8.7 .442 0 0 0 1 0 0 0 .442 logo-mahle-text.dat
1 4 0 -.25 -8.7 .442 0 0 0 1 0 0 0 .442 logo-mahle-text-outerbox.dat
0 // Top face
0 // Red faces
4 4 16.5 -.25 22 -16.5 -.25 22 -11.6 -.25 20.432 -7.262 -.25 20.432
4 4 -16.5 -.25 22 -18 -.25 20.5 -15.938 -.25 20.432 -11.6 -.25 20.432
4 4 16.5 -.25 22 -7.262 -.25 20.432 -6.7166 -.25 16.502 -5.6194 -.25 16.502
3 4 16.5 -.25 22 -5.6194 -.25 16.502 -3.7474 -.25 16.502
3 4 16.5 -.25 22 -3.7474 -.25 16.502 -2.6502 -.25 16.502
3 4 16.5 -.25 22 -2.6502 -.25 16.502 -.7314 -.25 16.502
3 4 16.5 -.25 22 -.7314 -.25 16.502 .8806 -.25 16.502
4 4 16.5 -.25 22 .8806 -.25 16.502 16.1166 -.25 16.502 18 -.25 20.5
4 4 -7.262 -.25 20.432 -7.262 -.25 12.368 -6.7166 -.25 12.498 -6.7166 -.25 16.502
4 4 -18 -.25 11.25 -15.938 -.25 12.368 -15.938 -.25 20.432 -18 -.25 20.5
3 4 -18 -.25 11.25 -11.6 -.25 12.368 -15.938 -.25 12.368
4 4 -18 -.25 11.25 18 -.25 11.25 -7.262 -.25 12.368 -11.6 -.25 12.368
4 4 18 -.25 11.25 18 -.25 20.5 16.1166 -.25 16.502 16.1166 -.25 15.254
3 4 18 -.25 11.25 16.1166 -.25 15.254 16.1166 -.25 14.318
3 4 18 -.25 11.25 16.1166 -.25 14.318 16.1166 -.25 12.498
3 4 18 -.25 11.25 16.1166 -.25 12.498 12.2686 -.25 12.498
3 4 18 -.25 11.25 12.2686 -.25 12.498 4.0006 -.25 12.498
4 4 18 -.25 11.25 4.0006 -.25 12.498 -6.7166 -.25 12.498 -7.262 -.25 12.368
4 4 -9.92732 -.25 -10.91 -9.92732 -.25 -6.49 -18 -.25 3.75 -11.492 -.25 -11.573
4 4 -9.672 -.25 2.5 -18 -.25 3.75 -9.92732 -.25 -6.49 -9.672 -.25 -5.3
4 4 -18 -.25 3.75 -9.672 -.25 2.5 9.672 -.25 2.5 18 -.25 3.75
4 4 9.92732 -.25 -6.49 18 -.25 3.75 9.672 -.25 2.5 9.672 -.25 -5.3
4 4 -9.92732 -.25 -6.49 9.92732 -.25 -6.49 9.672 -.25 -5.3 -9.672 -.25 -5.3
4 4 18 -.25 3.75 9.92732 -.25 -6.49 9.92732 -.25 -10.91 11.492 -.25 -11.573
4 4 11.492 -.25 -11.573 9.92732 -.25 -10.91 -9.92732 -.25 -10.91 -11.492 -.25 -11.573
0 // White faces
4 15 18 -.25 11.25 -18 -.25 11.25 -15.8355 -.25 10.7004 -8.7795 -.25 10.7004
4 15 18 -.25 11.25 -8.7795 -.25 10.7004 -6.928 -.25 8.9744 15.836 -.25 8.9744
4 15 18 -.25 11.25 15.836 -.25 8.9744 15.836 -.25 4.5686 18 -.25 3.75
4 15 -8.7795 -.25 10.7004 -8.7795 -.25 4.2996 -6.928 -.25 4.5686 -6.928 -.25 8.9744
4 15 -18 -.25 3.75 -15.8355 -.25 4.2996 -15.8355 -.25 10.7004 -18 -.25 11.25
4 15 18 -.25 3.75 15.836 -.25 4.5686 -6.928 -.25 4.5686 -8.7795 -.25 4.2996
4 15 18 -.25 3.75 -8.7795 -.25 4.2996 -15.8355 -.25 4.2996 -18 -.25 3.75