0 ~Sticker  0.8 x  4.0 with Logos on Red Background Right - First Face
0 Name: s\6177954ns01.dat
0 Author: Massimo Maso [Sirio]
0 !LDRAW_ORG Subpart UPDATE 2026-05
0 !LICENSE Licensed under CC BY 4.0 : see CAreadme.txt

0 BFC CERTIFY CCW

0 !HISTORY 2026-05-31 [OrionP] Official Update 2026-05

0 // Logo primitive
1 4 0 -.25 9.7477 0 0 -.5 0 1 0 .5 0 0 logo-shell-1971.dat
1 4 0 -.25 9.7477 0 0 -.5 0 1 0 .5 0 0 logo-shell-1971-outerbox-with-border.dat
0 // Primitives
1 4 -6.5 -.25 17.4194 -1.5 0 0 0 1 0 0 0 1.5 1-4chrd.dat
1 4 6.5 -.25 17.4194 1.5 0 0 0 1 0 0 0 1.5 1-4chrd.dat
0 // Black faces
3 0 .4764 -.25 .2141 .688 -.25 .2357 .868 -.25 .5317
3 0 .868 -.25 .5317 .688 -.25 .2357 .8924 -.25 .2155
4 0 1.2702 -.25 .0591 1.403 -.25 .4819 .868 -.25 .5317 1.089 -.25 .1559
3 0 .868 -.25 .5317 .8924 -.25 .2155 1.089 -.25 .1559
3 0 .0877 -.25 .0467 .2735 -.25 .1503 -.872 -.25 .1317
4 0 .4764 -.25 .2141 .868 -.25 .5317 -.872 -.25 .1317 .2735 -.25 .1503
4 0 -3.92 -.25 .5317 -1.536 -.25 .1317 -.872 -.25 .1317 .868 -.25 .5317
4 0 1.9196 -.25 .3345 1.3609 -.25 -.0153 2.5449 -.25 -.0153 2.4002 -.25 .0943
3 0 -4.0042 -.25 -.0153 -1.6208 -.25 -.0131 -3.9993 -.25 .0326
3 0 -1.0077 -.25 -.0153 .0157 -.25 -.0153 -.9825 -.25 .0209
4 0 -1.536 -.25 .1317 -3.92 -.25 .5317 -3.9993 -.25 .0326 -1.6208 -.25 -.0131
4 0 -.9825 -.25 .0209 .0157 -.25 -.0153 .0877 -.25 .0467 -.872 -.25 .1317
4 0 1.9196 -.25 .3345 1.403 -.25 .4819 1.2702 -.25 .0591 1.3609 -.25 -.0153
0 // Red faces
4 4 -6.5 -.25 18.9194 -8 -.25 17.4194 -5.6 -.25 9.7477 -5.6 -.25 15.7727
4 4 -6.5 -.25 18.9194 -5.6 -.25 15.7727 5.6 -.25 15.7727 6.5 -.25 18.9194
4 4 6.5 -.25 18.9194 5.6 -.25 15.7727 5.6 -.25 9.7477 8 -.25 17.4194
4 4 -5.6 -.25 3.7227 -5.6 -.25 9.7477 -8 -.25 17.4194 -8 -.25 -.0153
4 4 5.6 -.25 3.7227 8 -.25 -.0153 8 -.25 17.4194 5.6 -.25 9.7477
3 4 1.4723 -.25 .8515 2.0558 -.25 .685 5.6 -.25 3.7227
3 4 5.6 -.25 3.7227 2.0558 -.25 .685 2.5987 -.25 .4137
3 4 3.0823 -.25 .0471 3.1389 -.25 -.0153 8 -.25 -.0153
4 4 2.5987 -.25 .4137 3.0823 -.25 .0471 8 -.25 -.0153 5.6 -.25 3.7227
3 4 -8 -.25 -.0153 -4.4073 -.25 -.0153 -4.2468 -.25 .4155
4 4 -4.032 -.25 .9077 -5.6 -.25 3.7227 -8 -.25 -.0153 -4.2468 -.25 .4155
4 4 .77 -.25 3.7227 -.165 -.25 3.7227 -4.032 -.25 .9077 .868 -.25 .9077
3 4 -.165 -.25 3.7227 -5.6 -.25 3.7227 -4.032 -.25 .9077
4 4 1.4723 -.25 .8515 5.6 -.25 3.7227 .77 -.25 3.7227 .868 -.25 .9077
0 // Yellow faces
4 14 -.872 -.25 .1317 -1.536 -.25 .1317 -1.6208 -.25 -.0131 -.9825 -.25 .0209
4 14 -4.2468 -.25 .4155 -3.9992 -.25 .0326 -3.92 -.25 .5317 -4.032 -.25 .9077
4 14 -4.032 -.25 .9077 -3.92 -.25 .5317 .868 -.25 .5317 .868 -.25 .9077
4 14 .868 -.25 .9077 .868 -.25 .5317 1.403 -.25 .4819 1.4723 -.25 .8515
4 14 1.4723 -.25 .8515 1.403 -.25 .4819 1.9197 -.25 .3345 2.0558 -.25 .685
4 14 2.0558 -.25 .685 1.9197 -.25 .3345 2.4003 -.25 .0943 2.5987 -.25 .4137
3 14 2.5449 -.25 -.0153 3.1389 -.25 -.0153 3.0823 -.25 .0471
4 14 -4.2468 -.25 .4155 -4.4073 -.25 -.0153 -4.0041 -.25 -.0153 -3.9992 -.25 .0326
3 14 -1.6208 -.25 -.0131 -1.0077 -.25 -.0153 -.9825 -.25 .0209
4 14 3.0823 -.25 .0471 2.5987 -.25 .4137 2.4003 -.25 .0943 2.5449 -.25 -.0153
4 14 .2735 -.25 .1503 1.089 -.25 .1559 .8924 -.25 .2155 .4764 -.25 .2141
3 14 .8924 -.25 .2155 .688 -.25 .2357 .4764 -.25 .2141
4 14 1.089 -.25 .1559 .2735 -.25 .1503 .0877 -.25 .0467 1.2702 -.25 .0591
4 14 .0157 -.25 -.0153 1.3609 -.25 -.0153 1.2702 -.25 .0591 .0877 -.25 .0467