0 ~Sticker  0.8 x  4.0 with Logos on Red Background Right - Second Face
0 Name: s\6177954ns02.dat
0 Author: Massimo Maso [Sirio]
0 !LDRAW_ORG Subpart UPDATE 2026-05
0 !LICENSE Licensed under CC BY 4.0 : see CAreadme.txt

0 BFC CERTIFY CCW

0 !HISTORY 2026-05-31 [OrionP] Official Update 2026-05

0 // Primitives
1 4 1.421 -.25 -15.9117 -.09 0 0 0 1 0 0 0 .09 1-4ndis.dat
1 15 1.421 -.25 -15.9117 -.09 0 0 0 1 0 0 0 .09 1-4chrd.dat
1 4 1.868 -.25 -15.9117 .09 0 0 0 1 0 0 0 .09 1-4ndis.dat
1 15 1.868 -.25 -15.9117 .09 0 0 0 1 0 0 0 .09 1-4chrd.dat
1 4 -1.91 -.25 -16.382 -.6937 0 0 0 1 0 0 0 -.6937 1-4chrd.dat
1 15 -1.91 -.25 -16.382 -.6937 0 0 0 1 0 0 0 -.6937 1-4ndis.dat
1 4 2.198 -.25 -16.8537 -.09 0 0 0 1 0 0 0 .09 1-4ndis.dat
1 15 2.198 -.25 -16.8537 -.09 0 0 0 1 0 0 0 .09 1-4chrd.dat
1 4 2.696 -.25 -16.8537 .09 0 0 0 1 0 0 0 .09 1-4ndis.dat
1 15 2.696 -.25 -16.8537 .09 0 0 0 1 0 0 0 .09 1-4chrd.dat
1 15 1.868 -.25 -16.9977 .09 0 0 0 1 0 0 0 -.09 1-4chrd.dat
1 4 1.868 -.25 -16.9977 .09 0 0 0 1 0 0 0 -.09 1-4ndis.dat
1 15 1.739 -.25 -17.1777 -.09 0 0 0 1 0 0 0 .09 1-4ndis.dat
1 4 1.739 -.25 -17.1777 -.09 0 0 0 1 0 0 0 .09 1-4chrd.dat
1 15 2.198 -.25 -17.6187 -.09 0 0 0 1 0 0 0 -.09 1-4chrd.dat
1 4 2.198 -.25 -17.6187 -.09 0 0 0 1 0 0 0 -.09 1-4ndis.dat
1 15 2.696 -.25 -17.6187 .09 0 0 0 1 0 0 0 -.09 1-4chrd.dat
1 4 2.696 -.25 -17.6187 .09 0 0 0 1 0 0 0 -.09 1-4ndis.dat
1 15 2.198 -.25 -17.7987 .09 0 0 0 1 0 0 0 .09 1-4ndis.dat
1 4 2.198 -.25 -17.7987 .09 0 0 0 1 0 0 0 .09 1-4chrd.dat
1 15 2.696 -.25 -17.7987 -.09 0 0 0 1 0 0 0 .09 1-4ndis.dat
1 4 2.696 -.25 -17.7987 -.09 0 0 0 1 0 0 0 .09 1-4chrd.dat
1 4 1.739 -.25 -18.1167 -.09 0 0 0 1 0 0 0 -.09 1-4chrd.dat
1 15 1.739 -.25 -18.1167 -.09 0 0 0 1 0 0 0 -.09 1-4ndis.dat
1 4 2.198 -.25 -18.1167 .09 0 0 0 1 0 0 0 -.09 1-4chrd.dat
1 15 2.198 -.25 -18.1167 .09 0 0 0 1 0 0 0 -.09 1-4ndis.dat
1 4 2.696 -.25 -18.1167 -.09 0 0 0 1 0 0 0 -.09 1-4chrd.dat
1 15 2.696 -.25 -18.1167 -.09 0 0 0 1 0 0 0 -.09 1-4ndis.dat
1 4 2.855 -.25 -18.1167 .09 0 0 0 1 0 0 0 -.09 1-4chrd.dat
1 15 2.855 -.25 -18.1167 .09 0 0 0 1 0 0 0 -.09 1-4ndis.dat
1 4 3.035 -.25 -18.1167 -.09 0 0 0 1 0 0 0 .09 1-4ndis.dat
1 15 3.035 -.25 -18.1167 -.09 0 0 0 1 0 0 0 .09 1-4chrd.dat
1 4 3.779 -.25 -18.1167 .09 0 0 0 1 0 0 0 .09 1-4ndis.dat
1 15 3.779 -.25 -18.1167 .09 0 0 0 1 0 0 0 .09 1-4chrd.dat
1 15 1.421 -.25 -19.0677 -.09 0 0 0 1 0 0 0 -.09 1-4chrd.dat
1 4 1.421 -.25 -19.0677 -.09 0 0 0 1 0 0 0 -.09 1-4ndis.dat
1 15 2.168 -.25 -19.0677 .09 0 0 0 1 0 0 0 -.09 1-4chrd.dat
1 4 2.168 -.25 -19.0677 .09 0 0 0 1 0 0 0 -.09 1-4ndis.dat
1 15 2.348 -.25 -19.0677 -.09 0 0 0 1 0 0 0 .09 1-4ndis.dat
1 4 2.348 -.25 -19.0677 -.09 0 0 0 1 0 0 0 .09 1-4chrd.dat
1 15 2.855 -.25 -19.0677 .09 0 0 0 1 0 0 0 .09 1-4ndis.dat
1 4 2.855 -.25 -19.0677 .09 0 0 0 1 0 0 0 .09 1-4chrd.dat
1 15 3.035 -.25 -19.0677 -.09 0 0 0 1 0 0 0 -.09 1-4chrd.dat
1 4 3.035 -.25 -19.0677 -.09 0 0 0 1 0 0 0 -.09 1-4ndis.dat
1 15 3.779 -.25 -19.0677 .09 0 0 0 1 0 0 0 -.09 1-4chrd.dat
1 4 3.779 -.25 -19.0677 .09 0 0 0 1 0 0 0 -.09 1-4ndis.dat
1 4 -1.91 -.25 -19.5317 .63 0 0 0 1 0 0 0 .62 4-4disc.dat
1 15 -1.91 -.25 -19.5317 .63 0 0 0 1 0 0 0 .62 4-4ndis.dat
1 4 -1.91 -.25 -19.5317 1.31 0 0 0 1 0 0 0 1.388 2-4ndis.dat
1 15 -1.91 -.25 -19.5317 1.31 0 0 0 1 0 0 0 1.388 1-4chrd.dat
1 15 -1.91 -.25 -19.5317 -1.31 0 0 0 1 0 0 0 1.388 1-4chrd.dat
1 15 -1.91 -.25 -19.5317 -1.31 0 0 0 1 0 0 0 -1.388 1-8chrd.dat
1 4 -1.91 -.25 -19.5317 -1.31 0 0 0 1 0 0 0 -1.388 1-8tndis.dat
1 15 -1.91 -.25 -19.5317 1.31 0 0 0 1 0 0 0 -1.388 1-8chrd.dat
1 4 -1.91 -.25 -19.5317 1.31 0 0 0 1 0 0 0 -1.388 1-8tndis.dat
1 4 3.014 -.25 -19.7157 -.09 0 0 0 1 0 0 0 .09 1-4ndis.dat
1 15 3.014 -.25 -19.7157 -.09 0 0 0 1 0 0 0 .09 1-4chrd.dat
1 4 3.779 -.25 -19.7157 .09 0 0 0 1 0 0 0 .09 1-4ndis.dat
1 15 3.779 -.25 -19.7157 .09 0 0 0 1 0 0 0 .09 1-4chrd.dat
1 4 1.421 -.25 -20.0337 -.09 0 0 0 1 0 0 0 .09 1-4ndis.dat
1 15 1.421 -.25 -20.0337 -.09 0 0 0 1 0 0 0 .09 1-4chrd.dat
1 4 1.868 -.25 -20.0337 .09 0 0 0 1 0 0 0 .09 1-4ndis.dat
1 15 1.868 -.25 -20.0337 .09 0 0 0 1 0 0 0 .09 1-4chrd.dat
0 // Black faces
3 0 1.736 -.25 -3.1097 1.7141 -.25 -3.3577 3.208 -.25 -3.3577
4 0 -1.6572 -.25 -3.7776 -3.8902 -.25 -2.9536 -3.775 -.25 -3.4457 -1.512 -.25 -4.0857
4 0 -3.633 -.25 -3.9307 -1.696 -.25 -4.4537 -1.512 -.25 -4.0857 -3.775 -.25 -3.4457
4 0 -1.7461 -.25 -3.4489 -3.9778 -.25 -2.4559 -3.8902 -.25 -2.9536 -1.6572 -.25 -3.7776
4 0 .84 -.25 -1.5737 .7257 -.25 -1.8456 1 -.25 -1.9411 1.504 -.25 -1.5737
3 0 1.504 -.25 -1.5737 1 -.25 -1.9411 1.2466 -.25 -2.0953
3 0 3.208 -.25 -3.3577 1.6072 -.25 -2.5466 1.7034 -.25 -2.8209
3 0 3.208 -.25 -3.3577 1.7034 -.25 -2.8209 1.736 -.25 -3.1097
4 0 -1.928 -.25 -7.0057 -1.696 -.25 -6.6297 -1.696 -.25 -5.9017 -2.2427 -.25 -6.6103
4 0 -1.696 -.25 -5.1817 -2.535 -.25 -6.198 -2.2427 -.25 -6.6103 -1.696 -.25 -5.9017
4 0 .868 -.25 -7.0057 .744 -.25 -6.6297 -1.696 -.25 -6.6297 -1.928 -.25 -7.0057
4 0 1.403 -.25 -6.9559 1.1424 -.25 -6.5367 .744 -.25 -6.6297 .868 -.25 -7.0057
4 0 -3.633 -.25 -3.9307 -3.4642 -.25 -4.4071 -3.2694 -.25 -4.8734 -1.696 -.25 -4.4537
4 0 -3.2694 -.25 -4.8734 -3.0492 -.25 -5.3283 -2.8042 -.25 -5.7703 -1.696 -.25 -4.4537
4 0 -1.696 -.25 -4.4537 -2.8042 -.25 -5.7703 -2.535 -.25 -6.198 -1.696 -.25 -5.1817
3 0 1.2466 -.25 -2.0953 1.4524 -.25 -2.3006 1.504 -.25 -1.5737
4 0 1.6072 -.25 -2.5466 3.208 -.25 -3.3577 1.504 -.25 -1.5737 1.4524 -.25 -2.3006
3 0 1.504 -.25 -1.5737 3.208 -.25 -3.3577 1.586 -.25 -1.428
4 0 3.4708 -.25 -1.0553 1.651 -.25 -1.2739 1.586 -.25 -1.428 3.208 -.25 -3.3577
4 0 1.1424 -.25 -6.5367 1.403 -.25 -6.9559 1.9196 -.25 -6.8085 1.4646 -.25 -6.2844
4 0 1.6674 -.25 -5.9291 1.4646 -.25 -6.2844 1.9196 -.25 -6.8085 2.4002 -.25 -6.5683
4 0 -1.696 -.25 -5.9017 1.0804 -.25 -5.2909 1.032 -.25 -5.1817 -1.696 -.25 -5.1817
4 0 .744 -.25 -5.9017 1.11 -.25 -5.4067 1.0804 -.25 -5.2909 -1.696 -.25 -5.9017
4 0 1.0914 -.25 -5.6696 1.12 -.25 -5.5257 .8878 -.25 -5.8731 1.0098 -.25 -5.7915
4 0 .744 -.25 -5.9017 .8878 -.25 -5.8731 1.12 -.25 -5.5257 1.11 -.25 -5.4067
4 0 -1.192 -.25 -.5257 -.5068 -.25 -.7207 -1.138 -.25 -.2187 -1.1784 -.25 -.3699
4 0 -1.1638 -.25 -.6675 -.5068 -.25 -.7207 -1.192 -.25 -.5257 -1.1849 -.25 -.5979
4 0 -.9634 -.25 -.8679 -.5068 -.25 -.7207 -1.0835 -.25 -.7875 -1.0274 -.25 -.8336
4 0 1.736 -.25 -5.5257 1.6674 -.25 -5.9291 2.4002 -.25 -6.5683 2.8284 -.25 -6.2437
4 0 1.7033 -.25 -5.1533 1.736 -.25 -5.5257 2.8284 -.25 -6.2437 3.1894 -.25 -5.8458
4 0 -1.0835 -.25 -.7875 -.5068 -.25 -.7207 -1.1638 -.25 -.6675 -1.1296 -.25 -.7315
4 0 1.6562 -.25 -.3807 1.7158 -.25 -.5772 3.1894 -.25 -.5976 2.8284 -.25 -.1997
4 0 1.7158 -.25 -.5772 1.736 -.25 -.7817 3.4708 -.25 -1.0553 3.1894 -.25 -.5976
3 0 3.4708 -.25 -1.0553 1.736 -.25 -.7817 1.7265 -.25 -.9487
3 0 3.4708 -.25 -1.0553 1.7265 -.25 -.9487 1.698 -.25 -1.1135
4 0 -3.9778 -.25 -2.4559 -1.7461 -.25 -3.4489 -1.776 -.25 -3.1097 -4.0378 -.25 -1.9541
4 0 -4.0701 -.25 -1.4498 -4.0378 -.25 -1.9541 -1.776 -.25 -3.1097 -1.7434 -.25 -2.8209
4 0 -1.7434 -.25 -2.8209 -1.6473 -.25 -2.5466 -4.0744 -.25 -.9444 -4.0701 -.25 -1.4498
4 0 -4.0508 -.25 -.4395 -4.0744 -.25 -.9444 -1.6473 -.25 -2.5466 -1.4924 -.25 -2.3006
4 0 .015 -.25 -1.1392 .4298 -.25 -1.7924 .7257 -.25 -1.8456 .84 -.25 -1.5737
4 0 3.4709 -.25 -5.3881 3.208 -.25 -4.0857 1.448 -.25 -4.4537 1.6063 -.25 -4.7923
4 0 3.208 -.25 -4.0857 -1.512 -.25 -4.0857 -1.696 -.25 -4.4537 1.448 -.25 -4.4537
4 0 -.6095 -.25 -.8293 -.8217 -.25 -.896 -.7469 -.25 -.8884 -.6752 -.25 -.8659
4 0 -.5526 -.25 -.7802 -.5068 -.25 -.7207 -.9634 -.25 -.8679 -.8939 -.25 -.8889
4 0 -.6095 -.25 -.8293 -.5526 -.25 -.7802 -.8939 -.25 -.8889 -.8217 -.25 -.896
4 0 .9504 -.25 -1.4629 1.04 -.25 -1.3346 1.1059 -.25 -1.1927 .3199 -.25 -.6467
4 0 1.16 -.25 -.8857 .3199 -.25 -.6467 1.1059 -.25 -1.1927 1.1464 -.25 -1.0415
4 0 -.4252 -.25 -1.5188 -.6126 -.25 -1.5778 -.7658 -.25 -1.8456 -.4698 -.25 -1.7924
4 0 -.6126 -.25 -1.5778 -.808 -.25 -1.5977 -1.0403 -.25 -1.9411 -.7658 -.25 -1.8456
3 0 1.698 -.25 -1.1135 1.651 -.25 -1.2739 3.4708 -.25 -1.0553
4 0 3.208 -.25 -4.0857 4.5406 -.25 -3.2217 3.4708 -.25 -1.0553 3.208 -.25 -3.3577
3 0 4.5406 -.25 -3.2217 3.208 -.25 -4.0857 3.4709 -.25 -5.3881
4 0 3.1894 -.25 -5.8458 3.4709 -.25 -5.3881 1.6063 -.25 -4.7923 1.7033 -.25 -5.1533
4 0 .84 -.25 -1.5737 .9504 -.25 -1.4629 .3199 -.25 -.6467 .015 -.25 -1.1392
4 0 .4298 -.25 -1.7924 .015 -.25 -1.1392 -.1048 -.25 -1.2949 .1303 -.25 -1.7657
4 0 .1303 -.25 -1.7657 -.1048 -.25 -1.2949 -.2536 -.25 -1.4231 -.1704 -.25 -1.7657
4 0 -.4252 -.25 -1.5188 -.4698 -.25 -1.7924 -.1704 -.25 -1.7657 -.2536 -.25 -1.4231
4 0 -1.2866 -.25 -2.0953 -1.0403 -.25 -1.9411 -.808 -.25 -1.5977 -.9969 -.25 -1.5791
3 0 -.9969 -.25 -1.5791 -1.1785 -.25 -1.524 -1.2866 -.25 -2.0953
3 0 -1.1785 -.25 -1.524 -1.3458 -.25 -1.4346 -1.2866 -.25 -2.0953
3 0 -1.3458 -.25 -1.4346 -1.4925 -.25 -1.3142 -1.2866 -.25 -2.0953
4 0 1.16 -.25 -.8857 1.1513 -.25 -.7971 1.1254 -.25 -.7119 .3199 -.25 -.6467
4 0 .8797 -.25 -.4663 .3199 -.25 -.6467 1.027 -.25 -.5647 .9582 -.25 -.5082
4 0 1.1254 -.25 -.7119 1.0834 -.25 -.6335 1.027 -.25 -.5647 .3199 -.25 -.6467
4 0 .7059 -.25 -.4317 .6142 -.25 -.4411 .5264 -.25 -.4687 .4459 -.25 -.5135
4 0 .7946 -.25 -.4404 .7059 -.25 -.4317 .4459 -.25 -.5135 .3761 -.25 -.5737
4 0 .8797 -.25 -.4663 .7946 -.25 -.4404 .3761 -.25 -.5737 .3199 -.25 -.6467
4 0 -.577 -.25 -2.5509 -1.136 -.25 -3.3577 -.3038 -.25 -2.508 -.441 -.25 -2.5259
4 0 .522 -.25 -2.5509 1.081 -.25 -3.3577 .7894 -.25 -2.6218 .6566 -.25 -2.5829
4 0 .522 -.25 -2.5509 .3859 -.25 -2.5259 .2487 -.25 -2.508 1.081 -.25 -3.3577
4 0 -.0275 -.25 -2.4937 1.081 -.25 -3.3577 .2487 -.25 -2.508 .1108 -.25 -2.4973
4 0 -.577 -.25 -2.5509 -.7117 -.25 -2.5829 -.8444 -.25 -2.6218 -1.136 -.25 -3.3577
3 0 -.0275 -.25 -2.4937 -1.136 -.25 -3.3577 1.081 -.25 -3.3577
4 0 -.0275 -.25 -2.4937 -.1658 -.25 -2.4973 -.3038 -.25 -2.508 -1.136 -.25 -3.3577
4 0 1.145 -.25 -3.1097 1.1287 -.25 -2.9816 1.081 -.25 -2.8617 1.1287 -.25 -3.2378
4 0 1.1287 -.25 -3.2378 1.081 -.25 -2.8617 1.0048 -.25 -2.7575 1.081 -.25 -3.3577
4 0 .7894 -.25 -2.6218 1.081 -.25 -3.3577 1.0048 -.25 -2.7575 .905 -.25 -2.6756
4 0 -.8444 -.25 -2.6218 -.96 -.25 -2.6756 -1.0598 -.25 -2.7575 -1.136 -.25 -3.3577
4 0 -1.1838 -.25 -3.2378 -1.136 -.25 -2.8617 -1.1838 -.25 -2.9816 -1.2 -.25 -3.1097
4 0 -1.0598 -.25 -2.7575 -1.136 -.25 -2.8617 -1.1838 -.25 -3.2378 -1.136 -.25 -3.3577
3 0 -4.0041 -.25 .0153 -1.7023 -.25 -1 -1.7574 -.25 -.8186
3 0 -4.0041 -.25 .0153 -1.6129 -.25 -1.1675 -1.7023 -.25 -1
4 0 -.2031 -.25 -.2301 -1.072 -.25 -.0768 -1.138 -.25 -.2187 -.5068 -.25 -.7207
4 0 -.0734 -.25 -.0615 -1.0077 -.25 .0153 -1.072 -.25 -.0768 -.2031 -.25 -.2301
3 0 -4.0041 -.25 .0153 -1.776 -.25 -.6297 -1.7662 -.25 -.4622
3 0 -4.0041 -.25 .0153 -1.688 -.25 -.1363 -1.6218 -.25 .0153
4 0 -1.2866 -.25 -2.0953 -1.4925 -.25 -1.3142 -1.6129 -.25 -1.1675 -4.0041 -.25 .0153
3 0 -4.0041 -.25 .0153 -1.7662 -.25 -.4622 -1.7367 -.25 -.297
3 0 -4.0041 -.25 .0153 -1.7367 -.25 -.297 -1.688 -.25 -.1363
3 0 -4.0041 -.25 .0153 -1.7574 -.25 -.8186 -1.776 -.25 -.6297
4 0 -4.0041 -.25 .0153 -4.0508 -.25 -.4395 -1.4924 -.25 -2.3006 -1.2866 -.25 -2.0953
3 0 -1.0077 -.25 .0153 -.0734 -.25 -.0615 .0157 -.25 .0153
4 0 2.8284 -.25 -.1997 2.5449 -.25 .0153 1.429 -.25 -.0407 1.5594 -.25 -.1995
3 0 1.5594 -.25 -.1995 1.6562 -.25 -.3807 2.8284 -.25 -.1997
3 0 1.3609 -.25 .0153 1.429 -.25 -.0407 2.5449 -.25 .0153
0 // Red faces
4 4 -4.2468 -.25 -6.8895 -8 -.25 .0153 -3.22 -.25 -16.382 -3.22 -.25 -16.0917
4 4 -8 -.25 .0153 -3.16 -.25 -17.0757 -3.1875 -.25 -16.6348 -3.22 -.25 -16.382
4 4 -8 -.25 .0153 -3.22 -.25 -18.1437 -3.16 -.25 -17.8437 -3.16 -.25 -17.0757
3 4 -8 -.25 .0153 -3.22 -.25 -19.5317 -3.22 -.25 -18.1437
4 4 -8 -.25 .0153 -8 -.25 -20.8931 -3.22 -.25 -20.5132 -3.22 -.25 -19.5317
3 4 8 -.25 .0153 3.869 -.25 -18.0267 3.869 -.25 -18.1167
4 4 8 -.25 .0153 3.869 -.25 -18.1167 3.869 -.25 -19.0677 8 -.25 -20.8931
3 4 8 -.25 .0153 3.779 -.25 -18.0267 3.869 -.25 -18.0267
4 4 3.779 -.25 -18.0267 8 -.25 .0153 2.786 -.25 -16.7637 2.786 -.25 -16.8537
4 4 1.331 -.25 -15.8217 -.66 -.25 -17.0757 -.66 -.25 -17.8437 -.6 -.25 -18.1437
4 4 1.331 -.25 -15.9117 1.331 -.25 -15.8217 -.6 -.25 -18.1437 -.6 -.25 -19.5317
3 4 1.958 -.25 -15.8217 2.696 -.25 -16.7637 2.786 -.25 -16.7637
3 4 1.958 -.25 -15.8217 2.198 -.25 -16.7637 2.696 -.25 -16.7637
4 4 1.958 -.25 -15.8217 1.958 -.25 -15.9117 2.108 -.25 -16.7637 2.198 -.25 -16.7637
4 4 1.958 -.25 -16.9977 2.108 -.25 -16.8537 2.108 -.25 -16.7637 1.958 -.25 -15.9117
4 4 1.958 -.25 -16.9977 1.958 -.25 -17.0877 2.108 -.25 -17.6187 2.108 -.25 -16.8537
3 4 -3.16 -.25 -17.0757 -3.0921 -.25 -16.8712 -3.1875 -.25 -16.6348
3 4 -3.16 -.25 -17.0757 -2.94 -.25 -17.0757 -3.0921 -.25 -16.8712
4 4 1.868 -.25 -17.0877 1.739 -.25 -17.0877 1.649 -.25 -17.1777 2.108 -.25 -17.6187
3 4 1.868 -.25 -17.0877 2.108 -.25 -17.6187 1.958 -.25 -17.0877
4 4 2.945 -.25 -18.0267 3.035 -.25 -18.0267 2.786 -.25 -17.6187 2.786 -.25 -17.7087
4 4 2.945 -.25 -18.0267 2.786 -.25 -17.7087 2.696 -.25 -17.7087 2.606 -.25 -17.7987
4 4 2.945 -.25 -18.0267 2.606 -.25 -17.7987 2.606 -.25 -18.1167 2.696 -.25 -18.2067
4 4 2.945 -.25 -18.0267 2.696 -.25 -18.2067 2.855 -.25 -18.2067 2.945 -.25 -18.1167
4 4 3.035 -.25 -18.0267 3.779 -.25 -18.0267 2.786 -.25 -16.8537 2.786 -.25 -17.6187
4 4 1.649 -.25 -18.1167 2.108 -.25 -17.7087 2.108 -.25 -17.6187 1.649 -.25 -17.1777
3 4 1.649 -.25 -18.1167 2.198 -.25 -17.7087 2.108 -.25 -17.7087
4 4 1.649 -.25 -18.1167 2.288 -.25 -18.1167 2.288 -.25 -17.7987 2.198 -.25 -17.7087
4 4 1.649 -.25 -18.1167 1.739 -.25 -18.2067 2.198 -.25 -18.2067 2.288 -.25 -18.1167
4 4 -1.91 -.25 -18.1437 -.66 -.25 -17.8437 -3.16 -.25 -17.8437 -3.22 -.25 -18.1437
3 4 -1.91 -.25 -18.1437 -.6 -.25 -18.1437 -.66 -.25 -17.8437
3 4 1.331 -.25 -19.0677 1.331 -.25 -15.9117 -.6 -.25 -19.5317
4 4 1.421 -.25 -19.1577 1.331 -.25 -19.9437 1.421 -.25 -19.9437 2.168 -.25 -19.1577
3 4 2.168 -.25 -19.1577 1.421 -.25 -19.9437 1.868 -.25 -19.9437
3 4 2.168 -.25 -19.1577 1.868 -.25 -19.9437 1.958 -.25 -19.9437
4 4 2.168 -.25 -19.1577 1.958 -.25 -19.9437 1.958 -.25 -20.0337 2.924 -.25 -19.7157
4 4 3.779 -.25 -19.1577 3.035 -.25 -19.1577 3.014 -.25 -19.6257 3.779 -.25 -19.6257
4 4 3.779 -.25 -19.1577 3.779 -.25 -19.6257 3.869 -.25 -19.6257 3.869 -.25 -19.1577
4 4 2.924 -.25 -19.6257 3.014 -.25 -19.6257 3.035 -.25 -19.1577 2.945 -.25 -19.1577
4 4 2.924 -.25 -19.6257 2.945 -.25 -19.1577 2.945 -.25 -19.0677 2.855 -.25 -18.9777
3 4 2.924 -.25 -19.6257 2.855 -.25 -18.9777 2.348 -.25 -18.9777
4 4 2.924 -.25 -19.6257 2.348 -.25 -18.9777 2.258 -.25 -19.0677 2.258 -.25 -19.1577
4 4 2.924 -.25 -19.6257 2.258 -.25 -19.1577 2.168 -.25 -19.1577 2.924 -.25 -19.7157
4 4 2.9171 -.25 -20.5751 2.924 -.25 -20.5407 2.924 -.25 -19.7157 1.958 -.25 -20.0337
4 4 2.9171 -.25 -20.5751 1.958 -.25 -20.0337 1.958 -.25 -20.8677 1.9631 -.25 -20.8931
4 4 2.9171 -.25 -20.5751 1.9631 -.25 -20.8931 2.6089 -.25 -20.8931 2.8976 -.25 -20.6044
3 4 1.331 -.25 -20.8677 -1.255 -.25 -20.7337 -1.4087 -.25 -20.8141
3 4 1.331 -.25 -20.8677 -1.4087 -.25 -20.8141 -1.571 -.25 -20.8724
4 4 1.331 -.25 -20.8677 -1.571 -.25 -20.8724 -1.6694 -.25 -20.8931 1.3361 -.25 -20.8931
4 4 -3.22 -.25 -20.5132 -8 -.25 -20.8931 -2.7075 -.25 -20.6329 -2.8363 -.25 -20.5132
3 4 -8 -.25 -20.8931 -2.565 -.25 -20.7337 -2.7075 -.25 -20.6329
3 4 -8 -.25 -20.8931 -2.4113 -.25 -20.8141 -2.565 -.25 -20.7337
3 4 -8 -.25 -20.8931 -2.249 -.25 -20.8724 -2.4113 -.25 -20.8141
3 4 -8 -.25 -20.8931 -2.1506 -.25 -20.8931 -2.249 -.25 -20.8724
3 4 8 -.25 -20.8931 3.869 -.25 -19.0677 3.869 -.25 -19.1577
3 4 8 -.25 -20.8931 3.869 -.25 -19.1577 3.869 -.25 -19.6257
3 4 8 -.25 -20.8931 3.869 -.25 -19.6257 3.869 -.25 -19.7157
3 4 8 -.25 -20.8931 3.869 -.25 -19.7157 3.869 -.25 -20.8497
3 4 8 -.25 -20.8931 3.869 -.25 -20.8497 3.8621 -.25 -20.8841
3 4 8 -.25 -20.8931 3.8621 -.25 -20.8841 3.8562 -.25 -20.8931
3 4 1.331 -.25 -20.8677 -1.1125 -.25 -20.6329 -1.255 -.25 -20.7337
4 4 -.6 -.25 -20.5132 -.9837 -.25 -20.5132 -1.1125 -.25 -20.6329 1.331 -.25 -20.8677
3 4 -.6 -.25 -20.5132 1.331 -.25 -20.8677 1.331 -.25 -20.0337
4 4 -.6 -.25 -19.5317 -.6 -.25 -20.5132 1.331 -.25 -20.0337 1.331 -.25 -19.9437
4 4 1.421 -.25 -19.1577 1.331 -.25 -19.1577 -.6 -.25 -19.5317 1.331 -.25 -19.9437
3 4 -.6 -.25 -19.5317 1.331 -.25 -19.1577 1.331 -.25 -19.0677
3 4 -8 -.25 .0153 -4.7252 -.25 -1.0906 -4.5939 -.25 -.5699
3 4 -8 -.25 .0153 -4.8277 -.25 -1.6177 -4.7252 -.25 -1.0906
3 4 3.808 -.25 -.8888 4.96 -.25 -3.2217 8 -.25 .0153
3 4 -4.9453 -.25 -2.6849 -4.9011 -.25 -2.1497 -8 -.25 .0153
3 4 3.4901 -.25 -.3719 3.808 -.25 -.8888 8 -.25 .0153
3 4 -4.5939 -.25 -.5699 -4.4343 -.25 -.0571 -8 -.25 .0153
3 4 -8 -.25 .0153 -4.4343 -.25 -.0571 -4.4073 -.25 .0153
3 4 -8 -.25 .0153 -4.9011 -.25 -2.1497 -4.8277 -.25 -1.6177
3 4 -4.96 -.25 -3.2217 -4.9453 -.25 -2.6849 -8 -.25 .0153
3 4 3.1389 -.25 .0153 3.4901 -.25 -.3719 8 -.25 .0153
4 4 2.786 -.25 -16.7637 8 -.25 .0153 4.96 -.25 -3.2217 3.808 -.25 -5.5546
4 4 3.808 -.25 -5.5546 3.4901 -.25 -6.0715 1.958 -.25 -15.8217 2.786 -.25 -16.7637
4 4 3.4901 -.25 -6.0715 3.0823 -.25 -6.5211 1.868 -.25 -15.8217 1.958 -.25 -15.8217
4 4 3.0823 -.25 -6.5211 2.5987 -.25 -6.8877 1.421 -.25 -15.8217 1.868 -.25 -15.8217
4 4 2.5987 -.25 -6.8877 2.0558 -.25 -7.159 1.331 -.25 -15.8217 1.421 -.25 -15.8217
4 4 2.0558 -.25 -7.159 1.4723 -.25 -7.3255 -.66 -.25 -17.0757 1.331 -.25 -15.8217
4 4 1.4723 -.25 -7.3255 .868 -.25 -7.3817 -1.91 -.25 -17.0757 -.66 -.25 -17.0757
4 4 .868 -.25 -7.3817 -2.54 -.25 -16.0917 -2.6037 -.25 -16.382 -1.91 -.25 -17.0757
4 4 -3.22 -.25 -16.0917 -2.54 -.25 -16.0917 .868 -.25 -7.3817 -4.032 -.25 -7.3817
3 4 -8 -.25 .0153 -4.9453 -.25 -3.7585 -4.96 -.25 -3.2217
3 4 -4.9453 -.25 -3.7585 -8 -.25 .0153 -4.9011 -.25 -4.2937
3 4 -4.9011 -.25 -4.2937 -8 -.25 .0153 -4.8277 -.25 -4.8257
3 4 -8 -.25 .0153 -4.7252 -.25 -5.3528 -4.8277 -.25 -4.8257
3 4 -4.7252 -.25 -5.3528 -8 -.25 .0153 -4.5939 -.25 -5.8735
3 4 -4.5939 -.25 -5.8735 -8 -.25 .0153 -4.4343 -.25 -6.3863
3 4 -4.4343 -.25 -6.3863 -8 -.25 .0153 -4.2468 -.25 -6.8895
3 4 -4.2468 -.25 -6.8895 -3.22 -.25 -16.0917 -4.032 -.25 -7.3817
0 // White faces
4 15 1.331 -.25 -15.9117 1.958 -.25 -15.9117 1.868 -.25 -15.8217 1.421 -.25 -15.8217
3 15 1.331 -.25 -15.9117 1.958 -.25 -16.9977 1.958 -.25 -15.9117
4 15 1.331 -.25 -15.9117 1.739 -.25 -17.0877 1.868 -.25 -17.0877 1.958 -.25 -16.9977
3 15 1.331 -.25 -15.9117 1.649 -.25 -17.0877 1.739 -.25 -17.0877
3 15 1.331 -.25 -15.9117 1.649 -.25 -17.1777 1.649 -.25 -17.0877
4 15 1.331 -.25 -15.9117 1.331 -.25 -19.0677 1.649 -.25 -18.1167 1.649 -.25 -17.1777
4 15 -2.6037 -.25 -16.382 -2.54 -.25 -16.0917 -3.22 -.25 -16.0917 -3.22 -.25 -16.382
4 15 -2.6037 -.25 -16.382 -3.22 -.25 -16.382 -3.1875 -.25 -16.6348 -3.0921 -.25 -16.8712
4 15 -2.6037 -.25 -16.382 -3.0921 -.25 -16.8712 -2.94 -.25 -17.0757 -2.6037 -.25 -17.0757
4 15 2.198 -.25 -16.7637 2.108 -.25 -16.8537 2.108 -.25 -17.6187 2.198 -.25 -17.7087
3 15 2.198 -.25 -16.7637 2.198 -.25 -17.7087 2.288 -.25 -17.7087
4 15 2.198 -.25 -16.7637 2.288 -.25 -17.7087 2.606 -.25 -17.7087 2.696 -.25 -16.7637
3 15 2.696 -.25 -16.7637 2.606 -.25 -17.7087 2.696 -.25 -17.7087
4 15 2.696 -.25 -16.7637 2.696 -.25 -17.7087 2.786 -.25 -17.6187 2.786 -.25 -16.8537
4 15 2.288 -.25 -17.7987 2.606 -.25 -17.7987 2.606 -.25 -17.7087 2.288 -.25 -17.7087
4 15 2.288 -.25 -17.7987 2.288 -.25 -18.1167 2.606 -.25 -18.1167 2.606 -.25 -17.7987
3 15 -3.16 -.25 -17.8437 -2.94 -.25 -17.0757 -3.16 -.25 -17.0757
3 15 -3.16 -.25 -17.8437 -2.6037 -.25 -17.0757 -2.94 -.25 -17.0757
4 15 -3.16 -.25 -17.8437 -.66 -.25 -17.8437 -1.91 -.25 -17.0757 -2.6037 -.25 -17.0757
3 15 -.66 -.25 -17.8437 -.66 -.25 -17.0757 -1.91 -.25 -17.0757
4 15 3.869 -.25 -18.1167 3.779 -.25 -18.0267 3.035 -.25 -18.0267 2.945 -.25 -18.1167
3 15 3.869 -.25 -18.1167 2.945 -.25 -18.1167 2.945 -.25 -18.2067
4 15 3.869 -.25 -18.1167 2.945 -.25 -18.2067 2.855 -.25 -18.9777 2.945 -.25 -18.9777
4 15 3.869 -.25 -18.1167 2.945 -.25 -18.9777 2.945 -.25 -19.0677 3.035 -.25 -19.1577
4 15 3.869 -.25 -18.1167 3.035 -.25 -19.1577 3.779 -.25 -19.1577 3.869 -.25 -19.0677
3 15 -1.91 -.25 -18.1437 -3.22 -.25 -19.5317 -2.54 -.25 -18.9117
3 15 -1.91 -.25 -18.1437 -2.54 -.25 -18.9117 -1.91 -.25 -18.9117
3 15 -1.91 -.25 -18.1437 -1.91 -.25 -18.9117 -1.28 -.25 -18.9117
3 15 -1.91 -.25 -18.1437 -1.28 -.25 -18.9117 -.6 -.25 -19.5317
4 15 2.198 -.25 -18.2067 1.739 -.25 -18.2067 1.421 -.25 -19.1577 2.168 -.25 -19.1577
4 15 2.198 -.25 -18.2067 2.168 -.25 -19.1577 2.258 -.25 -19.0677 2.258 -.25 -18.9777
4 15 2.198 -.25 -18.2067 2.258 -.25 -18.9777 2.348 -.25 -18.9777 2.288 -.25 -18.2067
4 15 2.606 -.25 -18.2067 2.606 -.25 -18.1167 2.288 -.25 -18.1167 2.288 -.25 -18.2067
4 15 2.606 -.25 -18.2067 2.288 -.25 -18.2067 2.348 -.25 -18.9777 2.855 -.25 -18.9777
3 15 2.606 -.25 -18.2067 2.855 -.25 -18.9777 2.696 -.25 -18.2067
3 15 2.855 -.25 -18.9777 2.855 -.25 -18.2067 2.696 -.25 -18.2067
3 15 2.855 -.25 -18.9777 2.945 -.25 -18.2067 2.855 -.25 -18.2067
3 15 1.331 -.25 -19.0677 1.649 -.25 -18.2067 1.649 -.25 -18.1167
4 15 1.331 -.25 -19.0677 1.421 -.25 -19.1577 1.739 -.25 -18.2067 1.649 -.25 -18.2067
3 15 -2.54 -.25 -19.5317 -2.54 -.25 -18.9117 -3.22 -.25 -19.5317
3 15 -1.28 -.25 -19.5317 -.6 -.25 -19.5317 -1.28 -.25 -18.9117
4 15 1.331 -.25 -20.0337 1.958 -.25 -20.0337 1.868 -.25 -19.9437 1.421 -.25 -19.9437
4 15 1.331 -.25 -20.0337 1.331 -.25 -20.8677 1.958 -.25 -20.8677 1.958 -.25 -20.0337
4 15 -2.7075 -.25 -20.6329 -2.565 -.25 -20.7337 -1.255 -.25 -20.7337 -1.1125 -.25 -20.6329
4 15 -2.4113 -.25 -20.8141 -1.4087 -.25 -20.8141 -1.255 -.25 -20.7337 -2.565 -.25 -20.7337
4 15 -2.54 -.25 -20.1517 -2.54 -.25 -19.5317 -3.22 -.25 -19.5317 -2.8363 -.25 -20.5132
4 15 -.6 -.25 -19.5317 -1.28 -.25 -19.5317 -1.28 -.25 -20.1517 -.9837 -.25 -20.5132
4 15 -1.91 -.25 -20.1517 -2.54 -.25 -20.1517 -2.8363 -.25 -20.5132 -2.7075 -.25 -20.6329
4 15 -1.91 -.25 -20.1517 -1.1125 -.25 -20.6329 -.9837 -.25 -20.5132 -1.28 -.25 -20.1517
3 15 -1.91 -.25 -20.1517 -2.7075 -.25 -20.6329 -1.1125 -.25 -20.6329
4 15 -2.4113 -.25 -20.8141 -2.249 -.25 -20.8724 -1.571 -.25 -20.8724 -1.4087 -.25 -20.8141
4 15 3.8621 -.25 -20.8841 3.869 -.25 -20.8497 3.869 -.25 -19.7157 3.779 -.25 -19.6257
4 15 3.8621 -.25 -20.8841 3.779 -.25 -19.6257 3.014 -.25 -19.6257 2.924 -.25 -19.7157
3 15 3.8621 -.25 -20.8841 2.924 -.25 -19.7157 2.924 -.25 -20.5407
3 15 3.8621 -.25 -20.8841 2.924 -.25 -20.5407 2.9171 -.25 -20.5751
4 15 3.8621 -.25 -20.8841 2.9171 -.25 -20.5751 2.8976 -.25 -20.6044 3.8562 -.25 -20.8931
4 15 -2.1506 -.25 -20.8931 -1.6694 -.25 -20.8931 -1.571 -.25 -20.8724 -2.249 -.25 -20.8724
4 15 1.3361 -.25 -20.8931 1.9631 -.25 -20.8931 1.958 -.25 -20.8677 1.331 -.25 -20.8677
3 15 2.6089 -.25 -20.8931 3.8562 -.25 -20.8931 2.8976 -.25 -20.6044
0 // Yellow faces
4 14 -1.696 -.25 -4.4537 -1.696 -.25 -5.1817 1.032 -.25 -5.1817 1.448 -.25 -4.4537
4 14 1.0804 -.25 -5.2909 1.6063 -.25 -4.7923 1.448 -.25 -4.4537 1.032 -.25 -5.1817
4 14 1.11 -.25 -5.4067 1.7033 -.25 -5.1533 1.6063 -.25 -4.7923 1.0804 -.25 -5.2909
4 14 1.12 -.25 -5.5257 1.736 -.25 -5.5257 1.7033 -.25 -5.1533 1.11 -.25 -5.4067
4 14 1.736 -.25 -5.5257 1.12 -.25 -5.5257 1.0914 -.25 -5.6696 1.6674 -.25 -5.9291
4 14 1.0098 -.25 -5.7915 1.4646 -.25 -6.2844 1.6674 -.25 -5.9291 1.0914 -.25 -5.6696
4 14 1.4646 -.25 -6.2844 1.0098 -.25 -5.7915 .8878 -.25 -5.8731 1.1424 -.25 -6.5367
4 14 .744 -.25 -5.9017 .744 -.25 -6.6297 1.1424 -.25 -6.5367 .8878 -.25 -5.8731
4 14 .744 -.25 -6.6297 .744 -.25 -5.9017 -1.696 -.25 -5.9017 -1.696 -.25 -6.6297
4 14 1.081 -.25 -3.3577 -1.512 -.25 -4.0857 3.208 -.25 -4.0857 1.7141 -.25 -3.3577
3 14 1.7141 -.25 -3.3577 3.208 -.25 -4.0857 3.208 -.25 -3.3577
4 14 -1.6572 -.25 -3.7776 -1.512 -.25 -4.0857 1.081 -.25 -3.3577 -1.136 -.25 -3.3577
4 14 -1.136 -.25 -3.3577 -1.1838 -.25 -3.2378 -1.7461 -.25 -3.4489 -1.6572 -.25 -3.7776
4 14 -1.776 -.25 -3.1097 -1.7461 -.25 -3.4489 -1.1838 -.25 -3.2378 -1.2 -.25 -3.1097
4 14 -1.2 -.25 -3.1097 -1.1838 -.25 -2.9816 -1.7434 -.25 -2.8209 -1.776 -.25 -3.1097
4 14 -1.6473 -.25 -2.5466 -1.7434 -.25 -2.8209 -1.1838 -.25 -2.9816 -1.136 -.25 -2.8617
4 14 -1.4924 -.25 -2.3006 -1.6473 -.25 -2.5466 -1.136 -.25 -2.8617 -1.0598 -.25 -2.7575
4 14 -1.0403 -.25 -1.9411 -1.2866 -.25 -2.0953 -.96 -.25 -2.6756 -.8444 -.25 -2.6218
4 14 -1.0598 -.25 -2.7575 -.96 -.25 -2.6756 -1.2866 -.25 -2.0953 -1.4924 -.25 -2.3006
3 14 1 -.25 -1.9411 .7894 -.25 -2.6218 .905 -.25 -2.6756
4 14 .7257 -.25 -1.8456 .6566 -.25 -2.5829 .7894 -.25 -2.6218 1 -.25 -1.9411
3 14 .7257 -.25 -1.8456 .522 -.25 -2.5509 .6566 -.25 -2.5829
4 14 1.0048 -.25 -2.7575 1.081 -.25 -2.8617 1.4524 -.25 -2.3006 1.2466 -.25 -2.0953
4 14 1 -.25 -1.9411 .905 -.25 -2.6756 1.0048 -.25 -2.7575 1.2466 -.25 -2.0953
4 14 1.1287 -.25 -2.9816 1.145 -.25 -3.1097 1.7034 -.25 -2.8209 1.6072 -.25 -2.5466
4 14 1.7034 -.25 -2.8209 1.145 -.25 -3.1097 1.1287 -.25 -3.2378 1.736 -.25 -3.1097
4 14 1.081 -.25 -2.8617 1.1287 -.25 -2.9816 1.6072 -.25 -2.5466 1.4524 -.25 -2.3006
4 14 1.1287 -.25 -3.2378 1.081 -.25 -3.3577 1.7141 -.25 -3.3577 1.736 -.25 -3.1097
4 14 .1303 -.25 -1.7657 -.1704 -.25 -1.7657 -.1658 -.25 -2.4973 -.0275 -.25 -2.4937
3 14 .1303 -.25 -1.7657 -.0275 -.25 -2.4937 .1108 -.25 -2.4973
4 14 .2487 -.25 -2.508 .4298 -.25 -1.7924 .1303 -.25 -1.7657 .1108 -.25 -2.4973
4 14 -.7117 -.25 -2.5829 -.577 -.25 -2.5509 -.4698 -.25 -1.7924 -.7658 -.25 -1.8456
4 14 -.8444 -.25 -2.6218 -.7117 -.25 -2.5829 -.7658 -.25 -1.8456 -1.0403 -.25 -1.9411
4 14 -.1704 -.25 -1.7657 -.4698 -.25 -1.7924 -.441 -.25 -2.5259 -.3038 -.25 -2.508
3 14 -.4698 -.25 -1.7924 -.577 -.25 -2.5509 -.441 -.25 -2.5259
3 14 -.3038 -.25 -2.508 -.1658 -.25 -2.4973 -.1704 -.25 -1.7657
3 14 .4298 -.25 -1.7924 .2487 -.25 -2.508 .3859 -.25 -2.5259
4 14 .522 -.25 -2.5509 .7257 -.25 -1.8456 .4298 -.25 -1.7924 .3859 -.25 -2.5259
4 14 -1.072 -.25 -.0768 -1.688 -.25 -.1363 -1.7367 -.25 -.297 -1.138 -.25 -.2187
4 14 -1.138 -.25 -.2187 -1.7367 -.25 -.297 -1.7662 -.25 -.4622 -1.1784 -.25 -.3699
4 14 -1.776 -.25 -.6297 -1.192 -.25 -.5257 -1.1784 -.25 -.3699 -1.7662 -.25 -.4622
4 14 -1.7574 -.25 -.8186 -1.1849 -.25 -.5979 -1.192 -.25 -.5257 -1.776 -.25 -.6297
4 14 1.6562 -.25 -.3807 1.1254 -.25 -.7119 1.1513 -.25 -.7971 1.7158 -.25 -.5772
4 14 1.5594 -.25 -.1995 1.0834 -.25 -.6335 1.1254 -.25 -.7119 1.6562 -.25 -.3807
4 14 1.429 -.25 -.0407 1.027 -.25 -.5647 1.0834 -.25 -.6335 1.5594 -.25 -.1995
4 14 .3761 -.25 -.5737 -.0734 -.25 -.0615 -.2031 -.25 -.2301 .3199 -.25 -.6467
4 14 .3199 -.25 -.6467 -.2031 -.25 -.2301 -.5068 -.25 -.7207 .015 -.25 -1.1392
4 14 .015 -.25 -1.1392 -.5068 -.25 -.7207 -.5526 -.25 -.7802 -.1048 -.25 -1.2949
4 14 -.1048 -.25 -1.2949 -.5526 -.25 -.7802 -.6095 -.25 -.8293 -.2536 -.25 -1.4231
4 14 -.2536 -.25 -1.4231 -.6095 -.25 -.8293 -.6752 -.25 -.8659 -.4252 -.25 -1.5188
4 14 -.4252 -.25 -1.5188 -.6752 -.25 -.8659 -.7469 -.25 -.8884 -.6126 -.25 -1.5778
4 14 -.6126 -.25 -1.5778 -.7469 -.25 -.8884 -.8217 -.25 -.896 -.808 -.25 -1.5977
4 14 -.808 -.25 -1.5977 -.8217 -.25 -.896 -.8939 -.25 -.8889 -.9969 -.25 -1.5791
4 14 -.9969 -.25 -1.5791 -.8939 -.25 -.8889 -.9634 -.25 -.8679 -1.1785 -.25 -1.524
4 14 -1.1785 -.25 -1.524 -.9634 -.25 -.8679 -1.0274 -.25 -.8336 -1.3458 -.25 -1.4346
4 14 -1.3458 -.25 -1.4346 -1.0274 -.25 -.8336 -1.0835 -.25 -.7875 -1.4925 -.25 -1.3142
4 14 -1.4925 -.25 -1.3142 -1.0835 -.25 -.7875 -1.1296 -.25 -.7315 -1.6129 -.25 -1.1675
4 14 -1.6129 -.25 -1.1675 -1.1296 -.25 -.7315 -1.1638 -.25 -.6675 -1.7023 -.25 -1
4 14 -1.7023 -.25 -1 -1.1638 -.25 -.6675 -1.1849 -.25 -.5979 -1.7574 -.25 -.8186
4 14 1.651 -.25 -1.2739 1.04 -.25 -1.3346 .9504 -.25 -1.4629 1.586 -.25 -1.428
4 14 .84 -.25 -1.5737 1.504 -.25 -1.5737 1.586 -.25 -1.428 .9504 -.25 -1.4629
4 14 1.698 -.25 -1.1135 1.1059 -.25 -1.1927 1.04 -.25 -1.3346 1.651 -.25 -1.2739
4 14 1.7265 -.25 -.9487 1.1464 -.25 -1.0415 1.1059 -.25 -1.1927 1.698 -.25 -1.1135
4 14 1.736 -.25 -.7817 1.16 -.25 -.8857 1.1464 -.25 -1.0415 1.7265 -.25 -.9487
4 14 1.7158 -.25 -.5772 1.1513 -.25 -.7971 1.16 -.25 -.8857 1.736 -.25 -.7817
4 14 -4.4343 -.25 -6.3863 -4.2468 -.25 -6.8895 -2.2427 -.25 -6.6103 -2.535 -.25 -6.198
4 14 -1.928 -.25 -7.0057 -2.2427 -.25 -6.6103 -4.2468 -.25 -6.8895 -4.032 -.25 -7.3817
4 14 -4.5939 -.25 -5.8735 -4.4343 -.25 -6.3863 -2.535 -.25 -6.198 -2.8042 -.25 -5.7703
4 14 3.4901 -.25 -.3719 3.1894 -.25 -.5976 3.4709 -.25 -1.0553 3.808 -.25 -.8888
4 14 3.808 -.25 -.8888 3.4709 -.25 -1.0553 4.5406 -.25 -3.2217 4.96 -.25 -3.2217
4 14 4.96 -.25 -3.2217 4.5406 -.25 -3.2217 3.4709 -.25 -5.3881 3.808 -.25 -5.5546
4 14 3.808 -.25 -5.5546 3.4709 -.25 -5.3881 3.1894 -.25 -5.8458 3.4901 -.25 -6.0715
4 14 3.4901 -.25 -6.0715 3.1894 -.25 -5.8458 2.8284 -.25 -6.2437 3.0823 -.25 -6.5211
4 14 3.0823 -.25 -6.5211 2.8284 -.25 -6.2437 2.4003 -.25 -6.5683 2.5987 -.25 -6.8877
4 14 2.5987 -.25 -6.8877 2.4003 -.25 -6.5683 1.9197 -.25 -6.8085 2.0558 -.25 -7.159
4 14 2.0558 -.25 -7.159 1.9197 -.25 -6.8085 1.403 -.25 -6.9559 1.4723 -.25 -7.3255
4 14 1.4723 -.25 -7.3255 1.403 -.25 -6.9559 .868 -.25 -7.0057 .868 -.25 -7.3817
4 14 -4.4343 -.25 -.0571 -4.5939 -.25 -.5699 -4.0744 -.25 -.9444 -4.0507 -.25 -.4395
4 14 -4.0701 -.25 -1.4498 -4.0744 -.25 -.9444 -4.5939 -.25 -.5699 -4.7252 -.25 -1.0906
4 14 -4.0378 -.25 -1.9541 -4.0701 -.25 -1.4498 -4.7252 -.25 -1.0906 -4.8277 -.25 -1.6177
4 14 -4.8277 -.25 -1.6177 -4.9011 -.25 -2.1497 -3.9778 -.25 -2.4559 -4.0378 -.25 -1.9541
4 14 -4.9011 -.25 -2.1497 -4.9453 -.25 -2.6849 -3.8901 -.25 -2.9536 -3.9778 -.25 -2.4559
4 14 -3.775 -.25 -3.4457 -3.8901 -.25 -2.9536 -4.9453 -.25 -2.6849 -4.96 -.25 -3.2217
4 14 -4.96 -.25 -3.2217 -4.9453 -.25 -3.7585 -3.6329 -.25 -3.9307 -3.775 -.25 -3.4457
4 14 -4.9453 -.25 -3.7585 -4.9011 -.25 -4.2937 -3.4642 -.25 -4.4071 -3.6329 -.25 -3.9307
4 14 -4.9011 -.25 -4.2937 -4.8277 -.25 -4.8257 -3.2694 -.25 -4.8734 -3.4642 -.25 -4.4071
4 14 -4.8277 -.25 -4.8257 -4.7252 -.25 -5.3528 -3.0492 -.25 -5.3283 -3.2694 -.25 -4.8734
4 14 -4.7252 -.25 -5.3528 -4.5939 -.25 -5.8735 -2.8042 -.25 -5.7703 -3.0492 -.25 -5.3283
4 14 .868 -.25 -7.0057 -1.928 -.25 -7.0057 -4.032 -.25 -7.3817 .868 -.25 -7.3817
4 14 -1.072 -.25 -.0768 -1.0077 -.25 .0153 -1.6218 -.25 .0153 -1.688 -.25 -.1363
4 14 -4.4343 -.25 -.0571 -4.0507 -.25 -.4395 -4.0041 -.25 .0153 -4.4073 -.25 .0153
3 14 2.5449 -.25 .0153 2.8284 -.25 -.1997 3.1389 -.25 .0153
4 14 3.1894 -.25 -.5976 3.4901 -.25 -.3719 3.1389 -.25 .0153 2.8284 -.25 -.1997
3 14 .7946 -.25 -.4404 .8797 -.25 -.4663 1.3609 -.25 .0153
4 14 .6142 -.25 -.4411 .7059 -.25 -.4317 1.3609 -.25 .0153 .0157 -.25 .0153
3 14 .7059 -.25 -.4317 .7946 -.25 -.4404 1.3609 -.25 .0153
4 14 .9582 -.25 -.5082 1.027 -.25 -.5647 1.429 -.25 -.0407 1.3609 -.25 .0153
3 14 .8797 -.25 -.4663 .9582 -.25 -.5082 1.3609 -.25 .0153
3 14 .0157 -.25 .0153 .5264 -.25 -.4687 .6142 -.25 -.4411
3 14 .0157 -.25 .0153 .4459 -.25 -.5135 .5264 -.25 -.4687
4 14 .0157 -.25 .0153 -.0734 -.25 -.0615 .3761 -.25 -.5737 .4459 -.25 -.5135