0 ~Sticker  0.8 x  3.0 with Castrol Edge Logo on Red Background Left - First Face
0 Name: s\6177969qs07.dat
0 Author: Massimo Maso [Sirio]
0 !LDRAW_ORG Subpart UPDATE 2026-06
0 !LICENSE Licensed under CC BY 4.0 : see CAreadme.txt

0 BFC CERTIFY CCW

0 !HISTORY 2025-08-31 [OrionP] Official Update 2025-08
0 !HISTORY 2025-11-14 [Sirio] Modified for changes in 50950
0 !HISTORY 2026-02-15 [MagFors] Corrected length
0 !HISTORY 2026-06-28 [OrionP] Official Update 2026-06

0 // Primitives
1 4 -6.5 -0.25 7.3122 -1.5 0 0 0 1 0 0 0 1.5 1-4chrd.dat
1 4 6.5 -0.25 7.3122 1.5 0 0 0 1 0 0 0 1.5 1-4chrd.dat
1 2 -0.2664 -0.25 3.8959 -0.5141 0 0 0 1 0 0 0 0.5141 1-4ndis.dat
1 15 -0.2664 -0.25 3.8959 -0.5141 0 0 0 1 0 0 0 0.5141 1-4chrd.dat
0 // Faces
0 // Green faces
3 2 0.329 -0.25 4.738 0 -0.25 4.7597 -0.1659 -0.25 4.3999
4 2 -0.1659 -0.25 4.3999 1.9366 -0.25 3.8452 1.7819 -0.25 4.0216 1.5341 -0.25 4.2389
4 2 -0.1659 -0.25 4.3999 1.5341 -0.25 4.2389 1.26 -0.25 4.422 0.9643 -0.25 4.5679
4 2 -0.1659 -0.25 4.3999 0.9643 -0.25 4.5679 0.6521 -0.25 4.6736 0.329 -0.25 4.738
4 2 -0.1659 -0.25 4.3999 0 -0.25 4.7597 -0.329 -0.25 4.738 -0.2664 -0.25 4.41
4 2 -0.7805 -0.25 3.8959 -1.9992 -0.25 3.7738 -2.1823 -0.25 3.4997 -2.3282 -0.25 3.204
4 2 -0.7805 -0.25 3.8959 -1.9992 -0.25 0.7057 -1.7819 -0.25 0.4579 -1.5341 -0.25 0.2405
4 2 -0.7805 -0.25 3.8959 -2.3282 -0.25 3.204 -2.4339 -0.25 2.8918 -2.4983 -0.25 2.5687
4 2 -0.7805 -0.25 3.8959 -2.3282 -0.25 1.2755 -2.1823 -0.25 0.9797 -1.9992 -0.25 0.7057
4 2 -0.7805 -0.25 3.8959 -2.4983 -0.25 2.5687 -2.52 -0.25 2.2397 -2.4983 -0.25 1.9107
4 2 -0.7805 -0.25 3.8959 -2.4983 -0.25 1.9107 -2.4343 -0.25 1.5877 -2.3282 -0.25 1.2755
4 2 0.8645 -0.25 3.5337 2.52 -0.25 2.2397 2.4983 -0.25 2.5687 2.4339 -0.25 2.8918
3 2 0.8645 -0.25 3.5337 2.4983 -0.25 1.9107 2.52 -0.25 2.2397
3 2 0.8645 -0.25 3.5337 2.4339 -0.25 2.8918 2.3496 -0.25 3.141
4 2 0.8645 -0.25 3.5337 2.3282 -0.25 1.2755 2.4343 -0.25 1.5877 2.4983 -0.25 1.9107
4 2 0.8645 -0.25 3.5337 1.9992 -0.25 0.7057 2.1823 -0.25 0.9797 2.3282 -0.25 1.2755
4 2 0.8645 -0.25 3.5337 1.5341 -0.25 0.2405 1.7819 -0.25 0.4579 1.9992 -0.25 0.7057
4 2 -1.9992 -0.25 3.7738 -0.7805 -0.25 3.8959 -1.5341 -0.25 4.2389 -1.7819 -0.25 4.0216
4 2 -0.9643 -0.25 4.5679 -1.26 -0.25 4.422 -1.5341 -0.25 4.2389 -0.7805 -0.25 3.8959
3 2 -0.9643 -0.25 4.5679 -0.7805 -0.25 3.8959 -0.7805 -0.25 4.41
4 2 -0.9643 -0.25 4.5679 -0.2664 -0.25 4.41 -0.329 -0.25 4.738 -0.6521 -0.25 4.6736
3 2 -0.2664 -0.25 4.41 -0.9643 -0.25 4.5679 -0.7805 -0.25 4.41
4 2 -0.7805 -0.25 -0.0132 -0.7805 -0.25 3.8959 -1.26 -0.25 0.0575 -1.1168 -0.25 -0.0132
3 2 -1.5341 -0.25 0.2405 -1.26 -0.25 0.0575 -0.7805 -0.25 3.8959
4 2 0.8645 -0.25 -0.0132 1.1168 -0.25 -0.0132 1.26 -0.25 0.0575 0.8645 -0.25 3.5337
3 2 0.8645 -0.25 3.5337 1.26 -0.25 0.0575 1.5341 -0.25 0.2405
0 // Red faces
4 4 0.49 -0.25 -0.0132 0.49 -0.25 3.4297 -0.406 -0.25 3.6667 -0.406 -0.25 -0.0132
3 4 -6.5 -0.25 8.8122 -3.0188 -0.25 2.637 -2.9411 -0.25 3.0279
3 4 -6.5 -0.25 8.8122 -2.9411 -0.25 3.0279 -2.8133 -0.25 3.4049
3 4 -6.5 -0.25 8.8122 -2.8133 -0.25 3.4049 -2.6369 -0.25 3.7622
3 4 -6.5 -0.25 8.8122 -2.6369 -0.25 3.7622 -2.4161 -0.25 4.0937
3 4 -6.5 -0.25 8.8122 -2.4161 -0.25 4.0937 -2.1532 -0.25 4.3929
3 4 -6.5 -0.25 8.8122 -2.1532 -0.25 4.3929 -1.854 -0.25 4.6558
3 4 -6.5 -0.25 8.8122 -1.854 -0.25 4.6558 -1.5225 -0.25 4.8766
3 4 -6.5 -0.25 8.8122 -1.5225 -0.25 4.8766 -1.1652 -0.25 5.053
3 4 -6.5 -0.25 8.8122 -1.1652 -0.25 5.053 -0.7882 -0.25 5.1808
3 4 -6.5 -0.25 8.8122 -0.7882 -0.25 5.1808 -0.3973 -0.25 5.2585
3 4 -6.5 -0.25 8.8122 -0.3973 -0.25 5.2585 0 -0.25 5.2847
3 4 -6.5 -0.25 8.8122 0 -0.25 5.2847 6.5 -0.25 8.8122
3 4 6.5 -0.25 8.8122 0 -0.25 5.2847 0.3973 -0.25 5.2585
3 4 6.5 -0.25 8.8122 0.3973 -0.25 5.2585 0.7882 -0.25 5.1808
3 4 6.5 -0.25 8.8122 0.7882 -0.25 5.1808 1.1652 -0.25 5.053
3 4 6.5 -0.25 8.8122 1.1652 -0.25 5.053 1.5225 -0.25 4.8766
3 4 6.5 -0.25 8.8122 1.5225 -0.25 4.8766 1.854 -0.25 4.6558
3 4 6.5 -0.25 8.8122 1.854 -0.25 4.6558 2.1532 -0.25 4.3929
3 4 6.5 -0.25 8.8122 2.1532 -0.25 4.3929 2.4161 -0.25 4.0937
3 4 6.5 -0.25 8.8122 2.4161 -0.25 4.0937 2.6369 -0.25 3.7622
3 4 6.5 -0.25 8.8122 2.6369 -0.25 3.7622 2.8396 -0.25 3.3398
3 4 6.5 -0.25 8.8122 2.8396 -0.25 3.3398 3.0188 -0.25 2.637
4 4 -8 -0.25 7.3122 -3.045 -0.25 2.2397 -3.0188 -0.25 2.637 -6.5 -0.25 8.8122
4 4 -8 -0.25 7.3122 -8 -0.25 -0.0132 -3.045 -0.25 -0.0132 -3.045 -0.25 2.2397
4 4 8 -0.25 7.3122 6.5 -0.25 8.8122 3.0188 -0.25 2.637 3.045 -0.25 2.2397
4 4 8 -0.25 7.3122 3.045 -0.25 2.2397 3.045 -0.25 -0.0132 8 -0.25 -0.0132
0 // White faces
3 15 2.3496 -0.25 3.141 1.9366 -0.25 3.8452 0.8645 -0.25 3.5337
4 15 0.8645 -0.25 3.5337 1.9366 -0.25 3.8452 -0.1659 -0.25 4.3999 0.49 -0.25 3.4297
3 15 -0.2664 -0.25 4.41 -0.7805 -0.25 3.8959 -0.406 -0.25 3.6667
4 15 -0.1659 -0.25 4.3999 -0.2664 -0.25 4.41 -0.406 -0.25 3.6667 0.49 -0.25 3.4297
4 15 2.4983 -0.25 2.5687 2.52 -0.25 2.2397 3.045 -0.25 2.2397 3.0188 -0.25 2.637
4 15 2.4339 -0.25 2.8918 2.4983 -0.25 2.5687 3.0188 -0.25 2.637 2.8396 -0.25 3.3398
4 15 2.3496 -0.25 3.141 2.4339 -0.25 2.8918 2.8396 -0.25 3.3398 2.6369 -0.25 3.7622
3 15 -1.26 -0.25 0.0575 -1.5341 -0.25 0.2405 -3.045 -0.25 -0.0132
4 15 -1.1652 -0.25 5.053 -0.9643 -0.25 4.5679 -0.6521 -0.25 4.6736 -0.7882 -0.25 5.1808
3 15 -1.5341 -0.25 0.2405 -1.7819 -0.25 0.4579 -3.045 -0.25 -0.0132
3 15 -1.7819 -0.25 0.4579 -1.9992 -0.25 0.7057 -3.045 -0.25 -0.0132
4 15 -1.5225 -0.25 4.8766 -1.26 -0.25 4.422 -0.9643 -0.25 4.5679 -1.1652 -0.25 5.053
3 15 -1.9992 -0.25 0.7057 -2.1823 -0.25 0.9797 -3.045 -0.25 -0.0132
3 15 -2.1823 -0.25 0.9797 -2.3282 -0.25 1.2755 -3.045 -0.25 -0.0132
3 15 -2.3282 -0.25 1.2755 -2.4343 -0.25 1.5877 -3.045 -0.25 -0.0132
3 15 -2.4343 -0.25 1.5877 -2.4983 -0.25 1.9107 -3.045 -0.25 -0.0132
4 15 -2.8133 -0.25 3.4049 -2.3282 -0.25 3.204 -2.1823 -0.25 3.4997 -2.6369 -0.25 3.7622
4 15 -2.9411 -0.25 3.0279 -2.4339 -0.25 2.8918 -2.3282 -0.25 3.204 -2.8133 -0.25 3.4049
4 15 -3.045 -0.25 -0.0132 -2.4983 -0.25 1.9107 -2.52 -0.25 2.2397 -3.045 -0.25 2.2397
4 15 -1.5341 -0.25 4.2389 -1.26 -0.25 4.422 -1.5225 -0.25 4.8766 -1.854 -0.25 4.6558
4 15 -1.5341 -0.25 4.2389 -1.854 -0.25 4.6558 -2.1532 -0.25 4.3929 -1.7819 -0.25 4.0216
4 15 -1.9992 -0.25 3.7738 -1.7819 -0.25 4.0216 -2.1532 -0.25 4.3929 -2.4161 -0.25 4.0937
4 15 -1.9992 -0.25 3.7738 -2.4161 -0.25 4.0937 -2.6369 -0.25 3.7622 -2.1823 -0.25 3.4997
4 15 -2.4983 -0.25 2.5687 -2.4339 -0.25 2.8918 -2.9411 -0.25 3.0279 -3.0188 -0.25 2.637
4 15 -2.4983 -0.25 2.5687 -3.0188 -0.25 2.637 -3.045 -0.25 2.2397 -2.52 -0.25 2.2397
4 15 -0.3973 -0.25 5.2585 -0.7882 -0.25 5.1808 -0.6521 -0.25 4.6736 -0.329 -0.25 4.738
4 15 -0.3973 -0.25 5.2585 -0.329 -0.25 4.738 0 -0.25 4.7597 0 -0.25 5.2847
4 15 0 -0.25 5.2847 0 -0.25 4.7597 0.329 -0.25 4.738 0.3973 -0.25 5.2585
4 15 0.3973 -0.25 5.2585 0.329 -0.25 4.738 0.6521 -0.25 4.6736 0.7882 -0.25 5.1808
4 15 1.1652 -0.25 5.053 0.7882 -0.25 5.1808 0.6521 -0.25 4.6736 0.9643 -0.25 4.5679
4 15 1.1652 -0.25 5.053 0.9643 -0.25 4.5679 1.26 -0.25 4.422 1.5225 -0.25 4.8766
4 15 1.854 -0.25 4.6558 1.5225 -0.25 4.8766 1.26 -0.25 4.422 1.5341 -0.25 4.2389
4 15 1.9366 -0.25 3.8452 2.3496 -0.25 3.141 2.6369 -0.25 3.7622 2.4161 -0.25 4.0937
4 15 1.5341 -0.25 4.2389 1.7819 -0.25 4.0216 2.1532 -0.25 4.3929 1.854 -0.25 4.6558
4 15 2.1532 -0.25 4.3929 1.7819 -0.25 4.0216 1.9366 -0.25 3.8452 2.4161 -0.25 4.0937
4 15 0.49 -0.25 3.4297 0.49 -0.25 -0.0132 0.8645 -0.25 -0.0132 0.8645 -0.25 3.5337
4 15 3.045 -0.25 2.2397 2.52 -0.25 2.2397 2.4983 -0.25 1.9107 3.045 -0.25 -0.0132
4 15 -0.406 -0.25 3.6667 -0.7805 -0.25 3.8959 -0.7805 -0.25 -0.0132 -0.406 -0.25 -0.0132
3 15 -1.26 -0.25 0.0575 -3.045 -0.25 -0.0132 -1.1168 -0.25 -0.0132
3 15 1.1168 -0.25 -0.0132 3.045 -0.25 -0.0132 1.26 -0.25 0.0575
3 15 2.1823 -0.25 0.9797 3.045 -0.25 -0.0132 2.3282 -0.25 1.2755
3 15 1.5341 -0.25 0.2405 3.045 -0.25 -0.0132 1.7819 -0.25 0.4579
3 15 1.7819 -0.25 0.4579 3.045 -0.25 -0.0132 1.9992 -0.25 0.7057
3 15 2.4343 -0.25 1.5877 3.045 -0.25 -0.0132 2.4983 -0.25 1.9107
3 15 1.26 -0.25 0.0575 3.045 -0.25 -0.0132 1.5341 -0.25 0.2405
3 15 1.9992 -0.25 0.7057 3.045 -0.25 -0.0132 2.1823 -0.25 0.9797
3 15 2.3282 -0.25 1.2755 3.045 -0.25 -0.0132 2.4343 -0.25 1.5877