0 ~Sticker  0.8 x  3.0 with Black Line and Orange Light - Fourth Face
0 Name: s\6221655zs02.dat
0 Author: Massimo Maso [Sirio]
0 !LDRAW_ORG Subpart UPDATE 2026-05
0 !LICENSE Licensed under CC BY 4.0 : see CAreadme.txt

0 BFC CERTIFY CCW

0 !HISTORY 2026-05-31 [OrionP] Official Update 2026-05

0 // Primitives
1 0 -2 -.25 5.5335 -.5 0 0 0 1 0 0 0 .5 1-4ndis.dat
1 25 -2 -.25 5.5335 -.5 0 0 0 1 0 0 0 .5 1-4chrd.dat
1 0 2 -.25 5.5335 .5 0 0 0 1 0 0 0 .5 1-4ndis.dat
1 25 2 -.25 5.5335 .5 0 0 0 1 0 0 0 .5 1-4chrd.dat
0 // Faces
0 // Black faces
4 0 -4.5 -.25 10.4932 -4.5 -.25 -.0153 -2.5 -.25 -.0153 -2.5 -.25 5.5335
3 0 -4.5 -.25 10.4932 -2.5 -.25 5.5335 -2.5 -.25 6.0335
3 0 -4.5 -.25 10.4932 -2.5 -.25 6.0335 -2 -.25 6.0335
4 0 -4.5 -.25 10.4932 -2 -.25 6.0335 2 -.25 6.0335 4.5 -.25 10.4932
3 0 4.5 -.25 10.4932 2 -.25 6.0335 2.5 -.25 6.0335
3 0 4.5 -.25 10.4932 2.5 -.25 6.0335 2.5 -.25 5.5335
4 0 4.5 -.25 10.4932 2.5 -.25 5.5335 2.5 -.25 -.0153 4.5 -.25 -.0153
0 // Green faces
4 16 -4.5 -.25 10.4932 -8 -.25 10.4932 -8 -.25 -.0153 -4.5 -.25 -.0153
4 16 4.5 -.25 10.4932 4.5 -.25 -.0153 8 -.25 -.0153 8 -.25 10.4932
0 // Orange faces
4 25 -2.5 -.25 5.5335 2.5 -.25 5.5335 2 -.25 6.0335 -2 -.25 6.0335
4 25 -2.5 -.25 5.5335 -2.5 -.25 -.0153 2.5 -.25 -.0153 2.5 -.25 5.5335