0 ~Sticker  0.8 x  3.0 with Black Line and Orange Light - Fifth Face
0 Name: s\6221655zs03.dat
0 Author: Magnus Forsberg [MagFors]
0 !LDRAW_ORG Subpart UPDATE 2026-05
0 !LICENSE Licensed under CC BY 4.0 : see CAreadme.txt

0 BFC CERTIFY CCW

0 !HISTORY 2026-02-15 [MagFors] Corrected length
0 !HISTORY 2026-05-31 [OrionP] Official Update 2026-05

0 // Primitives
1 16 -6.5 -.25 -6.4359 -1.5 0 0 0 1 0 0 0 -1.5 1-4chrd.dat
1 16 6.5 -.25 -6.4359 1.5 0 0 0 1 0 0 0 -1.5 1-4chrd.dat
1 25 -2 -.25 -4.4359 -.5 0 0 0 1 0 0 0 -.5 1-4chrd.dat
1 0 -2 -.25 -4.4359 -.5 0 0 0 1 0 0 0 -.5 1-4ndis.dat
1 25 2 -.25 -4.4359 .5 0 0 0 1 0 0 0 -.5 1-4chrd.dat
1 0 2 -.25 -4.4359 .5 0 0 0 1 0 0 0 -.5 1-4ndis.dat
0 // Faces
0 // Black faces
4 0 -4.5 -.25 -7.9359 -2.5 -.25 -4.4359 -2.5 -.25 .0153 -4.5 -.25 .0153
3 0 -4.5 -.25 -7.9359 -2.5 -.25 -4.9359 -2.5 -.25 -4.4359
3 0 -4.5 -.25 -7.9359 -2 -.25 -4.9359 -2.5 -.25 -4.9359
4 0 -4.5 -.25 -7.9359 4.5 -.25 -7.9359 2 -.25 -4.9359 -2 -.25 -4.9359
4 0 4.5 -.25 -7.9359 4.5 -.25 .0153 2.5 -.25 .0153 2.5 -.25 -4.4359
3 0 4.5 -.25 -7.9359 2.5 -.25 -4.4359 2.5 -.25 -4.9359
3 0 4.5 -.25 -7.9359 2.5 -.25 -4.9359 2 -.25 -4.9359
0 // Green faces
4 16 -4.5 -.25 -7.9359 -4.5 -.25 .0153 -8 -.25 .0153 -8 -.25 -6.4359
3 16 -4.5 -.25 -7.9359 -8 -.25 -6.4359 -6.5 -.25 -7.9359
4 16 4.5 -.25 -7.9359 8 -.25 -6.4359 8 -.25 .0153 4.5 -.25 .0153
3 16 4.5 -.25 -7.9359 6.5 -.25 -7.9359 8 -.25 -6.4359
0 // Orange faces
4 25 -2.5 -.25 -4.4359 2.5 -.25 -4.4359 2.5 -.25 .0153 -2.5 -.25 .0153
4 25 -2.5 -.25 -4.4359 -2 -.25 -4.9359 2 -.25 -4.9359 2.5 -.25 -4.4359