0 ~Animal Bird Cockatoo - Eye
0 Name: s\6333p01s01.dat
0 Author: Magnus Forsberg [MagFors]
0 !LDRAW_ORG Subpart UPDATE 2026-04
0 !LICENSE Licensed under CC BY 4.0 : see CAreadme.txt

0 BFC CERTIFY CCW

0 !HISTORY 2026-04-27 [OrionP] Official Update 2026-04

4 14 5.963 -40.739 -3.621 5.911 -41.6 -3.45 5.897 -41.864 -3.502 5.964 -40.811 -4.321
3 14 5.963 -40.739 -3.621 5.964 -40.811 -4.321 5.982 -40.429 -3.828
3 14 5.982 -40.429 -3.828 5.964 -40.811 -4.321 6.003 -40.227 -3.963
4 14 6.003 -40.227 -3.963 5.964 -40.811 -4.321 5.967 -39.676 -4.607 5.997 -40.009 -4.109
4 14 5.967 -39.676 -4.607 5.964 -40.811 -4.321 5.987 -39.35 -5.7 5.971 -39.521 -4.839
3 14 5.987 -39.35 -5.7 5.964 -40.811 -4.321 5.993 -39.406 -5.983
3 14 5.993 -39.406 -5.983 5.964 -40.811 -4.321 5.929 -39.521 -6.561
4 14 5.668 -40.808 -7.799 5.808 -40.009 -7.291 5.929 -39.521 -6.561 5.964 -40.811 -4.321
4 14 5.469 -42.461 -7.779 5.537 -41.809 -7.909 5.668 -40.808 -7.799 5.964 -40.811 -4.321
3 14 5.469 -42.461 -7.779 5.964 -40.811 -4.321 5.454 -42.704 -7.616
3 14 5.454 -42.704 -7.616 5.964 -40.811 -4.321 5.476 -43.191 -7.291
4 14 5.601 -43.758 -6.165 5.553 -43.679 -6.561 5.476 -43.191 -7.291 5.964 -40.811 -4.321
3 14 5.601 -43.758 -6.165 5.964 -40.811 -4.321 5.618 -43.85 -5.7
4 14 5.761 -43.191 -4.109 5.679 -43.679 -4.839 5.618 -43.85 -5.7 5.964 -40.811 -4.321
4 14 5.897 -41.864 -3.502 5.833 -42.518 -3.689 5.761 -43.191 -4.109 5.964 -40.811 -4.321
3 14 5.537 -41.809 -7.909 5.547 -41.6 -7.95 5.668 -40.808 -7.799
4 15 4.972 -45.75 -10.477 4.9153 -45.704 -10.7 4.897 -45.658 -10.766 5.021 -45.705 -10.264
4 15 5.057 -45.562 -10.077 5.021 -45.705 -10.264 4.897 -45.658 -10.766 5.079 -45.391 -9.943
4 15 5.078 -45.15 -9.884 5.079 -45.391 -9.943 4.897 -45.658 -10.766 5.054 -44.92 -9.925
4 15 5.013 -44.726 -10.049 5.054 -44.92 -9.925 4.897 -45.658 -10.766 4.949 -44.582 -10.278
4 15 4.901 -44.55 -10.458 4.949 -44.582 -10.278 4.897 -45.658 -10.766 4.847 -44.596 -10.681
4 15 4.806 -44.726 -10.872 4.847 -44.596 -10.681 4.897 -45.658 -10.766 4.786 -44.92 -11.001
4 15 4.79 -45.15 -11.049 4.786 -44.92 -11.001 4.897 -45.658 -10.766 4.816 -45.38 -11.009
3 15 4.897 -45.658 -10.766 4.861 -45.574 -10.886 4.816 -45.38 -11.009
4 0 4.861 -45.574 -10.886 4.897 -45.658 -10.766 4.862 -46.368 -11.09 4.782 -46.173 -11.349
4 0 4.816 -45.38 -11.009 4.861 -45.574 -10.886 4.782 -46.173 -11.349 4.641 -45.589 -11.743
4 0 4.79 -45.15 -11.049 4.816 -45.38 -11.009 4.641 -45.589 -11.743 4.576 -44.984 -11.838
3 0 4.79 -45.15 -11.049 4.576 -44.984 -11.838 4.786 -44.92 -11.001
3 0 4.786 -44.92 -11.001 4.576 -44.984 -11.838 4.806 -44.726 -10.872
4 0 4.576 -44.984 -11.838 4.996 -43.12 -9.709 4.847 -44.596 -10.681 4.806 -44.726 -10.872
3 0 4.847 -44.596 -10.681 4.996 -43.12 -9.709 4.901 -44.55 -10.458
4 0 4.901 -44.55 -10.458 4.996 -43.12 -9.709 5.019 -43.137 -9.624 4.949 -44.582 -10.278
3 0 4.515 -44.511 -11.784 4.496 -44.044 -11.573 4.555 -43.606 -11.225
4 0 4.891 -43.1 -10.004 4.515 -44.511 -11.784 4.555 -43.606 -11.225 4.672 -43.237 -10.704
4 0 4.996 -43.12 -9.709 4.576 -44.984 -11.838 4.515 -44.511 -11.784 4.891 -43.1 -10.004
4 0 4.949 -44.582 -10.278 5.019 -43.137 -9.624 5.101 -43.244 -9.308 5.013 -44.726 -10.049
4 0 5.013 -44.726 -10.049 5.199 -43.452 -8.953 5.292 -43.71 -8.631 5.054 -44.92 -9.925
3 0 5.101 -43.244 -9.308 5.199 -43.452 -8.953 5.013 -44.726 -10.049
4 0 5.079 -45.391 -9.943 5.292 -43.71 -8.631 5.306 -44.211 -8.295 5.298 -44.58 -8.215
4 0 5.079 -45.391 -9.943 5.298 -44.58 -8.215 5.241 -45.623 -8.331 5.178 -46.173 -8.691
4 0 5.079 -45.391 -9.943 5.178 -46.173 -8.691 5.096 -46.563 -9.302 5.013 -46.7 -10.026
3 0 5.054 -44.92 -9.925 5.292 -43.71 -8.631 5.078 -45.15 -9.884
3 0 5.078 -45.15 -9.884 5.292 -43.71 -8.631 5.079 -45.391 -9.943
3 0 5.298 -44.58 -8.215 5.28 -45.096 -8.193 5.241 -45.623 -8.331
3 0 5.057 -45.562 -10.077 5.079 -45.391 -9.943 5.013 -46.7 -10.026
3 0 5.057 -45.562 -10.077 5.013 -46.7 -10.026 4.936 -46.514 -10.82
3 0 5.057 -45.562 -10.077 4.936 -46.514 -10.82 5.021 -45.705 -10.264
3 0 5.021 -45.705 -10.264 4.936 -46.514 -10.82 4.972 -45.75 -10.477
4 0 4.936 -46.514 -10.82 4.862 -46.368 -11.09 4.9153 -45.704 -10.7 4.972 -45.75 -10.477
3 0 4.9153 -45.704 -10.7 4.862 -46.368 -11.09 4.897 -45.658 -10.766
4 16 4.582 -43.003 -10.852 4.555 -43.606 -11.225 4.496 -44.044 -11.573 4.052 -42.962 -11.868
4 16 4.052 -42.962 -11.868 4.496 -44.044 -11.573 4.515 -44.511 -11.784 4.473 -45.441 -12.359
3 16 4.473 -45.441 -12.359 4.515 -44.511 -11.784 4.576 -44.984 -11.838
3 16 4.473 -45.441 -12.359 4.576 -44.984 -11.838 4.641 -45.589 -11.743
4 16 4.807 -47.531 -11.614 4.473 -45.441 -12.359 4.641 -45.589 -11.743 4.782 -46.173 -11.349
3 16 4.807 -47.531 -11.614 4.782 -46.173 -11.349 4.862 -46.368 -11.09
3 16 4.807 -47.531 -11.614 4.862 -46.368 -11.09 4.936 -46.514 -10.82
4 16 4.936 -46.514 -10.82 5.013 -46.7 -10.026 5.133 -47.564 -8.547 4.807 -47.531 -11.614
3 16 5.133 -47.564 -8.547 5.013 -46.7 -10.026 5.096 -46.563 -9.302
3 16 5.133 -47.564 -8.547 5.096 -46.563 -9.302 5.178 -46.173 -8.691
3 16 5.133 -47.564 -8.547 5.178 -46.173 -8.691 5.241 -45.623 -8.331
4 16 5.28 -45.096 -8.193 5.553 -43.679 -6.561 5.133 -47.564 -8.547 5.241 -45.623 -8.331
3 16 5.133 -47.564 -8.547 5.553 -43.679 -6.561 5.601 -43.758 -6.165
4 16 5.601 -43.758 -6.165 5.618 -43.85 -5.7 5.43 -47.079 -3.751 5.133 -47.564 -8.547
3 16 5.43 -47.079 -3.751 5.618 -43.85 -5.7 5.679 -43.679 -4.839
3 16 5.43 -47.079 -3.751 5.679 -43.679 -4.839 5.761 -43.191 -4.109
3 16 5.43 -47.079 -3.751 5.761 -43.191 -4.109 5.54 -46.353 -2.269
4 16 5.761 -43.191 -4.109 5.833 -42.518 -3.689 5.726 -44.525 -1.433 5.54 -46.353 -2.269
3 16 5.726 -44.525 -1.433 5.833 -42.518 -3.689 5.897 -41.864 -3.502
4 16 6.115 -37.651 -.241 5.726 -44.525 -1.433 5.897 -41.864 -3.502 5.911 -41.6 -3.45
3 16 6.115 -37.651 -.241 5.911 -41.6 -3.45 5.963 -40.739 -3.621
3 16 6.115 -37.651 -.241 5.963 -40.739 -3.621 5.982 -40.429 -3.828
4 16 6.287 -36.016 -1.383 6.115 -37.651 -.241 5.982 -40.429 -3.828 6.003 -40.227 -3.963
3 16 6.287 -36.016 -1.383 6.003 -40.227 -3.963 5.997 -40.009 -4.109
4 16 6.287 -36.016 -1.383 5.997 -40.009 -4.109 5.967 -39.676 -4.607 5.975 -36.253 -5.471
3 16 5.975 -36.253 -5.471 5.967 -39.676 -4.607 5.971 -39.521 -4.839
4 16 6.019 -38.12 -7.504 5.975 -36.253 -5.471 5.971 -39.521 -4.839 5.987 -39.35 -5.7
3 16 6.019 -38.12 -7.504 5.987 -39.35 -5.7 5.993 -39.406 -5.983
3 16 6.019 -38.12 -7.504 5.993 -39.406 -5.983 5.929 -39.521 -6.561
3 16 6.019 -38.12 -7.504 5.929 -39.521 -6.561 5.808 -40.009 -7.291
3 16 6.019 -38.12 -7.504 5.808 -40.009 -7.291 5.668 -40.808 -7.799
4 16 6.019 -38.12 -7.504 5.668 -40.808 -7.799 5.547 -41.6 -7.95 5.22 -41.542 -9.145
4 16 5.547 -41.6 -7.95 5.537 -41.809 -7.909 5.389 -42.944 -8.033 5.22 -41.542 -9.145
3 16 5.389 -42.944 -8.033 5.537 -41.809 -7.909 5.469 -42.461 -7.779
3 16 5.389 -42.944 -8.033 5.469 -42.461 -7.779 5.454 -42.704 -7.616
4 16 5.298 -44.58 -8.215 5.389 -42.944 -8.033 5.454 -42.704 -7.616 5.476 -43.191 -7.291
4 16 5.476 -43.191 -7.291 5.553 -43.679 -6.561 5.28 -45.096 -8.193 5.298 -44.58 -8.215
3 16 5.389 -42.944 -8.033 5.298 -44.58 -8.215 5.306 -44.211 -8.295
3 16 5.389 -42.944 -8.033 5.306 -44.211 -8.295 5.292 -43.71 -8.631
3 16 5.199 -43.452 -8.953 5.101 -43.244 -9.308 5.389 -42.944 -8.033
3 16 5.292 -43.71 -8.631 5.199 -43.452 -8.953 5.389 -42.944 -8.033
4 16 5.389 -42.944 -8.033 5.101 -43.244 -9.308 5.019 -43.137 -9.624 5.026 -42.987 -9.556
3 16 5.026 -42.987 -9.556 5.019 -43.137 -9.624 4.996 -43.12 -9.709
3 16 5.026 -42.987 -9.556 4.996 -43.12 -9.709 4.891 -43.1 -10.004
3 16 5.026 -42.987 -9.556 4.891 -43.1 -10.004 4.582 -43.003 -10.852
3 16 4.582 -43.003 -10.852 4.891 -43.1 -10.004 4.672 -43.237 -10.704
3 16 4.582 -43.003 -10.852 4.672 -43.237 -10.704 4.555 -43.606 -11.225
