0 ~Animal Bird Cockatoo - Beak
0 Name: s\6333s04.dat
0 Author: Magnus Forsberg [MagFors]
0 !LDRAW_ORG Subpart UPDATE 2026-04
0 !LICENSE Licensed under CC BY 4.0 : see CAreadme.txt

0 BFC CERTIFY CCW

0 !HISTORY 2026-04-27 [OrionP] Official Update 2026-04

4 16 -1.725 -39.125 -17.002 1.725 -39.125 -17.002 1.764 -40.377 -17.279 -1.764 -40.377 -17.279
4 16 1.725 -39.125 -17.002 -1.725 -39.125 -17.002 -1.707 -38.03 -16.366 1.707 -38.03 -16.366
4 16 1.731 -37.265 -15.709 1.707 -38.03 -16.366 -1.707 -38.03 -16.366 -1.731 -37.265 -15.709
4 16 1.731 -37.265 -15.709 -1.731 -37.265 -15.709 -1.725 -36.849 -14.805 1.725 -36.849 -14.805
4 16 1.984 -37.228 -14.277 1.725 -36.849 -14.805 -1.725 -36.849 -14.805 -1.984 -37.228 -14.277
4 16 2.171 -37.657 -13.794 1.984 -37.228 -14.277 -1.984 -37.228 -14.277 -2.171 -37.657 -13.794
3 16 2.171 -37.657 -13.794 -2.171 -37.657 -13.794 0 -37.448 -13.093
3 16 0 -37.448 -13.093 -2.171 -37.657 -13.794 -2.285 -37.586 -12.999
3 16 2.171 -37.657 -13.794 0 -37.448 -13.093 2.285 -37.586 -12.999
4 16 2.205 -44.269 -15.4 -2.205 -44.269 -15.4 -1.876 -42.76 -16.399 1.876 -42.76 -16.399
4 16 1.876 -42.76 -16.399 -1.876 -42.76 -16.399 -1.816 -41.665 -17.01 1.816 -41.665 -17.01
4 16 1.816 -41.665 -17.01 -1.816 -41.665 -17.01 -1.764 -40.377 -17.279 1.764 -40.377 -17.279
4 16 -2.68 -38.865 -12.63 -2.459 -38.758 -13.824 -2.965 -41.329 -12.18 -2.87 -40.132 -12.14
3 16 -2.965 -41.329 -12.18 -2.557 -41.385 -14.319 -2.865 -42.264 -12.846
3 16 -2.557 -41.385 -14.319 -2.697 -43.192 -13.957 -2.865 -42.264 -12.846
3 16 -2.557 -41.385 -14.319 -2.384 -42.231 -14.957 -2.697 -43.192 -13.957
3 16 -2.384 -42.231 -14.957 -2.205 -44.269 -15.4 -2.697 -43.192 -13.957
3 16 -2.384 -42.231 -14.957 -1.876 -42.76 -16.399 -2.205 -44.269 -15.4
3 16 -1.876 -42.76 -16.399 -2.384 -42.231 -14.957 -1.816 -41.665 -17.01
4 16 -2.68 -38.865 -12.63 -2.285 -37.586 -12.999 -2.171 -37.657 -13.794 -2.459 -38.758 -13.824
3 16 -2.278 -38.257 -14.658 -2.459 -38.758 -13.824 -2.171 -37.657 -13.794
3 16 -2.278 -38.257 -14.658 -2.171 -37.657 -13.794 -1.984 -37.228 -14.277
3 16 -1.731 -37.265 -15.709 -2.278 -38.257 -14.658 -1.984 -37.228 -14.277
4 16 -2.38 -39.248 -15.089 -2.278 -38.257 -14.658 -1.731 -37.265 -15.709 -1.707 -38.03 -16.366
3 16 -2.38 -39.248 -15.089 -2.459 -38.758 -13.824 -2.278 -38.257 -14.658
3 16 -1.725 -39.125 -17.002 -2.38 -39.248 -15.089 -1.707 -38.03 -16.366
3 16 -1.764 -40.377 -17.279 -2.38 -39.248 -15.089 -1.725 -39.125 -17.002
3 16 -1.764 -40.377 -17.279 -2.339 -40.879 -15.446 -2.38 -39.248 -15.089
3 16 -1.816 -41.665 -17.01 -2.339 -40.879 -15.446 -1.764 -40.377 -17.279
3 16 -1.816 -41.665 -17.01 -2.384 -42.231 -14.957 -2.339 -40.879 -15.446
3 16 -1.731 -37.265 -15.709 -1.984 -37.228 -14.277 -1.725 -36.849 -14.805
3 16 -2.459 -38.758 -13.824 -2.38 -39.248 -15.089 -2.965 -41.329 -12.18
4 16 -2.557 -41.385 -14.319 -2.965 -41.329 -12.18 -2.38 -39.248 -15.089 -2.339 -40.879 -15.446
3 16 -2.557 -41.385 -14.319 -2.339 -40.879 -15.446 -2.384 -42.231 -14.957
3 16 2.865 -42.264 -12.846 2.557 -41.385 -14.319 2.965 -41.329 -12.18
3 16 2.557 -41.385 -14.319 2.87 -40.132 -12.14 2.965 -41.329 -12.18
3 16 2.557 -41.385 -14.319 2.581 -39.708 -13.936 2.87 -40.132 -12.14
3 16 2.581 -39.708 -13.936 2.68 -38.865 -12.63 2.87 -40.132 -12.14
3 16 2.581 -39.708 -13.936 2.459 -38.758 -13.824 2.68 -38.865 -12.63
4 16 2.171 -37.657 -13.794 2.285 -37.586 -12.999 2.68 -38.865 -12.63 2.459 -38.758 -13.824
3 16 2.171 -37.657 -13.794 2.459 -38.758 -13.824 2.278 -38.257 -14.658
3 16 2.171 -37.657 -13.794 2.278 -38.257 -14.658 1.984 -37.228 -14.277
3 16 1.984 -37.228 -14.277 2.278 -38.257 -14.658 1.731 -37.265 -15.709
4 16 1.731 -37.265 -15.709 2.278 -38.257 -14.658 2.38 -39.248 -15.089 1.707 -38.03 -16.366
3 16 2.459 -38.758 -13.824 2.38 -39.248 -15.089 2.278 -38.257 -14.658
3 16 2.459 -38.758 -13.824 2.581 -39.708 -13.936 2.38 -39.248 -15.089
3 16 2.38 -39.248 -15.089 1.725 -39.125 -17.002 1.707 -38.03 -16.366
3 16 2.38 -39.248 -15.089 2.581 -39.708 -13.936 2.557 -41.385 -14.319
3 16 1.764 -40.377 -17.279 1.725 -39.125 -17.002 2.38 -39.248 -15.089
3 16 1.764 -40.377 -17.279 2.38 -39.248 -15.089 2.339 -40.879 -15.446
3 16 1.984 -37.228 -14.277 1.731 -37.265 -15.709 1.725 -36.849 -14.805
3 16 1.816 -41.665 -17.01 1.764 -40.377 -17.279 2.339 -40.879 -15.446
3 16 1.876 -42.76 -16.399 1.816 -41.665 -17.01 2.339 -40.879 -15.446
3 16 1.876 -42.76 -16.399 2.339 -40.879 -15.446 2.384 -42.231 -14.957
3 16 2.205 -44.269 -15.4 1.876 -42.76 -16.399 2.384 -42.231 -14.957
3 16 2.205 -44.269 -15.4 2.384 -42.231 -14.957 2.697 -43.192 -13.957
3 16 2.697 -43.192 -13.957 2.384 -42.231 -14.957 2.557 -41.385 -14.319
3 16 2.339 -40.879 -15.446 2.557 -41.385 -14.319 2.384 -42.231 -14.957
3 16 2.697 -43.192 -13.957 2.557 -41.385 -14.319 2.865 -42.264 -12.846
3 16 2.339 -40.879 -15.446 2.38 -39.248 -15.089 2.557 -41.385 -14.319
2 24 1.725 -39.125 -17.002 1.764 -40.377 -17.279
5 24 1.764 -40.377 -17.279 -1.764 -40.377 -17.279 1.725 -39.125 -17.002 -1.816 -41.665 -17.01
5 24 -1.725 -39.125 -17.002 1.725 -39.125 -17.002 -1.764 -40.377 -17.279 1.707 -38.03 -16.366
2 24 -1.764 -40.377 -17.279 -1.725 -39.125 -17.002
2 24 -1.725 -39.125 -17.002 -1.707 -38.03 -16.366
5 24 -1.707 -38.03 -16.366 1.707 -38.03 -16.366 -1.725 -39.125 -17.002 -1.731 -37.265 -15.709
2 24 1.707 -38.03 -16.366 1.725 -39.125 -17.002
5 24 -1.731 -37.265 -15.709 1.731 -37.265 -15.709 1.707 -38.03 -16.366 1.725 -36.849 -14.805
2 24 1.731 -37.265 -15.709 1.707 -38.03 -16.366
2 24 1.725 -36.849 -14.805 1.731 -37.265 -15.709
5 24 -1.725 -36.849 -14.805 1.725 -36.849 -14.805 -1.731 -37.265 -15.709 -1.984 -37.228 -14.277
2 24 -1.731 -37.265 -15.709 -1.725 -36.849 -14.805
2 24 -1.707 -38.03 -16.366 -1.731 -37.265 -15.709
5 24 -1.984 -37.228 -14.277 1.984 -37.228 -14.277 1.725 -36.849 -14.805 -2.171 -37.657 -13.794
2 24 1.984 -37.228 -14.277 1.725 -36.849 -14.805
2 24 -1.725 -36.849 -14.805 -1.984 -37.228 -14.277
2 24 -1.984 -37.228 -14.277 -2.171 -37.657 -13.794
5 24 -2.171 -37.657 -13.794 2.171 -37.657 -13.794 1.984 -37.228 -14.277 0 -37.448 -13.093
2 24 2.171 -37.657 -13.794 1.984 -37.228 -14.277
5 24 0 -37.448 -13.093 2.171 -37.657 -13.794 -2.171 -37.657 -13.794 2.285 -37.586 -12.999
2 24 -2.171 -37.657 -13.794 -2.285 -37.586 -12.999
2 24 2.285 -37.586 -12.999 2.171 -37.657 -13.794
2 24 1.876 -42.76 -16.399 2.205 -44.269 -15.4
2 24 2.205 -44.269 -15.4 -2.205 -44.269 -15.4
5 24 -1.876 -42.76 -16.399 1.876 -42.76 -16.399 -2.205 -44.269 -15.4 1.816 -41.665 -17.01
2 24 -2.205 -44.269 -15.4 -1.876 -42.76 -16.399
2 24 -1.876 -42.76 -16.399 -1.816 -41.665 -17.01
2 24 1.816 -41.665 -17.01 1.876 -42.76 -16.399
5 24 -1.816 -41.665 -17.01 1.816 -41.665 -17.01 -1.876 -42.76 -16.399 1.764 -40.377 -17.279
2 24 1.764 -40.377 -17.279 1.816 -41.665 -17.01
2 24 -1.816 -41.665 -17.01 -1.764 -40.377 -17.279
2 24 -2.965 -41.329 -12.18 -2.87 -40.132 -12.14
5 24 -2.459 -38.758 -13.824 -2.965 -41.329 -12.18 -2.87 -40.132 -12.14 -2.38 -39.248 -15.089
2 24 -2.865 -42.264 -12.846 -2.965 -41.329 -12.18
5 24 -2.965 -41.329 -12.18 -2.557 -41.385 -14.319 -2.865 -42.264 -12.846 -2.339 -40.879 -15.446
5 24 -2.557 -41.385 -14.319 -2.865 -42.264 -12.846 -2.965 -41.329 -12.18 -2.697 -43.192 -13.957
5 24 -2.557 -41.385 -14.319 -2.697 -43.192 -13.957 -2.865 -42.264 -12.846 -2.384 -42.231 -14.957
2 24 -2.697 -43.192 -13.957 -2.865 -42.264 -12.846
5 24 -2.384 -42.231 -14.957 -2.697 -43.192 -13.957 -2.557 -41.385 -14.319 -2.205 -44.269 -15.4
5 24 -2.384 -42.231 -14.957 -2.205 -44.269 -15.4 -2.697 -43.192 -13.957 -1.876 -42.76 -16.399
2 24 -2.205 -44.269 -15.4 -2.697 -43.192 -13.957
5 24 -2.384 -42.231 -14.957 -1.816 -41.665 -17.01 -1.876 -42.76 -16.399 -2.339 -40.879 -15.446
2 24 -2.87 -40.132 -12.14 -2.68 -38.865 -12.63
2 24 -2.68 -38.865 -12.63 -2.285 -37.586 -12.999
5 24 -2.171 -37.657 -13.794 -2.459 -38.758 -13.824 -2.285 -37.586 -12.999 -2.278 -38.257 -14.658
5 24 -2.278 -38.257 -14.658 -2.459 -38.758 -13.824 -2.171 -37.657 -13.794 -2.38 -39.248 -15.089
5 24 -2.171 -37.657 -13.794 -2.278 -38.257 -14.658 -2.459 -38.758 -13.824 -1.984 -37.228 -14.277
5 24 -1.984 -37.228 -14.277 -2.278 -38.257 -14.658 -2.171 -37.657 -13.794 -1.731 -37.265 -15.709
5 24 -1.731 -37.265 -15.709 -2.278 -38.257 -14.658 -1.984 -37.228 -14.277 -1.707 -38.03 -16.366
5 24 -1.984 -37.228 -14.277 -1.731 -37.265 -15.709 -2.278 -38.257 -14.658 -1.725 -36.849 -14.805
5 24 -1.707 -38.03 -16.366 -2.38 -39.248 -15.089 -2.278 -38.257 -14.658 -1.725 -39.125 -17.002
5 24 -2.38 -39.248 -15.089 -2.278 -38.257 -14.658 -1.707 -38.03 -16.366 -2.459 -38.758 -13.824
5 24 -1.764 -40.377 -17.279 -2.38 -39.248 -15.089 -1.725 -39.125 -17.002 -2.339 -40.879 -15.446
5 24 -1.764 -40.377 -17.279 -2.339 -40.879 -15.446 -2.38 -39.248 -15.089 -1.816 -41.665 -17.01
5 24 -2.339 -40.879 -15.446 -2.38 -39.248 -15.089 -1.764 -40.377 -17.279 -2.965 -41.329 -12.18
5 24 -1.816 -41.665 -17.01 -2.339 -40.879 -15.446 -1.764 -40.377 -17.279 -2.384 -42.231 -14.957
5 24 -2.384 -42.231 -14.957 -2.339 -40.879 -15.446 -1.816 -41.665 -17.01 -2.557 -41.385 -14.319
5 24 -2.38 -39.248 -15.089 -2.965 -41.329 -12.18 -2.459 -38.758 -13.824 -2.339 -40.879 -15.446
5 24 -2.339 -40.879 -15.446 -2.557 -41.385 -14.319 -2.965 -41.329 -12.18 -2.384 -42.231 -14.957
5 24 2.557 -41.385 -14.319 2.965 -41.329 -12.18 2.865 -42.264 -12.846 2.87 -40.132 -12.14
2 24 2.965 -41.329 -12.18 2.865 -42.264 -12.846
5 24 2.557 -41.385 -14.319 2.87 -40.132 -12.14 2.965 -41.329 -12.18 2.581 -39.708 -13.936
2 24 2.87 -40.132 -12.14 2.965 -41.329 -12.18
5 24 2.557 -41.385 -14.319 2.581 -39.708 -13.936 2.87 -40.132 -12.14 2.38 -39.248 -15.089
5 24 2.581 -39.708 -13.936 2.87 -40.132 -12.14 2.557 -41.385 -14.319 2.68 -38.865 -12.63
5 24 2.581 -39.708 -13.936 2.68 -38.865 -12.63 2.87 -40.132 -12.14 2.459 -38.758 -13.824
2 24 2.68 -38.865 -12.63 2.87 -40.132 -12.14
5 24 2.581 -39.708 -13.936 2.459 -38.758 -13.824 2.68 -38.865 -12.63 2.38 -39.248 -15.089
5 24 2.459 -38.758 -13.824 2.68 -38.865 -12.63 2.581 -39.708 -13.936 2.285 -37.586 -12.999
2 24 2.285 -37.586 -12.999 2.68 -38.865 -12.63
5 24 2.459 -38.758 -13.824 2.171 -37.657 -13.794 2.285 -37.586 -12.999 2.278 -38.257 -14.658
5 24 2.459 -38.758 -13.824 2.278 -38.257 -14.658 2.171 -37.657 -13.794 2.38 -39.248 -15.089
5 24 2.278 -38.257 -14.658 2.171 -37.657 -13.794 2.459 -38.758 -13.824 1.984 -37.228 -14.277
5 24 2.278 -38.257 -14.658 1.984 -37.228 -14.277 2.171 -37.657 -13.794 1.731 -37.265 -15.709
5 24 2.278 -38.257 -14.658 1.731 -37.265 -15.709 1.984 -37.228 -14.277 1.707 -38.03 -16.366
5 24 1.731 -37.265 -15.709 1.984 -37.228 -14.277 2.278 -38.257 -14.658 1.725 -36.849 -14.805
5 24 2.278 -38.257 -14.658 2.38 -39.248 -15.089 1.707 -38.03 -16.366 2.459 -38.758 -13.824
5 24 2.38 -39.248 -15.089 1.707 -38.03 -16.366 2.278 -38.257 -14.658 1.725 -39.125 -17.002
5 24 2.459 -38.758 -13.824 2.38 -39.248 -15.089 2.278 -38.257 -14.658 2.581 -39.708 -13.936
5 24 2.557 -41.385 -14.319 2.38 -39.248 -15.089 2.581 -39.708 -13.936 2.339 -40.879 -15.446
5 24 2.38 -39.248 -15.089 1.764 -40.377 -17.279 1.725 -39.125 -17.002 2.339 -40.879 -15.446
5 24 2.38 -39.248 -15.089 2.339 -40.879 -15.446 1.764 -40.377 -17.279 2.557 -41.385 -14.319
5 24 2.339 -40.879 -15.446 1.764 -40.377 -17.279 2.38 -39.248 -15.089 1.816 -41.665 -17.01
5 24 2.339 -40.879 -15.446 1.876 -42.76 -16.399 1.816 -41.665 -17.01 2.384 -42.231 -14.957
5 24 2.339 -40.879 -15.446 2.384 -42.231 -14.957 1.876 -42.76 -16.399 2.557 -41.385 -14.319
5 24 2.384 -42.231 -14.957 1.876 -42.76 -16.399 2.339 -40.879 -15.446 2.205 -44.269 -15.4
5 24 2.384 -42.231 -14.957 2.205 -44.269 -15.4 1.876 -42.76 -16.399 2.697 -43.192 -13.957
5 24 2.384 -42.231 -14.957 2.697 -43.192 -13.957 2.205 -44.269 -15.4 2.557 -41.385 -14.319
2 24 2.697 -43.192 -13.957 2.205 -44.269 -15.4
5 24 2.384 -42.231 -14.957 2.557 -41.385 -14.319 2.697 -43.192 -13.957 2.339 -40.879 -15.446
5 24 2.557 -41.385 -14.319 2.697 -43.192 -13.957 2.384 -42.231 -14.957 2.865 -42.264 -12.846
2 24 2.865 -42.264 -12.846 2.697 -43.192 -13.957
5 24 -1.876 -42.76 -16.399 -2.384 -42.231 -14.957 -1.816 -41.665 -17.01 -2.205 -44.269 -15.4
5 24 2.38 -39.248 -15.089 1.725 -39.125 -17.002 1.707 -38.03 -16.366 1.764 -40.377 -17.279
5 24 1.816 -41.665 -17.01 2.339 -40.879 -15.446 1.764 -40.377 -17.279 1.876 -42.76 -16.399
5 24 -2.38 -39.248 -15.089 -1.725 -39.125 -17.002 -1.764 -40.377 -17.279 -1.707 -38.03 -16.366
5 24 -2.557 -41.385 -14.319 -2.384 -42.231 -14.957 -2.339 -40.879 -15.446 -2.697 -43.192 -13.957
5 24 2.581 -39.708 -13.936 2.38 -39.248 -15.089 2.459 -38.758 -13.824 2.557 -41.385 -14.319
5 24 2.865 -42.264 -12.846 2.557 -41.385 -14.319 2.965 -41.329 -12.18 2.697 -43.192 -13.957
5 24 2.339 -40.879 -15.446 2.557 -41.385 -14.319 2.384 -42.231 -14.957 2.38 -39.248 -15.089
5 24 0 -37.448 -13.093 -2.171 -37.657 -13.794 2.171 -37.657 -13.794 -2.285 -37.586 -12.999
5 24 -2.38 -39.248 -15.089 -2.459 -38.758 -13.824 -2.965 -41.329 -12.18 -2.278 -38.257 -14.658
5 24 -2.459 -38.758 -13.824 -2.68 -38.865 -12.63 -2.965 -41.329 -12.18 -2.285 -37.586 -12.999

