0 ~Animal Wolf - Head Half
0 Name: s\6649s02.dat
0 Author: Magnus Forsberg [MagFors]
0 !LDRAW_ORG Subpart UPDATE 2026-03
0 !LICENSE Licensed under CC BY 4.0 : see CAreadme.txt

0 BFC CERTIFY CCW

0 !HISTORY 2026-03-31 [OrionP] Official Update 2026-03

3 16 0 -6.084 -32.453 6.518 -5.491 -31.921 7.084 -4.822 -23.905
3 16 0 -6.084 -32.453 2.317 -6.174 -37.478 6.518 -5.491 -31.921
3 16 0 -6.084 -32.453 0 -6.118 -39.124 2.317 -6.174 -37.478
3 16 2.317 -6.174 -37.478 0 -6.118 -39.124 2.495 -5.873 -40.033
3 16 0 -6.118 -39.124 3.43 -4.989 -42.425 2.495 -5.873 -40.033
3 16 0 -4.152 -44.461 3.43 -4.989 -42.425 0 -6.118 -39.124
3 16 0 -4.152 -44.461 4.513 -2.999 -44.758 3.43 -4.989 -42.425
3 16 0 -4.152 -44.461 0 -1.147 -48.062 4.513 -2.999 -44.758
3 16 4.513 -2.999 -44.758 0 -1.147 -48.062 5.787 .177 -47.767
3 16 5.787 .177 -47.767 0 -1.147 -48.062 3.344 1.973 -49.664
3 16 3.344 1.973 -49.664 0 -1.147 -48.062 0 2.052 -49.877
3 16 3.344 1.973 -49.664 0 2.052 -49.877 1.897 4.373 -50.888
3 16 1.897 4.373 -50.888 0 2.052 -49.877 0 4.199 -50.955
3 16 3.746 16.31 -56.212 3.004 14.589 -58.094 0 17.243 -56.91
4 16 3.746 16.31 -56.212 0 17.243 -56.91 0 18.619 -54.62 3.565 17.782 -53.863
4 16 3.565 17.782 -53.863 0 18.619 -54.62 0 18.529 -51.112 3.649 17.697 -50.899
3 16 0 18.529 -51.112 0 17.739 -47.802 3.649 17.697 -50.899
3 16 0 17.739 -47.802 3.619 17.193 -47.76 3.649 17.697 -50.899
3 16 0 17.739 -47.802 0 17.132 -44.736 3.619 17.193 -47.76
3 16 0 17.132 -44.736 3.774 16.818 -44.627 3.619 17.193 -47.76
3 16 3.774 16.818 -44.627 0 17.132 -44.736 4.006 17.648 -39.844
3 16 0 17.132 -44.736 1.789 17.664 -40.611 4.006 17.648 -39.844
3 16 0 17.132 -44.736 0 17.606 -40.923 1.789 17.664 -40.611
3 16 4.663 17.019 -41.109 3.774 16.818 -44.627 4.006 17.648 -39.844
3 16 6.759 16.847 -39.796 4.663 17.019 -41.109 4.006 17.648 -39.844
3 16 6.414 17.152 -38.748 6.759 16.847 -39.796 4.006 17.648 -39.844
3 16 6.414 17.152 -38.748 8.353 16.065 -37.355 6.759 16.847 -39.796
3 16 8.353 16.065 -37.355 9.327 15.938 -38.884 6.759 16.847 -39.796
3 16 8.353 16.065 -37.355 9.024 14.49 -37.405 9.327 15.938 -38.884
3 16 9.024 14.49 -37.405 10.123 13.53 -39.411 9.327 15.938 -38.884
3 16 13.057 7.947 -26.013 13.574 7.598 -22.597 13.55 6.181 -22.825
3 16 13.028 5.427 -25.996 13.057 7.947 -26.013 13.55 6.181 -22.825
3 16 13.057 7.947 -26.013 13.423 10.977 -23.996 13.574 7.598 -22.597
3 16 13.423 10.977 -23.996 13.579 9.151 -22.289 13.574 7.598 -22.597
3 16 12.757 2.393 -25.438 13.028 5.427 -25.996 13.55 6.181 -22.825
3 16 13.234 3.748 -21.365 12.757 2.393 -25.438 13.55 6.181 -22.825
3 16 13.057 7.947 -26.013 13.028 5.427 -25.996 12.153 8.063 -31.126
4 16 12.703 11.233 -27.883 13.057 7.947 -26.013 12.153 8.063 -31.126 12.21 10.612 -30.731
3 16 13.057 7.947 -26.013 12.703 11.233 -27.883 13.423 10.977 -23.996
3 16 11.866 5.499 -32.145 12.153 8.063 -31.126 13.028 5.427 -25.996
3 16 12.757 2.393 -25.438 11.611 1.491 -31.534 13.028 5.427 -25.996
4 16 11.866 5.499 -32.145 13.028 5.427 -25.996 11.611 1.491 -31.534 11.467 3.565 -33.285
3 16 12.757 2.393 -25.438 13.234 3.748 -21.365 11.611 -1.121 -24.485
3 16 12.757 2.393 -25.438 11.611 -1.121 -24.485 10.887 -2.028 -29.915
3 16 11.611 1.491 -31.534 12.757 2.393 -25.438 10.887 -2.028 -29.915
3 16 13.55 6.181 -22.825 13.351 6.703 -22.013 13.234 3.748 -21.365
3 16 13.351 6.703 -22.013 13.55 6.181 -22.825 13.574 7.598 -22.597
3 16 13.207 7.77 -21.839 13.351 6.703 -22.013 13.574 7.598 -22.597
3 16 11.611 1.491 -31.534 11.076 1.451 -34.69 11.467 3.565 -33.285
3 16 11.076 1.451 -34.69 11.611 1.491 -31.534 10.768 -1.905 -34.199
3 16 11.611 1.491 -31.534 10.887 -2.028 -29.915 10.768 -1.905 -34.199
3 16 11.076 1.451 -34.69 10.768 -1.905 -34.199 10.963 .831 -35.102
3 16 10.994 16.983 -31.176 12.21 10.612 -30.731 10.412 13.592 -34.993
3 16 9.555 16.656 -34.722 10.994 16.983 -31.176 10.412 13.592 -34.993
3 16 9.555 16.656 -34.722 10.412 13.592 -34.993 9.024 14.49 -37.405
3 16 8.353 16.065 -37.355 9.555 16.656 -34.722 9.024 14.49 -37.405
3 16 8.353 16.065 -37.355 7.04 21.178 -34.232 9.555 16.656 -34.722
3 16 10.994 16.983 -31.176 12.312 14.268 -28.632 12.21 10.612 -30.731
3 16 12.312 14.268 -28.632 10.994 16.983 -31.176 11.643 19.102 -26.572
3 16 11.643 19.102 -26.572 10.994 16.983 -31.176 9.525 20.709 -30.687
3 16 9.555 16.656 -34.722 9.525 20.709 -30.687 10.994 16.983 -31.176
3 16 9.555 16.656 -34.722 7.04 21.178 -34.232 9.525 20.709 -30.687
3 16 11.643 19.102 -26.572 9.525 20.709 -30.687 10.414 21.41 -26.325
3 16 12.312 14.268 -28.632 11.643 19.102 -26.572 12.351 18.42 -24.978
3 16 6.414 17.152 -38.748 7.04 21.178 -34.232 8.353 16.065 -37.355
3 16 6.414 17.152 -38.748 4.328 21.428 -36.522 7.04 21.178 -34.232
3 16 4.006 17.648 -39.844 4.328 21.428 -36.522 6.414 17.152 -38.748
3 16 4.006 17.648 -39.844 1.564 21.734 -37.93 4.328 21.428 -36.522
3 16 4.328 21.428 -36.522 1.564 21.734 -37.93 1.085 24.994 -35.805
3 16 1.085 24.994 -35.805 2.678 24.527 -34.967 4.328 21.428 -36.522
3 16 1.677 24.749 -34.569 2.678 24.527 -34.967 1.085 24.994 -35.805
3 16 1.677 24.749 -34.569 1.085 24.994 -35.805 0 24.933 -34.712
3 16 2.274 24.661 -34.098 2.678 24.527 -34.967 1.677 24.749 -34.569
3 16 4.006 17.648 -39.844 1.789 17.664 -40.611 1.564 21.734 -37.93
3 16 2.274 24.661 -34.098 2.587 24.652 -33.626 3.769 24.4 -33.792
3 16 3.769 24.4 -33.792 2.678 24.527 -34.967 2.274 24.661 -34.098
3 16 2.678 24.527 -34.967 3.769 24.4 -33.792 7.04 21.178 -34.232
3 16 4.561 26.141 -30.874 3.769 24.4 -33.792 2.587 24.652 -33.626
3 16 4.561 26.141 -30.874 7.04 21.178 -34.232 3.769 24.4 -33.792
3 16 7.04 21.178 -34.232 4.328 21.428 -36.522 2.678 24.527 -34.967
3 16 4.561 26.141 -30.874 2.587 24.652 -33.626 2.732 26.31 -30.525
3 16 2.732 26.31 -30.525 4.763 26.276 -29.957 4.561 26.141 -30.874
3 16 4.561 26.141 -30.874 4.763 26.276 -29.957 7.051 24.375 -29.763
3 16 4.561 26.141 -30.874 7.051 24.375 -29.763 6.969 23.502 -31.634
3 16 4.561 26.141 -30.874 6.969 23.502 -31.634 7.04 21.178 -34.232
3 16 2.732 26.31 -30.525 2.743 26.295 -29.81 4.763 26.276 -29.957
3 16 0 21.813 -38.148 1.564 21.734 -37.93 1.789 17.664 -40.611
3 16 0 21.813 -38.148 1.789 17.664 -40.611 0 17.606 -40.923
3 16 0 25.09 -35.992 1.085 24.994 -35.805 1.564 21.734 -37.93
3 16 1.085 24.994 -35.805 0 25.09 -35.992 0 24.933 -34.712
3 16 1.564 21.734 -37.93 0 21.813 -38.148 0 25.09 -35.992
3 16 6.969 23.502 -31.634 9.525 20.709 -30.687 7.04 21.178 -34.232
3 16 6.969 23.502 -31.634 7.917 23.594 -29.445 9.525 20.709 -30.687
3 16 7.051 24.375 -29.763 7.917 23.594 -29.445 6.969 23.502 -31.634
3 16 7.682 23.906 -29.012 7.917 23.594 -29.445 7.051 24.375 -29.763
3 16 7.682 23.906 -29.012 7.051 24.375 -29.763 7.047 24.338 -29.332
3 16 7.047 24.338 -29.332 7.051 24.375 -29.763 4.763 26.276 -29.957
3 16 8.236 23.6 -28.187 9.525 20.709 -30.687 7.917 23.594 -29.445
3 16 8.236 23.6 -28.187 7.917 23.594 -29.445 7.682 23.906 -29.012
3 16 8.236 23.6 -28.187 8.473 23.903 -26.207 9.525 20.709 -30.687
3 16 7.84 23.912 -28.323 8.473 23.903 -26.207 8.236 23.6 -28.187
3 16 8.236 23.6 -28.187 7.682 23.906 -29.012 7.84 23.912 -28.323
3 16 9.525 20.709 -30.687 8.473 23.903 -26.207 8.881 23.516 -25.862
3 16 10.414 21.41 -26.325 9.525 20.709 -30.687 8.881 23.516 -25.862
3 16 13.276 13.407 -25.042 12.312 14.268 -28.632 13.243 14.999 -24.634
3 16 13.243 14.999 -24.634 12.312 14.268 -28.632 13.204 16.488 -23.69
3 16 12.703 11.233 -27.883 12.312 14.268 -28.632 13.276 13.407 -25.042
3 16 12.703 11.233 -27.883 13.276 13.407 -25.042 13.313 12.779 -24.743
3 16 13.423 10.977 -23.996 12.703 11.233 -27.883 13.313 12.779 -24.743
3 16 13.423 10.977 -23.996 13.313 12.779 -24.743 13.388 12.501 -23.973
4 16 13.423 10.977 -23.996 13.388 12.501 -23.973 13.511 12.343 -22.682 13.617 11.335 -21.934
3 16 13.511 12.343 -22.682 13.56 12.137 -21.893 13.617 11.335 -21.934
3 16 13.423 10.977 -23.996 13.617 11.335 -21.934 13.579 9.151 -22.289
3 16 12.351 18.42 -24.978 13.204 16.488 -23.69 12.312 14.268 -28.632
3 16 12.351 18.42 -24.978 13.046 17.269 -23.345 13.204 16.488 -23.69
3 16 12.703 11.233 -27.883 12.21 10.612 -30.731 12.312 14.268 -28.632
3 16 12.432 13.042 -21.084 12.536 12.416 -20.595 13.56 12.137 -21.893
3 16 13.511 12.343 -22.682 12.432 13.042 -21.084 13.56 12.137 -21.893
3 16 12.536 12.416 -20.595 12.672 11.616 -20.69 13.56 12.137 -21.893
3 16 12.672 11.616 -20.69 13.617 11.335 -21.934 13.56 12.137 -21.893
3 16 12.191 13.648 -22.278 12.432 13.042 -21.084 13.511 12.343 -22.682
3 16 13.388 12.501 -23.973 12.191 13.648 -22.278 13.511 12.343 -22.682
3 16 12.672 11.616 -20.69 12.926 9.427 -21.243 13.617 11.335 -21.934
3 16 12.926 9.427 -21.243 13.579 9.151 -22.289 13.617 11.335 -21.934
3 16 12.926 9.427 -21.243 13.207 7.77 -21.839 13.579 9.151 -22.289
3 16 13.207 7.77 -21.839 13.574 7.598 -22.597 13.579 9.151 -22.289
3 16 13.388 12.501 -23.973 13.313 12.779 -24.743 12.191 13.648 -22.278
3 16 12.097 13.999 -22.557 12.191 13.648 -22.278 13.313 12.779 -24.743
4 16 12.038 14.456 -22.843 13.276 13.407 -25.042 13.243 14.999 -24.634 12.1 15.587 -22.667
3 16 13.243 14.999 -24.634 13.204 16.488 -23.69 12.1 15.587 -22.667
3 16 12.1 15.587 -22.667 13.204 16.488 -23.69 12.139 16.782 -22.255
3 16 13.313 12.779 -24.743 12.038 14.456 -22.843 12.097 13.999 -22.557
3 16 12.038 14.456 -22.843 13.313 12.779 -24.743 13.276 13.407 -25.042
3 16 13.204 16.488 -23.69 13.046 17.269 -23.345 12.139 16.782 -22.255
3 16 12.139 16.782 -22.255 13.046 17.269 -23.345 12.072 17.341 -22.09
3 16 13.046 17.269 -23.345 11.886 18.543 -22.906 12.072 17.341 -22.09
3 16 12.351 18.42 -24.978 11.886 18.543 -22.906 13.046 17.269 -23.345
3 16 12.351 18.42 -24.978 10.578 19.436 -24.397 11.886 18.543 -22.906
3 16 11.643 19.102 -26.572 10.578 19.436 -24.397 12.351 18.42 -24.978
3 16 13.158 8.634 -34.002 13.264 10.416 -32.666 12.153 8.063 -31.126
3 16 12.153 8.063 -31.126 13.264 10.416 -32.666 12.21 10.612 -30.731
3 16 12.153 8.063 -31.126 11.866 5.499 -32.145 13.158 8.634 -34.002
4 16 12.712 6.524 -35.105 13.158 8.634 -34.002 11.866 5.499 -32.145 11.467 3.565 -33.285
3 16 11.467 3.565 -33.285 12.359 5.566 -36.66 12.712 6.524 -35.105
3 16 12.719 7.811 -37.876 13.264 10.416 -32.666 13.158 8.634 -34.002
3 16 12.719 7.811 -37.876 12.712 6.524 -35.105 12.359 5.566 -36.66
3 16 12.719 7.811 -37.876 13.158 8.634 -34.002 12.712 6.524 -35.105
3 16 12.043 6.442 -39.945 12.719 7.811 -37.876 12.359 5.566 -36.66
3 16 12.043 6.442 -39.945 12.359 5.566 -36.66 11.599 3.559 -37.899
3 16 11.467 3.565 -33.285 11.599 3.559 -37.899 12.359 5.566 -36.66
4 16 9.33 3.031 -44.155 12.043 6.442 -39.945 11.599 3.559 -37.899 9.233 .503 -41.386
3 16 9.233 .503 -41.386 6.879 -1.576 -43.211 9.33 3.031 -44.155
3 16 9.233 .503 -41.386 9.152 -1.139 -39.864 6.879 -1.576 -43.211
3 16 9.152 -1.139 -39.864 6.425 -3.315 -41.379 6.879 -1.576 -43.211
3 16 6.879 -1.576 -43.211 7.419 1.417 -46.364 9.33 3.031 -44.155
3 16 4.513 -2.999 -44.758 6.879 -1.576 -43.211 6.425 -3.315 -41.379
3 16 4.011 -4.664 -42.222 4.513 -2.999 -44.758 6.425 -3.315 -41.379
3 16 11.072 1.505 -37.401 9.152 -1.139 -39.864 9.233 .503 -41.386
3 16 11.599 3.559 -37.899 11.072 1.505 -37.401 9.233 .503 -41.386
3 16 11.599 3.559 -37.899 11.076 1.451 -34.69 11.072 1.505 -37.401
3 16 11.076 1.451 -34.69 11.599 3.559 -37.899 11.467 3.565 -33.285
3 16 11.076 1.451 -34.69 10.963 .831 -35.102 11.072 1.505 -37.401
3 16 6.879 -1.576 -43.211 4.513 -2.999 -44.758 5.787 .177 -47.767
3 16 7.419 1.417 -46.364 6.879 -1.576 -43.211 5.787 .177 -47.767
3 16 10.412 13.592 -34.993 12.21 10.612 -30.731 13.264 10.416 -32.666
3 16 11.902 12.808 -36.86 10.412 13.592 -34.993 13.264 10.416 -32.666
3 16 10.412 13.592 -34.993 11.902 12.808 -36.86 9.024 14.49 -37.405
3 16 11.902 12.808 -36.86 10.123 13.53 -39.411 9.024 14.49 -37.405
3 16 11.902 12.808 -36.86 13.264 10.416 -32.666 12.719 7.811 -37.876
4 16 10.702 11.36 -40.083 11.902 12.808 -36.86 12.719 7.811 -37.876 12.043 6.442 -39.945
3 16 10.702 11.36 -40.083 10.123 13.53 -39.411 11.902 12.808 -36.86
4 16 9.432 12.664 -40.942 10.123 13.53 -39.411 10.702 11.36 -40.083 9.651 10.602 -42.002
4 16 8.624 14.493 -40.627 10.123 13.53 -39.411 9.432 12.664 -40.942 8.493 12.929 -41.944
3 16 8.624 14.493 -40.627 9.327 15.938 -38.884 10.123 13.53 -39.411
3 16 6.759 16.847 -39.796 9.327 15.938 -38.884 8.624 14.493 -40.627
3 16 7.641 14.572 -41.569 6.759 16.847 -39.796 8.624 14.493 -40.627
3 16 7.641 14.572 -41.569 6.314 14.81 -42.897 6.759 16.847 -39.796
3 16 6.314 14.81 -42.897 4.663 17.019 -41.109 6.759 16.847 -39.796
4 16 3.774 16.818 -44.627 4.663 17.019 -41.109 6.314 14.81 -42.897 5.188 15.215 -45.235
3 16 3.774 16.818 -44.627 5.188 15.215 -45.235 3.619 17.193 -47.76
3 16 3.619 17.193 -47.76 5.188 15.215 -45.235 4.836 15.564 -48.014
3 16 5.188 15.215 -45.235 5.541 14.138 -47.298 4.836 15.564 -48.014
3 16 6.08 13.556 -45.532 5.541 14.138 -47.298 5.188 15.215 -45.235
3 16 6.314 14.81 -42.897 6.08 13.556 -45.532 5.188 15.215 -45.235
3 16 7.249 13.095 -43.54 6.08 13.556 -45.532 6.314 14.81 -42.897
3 16 7.641 14.572 -41.569 7.249 13.095 -43.54 6.314 14.81 -42.897
3 16 8.493 12.929 -41.944 7.249 13.095 -43.54 7.641 14.572 -41.569
3 16 7.641 14.572 -41.569 8.624 14.493 -40.627 8.493 12.929 -41.944
3 16 4.836 15.564 -48.014 5.013 15.287 -50.145 3.619 17.193 -47.76
3 16 5.013 15.287 -50.145 3.649 17.697 -50.899 3.619 17.193 -47.76
3 16 5.013 15.287 -50.145 5.203 14.305 -52.278 3.649 17.697 -50.899
3 16 5.203 14.305 -52.278 3.565 17.782 -53.863 3.649 17.697 -50.899
3 16 3.746 16.31 -56.212 3.565 17.782 -53.863 5.203 14.305 -52.278
3 16 4.797 12.961 -53.959 3.746 16.31 -56.212 5.203 14.305 -52.278
3 16 3.004 14.589 -58.094 3.746 16.31 -56.212 4.797 12.961 -53.959
3 16 3.541 11.28 -55.592 3.004 14.589 -58.094 4.797 12.961 -53.959
3 16 3.541 11.28 -55.592 4.797 12.961 -53.959 4.865 10.276 -51.298
3 16 4.797 12.961 -53.959 5.203 14.305 -52.278 4.865 10.276 -51.298
3 16 3.574 8.521 -52.677 3.541 11.28 -55.592 4.865 10.276 -51.298
3 16 3.574 8.521 -52.677 4.865 10.276 -51.298 3.842 5.962 -49.806
3 16 4.865 10.276 -51.298 5.576 7.974 -48.468 3.842 5.962 -49.806
3 16 5.203 14.305 -52.278 5.57 11.86 -49.821 4.865 10.276 -51.298
3 16 5.576 7.974 -48.468 4.865 10.276 -51.298 5.57 11.86 -49.821
3 16 5.203 14.305 -52.278 5.013 15.287 -50.145 5.57 11.86 -49.821
3 16 6.567 9.83 -47.135 5.576 7.974 -48.468 5.57 11.86 -49.821
3 16 5.576 7.974 -48.468 6.567 9.83 -47.135 7.511 5.862 -46.352
3 16 6.567 9.83 -47.135 8.701 7.621 -44.681 7.511 5.862 -46.352
3 16 7.511 5.862 -46.352 8.701 7.621 -44.681 9.33 3.031 -44.155
3 16 8.701 7.621 -44.681 12.043 6.442 -39.945 9.33 3.031 -44.155
3 16 6.567 9.83 -47.135 5.57 11.86 -49.821 6.554 11.688 -46.375
3 16 5.57 11.86 -49.821 5.717 13.276 -48.41 6.554 11.688 -46.375
3 16 5.013 15.287 -50.145 5.717 13.276 -48.41 5.57 11.86 -49.821
4 16 8.281 10.396 -44.146 8.701 7.621 -44.681 6.567 9.83 -47.135 6.554 11.688 -46.375
3 16 4.836 15.564 -48.014 5.717 13.276 -48.41 5.013 15.287 -50.145
3 16 5.541 14.138 -47.298 5.717 13.276 -48.41 4.836 15.564 -48.014
3 16 5.541 14.138 -47.298 6.554 11.688 -46.375 5.717 13.276 -48.41
3 16 6.08 13.556 -45.532 6.554 11.688 -46.375 5.541 14.138 -47.298
3 16 8.281 10.396 -44.146 6.554 11.688 -46.375 7.249 13.095 -43.54
3 16 7.249 13.095 -43.54 6.554 11.688 -46.375 6.08 13.556 -45.532
3 16 8.493 12.929 -41.944 8.281 10.396 -44.146 7.249 13.095 -43.54
3 16 9.651 10.602 -42.002 8.281 10.396 -44.146 8.493 12.929 -41.944
4 16 12.043 6.442 -39.945 8.701 7.621 -44.681 9.651 10.602 -42.002 10.702 11.36 -40.083
3 16 8.281 10.396 -44.146 9.651 10.602 -42.002 8.701 7.621 -44.681
3 16 7.511 5.862 -46.352 9.33 3.031 -44.155 7.419 1.417 -46.364
3 16 8.493 12.929 -41.944 9.432 12.664 -40.942 9.651 10.602 -42.002
3 16 1.897 4.373 -50.888 3.842 5.962 -49.806 3.344 1.973 -49.664
3 16 6.103 24.239 -27.562 7.271 24.343 -24.792 8.473 23.903 -26.207
3 16 7.84 23.912 -28.323 6.103 24.239 -27.562 8.473 23.903 -26.207
3 16 6.103 24.239 -27.562 7.84 23.912 -28.323 5.881 24.265 -28.153
3 16 7.84 23.912 -28.323 7.682 23.906 -29.012 5.881 24.265 -28.153
3 16 7.271 24.343 -24.792 8.357 23.71 -24.36 8.473 23.903 -26.207
3 16 8.357 23.71 -24.36 8.881 23.516 -25.862 8.473 23.903 -26.207
3 16 8.357 23.71 -24.36 9.522 21.877 -24.619 8.881 23.516 -25.862
3 16 9.522 21.877 -24.619 10.414 21.41 -26.325 8.881 23.516 -25.862
3 16 9.522 21.877 -24.619 10.578 19.436 -24.397 10.414 21.41 -26.325
3 16 10.578 19.436 -24.397 11.643 19.102 -26.572 10.414 21.41 -26.325
3 16 5.881 24.265 -28.153 7.682 23.906 -29.012 7.047 24.338 -29.332
3 16 5.426 24.689 -28.293 5.881 24.265 -28.153 7.047 24.338 -29.332
3 16 7.047 24.338 -29.332 4.763 26.276 -29.957 5.426 24.689 -28.293
3 16 4.763 26.276 -29.957 4.583 25.204 -28.337 5.426 24.689 -28.293
3 16 4.763 26.276 -29.957 2.743 26.295 -29.81 4.583 25.204 -28.337
3 16 2.743 26.295 -29.81 2.732 25.356 -28.296 4.583 25.204 -28.337
3 16 4.433 25.856 -26.967 2.736 25.939 -26.919 2.544 26.477 -26.045
3 16 3.824 26.807 -25.219 4.433 25.856 -26.967 2.544 26.477 -26.045
3 16 2.732 25.356 -28.296 2.736 25.939 -26.919 4.433 25.856 -26.967
3 16 4.583 25.204 -28.337 2.732 25.356 -28.296 4.433 25.856 -26.967
3 16 2.544 26.477 -26.045 2.081 26.876 -25.48 3.824 26.807 -25.219
3 16 2.081 26.876 -25.48 3.134 27.256 -24.455 3.824 26.807 -25.219
3 16 3.134 27.256 -24.455 2.081 26.876 -25.48 1.898 27.471 -24.371
3 16 2.081 26.876 -25.48 0 27.041 -25.119 1.898 27.471 -24.371
3 16 0 27.041 -25.119 0 27.347 -24.293 1.898 27.471 -24.371
4 16 10.792 -6.171 -40.615 8.751 -7.146 -41.477 7.618 -5.41 -41.31 10.286 -3.625 -40.027
3 16 10.792 -6.171 -40.615 11.005 -8.078 -41.12 8.751 -7.146 -41.477
4 16 9.426 -8.692 -41.716 8.751 -7.146 -41.477 11.005 -8.078 -41.12 11.081 -9.363 -41.457
3 16 9.426 -8.692 -41.716 11.081 -9.363 -41.457 10.023 -9.689 -41.817
3 16 10.286 -3.625 -40.027 7.618 -5.41 -41.31 6.425 -3.315 -41.379
3 16 10.286 -3.625 -40.027 6.425 -3.315 -41.379 9.152 -1.139 -39.864
3 16 13.258 -6.128 -38.991 10.792 -6.171 -40.615 10.286 -3.625 -40.027
4 16 11.005 -8.078 -41.12 10.792 -6.171 -40.615 13.258 -6.128 -38.991 12.74 -9.348 -40.381
3 16 12.808 -2.531 -37.92 13.258 -6.128 -38.991 10.286 -3.625 -40.027
3 16 9.152 -1.139 -39.864 12.808 -2.531 -37.92 10.286 -3.625 -40.027
3 16 6.523 -8.637 -41.849 7.618 -5.41 -41.31 8.751 -7.146 -41.477
3 16 9.426 -8.692 -41.716 6.523 -8.637 -41.849 8.751 -7.146 -41.477
3 16 5.07 -6.81 -41.886 7.618 -5.41 -41.31 6.523 -8.637 -41.849
3 16 12.74 -9.348 -40.381 11.081 -9.363 -41.457 11.005 -8.078 -41.12
3 16 12.74 -9.348 -40.381 11.482 -11.167 -41.46 11.081 -9.363 -41.457
3 16 11.081 -9.363 -41.457 11.482 -11.167 -41.46 10.023 -9.689 -41.817
4 16 8.631 -10.779 -42.022 6.523 -8.637 -41.849 9.426 -8.692 -41.716 10.023 -9.689 -41.817
3 16 10.136 -11.69 -41.842 8.631 -10.779 -42.022 10.023 -9.689 -41.817
3 16 10.136 -11.69 -41.842 10.023 -9.689 -41.817 11.482 -11.167 -41.46
3 16 11.072 1.505 -37.401 12.808 -2.531 -37.92 9.152 -1.139 -39.864
3 16 3.43 -4.989 -42.425 7.618 -5.41 -41.31 5.07 -6.81 -41.886
3 16 3.43 -4.989 -42.425 4.011 -4.664 -42.222 7.618 -5.41 -41.31
3 16 6.425 -3.315 -41.379 7.618 -5.41 -41.31 4.011 -4.664 -42.222
3 16 11.611 -1.121 -24.485 7.084 -4.822 -23.905 10.887 -2.028 -29.915
3 16 10.887 -2.028 -29.915 7.084 -4.822 -23.905 6.518 -5.491 -31.921
3 16 10.887 -2.028 -29.915 6.518 -5.491 -31.921 10.768 -1.905 -34.199
3 16 10.768 -1.905 -34.199 6.518 -5.491 -31.921 6.724 -5.483 -34.396
3 16 12.779 -3.016 -36.512 13.097 -7.195 -36.661 13.285 -6.553 -37.883
3 16 13.097 -7.195 -36.661 12.779 -3.016 -36.512 12.443 -4.237 -35.284
3 16 12.808 -2.531 -37.92 13.285 -6.553 -37.883 13.258 -6.128 -38.991
3 16 13.285 -6.553 -37.883 12.808 -2.531 -37.92 12.779 -3.016 -36.512
4 16 10.963 .831 -35.102 12.779 -3.016 -36.512 12.808 -2.531 -37.92 11.072 1.505 -37.401
4 16 12.651 -9.914 -39.304 13.285 -6.553 -37.883 13.097 -7.195 -36.661 12.458 -10.504 -38.079
3 16 12.458 -10.504 -38.079 11.334 -12.403 -39.249 12.651 -9.914 -39.304
3 16 11.462 -11.836 -40.33 12.651 -9.914 -39.304 11.334 -12.403 -39.249
3 16 9.993 -12.855 -39.722 10.135 -12.336 -40.858 11.334 -12.403 -39.249
3 16 11.462 -11.836 -40.33 11.334 -12.403 -39.249 10.135 -12.336 -40.858
3 16 11.482 -11.167 -41.46 12.74 -9.348 -40.381 11.462 -11.836 -40.33
3 16 11.462 -11.836 -40.33 10.135 -12.336 -40.858 11.482 -11.167 -41.46
3 16 12.651 -9.914 -39.304 11.462 -11.836 -40.33 12.74 -9.348 -40.381
3 16 12.74 -9.348 -40.381 13.258 -6.128 -38.991 13.285 -6.553 -37.883
3 16 12.651 -9.914 -39.304 12.74 -9.348 -40.381 13.285 -6.553 -37.883
3 16 8.601 -12.113 -39.375 8.573 -11.581 -40.703 9.993 -12.855 -39.722
3 16 10.135 -12.336 -40.858 9.993 -12.855 -39.722 8.573 -11.581 -40.703
4 16 8.573 -11.581 -40.703 8.601 -12.113 -39.375 5.972 -9.767 -38.599 6.069 -9.251 -40.227
3 16 5.972 -9.767 -38.599 4.532 -8.188 -38.051 6.069 -9.251 -40.227
3 16 6.069 -9.251 -40.227 4.532 -8.188 -38.051 4.319 -7.45 -40.157
3 16 4.319 -7.45 -40.157 6.523 -8.637 -41.849 6.069 -9.251 -40.227
3 16 5.07 -6.81 -41.886 6.523 -8.637 -41.849 4.319 -7.45 -40.157
4 16 6.069 -9.251 -40.227 6.523 -8.637 -41.849 8.631 -10.779 -42.022 8.573 -11.581 -40.703
3 16 10.136 -11.69 -41.842 8.573 -11.581 -40.703 8.631 -10.779 -42.022
3 16 10.136 -11.69 -41.842 10.135 -12.336 -40.858 8.573 -11.581 -40.703
3 16 11.482 -11.167 -41.46 10.135 -12.336 -40.858 10.136 -11.69 -41.842
3 16 4.319 -7.45 -40.157 4.532 -8.188 -38.051 2.317 -6.174 -37.478
3 16 4.319 -7.45 -40.157 2.317 -6.174 -37.478 2.495 -5.873 -40.033
3 16 4.319 -7.45 -40.157 2.495 -5.873 -40.033 3.43 -4.989 -42.425
3 16 3.43 -4.989 -42.425 5.07 -6.81 -41.886 4.319 -7.45 -40.157
3 16 12.443 -4.237 -35.284 7.849 -7.431 -35.634 8.715 -9.26 -36.546
3 16 8.715 -9.26 -36.546 13.097 -7.195 -36.661 12.443 -4.237 -35.284
3 16 8.715 -9.26 -36.546 12.458 -10.504 -38.079 13.097 -7.195 -36.661
3 16 8.715 -9.26 -36.546 9.363 -10.607 -37.384 12.458 -10.504 -38.079
3 16 11.334 -12.403 -39.249 12.458 -10.504 -38.079 9.363 -10.607 -37.384
3 16 11.334 -12.403 -39.249 9.363 -10.607 -37.384 9.846 -12.51 -39.08
3 16 9.846 -12.51 -39.08 9.993 -12.855 -39.722 11.334 -12.403 -39.249
3 16 6.724 -5.483 -34.396 7.849 -7.431 -35.634 12.443 -4.237 -35.284
3 16 6.724 -5.483 -34.396 12.443 -4.237 -35.284 10.768 -1.905 -34.199
3 16 5.972 -9.767 -38.599 7.849 -7.431 -35.634 4.532 -8.188 -38.051
3 16 5.972 -9.767 -38.599 8.715 -9.26 -36.546 7.849 -7.431 -35.634
3 16 4.532 -8.188 -38.051 7.849 -7.431 -35.634 6.724 -5.483 -34.396
3 16 4.532 -8.188 -38.051 6.724 -5.483 -34.396 2.317 -6.174 -37.478
3 16 9.363 -10.607 -37.384 8.715 -9.26 -36.546 5.972 -9.767 -38.599
3 16 9.363 -10.607 -37.384 5.972 -9.767 -38.599 8.601 -12.113 -39.375
3 16 8.601 -12.113 -39.375 9.846 -12.51 -39.08 9.363 -10.607 -37.384
3 16 8.601 -12.113 -39.375 9.993 -12.855 -39.722 9.846 -12.51 -39.08
3 16 4.513 -2.999 -44.758 4.011 -4.664 -42.222 3.43 -4.989 -42.425
3 16 10.963 .831 -35.102 10.768 -1.905 -34.199 12.443 -4.237 -35.284
3 16 12.443 -4.237 -35.284 12.779 -3.016 -36.512 10.963 .831 -35.102
3 16 1.491 -.242 -34.205 2.274 24.661 -34.098 1.677 24.749 -34.569
3 16 1.491 -.242 -34.205 2.08 -.242 -33.549 2.274 24.661 -34.098
3 16 2.08 -.242 -33.549 2.276 -.242 -32.749 2.587 24.652 -33.626
3 16 2.587 24.652 -33.626 2.274 24.661 -34.098 2.08 -.242 -33.549
4 16 2.732 25.356 -28.296 2.743 26.295 -29.81 2.276 -.242 -32.749 2.286 -.242 -27.104
3 16 2.732 26.31 -30.525 2.587 24.652 -33.626 2.276 -.242 -32.749
3 16 1.677 24.749 -34.569 0 -.242 -34.49 1.491 -.242 -34.205
3 16 1.677 24.749 -34.569 0 24.933 -34.712 0 -.242 -34.49
3 16 2.743 26.295 -29.81 2.732 26.31 -30.525 2.276 -.242 -32.749
3 16 2.286 -.242 -27.104 2.736 25.939 -26.919 2.732 25.356 -28.296
4 16 1.813 -1.4 -27.111 2.286 -.242 -27.104 2.276 -.242 -32.749 1.789 -1.4 -32.762
4 16 2.736 25.939 -26.919 2.286 -.242 -27.104 2.116 -.242 -26.402 2.544 26.477 -26.045
4 16 1.544 -.242 -25.731 2.081 26.876 -25.48 2.544 26.477 -26.045 2.116 -.242 -26.402
4 16 0 27.041 -25.119 2.081 26.876 -25.48 1.544 -.242 -25.731 0 -.242 -25.454
4 16 2.116 -.242 -26.402 2.286 -.242 -27.104 1.813 -1.4 -27.111 1.671 -1.4 -26.509
4 16 1.273 -1.4 -26.056 1.544 -.242 -25.731 2.116 -.242 -26.402 1.671 -1.4 -26.509
4 16 1.544 -.242 -25.731 1.273 -1.4 -26.056 0 -1.4 -25.826 0 -.242 -25.454
4 16 2.08 -.242 -33.549 1.64 -1.4 -33.34 1.789 -1.4 -32.762 2.276 -.242 -32.749
4 16 1.247 -1.4 -33.777 1.64 -1.4 -33.34 2.08 -.242 -33.549 1.491 -.242 -34.205
4 16 1.247 -1.4 -33.777 1.491 -.242 -34.205 0 -.242 -34.49 0 -1.4 -34.015
4 16 1.813 -1.4 -27.111 0 -1.4 -25.826 1.273 -1.4 -26.056 1.671 -1.4 -26.509
4 16 0 -1.4 -34.015 0 -1.4 -25.826 1.813 -1.4 -27.111 1.789 -1.4 -32.762
4 16 1.247 -1.4 -33.777 0 -1.4 -34.015 1.789 -1.4 -32.762 1.64 -1.4 -33.34
3 16 6.724 -5.483 -34.396 6.518 -5.491 -31.921 2.317 -6.174 -37.478
4 16 3.824 26.807 -25.219 3.134 27.256 -24.455 4.398 26.721 -24.451 4.526 26.562 -24.97
3 16 4.526 26.562 -24.97 4.398 26.721 -24.451 6.55 24.983 -24.601
3 16 4.433 25.856 -26.967 3.824 26.807 -25.219 4.526 26.562 -24.97
3 16 5.27 25.482 -26.664 4.526 26.562 -24.97 6.55 24.983 -24.601
3 16 5.27 25.482 -26.664 4.433 25.856 -26.967 4.526 26.562 -24.97
3 16 5.27 25.482 -26.664 4.583 25.204 -28.337 4.433 25.856 -26.967
3 16 7.271 24.343 -24.792 5.27 25.482 -26.664 6.55 24.983 -24.601
3 16 6.103 24.239 -27.562 5.27 25.482 -26.664 7.271 24.343 -24.792
3 16 5.27 25.482 -26.664 6.103 24.239 -27.562 5.881 24.265 -28.153
3 16 5.27 25.482 -26.664 5.881 24.265 -28.153 5.426 24.689 -28.293
3 16 5.426 24.689 -28.293 4.583 25.204 -28.337 5.27 25.482 -26.664
5 24 3.824 26.807 -25.219 4.433 25.856 -26.967 2.544 26.477 -26.045 4.526 26.562 -24.97
5 24 4.433 25.856 -26.967 4.583 25.204 -28.337 2.732 25.356 -28.296 5.27 25.482 -26.664
5 24 3.134 27.256 -24.455 3.824 26.807 -25.219 2.081 26.876 -25.48 4.398 26.721 -24.451
5 24 4.526 26.562 -24.97 4.398 26.721 -24.451 6.55 24.983 -24.601 3.824 26.807 -25.219
5 24 6.55 24.983 -24.601 4.526 26.562 -24.97 4.398 26.721 -24.451 5.27 25.482 -26.664
5 24 3.824 26.807 -25.219 4.526 26.562 -24.97 4.433 25.856 -26.967 4.398 26.721 -24.451
5 24 4.526 26.562 -24.97 4.433 25.856 -26.967 3.824 26.807 -25.219 5.27 25.482 -26.664
5 24 6.55 24.983 -24.601 5.27 25.482 -26.664 4.526 26.562 -24.97 7.271 24.343 -24.792
5 24 5.27 25.482 -26.664 4.526 26.562 -24.97 6.55 24.983 -24.601 4.433 25.856 -26.967
5 24 5.27 25.482 -26.664 4.433 25.856 -26.967 4.526 26.562 -24.97 4.583 25.204 -28.337
5 24 5.27 25.482 -26.664 4.583 25.204 -28.337 4.433 25.856 -26.967 5.426 24.689 -28.293
5 24 7.271 24.343 -24.792 5.27 25.482 -26.664 6.55 24.983 -24.601 6.103 24.239 -27.562
5 24 6.103 24.239 -27.562 5.27 25.482 -26.664 7.271 24.343 -24.792 5.881 24.265 -28.153
5 24 5.881 24.265 -28.153 5.27 25.482 -26.664 6.103 24.239 -27.562 5.426 24.689 -28.293
5 24 5.426 24.689 -28.293 5.27 25.482 -26.664 5.881 24.265 -28.153 4.583 25.204 -28.337
2 24 6.518 -5.491 -31.921 7.084 -4.822 -23.905
2 24 2.495 -5.873 -40.033 2.317 -6.174 -37.478
2 24 3.43 -4.989 -42.425 2.495 -5.873 -40.033
2 24 5.787 .177 -47.767 4.513 -2.999 -44.758
2 24 3.344 1.973 -49.664 5.787 .177 -47.767
2 24 1.897 4.373 -50.888 3.344 1.973 -49.664
5 24 0 4.199 -50.955 1.897 4.373 -50.888 0 2.052 -49.877 0 6.789 -53.825
5 24 0 6.789 -53.825 1.897 4.373 -50.888 0 4.199 -50.955 1.86 6.949 -53.679
2 24 1.86 6.949 -53.679 1.897 4.373 -50.888
5 24 0 6.789 -53.825 1.748 9.493 -56.455 1.86 6.949 -53.679 0 9.433 -56.633
2 24 1.748 9.493 -56.455 1.86 6.949 -53.679
5 24 0 9.433 -56.633 1.748 9.493 -56.455 0 6.789 -53.825 1.668 13.379 -59.29
5 24 0 9.433 -56.633 1.668 13.379 -59.29 1.748 9.493 -56.455 0 13.468 -59.561
2 24 1.668 13.379 -59.29 1.748 9.493 -56.455
5 24 0 13.468 -59.561 1.668 13.379 -59.29 0 9.433 -56.633 0 15.351 -58.686
5 24 0 15.351 -58.686 1.668 13.379 -59.29 0 13.468 -59.561 3.004 14.589 -58.094
5 24 0 15.351 -58.686 3.004 14.589 -58.094 1.668 13.379 -59.29 0 17.243 -56.91
2 24 3.004 14.589 -58.094 1.668 13.379 -59.29
5 24 0 17.243 -56.91 3.004 14.589 -58.094 0 15.351 -58.686 3.746 16.31 -56.212
2 24 3.746 16.31 -56.212 3.004 14.589 -58.094
2 24 3.565 17.782 -53.863 3.746 16.31 -56.212
2 24 3.649 17.697 -50.899 3.565 17.782 -53.863
2 24 3.619 17.193 -47.76 3.649 17.697 -50.899
2 24 3.774 16.818 -44.627 3.619 17.193 -47.76
2 24 1.789 17.664 -40.611 4.006 17.648 -39.844
2 24 0 17.606 -40.923 1.789 17.664 -40.611
2 24 4.663 17.019 -41.109 3.774 16.818 -44.627
2 24 6.759 16.847 -39.796 4.663 17.019 -41.109
2 24 4.006 17.648 -39.844 6.414 17.152 -38.748
2 24 6.414 17.152 -38.748 8.353 16.065 -37.355
2 24 9.327 15.938 -38.884 6.759 16.847 -39.796
2 24 8.353 16.065 -37.355 9.024 14.49 -37.405
2 24 9.024 14.49 -37.405 10.123 13.53 -39.411
2 24 10.123 13.53 -39.411 9.327 15.938 -38.884
2 24 12.072 17.341 -22.09 11.886 18.543 -22.906
2 24 12.139 16.782 -22.255 12.072 17.341 -22.09
2 24 12.1 15.587 -22.667 12.139 16.782 -22.255
2 24 12.097 13.999 -22.557 12.038 14.456 -22.843
2 24 12.038 14.456 -22.843 12.1 15.587 -22.667
2 24 12.191 13.648 -22.278 12.097 13.999 -22.557
2 24 12.432 13.042 -21.084 12.191 13.648 -22.278
2 24 12.536 12.416 -20.595 12.432 13.042 -21.084
2 24 12.672 11.616 -20.69 12.536 12.416 -20.595
2 24 12.926 9.427 -21.243 12.672 11.616 -20.69
2 24 13.207 7.77 -21.839 12.926 9.427 -21.243
2 24 9.522 21.877 -24.619 8.357 23.71 -24.36
2 24 10.578 19.436 -24.397 9.522 21.877 -24.619
2 24 11.886 18.543 -22.906 10.578 19.436 -24.397
2 24 13.579 9.151 -22.289 13.574 7.598 -22.597
2 24 12.153 8.063 -31.126 12.21 10.612 -30.731
2 24 11.866 5.499 -32.145 12.153 8.063 -31.126
2 24 11.611 -1.121 -24.485 10.887 -2.028 -29.915
2 24 11.467 3.565 -33.285 11.866 5.499 -32.145
2 24 11.076 1.451 -34.69 11.467 3.565 -33.285
2 24 10.887 -2.028 -29.915 10.768 -1.905 -34.199
2 24 10.768 -1.905 -34.199 10.963 .831 -35.102
2 24 10.963 .831 -35.102 11.076 1.451 -34.69
2 24 12.21 10.612 -30.731 10.412 13.592 -34.993
2 24 10.412 13.592 -34.993 9.024 14.49 -37.405
2 24 10.414 21.41 -26.325 11.643 19.102 -26.572
2 24 11.643 19.102 -26.572 12.351 18.42 -24.978
2 24 0 24.933 -34.712 1.677 24.749 -34.569
2 24 1.677 24.749 -34.569 2.274 24.661 -34.098
2 24 2.274 24.661 -34.098 2.587 24.652 -33.626
2 24 2.587 24.652 -33.626 2.732 26.31 -30.525
2 24 2.732 26.31 -30.525 2.743 26.295 -29.81
2 24 2.743 26.295 -29.81 4.763 26.276 -29.957
2 24 7.047 24.338 -29.332 7.682 23.906 -29.012
2 24 4.763 26.276 -29.957 7.047 24.338 -29.332
2 24 7.84 23.912 -28.323 8.473 23.903 -26.207
2 24 7.682 23.906 -29.012 7.84 23.912 -28.323
2 24 8.473 23.903 -26.207 8.881 23.516 -25.862
2 24 8.881 23.516 -25.862 10.414 21.41 -26.325
2 24 13.243 14.999 -24.634 13.276 13.407 -25.042
2 24 13.204 16.488 -23.69 13.243 14.999 -24.634
2 24 13.276 13.407 -25.042 13.313 12.779 -24.743
2 24 13.313 12.779 -24.743 13.388 12.501 -23.973
2 24 13.388 12.501 -23.973 13.511 12.343 -22.682
5 24 13.511 12.343 -22.682 13.617 11.335 -21.934 13.423 10.977 -23.996 13.56 12.137 -21.893
2 24 13.511 12.343 -22.682 13.56 12.137 -21.893
2 24 13.56 12.137 -21.893 13.617 11.335 -21.934
2 24 13.617 11.335 -21.934 13.579 9.151 -22.289
5 24 12.351 18.42 -24.978 13.204 16.488 -23.69 12.312 14.268 -28.632 13.046 17.269 -23.345
2 24 12.351 18.42 -24.978 13.046 17.269 -23.345
2 24 13.046 17.269 -23.345 13.204 16.488 -23.69
5 24 13.313 12.779 -24.743 12.097 13.999 -22.557 12.191 13.648 -22.278 12.038 14.456 -22.843
5 24 12.038 14.456 -22.843 13.276 13.407 -25.042 13.243 14.999 -24.634 13.313 12.779 -24.743
5 24 13.243 14.999 -24.634 12.1 15.587 -22.667 12.038 14.456 -22.843 13.204 16.488 -23.69
5 24 13.204 16.488 -23.69 12.1 15.587 -22.667 13.243 14.999 -24.634 12.139 16.782 -22.255
5 24 13.204 16.488 -23.69 12.139 16.782 -22.255 12.1 15.587 -22.667 13.046 17.269 -23.345
5 24 12.038 14.456 -22.843 13.313 12.779 -24.743 12.097 13.999 -22.557 13.276 13.407 -25.042
5 24 13.046 17.269 -23.345 12.139 16.782 -22.255 13.204 16.488 -23.69 12.072 17.341 -22.09
5 24 13.046 17.269 -23.345 12.072 17.341 -22.09 12.139 16.782 -22.255 11.886 18.543 -22.906
5 24 13.046 17.269 -23.345 11.886 18.543 -22.906 12.072 17.341 -22.09 12.351 18.42 -24.978
5 24 12.351 18.42 -24.978 11.886 18.543 -22.906 13.046 17.269 -23.345 10.578 19.436 -24.397
5 24 12.351 18.42 -24.978 10.578 19.436 -24.397 11.886 18.543 -22.906 11.643 19.102 -26.572
2 24 11.643 19.102 -26.572 10.578 19.436 -24.397
2 24 13.264 10.416 -32.666 12.21 10.612 -30.731
2 24 12.719 7.811 -37.876 13.264 10.416 -32.666
2 24 12.043 6.442 -39.945 12.719 7.811 -37.876
2 24 9.33 3.031 -44.155 12.043 6.442 -39.945
2 24 9.152 -1.139 -39.864 6.425 -3.315 -41.379
2 24 7.419 1.417 -46.364 9.33 3.031 -44.155
2 24 6.425 -3.315 -41.379 4.011 -4.664 -42.222
2 24 4.011 -4.664 -42.222 4.513 -2.999 -44.758
2 24 11.072 1.505 -37.401 9.152 -1.139 -39.864
2 24 10.963 .831 -35.102 11.072 1.505 -37.401
2 24 5.787 .177 -47.767 7.419 1.417 -46.364
2 24 13.264 10.416 -32.666 11.902 12.808 -36.86
2 24 11.902 12.808 -36.86 10.123 13.53 -39.411
5 24 12.719 7.811 -37.876 11.902 12.808 -36.86 13.264 10.416 -32.666 10.702 11.36 -40.083
5 24 10.702 11.36 -40.083 11.902 12.808 -36.86 12.719 7.811 -37.876 10.123 13.53 -39.411
5 24 10.702 11.36 -40.083 10.123 13.53 -39.411 11.902 12.808 -36.86 9.432 12.664 -40.942
5 24 9.432 12.664 -40.942 10.123 13.53 -39.411 10.702 11.36 -40.083 8.624 14.493 -40.627
5 24 8.624 14.493 -40.627 10.123 13.53 -39.411 9.432 12.664 -40.942 9.327 15.938 -38.884
5 24 8.624 14.493 -40.627 9.327 15.938 -38.884 10.123 13.53 -39.411 6.759 16.847 -39.796
5 24 8.624 14.493 -40.627 6.759 16.847 -39.796 9.327 15.938 -38.884 7.641 14.572 -41.569
5 24 8.624 14.493 -40.627 7.641 14.572 -41.569 6.759 16.847 -39.796 8.493 12.929 -41.944
5 24 7.641 14.572 -41.569 6.759 16.847 -39.796 8.624 14.493 -40.627 6.314 14.81 -42.897
5 24 7.641 14.572 -41.569 6.314 14.81 -42.897 6.759 16.847 -39.796 7.249 13.095 -43.54
5 24 6.314 14.81 -42.897 6.759 16.847 -39.796 7.641 14.572 -41.569 4.663 17.019 -41.109
5 24 6.314 14.81 -42.897 4.663 17.019 -41.109 6.759 16.847 -39.796 3.774 16.818 -44.627
5 24 6.314 14.81 -42.897 5.188 15.215 -45.235 3.774 16.818 -44.627 6.08 13.556 -45.532
5 24 5.188 15.215 -45.235 3.774 16.818 -44.627 6.314 14.81 -42.897 3.619 17.193 -47.76
5 24 5.188 15.215 -45.235 3.619 17.193 -47.76 3.774 16.818 -44.627 4.836 15.564 -48.014
5 24 5.188 15.215 -45.235 4.836 15.564 -48.014 3.619 17.193 -47.76 5.541 14.138 -47.298
5 24 4.836 15.564 -48.014 3.619 17.193 -47.76 5.188 15.215 -45.235 5.013 15.287 -50.145
5 24 5.541 14.138 -47.298 4.836 15.564 -48.014 5.188 15.215 -45.235 5.717 13.276 -48.41
5 24 5.188 15.215 -45.235 5.541 14.138 -47.298 4.836 15.564 -48.014 6.08 13.556 -45.532
5 24 5.188 15.215 -45.235 6.08 13.556 -45.532 5.541 14.138 -47.298 6.314 14.81 -42.897
5 24 6.08 13.556 -45.532 5.541 14.138 -47.298 5.188 15.215 -45.235 6.554 11.688 -46.375
5 24 6.314 14.81 -42.897 6.08 13.556 -45.532 5.188 15.215 -45.235 7.249 13.095 -43.54
5 24 6.314 14.81 -42.897 7.249 13.095 -43.54 6.08 13.556 -45.532 7.641 14.572 -41.569
5 24 7.249 13.095 -43.54 6.08 13.556 -45.532 6.314 14.81 -42.897 6.554 11.688 -46.375
5 24 7.641 14.572 -41.569 7.249 13.095 -43.54 6.314 14.81 -42.897 8.493 12.929 -41.944
5 24 7.641 14.572 -41.569 8.493 12.929 -41.944 7.249 13.095 -43.54 8.624 14.493 -40.627
5 24 8.493 12.929 -41.944 7.249 13.095 -43.54 7.641 14.572 -41.569 8.281 10.396 -44.146
5 24 8.493 12.929 -41.944 8.624 14.493 -40.627 9.432 12.664 -40.942 7.641 14.572 -41.569
5 24 9.432 12.664 -40.942 8.493 12.929 -41.944 8.624 14.493 -40.627 9.651 10.602 -42.002
5 24 4.836 15.564 -48.014 5.013 15.287 -50.145 3.619 17.193 -47.76 5.717 13.276 -48.41
5 24 5.013 15.287 -50.145 3.619 17.193 -47.76 4.836 15.564 -48.014 3.649 17.697 -50.899
5 24 5.013 15.287 -50.145 3.649 17.697 -50.899 3.619 17.193 -47.76 5.203 14.305 -52.278
5 24 5.013 15.287 -50.145 5.203 14.305 -52.278 3.649 17.697 -50.899 5.57 11.86 -49.821
5 24 5.203 14.305 -52.278 3.649 17.697 -50.899 5.013 15.287 -50.145 3.565 17.782 -53.863
5 24 5.203 14.305 -52.278 3.565 17.782 -53.863 3.649 17.697 -50.899 3.746 16.31 -56.212
5 24 5.203 14.305 -52.278 3.746 16.31 -56.212 3.565 17.782 -53.863 4.797 12.961 -53.959
5 24 5.203 14.305 -52.278 4.797 12.961 -53.959 3.746 16.31 -56.212 4.865 10.276 -51.298
5 24 4.797 12.961 -53.959 3.746 16.31 -56.212 5.203 14.305 -52.278 3.004 14.589 -58.094
5 24 4.797 12.961 -53.959 3.004 14.589 -58.094 3.746 16.31 -56.212 3.541 11.28 -55.592
5 24 4.797 12.961 -53.959 3.541 11.28 -55.592 3.004 14.589 -58.094 4.865 10.276 -51.298
5 24 3.541 11.28 -55.592 3.004 14.589 -58.094 4.797 12.961 -53.959 1.668 13.379 -59.29
5 24 4.865 10.276 -51.298 3.541 11.28 -55.592 4.797 12.961 -53.959 3.574 8.521 -52.677
5 24 4.797 12.961 -53.959 4.865 10.276 -51.298 3.541 11.28 -55.592 5.203 14.305 -52.278
5 24 5.203 14.305 -52.278 4.865 10.276 -51.298 4.797 12.961 -53.959 5.57 11.86 -49.821
5 24 4.865 10.276 -51.298 3.574 8.521 -52.677 3.541 11.28 -55.592 3.842 5.962 -49.806
5 24 3.574 8.521 -52.677 3.541 11.28 -55.592 4.865 10.276 -51.298 1.748 9.493 -56.455
5 24 3.842 5.962 -49.806 3.574 8.521 -52.677 4.865 10.276 -51.298 1.86 6.949 -53.679
5 24 4.865 10.276 -51.298 3.842 5.962 -49.806 3.574 8.521 -52.677 5.576 7.974 -48.468
5 24 4.865 10.276 -51.298 5.576 7.974 -48.468 3.842 5.962 -49.806 5.57 11.86 -49.821
5 24 5.576 7.974 -48.468 3.842 5.962 -49.806 4.865 10.276 -51.298 5.714 3.785 -48.04
5 24 5.714 3.785 -48.04 3.842 5.962 -49.806 5.576 7.974 -48.468 3.344 1.973 -49.664
5 24 5.576 7.974 -48.468 5.714 3.785 -48.04 3.842 5.962 -49.806 7.511 5.862 -46.352
5 24 5.576 7.974 -48.468 7.511 5.862 -46.352 5.714 3.785 -48.04 6.567 9.83 -47.135
5 24 7.511 5.862 -46.352 5.714 3.785 -48.04 5.576 7.974 -48.468 7.419 1.417 -46.364
5 24 5.203 14.305 -52.278 5.57 11.86 -49.821 4.865 10.276 -51.298 5.013 15.287 -50.145
5 24 5.57 11.86 -49.821 4.865 10.276 -51.298 5.203 14.305 -52.278 5.576 7.974 -48.468
5 24 5.57 11.86 -49.821 5.576 7.974 -48.468 4.865 10.276 -51.298 6.567 9.83 -47.135
5 24 5.013 15.287 -50.145 5.57 11.86 -49.821 5.203 14.305 -52.278 5.717 13.276 -48.41
5 24 5.57 11.86 -49.821 6.567 9.83 -47.135 5.576 7.974 -48.468 6.554 11.688 -46.375
5 24 6.567 9.83 -47.135 5.576 7.974 -48.468 5.57 11.86 -49.821 7.511 5.862 -46.352
5 24 6.567 9.83 -47.135 7.511 5.862 -46.352 5.576 7.974 -48.468 8.701 7.621 -44.681
5 24 6.567 9.83 -47.135 8.701 7.621 -44.681 7.511 5.862 -46.352 8.281 10.396 -44.146
5 24 8.701 7.621 -44.681 7.511 5.862 -46.352 6.567 9.83 -47.135 9.33 3.031 -44.155
5 24 9.33 3.031 -44.155 7.511 5.862 -46.352 8.701 7.621 -44.681 7.419 1.417 -46.364
5 24 8.701 7.621 -44.681 9.33 3.031 -44.155 7.511 5.862 -46.352 12.043 6.442 -39.945
5 24 8.701 7.621 -44.681 12.043 6.442 -39.945 9.33 3.031 -44.155 9.651 10.602 -42.002
5 24 6.554 11.688 -46.375 6.567 9.83 -47.135 5.57 11.86 -49.821 8.281 10.396 -44.146
5 24 5.57 11.86 -49.821 6.554 11.688 -46.375 6.567 9.83 -47.135 5.717 13.276 -48.41
5 24 5.57 11.86 -49.821 5.717 13.276 -48.41 6.554 11.688 -46.375 5.013 15.287 -50.145
5 24 5.717 13.276 -48.41 6.554 11.688 -46.375 5.57 11.86 -49.821 5.541 14.138 -47.298
5 24 5.013 15.287 -50.145 5.717 13.276 -48.41 5.57 11.86 -49.821 4.836 15.564 -48.014
5 24 8.281 10.396 -44.146 8.701 7.621 -44.681 6.567 9.83 -47.135 9.651 10.602 -42.002
5 24 6.554 11.688 -46.375 8.281 10.396 -44.146 6.567 9.83 -47.135 7.249 13.095 -43.54
5 24 4.836 15.564 -48.014 5.717 13.276 -48.41 5.013 15.287 -50.145 5.541 14.138 -47.298
5 24 5.541 14.138 -47.298 5.717 13.276 -48.41 4.836 15.564 -48.014 6.554 11.688 -46.375
5 24 5.541 14.138 -47.298 6.554 11.688 -46.375 5.717 13.276 -48.41 6.08 13.556 -45.532
5 24 6.08 13.556 -45.532 6.554 11.688 -46.375 5.541 14.138 -47.298 7.249 13.095 -43.54
5 24 6.554 11.688 -46.375 7.249 13.095 -43.54 8.281 10.396 -44.146 6.08 13.556 -45.532
5 24 7.249 13.095 -43.54 8.281 10.396 -44.146 6.554 11.688 -46.375 8.493 12.929 -41.944
5 24 8.493 12.929 -41.944 8.281 10.396 -44.146 7.249 13.095 -43.54 9.651 10.602 -42.002
5 24 8.493 12.929 -41.944 9.651 10.602 -42.002 8.281 10.396 -44.146 9.432 12.664 -40.942
5 24 9.651 10.602 -42.002 8.281 10.396 -44.146 8.493 12.929 -41.944 8.701 7.621 -44.681
5 24 8.701 7.621 -44.681 9.651 10.602 -42.002 12.043 6.442 -39.945 8.281 10.396 -44.146
5 24 7.419 1.417 -46.364 7.511 5.862 -46.352 9.33 3.031 -44.155 5.714 3.785 -48.04
5 24 9.432 12.664 -40.942 9.651 10.602 -42.002 8.493 12.929 -41.944 10.702 11.36 -40.083
5 24 10.702 11.36 -40.083 9.651 10.602 -42.002 9.432 12.664 -40.942 12.043 6.442 -39.945
5 24 10.702 11.36 -40.083 12.043 6.442 -39.945 9.651 10.602 -42.002 12.719 7.811 -37.876
5 24 7.419 1.417 -46.364 5.714 3.785 -48.04 7.511 5.862 -46.352 5.787 .177 -47.767
5 24 5.787 .177 -47.767 5.714 3.785 -48.04 7.419 1.417 -46.364 3.344 1.973 -49.664
5 24 3.344 1.973 -49.664 5.714 3.785 -48.04 5.787 .177 -47.767 3.842 5.962 -49.806
5 24 3.344 1.973 -49.664 3.842 5.962 -49.806 5.714 3.785 -48.04 1.897 4.373 -50.888
5 24 1.897 4.373 -50.888 3.842 5.962 -49.806 3.344 1.973 -49.664 1.86 6.949 -53.679
5 24 1.86 6.949 -53.679 3.842 5.962 -49.806 1.897 4.373 -50.888 3.574 8.521 -52.677
5 24 1.86 6.949 -53.679 3.574 8.521 -52.677 3.842 5.962 -49.806 1.748 9.493 -56.455
5 24 1.748 9.493 -56.455 3.574 8.521 -52.677 1.86 6.949 -53.679 3.541 11.28 -55.592
5 24 1.748 9.493 -56.455 3.541 11.28 -55.592 3.574 8.521 -52.677 1.668 13.379 -59.29
5 24 1.668 13.379 -59.29 3.541 11.28 -55.592 1.748 9.493 -56.455 3.004 14.589 -58.094
5 24 8.473 23.903 -26.207 6.103 24.239 -27.562 7.271 24.343 -24.792 7.84 23.912 -28.323
2 24 6.103 24.239 -27.562 7.271 24.343 -24.792
5 24 7.271 24.343 -24.792 8.473 23.903 -26.207 6.103 24.239 -27.562 8.357 23.71 -24.36
5 24 7.84 23.912 -28.323 6.103 24.239 -27.562 8.473 23.903 -26.207 5.881 24.265 -28.153
2 24 5.881 24.265 -28.153 6.103 24.239 -27.562
5 24 7.84 23.912 -28.323 5.881 24.265 -28.153 6.103 24.239 -27.562 7.682 23.906 -29.012
2 24 7.682 23.906 -29.012 5.881 24.265 -28.153
2 24 7.271 24.343 -24.792 8.357 23.71 -24.36
5 24 8.357 23.71 -24.36 8.473 23.903 -26.207 7.271 24.343 -24.792 8.881 23.516 -25.862
5 24 8.357 23.71 -24.36 8.881 23.516 -25.862 8.473 23.903 -26.207 9.522 21.877 -24.619
5 24 9.522 21.877 -24.619 8.881 23.516 -25.862 8.357 23.71 -24.36 10.414 21.41 -26.325
5 24 9.522 21.877 -24.619 10.414 21.41 -26.325 8.881 23.516 -25.862 10.578 19.436 -24.397
5 24 10.578 19.436 -24.397 10.414 21.41 -26.325 9.522 21.877 -24.619 11.643 19.102 -26.572
5 24 7.047 24.338 -29.332 5.881 24.265 -28.153 7.682 23.906 -29.012 5.426 24.689 -28.293
5 24 7.047 24.338 -29.332 5.426 24.689 -28.293 5.881 24.265 -28.153 4.763 26.276 -29.957
2 24 5.426 24.689 -28.293 5.881 24.265 -28.153
5 24 4.763 26.276 -29.957 5.426 24.689 -28.293 7.047 24.338 -29.332 4.583 25.204 -28.337
5 24 4.763 26.276 -29.957 4.583 25.204 -28.337 5.426 24.689 -28.293 2.743 26.295 -29.81
2 24 4.583 25.204 -28.337 5.426 24.689 -28.293
5 24 2.743 26.295 -29.81 4.583 25.204 -28.337 4.763 26.276 -29.957 2.732 25.356 -28.296
2 24 2.743 26.295 -29.81 2.732 25.356 -28.296
2 24 2.732 25.356 -28.296 4.583 25.204 -28.337
5 24 2.544 26.477 -26.045 4.433 25.856 -26.967 2.736 25.939 -26.919 3.824 26.807 -25.219
5 24 4.433 25.856 -26.967 2.736 25.939 -26.919 2.544 26.477 -26.045 2.732 25.356 -28.296
2 24 2.736 25.939 -26.919 2.544 26.477 -26.045
5 24 2.544 26.477 -26.045 3.824 26.807 -25.219 4.433 25.856 -26.967 2.081 26.876 -25.48
5 24 4.433 25.856 -26.967 2.732 25.356 -28.296 2.736 25.939 -26.919 4.583 25.204 -28.337
2 24 2.732 25.356 -28.296 2.736 25.939 -26.919
2 24 2.544 26.477 -26.045 2.081 26.876 -25.48
5 24 2.081 26.876 -25.48 3.824 26.807 -25.219 2.544 26.477 -26.045 3.134 27.256 -24.455
5 24 2.081 26.876 -25.48 3.134 27.256 -24.455 3.824 26.807 -25.219 1.898 27.471 -24.371
5 24 2.081 26.876 -25.48 1.898 27.471 -24.371 3.134 27.256 -24.455 0 27.041 -25.119
2 24 2.081 26.876 -25.48 0 27.041 -25.119
5 24 0 27.041 -25.119 1.898 27.471 -24.371 2.081 26.876 -25.48 0 27.347 -24.293
5 24 10.792 -6.171 -40.615 8.751 -7.146 -41.477 7.618 -5.41 -41.31 11.005 -8.078 -41.12
5 24 8.751 -7.146 -41.477 7.618 -5.41 -41.31 10.792 -6.171 -40.615 6.523 -8.637 -41.849
5 24 7.618 -5.41 -41.31 10.286 -3.625 -40.027 10.792 -6.171 -40.615 6.425 -3.315 -41.379
5 24 10.286 -3.625 -40.027 10.792 -6.171 -40.615 7.618 -5.41 -41.31 13.258 -6.128 -38.991
5 24 11.005 -8.078 -41.12 8.751 -7.146 -41.477 10.792 -6.171 -40.615 9.426 -8.692 -41.716
5 24 10.792 -6.171 -40.615 11.005 -8.078 -41.12 8.751 -7.146 -41.477 13.258 -6.128 -38.991
5 24 9.426 -8.692 -41.716 8.751 -7.146 -41.477 11.005 -8.078 -41.12 6.523 -8.637 -41.849
5 24 11.005 -8.078 -41.12 11.081 -9.363 -41.457 9.426 -8.692 -41.716 12.74 -9.348 -40.381
5 24 11.081 -9.363 -41.457 9.426 -8.692 -41.716 11.005 -8.078 -41.12 10.023 -9.689 -41.817
5 24 11.081 -9.363 -41.457 10.023 -9.689 -41.817 9.426 -8.692 -41.716 11.482 -11.167 -41.46
5 24 10.023 -9.689 -41.817 9.426 -8.692 -41.716 11.081 -9.363 -41.457 8.631 -10.779 -42.022
5 24 7.618 -5.41 -41.31 6.425 -3.315 -41.379 10.286 -3.625 -40.027 4.011 -4.664 -42.222
5 24 6.425 -3.315 -41.379 10.286 -3.625 -40.027 7.618 -5.41 -41.31 9.152 -1.139 -39.864
5 24 9.152 -1.139 -39.864 10.286 -3.625 -40.027 6.425 -3.315 -41.379 12.808 -2.531 -37.92
5 24 13.258 -6.128 -38.991 10.792 -6.171 -40.615 10.286 -3.625 -40.027 11.005 -8.078 -41.12
5 24 10.286 -3.625 -40.027 13.258 -6.128 -38.991 10.792 -6.171 -40.615 12.808 -2.531 -37.92
5 24 10.286 -3.625 -40.027 12.808 -2.531 -37.92 13.258 -6.128 -38.991 9.152 -1.139 -39.864
2 24 12.808 -2.531 -37.92 13.258 -6.128 -38.991
5 24 9.152 -1.139 -39.864 12.808 -2.531 -37.92 10.286 -3.625 -40.027 11.072 1.505 -37.401
5 24 8.751 -7.146 -41.477 6.523 -8.637 -41.849 7.618 -5.41 -41.31 9.426 -8.692 -41.716
5 24 6.523 -8.637 -41.849 7.618 -5.41 -41.31 8.751 -7.146 -41.477 5.07 -6.81 -41.886
5 24 9.426 -8.692 -41.716 6.523 -8.637 -41.849 8.751 -7.146 -41.477 8.631 -10.779 -42.022
2 24 6.523 -8.637 -41.849 5.07 -6.81 -41.886
5 24 5.07 -6.81 -41.886 7.618 -5.41 -41.31 6.523 -8.637 -41.849 3.43 -4.989 -42.425
5 24 11.005 -8.078 -41.12 12.74 -9.348 -40.381 11.081 -9.363 -41.457 13.258 -6.128 -38.991
5 24 12.74 -9.348 -40.381 11.081 -9.363 -41.457 11.005 -8.078 -41.12 11.482 -11.167 -41.46
2 24 13.258 -6.128 -38.991 12.74 -9.348 -40.381
2 24 12.74 -9.348 -40.381 11.482 -11.167 -41.46
5 24 11.482 -11.167 -41.46 11.081 -9.363 -41.457 12.74 -9.348 -40.381 10.023 -9.689 -41.817
5 24 11.482 -11.167 -41.46 10.023 -9.689 -41.817 11.081 -9.363 -41.457 10.136 -11.69 -41.842
2 24 8.631 -10.779 -42.022 6.523 -8.637 -41.849
5 24 10.023 -9.689 -41.817 8.631 -10.779 -42.022 9.426 -8.692 -41.716 10.136 -11.69 -41.842
5 24 10.023 -9.689 -41.817 10.136 -11.69 -41.842 8.631 -10.779 -42.022 11.482 -11.167 -41.46
2 24 10.136 -11.69 -41.842 8.631 -10.779 -42.022
2 24 11.482 -11.167 -41.46 10.136 -11.69 -41.842
2 24 11.072 1.505 -37.401 12.808 -2.531 -37.92
2 24 5.07 -6.81 -41.886 3.43 -4.989 -42.425
5 24 3.43 -4.989 -42.425 7.618 -5.41 -41.31 5.07 -6.81 -41.886 4.011 -4.664 -42.222
2 24 3.43 -4.989 -42.425 4.011 -4.664 -42.222
2 24 6.518 -5.491 -31.921 6.724 -5.483 -34.396
2 24 6.724 -5.483 -34.396 10.768 -1.905 -34.199
5 24 13.097 -7.195 -36.661 12.779 -3.016 -36.512 13.285 -6.553 -37.883 12.443 -4.237 -35.284
2 24 12.443 -4.237 -35.284 13.097 -7.195 -36.661
5 24 13.097 -7.195 -36.661 13.285 -6.553 -37.883 12.651 -9.914 -39.304 12.779 -3.016 -36.512
5 24 13.285 -6.553 -37.883 12.779 -3.016 -36.512 13.097 -7.195 -36.661 12.808 -2.531 -37.92
5 24 12.779 -3.016 -36.512 12.443 -4.237 -35.284 10.963 .831 -35.102 13.097 -7.195 -36.661
5 24 13.285 -6.553 -37.883 13.258 -6.128 -38.991 12.74 -9.348 -40.381 12.808 -2.531 -37.92
5 24 12.808 -2.531 -37.92 13.285 -6.553 -37.883 12.779 -3.016 -36.512 13.258 -6.128 -38.991
5 24 12.808 -2.531 -37.92 12.779 -3.016 -36.512 10.963 .831 -35.102 13.285 -6.553 -37.883
5 24 10.963 .831 -35.102 12.779 -3.016 -36.512 12.808 -2.531 -37.92 12.443 -4.237 -35.284
5 24 12.651 -9.914 -39.304 13.285 -6.553 -37.883 13.097 -7.195 -36.661 12.74 -9.348 -40.381
2 24 13.097 -7.195 -36.661 12.458 -10.504 -38.079
5 24 12.458 -10.504 -38.079 12.651 -9.914 -39.304 13.097 -7.195 -36.661 11.334 -12.403 -39.249
5 24 11.462 -11.836 -40.33 12.651 -9.914 -39.304 12.74 -9.348 -40.381 11.334 -12.403 -39.249
5 24 11.334 -12.403 -39.249 12.651 -9.914 -39.304 11.462 -11.836 -40.33 12.458 -10.504 -38.079
2 24 12.458 -10.504 -38.079 11.334 -12.403 -39.249
5 24 11.334 -12.403 -39.249 11.462 -11.836 -40.33 12.651 -9.914 -39.304 10.135 -12.336 -40.858
5 24 10.135 -12.336 -40.858 11.334 -12.403 -39.249 11.462 -11.836 -40.33 9.993 -12.855 -39.722
2 24 11.334 -12.403 -39.249 9.993 -12.855 -39.722
5 24 9.993 -12.855 -39.722 10.135 -12.336 -40.858 11.334 -12.403 -39.249 8.573 -11.581 -40.703
5 24 10.135 -12.336 -40.858 11.462 -11.836 -40.33 11.482 -11.167 -41.46 11.334 -12.403 -39.249
5 24 11.462 -11.836 -40.33 11.482 -11.167 -41.46 10.135 -12.336 -40.858 12.74 -9.348 -40.381
5 24 11.462 -11.836 -40.33 12.74 -9.348 -40.381 11.482 -11.167 -41.46 12.651 -9.914 -39.304
5 24 10.135 -12.336 -40.858 11.482 -11.167 -41.46 11.462 -11.836 -40.33 10.136 -11.69 -41.842
5 24 12.74 -9.348 -40.381 12.651 -9.914 -39.304 13.285 -6.553 -37.883 11.462 -11.836 -40.33
5 24 13.285 -6.553 -37.883 12.74 -9.348 -40.381 13.258 -6.128 -38.991 12.651 -9.914 -39.304
5 24 9.993 -12.855 -39.722 8.573 -11.581 -40.703 8.601 -12.113 -39.375 10.135 -12.336 -40.858
2 24 9.993 -12.855 -39.722 8.601 -12.113 -39.375
5 24 8.601 -12.113 -39.375 8.573 -11.581 -40.703 5.972 -9.767 -38.599 9.993 -12.855 -39.722
5 24 8.573 -11.581 -40.703 10.135 -12.336 -40.858 10.136 -11.69 -41.842 9.993 -12.855 -39.722
2 24 8.601 -12.113 -39.375 5.972 -9.767 -38.599
5 24 5.972 -9.767 -38.599 6.069 -9.251 -40.227 8.573 -11.581 -40.703 4.532 -8.188 -38.051
5 24 6.069 -9.251 -40.227 8.573 -11.581 -40.703 5.972 -9.767 -38.599 8.631 -10.779 -42.022
5 24 4.532 -8.188 -38.051 6.069 -9.251 -40.227 5.972 -9.767 -38.599 4.319 -7.45 -40.157
2 24 5.972 -9.767 -38.599 4.532 -8.188 -38.051
5 24 4.532 -8.188 -38.051 4.319 -7.45 -40.157 6.069 -9.251 -40.227 2.317 -6.174 -37.478
5 24 4.319 -7.45 -40.157 6.069 -9.251 -40.227 4.532 -8.188 -38.051 6.523 -8.637 -41.849
5 24 6.523 -8.637 -41.849 6.069 -9.251 -40.227 4.319 -7.45 -40.157 8.631 -10.779 -42.022
5 24 4.319 -7.45 -40.157 6.523 -8.637 -41.849 6.069 -9.251 -40.227 5.07 -6.81 -41.886
5 24 4.319 -7.45 -40.157 5.07 -6.81 -41.886 6.523 -8.637 -41.849 3.43 -4.989 -42.425
5 24 8.631 -10.779 -42.022 8.573 -11.581 -40.703 6.069 -9.251 -40.227 10.136 -11.69 -41.842
5 24 10.136 -11.69 -41.842 8.573 -11.581 -40.703 8.631 -10.779 -42.022 10.135 -12.336 -40.858
5 24 10.136 -11.69 -41.842 10.135 -12.336 -40.858 8.573 -11.581 -40.703 11.482 -11.167 -41.46
2 24 4.532 -8.188 -38.051 2.317 -6.174 -37.478
5 24 2.317 -6.174 -37.478 4.319 -7.45 -40.157 4.532 -8.188 -38.051 2.495 -5.873 -40.033
5 24 2.495 -5.873 -40.033 4.319 -7.45 -40.157 2.317 -6.174 -37.478 3.43 -4.989 -42.425
5 24 4.319 -7.45 -40.157 3.43 -4.989 -42.425 2.495 -5.873 -40.033 5.07 -6.81 -41.886
5 24 8.715 -9.26 -36.546 12.443 -4.237 -35.284 13.097 -7.195 -36.661 7.849 -7.431 -35.634
5 24 12.443 -4.237 -35.284 7.849 -7.431 -35.634 6.724 -5.483 -34.396 8.715 -9.26 -36.546
2 24 7.849 -7.431 -35.634 8.715 -9.26 -36.546
5 24 8.715 -9.26 -36.546 13.097 -7.195 -36.661 12.458 -10.504 -38.079 12.443 -4.237 -35.284
5 24 8.715 -9.26 -36.546 12.458 -10.504 -38.079 13.097 -7.195 -36.661 9.363 -10.607 -37.384
2 24 8.715 -9.26 -36.546 9.363 -10.607 -37.384
5 24 9.363 -10.607 -37.384 12.458 -10.504 -38.079 8.715 -9.26 -36.546 11.334 -12.403 -39.249
5 24 9.363 -10.607 -37.384 11.334 -12.403 -39.249 12.458 -10.504 -38.079 9.846 -12.51 -39.08
2 24 9.363 -10.607 -37.384 9.846 -12.51 -39.08
5 24 9.846 -12.51 -39.08 11.334 -12.403 -39.249 9.363 -10.607 -37.384 9.993 -12.855 -39.722
2 24 9.846 -12.51 -39.08 9.993 -12.855 -39.722
2 24 6.724 -5.483 -34.396 7.849 -7.431 -35.634
5 24 12.443 -4.237 -35.284 6.724 -5.483 -34.396 7.849 -7.431 -35.634 10.768 -1.905 -34.199
2 24 12.443 -4.237 -35.284 10.768 -1.905 -34.199
5 24 5.972 -9.767 -38.599 7.849 -7.431 -35.634 4.532 -8.188 -38.051 8.715 -9.26 -36.546
5 24 7.849 -7.431 -35.634 4.532 -8.188 -38.051 5.972 -9.767 -38.599 6.724 -5.483 -34.396
5 24 5.972 -9.767 -38.599 8.715 -9.26 -36.546 7.849 -7.431 -35.634 9.363 -10.607 -37.384
5 24 6.724 -5.483 -34.396 4.532 -8.188 -38.051 7.849 -7.431 -35.634 2.317 -6.174 -37.478
2 24 6.724 -5.483 -34.396 2.317 -6.174 -37.478
5 24 5.972 -9.767 -38.599 9.363 -10.607 -37.384 8.715 -9.26 -36.546 8.601 -12.113 -39.375
5 24 8.601 -12.113 -39.375 9.363 -10.607 -37.384 5.972 -9.767 -38.599 9.846 -12.51 -39.08
5 24 8.601 -12.113 -39.375 9.846 -12.51 -39.08 9.363 -10.607 -37.384 9.993 -12.855 -39.722
5 24 12.443 -4.237 -35.284 10.963 .831 -35.102 12.779 -3.016 -36.512 10.768 -1.905 -34.199
5 24 1.491 -.242 -34.205 2.274 24.661 -34.098 1.677 24.749 -34.569 2.08 -.242 -33.549
5 24 1.677 24.749 -34.569 1.491 -.242 -34.205 2.274 24.661 -34.098 0 -.242 -34.49
5 24 1.491 -.242 -34.205 2.08 -.242 -33.549 2.274 24.661 -34.098 1.247 -1.4 -33.777
5 24 2.08 -.242 -33.549 2.274 24.661 -34.098 1.491 -.242 -34.205 2.587 24.652 -33.626
5 24 2.08 -.242 -33.549 2.276 -.242 -32.749 1.64 -1.4 -33.34 2.587 24.652 -33.626
5 24 2.08 -.242 -33.549 2.587 24.652 -33.626 2.276 -.242 -32.749 2.274 24.661 -34.098
5 24 2.276 -.242 -32.749 2.587 24.652 -33.626 2.08 -.242 -33.549 2.732 26.31 -30.525
5 24 2.276 -.242 -32.749 2.286 -.242 -27.104 1.813 -1.4 -27.111 2.743 26.295 -29.81
5 24 2.732 26.31 -30.525 2.276 -.242 -32.749 2.587 24.652 -33.626 2.743 26.295 -29.81
5 24 2.276 -.242 -32.749 2.743 26.295 -29.81 2.286 -.242 -27.104 2.732 26.31 -30.525
5 24 1.677 24.749 -34.569 0 -.242 -34.49 1.491 -.242 -34.205 0 24.933 -34.712
5 24 0 -.242 -34.49 1.491 -.242 -34.205 1.677 24.749 -34.569 1.247 -1.4 -33.777
5 24 2.276 -.242 -32.749 1.789 -1.4 -32.762 1.813 -1.4 -27.111 1.64 -1.4 -33.34
2 24 1.789 -1.4 -32.762 1.813 -1.4 -27.111
5 24 2.286 -.242 -27.104 2.736 25.939 -26.919 2.116 -.242 -26.402 2.732 25.356 -28.296
5 24 2.286 -.242 -27.104 2.116 -.242 -26.402 2.736 25.939 -26.919 1.671 -1.4 -26.509
5 24 2.116 -.242 -26.402 2.544 26.477 -26.045 2.736 25.939 -26.919 2.081 26.876 -25.48
5 24 2.116 -.242 -26.402 1.544 -.242 -25.731 1.671 -1.4 -26.509 2.081 26.876 -25.48
5 24 1.544 -.242 -25.731 2.081 26.876 -25.48 0 -.242 -25.454 2.116 -.242 -26.402
5 24 1.544 -.242 -25.731 0 -.242 -25.454 2.081 26.876 -25.48 1.273 -1.4 -26.056
5 24 1.671 -1.4 -26.509 2.116 -.242 -26.402 2.286 -.242 -27.104 1.544 -.242 -25.731
2 24 1.813 -1.4 -27.111 1.671 -1.4 -26.509
2 24 1.671 -1.4 -26.509 1.273 -1.4 -26.056
5 24 1.273 -1.4 -26.056 1.544 -.242 -25.731 1.671 -1.4 -26.509 0 -.242 -25.454
2 24 1.273 -1.4 -26.056 0 -1.4 -25.826
2 24 1.64 -1.4 -33.34 1.789 -1.4 -32.762
5 24 2.08 -.242 -33.549 1.64 -1.4 -33.34 2.276 -.242 -32.749 1.247 -1.4 -33.777
2 24 1.247 -1.4 -33.777 1.64 -1.4 -33.34
5 24 1.491 -.242 -34.205 1.247 -1.4 -33.777 2.08 -.242 -33.549 0 -.242 -34.49
2 24 0 -1.4 -34.015 1.247 -1.4 -33.777
5 24 0 -6.118 -39.124 2.317 -6.174 -37.478 2.495 -5.873 -40.033 0 -6.084 -32.453
5 24 6.518 -5.491 -31.921 0 -6.084 -32.453 7.084 -4.822 -23.905 2.317 -6.174 -37.478
5 24 2.317 -6.174 -37.478 6.518 -5.491 -31.921 0 -6.084 -32.453 6.724 -5.483 -34.396
5 24 0 -6.084 -32.453 2.317 -6.174 -37.478 0 -6.118 -39.124 6.518 -5.491 -31.921
5 24 0 -6.118 -39.124 2.495 -5.873 -40.033 2.317 -6.174 -37.478 3.43 -4.989 -42.425
5 24 11.467 3.565 -33.285 11.599 3.559 -37.899 12.359 5.566 -36.66 11.076 1.451 -34.69
5 24 7.04 21.178 -34.232 9.525 20.709 -30.687 9.555 16.656 -34.722 6.969 23.502 -31.634
5 24 6.969 23.502 -31.634 9.525 20.709 -30.687 7.917 23.594 -29.445 7.04 21.178 -34.232
5 24 6.969 23.502 -31.634 7.04 21.178 -34.232 9.525 20.709 -30.687 4.561 26.141 -30.874
5 24 0 2.052 -49.877 3.344 1.973 -49.664 1.897 4.373 -50.888 0 -1.147 -48.062
5 24 3.774 16.818 -44.627 4.006 17.648 -39.844 0 17.132 -44.736 4.663 17.019 -41.109
5 24 11.599 3.559 -37.899 12.043 6.442 -39.945 9.33 3.031 -44.155 12.359 5.566 -36.66
5 24 9.555 16.656 -34.722 10.994 16.983 -31.176 9.525 20.709 -30.687 10.412 13.592 -34.993
5 24 1.085 24.994 -35.805 0 24.933 -34.712 0 25.09 -35.992 1.677 24.749 -34.569
5 24 13.511 12.343 -22.682 12.432 13.042 -21.084 12.191 13.648 -22.278 13.56 12.137 -21.893
5 24 6.879 -1.576 -43.211 9.152 -1.139 -39.864 9.233 .503 -41.386 6.425 -3.315 -41.379
5 24 4.763 26.276 -29.957 7.051 24.375 -29.763 7.047 24.338 -29.332 4.561 26.141 -30.874
5 24 7.917 23.594 -29.445 9.525 20.709 -30.687 8.236 23.6 -28.187 6.969 23.502 -31.634
5 24 13.351 6.703 -22.013 13.55 6.181 -22.825 13.574 7.598 -22.597 13.234 3.748 -21.365
5 24 9.525 20.709 -30.687 10.414 21.41 -26.325 11.643 19.102 -26.572 8.881 23.516 -25.862
5 24 11.599 3.559 -37.899 11.076 1.451 -34.69 11.072 1.505 -37.401 11.467 3.565 -33.285
5 24 4.006 17.648 -39.844 6.759 16.847 -39.796 6.414 17.152 -38.748 4.663 17.019 -41.109
5 24 12.359 5.566 -36.66 12.043 6.442 -39.945 12.719 7.811 -37.876 11.599 3.559 -37.899
5 24 7.04 21.178 -34.232 9.555 16.656 -34.722 9.525 20.709 -30.687 8.353 16.065 -37.355
5 24 7.051 24.375 -29.763 7.917 23.594 -29.445 7.682 23.906 -29.012 6.969 23.502 -31.634
5 24 0 18.529 -51.112 3.649 17.697 -50.899 3.565 17.782 -53.863 0 17.739 -47.802
5 24 0 -6.118 -39.124 3.43 -4.989 -42.425 0 -4.152 -44.461 2.495 -5.873 -40.033
5 24 0 17.132 -44.736 3.619 17.193 -47.76 3.774 16.818 -44.627 0 17.739 -47.802
5 24 3.769 24.4 -33.792 2.587 24.652 -33.626 4.561 26.141 -30.874 2.274 24.661 -34.098
5 24 12.312 14.268 -28.632 13.243 14.999 -24.634 13.204 16.488 -23.69 13.276 13.407 -25.042
5 24 12.926 9.427 -21.243 13.617 11.335 -21.934 13.579 9.151 -22.289 12.672 11.616 -20.69
5 24 6.425 -3.315 -41.379 4.513 -2.999 -44.758 4.011 -4.664 -42.222 6.879 -1.576 -43.211
5 24 12.359 5.566 -36.66 12.712 6.524 -35.105 12.719 7.811 -37.876 11.467 3.565 -33.285
5 24 0 25.09 -35.992 1.085 24.994 -35.805 0 24.933 -34.712 1.564 21.734 -37.93
5 24 7.04 21.178 -34.232 3.769 24.4 -33.792 4.561 26.141 -30.874 2.678 24.527 -34.967
5 24 0 17.739 -47.802 3.619 17.193 -47.76 0 17.132 -44.736 3.649 17.697 -50.899
5 24 11.611 1.491 -31.534 10.768 -1.905 -34.199 11.076 1.451 -34.69 10.887 -2.028 -29.915
5 24 12.191 13.648 -22.278 13.388 12.501 -23.973 13.511 12.343 -22.682 13.313 12.779 -24.743
5 24 10.412 13.592 -34.993 9.555 16.656 -34.722 10.994 16.983 -31.176 9.024 14.49 -37.405
5 24 3.769 24.4 -33.792 2.274 24.661 -34.098 2.678 24.527 -34.967 2.587 24.652 -33.626
5 24 7.04 21.178 -34.232 2.678 24.527 -34.967 4.328 21.428 -36.522 3.769 24.4 -33.792
5 24 13.574 7.598 -22.597 13.057 7.947 -26.013 13.423 10.977 -23.996 13.55 6.181 -22.825
5 24 0 -4.152 -44.461 3.43 -4.989 -42.425 4.513 -2.999 -44.758 0 -6.118 -39.124
5 24 7.84 23.912 -28.323 8.236 23.6 -28.187 8.473 23.903 -26.207 7.682 23.906 -29.012
5 24 12.536 12.416 -20.595 13.56 12.137 -21.893 12.432 13.042 -21.084 12.672 11.616 -20.69
5 24 13.158 8.634 -34.002 13.264 10.416 -32.666 12.719 7.811 -37.876 12.153 8.063 -31.126
5 24 4.763 26.276 -29.957 2.732 26.31 -30.525 4.561 26.141 -30.874 2.743 26.295 -29.81
5 24 11.902 12.808 -36.86 9.024 14.49 -37.405 10.412 13.592 -34.993 10.123 13.53 -39.411
5 24 5.787 .177 -47.767 6.879 -1.576 -43.211 7.419 1.417 -46.364 4.513 -2.999 -44.758
5 24 10.887 -2.028 -29.915 11.611 1.491 -31.534 10.768 -1.905 -34.199 12.757 2.393 -25.438
5 24 11.599 3.559 -37.899 9.233 .503 -41.386 11.072 1.505 -37.401 9.33 3.031 -44.155
5 24 4.763 26.276 -29.957 4.561 26.141 -30.874 2.732 26.31 -30.525 7.051 24.375 -29.763
5 24 8.353 16.065 -37.355 7.04 21.178 -34.232 6.414 17.152 -38.748 9.555 16.656 -34.722
5 24 4.006 17.648 -39.844 4.663 17.019 -41.109 6.759 16.847 -39.796 3.774 16.818 -44.627
5 24 0 17.739 -47.802 3.649 17.697 -50.899 0 18.529 -51.112 3.619 17.193 -47.76
5 24 0 -1.147 -48.062 3.344 1.973 -49.664 0 2.052 -49.877 5.787 .177 -47.767
5 24 2.274 24.661 -34.098 2.678 24.527 -34.967 1.677 24.749 -34.569 3.769 24.4 -33.792
5 24 13.057 7.947 -26.013 13.423 10.977 -23.996 13.574 7.598 -22.597 12.703 11.233 -27.883
5 24 4.513 -2.999 -44.758 6.879 -1.576 -43.211 6.425 -3.315 -41.379 5.787 .177 -47.767
5 24 5.787 .177 -47.767 0 -1.147 -48.062 4.513 -2.999 -44.758 3.344 1.973 -49.664
5 24 4.513 -2.999 -44.758 3.43 -4.989 -42.425 0 -4.152 -44.461 4.011 -4.664 -42.222
5 24 0 17.132 -44.736 3.774 16.818 -44.627 3.619 17.193 -47.76 4.006 17.648 -39.844
5 24 13.264 10.416 -32.666 10.412 13.592 -34.993 12.21 10.612 -30.731 11.902 12.808 -36.86
5 24 13.313 12.779 -24.743 12.703 11.233 -27.883 13.423 10.977 -23.996 13.276 13.407 -25.042
5 24 13.264 10.416 -32.666 12.153 8.063 -31.126 12.21 10.612 -30.731 13.158 8.634 -34.002
5 24 13.207 7.77 -21.839 13.579 9.151 -22.289 12.926 9.427 -21.243 13.574 7.598 -22.597
5 24 12.703 11.233 -27.883 13.057 7.947 -26.013 12.153 8.063 -31.126 13.423 10.977 -23.996
5 24 12.312 14.268 -28.632 12.21 10.612 -30.731 10.994 16.983 -31.176 12.703 11.233 -27.883
5 24 9.024 14.49 -37.405 9.327 15.938 -38.884 8.353 16.065 -37.355 10.123 13.53 -39.411
5 24 12.757 2.393 -25.438 11.611 1.491 -31.534 10.887 -2.028 -29.915 13.028 5.427 -25.996
5 24 13.276 13.407 -25.042 12.312 14.268 -28.632 13.243 14.999 -24.634 12.703 11.233 -27.883
5 24 4.006 17.648 -39.844 1.564 21.734 -37.93 1.789 17.664 -40.611 4.328 21.428 -36.522
5 24 9.525 20.709 -30.687 9.555 16.656 -34.722 10.994 16.983 -31.176 7.04 21.178 -34.232
5 24 7.051 24.375 -29.763 4.561 26.141 -30.874 4.763 26.276 -29.957 6.969 23.502 -31.634
5 24 7.084 -4.822 -23.905 10.887 -2.028 -29.915 6.518 -5.491 -31.921 11.611 -1.121 -24.485
5 24 12.359 5.566 -36.66 11.467 3.565 -33.285 12.712 6.524 -35.105 11.599 3.559 -37.899
5 24 10.994 16.983 -31.176 11.643 19.102 -26.572 9.525 20.709 -30.687 12.312 14.268 -28.632
5 24 1.789 17.664 -40.611 1.564 21.734 -37.93 4.006 17.648 -39.844 0 21.813 -38.148
5 24 8.236 23.6 -28.187 8.473 23.903 -26.207 7.84 23.912 -28.323 9.525 20.709 -30.687
5 24 13.276 13.407 -25.042 12.703 11.233 -27.883 12.312 14.268 -28.632 13.313 12.779 -24.743
5 24 6.425 -3.315 -41.379 6.879 -1.576 -43.211 4.513 -2.999 -44.758 9.152 -1.139 -39.864
5 24 12.312 14.268 -28.632 11.643 19.102 -26.572 12.351 18.42 -24.978 10.994 16.983 -31.176
5 24 6.414 17.152 -38.748 7.04 21.178 -34.232 8.353 16.065 -37.355 4.328 21.428 -36.522
5 24 11.643 19.102 -26.572 9.525 20.709 -30.687 10.994 16.983 -31.176 10.414 21.41 -26.325
5 24 8.353 16.065 -37.355 6.759 16.847 -39.796 9.327 15.938 -38.884 6.414 17.152 -38.748
5 24 1.085 24.994 -35.805 2.678 24.527 -34.967 1.677 24.749 -34.569 4.328 21.428 -36.522
5 24 8.236 23.6 -28.187 7.682 23.906 -29.012 7.917 23.594 -29.445 7.84 23.912 -28.323
5 24 13.574 7.598 -22.597 13.55 6.181 -22.825 13.351 6.703 -22.013 13.057 7.947 -26.013
5 24 10.994 16.983 -31.176 12.21 10.612 -30.731 12.312 14.268 -28.632 10.412 13.592 -34.993
5 24 11.467 3.565 -33.285 12.712 6.524 -35.105 12.359 5.566 -36.66 11.866 5.499 -32.145
5 24 0 17.132 -44.736 1.789 17.664 -40.611 4.006 17.648 -39.844 0 17.606 -40.923
5 24 0 21.813 -38.148 1.564 21.734 -37.93 1.789 17.664 -40.611 0 25.09 -35.992
5 24 1.564 21.734 -37.93 0 25.09 -35.992 0 21.813 -38.148 1.085 24.994 -35.805
5 24 12.351 18.42 -24.978 12.312 14.268 -28.632 11.643 19.102 -26.572 13.204 16.488 -23.69
5 24 12.672 11.616 -20.69 13.617 11.335 -21.934 13.56 12.137 -21.893 12.926 9.427 -21.243
5 24 6.879 -1.576 -43.211 7.419 1.417 -46.364 9.33 3.031 -44.155 5.787 .177 -47.767
5 24 13.56 12.137 -21.893 12.432 13.042 -21.084 13.511 12.343 -22.682 12.536 12.416 -20.595
5 24 13.057 7.947 -26.013 13.55 6.181 -22.825 13.574 7.598 -22.597 13.028 5.427 -25.996
5 24 11.611 1.491 -31.534 11.076 1.451 -34.69 11.467 3.565 -33.285 10.768 -1.905 -34.199
5 24 2.678 24.527 -34.967 4.328 21.428 -36.522 7.04 21.178 -34.232 1.085 24.994 -35.805
5 24 7.917 23.594 -29.445 8.236 23.6 -28.187 9.525 20.709 -30.687 7.682 23.906 -29.012
5 24 6.518 -5.491 -31.921 10.768 -1.905 -34.199 10.887 -2.028 -29.915 6.724 -5.483 -34.396
5 24 13.423 10.977 -23.996 13.579 9.151 -22.289 13.574 7.598 -22.597 13.617 11.335 -21.934
5 24 9.233 .503 -41.386 9.152 -1.139 -39.864 11.072 1.505 -37.401 6.879 -1.576 -43.211
5 24 13.617 11.335 -21.934 13.423 10.977 -23.996 13.511 12.343 -22.682 13.579 9.151 -22.289
5 24 9.024 14.49 -37.405 9.555 16.656 -34.722 10.412 13.592 -34.993 8.353 16.065 -37.355
5 24 8.236 23.6 -28.187 9.525 20.709 -30.687 7.917 23.594 -29.445 8.473 23.903 -26.207
5 24 13.511 12.343 -22.682 12.191 13.648 -22.278 13.388 12.501 -23.973 12.432 13.042 -21.084
5 24 6.414 17.152 -38.748 6.759 16.847 -39.796 8.353 16.065 -37.355 4.006 17.648 -39.844
5 24 13.55 6.181 -22.825 12.757 2.393 -25.438 13.028 5.427 -25.996 13.234 3.748 -21.365
5 24 13.55 6.181 -22.825 13.234 3.748 -21.365 12.757 2.393 -25.438 13.351 6.703 -22.013
5 24 13.574 7.598 -22.597 13.351 6.703 -22.013 13.207 7.77 -21.839 13.55 6.181 -22.825
5 24 4.006 17.648 -39.844 4.328 21.428 -36.522 6.414 17.152 -38.748 1.564 21.734 -37.93
5 24 12.757 2.393 -25.438 13.028 5.427 -25.996 13.55 6.181 -22.825 11.611 1.491 -31.534
5 24 11.611 1.491 -31.534 11.467 3.565 -33.285 11.076 1.451 -34.69 11.866 5.499 -32.145
5 24 4.328 21.428 -36.522 1.085 24.994 -35.805 1.564 21.734 -37.93 2.678 24.527 -34.967
5 24 12.719 7.811 -37.876 12.359 5.566 -36.66 12.712 6.524 -35.105 12.043 6.442 -39.945
5 24 7.051 24.375 -29.763 7.047 24.338 -29.332 4.763 26.276 -29.957 7.682 23.906 -29.012
5 24 12.312 14.268 -28.632 13.204 16.488 -23.69 13.243 14.999 -24.634 12.351 18.42 -24.978
5 24 13.574 7.598 -22.597 13.207 7.77 -21.839 13.579 9.151 -22.289 13.351 6.703 -22.013
5 24 4.561 26.141 -30.874 3.769 24.4 -33.792 7.04 21.178 -34.232 2.587 24.652 -33.626
5 24 11.611 1.491 -31.534 13.028 5.427 -25.996 11.866 5.499 -32.145 12.757 2.393 -25.438
5 24 6.969 23.502 -31.634 4.561 26.141 -30.874 7.051 24.375 -29.763 7.04 21.178 -34.232
5 24 13.55 6.181 -22.825 13.028 5.427 -25.996 12.757 2.393 -25.438 13.057 7.947 -26.013
5 24 2.732 26.31 -30.525 4.561 26.141 -30.874 4.763 26.276 -29.957 2.587 24.652 -33.626
5 24 13.423 10.977 -23.996 13.313 12.779 -24.743 12.703 11.233 -27.883 13.388 12.501 -23.973
5 24 13.028 5.427 -25.996 13.057 7.947 -26.013 12.153 8.063 -31.126 13.55 6.181 -22.825
5 24 0 17.243 -56.91 3.746 16.31 -56.212 3.004 14.589 -58.094 0 18.619 -54.62
5 24 11.599 3.559 -37.899 11.072 1.505 -37.401 11.076 1.451 -34.69 9.233 .503 -41.386
5 24 3.769 24.4 -33.792 2.678 24.527 -34.967 2.274 24.661 -34.098 7.04 21.178 -34.232
5 24 12.191 13.648 -22.278 13.313 12.779 -24.743 13.388 12.501 -23.973 12.097 13.999 -22.557
5 24 13.579 9.151 -22.289 12.926 9.427 -21.243 13.207 7.77 -21.839 13.617 11.335 -21.934
5 24 9.33 3.031 -44.155 6.879 -1.576 -43.211 9.233 .503 -41.386 7.419 1.417 -46.364
5 24 10.768 -1.905 -34.199 11.076 1.451 -34.69 11.611 1.491 -31.534 10.963 .831 -35.102
5 24 10.994 16.983 -31.176 9.525 20.709 -30.687 11.643 19.102 -26.572 9.555 16.656 -34.722
5 24 9.525 20.709 -30.687 8.473 23.903 -26.207 8.236 23.6 -28.187 8.881 23.516 -25.862
5 24 12.712 6.524 -35.105 13.158 8.634 -34.002 11.866 5.499 -32.145 12.719 7.811 -37.876
5 24 1.564 21.734 -37.93 1.085 24.994 -35.805 4.328 21.428 -36.522 0 25.09 -35.992
5 24 1.789 17.664 -40.611 0 21.813 -38.148 1.564 21.734 -37.93 0 17.606 -40.923
5 24 12.672 11.616 -20.69 13.56 12.137 -21.893 13.617 11.335 -21.934 12.536 12.416 -20.595
5 24 9.233 .503 -41.386 6.879 -1.576 -43.211 9.152 -1.139 -39.864 9.33 3.031 -44.155
5 24 0 2.052 -49.877 1.897 4.373 -50.888 0 4.199 -50.955 3.344 1.973 -49.664
5 24 12.712 6.524 -35.105 12.719 7.811 -37.876 12.359 5.566 -36.66 13.158 8.634 -34.002
5 24 6.518 -5.491 -31.921 10.887 -2.028 -29.915 10.768 -1.905 -34.199 7.084 -4.822 -23.905
5 24 10.994 16.983 -31.176 10.412 13.592 -34.993 12.21 10.612 -30.731 9.555 16.656 -34.722
5 24 12.153 8.063 -31.126 13.158 8.634 -34.002 13.264 10.416 -32.666 11.866 5.499 -32.145
5 24 12.719 7.811 -37.876 13.158 8.634 -34.002 13.264 10.416 -32.666 12.712 6.524 -35.105
5 24 12.153 8.063 -31.126 13.028 5.427 -25.996 13.057 7.947 -26.013 11.866 5.499 -32.145
5 24 13.028 5.427 -25.996 11.866 5.499 -32.145 11.611 1.491 -31.534 12.153 8.063 -31.126
5 24 2.587 24.652 -33.626 4.561 26.141 -30.874 2.732 26.31 -30.525 3.769 24.4 -33.792
5 24 11.866 5.499 -32.145 13.158 8.634 -34.002 12.712 6.524 -35.105 12.153 8.063 -31.126
5 24 8.353 16.065 -37.355 9.555 16.656 -34.722 7.04 21.178 -34.232 9.024 14.49 -37.405
5 24 13.234 3.748 -21.365 12.757 2.393 -25.438 13.55 6.181 -22.825 11.611 -1.121 -24.485
5 24 12.153 8.063 -31.126 13.057 7.947 -26.013 13.028 5.427 -25.996 12.703 11.233 -27.883
5 24 13.388 12.501 -23.973 13.423 10.977 -23.996 13.511 12.343 -22.682 13.313 12.779 -24.743
5 24 11.611 -1.121 -24.485 12.757 2.393 -25.438 10.887 -2.028 -29.915 13.234 3.748 -21.365
5 24 8.881 23.516 -25.862 9.525 20.709 -30.687 8.473 23.903 -26.207 10.414 21.41 -26.325
5 24 12.359 5.566 -36.66 11.599 3.559 -37.899 12.043 6.442 -39.945 11.467 3.565 -33.285
5 24 7.682 23.906 -29.012 7.917 23.594 -29.445 8.236 23.6 -28.187 7.051 24.375 -29.763
5 24 4.328 21.428 -36.522 7.04 21.178 -34.232 6.414 17.152 -38.748 2.678 24.527 -34.967
5 24 0 18.619 -54.62 3.565 17.782 -53.863 0 18.529 -51.112 3.746 16.31 -56.212
5 24 11.902 12.808 -36.86 10.412 13.592 -34.993 13.264 10.416 -32.666 9.024 14.49 -37.405
5 24 9.233 .503 -41.386 9.33 3.031 -44.155 11.599 3.559 -37.899 6.879 -1.576 -43.211
5 24 6.414 17.152 -38.748 4.328 21.428 -36.522 4.006 17.648 -39.844 7.04 21.178 -34.232
5 24 7.051 24.375 -29.763 6.969 23.502 -31.634 7.917 23.594 -29.445 4.561 26.141 -30.874
5 24 0 17.132 -44.736 4.006 17.648 -39.844 3.774 16.818 -44.627 1.789 17.664 -40.611
5 24 1.564 21.734 -37.93 4.328 21.428 -36.522 4.006 17.648 -39.844 1.085 24.994 -35.805
5 24 9.233 .503 -41.386 11.072 1.505 -37.401 11.599 3.559 -37.899 9.152 -1.139 -39.864
5 24 0 -4.152 -44.461 4.513 -2.999 -44.758 3.43 -4.989 -42.425 0 -1.147 -48.062
5 24 0 -1.147 -48.062 4.513 -2.999 -44.758 5.787 .177 -47.767 0 -4.152 -44.461
5 24 1.085 24.994 -35.805 1.677 24.749 -34.569 2.678 24.527 -34.967 0 24.933 -34.712
5 24 7.051 24.375 -29.763 7.682 23.906 -29.012 7.917 23.594 -29.445 7.047 24.338 -29.332
5 24 4.561 26.141 -30.874 7.04 21.178 -34.232 3.769 24.4 -33.792 6.969 23.502 -31.634
5 24 11.072 1.505 -37.401 11.076 1.451 -34.69 11.599 3.559 -37.899 10.963 .831 -35.102
5 24 12.703 11.233 -27.883 13.423 10.977 -23.996 13.057 7.947 -26.013 13.313 12.779 -24.743
5 24 13.423 10.977 -23.996 13.574 7.598 -22.597 13.057 7.947 -26.013 13.579 9.151 -22.289
5 24 8.353 16.065 -37.355 9.327 15.938 -38.884 6.759 16.847 -39.796 9.024 14.49 -37.405
5 24 10.887 -2.028 -29.915 12.757 2.393 -25.438 11.611 -1.121 -24.485 11.611 1.491 -31.534
5 24 12.21 10.612 -30.731 12.703 11.233 -27.883 12.153 8.063 -31.126 12.312 14.268 -28.632
5 24 10.994 16.983 -31.176 12.312 14.268 -28.632 12.21 10.612 -30.731 11.643 19.102 -26.572
5 24 7.917 23.594 -29.445 6.969 23.502 -31.634 7.051 24.375 -29.763 9.525 20.709 -30.687
5 24 12.703 11.233 -27.883 12.312 14.268 -28.632 13.276 13.407 -25.042 12.21 10.612 -30.731