0 ~Minifig Hair Long and Wavy with Left Part with Clip on Right Side - Clip
0 Name: s\68508s02.dat
0 Author: Lisa Winter [LisaWinter]
0 !LDRAW_ORG Subpart UPDATE 2026-07
0 !LICENSE Licensed under CC BY 4.0 : see CAreadme.txt

0 BFC CERTIFY CCW

0 !HISTORY 2026-07-30 [OrionP] Official Update 2026-07

3 16 -10.201 .865 -9.762 -10.924 .923 -9.975 -10.563 1.838 -9.545
3 16 -10.201 .865 -9.762 -10.599 .152 -9.882 -10.924 .923 -9.975
3 16 -10.563 1.838 -9.545 -10.924 .923 -9.975 -11.741 1.504 -9.877
3 16 -10.563 1.838 -9.545 -11.741 1.504 -9.877 -11.345 2.389 -9.56
3 16 -15.098 2.48 -3.205 -16.232 1.16 -1.279 -16.008 2.328 -.625
3 16 -15.098 2.48 -3.205 -15.636 1.044 -3.487 -16.232 1.16 -1.279
3 16 -15.098 2.48 -3.205 -14.816 1.076 -5.404 -15.636 1.044 -3.487
3 16 -15.098 2.48 -3.205 -14.063 2.598 -5.431 -14.816 1.076 -5.404
3 16 -14.063 2.598 -5.431 -13.59 1.296 -7.774 -14.816 1.076 -5.404
3 16 -14.063 2.598 -5.431 -13.369 2.582 -6.664 -13.59 1.296 -7.774
3 16 -13.369 2.582 -6.664 -13.1 2.602 -7.374 -13.59 1.296 -7.774
3 16 -13.59 1.296 -7.774 -13.1 2.602 -7.374 -12.823 2.447 -8.118
3 16 -13.59 1.296 -7.774 -12.823 2.447 -8.118 -13.127 1.365 -8.594
4 16 -12.568 1.356 -9.38 -13.127 1.365 -8.594 -12.823 2.447 -8.118 -12.278 2.381 -8.93
3 16 -12.278 2.381 -8.93 -11.741 1.504 -9.877 -12.568 1.356 -9.38
3 16 -12.278 2.381 -8.93 -11.345 2.389 -9.56 -11.741 1.504 -9.877
3 16 -12.43 -.337 -8.377 -11.818 -.844 -7.1 -12.903 -.497 -7.359
3 16 -12.43 -.337 -8.377 -11.475 -.748 -7.97 -11.818 -.844 -7.1
3 16 -12.449 -.786 -5.95 -12.903 -.497 -7.359 -11.818 -.844 -7.1
3 16 -12.449 -.786 -5.95 -13.979 -.691 -5.308 -12.903 -.497 -7.359
3 16 -12.449 -.786 -5.95 -12.677 -.813 -4.811 -13.979 -.691 -5.308
3 16 -12.43 -.337 -8.377 -11.195 -.553 -8.806 -11.475 -.748 -7.97
3 16 -12.43 -.337 -8.377 -11.841 -.102 -9.193 -11.195 -.553 -8.806
3 16 -13.979 -.691 -5.308 -12.677 -.813 -4.811 -13.276 -.964 -3.799
3 16 -13.979 -.691 -5.308 -13.276 -.964 -3.799 -14.819 -.7 -3.466
3 16 -14.819 -.7 -3.466 -13.276 -.964 -3.799 -13.678 -.926 -3.177
3 16 -14.819 -.7 -3.466 -13.678 -.926 -3.177 -13.941 -.936 -2.577
3 16 -13.941 -.936 -2.577 -15.466 -.593 -1.391 -14.819 -.7 -3.466
3 16 -13.941 -.936 -2.577 -14.407 -.824 -.398 -15.466 -.593 -1.391
3 16 -11.841 -.102 -9.193 -10.958 -.416 -9.246 -11.195 -.553 -8.806
3 16 -11.841 -.102 -9.193 -11.238 .143 -9.651 -10.958 -.416 -9.246
3 16 -11.238 .143 -9.651 -10.599 .152 -9.882 -10.958 -.416 -9.246
3 16 -14.859 .569 .034 -15.466 -.593 -1.391 -14.407 -.824 -.398
3 16 -14.859 .569 .034 -15.884 .127 -1.444 -15.466 -.593 -1.391
3 16 -16.232 1.16 -1.279 -15.884 .127 -1.444 -14.859 .569 .034
3 16 -16.232 1.16 -1.279 -14.859 .569 .034 -15.105 1.716 .288
3 16 -15.105 1.716 .288 -16.008 2.328 -.625 -16.232 1.16 -1.279
3 16 -12.891 .477 -8.557 -13.59 1.296 -7.774 -13.127 1.365 -8.594
4 16 -14.816 1.076 -5.404 -13.59 1.296 -7.774 -12.891 .477 -8.557 -14.519 .158 -5.381
3 16 -12.891 .477 -8.557 -12.43 -.337 -8.377 -12.903 -.497 -7.359
3 16 -12.903 -.497 -7.359 -14.519 .158 -5.381 -12.891 .477 -8.557
3 16 -14.519 .158 -5.381 -12.903 -.497 -7.359 -13.979 -.691 -5.308
4 16 -15.323 .034 -3.46 -14.519 .158 -5.381 -13.979 -.691 -5.308 -14.819 -.7 -3.466
4 16 -15.636 1.044 -3.487 -14.816 1.076 -5.404 -14.519 .158 -5.381 -15.323 .034 -3.46
3 16 -15.636 1.044 -3.487 -15.323 .034 -3.46 -15.884 .127 -1.444
3 16 -15.636 1.044 -3.487 -15.884 .127 -1.444 -16.232 1.16 -1.279
3 16 -15.466 -.593 -1.391 -15.323 .034 -3.46 -14.819 -.7 -3.466
3 16 -15.466 -.593 -1.391 -15.884 .127 -1.444 -15.323 .034 -3.46
3 16 -12.363 .543 -9.226 -12.43 -.337 -8.377 -12.891 .477 -8.557
3 16 -12.363 .543 -9.226 -11.841 -.102 -9.193 -12.43 -.337 -8.377
3 16 -11.768 .621 -9.647 -11.841 -.102 -9.193 -12.363 .543 -9.226
3 16 -11.768 .621 -9.647 -12.363 .543 -9.226 -12.568 1.356 -9.38
3 16 -12.891 .477 -8.557 -12.568 1.356 -9.38 -12.363 .543 -9.226
3 16 -12.891 .477 -8.557 -13.127 1.365 -8.594 -12.568 1.356 -9.38
3 16 -11.768 .621 -9.647 -12.568 1.356 -9.38 -11.741 1.504 -9.877
3 16 -10.924 .923 -9.975 -11.768 .621 -9.647 -11.741 1.504 -9.877
3 16 -10.924 .923 -9.975 -11.238 .143 -9.651 -11.768 .621 -9.647
3 16 -11.768 .621 -9.647 -11.238 .143 -9.651 -11.841 -.102 -9.193
3 16 -11.238 .143 -9.651 -10.924 .923 -9.975 -10.599 .152 -9.882

2 24 -10.599 .152 -9.882 -10.924 .923 -9.975
2 24 -10.924 .923 -9.975 -11.741 1.504 -9.877
2 24 -11.741 1.504 -9.877 -11.345 2.389 -9.56
2 24 -16.232 1.16 -1.279 -16.008 2.328 -.625
2 24 -15.636 1.044 -3.487 -16.232 1.16 -1.279
2 24 -14.816 1.076 -5.404 -15.636 1.044 -3.487
2 24 -13.59 1.296 -7.774 -14.816 1.076 -5.404
2 24 -13.127 1.365 -8.594 -13.59 1.296 -7.774
2 24 -12.568 1.356 -9.38 -13.127 1.365 -8.594
2 24 -11.741 1.504 -9.877 -12.568 1.356 -9.38
2 24 -12.903 -.497 -7.359 -12.43 -.337 -8.377
2 24 -13.979 -.691 -5.308 -12.903 -.497 -7.359
2 24 -12.43 -.337 -8.377 -11.841 -.102 -9.193
2 24 -14.819 -.7 -3.466 -13.979 -.691 -5.308
2 24 -15.466 -.593 -1.391 -14.819 -.7 -3.466
2 24 -14.407 -.824 -.398 -15.466 -.593 -1.391
2 24 -11.841 -.102 -9.193 -11.238 .143 -9.651
2 24 -11.238 .143 -9.651 -10.599 .152 -9.882
2 24 -15.884 .127 -1.444 -15.466 -.593 -1.391
2 24 -16.232 1.16 -1.279 -15.884 .127 -1.444

5 24 -11.741 1.504 -9.877 -11.768 .621 -9.647 -10.924 .923 -9.975 -12.568 1.356 -9.38
5 24 -14.519 .158 -5.381 -12.891 .477 -8.557 -13.59 1.296 -7.774 -12.903 -.497 -7.359
5 24 -12.903 -.497 -7.359 -12.891 .477 -8.557 -14.519 .158 -5.381 -12.43 -.337 -8.377
5 24 -12.278 2.381 -8.93 -12.568 1.356 -9.38 -11.741 1.504 -9.877 -13.127 1.365 -8.594
5 24 -10.201 .865 -9.762 -10.924 .923 -9.975 -10.599 .152 -9.882 -10.563 1.838 -9.545
5 24 -14.859 .569 .034 -15.884 .127 -1.444 -15.466 -.593 -1.391 -16.232 1.16 -1.279
5 24 -15.636 1.044 -3.487 -15.323 .034 -3.46 -15.884 .127 -1.444 -14.816 1.076 -5.404
5 24 -14.519 .158 -5.381 -13.979 -.691 -5.308 -14.819 -.7 -3.466 -12.903 -.497 -7.359
5 24 -11.768 .621 -9.647 -10.924 .923 -9.975 -11.238 .143 -9.651 -11.741 1.504 -9.877
5 24 -11.238 .143 -9.651 -11.768 .621 -9.647 -10.924 .923 -9.975 -11.841 -.102 -9.193
5 24 -13.369 2.582 -6.664 -13.59 1.296 -7.774 -14.063 2.598 -5.431 -13.1 2.602 -7.374
5 24 -15.098 2.48 -3.205 -14.816 1.076 -5.404 -14.063 2.598 -5.431 -15.636 1.044 -3.487
5 24 -16.232 1.16 -1.279 -14.859 .569 .034 -15.884 .127 -1.444 -15.105 1.716 .288
5 24 -11.741 1.504 -9.877 -10.563 1.838 -9.545 -10.924 .923 -9.975 -11.345 2.389 -9.56
5 24 -10.563 1.838 -9.545 -10.924 .923 -9.975 -11.741 1.504 -9.877 -10.201 .865 -9.762
5 24 -15.323 .034 -3.46 -15.884 .127 -1.444 -15.636 1.044 -3.487 -15.466 -.593 -1.391
5 24 -13.127 1.365 -8.594 -12.891 .477 -8.557 -13.59 1.296 -7.774 -12.568 1.356 -9.38
5 24 -10.924 .923 -9.975 -11.238 .143 -9.651 -11.768 .621 -9.647 -10.599 .152 -9.882
5 24 -12.823 2.447 -8.118 -13.127 1.365 -8.594 -13.59 1.296 -7.774 -12.278 2.381 -8.93
5 24 -12.568 1.356 -9.38 -11.768 .621 -9.647 -11.741 1.504 -9.877 -12.363 .543 -9.226
5 24 -12.363 .543 -9.226 -12.43 -.337 -8.377 -11.841 -.102 -9.193 -12.891 .477 -8.557
5 24 -11.741 1.504 -9.877 -12.278 2.381 -8.93 -11.345 2.389 -9.56 -12.568 1.356 -9.38
5 24 -14.859 .569 .034 -15.466 -.593 -1.391 -14.407 -.824 -.398 -15.884 .127 -1.444
5 24 -12.903 -.497 -7.359 -14.519 .158 -5.381 -13.979 -.691 -5.308 -12.891 .477 -8.557
5 24 -12.363 .543 -9.226 -11.841 -.102 -9.193 -11.768 .621 -9.647 -12.43 -.337 -8.377
5 24 -15.098 2.48 -3.205 -15.636 1.044 -3.487 -14.816 1.076 -5.404 -16.232 1.16 -1.279
5 24 -13.59 1.296 -7.774 -12.823 2.447 -8.118 -13.127 1.365 -8.594 -13.1 2.602 -7.374
5 24 -15.323 .034 -3.46 -14.519 .158 -5.381 -14.819 -.7 -3.466 -14.816 1.076 -5.404
5 24 -14.816 1.076 -5.404 -14.063 2.598 -5.431 -15.098 2.48 -3.205 -13.59 1.296 -7.774
5 24 -15.105 1.716 .288 -16.232 1.16 -1.279 -14.859 .569 .034 -16.008 2.328 -.625
5 24 -14.063 2.598 -5.431 -13.59 1.296 -7.774 -13.369 2.582 -6.664 -14.816 1.076 -5.404
5 24 -15.466 -.593 -1.391 -15.323 .034 -3.46 -15.884 .127 -1.444 -14.819 -.7 -3.466
5 24 -15.098 2.48 -3.205 -16.232 1.16 -1.279 -15.636 1.044 -3.487 -16.008 2.328 -.625
5 24 -13.1 2.602 -7.374 -13.59 1.296 -7.774 -13.369 2.582 -6.664 -12.823 2.447 -8.118
5 24 -12.891 .477 -8.557 -12.43 -.337 -8.377 -12.363 .543 -9.226 -12.903 -.497 -7.359
5 24 -11.768 .621 -9.647 -11.841 -.102 -9.193 -12.363 .543 -9.226 -11.238 .143 -9.651
5 24 -14.519 .158 -5.381 -14.816 1.076 -5.404 -13.59 1.296 -7.774 -15.323 .034 -3.46
5 24 -12.891 .477 -8.557 -12.568 1.356 -9.38 -13.127 1.365 -8.594 -12.363 .543 -9.226
5 24 -12.568 1.356 -9.38 -12.363 .543 -9.226 -11.768 .621 -9.647 -12.891 .477 -8.557
5 24 -12.903 -.497 -7.359 -12.449 -.786 -5.95 -11.818 -.844 -7.1 -13.979 -.691 -5.308
5 24 -12.677 -.813 -4.811 -13.979 -.691 -5.308 -13.276 -.964 -3.799 -12.449 -.786 -5.95
5 24 -10.958 -.416 -9.246 -11.238 .143 -9.651 -10.599 .152 -9.882 -11.841 -.102 -9.193
5 24 -13.941 -.936 -2.577 -15.466 -.593 -1.391 -14.407 -.824 -.398 -14.819 -.7 -3.466
5 24 -15.884 .127 -1.444 -15.636 1.044 -3.487 -15.323 .034 -3.46 -16.232 1.16 -1.279
5 24 -12.363 .543 -9.226 -11.768 .621 -9.647 -12.568 1.356 -9.38 -11.841 -.102 -9.193
5 24 -11.841 -.102 -9.193 -11.195 -.553 -8.806 -12.43 -.337 -8.377 -10.958 -.416 -9.246
5 24 -12.43 -.337 -8.377 -11.818 -.844 -7.1 -12.903 -.497 -7.359 -11.475 -.748 -7.97
5 24 -12.43 -.337 -8.377 -11.195 -.553 -8.806 -11.841 -.102 -9.193 -11.475 -.748 -7.97
5 24 -13.276 -.964 -3.799 -13.979 -.691 -5.308 -12.677 -.813 -4.811 -14.819 -.7 -3.466
5 24 -11.818 -.844 -7.1 -12.903 -.497 -7.359 -12.43 -.337 -8.377 -12.449 -.786 -5.95
5 24 -11.841 -.102 -9.193 -10.958 -.416 -9.246 -11.238 .143 -9.651 -11.195 -.553 -8.806
5 24 -12.43 -.337 -8.377 -11.475 -.748 -7.97 -11.195 -.553 -8.806 -11.818 -.844 -7.1
5 24 -12.891 .477 -8.557 -12.363 .543 -9.226 -12.568 1.356 -9.38 -12.43 -.337 -8.377
5 24 -14.819 -.7 -3.466 -15.323 .034 -3.46 -14.519 .158 -5.381 -15.466 -.593 -1.391
5 24 -12.891 .477 -8.557 -13.59 1.296 -7.774 -14.519 .158 -5.381 -13.127 1.365 -8.594
5 24 -14.819 -.7 -3.466 -13.941 -.936 -2.577 -15.466 -.593 -1.391 -13.678 -.926 -3.177
5 24 -13.678 -.926 -3.177 -14.819 -.7 -3.466 -13.276 -.964 -3.799 -13.941 -.936 -2.577
5 24 -12.449 -.786 -5.95 -13.979 -.691 -5.308 -12.677 -.813 -4.811 -12.903 -.497 -7.359
5 24 -13.276 -.964 -3.799 -14.819 -.7 -3.466 -13.979 -.691 -5.308 -13.678 -.926 -3.177
