0 ~Wheel 11 x 24 with Integral Tyre - Disc Brake  1/9 Section
0 Name: s\72206s04.dat
0 Author: Magnus Forsberg [MagFors]
0 !LDRAW_ORG Subpart UPDATE 2022-04
0 !LICENSE Licensed under CC BY 4.0 : see CAreadme.txt

0 BFC CERTIFY CCW

0 !HISTORY 2022-07-18 [PTadmin] Official Update 2022-04


1 16 0 -17.5 -6 0 0 -1 1 0 0 0 1 0 8\4-4edge.dat
0 BFC INVERTNEXT
1 16 0 -17.5 -6 0 0 -1 1 0 0 0 0.5 0 8\4-4con0.dat
1 16 0 -17.5 -6 0 0 -1 1 0 0 0 1 0 8\4-4ndis.dat
0 // y = -14.6
1 16 -3.367 -14.2065 -6 0.23062 0 -0.97305 0.97305 0 0.23062 0 1 0 8\4-4edge.dat
0 BFC INVERTNEXT
1 16 -3.367 -14.2065 -6 0.23062 0 -0.97305 0.97305 0 0.23062 0 0.5 0 8\4-4con0.dat
1 16 -3.367 -14.2065 -6 0.23062 0 -0.97305 0.97305 0 0.23062 0 1 0 8\4-4ndis.dat
0 // y = -11.5
1 16 -5.1612 -10.2768 -6 0.4488 0 -0.89363 0.89363 0 0.4488 0 1 0 8\4-4edge.dat
0 BFC INVERTNEXT
1 16 -5.1612 -10.2768 -6 0.4488 0 -0.89363 0.89363 0 0.4488 0 0.5 0 8\4-4con0.dat
1 16 -5.1612 -10.2768 -6 0.4488 0 -0.89363 0.89363 0 0.4488 0 1 0 8\4-4ndis.dat

3 16 -4.7164 -11.6192 -6 -2.1633 -13.464 -6 -4.1094 -13.0028 -6
4 16 -2.6246 -15.4101 -6 -1 -16.5 -6 -1 -18.5 -6 -4.5707 -14.9489 -6
3 16 -1 -16.5 -6 -2.6246 -15.4101 -6 -2.1633 -13.464 -6
4 16 -6.5036 -10.7216 -6 -4.7164 -11.6192 -6 -4.1094 -13.0028 -6 -4.5707 -14.9489 -6
4 16 -4.0324 -8.766 -6 2.5457 -9.3071 -6 -3.8188 -9.8319 -6 -5.606 -8.9343 -6
4 16 1.4484 -10.4476 -6 1.9097 -12.3937 -6 -2.1633 -13.464 -6 -4.7164 -11.6192 -6
4 16 -2.1633 -13.464 -6 1.9097 -12.3937 -6 1 -16.5 -6 -1 -16.5 -6
3 16 1.9097 -12.3937 -6 6.1076 -14.3895 -6 1 -16.5 -6
4 16 1 -16.5 -6 6.1076 -14.3895 -6 11.1255 -14.8146 -6 1 -18.5 -6
4 16 -4.7164 -11.6192 -6 -3.8188 -9.8319 -6 2.5457 -9.3071 -6 1.4484 -10.4476 -6
