0 ~Minifig Armour Shoulder Pads with Double Flaps and  2 Studs on Back - Half
0 Name: s\7549s01.dat
0 Author: Gerald Lasser [GeraldLasser]
0 !LDRAW_ORG Subpart UPDATE 2026-03
0 !LICENSE Licensed under CC BY 4.0 : see CAreadme.txt

0 BFC CERTIFY CCW

0 !HISTORY 2026-03-31 [OrionP] Official Update 2026-03

0 // Centre and Backplate
4 16 -6 0 -6 -13.85 0 -10 -14.205 0 -5.614 -6 0 0
4 16 -6 0 0 -14.205 0 -5.614 -16.178 0 10 -6 0 6
3 16 -6 0 6 -16.178 0 10 0 0 6
3 16 -6 0 -6 0 0 -6 -13.85 0 -10
3 16 -6 -3 -6 -15.552 -3 -9.975 0 -3 -6
4 16 -16.236 -3 -2.204 -6 -3 0 -6 -3 6 -16.511 -3 5.017
4 16 -6 -3 0 -16.236 -3 -2.204 -15.552 -3 -9.975 -6 -3 -6
4 16 -15.464 -3 14 -16.124 -3 9.055 -16.511 -3 5.017 -6 -3 6
3 16 -15.464 -3 14 -6 -3 6 0 -3 6
2 24 -16.124 -3 9.055 -15.464 -3 14
2 24 -16.511 -3 5.017 -16.124 -3 9.055
2 24 -16.236 -3 -2.204 -16.511 -3 5.017
2 24 -15.552 -3 -9.975 -16.236 -3 -2.204
2 24 -13.85 0 -10 -14.205 0 -5.614

4 16 -17.5 10 14 -17.5 5.202 14 -15.464 -3 14 -10 17.5 14
4 16 -17.5 5.691 10 -17.5 10 10 -10 17.5 10 -16.178 0 10
4 16 -15.464 -3 14 -17.5 5.202 14 -17.736 4.712 14 -18.124 1.319 14
4 16 -18.124 1.319 14 -17.736 4.712 14 -18.282 4.596 14 -18.737 2.109 14
4 16 -17.5 10 10 -17.5 5.691 10 -17.5 5.202 14 -17.5 10 14
2 24 -17.5 10 14 -17.5 5.202 14
2 24 -17.5 5.691 10 -17.5 10 10

1 16 -10 10 14 0 0 -7.5 7.5 0 0 0 -4 0 1-4cylo.dat
1 16 -10 10 14 0 0 -7.5 7.5 0 0 0 -1 0 1-4chrd.dat
1 16 -10 10 10 0 0 -7.5 7.5 0 0 0 1 0 1-4chrd.dat

0 // Bottom Flap
4 16 -23.012 0 6.289 -23.904 0 4.136 -25.393 0 3.368 -24.56 0 5.143
3 16 -22.166 0 5.027 -23.904 0 4.136 -23.012 0 6.289
4 16 -19.976 0 8.185 -19.852 0 6.192 -22.166 0 5.027 -23.012 0 6.289
3 16 -18.38 0 6.934 -19.852 0 6.192 -19.976 0 8.185
4 16 -18.38 0 6.934 -19.976 0 8.185 -16.178 0 10 -17.819 0 6.98
3 16 -16.178 0 10 -17.552 0 6.598 -17.819 0 6.98
4 16 -14.205 0 -5.614 -17.552 0 -.453 -17.552 0 6.598 -16.178 0 10
4 16 -24.56 0 5.143 -25.393 0 3.368 -26.754 0 2.948 -25.966 0 3.953
4 16 -25.393 0 .012 -26.995 0 1.847 -26.754 0 2.948 -25.393 0 3.368
4 16 -25.803 0 -.186 -26.705 0 .899 -26.995 0 1.847 -25.393 0 .012
4 16 -23.565 0 -.228 -24.484 0 -1.063 -25.803 0 -.186 -25.393 0 .012
4 16 -21.868 0 -2.462 -24.484 0 -1.063 -23.565 0 -.228 -21.807 0 -.457
4 16 -19.174 0 -3.944 -21.868 0 -2.462 -21.807 0 -.457 -20.095 0 -.675
3 16 -18.219 0 -.914 -19.174 0 -3.944 -20.095 0 -.675
4 16 -19.174 0 -3.944 -18.219 0 -.914 -17.776 0 -.827 -16.075 0 -5.17
4 16 -14.205 0 -5.614 -16.075 0 -5.17 -17.776 0 -.827 -17.552 0 -.453
2 24 -25.966 0 3.953 -24.56 0 5.143
2 24 -24.56 0 5.143 -23.012 0 6.289
2 24 -23.012 0 6.289 -19.976 0 8.185
2 24 -19.976 0 8.185 -16.178 0 10
2 24 -26.754 0 2.948 -25.966 0 3.953
2 24 -26.995 0 1.847 -26.754 0 2.948
2 24 -26.705 0 .899 -26.995 0 1.847
2 24 -25.803 0 -.186 -26.705 0 .899
2 24 -21.868 0 -2.462 -24.484 0 -1.063
2 24 -19.174 0 -3.944 -21.868 0 -2.462
2 24 -16.075 0 -5.17 -19.174 0 -3.944
2 24 -14.205 0 -5.614 -16.075 0 -5.17
2 24 -24.484 0 -1.063 -25.803 0 -.186
2 24 -25.393 0 3.368 -23.904 0 4.136
2 24 -23.904 0 4.136 -22.166 0 5.027
2 24 -22.166 0 5.027 -19.852 0 6.192
2 24 -19.852 0 6.192 -18.38 0 6.934
2 24 -18.38 0 6.934 -17.819 0 6.98
2 24 -17.552 0 6.598 -17.819 0 6.98
2 24 -17.552 0 -.453 -17.552 0 6.598
2 24 -25.393 0 3.368 -25.393 0 .012
2 24 -25.393 0 .012 -23.565 0 -.228
2 24 -23.565 0 -.228 -21.807 0 -.457
2 24 -21.807 0 -.457 -20.095 0 -.675
2 24 -20.095 0 -.675 -18.219 0 -.914
2 24 -18.219 0 -.914 -17.776 0 -.827
2 24 -17.776 0 -.827 -17.552 0 -.453

3 16 -25.393 0 3.368 -23.904 0 4.136 -23.922 -.657 4.101
4 16 -23.904 0 4.136 -22.166 0 5.027 -22.411 -1.314 4.85 -23.922 -.657 4.101
3 16 -22.411 -1.314 4.85 -22.166 0 5.027 -21.225 -1.803 5.431
4 16 -20.039 -2.291 6.012 -21.225 -1.803 5.431 -22.166 0 5.027 -19.852 0 6.192
3 16 -20.039 -2.291 6.012 -18.38 0 6.934 -19.63 -2.455 6.005
3 16 -19.63 -2.455 6.005 -18.38 0 6.934 -17.819 0 6.98
4 16 -21.807 0 -.457 -21.163 -1.827 -.474 -19.914 -2.341 -.616 -20.095 0 -.675
3 16 -20.095 0 -.675 -19.914 -2.341 -.616 -18.219 0 -.914
4 16 -23.565 0 -.228 -22.413 -1.314 -.332 -21.163 -1.827 -.474 -21.807 0 -.457
3 16 -23.875 -.679 -.164 -22.413 -1.314 -.332 -23.565 0 -.228
3 16 -25.393 0 .012 -23.875 -.679 -.164 -23.565 0 -.228
4 16 -19.566 -2.48 -.509 -17.776 0 -.827 -18.219 0 -.914 -19.914 -2.341 -.616
4 16 -19.396 -2.548 -.13 -17.552 0 -.453 -17.776 0 -.827 -19.566 -2.48 -.509
4 16 -19.396 -2.548 -.13 -19.396 -2.548 5.573 -17.552 0 6.598 -17.552 0 -.453
3 16 -19.396 -2.548 5.573 -19.63 -2.455 6.005 -17.552 0 6.598
3 16 -17.552 0 6.598 -19.63 -2.455 6.005 -17.819 0 6.98
3 16 -20.039 -2.291 6.012 -19.852 0 6.192 -18.38 0 6.934
2 24 -23.922 -.657 4.101 -25.393 0 3.368
2 24 -22.411 -1.314 4.85 -23.922 -.657 4.101
2 24 -21.225 -1.803 5.431 -22.411 -1.314 4.85
2 24 -20.039 -2.291 6.012 -21.225 -1.803 5.431
2 24 -19.63 -2.455 6.005 -20.039 -2.291 6.012
2 24 -19.914 -2.341 -.616 -21.163 -1.827 -.474
2 24 -19.566 -2.48 -.509 -19.914 -2.341 -.616
2 24 -19.396 -2.548 -.13 -19.566 -2.48 -.509
2 24 -21.163 -1.827 -.474 -22.413 -1.314 -.332
2 24 -22.413 -1.314 -.332 -23.875 -.679 -.164
2 24 -23.875 -.679 -.164 -25.393 0 .012
2 24 -19.63 -2.455 6.005 -19.396 -2.548 5.573
2 24 -19.396 -2.548 5.573 -19.396 -2.548 -.13
4 16 -19.396 -2.548 5.573 -19.396 -2.548 -.13 -19.566 -2.48 -.509 -19.63 -2.455 6.005
4 16 -21.225 -1.803 5.431 -21.163 -1.827 -.474 -22.413 -1.314 -.332 -22.411 -1.314 4.85
4 16 -23.875 -.679 -.164 -23.922 -.657 4.101 -22.411 -1.314 4.85 -22.413 -1.314 -.332
4 16 -23.922 -.657 4.101 -23.875 -.679 -.164 -25.393 0 .012 -25.393 0 3.368
4 16 -19.566 -2.48 -.509 -19.914 -2.341 -.616 -20.039 -2.291 6.012 -19.63 -2.455 6.005
4 16 -20.039 -2.291 6.012 -19.914 -2.341 -.616 -21.163 -1.827 -.474 -21.225 -1.803 5.431

5 24 -23.565 0 -.228 -21.163 -1.827 -.474 -22.413 -1.314 -.332 -21.807 0 -.457
5 24 -19.396 -2.548 5.573 -19.566 -2.48 -.509 -19.396 -2.548 -.13 -19.63 -2.455 6.005
5 24 -19.566 -2.48 -.509 -18.219 0 -.914 -17.776 0 -.827 -19.914 -2.341 -.616
5 24 -19.396 -2.548 -.13 -17.776 0 -.827 -17.552 0 -.453 -19.566 -2.48 -.509
5 24 -20.039 -2.291 6.012 -22.166 0 5.027 -21.225 -1.803 5.431 -19.852 0 6.192
5 24 -17.819 0 6.98 -19.63 -2.455 6.005 -17.552 0 6.598 -18.38 0 6.934
5 24 -18.38 0 6.934 -19.63 -2.455 6.005 -17.819 0 6.98 -20.039 -2.291 6.012
5 24 -22.411 -1.314 4.85 -22.166 0 5.027 -23.922 -.657 4.101 -21.225 -1.803 5.431
5 24 -22.166 0 5.027 -21.225 -1.803 5.431 -19.852 0 6.192 -22.411 -1.314 4.85
5 24 -20.039 -2.291 6.012 -18.38 0 6.934 -19.63 -2.455 6.005 -19.852 0 6.192
5 24 -19.566 -2.48 -.509 -17.776 0 -.827 -18.219 0 -.914 -19.396 -2.548 -.13
5 24 -19.63 -2.455 6.005 -17.552 0 6.598 -17.819 0 6.98 -19.396 -2.548 5.573
5 24 -20.039 -2.291 6.012 -19.914 -2.341 -.616 -19.63 -2.455 6.005 -21.163 -1.827 -.474
5 24 -23.875 -.679 -.164 -23.922 -.657 4.101 -22.411 -1.314 4.85 -25.393 0 .012
5 24 -17.552 0 6.598 -19.396 -2.548 5.573 -17.552 0 -.453 -19.63 -2.455 6.005
5 24 -19.914 -2.341 -.616 -18.219 0 -.914 -19.566 -2.48 -.509 -20.095 0 -.675
5 24 -23.904 0 4.136 -23.922 -.657 4.101 -22.166 0 5.027 -25.393 0 3.368
5 24 -21.163 -1.827 -.474 -21.807 0 -.457 -19.914 -2.341 -.616 -23.565 0 -.228
5 24 -22.413 -1.314 -.332 -23.565 0 -.228 -21.163 -1.827 -.474 -23.875 -.679 -.164
5 24 -22.413 -1.314 -.332 -22.411 -1.314 4.85 -21.225 -1.803 5.431 -23.875 -.679 -.164
5 24 -19.396 -2.548 -.13 -17.552 0 -.453 -17.776 0 -.827 -19.396 -2.548 5.573

3 16 -16.178 0 10 -17.723 5.205 10 -17.5 5.691 10
4 16 -16.178 0 10 -18.008 3.072 10 -18.26 5.071 10 -17.723 5.205 10
3 16 -20.248 5.508 10 -18.26 5.071 10 -18.008 3.072 10
3 16 -14.471 1.622 -9.974 -15.55 4.62 -9.973 -15.257 4.554 -7.845
3 16 -15.257 4.554 -7.845 -14.205 0 -5.614 -14.471 1.622 -9.974
3 16 -14.471 1.622 -9.974 -14.205 0 -5.614 -13.85 0 -10
3 16 -32.369 5.351 2.372 -26.995 0 1.847 -31.961 5.398 .583
3 16 -31.961 5.398 .583 -26.995 0 1.847 -26.705 0 .899
3 16 -31.598 5.43 4.323 -26.995 0 1.847 -32.369 5.351 2.372
3 16 -26.754 0 2.948 -26.995 0 1.847 -31.598 5.43 4.323
3 16 -31.598 5.43 4.323 -30.114 5.614 5.768 -25.966 0 3.953
3 16 -25.966 0 3.953 -26.754 0 2.948 -31.598 5.43 4.323
3 16 -28.48 5.765 6.92 -25.966 0 3.953 -30.114 5.614 5.768
3 16 -24.56 0 5.143 -25.966 0 3.953 -28.48 5.765 6.92
3 16 -26.848 5.927 7.786 -24.56 0 5.143 -28.48 5.765 6.92
3 16 -23.012 0 6.289 -24.56 0 5.143 -26.848 5.927 7.786
3 16 -23.99 5.96 8.859 -23.012 0 6.289 -26.848 5.927 7.786
3 16 -19.976 0 8.185 -23.012 0 6.289 -23.99 5.96 8.859
3 16 -23.99 5.96 8.859 -20.248 5.508 10 -19.976 0 8.185
3 16 -19.976 0 8.185 -20.248 5.508 10 -18.008 3.072 10
3 16 -18.008 3.072 10 -16.178 0 10 -19.976 0 8.185
3 16 -31.961 5.398 .583 -26.705 0 .899 -25.803 0 -.186
3 16 -25.803 0 -.186 -30.662 5.623 -1.015 -31.961 5.398 .583
3 16 -30.662 5.623 -1.015 -25.803 0 -.186 -24.484 0 -1.063
3 16 -24.484 0 -1.063 -28.257 5.929 -2.587 -30.662 5.623 -1.015
3 16 -28.257 5.929 -2.587 -24.484 0 -1.063 -24.618 6.304 -4.451
4 16 -22.31 6.58 -5.883 -24.618 6.304 -4.451 -24.484 0 -1.063 -21.868 0 -2.462
3 16 -21.3 5.604 -6.029 -22.31 6.58 -5.883 -21.868 0 -2.462
3 16 -19.174 0 -3.944 -21.3 5.604 -6.029 -21.868 0 -2.462
3 16 -20.139 4.927 -6.332 -21.3 5.604 -6.029 -19.174 0 -3.944
3 16 -19.174 0 -3.944 -18.961 4.864 -6.817 -20.139 4.927 -6.332
3 16 -16.075 0 -5.17 -18.961 4.864 -6.817 -19.174 0 -3.944
4 16 -16.075 0 -5.17 -15.257 4.554 -7.845 -18.375 5.655 -7.414 -18.961 4.864 -6.817
3 16 -16.075 0 -5.17 -14.205 0 -5.614 -15.257 4.554 -7.845
2 24 -17.723 5.205 10 -17.5 5.691 10
2 24 -16.178 0 10 -18.008 3.072 10
2 24 -18.26 5.071 10 -17.723 5.205 10
2 24 -20.248 5.508 10 -18.26 5.071 10
2 24 -18.008 3.072 10 -20.248 5.508 10
2 24 -20.248 5.508 10 -23.99 5.96 8.859
2 24 -23.99 5.96 8.859 -26.848 5.927 7.786
2 24 -26.848 5.927 7.786 -28.48 5.765 6.92
2 24 -28.48 5.765 6.92 -30.114 5.614 5.768
2 24 -30.114 5.614 5.768 -31.598 5.43 4.323
2 24 -31.598 5.43 4.323 -32.369 5.351 2.372
2 24 -32.369 5.351 2.372 -31.961 5.398 .583
2 24 -31.961 5.398 .583 -30.662 5.623 -1.015
2 24 -30.662 5.623 -1.015 -28.257 5.929 -2.587
2 24 -28.257 5.929 -2.587 -24.618 6.304 -4.451
2 24 -24.618 6.304 -4.451 -22.31 6.58 -5.883
2 24 -18.375 5.655 -7.414 -15.257 4.554 -7.845
2 24 -15.257 4.554 -7.845 -15.55 4.62 -9.973
2 24 -18.961 4.864 -6.817 -18.375 5.655 -7.414
2 24 -22.31 6.58 -5.883 -21.3 5.604 -6.029
2 24 -21.3 5.604 -6.029 -20.139 4.927 -6.332
2 24 -20.139 4.927 -6.332 -18.961 4.864 -6.817
2 24 -14.471 1.622 -9.974 -15.55 4.62 -9.973
2 24 -15.257 4.554 -7.845 -14.205 0 -5.614
2 24 -13.85 0 -10 -14.471 1.622 -9.974

5 24 -16.075 0 -5.17 -18.375 5.655 -7.414 -15.257 4.554 -7.845 -18.961 4.864 -6.817
5 24 -22.31 6.58 -5.883 -24.484 0 -1.063 -24.618 6.304 -4.451 -21.868 0 -2.462
5 24 -24.484 0 -1.063 -24.618 6.304 -4.451 -21.868 0 -2.462 -28.257 5.929 -2.587
5 24 -28.48 5.765 6.92 -24.56 0 5.143 -25.966 0 3.953 -26.848 5.927 7.786
5 24 -25.803 0 -.186 -31.961 5.398 .583 -30.662 5.623 -1.015 -26.705 0 .899
5 24 -18.008 3.072 10 -19.976 0 8.185 -16.178 0 10 -20.248 5.508 10
5 24 -20.248 5.508 10 -19.976 0 8.185 -23.99 5.96 8.859 -18.008 3.072 10
5 24 -24.484 0 -1.063 -28.257 5.929 -2.587 -24.618 6.304 -4.451 -30.662 5.623 -1.015
5 24 -26.995 0 1.847 -31.598 5.43 4.323 -32.369 5.351 2.372 -26.754 0 2.948
5 24 -21.868 0 -2.462 -21.3 5.604 -6.029 -19.174 0 -3.944 -22.31 6.58 -5.883
5 24 -31.598 5.43 4.323 -26.754 0 2.948 -26.995 0 1.847 -25.966 0 3.953
5 24 -14.471 1.622 -9.974 -14.205 0 -5.614 -15.257 4.554 -7.845 -13.85 0 -10
5 24 -25.966 0 3.953 -31.598 5.43 4.323 -26.754 0 2.948 -30.114 5.614 5.768
5 24 -14.471 1.622 -9.974 -15.257 4.554 -7.845 -14.205 0 -5.614 -15.55 4.62 -9.973
5 24 -19.174 0 -3.944 -18.961 4.864 -6.817 -16.075 0 -5.17 -20.139 4.927 -6.332
5 24 -26.995 0 1.847 -31.961 5.398 .583 -32.369 5.351 2.372 -26.705 0 .899
5 24 -30.114 5.614 5.768 -25.966 0 3.953 -28.48 5.765 6.92 -31.598 5.43 4.323
5 24 -26.848 5.927 7.786 -23.012 0 6.289 -24.56 0 5.143 -23.99 5.96 8.859
5 24 -26.705 0 .899 -31.961 5.398 .583 -26.995 0 1.847 -25.803 0 -.186
5 24 -23.99 5.96 8.859 -19.976 0 8.185 -23.012 0 6.289 -20.248 5.508 10
5 24 -25.966 0 3.953 -28.48 5.765 6.92 -30.114 5.614 5.768 -24.56 0 5.143
5 24 -19.174 0 -3.944 -20.139 4.927 -6.332 -21.3 5.604 -6.029 -18.961 4.864 -6.817
5 24 -24.484 0 -1.063 -30.662 5.623 -1.015 -28.257 5.929 -2.587 -25.803 0 -.186
5 24 -32.369 5.351 2.372 -26.995 0 1.847 -31.598 5.43 4.323 -31.961 5.398 .583
5 24 -26.848 5.927 7.786 -24.56 0 5.143 -23.012 0 6.289 -28.48 5.765 6.92
5 24 -16.075 0 -5.17 -18.961 4.864 -6.817 -19.174 0 -3.944 -15.257 4.554 -7.845
5 24 -15.257 4.554 -7.845 -16.075 0 -5.17 -18.375 5.655 -7.414 -14.205 0 -5.614
5 24 -23.012 0 6.289 -23.99 5.96 8.859 -26.848 5.927 7.786 -19.976 0 8.185
5 24 -22.31 6.58 -5.883 -21.868 0 -2.462 -24.618 6.304 -4.451 -21.3 5.604 -6.029
5 24 -19.174 0 -3.944 -21.3 5.604 -6.029 -20.139 4.927 -6.332 -21.868 0 -2.462
5 24 -25.803 0 -.186 -30.662 5.623 -1.015 -31.961 5.398 .583 -24.484 0 -1.063

3 16 -17.723 5.205 10 -17.5 5.202 14 -17.5 5.691 10
3 16 -17.736 4.712 14 -17.5 5.202 14 -17.723 5.205 10
3 16 -18.282 4.596 14 -17.736 4.712 14 -18.26 5.071 10
3 16 -18.26 5.071 10 -17.736 4.712 14 -17.723 5.205 10
3 16 -18.282 4.596 14 -18.26 5.071 10 -20.187 5.089 13.1
3 16 -20.187 5.089 13.1 -18.26 5.071 10 -20.248 5.508 10
3 16 -20.248 5.508 10 -23.396 5.699 11.562 -20.187 5.089 13.1
3 16 -23.99 5.96 8.859 -23.396 5.699 11.562 -20.248 5.508 10
3 16 -23.396 5.699 11.562 -23.99 5.96 8.859 -26.222 5.834 10.172
3 16 -26.222 5.834 10.172 -23.99 5.96 8.859 -26.848 5.927 7.786
3 16 -26.222 5.834 10.172 -26.848 5.927 7.786 -28.682 5.467 8.946
3 16 -28.682 5.467 8.946 -26.848 5.927 7.786 -28.48 5.765 6.92
3 16 -30.114 5.614 5.768 -28.682 5.467 8.946 -28.48 5.765 6.92
4 16 -31.598 5.43 4.323 -32.125 4.762 7.303 -28.682 5.467 8.946 -30.114 5.614 5.768
3 16 -31.598 5.43 4.323 -33.743 4.935 2.817 -32.125 4.762 7.303
3 16 -32.369 5.351 2.372 -33.743 4.935 2.817 -31.598 5.43 4.323
3 16 -33.743 4.935 2.817 -35.423 4.112 5.818 -32.125 4.762 7.303
3 16 -35.834 4.175 3.073 -35.423 4.112 5.818 -33.743 4.935 2.817
3 16 -35.834 4.175 3.073 -38.138 3.596 4.609 -35.423 4.112 5.818
3 16 -38.411 3.713 3.251 -38.138 3.596 4.609 -35.834 4.175 3.073
3 16 -35.834 4.175 3.073 -38.027 3.578 1.403 -38.411 3.713 3.251
3 16 -36.126 4.1 .219 -38.027 3.578 1.403 -35.834 4.175 3.073
3 16 -33.743 4.935 2.817 -36.126 4.1 .219 -35.834 4.175 3.073
3 16 -33.28 4.821 -1.579 -36.126 4.1 .219 -33.743 4.935 2.817
3 16 -32.369 5.351 2.372 -31.961 5.398 .583 -33.743 4.935 2.817
3 16 -33.743 4.935 2.817 -31.961 5.398 .583 -33.28 4.821 -1.579
4 16 -30.635 5.403 -3.299 -33.28 4.821 -1.579 -31.961 5.398 .583 -30.662 5.623 -1.015
3 16 -28.257 5.929 -2.587 -30.635 5.403 -3.299 -30.662 5.623 -1.015
3 16 -27.488 5.906 -5.414 -30.635 5.403 -3.299 -28.257 5.929 -2.587
3 16 -24.618 6.304 -4.451 -27.488 5.906 -5.414 -28.257 5.929 -2.587
3 16 -24.516 6.224 -7.318 -27.488 5.906 -5.414 -24.618 6.304 -4.451
3 16 -24.618 6.304 -4.451 -22.31 6.58 -5.883 -24.516 6.224 -7.318
3 16 -24.516 6.224 -7.318 -22.31 6.58 -5.883 -21.753 6.541 -7.998
4 16 -21.753 6.541 -7.998 -21.09 6.573 -8.87 -21.034 6.543 -9.404 -24.516 6.224 -7.318
4 16 -15.55 4.62 -9.973 -21.034 6.543 -9.404 -21.09 6.573 -8.87 -19.902 6.165 -8.536
4 16 -15.257 4.554 -7.845 -15.55 4.62 -9.973 -19.902 6.165 -8.536 -18.375 5.655 -7.414
3 16 -21.09 6.573 -8.87 -20.68 5.859 -7.8 -19.902 6.165 -8.536
3 16 -19.902 6.165 -8.536 -20.68 5.859 -7.8 -19.938 5.605 -7.751
3 16 -19.938 5.605 -7.751 -18.375 5.655 -7.414 -19.902 6.165 -8.536
3 16 -18.961 4.864 -6.817 -18.375 5.655 -7.414 -19.938 5.605 -7.751
4 16 -21.219 5.94 -7.305 -20.68 5.859 -7.8 -21.09 6.573 -8.87 -21.753 6.541 -7.998
3 16 -22.31 6.58 -5.883 -21.219 5.94 -7.305 -21.753 6.541 -7.998
3 16 -21.3 5.604 -6.029 -21.219 5.94 -7.305 -22.31 6.58 -5.883
3 16 -21.3 5.604 -6.029 -20.139 4.927 -6.332 -21.219 5.94 -7.305
3 16 -21.219 5.94 -7.305 -20.139 4.927 -6.332 -20.68 5.859 -7.8
3 16 -18.961 4.864 -6.817 -19.938 5.605 -7.751 -20.139 4.927 -6.332
3 16 -20.139 4.927 -6.332 -19.938 5.605 -7.751 -20.68 5.859 -7.8
2 24 -17.736 4.712 14 -18.282 4.596 14
2 24 -17.5 5.202 14 -17.736 4.712 14
2 24 -20.187 5.089 13.1 -18.282 4.596 14
2 24 -23.396 5.699 11.562 -20.187 5.089 13.1
2 24 -26.222 5.834 10.172 -23.396 5.699 11.562
2 24 -28.682 5.467 8.946 -26.222 5.834 10.172
2 24 -32.125 4.762 7.303 -28.682 5.467 8.946
2 24 -35.423 4.112 5.818 -32.125 4.762 7.303
2 24 -38.138 3.596 4.609 -35.423 4.112 5.818
2 24 -38.411 3.713 3.251 -38.138 3.596 4.609
2 24 -38.027 3.578 1.403 -38.411 3.713 3.251
2 24 -36.126 4.1 .219 -38.027 3.578 1.403
2 24 -33.28 4.821 -1.579 -36.126 4.1 .219
2 24 -30.635 5.403 -3.299 -33.28 4.821 -1.579
2 24 -27.488 5.906 -5.414 -30.635 5.403 -3.299
2 24 -24.516 6.224 -7.318 -27.488 5.906 -5.414
2 24 -22.31 6.58 -5.883 -21.753 6.541 -7.998
2 24 -21.753 6.541 -7.998 -21.09 6.573 -8.87
2 24 -21.034 6.543 -9.404 -24.516 6.224 -7.318
2 24 -21.09 6.573 -8.87 -21.034 6.543 -9.404
2 24 -21.09 6.573 -8.87 -19.902 6.165 -8.536
2 24 -15.55 4.62 -9.973 -21.034 6.543 -9.404
2 24 -19.902 6.165 -8.536 -18.375 5.655 -7.414
5 24 -21.219 5.94 -7.305 -21.09 6.573 -8.87 -20.68 5.859 -7.8 -21.753 6.541 -7.998
5 24 -21.753 6.541 -7.998 -21.034 6.543 -9.404 -21.09 6.573 -8.87 -24.516 6.224 -7.318
5 24 -30.635 5.403 -3.299 -31.961 5.398 .583 -33.28 4.821 -1.579 -30.662 5.623 -1.015
5 24 -31.598 5.43 4.323 -28.682 5.467 8.946 -32.125 4.762 7.303 -30.114 5.614 5.768
5 24 -20.139 4.927 -6.332 -20.68 5.859 -7.8 -21.219 5.94 -7.305 -19.938 5.605 -7.751
5 24 -17.723 5.205 10 -17.736 4.712 14 -17.5 5.202 14 -18.26 5.071 10
5 24 -20.248 5.508 10 -20.187 5.089 13.1 -18.26 5.071 10 -23.396 5.699 11.562
5 24 -35.423 4.112 5.818 -35.834 4.175 3.073 -33.743 4.935 2.817 -38.138 3.596 4.609
5 24 -33.743 4.935 2.817 -36.126 4.1 .219 -33.28 4.821 -1.579 -35.834 4.175 3.073
5 24 -28.257 5.929 -2.587 -27.488 5.906 -5.414 -24.618 6.304 -4.451 -30.635 5.403 -3.299
5 24 -20.68 5.859 -7.8 -21.219 5.94 -7.305 -20.139 4.927 -6.332 -21.09 6.573 -8.87
5 24 -26.848 5.927 7.786 -28.682 5.467 8.946 -26.222 5.834 10.172 -28.48 5.765 6.92
5 24 -33.743 4.935 2.817 -35.423 4.112 5.818 -32.125 4.762 7.303 -35.834 4.175 3.073
5 24 -19.938 5.605 -7.751 -18.961 4.864 -6.817 -20.139 4.927 -6.332 -18.375 5.655 -7.414
5 24 -17.5 5.202 14 -17.5 5.691 10 -17.723 5.205 10 -17.5 10 14
5 24 -31.598 5.43 4.323 -33.743 4.935 2.817 -32.125 4.762 7.303 -32.369 5.351 2.372
5 24 -21.219 5.94 -7.305 -21.753 6.541 -7.998 -20.68 5.859 -7.8 -22.31 6.58 -5.883
5 24 -22.31 6.58 -5.883 -21.219 5.94 -7.305 -21.753 6.541 -7.998 -21.3 5.604 -6.029
5 24 -20.248 5.508 10 -23.396 5.699 11.562 -23.99 5.96 8.859 -20.187 5.089 13.1
5 24 -19.938 5.605 -7.751 -20.139 4.927 -6.332 -20.68 5.859 -7.8 -18.961 4.864 -6.817
5 24 -21.09 6.573 -8.87 -20.68 5.859 -7.8 -21.753 6.541 -7.998 -19.902 6.165 -8.536
5 24 -21.3 5.604 -6.029 -21.219 5.94 -7.305 -22.31 6.58 -5.883 -20.139 4.927 -6.332
5 24 -28.257 5.929 -2.587 -30.635 5.403 -3.299 -30.662 5.623 -1.015 -27.488 5.906 -5.414
5 24 -17.736 4.712 14 -18.26 5.071 10 -18.282 4.596 14 -17.723 5.205 10
5 24 -33.743 4.935 2.817 -32.125 4.762 7.303 -35.423 4.112 5.818 -31.598 5.43 4.323
5 24 -30.635 5.403 -3.299 -30.662 5.623 -1.015 -28.257 5.929 -2.587 -33.28 4.821 -1.579
5 24 -35.834 4.175 3.073 -38.027 3.578 1.403 -38.411 3.713 3.251 -36.126 4.1 .219
5 24 -28.682 5.467 8.946 -28.48 5.765 6.92 -26.848 5.927 7.786 -30.114 5.614 5.768
5 24 -38.411 3.713 3.251 -35.834 4.175 3.073 -38.027 3.578 1.403 -38.138 3.596 4.609
5 24 -17.723 5.205 10 -17.5 5.202 14 -17.736 4.712 14 -17.5 5.691 10
5 24 -31.961 5.398 .583 -33.743 4.935 2.817 -32.369 5.351 2.372 -33.28 4.821 -1.579
5 24 -35.834 4.175 3.073 -38.138 3.596 4.609 -35.423 4.112 5.818 -38.411 3.713 3.251
5 24 -32.125 4.762 7.303 -31.598 5.43 4.323 -33.743 4.935 2.817 -28.682 5.467 8.946
5 24 -26.222 5.834 10.172 -23.99 5.96 8.859 -26.848 5.927 7.786 -23.396 5.699 11.562
5 24 -33.743 4.935 2.817 -33.28 4.821 -1.579 -36.126 4.1 .219 -31.961 5.398 .583
5 24 -19.938 5.605 -7.751 -19.902 6.165 -8.536 -20.68 5.859 -7.8 -18.375 5.655 -7.414
5 24 -32.369 5.351 2.372 -33.743 4.935 2.817 -31.961 5.398 .583 -31.598 5.43 4.323
5 24 -20.139 4.927 -6.332 -21.219 5.94 -7.305 -21.3 5.604 -6.029 -20.68 5.859 -7.8
5 24 -23.99 5.96 8.859 -23.396 5.699 11.562 -20.248 5.508 10 -26.222 5.834 10.172
5 24 -21.753 6.541 -7.998 -24.516 6.224 -7.318 -22.31 6.58 -5.883 -21.09 6.573 -8.87
5 24 -19.938 5.605 -7.751 -18.375 5.655 -7.414 -19.902 6.165 -8.536 -18.961 4.864 -6.817
5 24 -31.961 5.398 .583 -33.28 4.821 -1.579 -33.743 4.935 2.817 -30.662 5.623 -1.015
5 24 -30.114 5.614 5.768 -28.682 5.467 8.946 -28.48 5.765 6.92 -31.598 5.43 4.323
5 24 -19.902 6.165 -8.536 -20.68 5.859 -7.8 -19.938 5.605 -7.751 -21.09 6.573 -8.87
5 24 -26.848 5.927 7.786 -26.222 5.834 10.172 -28.682 5.467 8.946 -23.99 5.96 8.859
5 24 -18.26 5.071 10 -18.282 4.596 14 -20.187 5.089 13.1 -17.736 4.712 14
5 24 -22.31 6.58 -5.883 -24.516 6.224 -7.318 -21.753 6.541 -7.998 -24.618 6.304 -4.451
5 24 -20.68 5.859 -7.8 -19.938 5.605 -7.751 -19.902 6.165 -8.536 -20.139 4.927 -6.332
5 24 -24.618 6.304 -4.451 -24.516 6.224 -7.318 -22.31 6.58 -5.883 -27.488 5.906 -5.414
5 24 -24.618 6.304 -4.451 -27.488 5.906 -5.414 -28.257 5.929 -2.587 -24.516 6.224 -7.318
5 24 -35.834 4.175 3.073 -33.743 4.935 2.817 -35.423 4.112 5.818 -36.126 4.1 .219
5 24 -35.834 4.175 3.073 -36.126 4.1 .219 -33.743 4.935 2.817 -38.027 3.578 1.403
5 24 -20.187 5.089 13.1 -18.26 5.071 10 -20.248 5.508 10 -18.282 4.596 14

3 16 -35.088 2.218 5.718 -32.151 .581 4.098 -32.14 2.74 7.062
3 16 -32.14 2.74 7.062 -32.151 .581 4.098 -30.44 1.172 5.646
3 16 -30.44 1.172 5.646 -28.643 3.261 8.831 -32.14 2.74 7.062
4 16 -26.139 3.371 10.224 -28.643 3.261 8.831 -30.44 1.172 5.646 -27.791 1.876 7.751
3 16 -25.482 2.252 9.382 -26.139 3.371 10.224 -27.791 1.876 7.751
3 16 -25.482 2.252 9.382 -23.374 3.028 11.688 -26.139 3.371 10.224
3 16 -23.035 2.419 11.11 -23.374 3.028 11.688 -25.482 2.252 9.382
3 16 -23.374 3.028 11.688 -23.035 2.419 11.11 -20.386 2.466 13.19
3 16 -30.44 1.172 5.646 -32.151 .581 4.098 -30.235 .583 5.596
3 16 -30.235 .583 5.596 -32.151 .581 4.098 -31.897 -.004 4.063
3 16 -27.791 1.876 7.751 -30.44 1.172 5.646 -27.705 1.269 7.654
3 16 -27.705 1.269 7.654 -30.44 1.172 5.646 -30.235 .583 5.596
3 16 -25.482 2.252 9.382 -27.791 1.876 7.751 -25.51 1.658 9.185
3 16 -25.51 1.658 9.185 -27.791 1.876 7.751 -27.705 1.269 7.654
3 16 -23.035 2.419 11.11 -25.482 2.252 9.382 -23.047 1.816 10.874
3 16 -23.047 1.816 10.874 -25.482 2.252 9.382 -25.51 1.658 9.185
3 16 -20.386 2.466 13.19 -23.035 2.419 11.11 -20.318 1.674 12.716
3 16 -20.318 1.674 12.716 -23.035 2.419 11.11 -23.047 1.816 10.874
3 16 -20.386 2.466 13.19 -20.318 1.674 12.716 -18.737 2.109 14
3 16 -18.737 2.109 14 -20.318 1.674 12.716 -18.124 1.319 14
3 16 -32.151 .581 4.098 -32.831 -.413 3.087 -31.897 -.004 4.063
3 16 -33.293 .017 2.816 -32.831 -.413 3.087 -32.151 .581 4.098
3 16 -33.293 .017 2.816 -32.151 .581 4.098 -35.478 .691 2.886
3 16 -35.478 .691 2.886 -32.151 .581 4.098 -35.088 2.218 5.718
3 16 -37.816 1.751 4.512 -35.478 .691 2.886 -35.088 2.218 5.718
3 16 -37.856 1.313 3.169 -35.478 .691 2.886 -37.816 1.751 4.512
3 16 -28.682 5.467 8.946 -32.125 4.762 7.303 -28.643 3.261 8.831
3 16 -28.643 3.261 8.831 -32.125 4.762 7.303 -32.14 2.74 7.062
3 16 -26.139 3.371 10.224 -28.682 5.467 8.946 -28.643 3.261 8.831
3 16 -26.222 5.834 10.172 -28.682 5.467 8.946 -26.139 3.371 10.224
3 16 -26.222 5.834 10.172 -26.139 3.371 10.224 -23.396 5.699 11.562
3 16 -23.396 5.699 11.562 -26.139 3.371 10.224 -23.374 3.028 11.688
3 16 -23.396 5.699 11.562 -23.374 3.028 11.688 -20.187 5.089 13.1
3 16 -20.187 5.089 13.1 -23.374 3.028 11.688 -20.386 2.466 13.19
3 16 -20.386 2.466 13.19 -18.282 4.596 14 -20.187 5.089 13.1
3 16 -18.737 2.109 14 -18.282 4.596 14 -20.386 2.466 13.19
4 16 -35.088 2.218 5.718 -32.14 2.74 7.062 -32.125 4.762 7.303 -35.423 4.112 5.818
4 16 -37.816 1.751 4.512 -35.088 2.218 5.718 -35.423 4.112 5.818 -38.138 3.596 4.609
4 16 -38.027 3.578 1.403 -37.638 1.738 1.51 -37.856 1.313 3.169 -38.411 3.713 3.251
3 16 -37.856 1.313 3.169 -37.816 1.751 4.512 -38.411 3.713 3.251
3 16 -38.411 3.713 3.251 -37.816 1.751 4.512 -38.138 3.596 4.609
3 16 -37.856 1.313 3.169 -37.638 1.738 1.51 -35.478 .691 2.886
3 16 -35.478 .691 2.886 -37.638 1.738 1.51 -35.826 2.185 .2
3 16 -35.826 2.185 .2 -33.293 .017 2.816 -35.478 .691 2.886
3 16 -33.055 2.811 -1.741 -33.293 .017 2.816 -35.826 2.185 .2
3 16 -33.055 2.811 -1.741 -29.64 .454 -.21 -33.293 .017 2.816
3 16 -32.831 -.413 3.087 -33.293 .017 2.816 -29.64 .454 -.21
3 16 -30.491 3.322 -3.439 -29.64 .454 -.21 -33.055 2.811 -1.741
3 16 -29.64 .454 -.21 -30.491 3.322 -3.439 -26.29 1.241 -3.373
3 16 -26.29 1.241 -3.373 -30.491 3.322 -3.439 -27.277 3.853 -5.437
3 16 -26.29 1.241 -3.373 -27.277 3.853 -5.437 -23.483 1.724 -5.794
3 16 -23.483 1.724 -5.794 -27.277 3.853 -5.437 -24.27 4.096 -7.333
3 16 -23.483 1.724 -5.794 -24.27 4.096 -7.333 -21.135 2.103 -7.853
3 16 -21.135 2.103 -7.853 -24.27 4.096 -7.333 -21.225 4.237 -9.407
3 16 -36.126 4.1 .219 -35.826 2.185 .2 -38.027 3.578 1.403
3 16 -38.027 3.578 1.403 -35.826 2.185 .2 -37.638 1.738 1.51
3 16 -35.826 2.185 .2 -36.126 4.1 .219 -33.055 2.811 -1.741
3 16 -33.055 2.811 -1.741 -36.126 4.1 .219 -33.28 4.821 -1.579
4 16 -30.635 5.403 -3.299 -30.491 3.322 -3.439 -33.055 2.811 -1.741 -33.28 4.821 -1.579
3 16 -30.491 3.322 -3.439 -30.635 5.403 -3.299 -27.277 3.853 -5.437
3 16 -27.277 3.853 -5.437 -30.635 5.403 -3.299 -27.488 5.906 -5.414
4 16 -27.488 5.906 -5.414 -24.516 6.224 -7.318 -24.27 4.096 -7.333 -27.277 3.853 -5.437
3 16 -24.27 4.096 -7.333 -24.516 6.224 -7.318 -21.225 4.237 -9.407
3 16 -21.225 4.237 -9.407 -24.516 6.224 -7.318 -21.034 6.543 -9.404
3 16 -21.034 6.543 -9.404 -15.55 4.62 -9.973 -21.225 4.237 -9.407
3 16 -21.225 4.237 -9.407 -15.55 4.62 -9.973 -14.471 1.622 -9.974
3 16 -21.225 4.237 -9.407 -14.471 1.622 -9.974 -21.135 2.103 -7.853
2 24 -18.737 2.109 14 -18.124 1.319 14
2 24 -18.282 4.596 14 -18.737 2.109 14
2 24 -32.14 2.74 7.062 -35.088 2.218 5.718
2 24 -28.643 3.261 8.831 -32.14 2.74 7.062
2 24 -26.139 3.371 10.224 -28.643 3.261 8.831
2 24 -23.374 3.028 11.688 -26.139 3.371 10.224
2 24 -20.386 2.466 13.19 -23.374 3.028 11.688
2 24 -31.897 -.004 4.063 -30.235 .583 5.596
2 24 -30.235 .583 5.596 -27.705 1.269 7.654
2 24 -27.705 1.269 7.654 -25.51 1.658 9.185
2 24 -25.51 1.658 9.185 -23.047 1.816 10.874
2 24 -23.047 1.816 10.874 -20.318 1.674 12.716
2 24 -18.737 2.109 14 -20.386 2.466 13.19
2 24 -20.318 1.674 12.716 -18.124 1.319 14
2 24 -32.831 -.413 3.087 -31.897 -.004 4.063
2 24 -33.293 .017 2.816 -32.831 -.413 3.087
2 24 -35.478 .691 2.886 -33.293 .017 2.816
2 24 -35.088 2.218 5.718 -37.816 1.751 4.512
2 24 -37.856 1.313 3.169 -35.478 .691 2.886
2 24 -37.816 1.751 4.512 -37.856 1.313 3.169
2 24 -38.138 3.596 4.609 -37.816 1.751 4.512
2 24 -37.638 1.738 1.51 -37.856 1.313 3.169
2 24 -38.027 3.578 1.403 -37.638 1.738 1.51
2 24 -23.483 1.724 -5.794 -21.135 2.103 -7.853
2 24 -26.29 1.241 -3.373 -23.483 1.724 -5.794
2 24 -29.64 .454 -.21 -26.29 1.241 -3.373
2 24 -32.831 -.413 3.087 -29.64 .454 -.21
2 24 -37.638 1.738 1.51 -35.826 2.185 .2
2 24 -35.826 2.185 .2 -33.055 2.811 -1.741
2 24 -33.055 2.811 -1.741 -30.491 3.322 -3.439
2 24 -30.491 3.322 -3.439 -27.277 3.853 -5.437
2 24 -27.277 3.853 -5.437 -24.27 4.096 -7.333
2 24 -24.27 4.096 -7.333 -21.225 4.237 -9.407
2 24 -21.225 4.237 -9.407 -21.135 2.103 -7.853
2 24 -21.034 6.543 -9.404 -21.225 4.237 -9.407
2 24 -14.471 1.622 -9.974 -21.225 4.237 -9.407

5 24 -38.027 3.578 1.403 -37.856 1.313 3.169 -37.638 1.738 1.51 -38.411 3.713 3.251
5 24 -30.635 5.403 -3.299 -33.055 2.811 -1.741 -30.491 3.322 -3.439 -33.28 4.821 -1.579
5 24 -27.488 5.906 -5.414 -24.27 4.096 -7.333 -24.516 6.224 -7.318 -27.277 3.853 -5.437
5 24 -26.139 3.371 10.224 -30.44 1.172 5.646 -28.643 3.261 8.831 -27.791 1.876 7.751
5 24 -35.088 2.218 5.718 -32.125 4.762 7.303 -32.14 2.74 7.062 -35.423 4.112 5.818
5 24 -30.44 1.172 5.646 -32.14 2.74 7.062 -32.151 .581 4.098 -28.643 3.261 8.831
5 24 -21.225 4.237 -9.407 -24.516 6.224 -7.318 -24.27 4.096 -7.333 -21.034 6.543 -9.404
5 24 -18.282 4.596 14 -20.386 2.466 13.19 -18.737 2.109 14 -20.187 5.089 13.1
5 24 -35.088 2.218 5.718 -32.151 .581 4.098 -35.478 .691 2.886 -32.14 2.74 7.062
5 24 -20.386 2.466 13.19 -20.318 1.674 12.716 -18.737 2.109 14 -23.035 2.419 11.11
5 24 -28.643 3.261 8.831 -28.682 5.467 8.946 -32.125 4.762 7.303 -26.139 3.371 10.224
5 24 -25.482 2.252 9.382 -23.047 1.816 10.874 -23.035 2.419 11.11 -25.51 1.658 9.185
5 24 -36.126 4.1 .219 -35.826 2.185 .2 -33.055 2.811 -1.741 -38.027 3.578 1.403
5 24 -36.126 4.1 .219 -33.055 2.811 -1.741 -33.28 4.821 -1.579 -35.826 2.185 .2
5 24 -37.816 1.751 4.512 -38.411 3.713 3.251 -38.138 3.596 4.609 -37.856 1.313 3.169
5 24 -35.088 2.218 5.718 -35.478 .691 2.886 -37.816 1.751 4.512 -32.151 .581 4.098
5 24 -20.318 1.674 12.716 -23.035 2.419 11.11 -20.386 2.466 13.19 -23.047 1.816 10.874
5 24 -30.235 .583 5.596 -32.151 .581 4.098 -30.44 1.172 5.646 -31.897 -.004 4.063
5 24 -32.831 -.413 3.087 -32.151 .581 4.098 -31.897 -.004 4.063 -33.293 .017 2.816
5 24 -27.705 1.269 7.654 -27.791 1.876 7.751 -25.51 1.658 9.185 -30.44 1.172 5.646
5 24 -32.151 .581 4.098 -33.293 .017 2.816 -35.478 .691 2.886 -32.831 -.413 3.087
5 24 -32.125 4.762 7.303 -28.643 3.261 8.831 -32.14 2.74 7.062 -28.682 5.467 8.946
5 24 -30.44 1.172 5.646 -27.705 1.269 7.654 -30.235 .583 5.596 -27.791 1.876 7.751
5 24 -35.826 2.185 .2 -38.027 3.578 1.403 -37.638 1.738 1.51 -36.126 4.1 .219
5 24 -27.488 5.906 -5.414 -27.277 3.853 -5.437 -24.516 6.224 -7.318 -30.635 5.403 -3.299
5 24 -20.318 1.674 12.716 -18.737 2.109 14 -18.124 1.319 14 -20.386 2.466 13.19
5 24 -21.225 4.237 -9.407 -15.55 4.62 -9.973 -21.034 6.543 -9.404 -14.471 1.622 -9.974
5 24 -26.139 3.371 10.224 -27.791 1.876 7.751 -25.482 2.252 9.382 -28.643 3.261 8.831
5 24 -32.14 2.74 7.062 -32.151 .581 4.098 -35.088 2.218 5.718 -30.44 1.172 5.646
5 24 -33.293 .017 2.816 -29.64 .454 -.21 -32.831 -.413 3.087 -33.055 2.811 -1.741
5 24 -24.27 4.096 -7.333 -23.483 1.724 -5.794 -21.135 2.103 -7.853 -27.277 3.853 -5.437
5 24 -25.51 1.658 9.185 -25.482 2.252 9.382 -23.047 1.816 10.874 -27.791 1.876 7.751
5 24 -32.151 .581 4.098 -30.44 1.172 5.646 -30.235 .583 5.596 -32.14 2.74 7.062
5 24 -23.396 5.699 11.562 -26.139 3.371 10.224 -26.222 5.834 10.172 -23.374 3.028 11.688
5 24 -26.29 1.241 -3.373 -30.491 3.322 -3.439 -29.64 .454 -.21 -27.277 3.853 -5.437
5 24 -35.088 2.218 5.718 -35.423 4.112 5.818 -38.138 3.596 4.609 -32.14 2.74 7.062
5 24 -23.374 3.028 11.688 -23.396 5.699 11.562 -20.187 5.089 13.1 -26.139 3.371 10.224
5 24 -25.482 2.252 9.382 -23.035 2.419 11.11 -23.047 1.816 10.874 -23.374 3.028 11.688
5 24 -35.478 .691 2.886 -37.816 1.751 4.512 -35.088 2.218 5.718 -37.856 1.313 3.169
5 24 -30.491 3.322 -3.439 -30.635 5.403 -3.299 -27.277 3.853 -5.437 -33.055 2.811 -1.741
5 24 -33.293 .017 2.816 -33.055 2.811 -1.741 -29.64 .454 -.21 -35.826 2.185 .2
5 24 -24.27 4.096 -7.333 -24.516 6.224 -7.318 -21.225 4.237 -9.407 -27.277 3.853 -5.437
5 24 -30.44 1.172 5.646 -28.643 3.261 8.831 -27.791 1.876 7.751 -32.14 2.74 7.062
5 24 -35.826 2.185 .2 -33.293 .017 2.816 -33.055 2.811 -1.741 -35.478 .691 2.886
5 24 -32.125 4.762 7.303 -32.14 2.74 7.062 -35.423 4.112 5.818 -28.643 3.261 8.831
5 24 -27.277 3.853 -5.437 -23.483 1.724 -5.794 -24.27 4.096 -7.333 -26.29 1.241 -3.373
5 24 -33.28 4.821 -1.579 -33.055 2.811 -1.741 -30.635 5.403 -3.299 -36.126 4.1 .219
5 24 -23.047 1.816 10.874 -23.035 2.419 11.11 -25.482 2.252 9.382 -20.318 1.674 12.716
5 24 -23.374 3.028 11.688 -20.187 5.089 13.1 -23.396 5.699 11.562 -20.386 2.466 13.19
5 24 -26.29 1.241 -3.373 -27.277 3.853 -5.437 -23.483 1.724 -5.794 -30.491 3.322 -3.439
5 24 -27.791 1.876 7.751 -30.44 1.172 5.646 -27.705 1.269 7.654 -26.139 3.371 10.224
5 24 -25.482 2.252 9.382 -23.374 3.028 11.688 -26.139 3.371 10.224 -23.035 2.419 11.11
5 24 -33.055 2.811 -1.741 -29.64 .454 -.21 -33.293 .017 2.816 -30.491 3.322 -3.439
5 24 -21.135 2.103 -7.853 -24.27 4.096 -7.333 -23.483 1.724 -5.794 -21.225 4.237 -9.407
5 24 -35.478 .691 2.886 -37.638 1.738 1.51 -37.856 1.313 3.169 -35.826 2.185 .2
5 24 -38.411 3.713 3.251 -37.856 1.313 3.169 -37.816 1.751 4.512 -38.027 3.578 1.403
5 24 -26.139 3.371 10.224 -26.222 5.834 10.172 -23.396 5.699 11.562 -28.682 5.467 8.946
5 24 -25.51 1.658 9.185 -27.791 1.876 7.751 -27.705 1.269 7.654 -25.482 2.252 9.382
5 24 -35.826 2.185 .2 -35.478 .691 2.886 -37.638 1.738 1.51 -33.293 .017 2.816
5 24 -26.139 3.371 10.224 -25.482 2.252 9.382 -27.791 1.876 7.751 -23.374 3.028 11.688
5 24 -23.035 2.419 11.11 -23.374 3.028 11.688 -25.482 2.252 9.382 -20.386 2.466 13.19
5 24 -32.151 .581 4.098 -35.478 .691 2.886 -35.088 2.218 5.718 -33.293 .017 2.816
5 24 -27.277 3.853 -5.437 -30.635 5.403 -3.299 -30.491 3.322 -3.439 -27.488 5.906 -5.414
5 24 -30.235 .583 5.596 -30.44 1.172 5.646 -32.151 .581 4.098 -27.705 1.269 7.654
5 24 -28.682 5.467 8.946 -26.139 3.371 10.224 -28.643 3.261 8.831 -26.222 5.834 10.172
5 24 -32.151 .581 4.098 -31.897 -.004 4.063 -30.235 .583 5.596 -32.831 -.413 3.087
5 24 -27.791 1.876 7.751 -25.482 2.252 9.382 -26.139 3.371 10.224 -25.51 1.658 9.185
5 24 -20.386 2.466 13.19 -20.187 5.089 13.1 -18.282 4.596 14 -23.374 3.028 11.688
5 24 -23.035 2.419 11.11 -20.386 2.466 13.19 -23.374 3.028 11.688 -20.318 1.674 12.716
5 24 -30.491 3.322 -3.439 -29.64 .454 -.21 -33.055 2.811 -1.741 -26.29 1.241 -3.373
5 24 -14.471 1.622 -9.974 -21.135 2.103 -7.853 -21.225 4.237 -9.407 -13.85 0 -10

0 // Top Flap
4 16 -36.213 -2.848 10.249 -34.413 -1.948 9.545 -34.857 -1.91 7.144 -36.589 -2.875 8.843
4 16 -34.413 -1.948 9.545 -30.449 .134 5.973 -32.117 -.456 4.432 -34.857 -1.91 7.144
3 16 -34.413 -1.948 9.545 -31.699 -.753 9.501 -30.449 .134 5.973
3 16 -30.449 .134 5.973 -31.699 -.753 9.501 -27.992 .838 8.01
4 16 -32.117 -.456 4.432 -30.449 .134 5.973 -30.235 .583 5.596 -31.897 -.004 4.063
3 16 -27.992 .838 8.01 -30.235 .583 5.596 -30.449 .134 5.973
3 16 -27.705 1.269 7.654 -30.235 .583 5.596 -27.992 .838 8.01
3 16 -25.856 1.206 9.433 -27.705 1.269 7.654 -27.992 .838 8.01
3 16 -25.51 1.658 9.185 -27.705 1.269 7.654 -25.856 1.206 9.433
3 16 -23.418 1.365 11.148 -25.51 1.658 9.185 -25.856 1.206 9.433
3 16 -23.418 1.365 11.148 -25.856 1.206 9.433 -25.975 .675 11.627
3 16 -22.971 1.004 12.975 -23.418 1.365 11.148 -25.975 .675 11.627
3 16 -20.78 1.229 13.021 -23.418 1.365 11.148 -22.971 1.004 12.975
3 16 -25.975 .675 11.627 -25.856 1.206 9.433 -29.041 .082 10.362
3 16 -31.699 -.753 9.501 -29.041 .082 10.362 -27.992 .838 8.01
3 16 -27.992 .838 8.01 -29.041 .082 10.362 -25.856 1.206 9.433
3 16 -23.047 1.816 10.874 -25.51 1.658 9.185 -23.418 1.365 11.148
3 16 -20.78 1.229 13.021 -23.047 1.816 10.874 -23.418 1.365 11.148
3 16 -20.318 1.674 12.716 -23.047 1.816 10.874 -20.78 1.229 13.021
3 16 -31.699 -.753 9.501 -29.478 -.752 12.752 -29.041 .082 10.362
4 16 -29.041 .082 10.362 -29.478 -.752 12.752 -26.357 .089 13.293 -25.975 .675 11.627
3 16 -26.357 .089 13.293 -22.971 1.004 12.975 -25.975 .675 11.627
3 16 -32.034 -1.559 12.329 -29.478 -.752 12.752 -31.699 -.753 9.501
3 16 -22.809 .818 14 -20.78 1.229 13.021 -22.971 1.004 12.975
3 16 -22.809 .818 14 -22.971 1.004 12.975 -26.357 .089 13.293
3 16 -19.175 1.001 14 -20.78 1.229 13.021 -22.809 .818 14
3 16 -19.175 1.001 14 -20.318 1.674 12.716 -20.78 1.229 13.021
3 16 -34.413 -1.948 9.545 -32.034 -1.559 12.329 -31.699 -.753 9.501
3 16 -34.551 -2.439 11.921 -32.034 -1.559 12.329 -34.413 -1.948 9.545
3 16 -36.213 -2.848 10.249 -34.551 -2.439 11.921 -34.413 -1.948 9.545
3 16 -36.659 -3.19 11.581 -34.551 -2.439 11.921 -36.213 -2.848 10.249
4 16 -36.659 -3.19 11.581 -36.213 -2.848 10.249 -36.589 -2.875 8.843 -37.322 -3.374 10.441
3 16 -37.61 -3.413 8.799 -37.322 -3.374 10.441 -36.589 -2.875 8.843
3 16 -37.61 -3.413 8.799 -36.589 -2.875 8.843 -35.529 -2.211 6.198
3 16 -35.529 -2.211 6.198 -36.589 -2.875 8.843 -34.857 -1.91 7.144
4 16 -33.095 -.884 3.399 -35.529 -2.211 6.198 -34.857 -1.91 7.144 -32.117 -.456 4.432
4 16 -31.897 -.004 4.063 -32.831 -.413 3.087 -33.095 -.884 3.399 -32.117 -.456 4.432
3 16 -18.124 1.319 14 -20.318 1.674 12.716 -19.175 1.001 14
2 24 -18.124 1.319 14 -19.175 1.001 14
2 24 -19.175 1.001 14 -22.809 .818 14
2 24 -29.478 -.752 12.752 -26.357 .089 13.293
2 24 -32.034 -1.559 12.329 -29.478 -.752 12.752
2 24 -26.357 .089 13.293 -22.809 .818 14
2 24 -34.551 -2.439 11.921 -32.034 -1.559 12.329
2 24 -36.659 -3.19 11.581 -34.551 -2.439 11.921
2 24 -37.322 -3.374 10.441 -36.659 -3.19 11.581
2 24 -37.61 -3.413 8.799 -37.322 -3.374 10.441
2 24 -35.529 -2.211 6.198 -37.61 -3.413 8.799
2 24 -33.095 -.884 3.399 -35.529 -2.211 6.198
2 24 -32.831 -.413 3.087 -33.095 -.884 3.399
5 24 -32.117 -.456 4.432 -30.235 .583 5.596 -30.449 .134 5.973 -31.897 -.004 4.063
5 24 -29.041 .082 10.362 -26.357 .089 13.293 -29.478 -.752 12.752 -25.975 .675 11.627
5 24 -31.897 -.004 4.063 -33.095 -.884 3.399 -32.831 -.413 3.087 -32.117 -.456 4.432
5 24 -34.413 -1.948 9.545 -32.117 -.456 4.432 -30.449 .134 5.973 -34.857 -1.91 7.144
5 24 -33.095 -.884 3.399 -34.857 -1.91 7.144 -35.529 -2.211 6.198 -32.117 -.456 4.432
5 24 -36.213 -2.848 10.249 -34.857 -1.91 7.144 -34.413 -1.948 9.545 -36.589 -2.875 8.843
5 24 -36.589 -2.875 8.843 -37.61 -3.413 8.799 -35.529 -2.211 6.198 -37.322 -3.374 10.441
5 24 -27.705 1.269 7.654 -27.992 .838 8.01 -30.235 .583 5.596 -25.856 1.206 9.433
5 24 -19.175 1.001 14 -20.318 1.674 12.716 -18.124 1.319 14 -20.78 1.229 13.021
5 24 -27.992 .838 8.01 -30.449 .134 5.973 -30.235 .583 5.596 -31.699 -.753 9.501
5 24 -31.699 -.753 9.501 -32.034 -1.559 12.329 -34.413 -1.948 9.545 -29.478 -.752 12.752
5 24 -36.213 -2.848 10.249 -34.551 -2.439 11.921 -36.659 -3.19 11.581 -34.413 -1.948 9.545
5 24 -25.856 1.206 9.433 -29.041 .082 10.362 -27.992 .838 8.01 -25.975 .675 11.627
5 24 -27.992 .838 8.01 -29.041 .082 10.362 -31.699 -.753 9.501 -25.856 1.206 9.433
5 24 -23.418 1.365 11.148 -22.971 1.004 12.975 -25.975 .675 11.627 -20.78 1.229 13.021
5 24 -34.413 -1.948 9.545 -36.213 -2.848 10.249 -34.857 -1.91 7.144 -34.551 -2.439 11.921
5 24 -22.809 .818 14 -22.971 1.004 12.975 -20.78 1.229 13.021 -26.357 .089 13.293
5 24 -31.699 -.753 9.501 -29.478 -.752 12.752 -29.041 .082 10.362 -32.034 -1.559 12.329
5 24 -22.971 1.004 12.975 -20.78 1.229 13.021 -23.418 1.365 11.148 -22.809 .818 14
5 24 -32.117 -.456 4.432 -34.857 -1.91 7.144 -34.413 -1.948 9.545 -33.095 -.884 3.399
5 24 -29.041 .082 10.362 -25.975 .675 11.627 -29.478 -.752 12.752 -25.856 1.206 9.433
5 24 -26.357 .089 13.293 -22.971 1.004 12.975 -25.975 .675 11.627 -22.809 .818 14
5 24 -37.322 -3.374 10.441 -36.589 -2.875 8.843 -37.61 -3.413 8.799 -36.659 -3.19 11.581
5 24 -30.235 .583 5.596 -30.449 .134 5.973 -31.897 -.004 4.063 -27.992 .838 8.01
5 24 -25.856 1.206 9.433 -27.705 1.269 7.654 -25.51 1.658 9.185 -27.992 .838 8.01
5 24 -20.78 1.229 13.021 -23.418 1.365 11.148 -23.047 1.816 10.874 -22.971 1.004 12.975
5 24 -25.856 1.206 9.433 -23.418 1.365 11.148 -25.975 .675 11.627 -25.51 1.658 9.185
5 24 -30.235 .583 5.596 -27.992 .838 8.01 -30.449 .134 5.973 -27.705 1.269 7.654
5 24 -36.589 -2.875 8.843 -34.857 -1.91 7.144 -36.213 -2.848 10.249 -35.529 -2.211 6.198
5 24 -32.117 -.456 4.432 -30.449 .134 5.973 -30.235 .583 5.596 -34.857 -1.91 7.144
5 24 -27.992 .838 8.01 -25.856 1.206 9.433 -29.041 .082 10.362 -27.705 1.269 7.654
5 24 -36.213 -2.848 10.249 -36.589 -2.875 8.843 -34.413 -1.948 9.545 -37.322 -3.374 10.441
5 24 -30.449 .134 5.973 -34.413 -1.948 9.545 -32.117 -.456 4.432 -31.699 -.753 9.501
5 24 -25.975 .675 11.627 -22.971 1.004 12.975 -23.418 1.365 11.148 -26.357 .089 13.293
5 24 -30.449 .134 5.973 -31.699 -.753 9.501 -34.413 -1.948 9.545 -27.992 .838 8.01
5 24 -34.857 -1.91 7.144 -35.529 -2.211 6.198 -36.589 -2.875 8.843 -32.117 -.456 4.432
5 24 -23.418 1.365 11.148 -25.51 1.658 9.185 -23.047 1.816 10.874 -25.856 1.206 9.433
5 24 -23.418 1.365 11.148 -25.975 .675 11.627 -22.971 1.004 12.975 -25.856 1.206 9.433
5 24 -33.095 -.884 3.399 -32.117 -.456 4.432 -35.529 -2.211 6.198 -31.897 -.004 4.063
5 24 -34.413 -1.948 9.545 -34.551 -2.439 11.921 -36.213 -2.848 10.249 -32.034 -1.559 12.329
5 24 -32.034 -1.559 12.329 -34.413 -1.948 9.545 -31.699 -.753 9.501 -34.551 -2.439 11.921
5 24 -31.897 -.004 4.063 -32.117 -.456 4.432 -30.449 .134 5.973 -32.831 -.413 3.087
5 24 -20.78 1.229 13.021 -23.047 1.816 10.874 -23.418 1.365 11.148 -20.318 1.674 12.716
5 24 -36.589 -2.875 8.843 -35.529 -2.211 6.198 -37.61 -3.413 8.799 -34.857 -1.91 7.144
5 24 -25.975 .675 11.627 -25.856 1.206 9.433 -23.418 1.365 11.148 -29.041 .082 10.362
5 24 -27.992 .838 8.01 -31.699 -.753 9.501 -29.041 .082 10.362 -30.449 .134 5.973
5 24 -36.213 -2.848 10.249 -36.659 -3.19 11.581 -36.589 -2.875 8.843 -34.551 -2.439 11.921
5 24 -25.975 .675 11.627 -26.357 .089 13.293 -29.041 .082 10.362 -22.971 1.004 12.975
5 24 -29.478 -.752 12.752 -29.041 .082 10.362 -26.357 .089 13.293 -31.699 -.753 9.501
5 24 -31.699 -.753 9.501 -34.413 -1.948 9.545 -32.034 -1.559 12.329 -30.449 .134 5.973
5 24 -31.699 -.753 9.501 -29.041 .082 10.362 -27.992 .838 8.01 -29.478 -.752 12.752
5 24 -25.51 1.658 9.185 -25.856 1.206 9.433 -23.418 1.365 11.148 -27.705 1.269 7.654
5 24 -20.78 1.229 13.021 -22.809 .818 14 -19.175 1.001 14 -22.971 1.004 12.975
5 24 -23.418 1.365 11.148 -23.047 1.816 10.874 -25.51 1.658 9.185 -20.78 1.229 13.021
5 24 -34.857 -1.91 7.144 -34.413 -1.948 9.545 -30.449 .134 5.973 -36.589 -2.875 8.843
5 24 -19.175 1.001 14 -20.78 1.229 13.021 -22.809 .818 14 -20.318 1.674 12.716
5 24 -20.78 1.229 13.021 -20.318 1.674 12.716 -19.175 1.001 14 -23.047 1.816 10.874

4 16 -18.124 1.319 14 -19.175 1.001 14 -22.898 -1.327 14 -15.464 -3 14
3 16 -22.898 -1.327 14 -19.175 1.001 14 -22.809 .818 14
3 16 -21.135 2.103 -7.853 -21.527 -.965 -8.975 -23.483 1.724 -5.794
3 16 -23.483 1.724 -5.794 -21.527 -.965 -8.975 -23.861 -1.46 -6.654
3 16 -23.483 1.724 -5.794 -23.861 -1.46 -6.654 -26.29 1.241 -3.373
3 16 -26.29 1.241 -3.373 -23.861 -1.46 -6.654 -26.479 -2.066 -4.034
3 16 -26.29 1.241 -3.373 -26.479 -2.066 -4.034 -29.64 .454 -.21
3 16 -29.64 .454 -.21 -26.479 -2.066 -4.034 -29.575 -2.95 -.828
3 16 -29.64 .454 -.21 -29.575 -2.95 -.828 -33.095 -.884 3.399
3 16 -33.095 -.884 3.399 -29.575 -2.95 -.828 -32.785 -4.004 2.7
3 16 -33.095 -.884 3.399 -32.785 -4.004 2.7 -35.529 -2.211 6.198
3 16 -35.529 -2.211 6.198 -32.785 -4.004 2.7 -35.188 -4.992 5.65
3 16 -35.188 -4.992 5.65 -37.478 -4.695 8.346 -35.529 -2.211 6.198
3 16 -37.478 -4.695 8.346 -37.61 -3.413 8.799 -35.529 -2.211 6.198
3 16 -37.311 -5.927 8.353 -37.478 -4.695 8.346 -35.188 -4.992 5.65
3 16 -33.095 -.884 3.399 -32.831 -.413 3.087 -29.64 .454 -.21
3 16 -29.429 -2.426 13.197 -26.327 -1.722 13.571 -26.357 .089 13.293
3 16 -26.357 .089 13.293 -29.478 -.752 12.752 -29.429 -2.426 13.197
3 16 -29.478 -.752 12.752 -32.034 -1.559 12.329 -31.997 -3.253 12.877
3 16 -31.997 -3.253 12.877 -29.429 -2.426 13.197 -29.478 -.752 12.752
4 16 -32.034 -1.559 12.329 -34.551 -2.439 11.921 -34.618 -4.394 12.543 -31.997 -3.253 12.877
3 16 -36.659 -3.19 11.581 -34.618 -4.394 12.543 -34.551 -2.439 11.921
3 16 -36.99 -4.547 12.049 -34.618 -4.394 12.543 -36.659 -3.19 11.581
3 16 -37.239 -5.664 12.185 -34.618 -4.394 12.543 -36.99 -4.547 12.049
3 16 -26.327 -1.722 13.571 -22.898 -1.327 14 -22.809 .818 14
3 16 -22.809 .818 14 -26.357 .089 13.293 -26.327 -1.722 13.571
3 16 -37.61 -3.413 8.799 -37.658 -4.992 10.616 -37.322 -3.374 10.441
3 16 -37.61 -3.413 8.799 -37.61 -5.09 9.591 -37.658 -4.992 10.616
3 16 -37.478 -4.695 8.346 -37.61 -5.09 9.591 -37.61 -3.413 8.799
3 16 -37.311 -5.927 8.353 -37.61 -5.09 9.591 -37.478 -4.695 8.346
3 16 -37.61 -5.09 9.591 -37.397 -6.261 9.68 -37.483 -6.594 11.007
3 16 -37.483 -6.594 11.007 -37.658 -4.992 10.616 -37.61 -5.09 9.591
3 16 -37.483 -6.594 11.007 -37.239 -5.664 12.185 -37.658 -4.992 10.616
3 16 -37.658 -4.992 10.616 -37.239 -5.664 12.185 -36.99 -4.547 12.049
3 16 -37.658 -4.992 10.616 -36.99 -4.547 12.049 -37.322 -3.374 10.441
3 16 -37.322 -3.374 10.441 -36.99 -4.547 12.049 -36.659 -3.19 11.581
3 16 -21.135 2.103 -7.853 -13.85 0 -10 -21.527 -.965 -8.975
3 16 -21.527 -.965 -8.975 -13.85 0 -10 -15.552 -3 -9.975
3 16 -21.135 2.103 -7.853 -14.471 1.622 -9.974 -13.85 0 -10
3 16 -37.397 -6.261 9.68 -37.61 -5.09 9.591 -37.311 -5.927 8.353
2 24 -21.135 2.103 -7.853 -13.85 0 -10
2 24 -22.898 -1.327 14 -15.464 -3 14
2 24 -22.809 .818 14 -22.898 -1.327 14
2 24 -21.527 -.965 -8.975 -15.552 -3 -9.975
2 24 -21.135 2.103 -7.853 -21.527 -.965 -8.975
2 24 -21.527 -.965 -8.975 -23.861 -1.46 -6.654
2 24 -23.861 -1.46 -6.654 -26.479 -2.066 -4.034
2 24 -26.479 -2.066 -4.034 -29.575 -2.95 -.828
2 24 -29.575 -2.95 -.828 -32.785 -4.004 2.7
2 24 -32.785 -4.004 2.7 -35.188 -4.992 5.65
2 24 -37.478 -4.695 8.346 -37.61 -3.413 8.799
2 24 -37.311 -5.927 8.353 -37.478 -4.695 8.346
2 24 -35.188 -4.992 5.65 -37.311 -5.927 8.353
2 24 -37.483 -6.594 11.007 -37.397 -6.261 9.68
2 24 -37.239 -5.664 12.185 -37.483 -6.594 11.007
2 24 -34.618 -4.394 12.543 -37.239 -5.664 12.185
2 24 -31.997 -3.253 12.877 -34.618 -4.394 12.543
2 24 -29.429 -2.426 13.197 -31.997 -3.253 12.877
2 24 -26.327 -1.722 13.571 -29.429 -2.426 13.197
2 24 -22.898 -1.327 14 -26.327 -1.722 13.571
2 24 -36.659 -3.19 11.581 -36.99 -4.547 12.049
2 24 -36.99 -4.547 12.049 -37.239 -5.664 12.185
2 24 -13.85 0 -10 -15.552 -3 -9.975
2 24 -37.397 -6.261 9.68 -37.311 -5.927 8.353
5 24 -32.034 -1.559 12.329 -34.618 -4.394 12.543 -34.551 -2.439 11.921 -31.997 -3.253 12.877
5 24 -26.479 -2.066 -4.034 -29.64 .454 -.21 -29.575 -2.95 -.828 -26.29 1.241 -3.373
5 24 -37.658 -4.992 10.616 -37.239 -5.664 12.185 -37.483 -6.594 11.007 -36.99 -4.547 12.049
5 24 -37.61 -5.09 9.591 -37.483 -6.594 11.007 -37.397 -6.261 9.68 -37.658 -4.992 10.616
5 24 -29.429 -2.426 13.197 -26.357 .089 13.293 -26.327 -1.722 13.571 -29.478 -.752 12.752
5 24 -29.64 .454 -.21 -29.575 -2.95 -.828 -33.095 -.884 3.399 -26.479 -2.066 -4.034
5 24 -29.575 -2.95 -.828 -33.095 -.884 3.399 -32.785 -4.004 2.7 -29.64 .454 -.21
5 24 -34.618 -4.394 12.543 -36.659 -3.19 11.581 -34.551 -2.439 11.921 -36.99 -4.547 12.049
5 24 -37.61 -5.09 9.591 -37.478 -4.695 8.346 -37.311 -5.927 8.353 -37.61 -3.413 8.799
5 24 -37.658 -4.992 10.616 -36.99 -4.547 12.049 -37.322 -3.374 10.441 -37.239 -5.664 12.185
5 24 -32.034 -1.559 12.329 -31.997 -3.253 12.877 -29.478 -.752 12.752 -34.551 -2.439 11.921
5 24 -31.997 -3.253 12.877 -29.478 -.752 12.752 -32.034 -1.559 12.329 -29.429 -2.426 13.197
5 24 -33.095 -.884 3.399 -29.64 .454 -.21 -32.831 -.413 3.087 -29.575 -2.95 -.828
5 24 -37.61 -3.413 8.799 -37.658 -4.992 10.616 -37.322 -3.374 10.441 -37.61 -5.09 9.591
5 24 -37.478 -4.695 8.346 -35.188 -4.992 5.65 -35.529 -2.211 6.198 -37.311 -5.927 8.353
5 24 -26.357 .089 13.293 -26.327 -1.722 13.571 -29.429 -2.426 13.197 -22.809 .818 14
5 24 -21.527 -.965 -8.975 -13.85 0 -10 -21.135 2.103 -7.853 -15.552 -3 -9.975
5 24 -37.658 -4.992 10.616 -37.483 -6.594 11.007 -37.239 -5.664 12.185 -37.61 -5.09 9.591
5 24 -32.785 -4.004 2.7 -35.529 -2.211 6.198 -35.188 -4.992 5.65 -33.095 -.884 3.399
5 24 -23.483 1.724 -5.794 -23.861 -1.46 -6.654 -26.29 1.241 -3.373 -21.527 -.965 -8.975
5 24 -26.29 1.241 -3.373 -23.861 -1.46 -6.654 -23.483 1.724 -5.794 -26.479 -2.066 -4.034
5 24 -26.29 1.241 -3.373 -26.479 -2.066 -4.034 -29.64 .454 -.21 -23.861 -1.46 -6.654
5 24 -26.327 -1.722 13.571 -22.809 .818 14 -22.898 -1.327 14 -26.357 .089 13.293
5 24 -34.618 -4.394 12.543 -34.551 -2.439 11.921 -31.997 -3.253 12.877 -36.659 -3.19 11.581
5 24 -37.322 -3.374 10.441 -37.658 -4.992 10.616 -36.99 -4.547 12.049 -37.61 -3.413 8.799
5 24 -37.61 -5.09 9.591 -37.61 -3.413 8.799 -37.478 -4.695 8.346 -37.658 -4.992 10.616
5 24 -29.478 -.752 12.752 -29.429 -2.426 13.197 -26.357 .089 13.293 -31.997 -3.253 12.877
5 24 -33.095 -.884 3.399 -32.785 -4.004 2.7 -35.529 -2.211 6.198 -29.575 -2.95 -.828
5 24 -37.658 -4.992 10.616 -37.61 -5.09 9.591 -37.61 -3.413 8.799 -37.483 -6.594 11.007
5 24 -36.99 -4.547 12.049 -34.618 -4.394 12.543 -36.659 -3.19 11.581 -37.239 -5.664 12.185
5 24 -35.529 -2.211 6.198 -35.188 -4.992 5.65 -32.785 -4.004 2.7 -37.478 -4.695 8.346
5 24 -35.529 -2.211 6.198 -37.478 -4.695 8.346 -37.61 -3.413 8.799 -35.188 -4.992 5.65
5 24 -37.61 -5.09 9.591 -37.311 -5.927 8.353 -37.478 -4.695 8.346 -37.397 -6.261 9.68
5 24 -36.99 -4.547 12.049 -37.322 -3.374 10.441 -36.659 -3.19 11.581 -37.658 -4.992 10.616
5 24 -21.527 -.965 -8.975 -23.483 1.724 -5.794 -23.861 -1.46 -6.654 -21.135 2.103 -7.853

3 16 -15.464 -3 14 -22.898 -1.327 14 -17.69 -5.186 8.177
3 16 -17.69 -5.186 8.177 -22.898 -1.327 14 -24.331 -3.077 9.679
3 16 -25.329 -4.943 5.186 -17.69 -5.186 8.177 -24.331 -3.077 9.679
3 16 -18.77 -6.345 3.233 -17.69 -5.186 8.177 -25.329 -4.943 5.186
3 16 -16.124 -3 9.055 -15.464 -3 14 -17.69 -5.186 8.177
3 16 -17.69 -5.186 8.177 -16.511 -3 5.017 -16.124 -3 9.055
3 16 -18.77 -6.345 3.233 -16.511 -3 5.017 -17.69 -5.186 8.177
3 16 -18.428 -5.905 .065 -16.511 -3 5.017 -18.77 -6.345 3.233
3 16 -16.236 -3 -2.204 -16.511 -3 5.017 -18.428 -5.905 .065
3 16 -16.236 -3 -2.204 -18.428 -5.905 .065 -17.736 -5.253 -3.26
3 16 -16.236 -3 -2.204 -17.736 -5.253 -3.26 -16.762 -4.317 -6.505
3 16 -16.762 -4.317 -6.505 -15.552 -3 -9.975 -16.236 -3 -2.204
3 16 -17.736 -5.253 -3.26 -18.428 -5.905 .065 -24.686 -4.134 1.955
3 16 -24.686 -4.134 1.955 -23.892 -3.192 -1.524 -17.736 -5.253 -3.26
4 16 -16.762 -4.317 -6.505 -17.736 -5.253 -3.26 -23.892 -3.192 -1.524 -22.849 -2.129 -5.144
3 16 -21.527 -.965 -8.975 -16.762 -4.317 -6.505 -22.849 -2.129 -5.144
3 16 -15.552 -3 -9.975 -16.762 -4.317 -6.505 -21.527 -.965 -8.975
3 16 -18.428 -5.905 .065 -18.77 -6.345 3.233 -25.329 -4.943 5.186
3 16 -25.329 -4.943 5.186 -24.686 -4.134 1.955 -18.428 -5.905 .065
3 16 -35.188 -4.992 5.65 -33.75 -5.194 6.216 -37.311 -5.927 8.353
3 16 -37.311 -5.927 8.353 -33.75 -5.194 6.216 -37.397 -6.261 9.68
3 16 -35.071 -6.309 9.847 -37.397 -6.261 9.68 -33.75 -5.194 6.216
3 16 -37.483 -6.594 11.007 -37.397 -6.261 9.68 -35.071 -6.309 9.847
3 16 -35.188 -4.992 5.65 -31.79 -4.837 5.042 -33.75 -5.194 6.216
3 16 -32.785 -4.004 2.7 -31.79 -4.837 5.042 -35.188 -4.992 5.65
4 16 -31.79 -4.837 5.042 -32.785 -4.004 2.7 -29.575 -2.95 -.828 -29.63 -4.405 3.561
4 16 -27.557 -5.282 6.252 -30.095 -5.652 7.468 -31.79 -4.837 5.042 -29.63 -4.405 3.561
3 16 -27.557 -5.282 6.252 -29.63 -4.405 3.561 -26.497 -3.821 1.27
4 16 -33.75 -5.194 6.216 -31.79 -4.837 5.042 -30.095 -5.652 7.468 -32.824 -6.027 8.76
3 16 -35.071 -6.309 9.847 -33.75 -5.194 6.216 -32.824 -6.027 8.76
4 16 -29.63 -4.405 3.561 -29.575 -2.95 -.828 -26.479 -2.066 -4.034 -26.497 -3.821 1.27
3 16 -26.497 -3.821 1.27 -25.329 -4.943 5.186 -27.557 -5.282 6.252
3 16 -24.686 -4.134 1.955 -25.329 -4.943 5.186 -26.497 -3.821 1.27
3 16 -23.892 -3.192 -1.524 -24.686 -4.134 1.955 -26.497 -3.821 1.27
4 16 -26.497 -3.821 1.27 -26.479 -2.066 -4.034 -22.849 -2.129 -5.144 -23.892 -3.192 -1.524
3 16 -26.479 -2.066 -4.034 -23.861 -1.46 -6.654 -22.849 -2.129 -5.144
3 16 -23.861 -1.46 -6.654 -21.527 -.965 -8.975 -22.849 -2.129 -5.144
3 16 -37.483 -6.594 11.007 -35.071 -6.309 9.847 -37.239 -5.664 12.185
3 16 -37.239 -5.664 12.185 -35.071 -6.309 9.847 -34.618 -4.394 12.543
3 16 -35.071 -6.309 9.847 -32.824 -6.027 8.76 -34.618 -4.394 12.543
3 16 -34.618 -4.394 12.543 -32.824 -6.027 8.76 -31.997 -3.253 12.877
3 16 -32.824 -6.027 8.76 -30.095 -5.652 7.468 -31.997 -3.253 12.877
3 16 -31.997 -3.253 12.877 -30.095 -5.652 7.468 -29.429 -2.426 13.197
3 16 -27.557 -5.282 6.252 -29.429 -2.426 13.197 -30.095 -5.652 7.468
3 16 -26.327 -1.722 13.571 -29.429 -2.426 13.197 -27.557 -5.282 6.252
3 16 -26.327 -1.722 13.571 -27.557 -5.282 6.252 -24.331 -3.077 9.679
3 16 -24.331 -3.077 9.679 -27.557 -5.282 6.252 -25.329 -4.943 5.186
3 16 -24.331 -3.077 9.679 -22.898 -1.327 14 -26.327 -1.722 13.571

2 24 -17.69 -5.186 8.177 -15.464 -3 14
2 24 -22.898 -1.327 14 -24.331 -3.077 9.679
2 24 -24.331 -3.077 9.679 -25.329 -4.943 5.186
2 24 -18.77 -6.345 3.233 -17.69 -5.186 8.177
2 24 -25.329 -4.943 5.186 -18.77 -6.345 3.233
2 24 -18.77 -6.345 3.233 -18.428 -5.905 .065
2 24 -18.428 -5.905 .065 -17.736 -5.253 -3.26
2 24 -17.736 -5.253 -3.26 -16.762 -4.317 -6.505
2 24 -16.762 -4.317 -6.505 -15.552 -3 -9.975
2 24 -24.686 -4.134 1.955 -23.892 -3.192 -1.524
2 24 -23.892 -3.192 -1.524 -22.849 -2.129 -5.144
2 24 -22.849 -2.129 -5.144 -21.527 -.965 -8.975
2 24 -25.329 -4.943 5.186 -24.686 -4.134 1.955
2 24 -35.071 -6.309 9.847 -37.483 -6.594 11.007
2 24 -27.557 -5.282 6.252 -30.095 -5.652 7.468
2 24 -30.095 -5.652 7.468 -32.824 -6.027 8.76
2 24 -32.824 -6.027 8.76 -35.071 -6.309 9.847
2 24 -25.329 -4.943 5.186 -27.557 -5.282 6.252
5 24 -33.75 -5.194 6.216 -30.095 -5.652 7.468 -31.79 -4.837 5.042 -32.824 -6.027 8.76
5 24 -26.497 -3.821 1.27 -22.849 -2.129 -5.144 -26.479 -2.066 -4.034 -23.892 -3.192 -1.524
5 24 -27.557 -5.282 6.252 -31.79 -4.837 5.042 -30.095 -5.652 7.468 -29.63 -4.405 3.561
5 24 -31.79 -4.837 5.042 -29.575 -2.95 -.828 -32.785 -4.004 2.7 -29.63 -4.405 3.561
5 24 -29.63 -4.405 3.561 -26.479 -2.066 -4.034 -29.575 -2.95 -.828 -26.497 -3.821 1.27
5 24 -31.79 -4.837 5.042 -30.095 -5.652 7.468 -32.824 -6.027 8.76 -29.63 -4.405 3.561
5 24 -26.497 -3.821 1.27 -26.479 -2.066 -4.034 -29.63 -4.405 3.561 -22.849 -2.129 -5.144
5 24 -35.071 -6.309 9.847 -33.75 -5.194 6.216 -32.824 -6.027 8.76 -37.397 -6.261 9.68
5 24 -23.861 -1.46 -6.654 -22.849 -2.129 -5.144 -26.479 -2.066 -4.034 -21.527 -.965 -8.975
5 24 -17.69 -5.186 8.177 -22.898 -1.327 14 -24.331 -3.077 9.679 -15.464 -3 14
5 24 -29.575 -2.95 -.828 -29.63 -4.405 3.561 -31.79 -4.837 5.042 -26.479 -2.066 -4.034
5 24 -17.69 -5.186 8.177 -25.329 -4.943 5.186 -18.77 -6.345 3.233 -24.331 -3.077 9.679
5 24 -29.429 -2.426 13.197 -27.557 -5.282 6.252 -30.095 -5.652 7.468 -26.327 -1.722 13.571
5 24 -16.236 -3 -2.204 -18.428 -5.905 .065 -17.736 -5.253 -3.26 -16.511 -3 5.017
5 24 -31.79 -4.837 5.042 -35.188 -4.992 5.65 -32.785 -4.004 2.7 -33.75 -5.194 6.216
5 24 -37.397 -6.261 9.68 -35.071 -6.309 9.847 -37.483 -6.594 11.007 -33.75 -5.194 6.216
5 24 -27.557 -5.282 6.252 -29.63 -4.405 3.561 -26.497 -3.821 1.27 -30.095 -5.652 7.468
5 24 -34.618 -4.394 12.543 -35.071 -6.309 9.847 -32.824 -6.027 8.76 -37.239 -5.664 12.185
5 24 -35.071 -6.309 9.847 -37.239 -5.664 12.185 -34.618 -4.394 12.543 -37.483 -6.594 11.007
5 24 -17.736 -5.253 -3.26 -16.236 -3 -2.204 -16.762 -4.317 -6.505 -18.428 -5.905 .065
5 24 -31.997 -3.253 12.877 -32.824 -6.027 8.76 -30.095 -5.652 7.468 -34.618 -4.394 12.543
5 24 -33.75 -5.194 6.216 -32.824 -6.027 8.76 -31.79 -4.837 5.042 -35.071 -6.309 9.847
5 24 -17.736 -5.253 -3.26 -24.686 -4.134 1.955 -18.428 -5.905 .065 -23.892 -3.192 -1.524
5 24 -18.428 -5.905 .065 -16.511 -3 5.017 -18.77 -6.345 3.233 -16.236 -3 -2.204
5 24 -18.428 -5.905 .065 -25.329 -4.943 5.186 -18.77 -6.345 3.233 -24.686 -4.134 1.955
5 24 -33.75 -5.194 6.216 -35.188 -4.992 5.65 -31.79 -4.837 5.042 -37.311 -5.927 8.353
5 24 -33.75 -5.194 6.216 -37.397 -6.261 9.68 -37.311 -5.927 8.353 -35.071 -6.309 9.847
5 24 -23.892 -3.192 -1.524 -17.736 -5.253 -3.26 -24.686 -4.134 1.955 -22.849 -2.129 -5.144
5 24 -37.311 -5.927 8.353 -33.75 -5.194 6.216 -37.397 -6.261 9.68 -35.188 -4.992 5.65
5 24 -29.63 -4.405 3.561 -26.497 -3.821 1.27 -29.575 -2.95 -.828 -27.557 -5.282 6.252
5 24 -24.331 -3.077 9.679 -17.69 -5.186 8.177 -25.329 -4.943 5.186 -22.898 -1.327 14
5 24 -31.79 -4.837 5.042 -29.63 -4.405 3.561 -27.557 -5.282 6.252 -32.785 -4.004 2.7
5 24 -24.686 -4.134 1.955 -26.497 -3.821 1.27 -25.329 -4.943 5.186 -23.892 -3.192 -1.524
5 24 -24.686 -4.134 1.955 -18.428 -5.905 .065 -17.736 -5.253 -3.26 -25.329 -4.943 5.186
5 24 -32.785 -4.004 2.7 -31.79 -4.837 5.042 -29.575 -2.95 -.828 -35.188 -4.992 5.65
5 24 -22.849 -2.129 -5.144 -26.479 -2.066 -4.034 -23.861 -1.46 -6.654 -23.892 -3.192 -1.524
5 24 -24.331 -3.077 9.679 -27.557 -5.282 6.252 -25.329 -4.943 5.186 -26.327 -1.722 13.571
5 24 -17.69 -5.186 8.177 -16.511 -3 5.017 -16.124 -3 9.055 -18.77 -6.345 3.233
5 24 -25.329 -4.943 5.186 -26.497 -3.821 1.27 -24.686 -4.134 1.955 -27.557 -5.282 6.252
5 24 -16.762 -4.317 -6.505 -22.849 -2.129 -5.144 -21.527 -.965 -8.975 -17.736 -5.253 -3.26
5 24 -16.236 -3 -2.204 -16.762 -4.317 -6.505 -15.552 -3 -9.975 -17.736 -5.253 -3.26
5 24 -26.497 -3.821 1.27 -27.557 -5.282 6.252 -29.63 -4.405 3.561 -25.329 -4.943 5.186
5 24 -30.095 -5.652 7.468 -31.997 -3.253 12.877 -29.429 -2.426 13.197 -32.824 -6.027 8.76
5 24 -16.762 -4.317 -6.505 -21.527 -.965 -8.975 -15.552 -3 -9.975 -22.849 -2.129 -5.144
5 24 -16.511 -3 5.017 -18.77 -6.345 3.233 -18.428 -5.905 .065 -17.69 -5.186 8.177
5 24 -32.824 -6.027 8.76 -34.618 -4.394 12.543 -35.071 -6.309 9.847 -31.997 -3.253 12.877
5 24 -16.124 -3 9.055 -17.69 -5.186 8.177 -16.511 -3 5.017 -15.464 -3 14
5 24 -27.557 -5.282 6.252 -26.327 -1.722 13.571 -24.331 -3.077 9.679 -29.429 -2.426 13.197
5 24 -30.095 -5.652 7.468 -29.429 -2.426 13.197 -27.557 -5.282 6.252 -31.997 -3.253 12.877
5 24 -24.331 -3.077 9.679 -26.327 -1.722 13.571 -22.898 -1.327 14 -27.557 -5.282 6.252
5 24 -26.497 -3.821 1.27 -23.892 -3.192 -1.524 -24.686 -4.134 1.955 -26.479 -2.066 -4.034