0 ~Minifig Skirt Round Roman (Formed) - Quarter
0 Name: s\75674c01s01.dat
0 Author: Magnus Forsberg [MagFors]
0 !LDRAW_ORG Subpart UPDATE 2026-07
0 !LICENSE Licensed under CC BY 4.0 : see CAreadme.txt

0 BFC CERTIFY CCW

0 !HISTORY 2026-07-30 [OrionP] Official Update 2026-07

2 24 28.35 4.121 -6.002 28.807 4.31 -2.956
2 24 27.692 3.849 -8.738 28.35 4.121 -6.002
2 24 28.807 4.31 -2.956 28.921 4.358 0
2 24 26.388 3.308 -12.59 26.908 3.524 -11.067
2 24 26.908 3.524 -11.067 27.692 3.849 -8.738
2 24 22.858 1.846 -12.295 24.992 2.73 -13.056
2 24 25.737 3.039 -13.03 26.388 3.308 -12.59
2 24 24.992 2.73 -13.056 25.737 3.039 -13.03
2 24 18.4 0 -10.698 20.084 .697 -11.299
2 24 15.586 0 -9.796 18.4 0 -10.698
2 24 15.086 0 -10.06 15.586 0 -9.796
2 24 20.084 .697 -11.299 22.858 1.846 -12.295
2 24 16.96 0 -12.76 15.078 0 -10.58
2 24 15.078 0 -10.58 15.086 0 -10.06
2 24 21.601 2.767 -17.796 20.499 2.115 -16.601
2 24 18.196 .731 -14.044 16.96 0 -12.76
2 24 20.499 2.115 -16.601 18.196 .731 -14.044
2 24 21.728 3.329 -19.268 21.872 3.074 -18.49
2 24 20.543 3.498 -20.365 21.728 3.329 -19.268
2 24 21.872 3.074 -18.49 21.601 2.767 -17.796
2 24 16.732 3.915 -23.55 18.784 3.745 -21.985
2 24 18.784 3.745 -21.985 20.543 3.498 -20.365
2 24 8.146 3.732 -27.649 10.568 3.878 -26.751
2 24 13.768 3.961 -25.263 16.732 3.915 -23.55
2 24 10.568 3.878 -26.751 13.768 3.961 -25.263
2 24 4.271 3.353 -28.687 5.835 3.507 -28.272
2 24 3.536 3.102 -28.394 4.271 3.353 -28.687
2 24 5.835 3.507 -28.272 8.146 3.732 -27.649
2 24 2.665 2.141 -26.228 3.091 2.797 -27.796
2 24 3.091 2.797 -27.796 3.536 3.102 -28.394
2 24 0 0 -18.094 .57 0 -18.359
2 24 1.292 0 -21.156 2.665 2.141 -26.228
2 24 .57 0 -18.359 1.292 0 -21.156
2 24 15.086 -.25 -10.06 15.586 -.25 -9.799
2 24 16.96 -.25 -12.76 15.078 -.25 -10.58
2 24 15.078 -.25 -10.58 15.086 -.25 -10.06
2 24 21.646 2.536 -17.881 20.545 1.884 -16.685
2 24 20.545 1.884 -16.685 18.242 .5 -14.128
2 24 18.242 .5 -14.128 16.96 -.25 -12.76
2 24 18.829 3.514 -22.069 20.589 3.267 -20.449
2 24 20.589 3.267 -20.449 21.773 3.098 -19.352
2 24 21.773 3.098 -19.352 21.917 2.843 -18.575
2 24 21.917 2.843 -18.575 21.646 2.536 -17.881
2 24 16.777 3.684 -23.634 18.829 3.514 -22.069
2 24 13.813 3.73 -25.347 16.777 3.684 -23.634
2 24 10.613 3.647 -26.836 13.813 3.73 -25.347
2 24 4.316 3.122 -28.772 5.88 3.276 -28.357
2 24 3.581 2.871 -28.479 4.316 3.122 -28.772
2 24 8.192 3.501 -27.733 10.613 3.647 -26.836
2 24 5.88 3.276 -28.357 8.192 3.501 -27.733
2 24 1.292 -.25 -21.156 2.71 1.91 -26.312
2 24 3.136 2.566 -27.88 3.581 2.871 -28.479
2 24 2.71 1.91 -26.312 3.136 2.566 -27.88
2 24 0 -.25 -18.094 .57 -.25 -18.359
2 24 .57 -.25 -18.359 1.292 -.25 -21.156
2 24 27.788 3.618 -8.738 28.446 3.89 -6.002
2 24 28.446 3.89 -6.002 28.902 4.079 -2.956
2 24 25.088 2.499 -13.056 25.832 2.808 -13.03
2 24 27.004 3.293 -11.067 27.788 3.618 -8.738
2 24 25.832 2.808 -13.03 26.484 3.077 -12.59
2 24 26.484 3.077 -12.59 27.004 3.293 -11.067
2 24 20.18 .466 -11.299 22.953 1.615 -12.295
2 24 22.953 1.615 -12.295 25.088 2.499 -13.056
2 24 28.902 4.079 -2.956 29.017 4.127 0
2 24 18.4 -.25 -10.6695 20.18 .466 -11.299
2 24 15.586 -.25 -9.799 18.4 -.25 -10.6695

4 16 28.807 4.31 -2.956 28.921 4.358 0 29.017 4.127 0 28.902 4.079 -2.956
4 16 26.908 3.524 -11.067 27.692 3.849 -8.738 27.788 3.618 -8.738 27.004 3.293 -11.067
4 16 26.388 3.308 -12.59 26.908 3.524 -11.067 27.004 3.293 -11.067 26.484 3.077 -12.59
4 16 28.35 4.121 -6.002 28.807 4.31 -2.956 28.902 4.079 -2.956 28.446 3.89 -6.002
4 16 27.692 3.849 -8.738 28.35 4.121 -6.002 28.446 3.89 -6.002 27.788 3.618 -8.738
4 16 22.858 1.846 -12.295 24.992 2.73 -13.056 25.088 2.499 -13.056 22.953 1.615 -12.295
4 16 20.084 .697 -11.299 22.858 1.846 -12.295 22.953 1.615 -12.295 20.18 .466 -11.299
4 16 25.737 3.039 -13.03 26.388 3.308 -12.59 26.484 3.077 -12.59 25.832 2.808 -13.03
4 16 24.992 2.73 -13.056 25.737 3.039 -13.03 25.832 2.808 -13.03 25.088 2.499 -13.056
4 16 15.078 0 -10.58 15.086 0 -10.06 15.086 -.25 -10.06 15.078 -.25 -10.58
4 16 16.96 0 -12.76 15.078 0 -10.58 15.078 -.25 -10.58 16.96 -.25 -12.76
3 16 15.586 0 -9.796 18.4 0 -10.698 15.586 -.25 -9.799
3 16 18.4 -.25 -10.6695 15.586 -.25 -9.799 18.4 0 -10.698
4 16 20.084 .697 -11.299 20.18 .466 -11.299 18.4 -.25 -10.6695 18.4 0 -10.698
4 16 15.086 0 -10.06 15.586 0 -9.796 15.586 -.25 -9.799 15.086 -.25 -10.06
4 16 21.601 2.767 -17.796 20.499 2.115 -16.601 20.545 1.884 -16.685 21.646 2.536 -17.881
4 16 21.872 3.074 -18.49 21.601 2.767 -17.796 21.646 2.536 -17.881 21.917 2.843 -18.575
3 16 16.96 0 -12.76 16.96 -.25 -12.76 18.196 .731 -14.044
3 16 18.242 .5 -14.128 18.196 .731 -14.044 16.96 -.25 -12.76
5 24 27.788 3.618 -8.738 27.692 3.849 -8.738 28.35 4.121 -6.002 27.004 3.293 -11.067
5 24 28.902 4.079 -2.956 28.807 4.31 -2.956 28.921 4.358 0 28.446 3.89 -6.002
5 24 28.446 3.89 -6.002 28.35 4.121 -6.002 28.807 4.31 -2.956 27.788 3.618 -8.738
5 24 26.484 3.077 -12.59 26.388 3.308 -12.59 26.908 3.524 -11.067 25.832 2.808 -13.03
5 24 25.832 2.808 -13.03 25.737 3.039 -13.03 26.388 3.308 -12.59 25.088 2.499 -13.056
5 24 27.004 3.293 -11.067 26.908 3.524 -11.067 27.692 3.849 -8.738 26.484 3.077 -12.59
5 24 22.953 1.615 -12.295 22.858 1.846 -12.295 24.992 2.73 -13.056 20.18 .466 -11.299
5 24 25.088 2.499 -13.056 24.992 2.73 -13.056 25.737 3.039 -13.03 22.953 1.615 -12.295
5 24 15.086 -.25 -10.06 15.086 0 -10.06 15.586 0 -9.796 15.078 -.25 -10.58
5 24 16.96 -.25 -12.76 16.96 0 -12.76 15.078 0 -10.58 18.242 .5 -14.128
5 24 18.242 .5 -14.128 18.196 .731 -14.044 16.96 0 -12.76 20.545 1.884 -16.685
5 24 15.078 -.25 -10.58 15.078 0 -10.58 15.086 0 -10.06 16.96 -.25 -12.76
5 24 21.646 2.536 -17.881 21.601 2.767 -17.796 20.499 2.115 -16.601 21.917 2.843 -18.575
5 24 20.545 1.884 -16.685 20.499 2.115 -16.601 18.196 .731 -14.044 21.646 2.536 -17.881
5 24 20.589 3.267 -20.449 20.543 3.498 -20.365 21.728 3.329 -19.268 18.829 3.514 -22.069
5 24 21.917 2.843 -18.575 21.872 3.074 -18.49 21.601 2.767 -17.796 21.773 3.098 -19.352
5 24 21.773 3.098 -19.352 21.728 3.329 -19.268 21.872 3.074 -18.49 20.589 3.267 -20.449
5 24 16.777 3.684 -23.634 16.732 3.915 -23.55 18.784 3.745 -21.985 13.813 3.73 -25.347
5 24 13.813 3.73 -25.347 13.768 3.961 -25.263 16.732 3.915 -23.55 10.613 3.647 -26.836
5 24 18.829 3.514 -22.069 18.784 3.745 -21.985 20.543 3.498 -20.365 16.777 3.684 -23.634
5 24 8.192 3.501 -27.733 8.146 3.732 -27.649 10.568 3.878 -26.751 5.88 3.276 -28.357
5 24 10.613 3.647 -26.836 10.568 3.878 -26.751 13.768 3.961 -25.263 8.192 3.501 -27.733
5 24 3.581 2.871 -28.479 3.536 3.102 -28.394 4.271 3.353 -28.687 3.136 2.566 -27.88
5 24 5.88 3.276 -28.357 5.835 3.507 -28.272 8.146 3.732 -27.649 4.316 3.122 -28.772
5 24 4.316 3.122 -28.772 4.271 3.353 -28.687 5.835 3.507 -28.272 3.581 2.871 -28.479
5 24 2.71 1.91 -26.312 2.665 2.141 -26.228 3.091 2.797 -27.796 1.292 -.25 -21.156
5 24 1.292 -.25 -21.156 1.292 0 -21.156 2.665 2.141 -26.228 .57 -.25 -18.359
5 24 3.136 2.566 -27.88 3.091 2.797 -27.796 3.536 3.102 -28.394 2.71 1.91 -26.312
5 24 .57 -.25 -18.359 .57 0 -18.359 1.292 0 -21.156 0 -.25 -18.094
5 24 16.96 -.25 -12.76 18.196 .731 -14.044 16.96 0 -12.76 18.242 .5 -14.128
5 24 18.4 0 -10.698 15.586 -.25 -9.799 15.586 0 -9.796 18.4 -.25 -10.6695
5 24 2.71 1.91 -26.312 1.292 0 -21.156 2.665 2.141 -26.228 1.292 -.25 -21.156
4 16 20.499 2.115 -16.601 18.196 .731 -14.044 18.242 .5 -14.128 20.545 1.884 -16.685
4 16 18.784 3.745 -21.985 20.543 3.498 -20.365 20.589 3.267 -20.449 18.829 3.514 -22.069
4 16 16.732 3.915 -23.55 18.784 3.745 -21.985 18.829 3.514 -22.069 16.777 3.684 -23.634
4 16 21.728 3.329 -19.268 21.872 3.074 -18.49 21.917 2.843 -18.575 21.773 3.098 -19.352
4 16 20.543 3.498 -20.365 21.728 3.329 -19.268 21.773 3.098 -19.352 20.589 3.267 -20.449
4 16 8.146 3.732 -27.649 10.568 3.878 -26.751 10.613 3.647 -26.836 8.192 3.501 -27.733
4 16 5.835 3.507 -28.272 8.146 3.732 -27.649 8.192 3.501 -27.733 5.88 3.276 -28.357
4 16 13.768 3.961 -25.263 16.732 3.915 -23.55 16.777 3.684 -23.634 13.813 3.73 -25.347
4 16 10.568 3.878 -26.751 13.768 3.961 -25.263 13.813 3.73 -25.347 10.613 3.647 -26.836
4 16 3.091 2.797 -27.796 3.536 3.102 -28.394 3.581 2.871 -28.479 3.136 2.566 -27.88
4 16 2.665 2.141 -26.228 3.091 2.797 -27.796 3.136 2.566 -27.88 2.71 1.91 -26.312
4 16 4.271 3.353 -28.687 5.835 3.507 -28.272 5.88 3.276 -28.357 4.316 3.122 -28.772
4 16 3.536 3.102 -28.394 4.271 3.353 -28.687 4.316 3.122 -28.772 3.581 2.871 -28.479
4 16 0 0 -18.094 .57 0 -18.359 .57 -.25 -18.359 0 -.25 -18.094
3 16 2.665 2.141 -26.228 2.71 1.91 -26.312 1.292 0 -21.156
3 16 1.292 -.25 -21.156 1.292 0 -21.156 2.71 1.91 -26.312
4 16 .57 0 -18.359 1.292 0 -21.156 1.292 -.25 -21.156 .57 -.25 -18.359
4 16 18.4 -.25 0 17.1 -.25 0 17.1 -.25 -7.1 18.4 -.25 -10.6695
3 16 17.1 -.25 -7.1 15.586 -.25 -9.799 18.4 -.25 -10.6695
4 16 15.086 -.25 -10.06 15.586 -.25 -9.799 17.1 -.25 -7.1 10 -.25 -7.1
4 16 15.078 -.25 -10.58 15.086 -.25 -10.06 0 -.25 -18.094 .57 -.25 -18.359
4 16 1.292 -.25 -21.156 16.96 -.25 -12.76 15.078 -.25 -10.58 .57 -.25 -18.359
4 16 18.242 .5 -14.128 16.96 -.25 -12.76 1.292 -.25 -21.156 2.71 1.91 -26.312
4 16 5.88 3.276 -28.357 20.545 1.884 -16.685 18.242 .5 -14.128 2.71 1.91 -26.312
3 16 21.773 3.098 -19.352 21.917 2.843 -18.575 21.646 2.536 -17.881
4 16 20.589 3.267 -20.449 21.773 3.098 -19.352 21.646 2.536 -17.881 20.545 1.884 -16.685
4 16 16.777 3.684 -23.634 18.829 3.514 -22.069 20.589 3.267 -20.449 13.813 3.73 -25.347
4 16 8.192 3.501 -27.733 10.613 3.647 -26.836 13.813 3.73 -25.347 5.88 3.276 -28.357
3 16 4.316 3.122 -28.772 3.136 2.566 -27.88 3.581 2.871 -28.479
4 16 5.88 3.276 -28.357 2.71 1.91 -26.312 3.136 2.566 -27.88 4.316 3.122 -28.772
4 16 20.545 1.884 -16.685 5.88 3.276 -28.357 13.813 3.73 -25.347 20.589 3.267 -20.449
4 16 0 -.25 -18.094 15.086 -.25 -10.06 10 -.25 -7.1 2.9 -.25 -7.1

4 16 28.35 4.121 -6.002 18.4 0 0 28.921 4.358 0 28.807 4.31 -2.956
4 16 26.908 3.524 -11.067 18.4 0 0 28.35 4.121 -6.002 27.692 3.849 -8.738
4 16 25.737 3.039 -13.03 18.4 0 0 26.908 3.524 -11.067 26.388 3.308 -12.59
4 16 18.4 0 0 25.737 3.039 -13.03 22.858 1.846 -12.295 20.084 .697 -11.299
3 16 22.858 1.846 -12.295 25.737 3.039 -13.03 24.992 2.73 -13.056
3 16 18.4 0 -10.698 18.4 0 0 20.084 .697 -11.299
4 16 17.1 0 -7.1 17.1 0 0 18.4 0 0 18.4 0 -10.698
3 16 15.586 0 -9.796 17.1 0 -7.1 18.4 0 -10.698
4 16 17.1 0 -7.1 15.586 0 -9.796 15.086 0 -10.06 10 0 -7.1
4 16 0 0 -18.094 15.086 0 -10.06 15.078 0 -10.58 .57 0 -18.359
4 16 15.078 0 -10.58 16.96 0 -12.76 1.292 0 -21.156 .57 0 -18.359
4 16 1.292 0 -21.156 16.96 0 -12.76 18.196 .731 -14.044 2.665 2.141 -26.228
4 16 18.196 .731 -14.044 20.499 2.115 -16.601 5.835 3.507 -28.272 2.665 2.141 -26.228
3 16 21.601 2.767 -17.796 21.872 3.074 -18.49 21.728 3.329 -19.268
4 16 21.601 2.767 -17.796 21.728 3.329 -19.268 20.543 3.498 -20.365 20.499 2.115 -16.601
4 16 20.543 3.498 -20.365 18.784 3.745 -21.985 16.732 3.915 -23.55 13.768 3.961 -25.263
4 16 13.768 3.961 -25.263 10.568 3.878 -26.751 8.146 3.732 -27.649 5.835 3.507 -28.272
3 16 3.536 3.102 -28.394 3.091 2.797 -27.796 4.271 3.353 -28.687
4 16 3.091 2.797 -27.796 2.665 2.141 -26.228 5.835 3.507 -28.272 4.271 3.353 -28.687
4 16 13.768 3.961 -25.263 5.835 3.507 -28.272 20.499 2.115 -16.601 20.543 3.498 -20.365
4 16 10 0 -7.1 15.086 0 -10.06 0 0 -18.094 2.9 0 -7.1

5 24 21.728 3.329 -19.268 21.601 2.767 -17.796 20.543 3.498 -20.365 21.872 3.074 -18.49
5 24 18.4 0 0 18.4 0 -10.698 20.084 .697 -11.299 17.1 0 -7.1
5 24 15.586 -.25 -9.799 15.586 0 -9.796 18.4 0 -10.698 15.086 -.25 -10.06
5 24 21.646 2.536 -17.881 21.773 3.098 -19.352 21.917 2.843 -18.575 20.545 1.884 -16.685
5 24 18.196 .731 -14.044 2.665 2.141 -26.228 1.292 0 -21.156 20.499 2.115 -16.601
5 24 16.96 0 -12.76 1.292 0 -21.156 .57 0 -18.359 18.196 .731 -14.044
5 24 4.316 3.122 -28.772 3.136 2.566 -27.88 3.581 2.871 -28.479 5.88 3.276 -28.357
5 24 18.4 -.25 -10.6695 18.4 -.25 0 17.1 -.25 -7.1 20.18 .466 -11.299
5 24 1.292 -.25 -21.156 16.96 -.25 -12.76 2.71 1.91 -26.312 15.078 -.25 -10.58
5 24 20.18 .466 -11.299 20.084 .697 -11.299 22.858 1.846 -12.295 18.4 -.25 -10.6695

3 16 29.017 4.127 0 28.446 3.89 -6.002 28.902 4.079 -2.956
4 16 18.4 -.25 -10.6695 20.18 .466 -11.299 29.017 4.127 0 18.4 -.25 0
4 16 27.788 3.618 -8.738 28.446 3.89 -6.002 29.017 4.127 0 27.004 3.293 -11.067
4 16 29.017 4.127 0 25.832 2.808 -13.03 26.484 3.077 -12.59 27.004 3.293 -11.067
4 16 29.017 4.127 0 22.953 1.615 -12.295 25.088 2.499 -13.056 25.832 2.808 -13.03
3 16 20.18 .466 -11.299 22.953 1.615 -12.295 29.017 4.127 0