0 ~Dish  4 x  3 Elliptic Quarter
0 Name: s\7688s01.dat
0 Author: Philippe Hurbain [Philo]
0 !LDRAW_ORG Subpart UPDATE 2026-07
0 !LICENSE Licensed under CC BY 4.0 : see CAreadme.txt

0 BFC CERTIFY CCW

0 !HISTORY 2026-07-30 [OrionP] Official Update 2026-07

1 16 10 0 10 1 0 0 0 1 0 0 0 1 stud2a.dat
1 16 10 0 10 6 0 0 0 1 0 0 0 6 4-4edge.dat
1 16 10 .5 10 4 0 0 0 1 0 0 0 4 4-4edge.dat
0 BFC INVERTNEXT
1 16 10 .5 10 4 0 0 0 -.5 0 0 0 4 4-4cyli.dat
0 BFC INVERTNEXT
1 16 10 3.7 10 3 0 0 0 -3.2 0 0 0 3 4-4cylc.dat
1 16 10 .5 10 1 0 0 0 1 0 0 0 1 4-4ring3.dat
1 16 10 0 10 .6 0 0 0 1 0 0 0 .6 4-4ring10.dat
1 16 0 0 0 15.6 0 0 0 4.7 0 0 0 15.6 48\1-24cylo.dat
0 BFC INVERTNEXT
1 16 0 0 0 13.1 0 0 0 5.16568 0 0 0 13.1 48\1-24cylo.dat
1 16 0 0 0 13.1 0 0 0 1 0 0 0 13.1 48\1-24tndis.dat
1 16 0 0 0 15.6 0 0 0 1 0 0 0 15.6 48\1-24chrd.dat
4 16 0 0 15.6 0 0 13.1 3.3903 0 13.1 4.0373 0 15.068
2 24 4.0373 0 15.068 5.3331 0 14.6669
2 24 3.3903 0 12.6533 3.9023 0 12.5258
1 16 0 0 0 0 0 15.6 0 4.2 0 15.6 0 0 48\1-24cylo.dat
0 BFC INVERTNEXT
1 16 0 0 0 0 0 13.1 0 4.6 0 13.1 0 0 48\1-24cylo.dat
1 16 0 4.6 0 0 0 13.1 0 1 0 13.1 0 0 48\1-24chrd.dat
1 16 0 0 0 0 0 13.1 0 1 0 13.1 0 0 48\1-24tndis.dat
1 16 0 0 0 0 0 15.6 0 1 0 15.6 0 0 48\1-24chrd.dat
1 16 10 0 10 -6.0976 0 -2.52571 0 1 0 2.52571 0 -6.0976 3-8edge.dat
1 16 10 5.1657 10 -6.0976 0 2.52571 0 1 0 -2.52571 0 -6.0976 1-4edge.dat
1 16 10 0 10 -6.0976 0 -2.52571 0 4.6 0 2.52571 0 -6.0976 3-8cyli.dat
1 16 10 4.6 10 2.52571 0 -6.0976 0 .8 0 6.0976 0 2.52571 1-8cyls2.dat
1 16 10 4.6 10 -6.0976 0 -2.52571 0 1 .8 2.52571 0 -6.0976 1-8edge.dat
1 16 10 5.1657 10 -6.0976 0 2.52571 0 -.5657 0 -2.52571 0 -6.0976 1-4cyli.dat
1 16 10 5.1657 10 -6.0976 0 2.52571 0 1 0 -2.52571 0 -6.0976 1-4ndis.dat
1 16 10 4.6 10 -6.0976 0 -2.52571 0 1 .8 2.52571 0 -6.0976 1-8tndis.dat
3 16 7.699 3.501 18.728 14.4276 1.494 24.8952 7.3661 1.494 26.5006
4 16 7.3661 1.494 26.5006 0 1.494 27.044 0 3.712 18.498 7.699 3.501 18.728
3 16 13.23 3.333 17.814 14.4276 1.494 24.8952 7.699 3.501 18.728
3 16 18.838 3.272 15.077 26.5043 1.494 18.8528 20.8943 1.494 22.305
3 16 21.115 3.575 10.734 31.0472 1.494 14.7081 26.5043 1.494 18.8528
3 16 26.5043 1.494 18.8528 18.838 3.272 15.077 21.115 3.575 10.734
5 24 26.5043 1.494 18.8528 21.115 3.575 10.734 18.838 3.272 15.077 31.0472 1.494 14.7081
3 16 21.115 3.575 10.734 22.517 3.759 6.468 34.3643 1.494 10.0594
3 16 34.3643 1.494 10.0594 31.0472 1.494 14.7081 21.115 3.575 10.734
3 16 20.8943 1.494 22.305 13.23 3.333 17.814 18.838 3.272 15.077
3 16 22.517 3.759 6.468 23.956 3.764 0 36.3734 1.494 5.1005
3 16 23.956 3.764 0 37.044 1.494 0 36.3734 1.494 5.1005
4 16 13.1 0 3.3903 13.1 0 0 15.6 0 0 15.068 0 4.0373
2 24 14.6669 0 5.3331 15.068 0 4.0373
2 24 12.5258 0 3.9023 12.6533 0 3.3903
2 24 12.5257 5.1657 3.9024 12.6533 5.1657 3.3903
2 24 12.5257 0 3.9025 12.5257 5.1657 3.9024
4 16 12.6533 0 3.3903 12.5257 0 3.9025 12.5257 5.1657 3.9024 12.6533 5.1657 3.3903
1 16 0 5.1657 0 13.1 0 0 0 1 0 0 0 13.1 48\1-24chrd.dat
4 16 13.1 5.1657 0 12.6533 5.1657 3.3903 12.5257 5.1657 3.9024 6.4281 5.1657 1.3767
1 16 10 0 10 2.52571 0 6.0976 0 1 0 -6.0976 0 2.52571 1-16tang.dat
4 16 12.5257 0 3.9025 12.6533 0 3.3903 13.1 0 3.3903 13.7385 0 4.4048
4 16 14.6669 0 5.3331 13.7385 0 4.4048 13.1 0 3.3903 15.068 0 4.0373
1 16 10 0 10 -6.0976 0 2.52571 0 1 0 2.52571 0 6.0976 1-16tang.dat
4 16 3.3903 0 13.1 3.3903 0 12.6533 3.9025 0 12.5257 4.4048 0 13.7385
4 16 3.3903 0 13.1 4.4048 0 13.7385 5.3331 0 14.6669 4.0373 0 15.068
2 24 3.3903 4.6 12.6533 3.9024 4.6 12.5257
2 24 3.9024 4.6 12.5257 3.9023 0 12.5258
4 16 3.3903 0 12.6533 3.3903 4.6 12.6533 3.9024 4.6 12.5257 3.9023 0 12.5258
3 16 3.3903 4.6 12.6533 0 4.6 13.1 3.9024 4.6 12.5257
3 16 3.9024 4.6 12.5257 0 4.6 13.1 2.1165 5.1657 8.2141
1 16 10 0 10 4.6669 0 4.6669 0 1 0 -4.6669 0 4.6669 2-4edge.dat
1 16 10 0 10 4.6669 0 4.6669 0 3.7 0 -4.6669 0 4.6669 2-4cyli.dat
1 16 10 3.7 10 4.6669 0 4.6669 0 1 0 4.6669 0 -4.6669 1-4cyls.dat
1 16 10 4.7 10 4.6669 0 4.6669 -1 1 0 4.6669 0 -4.6669 1-4edge.dat
1 16 10 4.7 10 4.6669 0 4.6669 -1 1 0 4.6669 0 -4.6669 1-4tang.dat
1 16 10 3.7 10 6.6 0 0 0 .7 0 0 0 6.6 1-8cyls2.dat
1 16 10 3.7 10 0 0 -6.6 0 1 .7 6.6 0 0 1-8edge.dat
1 16 10 3.7 10 0 0 -6.6 0 1 .7 6.6 0 0 1-8tang.dat
1 16 10 3.7 10 4.6669 0 -4.6669 0 1 0 4.6669 0 4.6669 1-8edge.dat
1 16 10 3.7 10 4.6669 0 -4.6669 0 1 0 4.6669 0 4.6669 1-8tang.dat
4 16 14.6669 4.7 5.3331 14.6669 0 5.3331 15.068 0 4.0373 15.068 4.7 4.0373
2 24 14.6669 4.7 5.3331 15.068 4.7 4.0373
2 24 14.6669 4.7 5.3331 14.6669 0 5.3331
2 24 4.0373 4.2 15.068 5.3331 4.195 14.6669
2 24 5.3331 4.195 14.6669 5.333 0 14.6671
4 16 4.0373 0 15.068 5.333 0 14.6671 5.3331 4.195 14.6669 4.0373 4.2 15.068
4 16 0 0 27.79 0 1.494 27.044 7.3661 1.494 26.5006 7.4766 0 27.2384
4 16 0 .072 28.83 0 0 27.79 7.4766 0 27.2384 7.6307 .072 28.2669
4 16 0 3.596 28.527 0 3.129 29.603 7.7452 3.129 29.0314 7.5858 3.596 27.9673
4 16 0 3.129 29.603 0 2.147 30 7.804 2.147 29.424 7.7452 3.129 29.0314
4 16 0 2.147 30 0 1.372 30 7.804 1.372 29.424 7.804 2.147 29.424
4 16 0 1.372 30 0 .427 29.545 7.7366 .427 28.974 7.804 1.372 29.424
4 16 0 .427 29.545 0 .072 28.83 7.6307 .072 28.2669 7.7366 .427 28.974
4 16 7.4766 0 27.2384 7.3661 1.494 26.5006 14.4276 1.494 24.8952 14.6498 0 25.6073
4 16 7.6307 .072 28.2669 7.4766 0 27.2384 14.6498 0 25.6073 14.9595 .072 26.6001
4 16 7.5858 3.596 27.9673 7.7452 3.129 29.0314 15.1898 3.129 27.338 14.8693 3.596 26.3109
4 16 7.7452 3.129 29.0314 7.804 2.147 29.424 15.308 2.147 27.717 15.1898 3.129 27.338
4 16 7.804 2.147 29.424 7.804 1.372 29.424 15.308 1.372 27.717 15.308 2.147 27.717
4 16 7.804 1.372 29.424 7.7366 .427 28.974 15.1725 .427 27.2827 15.308 1.372 27.717
4 16 7.7366 .427 28.974 7.6307 .072 28.2669 14.9595 .072 26.6001 15.1725 .427 27.2827
4 16 14.6498 0 25.6073 14.4276 1.494 24.8952 20.8943 1.494 22.305 21.2298 0 22.9712
4 16 14.9595 .072 26.6001 14.6498 0 25.6073 21.2298 0 22.9712 21.6977 .072 23.9001
4 16 14.8693 3.596 26.3109 15.1898 3.129 27.338 22.0454 3.129 24.5904 21.5614 3.596 23.6295
4 16 15.1898 3.129 27.338 15.308 2.147 27.717 22.224 2.147 24.945 22.0454 3.129 24.5904
4 16 15.308 2.147 27.717 15.308 1.372 27.717 22.224 1.372 24.945 22.224 2.147 24.945
4 16 15.308 1.372 27.717 15.1725 .427 27.2827 22.0193 .427 24.5386 22.224 1.372 24.945
4 16 15.1725 .427 27.2827 14.9595 .072 26.6001 21.6977 .072 23.9001 22.0193 .427 24.5386
4 16 21.2298 0 22.9712 20.8943 1.494 22.305 26.5043 1.494 18.8528 26.9535 0 19.4484
4 16 21.6977 .072 23.9001 21.2298 0 22.9712 26.9535 0 19.4484 27.5796 .072 20.2788
4 16 21.5614 3.596 23.6295 22.0454 3.129 24.5904 28.045 3.129 20.896 27.3972 3.596 20.0369
4 16 22.0454 3.129 24.5904 22.224 2.147 24.945 28.284 2.147 21.213 28.045 3.129 20.896
4 16 22.224 2.147 24.945 22.224 1.372 24.945 28.284 1.372 21.213 28.284 2.147 21.213
4 16 22.224 1.372 24.945 22.0193 .427 24.5386 28.0101 .427 20.8497 28.284 1.372 21.213
4 16 22.0193 .427 24.5386 21.6977 .072 23.9001 27.5796 .072 20.2788 28.0101 .427 20.8497
4 16 26.9535 0 19.4484 26.5043 1.494 18.8528 31.0472 1.494 14.7081 31.6056 0 15.2027
4 16 27.5796 .072 20.2788 26.9535 0 19.4484 31.6056 0 15.2027 32.3842 .072 15.8923
4 16 27.3972 3.596 20.0369 28.045 3.129 20.896 32.9628 3.129 16.4048 32.1573 3.596 15.6914
4 16 28.045 3.129 20.896 28.284 2.147 21.213 33.26 2.147 16.668 32.9628 3.129 16.4048
4 16 28.284 2.147 21.213 28.284 1.372 21.213 33.26 1.372 16.668 33.26 2.147 16.668
4 16 28.284 1.372 21.213 28.0101 .427 20.8497 32.9194 .427 16.3663 33.26 1.372 16.668
4 16 28.0101 .427 20.8497 27.5796 .072 20.2788 32.3842 .072 15.8923 32.9194 .427 16.3663
4 16 31.6056 0 15.2027 31.0472 1.494 14.7081 34.3643 1.494 10.0594 35.0184 0 10.4182
4 16 32.3842 .072 15.8923 31.6056 0 15.2027 35.0184 0 10.4182 35.9302 .072 10.9183
4 16 32.1573 3.596 15.6914 32.9628 3.129 16.4048 36.6079 3.129 11.2901 35.6645 3.596 10.7726
4 16 32.9628 3.129 16.4048 33.26 2.147 16.668 36.956 2.147 11.481 36.6079 3.129 11.2901
4 16 33.26 2.147 16.668 33.26 1.372 16.668 36.956 1.372 11.481 36.956 2.147 11.481
4 16 33.26 1.372 16.668 32.9194 .427 16.3663 36.5571 .427 11.2622 36.956 1.372 11.481
4 16 32.9194 .427 16.3663 32.3842 .072 15.8923 35.9302 .072 10.9183 36.5571 .427 11.2622
4 16 35.0184 0 10.4182 34.3643 1.494 10.0594 36.3734 1.494 5.1005 37.0948 0 5.2904
4 16 35.9302 .072 10.9183 35.0184 0 10.4182 37.0948 0 5.2904 38.1005 .072 5.5552
4 16 35.6645 3.596 10.7726 36.6079 3.129 11.2901 38.8481 3.129 5.7519 37.8075 3.596 5.478
4 16 36.6079 3.129 11.2901 36.956 2.147 11.481 39.232 2.147 5.853 38.8481 3.129 5.7519
4 16 36.956 2.147 11.481 36.956 1.372 11.481 39.232 1.372 5.853 39.232 2.147 5.853
4 16 36.956 1.372 11.481 36.5571 .427 11.2622 38.792 .427 5.7372 39.232 1.372 5.853
4 16 36.5571 .427 11.2622 35.9302 .072 10.9183 38.1005 .072 5.5552 38.792 .427 5.7372
4 16 37.0948 0 5.2904 36.3734 1.494 5.1005 37.044 1.494 0 37.79 0 0
4 16 38.1005 .072 5.5552 37.0948 0 5.2904 37.79 0 0 38.83 .072 0
4 16 37.8075 3.596 5.478 38.8481 3.129 5.7519 39.603 3.129 0 38.527 3.596 0
4 16 38.8481 3.129 5.7519 39.232 2.147 5.853 40 2.147 0 39.603 3.129 0
4 16 39.232 2.147 5.853 39.232 1.372 5.853 40 1.372 0 40 2.147 0
4 16 39.232 1.372 5.853 38.792 .427 5.7372 39.545 .427 0 40 1.372 0
4 16 38.792 .427 5.7372 38.1005 .072 5.5552 38.83 .072 0 39.545 .427 0
3 16 20.8943 1.494 22.305 14.4276 1.494 24.8952 13.23 3.333 17.814
3 16 36.3734 1.494 5.1005 34.3643 1.494 10.0594 22.517 3.759 6.468
2 24 0 1.494 27.044 7.3661 1.494 26.5006
2 24 7.3661 1.494 26.5006 14.4276 1.494 24.8952
2 24 20.8943 1.494 22.305 14.4276 1.494 24.8952
2 24 36.3734 1.494 5.1005 37.044 1.494 0
2 24 36.3734 1.494 5.1005 34.3643 1.494 10.0594
2 24 34.3643 1.494 10.0594 31.0472 1.494 14.7081
2 24 31.0472 1.494 14.7081 26.5043 1.494 18.8528
2 24 26.5043 1.494 18.8528 20.8943 1.494 22.305
2 24 37.79 0 0 37.0948 0 5.2904
2 24 37.0948 0 5.2904 35.0184 0 10.4182
2 24 35.0184 0 10.4182 31.6056 0 15.2027
2 24 31.6056 0 15.2027 26.9535 0 19.4484
2 24 26.9535 0 19.4484 21.2298 0 22.9712
2 24 21.2298 0 22.9712 14.6498 0 25.6073
2 24 14.6498 0 25.6073 7.4766 0 27.2384
2 24 7.4766 0 27.2384 0 0 27.79
1 16 0 4.7 0 15.6 0 0 0 1 0 0 0 15.6 48\1-24tndis.dat
3 16 14.6669 4.7 5.3331 15.068 4.7 4.0373 15.6 4.7 4.0373
3 16 14.6669 4.7 5.3331 15.6 4.7 4.0373 22.517 3.759 6.468
3 16 15.6 4.7 0 23.956 3.764 0 15.6 4.7 4.0373
3 16 15.6 4.7 4.0373 23.956 3.764 0 22.517 3.759 6.468
3 16 22.517 3.759 6.468 15.5952 4.5011 6.2613 14.6669 4.7 5.3331
3 16 15.5952 4.5011 6.2613 22.517 3.759 6.468 21.115 3.575 10.734
3 16 21.115 3.575 10.734 16.0978 4.3173 7.4743 15.5952 4.5011 6.2613
3 16 21.115 3.575 10.734 16.6004 4.1335 8.6872 16.0978 4.3173 7.4743
3 16 16.6004 4.1335 8.6872 21.115 3.575 10.734 16.5999 3.9929 10
4 16 18.838 3.272 15.077 16.6004 3.8522 11.3128 16.5999 3.9929 10 21.115 3.575 10.734
3 16 16.6004 3.8522 11.3128 18.838 3.272 15.077 16.0978 3.7761 12.5257
3 16 16.0978 3.7761 12.5257 18.838 3.272 15.077 15.5952 3.7 13.7387
3 16 15.5952 3.7 13.7387 18.838 3.272 15.077 14.6669 3.7 14.6669
3 16 14.6669 3.7 14.6669 18.838 3.272 15.077 13.7387 3.7 15.5952
3 16 13.7387 3.7 15.5952 18.838 3.272 15.077 13.23 3.333 17.814
3 16 13.7387 3.7 15.5952 13.23 3.333 17.814 12.5257 3.7 16.0978
3 16 12.5257 3.7 16.0978 13.23 3.333 17.814 11.3128 3.7 16.6004
3 16 7.699 3.501 18.728 10 3.7 16.5999 11.3128 3.7 16.6004
3 16 11.3128 3.7 16.6004 13.23 3.333 17.814 7.699 3.501 18.728
3 16 10 3.7 16.5999 7.699 3.501 18.728 8.6873 3.8392 16.6
1 16 0 4.2 0 0 0 15.6 0 1 0 15.6 0 0 48\1-24tndis.dat
3 16 4.0373 4.2 15.6 4.0373 4.2 15.068 5.3331 4.195 14.6669
3 16 5.3331 4.195 14.6669 6.2611 4.0966 15.5955 4.0373 4.2 15.6
3 16 0 3.712 18.498 0 4.2 15.6 4.0373 4.2 15.6
3 16 4.0373 4.2 15.6 7.699 3.501 18.728 0 3.712 18.498
3 16 7.4742 3.9679 16.0977 7.699 3.501 18.728 4.0373 4.2 15.6
3 16 4.0373 4.2 15.6 6.2611 4.0966 15.5955 7.4742 3.9679 16.0977
3 16 7.4742 3.9679 16.0977 8.6873 3.8392 16.6 7.699 3.501 18.728
3 16 32.1573 3.596 15.6914 35.6645 3.596 10.7726 19.5716 6.3 8.375
3 16 35.6645 3.596 10.7726 37.8075 3.596 5.478 21.8293 6.3 4.3349
3 16 21.8293 6.3 4.3349 19.5716 6.3 8.375 35.6645 3.596 10.7726
4 16 38.527 3.596 0 22.6 6.3 0 21.8293 6.3 4.3349 37.8075 3.596 5.478
4 16 32.1573 3.596 15.6914 19.5716 6.3 8.375 14.8697 6.3 12.5667 27.3972 3.596 20.0369
3 16 14.8697 6.3 12.5667 21.5614 3.596 23.6295 27.3972 3.596 20.0369
3 16 8.649 6.3 15.4753 14.8693 3.596 26.3109 21.5614 3.596 23.6295
3 16 21.5614 3.596 23.6295 14.8697 6.3 12.5667 8.649 6.3 15.4753
5 24 21.5614 3.596 23.6295 8.649 6.3 15.4753 14.8697 6.3 12.5667 14.8693 3.596 26.3109
3 16 8.649 6.3 15.4753 0 6.307 16.755 7.5858 3.596 27.9673
3 16 0 6.307 16.755 0 3.596 28.527 7.5858 3.596 27.9673
3 16 7.5858 3.596 27.9673 14.8693 3.596 26.3109 8.649 6.3 15.4753
3 16 0 8 0 0 6.307 16.755 8.649 6.3 15.4753
3 16 14.8697 6.3 12.5667 10.308 7.5 0 0 8 0
3 16 0 8 0 8.649 6.3 15.4753 14.8697 6.3 12.5667
3 16 10.308 7.5 0 14.8697 6.3 12.5667 19.5716 6.3 8.375
3 16 10.308 7.5 0 19.5716 6.3 8.375 21.8293 6.3 4.3349
3 16 10.308 7.5 0 21.8293 6.3 4.3349 22.6 6.3 0
5 24 31.6056 0 15.2027 32.3842 .072 15.8923 35.0184 0 10.4182 27.5796 .072 20.2788
5 24 7.804 2.147 29.424 15.308 2.147 27.717 7.804 1.372 29.424 15.1898 3.129 27.338
5 24 28.045 3.129 20.896 32.9628 3.129 16.4048 28.284 2.147 21.213 32.1573 3.596 15.6914
5 24 27.5796 .072 20.2788 28.0101 .427 20.8497 32.3842 .072 15.8923 22.0193 .427 24.5386
5 24 15.6 4.7 4.0373 14.6669 4.7 5.3331 22.517 3.759 6.468 15.068 4.7 4.0373
5 24 36.956 2.147 11.481 39.232 2.147 5.853 36.956 1.372 11.481 38.8481 3.129 5.7519
5 24 39.232 1.372 5.853 40 1.372 0 38.792 .427 5.7372 40 2.147 0
5 24 14.4276 1.494 24.8952 14.6498 0 25.6073 20.8943 1.494 22.305 7.4766 0 27.2384
5 24 37.0948 0 5.2904 38.1005 .072 5.5552 37.79 0 0 35.9302 .072 10.9183
5 24 36.956 2.147 11.481 36.6079 3.129 11.2901 39.232 2.147 5.853 32.9628 3.129 16.4048
5 24 21.115 3.575 10.734 18.838 3.272 15.077 16.6004 3.8522 11.3128 31.0472 1.494 14.7081
5 24 15.1898 3.129 27.338 14.8693 3.596 26.3109 22.0454 3.129 24.5904 7.5858 3.596 27.9673
5 24 7.699 3.501 18.728 14.4276 1.494 24.8952 7.3661 1.494 26.5006 13.23 3.333 17.814
5 24 0 6.307 16.755 7.5858 3.596 27.9673 0 3.596 28.527 8.649 6.3 15.4753
5 24 14.8697 6.3 12.5667 19.5716 6.3 8.375 27.3972 3.596 20.0369 10.308 7.5 0
5 24 32.9194 .427 16.3663 36.5571 .427 11.2622 32.3842 .072 15.8923 36.956 1.372 11.481
5 24 38.527 3.596 0 37.8075 3.596 5.478 22.6 6.3 0 38.8481 3.129 5.7519
5 24 18.838 3.272 15.077 26.5043 1.494 18.8528 21.115 3.575 10.734 20.8943 1.494 22.305
5 24 22.224 2.147 24.945 28.284 2.147 21.213 22.224 1.372 24.945 28.045 3.129 20.896
5 24 21.8293 6.3 4.3349 19.5716 6.3 8.375 10.308 7.5 0 35.6645 3.596 10.7726
5 24 0 3.596 28.527 7.5858 3.596 27.9673 0 3.129 29.603 0 6.307 16.755
5 24 7.7366 .427 28.974 15.1725 .427 27.2827 7.6307 .072 28.2669 15.308 1.372 27.717
5 24 14.6669 3.7 14.6669 15.5951 3.7 13.7387 16.0978 3.7761 12.5257 18.838 3.272 15.077
5 24 18.838 3.272 15.077 13.23 3.333 17.814 20.8943 1.494 22.305 13.7387 3.7 15.5952
5 24 21.2298 0 22.9712 21.6977 .072 23.9001 14.9595 .072 26.6001 26.9535 0 19.4484
5 24 38.83 .072 0 38.1005 .072 5.5552 37.0948 0 5.2904 39.545 .427 0
5 24 21.6977 .072 23.9001 14.9595 .072 26.6001 22.0193 .427 24.5386 14.6498 0 25.6073
5 24 20.8943 1.494 22.305 21.2298 0 22.9712 14.6498 0 25.6073 26.5043 1.494 18.8528
5 24 4.0373 4.2 15.6 7.4742 3.9679 16.0977 7.699 3.501 18.728 6.2611 4.0966 15.5955
5 24 0 .427 29.545 7.7366 .427 28.974 0 .072 28.83 7.804 1.372 29.424
5 24 22.517 3.759 6.468 15.5951 4.5011 6.2613 14.6669 4.7 5.3331 21.115 3.575 10.734
5 24 15.1725 .427 27.2827 22.0193 .427 24.5386 22.224 1.372 24.945 14.9595 .072 26.6001
5 24 7.4766 0 27.2384 7.6307 .072 28.2669 0 .072 28.83 14.6498 0 25.6073
5 24 0 4.2 15.6 4.0373 4.2 15.6 0 3.712 18.498 2.0358 4.2 15.4658
5 24 39.232 1.372 5.853 39.232 2.147 5.853 36.956 2.147 11.481 40 1.372 0
5 24 39.232 2.147 5.853 38.8481 3.129 5.7519 40 2.147 0 36.6079 3.129 11.2901
5 24 21.115 3.575 10.734 15.5951 4.5011 6.2613 16.0978 4.3173 7.4743 22.517 3.759 6.468
5 24 12.5257 3.7 16.0978 13.7387 3.7 15.5951 13.23 3.333 17.814 14.6669 3.7 14.6669
5 24 37.8075 3.596 5.478 21.8293 6.3 4.3349 38.527 3.596 0 35.6645 3.596 10.7726
5 24 0 1.372 30 7.804 1.372 29.424 7.804 2.147 29.424 0 .427 29.545
5 24 28.0101 .427 20.8497 28.284 1.372 21.213 32.9194 .427 16.3663 22.224 1.372 24.945
5 24 7.5858 3.596 27.9673 14.8693 3.596 26.3109 7.7452 3.129 29.0314 8.649 6.3 15.4753
5 24 22.517 3.759 6.468 36.3734 1.494 5.1005 34.3643 1.494 10.0594 23.956 3.764 0
5 24 28.284 2.147 21.213 28.045 3.129 20.896 33.26 2.147 16.668 22.0454 3.129 24.5904
5 24 18.838 3.272 15.077 15.5951 3.7 13.7387 14.6669 3.7 14.6669 16.0978 3.7761 12.5257
5 24 4.0373 4.2 15.6 0 3.712 18.498 0 4.2 15.6 7.699 3.501 18.728
5 24 21.8293 6.3 4.3349 10.308 7.5 0 19.5716 6.3 8.375 22.6 6.3 0
5 24 5.3331 4.195 14.6669 4.0373 4.2 15.6 6.2611 4.0966 15.5955 4.0373 4.2 15.068
5 24 14.9595 .072 26.6001 7.6307 .072 28.2669 15.1725 .427 27.2827 7.4766 0 27.2384
5 24 7.804 2.147 29.424 7.7452 3.129 29.0314 0 3.129 29.603 15.308 2.147 27.717
5 24 7.7366 .427 28.974 7.804 1.372 29.424 0 1.372 30 15.1725 .427 27.2827
5 24 13.23 3.333 17.814 13.7387 3.7 15.5951 12.5257 3.7 16.0978 18.838 3.272 15.077
5 24 15.6 4.7 4.0373 22.517 3.759 6.468 23.956 3.764 0 14.6669 4.7 5.3331
5 24 14.6498 0 25.6073 14.9595 .072 26.6001 21.2298 0 22.9712 7.6307 .072 28.2669
5 24 22.0193 .427 24.5386 22.224 1.372 24.945 15.308 1.372 27.717 28.0101 .427 20.8497
5 24 26.9535 0 19.4484 27.5796 .072 20.2788 31.6056 0 15.2027 21.6977 .072 23.9001
5 24 36.956 1.372 11.481 39.232 1.372 5.853 36.5571 .427 11.2622 39.232 2.147 5.853
5 24 15.1725 .427 27.2827 15.308 1.372 27.717 22.0193 .427 24.5386 7.804 1.372 29.424
5 24 14.8697 6.3 12.5667 21.5614 3.596 23.6295 8.649 6.3 15.4753 27.3972 3.596 20.0369
5 24 35.9302 .072 10.9183 32.3842 .072 15.8923 31.6056 0 15.2027 36.5571 .427 11.2622
5 24 36.956 1.372 11.481 36.956 2.147 11.481 39.232 1.372 5.853 33.26 2.147 16.668
5 24 7.4742 3.9679 16.0977 7.699 3.501 18.728 8.6873 3.8392 16.6 4.0373 4.2 15.6
5 24 15.5951 4.5011 6.2613 14.6669 4.7 5.3331 22.517 3.759 6.468 16.0978 4.3173 7.4743
5 24 14.4276 1.494 24.8952 13.23 3.333 17.814 7.699 3.501 18.728 20.8943 1.494 22.305
5 24 7.4742 3.9679 16.0977 8.6873 3.8392 16.6 7.699 3.501 18.728 10 3.7 16.6
5 24 7.5858 3.596 27.9673 8.649 6.3 15.4753 0 6.307 16.755 14.8693 3.596 26.3109
5 24 32.9628 3.129 16.4048 36.6079 3.129 11.2901 33.26 2.147 16.668 35.6645 3.596 10.7726
5 24 15.308 2.147 27.717 22.224 2.147 24.945 15.308 1.372 27.717 22.0454 3.129 24.5904
5 24 22.224 1.372 24.945 22.224 2.147 24.945 15.308 2.147 27.717 28.284 1.372 21.213
5 24 28.045 3.129 20.896 27.3972 3.596 20.0369 32.9628 3.129 16.4048 21.5614 3.596 23.6295
5 24 7.804 1.372 29.424 7.804 2.147 29.424 0 2.147 30 15.308 1.372 27.717
5 24 18.838 3.272 15.077 13.7387 3.7 15.5951 13.23 3.333 17.814 14.6669 3.7 14.6669
5 24 0 2.147 30 7.804 2.147 29.424 7.7452 3.129 29.0314 0 1.372 30
5 24 28.284 1.372 21.213 28.284 2.147 21.213 33.26 1.372 16.668 22.224 2.147 24.945
5 24 7.699 3.501 18.728 8.6873 3.8392 16.6 7.4742 3.9679 16.0977 10 3.7 16.5999
5 24 34.3643 1.494 10.0594 22.517 3.759 6.468 21.115 3.575 10.734 36.3734 1.494 5.1005
5 24 10.308 7.5 0 14.8697 6.3 12.5667 19.5716 6.3 8.375 0 8 0
5 24 16.6004 3.8522 11.3128 16.5999 3.9929 10 16.0978 3.7761 12.5257 21.115 3.575 10.734
5 24 32.9628 3.129 16.4048 32.1573 3.596 15.6914 27.3972 3.596 20.0369 36.6079 3.129 11.2901
5 24 38.792 .427 5.7372 39.232 1.372 5.853 36.956 1.372 11.481 39.545 .427 0
5 24 19.5716 6.3 8.375 35.6645 3.596 10.7726 32.1573 3.596 15.6914 21.8293 6.3 4.3349
5 24 32.1573 3.596 15.6914 27.3972 3.596 20.0369 19.5716 6.3 8.375 28.045 3.129 20.896
5 24 7.699 3.501 18.728 10 3.7 16.5999 11.3128 3.7 16.6004 8.6873 3.8392 16.6
5 24 21.5614 3.596 23.6295 14.8693 3.596 26.3109 14.8697 6.3 12.5667 15.1898 3.129 27.338
5 24 4.0373 4.2 15.6 7.699 3.501 18.728 7.4742 3.9679 16.0977 0 3.712 18.498
5 24 39.232 2.147 5.853 40 2.147 0 39.603 3.129 0 39.232 1.372 5.853
5 24 31.0472 1.494 14.7081 21.115 3.575 10.734 34.3643 1.494 10.0594 26.5043 1.494 18.8528
5 24 22.0454 3.129 24.5904 21.5614 3.596 23.6295 14.8693 3.596 26.3109 28.045 3.129 20.896
5 24 32.1573 3.596 15.6914 35.6645 3.596 10.7726 19.5716 6.3 8.375 32.9628 3.129 16.4048
5 24 13.7387 3.7 15.5951 14.6669 3.7 14.6669 18.838 3.272 15.077 12.5257 3.7 16.0978
5 24 19.5716 6.3 8.375 32.1573 3.596 15.6914 14.8697 6.3 12.5667 35.6645 3.596 10.7726
5 24 20.8943 1.494 22.305 18.838 3.272 15.077 13.23 3.333 17.814 26.5043 1.494 18.8528
5 24 36.5571 .427 11.2622 38.792 .427 5.7372 35.9302 .072 10.9183 39.232 1.372 5.853
5 24 36.3734 1.494 5.1005 37.0948 0 5.2904 37.044 1.494 0 35.0184 0 10.4182
5 24 33.26 1.372 16.668 36.956 1.372 11.481 32.9194 .427 16.3663 36.956 2.147 11.481
5 24 21.5614 3.596 23.6295 27.3972 3.596 20.0369 14.8697 6.3 12.5667 22.0454 3.129 24.5904
5 24 7.7452 3.129 29.0314 7.5858 3.596 27.9673 0 3.596 28.527 15.1898 3.129 27.338
5 24 13.23 3.333 17.814 7.699 3.501 18.728 14.4276 1.494 24.8952 11.3128 3.7 16.6004
5 24 22.224 1.372 24.945 28.284 1.372 21.213 22.0193 .427 24.5386 28.284 2.147 21.213
5 24 13.23 3.333 17.814 11.3128 3.7 16.6004 7.699 3.501 18.728 12.5257 3.7 16.0978
5 24 7.3661 1.494 26.5006 7.699 3.501 18.728 0 1.494 27.044 14.4276 1.494 24.8952
5 24 15.308 1.372 27.717 15.308 2.147 27.717 22.224 1.372 24.945 7.804 2.147 29.424
5 24 35.6645 3.596 10.7726 37.8075 3.596 5.478 36.6079 3.129 11.2901 21.8293 6.3 4.3349
5 24 36.6079 3.129 11.2901 35.6645 3.596 10.7726 32.1573 3.596 15.6914 38.8481 3.129 5.7519
5 24 6.2611 4.0966 15.5955 4.0373 4.2 15.6 5.3331 4.195 14.6669 7.4742 3.9679 16.0977
5 24 28.0101 .427 20.8497 32.9194 .427 16.3663 27.5796 .072 20.2788 33.26 1.372 16.668
5 24 15.6 4.7 0 15.6 4.7 4.0373 23.956 3.764 0 15.4658 4.7 2.0358
5 24 8.6873 3.8392 16.6 10 3.7 16.5999 7.699 3.501 18.728 7.4742 3.9679 16.0977
5 24 8.649 6.3 15.4753 0 8 0 0 6.307 16.755 10.308 7.5 0
5 24 38.8481 3.129 5.7519 39.603 3.129 0 38.527 3.596 0 39.232 2.147 5.853
5 24 36.6079 3.129 11.2901 38.8481 3.129 5.7519 36.956 2.147 11.481 37.8075 3.596 5.478
5 24 2.1165 5.1657 8.2141 3.9024 4.6 12.5257 3.3998 4.9062 10 0 4.6 13.1
5 24 21.8293 6.3 4.3349 22.6 6.3 0 37.8075 3.596 5.478 10.308 7.5 0
5 24 23.956 3.764 0 15.6 4.7 4.0373 15.6 4.7 0 22.517 3.759 6.468
5 24 38.1005 .072 5.5552 35.9302 .072 10.9183 38.792 .427 5.7372 35.0184 0 10.4182
5 24 32.3842 .072 15.8923 27.5796 .072 20.2788 32.9194 .427 16.3663 26.9535 0 19.4484
5 24 16.6004 3.8522 11.3128 18.838 3.272 15.077 16.0978 3.7761 12.5257 16.5999 3.9929 10
5 24 14.8693 3.596 26.3109 8.649 6.3 15.4753 21.5614 3.596 23.6295 7.5858 3.596 27.9673
5 24 13.23 3.333 17.814 20.8943 1.494 22.305 18.838 3.272 15.077 14.4276 1.494 24.8952
5 24 16.6004 4.1335 8.6872 16.0978 4.3173 7.4743 21.115 3.575 10.734 16.5999 3.9929 10
5 24 5.3331 4.195 14.6669 6.2611 4.0966 15.5955 4.0373 4.2 15.6 7.4742 3.9679 16.0977
5 24 8.649 6.3 15.4753 0 6.307 16.755 7.5858 3.596 27.9673 0 8 0
5 24 15.308 2.147 27.717 15.1898 3.129 27.338 22.224 2.147 24.945 7.7452 3.129 29.0314
5 24 33.26 2.147 16.668 32.9628 3.129 16.4048 28.045 3.129 20.896 36.956 2.147 11.481
5 24 7.699 3.501 18.728 0 3.712 18.498 4.0373 4.2 15.6 7.3661 1.494 26.5006
5 24 28.284 2.147 21.213 33.26 2.147 16.668 28.284 1.372 21.213 32.9628 3.129 16.4048
5 24 22.224 2.147 24.945 22.0454 3.129 24.5904 15.1898 3.129 27.338 28.284 2.147 21.213
5 24 28.284 1.372 21.213 33.26 1.372 16.668 28.0101 .427 20.8497 33.26 2.147 16.668
5 24 36.5571 .427 11.2622 36.956 1.372 11.481 38.792 .427 5.7372 33.26 1.372 16.668
5 24 34.3643 1.494 10.0594 35.0184 0 10.4182 31.6056 0 15.2027 36.3734 1.494 5.1005
5 24 22.0454 3.129 24.5904 28.045 3.129 20.896 22.224 2.147 24.945 27.3972 3.596 20.0369
5 24 0 3.129 29.603 7.7452 3.129 29.0314 0 2.147 30 7.5858 3.596 27.9673
5 24 32.3842 .072 15.8923 32.9194 .427 16.3663 28.0101 .427 20.8497 35.9302 .072 10.9183
5 24 22.0193 .427 24.5386 28.0101 .427 20.8497 21.6977 .072 23.9001 28.284 1.372 21.213
5 24 15.5951 3.7 13.7387 16.0978 3.7761 12.5257 14.6669 3.7 14.6669 18.838 3.272 15.077
5 24 31.0472 1.494 14.7081 31.6056 0 15.2027 34.3643 1.494 10.0594 26.9535 0 19.4484
5 24 14.9595 .072 26.6001 15.1725 .427 27.2827 21.6977 .072 23.9001 7.7366 .427 28.974
5 24 19.5716 6.3 8.375 10.308 7.5 0 21.8293 6.3 4.3349 14.8697 6.3 12.5667
5 24 23.956 3.764 0 22.517 3.759 6.468 36.3734 1.494 5.1005 15.6 4.7 4.0373
5 24 11.3128 3.7 16.6004 7.699 3.501 18.728 13.23 3.333 17.814 10 3.7 16.5999
5 24 38.792 .427 5.7372 39.545 .427 0 38.1005 .072 5.5552 40 1.372 0
5 24 22.517 3.759 6.468 21.115 3.575 10.734 34.3643 1.494 10.0594 15.5952 4.5011 6.2613
5 24 33.26 1.372 16.668 33.26 2.147 16.668 28.284 2.147 21.213 36.956 1.372 11.481
5 24 23.956 3.764 0 36.3734 1.494 5.1005 22.517 3.759 6.468 37.044 1.494 0
5 24 10 3.7 16.5999 11.3128 3.7 16.6004 7.699 3.501 18.728 12.5257 3.7 16.0978
5 24 6.2611 4.0966 15.5955 7.4742 3.9679 16.0977 5.3331 4.195 14.6669 4.0373 4.2 15.6
5 24 27.5796 .072 20.2788 21.6977 .072 23.9001 21.2298 0 22.9712 28.0101 .427 20.8497
5 24 26.5043 1.494 18.8528 26.9535 0 19.4484 21.2298 0 22.9712 31.0472 1.494 14.7081
5 24 7.804 1.372 29.424 15.308 1.372 27.717 7.7366 .427 28.974 15.308 2.147 27.717
5 24 32.9194 .427 16.3663 33.26 1.372 16.668 28.284 1.372 21.213 36.5571 .427 11.2622
5 24 35.0184 0 10.4182 35.9302 .072 10.9183 32.3842 .072 15.8923 37.0948 0 5.2904
5 24 21.6977 .072 23.9001 22.0193 .427 24.5386 15.1725 .427 27.2827 27.5796 .072 20.2788
5 24 15.1898 3.129 27.338 22.0454 3.129 24.5904 15.308 2.147 27.717 21.5614 3.596 23.6295
5 24 21.115 3.575 10.734 16.6004 4.1335 8.6872 16.0978 4.3173 7.4743 16.5999 3.9929 10
5 24 7.6307 .072 28.2669 0 .072 28.83 0 0 27.79 7.7366 .427 28.974
5 24 16.0978 3.7761 12.5257 16.6004 3.8522 11.3128 16.5999 3.9929 10 18.838 3.272 15.077
5 24 7.6307 .072 28.2669 7.7366 .427 28.974 14.9595 .072 26.6001 0 .427 29.545
5 24 21.115 3.575 10.734 16.5999 3.9929 10 18.838 3.272 15.077 16.6004 4.1335 8.6872
5 24 4.0373 4.2 15.6 4.0373 4.2 15.068 2.0358 4.2 15.4658 5.3331 4.195 14.6669
5 24 27.3972 3.596 20.0369 14.8697 6.3 12.5667 21.5614 3.596 23.6295 32.1573 3.596 15.6914
5 24 38.8481 3.129 5.7519 37.8075 3.596 5.478 39.603 3.129 0 35.6645 3.596 10.7726
5 24 33.26 2.147 16.668 36.956 2.147 11.481 33.26 1.372 16.668 36.6079 3.129 11.2901
5 24 16.5999 3.9929 10 16.6004 4.1335 8.6872 21.115 3.575 10.734 16.0978 4.3173 7.4743
5 24 35.9302 .072 10.9183 36.5571 .427 11.2622 38.1005 .072 5.5552 32.9194 .427 16.3663
5 24 21.8293 6.3 4.3349 35.6645 3.596 10.7726 19.5716 6.3 8.375 37.8075 3.596 5.478
5 24 34.3643 1.494 10.0594 21.115 3.575 10.734 31.0472 1.494 14.7081 22.517 3.759 6.468
5 24 22.517 3.759 6.468 14.6669 4.7 5.3331 15.5952 4.5011 6.2613 15.6 4.7 4.0373
5 24 16.0978 4.3173 7.4743 15.5951 4.5011 6.2613 21.115 3.575 10.734 14.6669 4.7 5.3331
5 24 38.1005 .072 5.5552 38.792 .427 5.7372 36.5571 .427 11.2622 38.83 .072 0
5 24 7.3661 1.494 26.5006 7.4766 0 27.2384 0 0 27.79 14.4276 1.494 24.8952
5 24 7.7452 3.129 29.0314 15.1898 3.129 27.338 7.804 2.147 29.424 14.8693 3.596 26.3109
5 24 14.8697 6.3 12.5667 8.649 6.3 15.4753 14.8693 3.596 26.3109 0 8 0
5 24 15.308 1.372 27.717 22.224 1.372 24.945 15.1725 .427 27.2827 22.224 2.147 24.945
5 24 11.3128 3.7 16.6004 12.5257 3.7 16.0978 13.23 3.333 17.814 10 3.7 16.5999
5 24 0 4.6 13.1 3.9024 4.6 12.5257 3.3903 4.6 12.6533 2.1165 5.1657 8.2141
5 24 14.8697 6.3 12.5667 0 8 0 10.308 7.5 0 8.649 6.3 15.4753