0 ~Plate  1 x  2 with Handle and Stylized Flames - Half
0 Name: s\7727s01.dat
0 Author: Gerald Lasser [GeraldLasser]
0 !LDRAW_ORG Subpart UPDATE 2026-05
0 !LICENSE Licensed under CC BY 4.0 : see CAreadme.txt

0 BFC CERTIFY CCW

0 !HISTORY 2026-05-31 [OrionP] Official Update 2026-05

1 16 7 0 30 -1 0 0 0 1 0 0 0 -1 phandle1.dat
4 16 10 8 20 6 8 16 0 8 16 4 8 20
3 16 6 8 16 10 8 20 6 8 10
4 16 0 8 -20 0 8 -16 6 8 -16 7.071 8 -17.071
4 16 7.071 8 -17.071 6 8 -16 6 8 -10 10 8 -10
4 16 6 8 10 10 8 20 10 8 -10 6 8 -10
1 16 0 8 -10 10 0 0 0 -1 0 0 0 -10 1-8chrd.dat
1 16 0 8 -10 0 0 10 0 -1 0 -10 0 0 1-8chrd.dat
4 16 6 8 10 6 8 -10 6 3 -10 6 3 10
2 24 6 8 -10 6 8 10
2 24 6 3 10 6 3 -10
4 16 4 3 6 4 3 10 6 3 10 6 3 -10
3 16 4 3 6 6 3 -10 0 3 6
2 24 10 8 -10 10 8 20

4 16 10 8 20 10 5.823 -4.72 10 5.782 -10 10 8 -10
3 16 10 8 20 10 3.612 15.25 10 3.612 6.303
4 16 10 8 20 10 3.612 6.303 10 3.612 -4.717 10 5.823 -4.72
4 16 10 0 20 10 0 15.25 10 3.612 15.25 10 8 20
2 24 10 0 15.25 10 0 20

4 16 10 0 20 4 0 20 6 0 16 10 0 15.25
3 16 10 0 15.25 6 0 16 6 0 10
4 16 10 0 2.427 10 0 15.25 6 0 10 6 0 4
3 16 10 0 2.427 6 0 4 10 0 1.25
4 16 0 0 4 10 0 -4.95 10 0 1.25 6 0 4
3 16 0 0 4 0 0 -35.035 10 0 -4.95

3 16 26.385 4.282 -3.664 26.504 4.196 -2.771 23.711 3.723 -1.853
3 16 23.711 3.723 -1.853 26.504 4.196 -2.771 23.592 3.448 -.1
3 16 26.504 4.196 -2.771 26.385 4.282 -3.664 27.102 4.46 -4.735
3 16 27.102 4.46 -4.735 26.385 4.282 -3.664 26.271 4.332 -4.561
3 16 23.711 3.723 -1.853 23.592 3.448 -.1 20.485 3.01 -.746
3 16 20.485 3.01 -.746 23.592 3.448 -.1 20.174 2.57 1.635
3 16 27.844 4.54 -4.507 26.504 4.196 -2.771 27.102 4.46 -4.735
4 16 16.366 1.592 2.4 17.023 2.211 -.483 20.485 3.01 -.746 20.174 2.57 1.635
3 16 17.023 2.211 -.483 16.366 1.592 2.4 12.279 1.015 -.937
3 16 12.279 1.015 -.937 16.366 1.592 2.4 12.435 .583 2.427
3 16 12.279 1.015 -.937 12.435 .583 2.427 10 .143 1.25
3 16 10 .143 1.25 12.435 .583 2.427 10 0 2.427
4 16 12.279 1.015 -.937 15.784 1.867 -3.978 17.797 2.38 -3.399 17.023 2.211 -.483
3 16 17.797 2.38 -3.399 20.485 3.01 -.746 17.023 2.211 -.483
3 16 20.858 3.182 -3.152 20.485 3.01 -.746 17.797 2.38 -3.399
3 16 20.858 3.182 -3.152 23.711 3.723 -1.853 20.485 3.01 -.746
3 16 23.856 3.861 -3.62 23.711 3.723 -1.853 20.858 3.182 -3.152
3 16 26.271 4.332 -4.561 26.385 4.282 -3.664 23.856 3.861 -3.62
3 16 23.856 3.861 -3.62 26.385 4.282 -3.664 23.711 3.723 -1.853
3 16 20.174 2.57 1.635 24.5 3.591 7 20.734 2.539 7.459
4 16 20.174 2.57 1.635 23.592 3.448 -.1 26.952 4.276 3.401 24.5 3.591 7
4 16 28.196 4.623 -.005 26.952 4.276 3.401 23.592 3.448 -.1 26.504 4.196 -2.771
4 16 28.428 4.692 -3.904 28.632 4.745 -3.036 28.196 4.623 -.005 26.504 4.196 -2.771
3 16 28.428 4.692 -3.904 26.504 4.196 -2.771 27.844 4.54 -4.507
3 16 20.174 2.57 1.635 20.734 2.539 7.459 16.366 1.592 2.4
4 16 12.435 .583 2.427 16.366 1.592 2.4 20.734 2.539 7.459 17.236 1.562 8.785
3 16 12.435 .583 2.427 17.236 1.562 8.785 13.85 .616 11.174
3 16 13.85 .616 11.174 10 0 2.427 12.435 .583 2.427
3 16 10 0 15.25 10 0 2.427 13.85 .616 11.174
3 16 46.186 18.791 -30.864 46.159 20.618 -36.692 43.21 18.531 -37.243
3 16 43.21 18.531 -37.243 46.159 20.618 -36.692 43.605 19.696 -40.08
3 16 40.956 14.97 -30.578 46.186 18.791 -30.864 43.21 18.531 -37.243
3 16 44.167 15.039 -23.727 46.186 18.791 -30.864 40.956 14.97 -30.578
3 16 44.167 15.039 -23.727 37.326 11.086 -25.316 37.655 10.59 -23.115
4 16 44.167 15.039 -23.727 40.956 14.97 -30.578 36.985 12.52 -31 37.326 11.086 -25.316
3 16 36.985 12.52 -31 40.956 14.97 -30.578 38.284 14.039 -33.463
3 16 40.956 14.97 -30.578 43.21 18.531 -37.243 38.284 14.039 -33.463
3 16 38.284 14.039 -33.463 43.21 18.531 -37.243 41.01 17.568 -39.477
3 16 43.21 18.531 -37.243 43.605 19.696 -40.08 41.01 17.568 -39.477
3 16 41.01 17.568 -39.477 43.605 19.696 -40.08 41.764 18.772 -41.669
3 16 44.167 15.039 -23.727 37.655 10.59 -23.115 42 11.538 -18
3 16 46.159 20.618 -36.692 45.616 21.862 -41.961 43.605 19.696 -40.08
3 16 43.605 19.696 -40.08 45.616 21.862 -41.961 43.999 20.862 -42.918
3 16 43.605 19.696 -40.08 43.999 20.862 -42.918 41.764 18.772 -41.669
3 16 45.093 21.977 -43.661 43.999 20.862 -42.918 45.616 21.862 -41.961
4 16 42.517 19.976 -43.861 43.999 20.862 -42.918 45.093 21.977 -43.661 44.279 21.848 -45.364
3 16 41.764 18.772 -41.669 43.999 20.862 -42.918 42.517 19.976 -43.861
3 16 43.065 20.989 -45.781 42.517 19.976 -43.861 44.279 21.848 -45.364
3 16 26.229 13.879 -42.5 27.059 15.341 -46.17 26.108 15.156 -46.35
4 16 25.987 16.432 -50.199 26.108 15.156 -46.35 27.059 15.341 -46.17 27.889 16.803 -49.839
3 16 27.889 16.803 -49.839 25.506 19.401 -59.19 25.987 16.432 -50.199
3 16 32.012 20.591 -60.238 25.506 19.401 -59.19 27.889 16.803 -49.839
4 16 32.012 20.591 -60.238 28.067 21.908 -65.887 24.504 21.008 -64.534 25.506 19.401 -59.19
3 16 22.83 22.896 -71.01 24.504 21.008 -64.534 28.067 21.908 -65.887
3 16 22.58 19.271 -71.882 19.851 18.514 -70.686 20.252 20.315 -75.275
3 16 20.252 20.315 -75.275 19.851 18.514 -70.686 17.9 20.146 -75.095
3 16 22.58 19.271 -71.882 25.638 17.437 -65.923 19.851 18.514 -70.686
3 16 19.851 18.514 -70.686 25.638 17.437 -65.923 21.314 16.282 -64.659
3 16 17.813 20.278 -75.457 20.252 20.315 -75.275 17.9 20.146 -75.095
3 16 25.638 17.437 -65.923 27.508 15.698 -60.273 21.314 16.282 -64.659
3 16 21.314 16.282 -64.659 27.508 15.698 -60.273 21.505 14.504 -59.859
3 16 27.508 15.698 -60.273 27.538 13.775 -54.025 21.505 14.504 -59.859
3 16 21.505 14.504 -59.859 27.538 13.775 -54.025 20.829 12.685 -54.944
3 16 17.925 20.438 -75.906 20.252 20.315 -75.275 17.813 20.278 -75.457
3 16 17.925 20.438 -75.906 18.151 20.595 -76.349 20.252 20.315 -75.275
3 16 20.252 20.315 -75.275 18.151 20.595 -76.349 18.501 20.685 -76.66
3 16 20.252 20.315 -75.275 18.501 20.685 -76.66 19.03 20.79 -76.82
3 16 20.829 12.685 -54.944 27.538 13.775 -54.025 19.121 10.706 -49.6
3 16 19.121 10.706 -49.6 27.538 13.775 -54.025 26.78 11.557 -46.818
4 16 25.147 9.349 -39.643 16.701 8.897 -44.714 19.121 10.706 -49.6 26.78 11.557 -46.818
4 16 15.122 7.952 -42.161 16.701 8.897 -44.714 25.147 9.349 -39.643 22.987 7.449 -33.468
3 16 15.122 7.952 -42.161 22.987 7.449 -33.468 20.081 5.883 -28.379
3 16 20.858 6.375 -3.152 23.876 7.142 2.921 23.856 7.138 -3.62
4 16 19.527 6.036 4.313 20.734 6.343 7.459 24.5 7.302 7 23.876 7.142 2.921
3 16 24.5 7.302 7 26.934 7.933 3.43 23.876 7.142 2.921
3 16 28.196 8.242 -.005 23.876 7.142 2.921 26.934 7.933 3.43
4 16 27.148 7.976 -4.732 26.271 7.752 -4.561 23.856 7.138 -3.62 23.876 7.142 2.921
4 16 28.413 8.297 -3.93 27.842 8.152 -4.508 27.148 7.976 -4.732 23.876 7.142 2.921
4 16 28.196 8.242 -.005 28.632 8.353 -3.036 28.413 8.297 -3.93 23.876 7.142 2.921
4 16 19.527 6.036 4.313 16.713 5.32 4.977 17.236 5.453 8.785 20.734 6.343 7.459
4 16 13.85 4.591 11.174 17.236 5.453 8.785 16.713 5.32 4.977 13.9 4.604 5.641
4 16 10 3.612 15.25 13.85 4.591 11.174 13.9 4.604 5.641 10 3.612 6.303
4 16 16.713 5.32 4.977 16.278 5.209 -3.803 13.431 4.485 -5.149 13.9 4.604 5.641
4 16 10 3.612 6.303 13.9 4.604 5.641 13.431 4.485 -5.149 10 3.612 -4.717
3 16 10 3.612 -4.717 13.431 4.485 -5.149 11.05 3.879 -7.003
4 16 16.278 5.209 -3.803 16.713 5.32 4.977 19.527 6.036 4.313 17.797 5.596 -3.399
4 16 23.876 7.142 2.921 20.858 6.375 -3.152 17.797 5.596 -3.399 19.527 6.036 4.313
3 16 16.295 1.046 -4.391 15.784 1.867 -3.978 12.602 .474 -1.234
3 16 12.602 .474 -1.234 15.784 1.867 -3.978 12.279 1.015 -.937
4 16 10 .143 1.25 10 0 1.25 12.602 .474 -1.234 12.279 1.015 -.937
3 16 10 0 2.427 10 0 1.25 10 .143 1.25
3 16 21.941 2.047 -8.515 15.784 1.867 -3.978 16.295 1.046 -4.391
3 16 21.941 2.047 -8.515 27.863 6.717 -12.073 21.941 5.422 -8.515
3 16 29.245 3.687 -12.803 27.863 6.717 -12.073 21.941 2.047 -8.515
4 16 21.941 2.047 -8.515 21.941 5.422 -8.515 15.784 4.34 -3.978 15.784 1.867 -3.978
3 16 35.32 5.444 -15.609 27.863 6.717 -12.073 29.245 3.687 -12.803
3 16 35.32 8.819 -15.609 27.863 6.717 -12.073 35.32 5.444 -15.609
4 16 42 11.538 -18 35.32 8.819 -15.609 35.32 5.444 -15.609 42 8.163 -18
3 16 46.304 15.756 -31.651 46.157 17.454 -37.362 46.186 18.791 -30.864
3 16 46.186 18.791 -30.864 46.157 17.454 -37.362 46.159 20.618 -36.692
3 16 44.167 15.039 -23.727 46.304 15.756 -31.651 46.186 18.791 -30.864
3 16 44.629 12.4 -24.986 46.304 15.756 -31.651 44.167 15.039 -23.727
4 16 42 8.163 -18 44.629 12.4 -24.986 44.167 15.039 -23.727 42 11.538 -18
3 16 46.157 17.454 -37.362 45.616 18.487 -41.961 46.159 20.618 -36.692
3 16 46.159 20.618 -36.692 45.616 18.487 -41.961 45.616 21.862 -41.961
4 16 45.616 18.487 -41.961 45.102 18.601 -43.632 45.093 21.977 -43.661 45.616 21.862 -41.961
4 16 44.298 18.483 -45.346 44.279 21.848 -45.364 45.093 21.977 -43.661 45.102 18.601 -43.632
4 16 43.065 17.614 -45.781 43.065 20.989 -45.781 44.279 21.848 -45.364 44.298 18.483 -45.346
4 16 42.159 17.391 -45.361 42.141 20.761 -45.352 43.065 20.989 -45.781 43.065 17.614 -45.781
4 16 42.141 20.761 -45.352 42.159 17.391 -45.361 41.243 16.788 -44.266 41.104 20.062 -44.088
3 16 41.243 16.788 -44.266 38.723 18.359 -41.25 41.104 20.062 -44.088
3 16 39.356 15.41 -41.964 38.723 18.359 -41.25 41.243 16.788 -44.266
3 16 39.356 15.41 -41.964 35.841 16.403 -38.183 38.723 18.359 -41.25
3 16 36.771 13.644 -39.1 35.841 16.403 -38.183 39.356 15.41 -41.964
3 16 36.771 13.644 -39.1 33.24 12.995 -35.845 35.841 16.403 -38.183
3 16 33.936 11.807 -36.44 33.24 12.995 -35.845 36.771 13.644 -39.1
3 16 33.936 11.807 -36.44 28.331 9.574 -32.2 33.24 12.995 -35.845
3 16 28.465 8.607 -32.288 28.331 9.574 -32.2 33.936 11.807 -36.44
4 16 23.791 6.243 -29.547 23.79 7.47 -29.547 28.331 9.574 -32.2 28.465 8.607 -32.288
3 16 35.841 16.403 -38.183 33.24 12.995 -35.845 33.239 14.749 -35.845
4 16 23.79 7.47 -29.547 23.791 6.243 -29.547 20.271 4.705 -27.889 20.271 5.956 -27.889
4 16 17.797 5.596 -3.399 17.797 2.38 -3.399 15.784 1.867 -3.978 15.784 4.34 -3.978
3 16 15.784 4.34 -3.978 16.278 5.209 -3.803 17.797 5.596 -3.399
3 16 15.784 4.34 -3.978 13.431 4.485 -5.149 16.278 5.209 -3.803
3 16 13.431 3.972 -5.149 13.431 4.485 -5.149 15.784 4.34 -3.978
4 16 11.05 3.571 -7.003 11.05 3.879 -7.003 13.431 4.485 -5.149 13.431 3.972 -5.149
4 16 20.858 6.375 -3.152 20.858 3.182 -3.152 17.797 2.38 -3.399 17.797 5.596 -3.399
4 16 23.856 7.138 -3.62 23.856 3.861 -3.62 20.858 3.182 -3.152 20.858 6.375 -3.152
4 16 26.271 7.752 -4.561 26.271 4.332 -4.561 23.856 3.861 -3.62 23.856 7.138 -3.62
4 16 26.271 4.332 -4.561 26.271 7.752 -4.561 27.148 7.976 -4.732 27.102 4.46 -4.735
4 16 27.842 8.152 -4.508 27.844 4.54 -4.507 27.102 4.46 -4.735 27.148 7.976 -4.732
4 16 27.844 4.54 -4.507 27.842 8.152 -4.508 28.413 8.297 -3.93 28.428 4.692 -3.904
4 16 28.632 8.353 -3.036 28.632 4.745 -3.036 28.428 4.692 -3.904 28.413 8.297 -3.93
4 16 28.196 4.623 -.005 28.632 4.745 -3.036 28.632 8.353 -3.036 28.196 8.242 -.005
4 16 26.952 4.276 3.401 28.196 4.623 -.005 28.196 8.242 -.005 26.934 7.933 3.43
4 16 24.5 3.591 7 26.952 4.276 3.401 26.934 7.933 3.43 24.5 7.302 7
4 16 20.734 2.539 7.459 24.5 3.591 7 24.5 7.302 7 20.734 6.343 7.459
4 16 17.236 1.562 8.785 20.734 2.539 7.459 20.734 6.343 7.459 17.236 5.453 8.785
4 16 13.85 .616 11.174 17.236 1.562 8.785 17.236 5.453 8.785 13.85 4.591 11.174
4 16 13.85 4.591 11.174 10 3.612 15.25 10 0 15.25 13.85 .616 11.174
3 16 0 0 -35.035 11.166 0 -8.157 10 0 -4.95
3 16 0 0 -35.035 13.395 0 -12.991 11.166 0 -8.157
3 16 16.104 0 -17.574 13.395 0 -12.991 0 0 -35.035
4 16 16.104 0 -17.574 0 0 -35.035 11.04 0 -30.373 19.068 .003 -21.612
3 16 21.604 0 -24.527 19.068 .003 -21.612 11.04 0 -30.373
4 16 4.574 5 -21.949 6.279 5 -25.592 7.141 5 -28.837 0 5 -35
4 16 0 5 -20 2.8964 5 -19.4241 4.574 5 -21.949 0 5 -35
3 16 0 5 -35 7.141 5 -28.837 7.473 5 -32.387
4 16 4.574 6.034 -21.949 4.574 5 -21.949 2.8964 5 -19.4241 2.8964 5.815 -19.4241
4 16 6.279 6.501 -25.592 6.279 5 -25.592 4.574 5 -21.949 4.574 6.034 -21.949
4 16 7.141 7.055 -28.837 7.141 5 -28.837 6.279 5 -25.592 6.279 6.501 -25.592
4 16 7.141 5 -28.837 7.141 7.055 -28.837 7.472 7.804 -32.357 7.473 5 -32.387
3 16 7.473 5 -32.387 7.472 7.804 -32.357 7.973 5.953 -34.399
3 16 7.973 5.953 -34.399 7.472 7.804 -32.357 7.915 8.28 -34.285
3 16 7.973 5.953 -34.399 7.915 8.28 -34.285 9.188 6.548 -35.785
3 16 9.188 6.548 -35.785 7.915 8.28 -34.285 9.065 8.66 -35.688
4 16 9.188 6.548 -35.785 9.065 8.66 -35.688 11.738 9.35 -38.029 11.779 7.786 -38.07
3 16 11.779 7.786 -38.07 11.738 9.35 -38.029 15.122 10.286 -42.161
3 16 15.122 10.286 -42.161 11.738 9.35 -38.029 15.9 11.201 -43.375
3 16 15.9 11.201 -43.375 16.701 8.897 -44.714 15.122 10.286 -42.161
3 16 15.122 10.286 -42.161 16.701 8.897 -44.714 15.122 7.952 -42.161
3 16 15.9 11.201 -43.375 18.623 13.079 -48.446 16.701 8.897 -44.714
3 16 16.701 8.897 -44.714 18.623 13.079 -48.446 19.121 10.706 -49.6
3 16 18.623 13.079 -48.446 20.579 15.105 -53.919 19.121 10.706 -49.6
3 16 19.121 10.706 -49.6 20.579 15.105 -53.919 20.829 12.685 -54.944
3 16 21.442 16.948 -58.896 20.829 12.685 -54.944 20.579 15.105 -53.919
3 16 21.505 14.504 -59.859 20.829 12.685 -54.944 21.442 16.948 -58.896
3 16 21.442 16.948 -58.896 21.421 18.725 -63.696 21.505 14.504 -59.859
3 16 21.505 14.504 -59.859 21.421 18.725 -63.696 21.314 16.282 -64.659
3 16 21.421 18.725 -63.696 19.851 18.514 -70.686 21.314 16.282 -64.659
3 16 19.978 21.18 -70.325 19.851 18.514 -70.686 21.421 18.725 -63.696
4 16 17.942 22.916 -75.013 17.9 20.146 -75.095 19.851 18.514 -70.686 19.978 21.18 -70.325
3 16 17.9 20.146 -75.095 17.942 22.916 -75.013 17.813 20.278 -75.457
3 16 17.813 20.278 -75.457 17.942 22.916 -75.013 17.813 23.077 -75.457
4 16 17.813 20.278 -75.457 17.813 23.077 -75.457 17.907 23.218 -75.852 17.925 20.438 -75.906
4 16 17.925 20.438 -75.906 17.907 23.218 -75.852 18.156 23.404 -76.348 18.151 20.595 -76.349
4 16 18.151 20.595 -76.349 18.156 23.404 -76.348 18.505 23.561 -76.656 18.501 20.685 -76.66
4 16 19.03 23.714 -76.82 19.03 20.79 -76.82 18.501 20.685 -76.66 18.505 23.561 -76.656
4 16 19.03 20.79 -76.82 19.03 23.714 -76.82 19.806 23.739 -76.626 19.819 20.938 -76.619
4 16 19.806 23.739 -76.626 21.181 23.672 -75.688 21.181 20.872 -75.688 19.819 20.938 -76.619
4 16 21.181 23.672 -75.688 25.441 23.432 -72.345 25.441 20.632 -72.345 21.181 20.872 -75.688
4 16 25.441 23.432 -72.345 30.615 23.066 -67.216 30.615 20.266 -67.216 25.441 20.632 -72.345
4 16 30.615 23.066 -67.216 36 22.557 -60 36 19.75 -60 30.615 20.266 -67.216
3 16 13.1 12.29 -48.53 9.58 16.055 -60.93 0 8.753 -47.988
3 16 0 8.753 -47.988 9.58 16.055 -60.93 0 12.997 -61.816
3 16 9.58 16.055 -60.93 6.087 20.789 -75.942 0 12.997 -61.816
3 16 0 12.997 -61.816 6.087 20.789 -75.942 0 18.597 -77.199
3 16 6.087 20.789 -75.942 4.591 23.318 -83.396 0 18.597 -77.199
3 16 0 18.597 -77.199 4.591 23.318 -83.396 0 22.121 -86.311
4 16 15.122 10.286 -42.161 13.1 12.29 -48.53 0 8.753 -47.988 11.779 7.786 -38.07
3 16 0 8.753 -47.988 9.188 6.548 -35.785 11.779 7.786 -38.07
3 16 7.973 5.953 -34.399 9.188 6.548 -35.785 0 8.753 -47.988
3 16 0 5 -35 7.973 5.953 -34.399 0 8.753 -47.988
3 16 7.473 5 -32.387 7.973 5.953 -34.399 0 5 -35
3 16 4.591 23.318 -83.396 4.359 23.529 -84.692 0 22.121 -86.311
3 16 0 22.121 -86.311 4.359 23.529 -84.692 0 22.719 -87.857
3 16 4.359 23.529 -84.692 4.14 23.37 -85.945 0 22.719 -87.857
3 16 0 22.719 -87.857 4.14 23.37 -85.945 0 22.525 -88.694
3 16 4.14 23.37 -85.945 2.931 21.403 -93.553 0 22.525 -88.694
3 16 0 22.525 -88.694 2.931 21.403 -93.553 0 21.382 -93.634
4 16 2.931 21.403 -93.553 2.063 19.735 -100 0 19.735 -100 0 21.382 -93.634
3 16 9.154 11.796 -62.556 0 9.748 -65.788 5.755 17.388 -77.496
3 16 5.755 17.388 -77.496 0 9.748 -65.788 0 15.239 -78.489
3 16 9.154 11.796 -62.556 0 5.824 -55.073 0 9.748 -65.788
3 16 12.817 7.347 -49.451 0 5.824 -55.073 9.154 11.796 -62.556
3 16 0 5.824 -55.073 12.817 7.347 -49.451 0 2.703 -45.164
3 16 0 2.703 -45.164 12.817 7.347 -49.451 16.966 3.421 -36.789
4 16 0 15.239 -78.489 0 17.747 -83.767 4.451 20.04 -84.174 5.755 17.388 -77.496
3 16 16.966 3.421 -36.789 11.04 0 -30.373 0 2.703 -45.164
3 16 11.04 0 -30.373 0 0 -35.035 0 2.703 -45.164
3 16 21.604 0 -24.527 11.04 0 -30.373 16.966 3.421 -36.789
4 16 4.278 20.303 -85.152 4.451 20.04 -84.174 0 17.747 -83.767 0 18.111 -84.789
4 16 0 18.111 -84.789 0 18.21 -85.857 4.106 20.316 -86.144 4.278 20.303 -85.152
4 16 0 17.532 -92.938 2.931 19.028 -93.553 4.106 20.316 -86.144 0 18.21 -85.857
4 16 2.931 19.028 -93.553 0 17.532 -92.938 0 15.99 -100 2.063 17.168 -100
4 16 12.817 7.347 -49.451 9.154 11.796 -62.556 9.58 16.055 -60.93 13.1 12.29 -48.53
3 16 9.58 16.055 -60.93 9.154 11.796 -62.556 6.087 20.789 -75.942
3 16 6.087 20.789 -75.942 9.154 11.796 -62.556 5.755 17.388 -77.496
4 16 4.591 23.318 -83.396 6.087 20.789 -75.942 5.755 17.388 -77.496 4.451 20.04 -84.174
4 16 12.817 7.347 -49.451 13.1 12.29 -48.53 15.122 10.286 -42.161 15.122 7.952 -42.161
3 16 15.122 7.952 -42.161 16.966 3.421 -36.789 12.817 7.347 -49.451
3 16 20.081 5.883 -28.379 16.966 3.421 -36.789 15.122 7.952 -42.161
3 16 16.966 3.421 -36.789 20.081 5.883 -28.379 20.271 4.705 -27.889
3 16 16.966 3.421 -36.789 20.271 4.705 -27.889 21.604 0 -24.527
3 16 21.604 0 -24.527 20.271 4.705 -27.889 21.604 4.305 -24.527
3 16 20.271 5.956 -27.889 20.271 4.705 -27.889 20.081 5.883 -28.379
4 16 4.359 23.529 -84.692 4.591 23.318 -83.396 4.451 20.04 -84.174 4.278 20.303 -85.152
4 16 4.359 23.529 -84.692 4.278 20.303 -85.152 4.106 20.316 -86.144 4.14 23.37 -85.945
4 16 4.14 23.37 -85.945 4.106 20.316 -86.144 2.931 19.028 -93.553 2.931 21.403 -93.553
4 16 2.931 21.403 -93.553 2.931 19.028 -93.553 2.063 17.168 -100 2.063 19.735 -100
3 16 33.24 12.995 -35.845 28.331 9.574 -32.2 33.064 13.984 -38.891
3 16 33.064 13.984 -38.891 28.331 9.574 -32.2 25.147 9.349 -39.643
3 16 25.147 9.349 -39.643 28.331 9.574 -32.2 22.987 7.449 -33.468
3 16 22.987 7.449 -33.468 28.331 9.574 -32.2 23.79 7.47 -29.547
3 16 25.147 9.349 -39.643 26.78 11.557 -46.818 33.064 13.984 -38.891
3 16 33.064 13.984 -38.891 26.78 11.557 -46.818 33.259 16.232 -46.312
3 16 26.78 11.557 -46.818 27.538 13.775 -54.025 33.259 16.232 -46.312
3 16 33.259 16.232 -46.312 27.538 13.775 -54.025 34.034 17.823 -52.12
3 16 27.538 13.775 -54.025 27.508 15.698 -60.273 34.034 17.823 -52.12
3 16 34.034 17.823 -52.12 27.508 15.698 -60.273 36 19.75 -60
3 16 22.987 7.449 -33.468 23.79 7.47 -29.547 20.081 5.883 -28.379
3 16 20.271 5.956 -27.889 20.081 5.883 -28.379 23.79 7.47 -29.547
3 16 33.218 18.887 -45.807 33.072 16.711 -38.66 33.259 16.232 -46.312
3 16 33.259 16.232 -46.312 33.072 16.711 -38.66 33.064 13.984 -38.891
3 16 33.75 14.71 -31.5 33.239 14.749 -35.845 33.072 16.711 -38.66
3 16 33.75 12.797 -31.5 33.239 14.749 -35.845 33.75 14.71 -31.5
4 16 33.072 16.711 -38.66 33.239 14.749 -35.845 33.24 12.995 -35.845 33.064 13.984 -38.891
4 16 33.259 16.232 -46.312 34.034 17.823 -52.12 34.034 20.623 -52.12 33.218 18.887 -45.807
4 16 36 22.557 -60 34.034 20.623 -52.12 34.034 17.823 -52.12 36 19.75 -60
3 16 31.366 8.041 -29.342 26.949 5.878 -26.026 28.465 8.607 -32.288
3 16 28.465 8.607 -32.288 26.949 5.878 -26.026 23.791 6.243 -29.547
3 16 31.366 8.041 -29.342 28.465 8.607 -32.288 35.95 11.262 -34.527
3 16 35.95 11.262 -34.527 28.465 8.607 -32.288 33.936 11.807 -36.44
3 16 33.936 11.807 -36.44 38.422 13.385 -38.104 35.95 11.262 -34.527
3 16 36.771 13.644 -39.1 38.422 13.385 -38.104 33.936 11.807 -36.44
3 16 39.356 15.41 -41.964 38.422 13.385 -38.104 36.771 13.644 -39.1
4 16 38.422 13.385 -38.104 39.356 15.41 -41.964 41.243 16.788 -44.266 40.474 15.344 -41.553
3 16 23.791 6.243 -29.547 26.949 5.878 -26.026 21.604 4.305 -24.527
3 16 21.604 4.305 -24.527 26.949 5.878 -26.026 23.006 4.01 -22.938
3 16 21.604 4.305 -24.527 23.006 4.01 -22.938 18.633 2.721 -21.075
3 16 18.633 2.721 -21.075 23.006 4.01 -22.938 19.594 2.567 -20.227
3 16 15.579 1.106 -16.764 18.633 2.721 -21.075 19.594 2.567 -20.227
3 16 20.564 2.222 -19.453 15.579 1.106 -16.764 19.594 2.567 -20.227
3 16 19.594 2.567 -20.227 23.006 4.01 -22.938 20.564 2.222 -19.453
4 16 41.243 16.788 -44.266 41.893 16.765 -44.205 41.599 15.158 -41.205 40.474 15.344 -41.553
4 16 40.091 12.904 -37.226 38.422 13.385 -38.104 40.474 15.344 -41.553 41.599 15.158 -41.205
3 16 41.599 15.158 -41.205 41.893 16.765 -44.205 42.544 16.742 -44.143
3 16 41.893 16.765 -44.205 42.159 17.391 -45.361 42.544 16.742 -44.143
3 16 42.159 17.391 -45.361 41.893 16.765 -44.205 41.243 16.788 -44.266
3 16 42.544 16.742 -44.143 42.159 17.391 -45.361 43.065 17.614 -45.781
3 16 20.564 2.222 -19.453 23.006 4.01 -22.938 24.438 3.239 -21.539
3 16 23.006 4.01 -22.938 26.949 5.878 -26.026 24.438 3.239 -21.539
3 16 24.438 3.239 -21.539 26.949 5.878 -26.026 29.167 4.673 -24.081
4 16 34.407 6.509 -26.903 29.167 4.673 -24.081 26.949 5.878 -26.026 31.366 8.041 -29.342
3 16 34.407 6.509 -26.903 31.366 8.041 -29.342 38.017 10.302 -32.846
3 16 38.017 10.302 -32.846 31.366 8.041 -29.342 35.95 11.262 -34.527
4 16 38.017 10.302 -32.846 35.95 11.262 -34.527 38.422 13.385 -38.104 40.091 12.904 -37.226
4 16 19.068 .003 -21.612 21.604 0 -24.527 21.604 4.305 -24.527 18.633 2.721 -21.075
3 16 18.633 2.721 -21.075 16.104 0 -17.574 19.068 .003 -21.612
3 16 15.579 1.106 -16.764 16.104 0 -17.574 18.633 2.721 -21.075
3 16 16.104 0 -17.574 15.579 1.106 -16.764 13.395 0 -12.991
3 16 13.395 0 -12.991 15.579 1.106 -16.764 13.395 .591 -12.991
4 16 11.166 0 -8.157 13.395 0 -12.991 13.395 .591 -12.991 11.166 .212 -8.157
3 16 10 0 -4.95 11.166 0 -8.157 11.166 .212 -8.157
3 16 21.442 16.948 -58.896 20.579 15.105 -53.919 25.506 19.401 -59.19
3 16 25.506 19.401 -59.19 20.579 15.105 -53.919 25.987 16.432 -50.199
3 16 21.442 16.948 -58.896 25.506 19.401 -59.19 21.421 18.725 -63.696
3 16 21.421 18.725 -63.696 25.506 19.401 -59.19 24.504 21.008 -64.534
3 16 21.421 18.725 -63.696 24.504 21.008 -64.534 19.978 21.18 -70.325
3 16 19.978 21.18 -70.325 24.504 21.008 -64.534 22.83 22.896 -71.01
3 16 19.635 23.493 -75.55 19.978 21.18 -70.325 22.83 22.896 -71.01
3 16 17.942 22.916 -75.013 19.978 21.18 -70.325 19.635 23.493 -75.55
3 16 19.635 23.493 -75.55 17.813 23.077 -75.457 17.942 22.916 -75.013
3 16 19.635 23.493 -75.55 17.907 23.218 -75.852 17.813 23.077 -75.457
4 16 17.907 23.218 -75.852 19.635 23.493 -75.55 18.505 23.561 -76.656 18.156 23.404 -76.348
3 16 19.635 23.493 -75.55 19.03 23.714 -76.82 18.505 23.561 -76.656
3 16 20.579 15.105 -53.919 18.623 13.079 -48.446 25.987 16.432 -50.199
3 16 25.987 16.432 -50.199 18.623 13.079 -48.446 26.108 15.156 -46.35
3 16 18.623 13.079 -48.446 26.229 13.879 -42.5 26.108 15.156 -46.35
3 16 15.9 11.201 -43.375 26.229 13.879 -42.5 18.623 13.079 -48.446
3 16 26.229 13.879 -42.5 15.9 11.201 -43.375 25.646 11.245 -35.761
3 16 25.646 11.245 -35.761 15.9 11.201 -43.375 11.738 9.35 -38.029
3 16 11.738 9.35 -38.029 19.93 9.636 -31.74 25.646 11.245 -35.761
3 16 9.065 8.66 -35.688 19.93 9.636 -31.74 11.738 9.35 -38.029
3 16 19.93 9.636 -31.74 9.065 8.66 -35.688 15.567 8.283 -27.722
3 16 15.567 8.283 -27.722 9.065 8.66 -35.688 7.915 8.28 -34.285
3 16 7.472 7.804 -32.357 15.567 8.283 -27.722 7.915 8.28 -34.285
3 16 11.386 6.853 -23.087 15.567 8.283 -27.722 7.472 7.804 -32.357
3 16 7.141 7.055 -28.837 11.386 6.853 -23.087 7.472 7.804 -32.357
3 16 6.279 6.501 -25.592 11.386 6.853 -23.087 7.141 7.055 -28.837
3 16 4.574 6.034 -21.949 11.386 6.853 -23.087 6.279 6.501 -25.592
3 16 4.574 6.034 -21.949 7.071 5.235 -17.071 11.386 6.853 -23.087
3 16 3.827 5.7063 -19.239 7.071 5.235 -17.071 4.574 6.034 -21.949
3 16 2.8964 5.815 -19.4241 3.827 5.7063 -19.239 4.574 6.034 -21.949
3 16 19.806 23.739 -76.626 19.03 23.714 -76.82 19.635 23.493 -75.55
3 16 21.181 23.672 -75.688 19.806 23.739 -76.626 19.635 23.493 -75.55
4 16 25.441 23.432 -72.345 21.181 23.672 -75.688 19.635 23.493 -75.55 22.83 22.896 -71.01
3 16 28.067 21.908 -65.887 25.441 23.432 -72.345 22.83 22.896 -71.01
3 16 30.615 23.066 -67.216 25.441 23.432 -72.345 28.067 21.908 -65.887
3 16 32.012 20.591 -60.238 30.615 23.066 -67.216 28.067 21.908 -65.887
3 16 36 22.557 -60 30.615 23.066 -67.216 32.012 20.591 -60.238
3 16 27.889 16.803 -49.839 34.034 20.623 -52.12 32.012 20.591 -60.238
3 16 32.012 20.591 -60.238 34.034 20.623 -52.12 36 22.557 -60
3 16 27.889 16.803 -49.839 33.218 18.887 -45.807 34.034 20.623 -52.12
3 16 27.059 15.341 -46.17 33.218 18.887 -45.807 27.889 16.803 -49.839
3 16 26.229 13.879 -42.5 33.218 18.887 -45.807 27.059 15.341 -46.17
3 16 33.072 16.711 -38.66 33.218 18.887 -45.807 26.229 13.879 -42.5
4 16 26.229 13.879 -42.5 25.646 11.245 -35.761 33.75 14.71 -31.5 33.072 16.711 -38.66
3 16 10 5.823 -4.72 13.636 6.403 -11.74 10 5.782 -10
3 16 10 5.782 -10 13.636 6.403 -11.74 9.239 5.655 -13.827
4 16 13.636 6.403 -11.74 18.3 7.923 -18.318 11.386 6.853 -23.087 9.239 5.655 -13.827
3 16 7.071 5.235 -17.071 9.239 5.655 -13.827 11.386 6.853 -23.087
3 16 18.3 7.923 -18.318 15.567 8.283 -27.722 11.386 6.853 -23.087
3 16 23.208 9.884 -23.59 15.567 8.283 -27.722 18.3 7.923 -18.318
3 16 15.567 8.283 -27.722 23.208 9.884 -23.59 19.93 9.636 -31.74
3 16 19.93 9.636 -31.74 23.208 9.884 -23.59 29.113 12.381 -28.482
3 16 29.113 12.381 -28.482 25.646 11.245 -35.761 19.93 9.636 -31.74
3 16 33.75 14.71 -31.5 25.646 11.245 -35.761 29.113 12.381 -28.482
4 16 13.431 3.972 -5.149 15.784 4.34 -3.978 21.941 5.422 -8.515 16.807 4.55 -8.973
3 16 16.807 4.55 -8.973 21.941 5.422 -8.515 13.636 4.003 -11.74
3 16 13.636 4.003 -11.74 21.941 5.422 -8.515 18.083 5.015 -18.116
3 16 21.941 5.422 -8.515 27.863 6.717 -12.073 18.083 5.015 -18.116
3 16 18.083 5.015 -18.116 27.863 6.717 -12.073 25.002 6.773 -21.842
4 16 13.431 3.972 -5.149 16.807 4.55 -8.973 13.636 4.003 -11.74 11.05 3.571 -7.003
3 16 25.002 6.773 -21.842 27.863 6.717 -12.073 35.32 8.819 -15.609
3 16 35.32 8.819 -15.609 34.015 9.179 -21.94 31.963 8.566 -21.95
4 16 35.32 8.819 -15.609 31.963 8.566 -21.95 27.235 7.44 -23.036 25.002 6.773 -21.842
3 16 35.32 8.819 -15.609 37.655 10.59 -23.115 34.015 9.179 -21.94
3 16 42 11.538 -18 37.655 10.59 -23.115 35.32 8.819 -15.609
4 16 38.723 18.359 -41.25 35.841 16.403 -38.183 38.284 14.039 -33.463 41.01 17.568 -39.477
3 16 38.284 14.039 -33.463 35.841 16.403 -38.183 33.239 14.749 -35.845
3 16 33.239 14.749 -35.845 33.75 12.797 -31.5 38.284 14.039 -33.463
3 16 38.284 14.039 -33.463 33.75 12.797 -31.5 36.985 12.52 -31
3 16 41.764 18.772 -41.669 38.723 18.359 -41.25 41.01 17.568 -39.477
3 16 33.75 12.797 -31.5 29.307 10.807 -28.621 36.985 12.52 -31
3 16 36.985 12.52 -31 29.307 10.807 -28.621 27.235 7.44 -23.036
3 16 23.207 7.681 -23.59 27.235 7.44 -23.036 29.307 10.807 -28.621
3 16 25.002 6.773 -21.842 27.235 7.44 -23.036 23.207 7.681 -23.59
3 16 25.002 6.773 -21.842 23.207 7.681 -23.59 18.083 5.015 -18.116
3 16 38.723 18.359 -41.25 41.764 18.772 -41.669 41.104 20.062 -44.088
3 16 41.104 20.062 -44.088 41.764 18.772 -41.669 42.517 19.976 -43.861
3 16 42.517 19.976 -43.861 42.141 20.761 -45.352 41.104 20.062 -44.088
3 16 43.065 20.989 -45.781 42.141 20.761 -45.352 42.517 19.976 -43.861
3 16 10 3.612 -4.717 11.05 3.879 -7.003 10 5.823 -4.72
3 16 10 5.823 -4.72 11.05 3.879 -7.003 13.636 6.403 -11.74
4 16 13.636 6.403 -11.74 11.05 3.879 -7.003 11.05 3.571 -7.003 13.636 4.003 -11.74
3 16 18.083 5.015 -18.116 13.636 6.403 -11.74 13.636 4.003 -11.74
3 16 18.3 7.923 -18.318 13.636 6.403 -11.74 18.083 5.015 -18.116
4 16 23.208 9.884 -23.59 18.3 7.923 -18.318 18.083 5.015 -18.116 23.207 7.681 -23.59
4 16 29.113 12.381 -28.482 23.208 9.884 -23.59 23.207 7.681 -23.59 29.307 10.807 -28.621
4 16 33.75 14.71 -31.5 29.113 12.381 -28.482 29.307 10.807 -28.621 33.75 12.797 -31.5
3 16 25.441 20.632 -72.345 22.58 19.271 -71.882 21.181 20.872 -75.688
3 16 21.181 20.872 -75.688 22.58 19.271 -71.882 20.252 20.315 -75.275
3 16 19.819 20.938 -76.619 21.181 20.872 -75.688 20.252 20.315 -75.275
3 16 25.441 20.632 -72.345 25.638 17.437 -65.923 22.58 19.271 -71.882
3 16 30.615 20.266 -67.216 25.638 17.437 -65.923 25.441 20.632 -72.345
3 16 30.615 20.266 -67.216 27.508 15.698 -60.273 25.638 17.437 -65.923
3 16 36 19.75 -60 27.508 15.698 -60.273 30.615 20.266 -67.216
3 16 19.819 20.938 -76.619 20.252 20.315 -75.275 19.03 20.79 -76.82
4 16 11.166 .212 -8.157 12.602 .474 -1.234 10 0 1.25 10 0 -4.95
3 16 12.602 .474 -1.234 11.166 .212 -8.157 16.295 1.046 -4.391
4 16 21.941 2.047 -8.515 16.295 1.046 -4.391 11.166 .212 -8.157 13.395 .591 -12.991
3 16 15.579 1.106 -16.764 21.941 2.047 -8.515 13.395 .591 -12.991
4 16 29.245 3.687 -12.803 21.941 2.047 -8.515 15.579 1.106 -16.764 20.564 2.222 -19.453
3 16 29.245 3.687 -12.803 20.564 2.222 -19.453 24.438 3.239 -21.539
4 16 24.438 3.239 -21.539 29.167 4.673 -24.081 35.32 5.444 -15.609 29.245 3.687 -12.803
3 16 29.167 4.673 -24.081 34.407 6.509 -26.903 35.32 5.444 -15.609
3 16 35.32 5.444 -15.609 34.407 6.509 -26.903 42 8.163 -18
3 16 41.599 15.158 -41.205 46.157 17.454 -37.362 40.091 12.904 -37.226
3 16 40.091 12.904 -37.226 46.157 17.454 -37.362 46.304 15.756 -31.651
3 16 40.091 12.904 -37.226 46.304 15.756 -31.651 38.017 10.302 -32.846
3 16 38.017 10.302 -32.846 46.304 15.756 -31.651 44.629 12.4 -24.986
3 16 38.017 10.302 -32.846 44.629 12.4 -24.986 34.407 6.509 -26.903
3 16 34.407 6.509 -26.903 44.629 12.4 -24.986 42 8.163 -18
3 16 41.599 15.158 -41.205 45.616 18.487 -41.961 46.157 17.454 -37.362
3 16 42.544 16.742 -44.143 45.616 18.487 -41.961 41.599 15.158 -41.205
3 16 45.616 18.487 -41.961 42.544 16.742 -44.143 45.102 18.601 -43.632
3 16 45.102 18.601 -43.632 42.544 16.742 -44.143 44.298 18.483 -45.346
3 16 44.298 18.483 -45.346 42.544 16.742 -44.143 43.065 17.614 -45.781
3 16 2.063 17.168 -100 0 19.735 -100 2.063 19.735 -100
3 16 0 19.735 -100 2.063 17.168 -100 0 15.99 -100
3 16 37.326 11.086 -25.316 34.015 9.179 -21.94 37.655 10.59 -23.115
4 16 34.015 9.179 -21.94 37.326 11.086 -25.316 27.235 7.44 -23.036 31.963 8.566 -21.95
3 16 27.235 7.44 -23.036 37.326 11.086 -25.316 36.985 12.52 -31
3 16 23.791 6.243 -29.547 21.604 4.305 -24.527 20.271 4.705 -27.889
2 24 26.504 4.196 -2.771 23.592 3.448 -.1
2 24 26.271 4.332 -4.561 27.102 4.46 -4.735
2 24 23.592 3.448 -.1 20.174 2.57 1.635
2 24 27.844 4.54 -4.507 26.504 4.196 -2.771
2 24 27.102 4.46 -4.735 27.844 4.54 -4.507
2 24 20.174 2.57 1.635 16.366 1.592 2.4
2 24 16.366 1.592 2.4 12.435 .583 2.427
2 24 10 .143 1.25 12.279 1.015 -.937
2 24 12.435 .583 2.427 10 0 2.427
2 24 10 0 2.427 10 .143 1.25
2 24 12.279 1.015 -.937 15.784 1.867 -3.978
2 24 15.784 1.867 -3.978 17.797 2.38 -3.399
2 24 17.797 2.38 -3.399 20.858 3.182 -3.152
2 24 20.858 3.182 -3.152 23.856 3.861 -3.62
2 24 23.856 3.861 -3.62 26.271 4.332 -4.561
2 24 24.5 3.591 7 20.734 2.539 7.459
2 24 26.952 4.276 3.401 24.5 3.591 7
2 24 28.196 4.623 -.005 26.952 4.276 3.401
2 24 28.632 4.745 -3.036 28.196 4.623 -.005
2 24 28.428 4.692 -3.904 28.632 4.745 -3.036
2 24 27.844 4.54 -4.507 28.428 4.692 -3.904
2 24 20.734 2.539 7.459 17.236 1.562 8.785
2 24 17.236 1.562 8.785 13.85 .616 11.174
2 24 10 0 15.25 10 0 2.427
2 24 13.85 .616 11.174 10 0 15.25
2 24 46.186 18.791 -30.864 46.159 20.618 -36.692
2 24 44.167 15.039 -23.727 46.186 18.791 -30.864
2 24 37.326 11.086 -25.316 37.655 10.59 -23.115
2 24 36.985 12.52 -31 37.326 11.086 -25.316
2 24 38.284 14.039 -33.463 36.985 12.52 -31
2 24 41.01 17.568 -39.477 38.284 14.039 -33.463
2 24 41.764 18.772 -41.669 41.01 17.568 -39.477
2 24 37.655 10.59 -23.115 42 11.538 -18
2 24 42 11.538 -18 44.167 15.039 -23.727
2 24 46.159 20.618 -36.692 45.616 21.862 -41.961
2 24 45.616 21.862 -41.961 45.093 21.977 -43.661
2 24 45.093 21.977 -43.661 44.279 21.848 -45.364
2 24 42.517 19.976 -43.861 41.764 18.772 -41.669
2 24 43.065 20.989 -45.781 42.517 19.976 -43.861
2 24 44.279 21.848 -45.364 43.065 20.989 -45.781
2 24 26.229 13.879 -42.5 27.059 15.341 -46.17
2 24 26.108 15.156 -46.35 26.229 13.879 -42.5
2 24 27.059 15.341 -46.17 27.889 16.803 -49.839
2 24 25.987 16.432 -50.199 26.108 15.156 -46.35
2 24 25.506 19.401 -59.19 25.987 16.432 -50.199
2 24 27.889 16.803 -49.839 32.012 20.591 -60.238
2 24 32.012 20.591 -60.238 28.067 21.908 -65.887
2 24 24.504 21.008 -64.534 25.506 19.401 -59.19
2 24 22.83 22.896 -71.01 24.504 21.008 -64.534
2 24 28.067 21.908 -65.887 22.83 22.896 -71.01
2 24 20.252 20.315 -75.275 22.58 19.271 -71.882
2 24 19.851 18.514 -70.686 17.9 20.146 -75.095
2 24 22.58 19.271 -71.882 25.638 17.437 -65.923
2 24 21.314 16.282 -64.659 19.851 18.514 -70.686
2 24 17.9 20.146 -75.095 17.813 20.278 -75.457
2 24 25.638 17.437 -65.923 27.508 15.698 -60.273
2 24 21.505 14.504 -59.859 21.314 16.282 -64.659
2 24 27.508 15.698 -60.273 27.538 13.775 -54.025
2 24 20.829 12.685 -54.944 21.505 14.504 -59.859
2 24 17.813 20.278 -75.457 17.925 20.438 -75.906
2 24 17.925 20.438 -75.906 18.151 20.595 -76.349
2 24 18.151 20.595 -76.349 18.501 20.685 -76.66
2 24 18.501 20.685 -76.66 19.03 20.79 -76.82
2 24 19.03 20.79 -76.82 20.252 20.315 -75.275
2 24 19.121 10.706 -49.6 20.829 12.685 -54.944
2 24 27.538 13.775 -54.025 26.78 11.557 -46.818
2 24 16.701 8.897 -44.714 19.121 10.706 -49.6
2 24 26.78 11.557 -46.818 25.147 9.349 -39.643
2 24 25.147 9.349 -39.643 22.987 7.449 -33.468
2 24 15.122 7.952 -42.161 16.701 8.897 -44.714
2 24 22.987 7.449 -33.468 20.081 5.883 -28.379
2 24 20.081 5.883 -28.379 15.122 7.952 -42.161
2 24 23.856 7.138 -3.62 20.858 6.375 -3.152
2 24 20.734 6.343 7.459 24.5 7.302 7
2 24 24.5 7.302 7 26.934 7.933 3.43
2 24 26.934 7.933 3.43 28.196 8.242 -.005
2 24 26.271 7.752 -4.561 23.856 7.138 -3.62
2 24 27.148 7.976 -4.732 26.271 7.752 -4.561
2 24 27.842 8.152 -4.508 27.148 7.976 -4.732
2 24 28.413 8.297 -3.93 27.842 8.152 -4.508
2 24 28.632 8.353 -3.036 28.413 8.297 -3.93
2 24 28.196 8.242 -.005 28.632 8.353 -3.036
2 24 17.236 5.453 8.785 20.734 6.343 7.459
2 24 17.797 5.596 -3.399 16.278 5.209 -3.803
2 24 13.85 4.591 11.174 17.236 5.453 8.785
2 24 10 3.612 15.25 13.85 4.591 11.174
2 24 10 3.612 6.303 10 3.612 15.25
2 24 10 3.612 -4.717 10 3.612 6.303
2 24 16.278 5.209 -3.803 13.431 4.485 -5.149
2 24 13.431 4.485 -5.149 11.05 3.879 -7.003
2 24 11.05 3.879 -7.003 10 3.612 -4.717
2 24 20.858 6.375 -3.152 17.797 5.596 -3.399
2 24 10 5.823 -4.72 10 5.782 -10
2 24 10 5.782 -10 9.239 5.655 -13.827
2 24 9.239 5.655 -13.827 7.071 5.235 -17.071
2 24 10 3.612 -4.717 10 5.823 -4.72
2 24 10 0 15.25 10 3.612 15.25
2 24 3.827 5.7063 -19.239 2.8964 5.815 -19.4241
2 24 7.071 5.235 -17.071 3.827 5.7063 -19.239
2 24 2.8964 5.815 -19.4241 2.8964 5 -19.4241
2 24 2.8964 5 -19.4241 0 5 -20
2 24 12.602 .474 -1.234 16.295 1.046 -4.391
2 24 10 0 1.25 12.602 .474 -1.234
2 24 10 0 2.427 10 0 1.25
2 24 16.295 1.046 -4.391 21.941 2.047 -8.515
2 24 27.863 6.717 -12.073 21.941 5.422 -8.515
2 24 21.941 2.047 -8.515 29.245 3.687 -12.803
2 24 21.941 5.422 -8.515 15.784 4.34 -3.978
2 24 15.784 4.34 -3.978 15.784 1.867 -3.978
2 24 29.245 3.687 -12.803 35.32 5.444 -15.609
2 24 35.32 8.819 -15.609 27.863 6.717 -12.073
2 24 35.32 5.444 -15.609 42 8.163 -18
2 24 42 8.163 -18 42 11.538 -18
2 24 42 11.538 -18 35.32 8.819 -15.609
2 24 46.304 15.756 -31.651 46.157 17.454 -37.362
2 24 44.629 12.4 -24.986 46.304 15.756 -31.651
2 24 42 8.163 -18 44.629 12.4 -24.986
2 24 46.157 17.454 -37.362 45.616 18.487 -41.961
2 24 45.616 18.487 -41.961 45.102 18.601 -43.632
2 24 45.102 18.601 -43.632 44.298 18.483 -45.346
2 24 44.298 18.483 -45.346 43.065 17.614 -45.781
2 24 42.141 20.761 -45.352 43.065 20.989 -45.781
2 24 43.065 17.614 -45.781 42.159 17.391 -45.361
2 24 41.104 20.062 -44.088 42.141 20.761 -45.352
2 24 42.159 17.391 -45.361 41.243 16.788 -44.266
2 24 38.723 18.359 -41.25 41.104 20.062 -44.088
2 24 41.243 16.788 -44.266 39.356 15.41 -41.964
2 24 35.841 16.403 -38.183 38.723 18.359 -41.25
2 24 39.356 15.41 -41.964 36.771 13.644 -39.1
2 24 36.771 13.644 -39.1 33.936 11.807 -36.44
2 24 28.331 9.574 -32.2 33.24 12.995 -35.845
2 24 33.936 11.807 -36.44 28.465 8.607 -32.288
2 24 23.79 7.47 -29.547 28.331 9.574 -32.2
2 24 28.465 8.607 -32.288 23.791 6.243 -29.547
2 24 33.24 12.995 -35.845 33.239 14.749 -35.845
2 24 33.239 14.749 -35.845 35.841 16.403 -38.183
2 24 20.271 5.956 -27.889 23.79 7.47 -29.547
2 24 23.791 6.243 -29.547 20.271 4.705 -27.889
2 24 20.271 4.705 -27.889 20.271 5.956 -27.889
2 24 15.784 4.34 -3.978 13.431 3.972 -5.149
2 24 13.431 3.972 -5.149 11.05 3.571 -7.003
2 24 11.05 3.571 -7.003 11.05 3.879 -7.003
2 24 24.5 7.302 7 24.5 3.591 7
2 24 10 0 -4.95 10 0 1.25
2 24 11.166 0 -8.157 10 0 -4.95
2 24 13.395 0 -12.991 11.166 0 -8.157
2 24 16.104 0 -17.574 13.395 0 -12.991
2 24 19.068 .003 -21.612 16.104 0 -17.574
2 24 21.604 0 -24.527 19.068 .003 -21.612
2 24 11.04 0 -30.373 21.604 0 -24.527
2 24 0 0 -35.035 11.04 0 -30.373
2 24 6.279 5 -25.592 7.141 5 -28.837
2 24 4.574 5 -21.949 6.279 5 -25.592
2 24 2.8964 5 -19.4241 4.574 5 -21.949
2 24 7.141 5 -28.837 7.473 5 -32.387
2 24 7.473 5 -32.387 0 5 -35
2 24 2.8964 5.815 -19.4241 4.574 6.034 -21.949
2 24 4.574 6.034 -21.949 6.279 6.501 -25.592
2 24 6.279 6.501 -25.592 7.141 7.055 -28.837
2 24 7.141 7.055 -28.837 7.472 7.804 -32.357
2 24 7.973 5.953 -34.399 7.473 5 -32.387
2 24 7.472 7.804 -32.357 7.915 8.28 -34.285
2 24 9.188 6.548 -35.785 7.973 5.953 -34.399
2 24 7.915 8.28 -34.285 9.065 8.66 -35.688
2 24 11.779 7.786 -38.07 9.188 6.548 -35.785
2 24 9.065 8.66 -35.688 11.738 9.35 -38.029
2 24 15.122 10.286 -42.161 11.779 7.786 -38.07
2 24 11.738 9.35 -38.029 15.9 11.201 -43.375
2 24 15.122 7.952 -42.161 15.122 10.286 -42.161
2 24 15.9 11.201 -43.375 18.623 13.079 -48.446
2 24 18.623 13.079 -48.446 20.579 15.105 -53.919
2 24 20.579 15.105 -53.919 21.442 16.948 -58.896
2 24 21.442 16.948 -58.896 21.421 18.725 -63.696
2 24 21.421 18.725 -63.696 19.978 21.18 -70.325
2 24 19.978 21.18 -70.325 17.942 22.916 -75.013
2 24 17.942 22.916 -75.013 17.813 23.077 -75.457
2 24 17.813 23.077 -75.457 17.907 23.218 -75.852
2 24 17.907 23.218 -75.852 18.156 23.404 -76.348
2 24 18.156 23.404 -76.348 18.505 23.561 -76.656
2 24 18.505 23.561 -76.656 19.03 23.714 -76.82
2 24 19.819 20.938 -76.619 19.03 20.79 -76.82
2 24 19.03 23.714 -76.82 19.806 23.739 -76.626
2 24 19.806 23.739 -76.626 21.181 23.672 -75.688
2 24 21.181 20.872 -75.688 19.819 20.938 -76.619
2 24 21.181 23.672 -75.688 25.441 23.432 -72.345
2 24 25.441 20.632 -72.345 21.181 20.872 -75.688
2 24 25.441 23.432 -72.345 30.615 23.066 -67.216
2 24 30.615 20.266 -67.216 25.441 20.632 -72.345
2 24 30.615 23.066 -67.216 36 22.557 -60
2 24 36 22.557 -60 36 19.75 -60
2 24 36 19.75 -60 30.615 20.266 -67.216
2 24 13.1 12.29 -48.53 9.58 16.055 -60.93
2 24 9.58 16.055 -60.93 6.087 20.789 -75.942
2 24 6.087 20.789 -75.942 4.591 23.318 -83.396
2 24 15.122 10.286 -42.161 13.1 12.29 -48.53
2 24 4.591 23.318 -83.396 4.359 23.529 -84.692
2 24 4.359 23.529 -84.692 4.14 23.37 -85.945
2 24 4.14 23.37 -85.945 2.931 21.403 -93.553
2 24 2.931 21.403 -93.553 2.063 19.735 -100
2 24 2.063 19.735 -100 0 19.735 -100
2 24 5.755 17.388 -77.496 9.154 11.796 -62.556
2 24 9.154 11.796 -62.556 12.817 7.347 -49.451
2 24 12.817 7.347 -49.451 16.966 3.421 -36.789
2 24 4.451 20.04 -84.174 5.755 17.388 -77.496
2 24 16.966 3.421 -36.789 21.604 0 -24.527
2 24 4.278 20.303 -85.152 4.451 20.04 -84.174
2 24 4.106 20.316 -86.144 4.278 20.303 -85.152
2 24 2.931 19.028 -93.553 4.106 20.316 -86.144
2 24 2.063 17.168 -100 2.931 19.028 -93.553
2 24 0 15.99 -100 2.063 17.168 -100
2 24 20.271 4.705 -27.889 21.604 4.305 -24.527
2 24 21.604 4.305 -24.527 21.604 0 -24.527
2 24 20.081 5.883 -28.379 20.271 5.956 -27.889
2 24 2.063 17.168 -100 2.063 19.735 -100
2 24 33.064 13.984 -38.891 33.24 12.995 -35.845
2 24 33.259 16.232 -46.312 33.064 13.984 -38.891
2 24 34.034 17.823 -52.12 33.259 16.232 -46.312
2 24 27.508 15.698 -60.273 36 19.75 -60
2 24 36 19.75 -60 34.034 17.823 -52.12
2 24 33.218 18.887 -45.807 33.072 16.711 -38.66
2 24 33.072 16.711 -38.66 33.75 14.71 -31.5
2 24 33.75 12.797 -31.5 33.239 14.749 -35.845
2 24 33.75 14.71 -31.5 33.75 12.797 -31.5
2 24 34.034 20.623 -52.12 33.218 18.887 -45.807
2 24 36 22.557 -60 34.034 20.623 -52.12
2 24 18.633 2.721 -21.075 21.604 4.305 -24.527
2 24 15.579 1.106 -16.764 18.633 2.721 -21.075
2 24 20.564 2.222 -19.453 15.579 1.106 -16.764
2 24 42.544 16.742 -44.143 41.599 15.158 -41.205
2 24 43.065 17.614 -45.781 42.544 16.742 -44.143
2 24 41.599 15.158 -41.205 40.091 12.904 -37.226
2 24 24.438 3.239 -21.539 20.564 2.222 -19.453
2 24 29.167 4.673 -24.081 24.438 3.239 -21.539
2 24 34.407 6.509 -26.903 29.167 4.673 -24.081
2 24 38.017 10.302 -32.846 34.407 6.509 -26.903
2 24 40.091 12.904 -37.226 38.017 10.302 -32.846
2 24 15.579 1.106 -16.764 13.395 .591 -12.991
2 24 13.395 .591 -12.991 11.166 .212 -8.157
2 24 11.166 .212 -8.157 10 0 -4.95
2 24 22.83 22.896 -71.01 19.635 23.493 -75.55
2 24 19.635 23.493 -75.55 19.03 23.714 -76.82
2 24 25.646 11.245 -35.761 26.229 13.879 -42.5
2 24 19.93 9.636 -31.74 25.646 11.245 -35.761
2 24 15.567 8.283 -27.722 19.93 9.636 -31.74
2 24 11.386 6.853 -23.087 15.567 8.283 -27.722
2 24 7.071 5.235 -17.071 11.386 6.853 -23.087
2 24 32.012 20.591 -60.238 36 22.557 -60
2 24 25.646 11.245 -35.761 33.75 14.71 -31.5
2 24 10 5.823 -4.72 13.636 6.403 -11.74
2 24 13.636 6.403 -11.74 18.3 7.923 -18.318
2 24 18.3 7.923 -18.318 23.208 9.884 -23.59
2 24 23.208 9.884 -23.59 29.113 12.381 -28.482
2 24 29.113 12.381 -28.482 33.75 14.71 -31.5
2 24 18.083 5.015 -18.116 13.636 4.003 -11.74
2 24 25.002 6.773 -21.842 18.083 5.015 -18.116
2 24 13.636 4.003 -11.74 11.05 3.571 -7.003
2 24 34.015 9.179 -21.94 31.963 8.566 -21.95
2 24 27.235 7.44 -23.036 25.002 6.773 -21.842
2 24 31.963 8.566 -21.95 27.235 7.44 -23.036
2 24 37.655 10.59 -23.115 34.015 9.179 -21.94
2 24 33.75 12.797 -31.5 29.307 10.807 -28.621
2 24 27.235 7.44 -23.036 36.985 12.52 -31
2 24 29.307 10.807 -28.621 23.207 7.681 -23.59
2 24 23.207 7.681 -23.59 18.083 5.015 -18.116
2 24 34.407 6.509 -26.903 42 8.163 -18

5 24 29.113 12.381 -28.482 25.646 11.245 -35.761 33.75 14.71 -31.5 19.93 9.636 -31.74
5 24 19.93 9.636 -31.74 29.113 12.381 -28.482 23.208 9.884 -23.59 25.646 11.245 -35.761
5 24 0 8.753 -47.988 9.188 6.548 -35.785 7.973 5.953 -34.399 11.779 7.786 -38.07
5 24 23.79 7.47 -29.547 23.791 6.243 -29.547 20.271 4.705 -27.889 28.331 9.574 -32.2
5 24 7.973 5.953 -34.399 0 8.753 -47.988 0 5 -35 9.188 6.548 -35.785
5 24 11.04 0 -30.373 0 2.703 -45.164 0 0 -35.035 16.966 3.421 -36.789
5 24 20.081 5.883 -28.379 20.271 4.705 -27.889 20.271 5.956 -27.889 16.966 3.421 -36.789
5 24 17.023 2.211 -.483 17.797 2.38 -3.399 12.279 1.015 -.937 20.485 3.01 -.746
5 24 34.407 6.509 -26.903 44.629 12.4 -24.986 42 8.163 -18 38.017 10.302 -32.846
5 24 34.407 6.509 -26.903 35.32 5.444 -15.609 29.167 4.673 -24.081 42 8.163 -18
5 24 34.407 6.509 -26.903 31.366 8.041 -29.342 38.017 10.302 -32.846 29.167 4.673 -24.081
5 24 19.93 9.636 -31.74 23.208 9.884 -23.59 15.567 8.283 -27.722 29.113 12.381 -28.482
5 24 9.188 6.548 -35.785 7.915 8.28 -34.285 9.065 8.66 -35.688 7.973 5.953 -34.399
5 24 43.065 20.989 -45.781 43.065 17.614 -45.781 42.159 17.391 -45.361 44.279 21.848 -45.364
5 24 27.842 8.152 -4.508 27.844 4.54 -4.507 28.413 8.297 -3.93 27.102 4.46 -4.735
5 24 23.711 3.723 -1.853 20.485 3.01 -.746 23.592 3.448 -.1 20.858 3.182 -3.152
5 24 0 8.753 -47.988 13.1 12.29 -48.53 9.58 16.055 -60.93 11.779 7.786 -38.07
5 24 13.636 6.403 -11.74 9.239 5.655 -13.827 18.3 7.923 -18.318 10 5.782 -10
5 24 18.505 23.561 -76.656 19.635 23.493 -75.55 19.03 23.714 -76.82 18.156 23.404 -76.348
5 24 12.435 .583 2.427 17.236 1.562 8.785 13.85 .616 11.174 16.366 1.592 2.4
5 24 43.21 18.531 -37.243 46.159 20.618 -36.692 46.186 18.791 -30.864 43.605 19.696 -40.08
5 24 41.893 16.765 -44.205 41.243 16.788 -44.266 42.159 17.391 -45.361 41.599 15.158 -41.205
5 24 22.58 19.271 -71.882 19.851 18.514 -70.686 20.252 20.315 -75.275 25.638 17.437 -65.923
5 24 17.9 20.146 -75.095 17.942 22.916 -75.013 17.813 20.278 -75.457 19.851 18.514 -70.686
5 24 12.279 1.015 -.937 12.602 .474 -1.234 15.784 1.867 -3.978 10 .143 1.25
5 24 12.602 .474 -1.234 11.166 .212 -8.157 10 0 1.25 16.295 1.046 -4.391
5 24 15.122 7.952 -42.161 16.966 3.421 -36.789 12.817 7.347 -49.451 20.081 5.883 -28.379
5 24 36.771 13.644 -39.1 38.422 13.385 -38.104 33.936 11.807 -36.44 39.356 15.41 -41.964
5 24 19.594 2.567 -20.227 15.579 1.106 -16.764 20.564 2.222 -19.453 18.633 2.721 -21.075
5 24 26.949 5.878 -26.026 28.465 8.607 -32.288 31.366 8.041 -29.342 23.791 6.243 -29.547
5 24 43.999 20.862 -42.918 42.517 19.976 -43.861 41.764 18.772 -41.669 45.093 21.977 -43.661
5 24 20.734 2.539 7.459 20.734 6.343 7.459 17.236 5.453 8.785 24.5 3.591 7
5 24 13.1 12.29 -48.53 12.817 7.347 -49.451 9.154 11.796 -62.556 15.122 10.286 -42.161
5 24 42.517 19.976 -43.861 42.141 20.761 -45.352 43.065 20.989 -45.781 41.104 20.062 -44.088
5 24 20.579 15.105 -53.919 25.987 16.432 -50.199 18.623 13.079 -48.446 25.506 19.401 -59.19
5 24 39.356 15.41 -41.964 38.422 13.385 -38.104 41.243 16.788 -44.266 36.771 13.644 -39.1
5 24 23.006 4.01 -22.938 18.633 2.721 -21.075 19.594 2.567 -20.227 21.604 4.305 -24.527
5 24 17.797 5.596 -3.399 17.797 2.38 -3.399 15.784 1.867 -3.978 20.858 6.375 -3.152
5 24 13.431 4.485 -5.149 15.784 4.34 -3.978 16.278 5.209 -3.803 13.431 3.972 -5.149
5 24 33.239 14.749 -35.845 38.284 14.039 -33.463 35.841 16.403 -38.183 33.75 12.797 -31.5
5 24 18.083 5.015 -18.116 27.863 6.717 -12.073 21.941 5.422 -8.515 25.002 6.773 -21.842
5 24 45.093 21.977 -43.661 45.102 18.601 -43.632 44.298 18.483 -45.346 45.616 21.862 -41.961
5 24 19.978 21.18 -70.325 19.635 23.493 -75.55 22.83 22.896 -71.01 17.942 22.916 -75.013
5 24 7.473 5 -32.387 7.472 7.804 -32.357 7.973 5.953 -34.399 7.141 5 -28.837
5 24 25.441 23.432 -72.345 22.83 22.896 -71.01 28.067 21.908 -65.887 21.181 23.672 -75.688
5 24 26.504 4.196 -2.771 28.196 4.623 -.005 26.952 4.276 3.401 28.428 4.692 -3.904
5 24 20.252 20.315 -75.275 18.151 20.595 -76.349 17.925 20.438 -75.906 18.501 20.685 -76.66
5 24 25.002 6.773 -21.842 23.207 7.681 -23.59 27.235 7.44 -23.036 18.083 5.015 -18.116
5 24 44.167 15.039 -23.727 46.304 15.756 -31.651 46.186 18.791 -30.864 44.629 12.4 -24.986
5 24 40.956 14.97 -30.578 44.167 15.039 -23.727 46.186 18.791 -30.864 36.985 12.52 -31
5 24 38.723 18.359 -41.25 41.01 17.568 -39.477 35.841 16.403 -38.183 41.764 18.772 -41.669
5 24 18.3 7.923 -18.318 15.567 8.283 -27.722 23.208 9.884 -23.59 11.386 6.853 -23.087
5 24 26.229 13.879 -42.5 33.072 16.711 -38.66 33.218 18.887 -45.807 25.646 11.245 -35.761
5 24 11.05 3.879 -7.003 10 5.823 -4.72 13.636 6.403 -11.74 10 3.612 -4.717
5 24 4.574 6.034 -21.949 7.071 5.235 -17.071 11.386 6.853 -23.087 3.827 5.7063 -19.239
5 24 44.167 15.039 -23.727 37.655 10.59 -23.115 37.326 11.086 -25.316 42 11.538 -18
5 24 44.279 21.848 -45.364 44.298 18.483 -45.346 45.093 21.977 -43.661 43.065 17.614 -45.781
5 24 23.208 9.884 -23.59 23.207 7.681 -23.59 18.3 7.923 -18.318 29.307 10.807 -28.621
5 24 20.829 12.685 -54.944 27.538 13.775 -54.025 19.121 10.706 -49.6 21.505 14.504 -59.859
5 24 45.616 18.487 -41.961 41.599 15.158 -41.205 42.544 16.742 -44.143 46.157 17.454 -37.362
5 24 36.985 12.52 -31 29.307 10.807 -28.621 27.235 7.44 -23.036 33.75 12.797 -31.5
5 24 26.271 4.332 -4.561 26.385 4.282 -3.664 23.856 3.861 -3.62 27.102 4.46 -4.735
5 24 28.196 8.242 -.005 23.876 7.142 2.921 26.934 7.933 3.43 28.632 8.353 -3.036
5 24 12.817 7.347 -49.451 0 2.703 -45.164 0 5.824 -55.073 16.966 3.421 -36.789
5 24 15.579 1.106 -16.764 21.941 2.047 -8.515 13.395 .591 -12.991 20.564 2.222 -19.453
5 24 33.24 12.995 -35.845 33.936 11.807 -36.44 36.771 13.644 -39.1 28.331 9.574 -32.2
5 24 33.064 13.984 -38.891 28.331 9.574 -32.2 25.147 9.349 -39.643 33.24 12.995 -35.845
5 24 43.605 19.696 -40.08 43.999 20.862 -42.918 41.764 18.772 -41.669 45.616 21.862 -41.961
5 24 19.594 2.567 -20.227 23.006 4.01 -22.938 20.564 2.222 -19.453 18.633 2.721 -21.075
5 24 20.858 3.182 -3.152 23.711 3.723 -1.853 20.485 3.01 -.746 23.856 3.861 -3.62
5 24 28.331 9.574 -32.2 25.147 9.349 -39.643 33.064 13.984 -38.891 22.987 7.449 -33.468
5 24 12.279 1.015 -.937 12.435 .583 2.427 16.366 1.592 2.4 10 .143 1.25
5 24 12.435 .583 2.427 10 .143 1.25 10 0 2.427 12.279 1.015 -.937
5 24 43.605 19.696 -40.08 46.159 20.618 -36.692 45.616 21.862 -41.961 43.21 18.531 -37.243
5 24 6.087 20.789 -75.942 0 18.597 -77.199 4.591 23.318 -83.396 0 12.997 -61.816
5 24 18.623 13.079 -48.446 19.121 10.706 -49.6 16.701 8.897 -44.714 20.579 15.105 -53.919
5 24 19.806 23.739 -76.626 19.819 20.938 -76.619 19.03 20.79 -76.82 21.181 23.672 -75.688
5 24 20.252 20.315 -75.275 19.851 18.514 -70.686 22.58 19.271 -71.882 17.9 20.146 -75.095
5 24 40.091 12.904 -37.226 46.304 15.756 -31.651 46.157 17.454 -37.362 38.017 10.302 -32.846
5 24 0 18.597 -77.199 4.591 23.318 -83.396 6.087 20.789 -75.942 0 22.121 -86.311
5 24 29.307 10.807 -28.621 29.113 12.381 -28.482 33.75 12.797 -31.5 23.208 9.884 -23.59
5 24 27.102 4.46 -4.735 26.504 4.196 -2.771 27.844 4.54 -4.507 26.385 4.282 -3.664
5 24 21.941 5.422 -8.515 21.941 2.047 -8.515 27.863 6.717 -12.073 15.784 4.34 -3.978
5 24 23.791 6.243 -29.547 21.604 4.305 -24.527 20.271 4.705 -27.889 26.949 5.878 -26.026
5 24 16.104 0 -17.574 18.633 2.721 -21.075 15.579 1.106 -16.764 19.068 .003 -21.612
5 24 19.635 23.493 -75.55 21.181 23.672 -75.688 22.83 22.896 -71.01 19.806 23.739 -76.626
5 24 38.017 10.302 -32.846 44.629 12.4 -24.986 34.407 6.509 -26.903 46.304 15.756 -31.651
5 24 46.186 18.791 -30.864 40.956 14.97 -30.578 43.21 18.531 -37.243 44.167 15.039 -23.727
5 24 21.181 23.672 -75.688 21.181 20.872 -75.688 25.441 23.432 -72.345 19.819 20.938 -76.619
5 24 18.156 23.404 -76.348 18.151 20.595 -76.349 17.925 20.438 -75.906 18.505 23.561 -76.656
5 24 11.386 6.853 -23.087 4.574 6.034 -21.949 7.071 5.235 -17.071 6.279 6.501 -25.592
5 24 27.235 7.44 -23.036 29.307 10.807 -28.621 23.207 7.681 -23.59 36.985 12.52 -31
5 24 23.006 4.01 -22.938 20.564 2.222 -19.453 19.594 2.567 -20.227 24.438 3.239 -21.539
5 24 41.764 18.772 -41.669 41.104 20.062 -44.088 38.723 18.359 -41.25 42.517 19.976 -43.861
5 24 33.239 14.749 -35.845 33.072 16.711 -38.66 33.75 14.71 -31.5 33.24 12.995 -35.845
5 24 11.738 9.35 -38.029 15.122 10.286 -42.161 11.779 7.786 -38.07 15.9 11.201 -43.375
5 24 20.174 2.57 1.635 24.5 3.591 7 20.734 2.539 7.459 23.592 3.448 -.1
5 24 21.421 18.725 -63.696 24.504 21.008 -64.534 25.506 19.401 -59.19 19.978 21.18 -70.325
5 24 11.386 6.853 -23.087 18.3 7.923 -18.318 15.567 8.283 -27.722 9.239 5.655 -13.827
5 24 21.941 2.047 -8.515 15.784 1.867 -3.978 16.295 1.046 -4.391 21.941 5.422 -8.515
5 24 20.485 3.01 -.746 23.592 3.448 -.1 23.711 3.723 -1.853 20.174 2.57 1.635
5 24 4.278 20.303 -85.152 0 18.111 -84.789 0 18.21 -85.857 4.451 20.04 -84.174
5 24 33.936 11.807 -36.44 35.95 11.262 -34.527 38.422 13.385 -38.104 28.465 8.607 -32.288
5 24 25.638 17.437 -65.923 19.851 18.514 -70.686 21.314 16.282 -64.659 22.58 19.271 -71.882
5 24 20.271 4.705 -27.889 21.604 0 -24.527 16.966 3.421 -36.789 21.604 4.305 -24.527
5 24 26.934 7.933 3.43 23.876 7.142 2.921 24.5 7.302 7 28.196 8.242 -.005
5 24 34.034 20.623 -52.12 32.012 20.591 -60.238 27.889 16.803 -49.839 36 22.557 -60
5 24 20.081 5.883 -28.379 23.79 7.47 -29.547 20.271 5.956 -27.889 22.987 7.449 -33.468
5 24 12.435 .583 2.427 13.85 .616 11.174 17.236 1.562 8.785 10 0 2.427
5 24 32.012 20.591 -60.238 25.506 19.401 -59.19 27.889 16.803 -49.839 28.067 21.908 -65.887
5 24 25.506 19.401 -59.19 27.889 16.803 -49.839 32.012 20.591 -60.238 25.987 16.432 -50.199
5 24 24.438 3.239 -21.539 29.245 3.687 -12.803 29.167 4.673 -24.081 20.564 2.222 -19.453
5 24 20.081 5.883 -28.379 16.966 3.421 -36.789 15.122 7.952 -42.161 20.271 4.705 -27.889
5 24 4.574 6.034 -21.949 4.574 5 -21.949 2.8964 5 -19.4241 6.279 6.501 -25.592
5 24 39.356 15.41 -41.964 35.841 16.403 -38.183 38.723 18.359 -41.25 36.771 13.644 -39.1
5 24 45.102 18.601 -43.632 42.544 16.742 -44.143 45.616 18.487 -41.961 44.298 18.483 -45.346
5 24 28.465 8.607 -32.288 31.366 8.041 -29.342 26.949 5.878 -26.026 35.95 11.262 -34.527
5 24 44.298 18.483 -45.346 42.544 16.742 -44.143 45.102 18.601 -43.632 43.065 17.614 -45.781
5 24 43.21 18.531 -37.243 46.186 18.791 -30.864 40.956 14.97 -30.578 46.159 20.618 -36.692
5 24 19.819 20.938 -76.619 20.252 20.315 -75.275 21.181 20.872 -75.688 19.03 20.79 -76.82
5 24 4.359 23.529 -84.692 4.278 20.303 -85.152 4.591 23.318 -83.396 4.106 20.316 -86.144
5 24 30.615 23.066 -67.216 30.615 20.266 -67.216 25.441 20.632 -72.345 36 22.557 -60
5 24 2.931 21.403 -93.553 0 21.382 -93.634 2.063 19.735 -100 0 22.525 -88.694
5 24 31.366 8.041 -29.342 38.017 10.302 -32.846 35.95 11.262 -34.527 34.407 6.509 -26.903
5 24 13.395 0 -12.991 15.579 1.106 -16.764 13.395 .591 -12.991 16.104 0 -17.574
5 24 7.915 8.28 -34.285 7.973 5.953 -34.399 9.188 6.548 -35.785 7.472 7.804 -32.357
5 24 38.284 14.039 -33.463 43.21 18.531 -37.243 41.01 17.568 -39.477 40.956 14.97 -30.578
5 24 2.931 19.028 -93.553 0 17.532 -92.938 0 15.99 -100 4.106 20.316 -86.144
5 24 42.544 16.742 -44.143 45.616 18.487 -41.961 45.102 18.601 -43.632 41.599 15.158 -41.205
5 24 15.9 11.201 -43.375 15.122 10.286 -42.161 16.701 8.897 -44.714 11.738 9.35 -38.029
5 24 40.956 14.97 -30.578 43.21 18.531 -37.243 46.186 18.791 -30.864 38.284 14.039 -33.463
5 24 5.755 17.388 -77.496 6.087 20.789 -75.942 4.451 20.04 -84.174 9.154 11.796 -62.556
5 24 18.083 5.015 -18.116 18.3 7.923 -18.318 13.636 6.403 -11.74 23.207 7.681 -23.59
5 24 15.122 7.952 -42.161 22.987 7.449 -33.468 16.701 8.897 -44.714 20.081 5.883 -28.379
5 24 4.106 20.316 -86.144 0 18.21 -85.857 4.278 20.303 -85.152 0 17.532 -92.938
5 24 23.006 4.01 -22.938 26.949 5.878 -26.026 24.438 3.239 -21.539 21.604 4.305 -24.527
5 24 38.723 18.359 -41.25 41.764 18.772 -41.669 41.104 20.062 -44.088 41.01 17.568 -39.477
5 24 35.95 11.262 -34.527 31.366 8.041 -29.342 28.465 8.607 -32.288 38.017 10.302 -32.846
5 24 35.32 8.819 -15.609 25.002 6.773 -21.842 31.963 8.566 -21.95 27.863 6.717 -12.073
5 24 29.245 3.687 -12.803 27.863 6.717 -12.073 35.32 5.444 -15.609 21.941 2.047 -8.515
5 24 27.863 6.717 -12.073 21.941 2.047 -8.515 29.245 3.687 -12.803 21.941 5.422 -8.515
5 24 38.422 13.385 -38.104 33.936 11.807 -36.44 35.95 11.262 -34.527 36.771 13.644 -39.1
5 24 19.594 2.567 -20.227 20.564 2.222 -19.453 23.006 4.01 -22.938 15.579 1.106 -16.764
5 24 27.102 4.46 -4.735 26.385 4.282 -3.664 26.271 4.332 -4.561 26.504 4.196 -2.771
5 24 20.858 3.182 -3.152 20.485 3.01 -.746 17.797 2.38 -3.399 23.711 3.723 -1.853
5 24 17.813 23.077 -75.457 17.813 20.278 -75.457 17.907 23.218 -75.852 17.942 22.916 -75.013
5 24 44.167 15.039 -23.727 37.326 11.086 -25.316 37.655 10.59 -23.115 40.956 14.97 -30.578
5 24 0 22.121 -86.311 4.359 23.529 -84.692 4.591 23.318 -83.396 0 22.719 -87.857
5 24 19.93 9.636 -31.74 11.738 9.35 -38.029 25.646 11.245 -35.761 9.065 8.66 -35.688
5 24 0 22.719 -87.857 4.14 23.37 -85.945 0 22.525 -88.694 4.359 23.529 -84.692
5 24 28.465 8.607 -32.288 35.95 11.262 -34.527 31.366 8.041 -29.342 33.936 11.807 -36.44
5 24 27.538 13.775 -54.025 21.505 14.504 -59.859 20.829 12.685 -54.944 27.508 15.698 -60.273
5 24 17.813 20.278 -75.457 17.942 22.916 -75.013 17.9 20.146 -75.095 17.813 23.077 -75.457
5 24 33.072 16.711 -38.66 33.064 13.984 -38.891 33.259 16.232 -46.312 33.239 14.749 -35.845
5 24 15.567 8.283 -27.722 9.065 8.66 -35.688 7.915 8.28 -34.285 19.93 9.636 -31.74
5 24 20.579 15.105 -53.919 25.506 19.401 -59.19 21.442 16.948 -58.896 25.987 16.432 -50.199
5 24 41.243 16.788 -44.266 40.474 15.344 -41.553 38.422 13.385 -38.104 41.893 16.765 -44.205
5 24 21.181 20.872 -75.688 20.252 20.315 -75.275 22.58 19.271 -71.882 19.819 20.938 -76.619
5 24 18.623 13.079 -48.446 25.987 16.432 -50.199 26.108 15.156 -46.35 20.579 15.105 -53.919
5 24 25.646 11.245 -35.761 15.9 11.201 -43.375 11.738 9.35 -38.029 26.229 13.879 -42.5
5 24 20.252 20.315 -75.275 18.501 20.685 -76.66 19.03 20.79 -76.82 18.151 20.595 -76.349
5 24 23.856 3.861 -3.62 26.385 4.282 -3.664 26.271 4.332 -4.561 23.711 3.723 -1.853
5 24 21.941 2.047 -8.515 13.395 .591 -12.991 15.579 1.106 -16.764 16.295 1.046 -4.391
5 24 20.485 3.01 -.746 17.023 2.211 -.483 20.174 2.57 1.635 17.797 2.38 -3.399
5 24 24.438 3.239 -21.539 26.949 5.878 -26.026 29.167 4.673 -24.081 23.006 4.01 -22.938
5 24 6.279 6.501 -25.592 11.386 6.853 -23.087 7.141 7.055 -28.837 4.574 6.034 -21.949
5 24 32.012 20.591 -60.238 30.615 23.066 -67.216 36 22.557 -60 28.067 21.908 -65.887
5 24 11.779 7.786 -38.07 11.738 9.35 -38.029 9.188 6.548 -35.785 15.122 10.286 -42.161
5 24 18.083 5.015 -18.116 13.636 6.403 -11.74 13.636 4.003 -11.74 18.3 7.923 -18.318
5 24 46.157 17.454 -37.362 40.091 12.904 -37.226 41.599 15.158 -41.205 46.304 15.756 -31.651
5 24 21.181 20.872 -75.688 22.58 19.271 -71.882 25.441 20.632 -72.345 20.252 20.315 -75.275
5 24 28.413 8.297 -3.93 28.428 4.692 -3.904 27.844 4.54 -4.507 28.632 8.353 -3.036
5 24 42.159 17.391 -45.361 42.544 16.742 -44.143 41.893 16.765 -44.205 43.065 17.614 -45.781
5 24 38.284 14.039 -33.463 35.841 16.403 -38.183 33.239 14.749 -35.845 41.01 17.568 -39.477
5 24 16.701 8.897 -44.714 25.147 9.349 -39.643 19.121 10.706 -49.6 22.987 7.449 -33.468
5 24 18.633 2.721 -21.075 19.594 2.567 -20.227 23.006 4.01 -22.938 15.579 1.106 -16.764
5 24 35.95 11.262 -34.527 38.017 10.302 -32.846 38.422 13.385 -38.104 31.366 8.041 -29.342
5 24 16.966 3.421 -36.789 0 2.703 -45.164 11.04 0 -30.373 12.817 7.347 -49.451
5 24 0 9.748 -65.788 9.154 11.796 -62.556 5.755 17.388 -77.496 0 5.824 -55.073
5 24 0 15.239 -78.489 5.755 17.388 -77.496 0 17.747 -83.767 0 9.748 -65.788
5 24 26.385 4.282 -3.664 26.504 4.196 -2.771 23.711 3.723 -1.853 27.102 4.46 -4.735
5 24 23.856 3.861 -3.62 23.711 3.723 -1.853 20.858 3.182 -3.152 26.385 4.282 -3.664
5 24 11.386 6.853 -23.087 7.141 7.055 -28.837 6.279 6.501 -25.592 7.472 7.804 -32.357
5 24 26.271 7.752 -4.561 26.271 4.332 -4.561 27.148 7.976 -4.732 23.856 3.861 -3.62
5 24 16.104 0 -17.574 15.579 1.106 -16.764 18.633 2.721 -21.075 13.395 0 -12.991
5 24 17.023 2.211 -.483 16.366 1.592 2.4 12.279 1.015 -.937 20.485 3.01 -.746
5 24 26.229 13.879 -42.5 15.9 11.201 -43.375 18.623 13.079 -48.446 25.646 11.245 -35.761
5 24 13.85 .616 11.174 13.85 4.591 11.174 10 3.612 15.25 17.236 1.562 8.785
5 24 40.474 15.344 -41.553 41.599 15.158 -41.205 41.243 16.788 -44.266 40.091 12.904 -37.226
5 24 18.623 13.079 -48.446 16.701 8.897 -44.714 15.9 11.201 -43.375 19.121 10.706 -49.6
5 24 9.58 16.055 -60.93 9.154 11.796 -62.556 6.087 20.789 -75.942 13.1 12.29 -48.53
5 24 42.517 19.976 -43.861 44.279 21.848 -45.364 43.065 20.989 -45.781 43.999 20.862 -42.918
5 24 29.245 3.687 -12.803 20.564 2.222 -19.453 24.438 3.239 -21.539 21.941 2.047 -8.515
5 24 4.451 20.04 -84.174 0 17.747 -83.767 0 18.111 -84.789 5.755 17.388 -77.496
5 24 33.24 12.995 -35.845 36.771 13.644 -39.1 33.936 11.807 -36.44 35.841 16.403 -38.183
5 24 18.505 23.561 -76.656 18.501 20.685 -76.66 18.151 20.595 -76.349 19.03 23.714 -76.82
5 24 17.925 20.438 -75.906 20.252 20.315 -75.275 18.151 20.595 -76.349 17.813 20.278 -75.457
5 24 16.278 5.209 -3.803 15.784 4.34 -3.978 13.431 4.485 -5.149 17.797 5.596 -3.399
5 24 12.817 7.347 -49.451 0 5.824 -55.073 9.154 11.796 -62.556 0 2.703 -45.164
5 24 31.963 8.566 -21.95 35.32 8.819 -15.609 34.015 9.179 -21.94 27.235 7.44 -23.036
5 24 43.605 19.696 -40.08 41.01 17.568 -39.477 41.764 18.772 -41.669 43.21 18.531 -37.243
5 24 3.827 5.7063 -19.239 4.574 6.034 -21.949 7.071 5.235 -17.071 2.8964 5.815 -19.4241
5 24 23.711 3.723 -1.853 23.592 3.448 -.1 26.504 4.196 -2.771 20.485 3.01 -.746
5 24 7.141 7.055 -28.837 7.141 5 -28.837 6.279 5 -25.592 7.472 7.804 -32.357
5 24 41.104 20.062 -44.088 41.243 16.788 -44.266 38.723 18.359 -41.25 42.141 20.761 -45.352
5 24 25.638 17.437 -65.923 25.441 20.632 -72.345 30.615 20.266 -67.216 22.58 19.271 -71.882
5 24 30.615 20.266 -67.216 27.508 15.698 -60.273 25.638 17.437 -65.923 36 19.75 -60
5 24 2.931 21.403 -93.553 2.931 19.028 -93.553 4.14 23.37 -85.945 2.063 17.168 -100
5 24 41.893 16.765 -44.205 42.544 16.742 -44.143 42.159 17.391 -45.361 41.599 15.158 -41.205
5 24 46.159 20.618 -36.692 46.157 17.454 -37.362 46.186 18.791 -30.864 45.616 18.487 -41.961
5 24 26.504 4.196 -2.771 23.711 3.723 -1.853 26.385 4.282 -3.664 23.592 3.448 -.1
5 24 26.78 11.557 -46.818 19.121 10.706 -49.6 25.147 9.349 -39.643 27.538 13.775 -54.025
5 24 20.579 15.105 -53.919 20.829 12.685 -54.944 21.442 16.948 -58.896 19.121 10.706 -49.6
5 24 22.987 7.449 -33.468 23.79 7.47 -29.547 28.331 9.574 -32.2 20.081 5.883 -28.379
5 24 21.505 14.504 -59.859 21.421 18.725 -63.696 21.442 16.948 -58.896 21.314 16.282 -64.659
5 24 41.01 17.568 -39.477 43.21 18.531 -37.243 43.605 19.696 -40.08 38.284 14.039 -33.463
5 24 17.9 20.146 -75.095 20.252 20.315 -75.275 19.851 18.514 -70.686 17.813 20.278 -75.457
5 24 27.508 15.698 -60.273 21.505 14.504 -59.859 27.538 13.775 -54.025 21.314 16.282 -64.659
5 24 35.841 16.403 -38.183 36.771 13.644 -39.1 39.356 15.41 -41.964 33.24 12.995 -35.845
5 24 6.279 6.501 -25.592 6.279 5 -25.592 4.574 5 -21.949 7.141 7.055 -28.837
5 24 38.422 13.385 -38.104 35.95 11.262 -34.527 40.091 12.904 -37.226 33.936 11.807 -36.44
5 24 25.506 19.401 -59.19 21.442 16.948 -58.896 21.421 18.725 -63.696 20.579 15.105 -53.919
5 24 11.166 .212 -8.157 16.295 1.046 -4.391 13.395 .591 -12.991 12.602 .474 -1.234
5 24 12.602 .474 -1.234 15.784 1.867 -3.978 12.279 1.015 -.937 16.295 1.046 -4.391
5 24 26.949 5.878 -26.026 29.167 4.673 -24.081 24.438 3.239 -21.539 31.366 8.041 -29.342
5 24 11.386 6.853 -23.087 7.472 7.804 -32.357 15.567 8.283 -27.722 7.141 7.055 -28.837
5 24 25.147 9.349 -39.643 33.064 13.984 -38.891 28.331 9.574 -32.2 26.78 11.557 -46.818
5 24 46.304 15.756 -31.651 38.017 10.302 -32.846 40.091 12.904 -37.226 44.629 12.4 -24.986
5 24 4.591 23.318 -83.396 4.451 20.04 -84.174 4.278 20.303 -85.152 6.087 20.789 -75.942
5 24 6.087 20.789 -75.942 9.154 11.796 -62.556 5.755 17.388 -77.496 9.58 16.055 -60.93
5 24 35.32 8.819 -15.609 37.655 10.59 -23.115 42 11.538 -18 34.015 9.179 -21.94
5 24 28.331 9.574 -32.2 22.987 7.449 -33.468 23.79 7.47 -29.547 25.147 9.349 -39.643
5 24 45.093 21.977 -43.661 43.999 20.862 -42.918 44.279 21.848 -45.364 45.616 21.862 -41.961
5 24 28.067 21.908 -65.887 30.615 23.066 -67.216 32.012 20.591 -60.238 25.441 23.432 -72.345
5 24 33.218 18.887 -45.807 27.889 16.803 -49.839 34.034 20.623 -52.12 27.059 15.341 -46.17
5 24 25.441 20.632 -72.345 22.58 19.271 -71.882 21.181 20.872 -75.688 25.638 17.437 -65.923
5 24 25.441 20.632 -72.345 25.441 23.432 -72.345 30.615 23.066 -67.216 21.181 20.872 -75.688
5 24 40.474 15.344 -41.553 38.422 13.385 -38.104 41.599 15.158 -41.205 39.356 15.41 -41.964
5 24 33.072 16.711 -38.66 33.259 16.232 -46.312 33.064 13.984 -38.891 33.218 18.887 -45.807
5 24 13.431 3.972 -5.149 16.807 4.55 -8.973 13.636 4.003 -11.74 15.784 4.34 -3.978
5 24 26.229 13.879 -42.5 33.218 18.887 -45.807 27.059 15.341 -46.17 33.072 16.711 -38.66
5 24 28.331 9.574 -32.2 33.936 11.807 -36.44 33.24 12.995 -35.845 28.465 8.607 -32.288
5 24 20.174 2.57 1.635 20.485 3.01 -.746 16.366 1.592 2.4 23.592 3.448 -.1
5 24 19.978 21.18 -70.325 24.504 21.008 -64.534 22.83 22.896 -71.01 21.421 18.725 -63.696
5 24 7.472 7.804 -32.357 15.567 8.283 -27.722 7.915 8.28 -34.285 11.386 6.853 -23.087
5 24 25.638 17.437 -65.923 21.314 16.282 -64.659 19.851 18.514 -70.686 27.508 15.698 -60.273
5 24 23.856 7.138 -3.62 23.856 3.861 -3.62 26.271 7.752 -4.561 20.858 3.182 -3.152
5 24 4.14 23.37 -85.945 4.106 20.316 -86.144 2.931 19.028 -93.553 4.359 23.529 -84.692
5 24 25.646 11.245 -35.761 11.738 9.35 -38.029 19.93 9.636 -31.74 15.9 11.201 -43.375
5 24 27.508 15.698 -60.273 21.314 16.282 -64.659 25.638 17.437 -65.923 21.505 14.504 -59.859
5 24 43.605 19.696 -40.08 41.764 18.772 -41.669 43.999 20.862 -42.918 41.01 17.568 -39.477
5 24 20.579 15.105 -53.919 19.121 10.706 -49.6 18.623 13.079 -48.446 20.829 12.685 -54.944
5 24 35.32 8.819 -15.609 34.015 9.179 -21.94 31.963 8.566 -21.95 37.655 10.59 -23.115
5 24 46.304 15.756 -31.651 46.186 18.791 -30.864 44.167 15.039 -23.727 46.157 17.454 -37.362
5 24 13.636 4.003 -11.74 16.807 4.55 -8.973 11.05 3.571 -7.003 21.941 5.422 -8.515
5 24 21.442 16.948 -58.896 20.829 12.685 -54.944 20.579 15.105 -53.919 21.505 14.504 -59.859
5 24 42.141 20.761 -45.352 42.159 17.391 -45.361 41.243 16.788 -44.266 43.065 20.989 -45.781
5 24 19.978 21.18 -70.325 19.851 18.514 -70.686 17.942 22.916 -75.013 21.421 18.725 -63.696
5 24 12.817 7.347 -49.451 15.122 7.952 -42.161 16.966 3.421 -36.789 13.1 12.29 -48.53
5 24 23.207 7.681 -23.59 27.235 7.44 -23.036 29.307 10.807 -28.621 25.002 6.773 -21.842
5 24 38.284 14.039 -33.463 33.75 12.797 -31.5 36.985 12.52 -31 33.239 14.749 -35.845
5 24 13.431 3.972 -5.149 13.431 4.485 -5.149 11.05 3.571 -7.003 15.784 4.34 -3.978
5 24 41.599 15.158 -41.205 41.893 16.765 -44.205 40.474 15.344 -41.553 42.544 16.742 -44.143
5 24 27.538 13.775 -54.025 33.259 16.232 -46.312 26.78 11.557 -46.818 34.034 17.823 -52.12
5 24 13.395 .591 -12.991 13.395 0 -12.991 15.579 1.106 -16.764 11.166 .212 -8.157
5 24 10 0 1.25 10 .143 1.25 10 0 2.427 12.602 .474 -1.234
5 24 27.538 13.775 -54.025 19.121 10.706 -49.6 26.78 11.557 -46.818 20.829 12.685 -54.944
5 24 38.723 18.359 -41.25 39.356 15.41 -41.964 35.841 16.403 -38.183 41.243 16.788 -44.266
5 24 23.876 7.142 2.921 24.5 7.302 7 19.527 6.036 4.313 26.934 7.933 3.43
5 24 23.006 4.01 -22.938 24.438 3.239 -21.539 26.949 5.878 -26.026 20.564 2.222 -19.453
5 24 31.366 8.041 -29.342 26.949 5.878 -26.026 28.465 8.607 -32.288 34.407 6.509 -26.903
5 24 33.259 16.232 -46.312 33.218 18.887 -45.807 33.072 16.711 -38.66 34.034 17.823 -52.12
5 24 11.05 3.879 -7.003 13.636 6.403 -11.74 10 5.823 -4.72 11.05 3.571 -7.003
5 24 15.9 11.201 -43.375 16.701 8.897 -44.714 15.122 10.286 -42.161 18.623 13.079 -48.446
5 24 44.167 15.039 -23.727 44.629 12.4 -24.986 46.304 15.756 -31.651 42 11.538 -18
5 24 43.605 19.696 -40.08 45.616 21.862 -41.961 43.999 20.862 -42.918 46.159 20.618 -36.692
5 24 21.941 5.422 -8.515 13.636 4.003 -11.74 18.083 5.015 -18.116 16.807 4.55 -8.973
5 24 20.174 2.57 1.635 20.734 2.539 7.459 24.5 3.591 7 16.366 1.592 2.4
5 24 19.851 18.514 -70.686 21.421 18.725 -63.696 19.978 21.18 -70.325 21.314 16.282 -64.659
5 24 19.03 23.714 -76.82 19.03 20.79 -76.82 19.806 23.739 -76.626 18.501 20.685 -76.66
5 24 0 22.719 -87.857 4.359 23.529 -84.692 4.14 23.37 -85.945 0 22.121 -86.311
5 24 23.592 3.448 -.1 26.952 4.276 3.401 26.504 4.196 -2.771 24.5 3.591 7
5 24 33.259 16.232 -46.312 26.78 11.557 -46.818 33.064 13.984 -38.891 27.538 13.775 -54.025
5 24 21.941 5.422 -8.515 18.083 5.015 -18.116 27.863 6.717 -12.073 13.636 4.003 -11.74
5 24 18.623 13.079 -48.446 26.229 13.879 -42.5 15.9 11.201 -43.375 26.108 15.156 -46.35
5 24 11.166 0 -8.157 11.166 .212 -8.157 10 0 -4.95 13.395 0 -12.991
5 24 30.615 20.266 -67.216 25.638 17.437 -65.923 27.508 15.698 -60.273 25.441 20.632 -72.345
5 24 9.239 5.655 -13.827 11.386 6.853 -23.087 13.636 6.403 -11.74 7.071 5.235 -17.071
5 24 10 0 2.427 13.85 .616 11.174 12.435 .583 2.427 10 0 15.25
5 24 25.002 6.773 -21.842 27.863 6.717 -12.073 18.083 5.015 -18.116 35.32 8.819 -15.609
5 24 7.973 5.953 -34.399 7.472 7.804 -32.357 7.473 5 -32.387 7.915 8.28 -34.285
5 24 21.604 4.305 -24.527 23.006 4.01 -22.938 26.949 5.878 -26.026 18.633 2.721 -21.075
5 24 7.973 5.953 -34.399 0 5 -35 0 8.753 -47.988 7.473 5 -32.387
5 24 40.956 14.97 -30.578 38.284 14.039 -33.463 36.985 12.52 -31 43.21 18.531 -37.243
5 24 41.764 18.772 -41.669 43.999 20.862 -42.918 43.605 19.696 -40.08 42.517 19.976 -43.861
5 24 19.93 9.636 -31.74 9.065 8.66 -35.688 15.567 8.283 -27.722 11.738 9.35 -38.029
5 24 0 12.997 -61.816 6.087 20.789 -75.942 9.58 16.055 -60.93 0 18.597 -77.199
5 24 20.858 6.375 -3.152 20.858 3.182 -3.152 17.797 2.38 -3.399 23.856 7.138 -3.62
5 24 27.508 15.698 -60.273 34.034 17.823 -52.12 36 19.75 -60 27.538 13.775 -54.025
5 24 17.236 1.562 8.785 17.236 5.453 8.785 20.734 2.539 7.459 13.85 4.591 11.174
5 24 16.966 3.421 -36.789 11.04 0 -30.373 0 2.703 -45.164 21.604 0 -24.527
5 24 26.78 11.557 -46.818 33.064 13.984 -38.891 33.259 16.232 -46.312 25.147 9.349 -39.643
5 24 36.985 12.52 -31 33.75 12.797 -31.5 29.307 10.807 -28.621 38.284 14.039 -33.463
5 24 35.32 5.444 -15.609 27.863 6.717 -12.073 29.245 3.687 -12.803 35.32 8.819 -15.609
5 24 16.807 4.55 -8.973 21.941 5.422 -8.515 13.431 3.972 -5.149 13.636 4.003 -11.74
5 24 42.517 19.976 -43.861 41.104 20.062 -44.088 41.764 18.772 -41.669 42.141 20.761 -45.352
5 24 20.734 2.539 7.459 16.366 1.592 2.4 20.174 2.57 1.635 17.236 1.562 8.785
5 24 26.385 4.282 -3.664 23.711 3.723 -1.853 26.504 4.196 -2.771 23.856 3.861 -3.62
5 24 27.889 16.803 -49.839 34.034 20.623 -52.12 33.218 18.887 -45.807 32.012 20.591 -60.238
5 24 43.999 20.862 -42.918 45.616 21.862 -41.961 45.093 21.977 -43.661 43.605 19.696 -40.08
5 24 17.813 23.077 -75.457 19.635 23.493 -75.55 17.942 22.916 -75.013 17.907 23.218 -75.852
5 24 28.632 4.745 -3.036 28.632 8.353 -3.036 28.428 4.692 -3.904 28.196 8.242 -.005
5 24 16.701 8.897 -44.714 15.122 10.286 -42.161 15.9 11.201 -43.375 15.122 7.952 -42.161
5 24 5.755 17.388 -77.496 0 9.748 -65.788 0 15.239 -78.489 9.154 11.796 -62.556
5 24 17.907 23.218 -75.852 17.925 20.438 -75.906 17.813 20.278 -75.457 18.156 23.404 -76.348
5 24 13.636 6.403 -11.74 13.636 4.003 -11.74 18.083 5.015 -18.116 11.05 3.879 -7.003
5 24 38.723 18.359 -41.25 41.243 16.788 -44.266 41.104 20.062 -44.088 39.356 15.41 -41.964
5 24 15.567 8.283 -27.722 7.915 8.28 -34.285 9.065 8.66 -35.688 7.472 7.804 -32.357
5 24 25.441 23.432 -72.345 28.067 21.908 -65.887 22.83 22.896 -71.01 30.615 23.066 -67.216
5 24 0 5.824 -55.073 9.154 11.796 -62.556 12.817 7.347 -49.451 0 9.748 -65.788
5 24 35.32 5.444 -15.609 35.32 8.819 -15.609 42 8.163 -18 27.863 6.717 -12.073
5 24 36.985 12.52 -31 40.956 14.97 -30.578 38.284 14.039 -33.463 37.326 11.086 -25.316
5 24 45.616 18.487 -41.961 45.616 21.862 -41.961 45.102 18.601 -43.632 46.159 20.618 -36.692
5 24 46.157 17.454 -37.362 41.599 15.158 -41.205 45.616 18.487 -41.961 40.091 12.904 -37.226
5 24 25.987 16.432 -50.199 27.889 16.803 -49.839 25.506 19.401 -59.19 26.108 15.156 -46.35
5 24 4.591 23.318 -83.396 0 22.121 -86.311 0 18.597 -77.199 4.359 23.529 -84.692
5 24 34.034 17.823 -52.12 34.034 20.623 -52.12 36 19.75 -60 33.218 18.887 -45.807
5 24 11.779 7.786 -38.07 0 8.753 -47.988 15.122 10.286 -42.161 9.188 6.548 -35.785
5 24 16.295 1.046 -4.391 15.784 1.867 -3.978 21.941 2.047 -8.515 12.602 .474 -1.234
5 24 20.271 4.705 -27.889 16.966 3.421 -36.789 20.081 5.883 -28.379 21.604 0 -24.527
5 24 4.14 23.37 -85.945 0 22.525 -88.694 2.931 21.403 -93.553 0 22.719 -87.857
5 24 19.068 .003 -21.612 18.633 2.721 -21.075 21.604 0 -24.527 16.104 0 -17.574
5 24 21.505 14.504 -59.859 21.442 16.948 -58.896 21.421 18.725 -63.696 20.829 12.685 -54.944
5 24 17.942 22.916 -75.013 19.635 23.493 -75.55 17.813 23.077 -75.457 19.978 21.18 -70.325
5 24 19.635 23.493 -75.55 17.907 23.218 -75.852 17.813 23.077 -75.457 18.505 23.561 -76.656
5 24 12.279 1.015 -.937 16.366 1.592 2.4 12.435 .583 2.427 17.023 2.211 -.483
5 24 9.58 16.055 -60.93 0 8.753 -47.988 0 12.997 -61.816 13.1 12.29 -48.53
5 24 17.797 5.596 -3.399 15.784 4.34 -3.978 17.797 2.38 -3.399 16.278 5.209 -3.803
5 24 43.21 18.531 -37.243 43.605 19.696 -40.08 41.01 17.568 -39.477 46.159 20.618 -36.692
5 24 28.196 4.623 -.005 28.196 8.242 -.005 26.934 7.933 3.43 28.632 4.745 -3.036
5 24 21.421 18.725 -63.696 25.506 19.401 -59.19 21.442 16.948 -58.896 24.504 21.008 -64.534
5 24 20.252 20.315 -75.275 17.813 20.278 -75.457 17.9 20.146 -75.095 17.925 20.438 -75.906
5 24 0 12.997 -61.816 9.58 16.055 -60.93 0 8.753 -47.988 6.087 20.789 -75.942
5 24 21.314 16.282 -64.659 21.421 18.725 -63.696 19.851 18.514 -70.686 21.505 14.504 -59.859
5 24 9.065 8.66 -35.688 9.188 6.548 -35.785 11.738 9.35 -38.029 7.915 8.28 -34.285
5 24 17.797 2.38 -3.399 20.485 3.01 -.746 20.858 3.182 -3.152 17.023 2.211 -.483
5 24 33.75 14.71 -31.5 33.239 14.749 -35.845 33.75 12.797 -31.5 33.072 16.711 -38.66
5 24 28.465 8.607 -32.288 28.331 9.574 -32.2 23.791 6.243 -29.547 33.936 11.807 -36.44
5 24 27.538 13.775 -54.025 34.034 17.823 -52.12 27.508 15.698 -60.273 33.259 16.232 -46.312
5 24 12.279 1.015 -.937 17.023 2.211 -.483 15.784 1.867 -3.978 16.366 1.592 2.4
5 24 27.148 7.976 -4.732 27.102 4.46 -4.735 26.271 4.332 -4.561 27.842 8.152 -4.508
5 24 46.186 18.791 -30.864 46.157 17.454 -37.362 46.159 20.618 -36.692 46.304 15.756 -31.651
5 24 19.635 23.493 -75.55 19.806 23.739 -76.626 19.03 23.714 -76.82 21.181 23.672 -75.688
5 24 46.159 20.618 -36.692 45.616 18.487 -41.961 45.616 21.862 -41.961 46.157 17.454 -37.362
5 24 0 22.525 -88.694 2.931 21.403 -93.553 4.14 23.37 -85.945 0 21.382 -93.634
5 24 19.978 21.18 -70.325 22.83 22.896 -71.01 19.635 23.493 -75.55 24.504 21.008 -64.534
5 24 15.567 8.283 -27.722 23.208 9.884 -23.59 18.3 7.923 -18.318 19.93 9.636 -31.74
5 24 23.791 6.243 -29.547 26.949 5.878 -26.026 28.465 8.607 -32.288 21.604 4.305 -24.527
5 24 35.841 16.403 -38.183 33.24 12.995 -35.845 36.771 13.644 -39.1 33.239 14.749 -35.845
5 24 38.422 13.385 -38.104 40.091 12.904 -37.226 40.474 15.344 -41.553 38.017 10.302 -32.846
5 24 26.949 5.878 -26.026 21.604 4.305 -24.527 23.006 4.01 -22.938 23.791 6.243 -29.547
5 24 26.952 4.276 3.401 26.934 7.933 3.43 28.196 4.623 -.005 24.5 7.302 7
5 24 35.32 5.444 -15.609 29.167 4.673 -24.081 29.245 3.687 -12.803 34.407 6.509 -26.903
5 24 13.636 6.403 -11.74 10 5.782 -10 10 5.823 -4.72 9.239 5.655 -13.827