0 ~Glass for Window Gold Lattice, Flowers and Filigree Half Pattern
0 Name: s\7757p01s01.dat
0 Author: Philippe Hurbain [Philo]
0 !LDRAW_ORG Subpart UPDATE 2026-06
0 !LICENSE Licensed under CC BY 4.0 : see CAreadme.txt

0 BFC CERTIFY CCW

0 !HISTORY 2026-06-28 [OrionP] Official Update 2026-06

4 16 -20.23 15.27 -2 -19.73 15.33 -2 -18.27 14.93 -2 -20.28 14.07 -2
3 16 -17.89 15.5 -2 -18.7 16.01 -2 -17.12 15.92 -2
4 16 -20.14 15.96 -2 -19.99 16.39 -2 -19.58 16.3 -2 -19.8 16.06 -2
3 16 -13.31 4.45 -2 -19.55 9.02 -2 -18.97 8.99 -2
3 16 -13.31 31.05 -2 -19.55 26.49 -2 -20.12 26.43 -2
4 16 -22.96 23.5 -2 -22.5 19.53 -2 -22.51 19 -2 -23.17 24.11 -2
4 16 -22.52 23.08 -2 -22.33 20.04 -2 -22.5 19.53 -2 -22.96 23.5 -2
4 16 -22.39 23.89 -2 -22.48 24.3 -2 -21.48 24.64 -2 -21.3 24.24 -2
4 16 -21.36 23.82 -2 -21.69 23.6 -2 -22.07 23.63 -2 -21.3 24.24 -2
3 16 -22.07 23.63 -2 -22.39 23.89 -2 -21.3 24.24 -2
4 16 -22.48 24.3 -2 -22.34 24.7 -2 -22.07 25.02 -2 -21.48 24.64 -2
4 16 -22.07 25.02 -2 -21.74 25.24 -2 -21.38 25.36 -2 -21.48 24.64 -2
4 16 -21.48 24.64 -2 -21.38 25.36 -2 -20.99 25.39 -2 -21.05 24.62 -2
3 16 -20.99 25.39 -2 -20.52 25.23 -2 -21.05 24.62 -2
4 16 -19.83 23.9 -2 -20.76 24.25 -2 -20.12 24.91 -2 -19.87 24.44 -2
4 16 -20.52 25.23 -2 -20.12 24.91 -2 -20.76 24.25 -2 -21.05 24.62 -2
4 16 -19.95 23.36 -2 -20.73 23.78 -2 -20.76 24.25 -2 -19.83 23.9 -2
4 16 -20.73 23.78 -2 -19.95 23.36 -2 -20.27 22.65 -2 -20.92 23.34 -2
4 16 -20.7 22.03 -2 -21.4 22.97 -2 -20.92 23.34 -2 -20.27 22.65 -2
3 16 -22.04 18.09 -2 -21.67 17.75 -2 -22.04 17.42 -2
4 16 -22.04 17.42 -2 -22.34 17.01 -2 -22.34 18.5 -2 -22.04 18.09 -2
4 16 -22.34 17.01 -2 -22.51 16.51 -2 -22.51 19 -2 -22.34 18.5 -2
4 16 -20.7 13.48 -2 -20.27 12.85 -2 -20.92 12.17 -2 -21.4 12.53 -2
4 16 -20.73 11.72 -2 -20.92 12.17 -2 -20.27 12.85 -2 -19.95 12.14 -2
4 16 -19.83 11.6 -2 -19.87 11.06 -2 -20.12 10.59 -2 -20.76 11.24 -2
4 16 -20.52 10.27 -2 -21.05 10.88 -2 -20.76 11.24 -2 -20.12 10.59 -2
4 16 -20.52 10.27 -2 -20.99 10.11 -2 -21.38 10.14 -2 -21.05 10.88 -2
4 16 -21.74 10.26 -2 -21.48 10.86 -2 -21.05 10.88 -2 -21.38 10.14 -2
3 16 -21.74 10.26 -2 -22.07 10.48 -2 -21.48 10.86 -2
4 16 -22.48 11.19 -2 -21.48 10.86 -2 -22.07 10.48 -2 -22.34 10.8 -2
4 16 -22.39 11.61 -2 -21.3 11.26 -2 -21.48 10.86 -2 -22.48 11.19 -2
4 16 -21.69 11.91 -2 -21.3 11.26 -2 -22.39 11.61 -2 -22.07 11.86 -2
3 16 -21.69 11.91 -2 -21.36 11.68 -2 -21.3 11.26 -2
4 16 -22.07 20.48 -2 -21.97 22.9 -2 -21.4 22.97 -2 -20.7 22.03 -2
4 16 -21.97 22.9 -2 -22.07 20.48 -2 -22.33 20.04 -2 -22.52 23.08 -2
4 16 -22.51 19 -2 -22.51 16.51 -2 -23.17 11.38 -2 -23.17 24.11 -2
4 16 -22.52 12.42 -2 -22.96 12 -2 -22.5 15.96 -2 -22.33 15.46 -2
4 16 -22.51 16.51 -2 -22.5 15.96 -2 -22.96 12 -2 -23.17 11.38 -2
4 16 -19.95 12.14 -2 -19.83 11.6 -2 -20.76 11.24 -2 -20.73 11.72 -2
3 16 -22.33 15.46 -2 -22.07 15.01 -2 -22.52 12.42 -2
3 16 -20.7 13.48 -2 -21.4 12.53 -2 -21.97 12.6 -2
4 16 -20.7 13.48 -2 -21.97 12.6 -2 -22.52 12.42 -2 -22.07 15.01 -2
4 16 -21.78 19.58 -2 -21.05 19.59 -2 -21.63 18.68 -2 -21.8 19.12 -2
4 16 -20.68 20.15 -2 -20.98 19.93 -2 -21.58 20 -2 -21.31 20.36 -2
4 16 -21.78 19.58 -2 -21.58 20 -2 -20.98 19.93 -2 -21.05 19.59 -2
4 16 -21.63 18.68 -2 -20.68 19.01 -2 -20.92 18.21 -2 -21.31 18.37 -2
4 16 -20.5 18.21 -2 -20.92 18.21 -2 -20.68 19.01 -2 -20.54 18.5 -2
3 16 -21.05 19.59 -2 -20.68 19.01 -2 -21.63 18.68 -2
4 16 -21.31 20.36 -2 -20.28 21.43 -2 -20.23 20.24 -2 -20.68 20.15 -2
4 16 -17.91 21.14 -2 -18.36 20.44 -2 -20.28 21.43 -2 -19.64 22.33 -2
3 16 -20.23 20.24 -2 -20.28 21.43 -2 -19.73 20.18 -2
4 16 -18.36 20.44 -2 -19.17 20.05 -2 -19.73 20.18 -2 -20.28 21.43 -2
4 16 -17.46 21.33 -2 -17.91 21.14 -2 -19.64 22.33 -2 -19.28 23.11 -2
4 16 -17.7 25.87 -2 -17.46 21.33 -2 -19.28 23.11 -2 -19.14 23.79 -2
3 16 -19.14 23.79 -2 -19.16 24.37 -2 -17.7 25.87 -2
3 16 -19.49 25.22 -2 -19.95 25.72 -2 -18.89 25.85 -2
3 16 -19.29 24.84 -2 -19.49 25.22 -2 -18.89 25.85 -2
4 16 -19.16 24.37 -2 -19.29 24.84 -2 -18.89 25.85 -2 -17.7 25.87 -2
4 16 -13.31 25.87 -2 -16.14 20.11 -2 -16.56 20.14 -2 -16.84 20.73 -2
3 16 -16.84 20.73 -2 -17.12 21.12 -2 -13.31 25.87 -2
4 16 -16.96 14.42 -2 -13.31 9.62 -2 -17.7 9.62 -2 -17.26 14.16 -2
4 16 -19.16 11.14 -2 -17.7 9.62 -2 -18.89 9.67 -2 -19.29 10.66 -2
3 16 -18.89 9.67 -2 -19.95 9.77 -2 -19.49 10.29 -2
3 16 -18.89 9.67 -2 -19.49 10.29 -2 -19.29 10.66 -2
4 16 -17.46 21.33 -2 -17.7 25.87 -2 -13.31 25.87 -2 -17.12 21.12 -2
3 16 -16.14 20.11 -2 -13.31 25.87 -2 -15.84 19.88 -2
3 16 -15.7 19.48 -2 -15.84 19.88 -2 -13.31 25.87 -2
4 16 -19.16 11.14 -2 -19.14 11.71 -2 -17.26 14.16 -2 -17.7 9.62 -2
3 16 -15.7 19.48 -2 -13.31 25.87 -2 -15.66 19.08 -2
4 16 -15.57 16.19 -2 -15.57 16.59 -2 -13.31 25.87 -2 -13.31 9.62 -2
4 16 -15.66 19.08 -2 -13.31 25.87 -2 -15.57 16.59 -2 -15.67 18.67 -2
4 16 -18.27 14.93 -2 -17.73 14.29 -2 -19.28 12.39 -2 -19.64 13.17 -2
4 16 -20.23 15.27 -2 -20.28 14.07 -2 -21.31 15.14 -2 -20.68 15.36 -2
4 16 -21.58 15.5 -2 -20.98 15.58 -2 -20.68 15.36 -2 -21.31 15.14 -2
4 16 -19.14 11.71 -2 -19.28 12.39 -2 -17.73 14.29 -2 -17.26 14.16 -2
3 16 -19.64 13.17 -2 -20.28 14.07 -2 -18.27 14.93 -2
3 16 -15.62 17.01 -2 -16 17.82 -2 -15.67 18.67 -2
3 16 -15.57 16.59 -2 -15.62 17.01 -2 -15.67 18.67 -2
4 16 -21.78 15.91 -2 -21.8 16.39 -2 -21.63 16.82 -2 -21.05 15.91 -2
4 16 -21.63 16.82 -2 -21.31 17.13 -2 -20.92 17.29 -2 -20.68 16.49 -2
4 16 -20.68 16.49 -2 -20.92 17.29 -2 -20.5 17.29 -2 -20.54 17 -2
3 16 -20.68 16.49 -2 -21.05 15.91 -2 -21.63 16.82 -2
3 16 -15.68 15.78 -2 -15.57 16.19 -2 -13.31 9.62 -2
3 16 -16.73 14.85 -2 -16.47 15.49 -2 -15.96 15.53 -2
4 16 -16.96 14.42 -2 -15.96 15.53 -2 -15.68 15.78 -2 -13.31 9.62 -2
4 16 -21.78 15.91 -2 -21.05 15.91 -2 -20.98 15.58 -2 -21.58 15.5 -2
3 16 -16.73 14.85 -2 -15.96 15.53 -2 -16.96 14.42 -2
3 16 -19.17 15.46 -2 -18.27 14.93 -2 -19.73 15.33 -2
4 16 -18.77 18.54 -2 -18.45 18.82 -2 -17.6 18.86 -2 -18.8 18.23 -2
4 16 -17.4 17.39 -2 -18.8 17.29 -2 -19.04 17.77 -2 -18.8 18.23 -2
3 16 -18.39 16.69 -2 -18.77 16.97 -2 -18.8 17.29 -2
4 16 -17.45 16.64 -2 -18.39 16.69 -2 -18.8 17.29 -2 -17.4 17.39 -2
4 16 -17.6 18.86 -2 -17.32 17.61 -2 -17.4 17.39 -2 -18.8 18.23 -2
4 16 -16.45 18.44 -2 -16.77 18.03 -2 -17.6 18.86 -2 -17.04 18.99 -2
3 16 -17.32 17.61 -2 -17.6 18.86 -2 -16.77 18.03 -2
4 16 -16.84 16.53 -2 -17.45 16.64 -2 -17.4 17.39 -2 -17.11 17.26 -2
4 16 -16.27 16.25 -2 -16.84 16.53 -2 -16.37 17.01 -2 -16.25 16.65 -2
4 16 -16.56 17.33 -2 -16.37 17.01 -2 -16.84 16.53 -2 -17.11 17.26 -2
4 16 -16.51 19.25 -2 -16.35 18.8 -2 -16.45 18.44 -2 -17.04 18.99 -2
4 16 -18.7 19.48 -2 -17.89 20 -2 -17.16 19.91 -2 -17.12 19.58 -2
4 16 -17.16 19.91 -2 -17.89 20 -2 -17.4 20.44 -2 -17.26 20.2 -2
4 16 -19.58 19.2 -2 -19.99 19.12 -2 -20.14 19.53 -2 -19.8 19.44 -2
4 16 -19.83 18.48 -2 -19.99 19.12 -2 -19.58 19.2 -2 -19.47 18.86 -2
3 16 -19.47 18.86 -2 -19.52 18.26 -2 -19.83 18.48 -2
4 16 -17.26 15.29 -2 -17.89 15.5 -2 -17.12 15.92 -2 -17.16 15.58 -2
3 16 -17.26 15.29 -2 -17.4 15.05 -2 -17.89 15.5 -2
3 16 -19.83 17.02 -2 -19.52 17.24 -2 -19.47 16.65 -2
4 16 -19.83 17.02 -2 -19.47 16.65 -2 -19.58 16.3 -2 -19.99 16.39 -2
3 16 -13.31 4.45 -2 -21.26 9.29 -2 -20.69 9.16 -2
3 16 -13.31 4.45 -2 -20.69 9.16 -2 -20.12 9.07 -2
3 16 -18.97 8.99 -2 -13.31 8.99 -2 -13.31 4.45 -2
3 16 -13.31 4.45 -2 -20.12 9.07 -2 -19.55 9.02 -2
3 16 -20.69 26.34 -2 -21.26 26.2 -2 -13.31 31.05 -2
3 16 -13.31 31.05 -2 -13.31 26.52 -2 -18.97 26.52 -2
3 16 -13.31 31.05 -2 -18.97 26.52 -2 -19.55 26.49 -2
3 16 -20.12 26.43 -2 -20.69 26.34 -2 -13.31 31.05 -2
0 BFC NOCLIP
4 82 -12.64 8.99 -2 -12.64 4.45 -2 -13.31 4.45 -2 -13.31 8.99 -2
4 82 -13.31 9.62 -2 -13.31 8.99 -2 -18.97 8.99 -2 -17.7 9.62 -2
4 82 -19.95 9.77 -2 -18.89 9.67 -2 -18.97 8.99 -2 -19.55 9.02 -2
3 82 -17.7 9.62 -2 -18.97 8.99 -2 -18.89 9.67 -2
4 82 -20.69 9.16 -2 -19.95 9.77 -2 -19.55 9.02 -2 -20.12 9.07 -2
4 82 -20.52 10.27 -2 -20.69 9.16 -2 -21.26 9.29 -2 -20.99 10.11 -2
4 82 -21.8 9.5 -2 -21.38 10.14 -2 -20.99 10.11 -2 -21.26 9.29 -2
3 82 -22.77 10.2 -2 -23.08 10.74 -2 -22.34 10.8 -2
4 82 -23.17 11.38 -2 -22.48 11.19 -2 -22.34 10.8 -2 -23.08 10.74 -2
4 82 -22.52 12.42 -2 -21.97 12.6 -2 -21.69 11.91 -2 -22.07 11.86 -2
4 82 -21.97 12.6 -2 -21.4 12.53 -2 -20.92 12.17 -2 -21.69 11.91 -2
4 82 -21.69 11.91 -2 -20.92 12.17 -2 -20.73 11.72 -2 -21.36 11.68 -2
4 82 -20.76 11.24 -2 -21.05 10.88 -2 -21.48 10.86 -2 -21.3 11.26 -2
4 82 -20.76 11.24 -2 -21.3 11.26 -2 -21.36 11.68 -2 -20.73 11.72 -2
4 82 -22.96 12 -2 -22.52 12.42 -2 -22.07 11.86 -2 -22.39 11.61 -2
3 82 -22.32 9.8 -2 -22.07 10.48 -2 -21.74 10.26 -2
4 82 -22.32 9.8 -2 -22.77 10.2 -2 -22.34 10.8 -2 -22.07 10.48 -2
4 82 -22.96 12 -2 -22.39 11.61 -2 -22.48 11.19 -2 -23.17 11.38 -2
4 82 -22.32 9.8 -2 -21.74 10.26 -2 -21.38 10.14 -2 -21.8 9.5 -2
4 82 -20.28 14.07 -2 -20.7 13.48 -2 -22.07 15.01 -2 -21.31 15.14 -2
4 82 -21.78 15.91 -2 -21.58 15.5 -2 -22.07 15.01 -2 -22.33 15.46 -2
3 82 -22.33 15.46 -2 -22.5 15.96 -2 -21.78 15.91 -2
4 82 -22.51 16.51 -2 -21.8 16.39 -2 -21.78 15.91 -2 -22.5 15.96 -2
4 82 -21.63 16.82 -2 -21.8 16.39 -2 -22.51 16.51 -2 -22.34 17.01 -2
4 82 -21.31 17.13 -2 -21.63 16.82 -2 -22.34 17.01 -2 -22.04 17.42 -2
4 82 -19.52 17.24 -2 -20.5 17.29 -2 -21.67 17.75 -2 -19.04 17.77 -2
3 82 -20.92 17.29 -2 -21.67 17.75 -2 -20.5 17.29 -2
4 82 -19.04 17.77 -2 -18.8 17.29 -2 -18.77 16.97 -2 -19.52 17.24 -2
4 82 -18.39 16.69 -2 -17.45 16.64 -2 -17.12 15.92 -2 -18.7 16.01 -2
4 82 -17.45 16.64 -2 -16.84 16.53 -2 -16.27 16.25 -2 -17.12 15.92 -2
4 82 -15.57 16.19 -2 -16.27 16.25 -2 -16.25 16.65 -2 -15.57 16.59 -2
4 82 -15.57 16.19 -2 -15.68 15.78 -2 -17.12 15.92 -2 -16.27 16.25 -2
4 82 -19.17 15.46 -2 -19.8 16.06 -2 -19.58 16.3 -2 -18.7 16.01 -2
3 82 -18.7 16.01 -2 -19.58 16.3 -2 -19.47 16.65 -2
4 82 -18.39 16.69 -2 -18.7 16.01 -2 -19.47 16.65 -2 -18.77 16.97 -2
3 82 -19.52 17.24 -2 -18.77 16.97 -2 -19.47 16.65 -2
4 82 -20.68 16.49 -2 -20.54 17 -2 -19.83 17.02 -2 -19.99 16.39 -2
4 82 -19.52 17.24 -2 -19.83 17.02 -2 -20.54 17 -2 -20.5 17.29 -2
4 82 -22.04 17.42 -2 -21.67 17.75 -2 -20.92 17.29 -2 -21.31 17.13 -2
4 82 -13.31 8.99 -2 -13.31 9.62 -2 -12.64 9.62 -2 -12.64 8.99 -2
4 82 -12.64 25.87 -2 -12.64 9.62 -2 -13.31 9.62 -2 -13.31 25.87 -2
4 82 -19.95 9.77 -2 -20.12 10.59 -2 -19.29 10.66 -2 -19.49 10.29 -2
3 82 -19.14 11.71 -2 -19.16 11.14 -2 -19.83 11.6 -2
4 82 -19.83 11.6 -2 -19.95 12.14 -2 -19.28 12.39 -2 -19.14 11.71 -2
4 82 -19.28 12.39 -2 -19.95 12.14 -2 -20.27 12.85 -2 -19.64 13.17 -2
4 82 -20.28 14.07 -2 -19.64 13.17 -2 -20.27 12.85 -2 -20.7 13.48 -2
4 82 -19.29 10.66 -2 -19.87 11.06 -2 -19.83 11.6 -2 -19.16 11.14 -2
4 82 -20.69 9.16 -2 -20.52 10.27 -2 -20.12 10.59 -2 -19.95 9.77 -2
3 82 -21.58 15.5 -2 -21.31 15.14 -2 -22.07 15.01 -2
3 82 -19.29 10.66 -2 -20.12 10.59 -2 -19.87 11.06 -2
4 82 -20.52 25.23 -2 -19.95 25.72 -2 -19.49 25.22 -2 -20.12 24.91 -2
4 82 -19.87 24.44 -2 -20.12 24.91 -2 -19.49 25.22 -2 -19.29 24.84 -2
3 82 -19.16 24.37 -2 -19.14 23.79 -2 -19.83 23.9 -2
4 82 -19.83 23.9 -2 -19.14 23.79 -2 -19.28 23.11 -2 -19.95 23.36 -2
4 82 -20.27 22.65 -2 -19.95 23.36 -2 -19.28 23.11 -2 -19.64 22.33 -2
4 82 -19.29 24.84 -2 -19.16 24.37 -2 -19.83 23.9 -2 -19.87 24.44 -2
4 82 -20.28 21.43 -2 -20.7 22.03 -2 -20.27 22.65 -2 -19.64 22.33 -2
4 82 -22.33 20.04 -2 -22.07 20.48 -2 -21.31 20.36 -2 -21.58 20 -2
4 82 -20.28 21.43 -2 -21.31 20.36 -2 -22.07 20.48 -2 -20.7 22.03 -2
4 82 -22.51 19 -2 -22.5 19.53 -2 -21.78 19.58 -2 -21.8 19.12 -2
4 82 -21.58 20 -2 -21.78 19.58 -2 -22.5 19.53 -2 -22.33 20.04 -2
4 82 -20.99 25.39 -2 -20.69 26.34 -2 -19.95 25.72 -2 -20.52 25.23 -2
4 82 -21.38 25.36 -2 -21.26 26.2 -2 -20.69 26.34 -2 -20.99 25.39 -2
4 82 -21.48 24.64 -2 -21.05 24.62 -2 -20.76 24.25 -2 -21.3 24.24 -2
4 82 -21.36 23.82 -2 -21.3 24.24 -2 -20.76 24.25 -2 -20.73 23.78 -2
4 82 -21.69 23.6 -2 -21.36 23.82 -2 -20.73 23.78 -2 -20.92 23.34 -2
3 82 -20.92 23.34 -2 -21.4 22.97 -2 -21.69 23.6 -2
4 82 -22.39 23.89 -2 -22.07 23.63 -2 -21.97 22.9 -2 -22.52 23.08 -2
4 82 -21.4 22.97 -2 -21.97 22.9 -2 -22.07 23.63 -2 -21.69 23.6 -2
3 82 -22.52 23.08 -2 -22.96 23.5 -2 -22.39 23.89 -2
3 82 -23.17 24.11 -2 -23.08 24.76 -2 -22.48 24.3 -2
4 82 -22.77 25.3 -2 -22.34 24.7 -2 -22.48 24.3 -2 -23.08 24.76 -2
4 82 -21.8 26 -2 -21.74 25.24 -2 -22.07 25.02 -2 -22.32 25.71 -2
4 82 -21.74 25.24 -2 -21.8 26 -2 -21.26 26.2 -2 -21.38 25.36 -2
4 82 -20.69 26.34 -2 -20.12 26.43 -2 -19.55 26.49 -2 -19.95 25.72 -2
4 82 -19.95 25.72 -2 -19.55 26.49 -2 -18.97 26.52 -2 -18.89 25.85 -2
4 82 -13.31 25.87 -2 -17.7 25.87 -2 -18.97 26.52 -2 -13.31 26.52 -2
4 82 -13.31 31.05 -2 -12.64 31.05 -2 -12.64 26.52 -2 -13.31 26.52 -2
3 82 -18.97 26.52 -2 -17.7 25.87 -2 -18.89 25.85 -2
4 82 -22.96 23.5 -2 -23.17 24.11 -2 -22.48 24.3 -2 -22.39 23.89 -2
4 82 -12.64 25.87 -2 -13.31 25.87 -2 -13.31 26.52 -2 -12.64 26.52 -2
4 82 -22.32 25.71 -2 -22.07 25.02 -2 -22.34 24.7 -2 -22.77 25.3 -2
4 82 -20.54 18.5 -2 -20.68 19.01 -2 -20.14 19.53 -2 -19.99 19.12 -2
4 82 -20.5 18.21 -2 -20.54 18.5 -2 -19.99 19.12 -2 -19.83 18.48 -2
4 82 -19.04 17.77 -2 -20.5 18.21 -2 -19.83 18.48 -2 -19.52 18.26 -2
4 82 -19.17 20.05 -2 -18.7 19.48 -2 -19.58 19.2 -2 -19.8 19.44 -2
4 82 -15.66 19.08 -2 -16.51 19.25 -2 -15.84 19.88 -2 -15.7 19.48 -2
4 82 -18.45 18.82 -2 -18.7 19.48 -2 -17.12 19.58 -2 -17.6 18.86 -2
4 82 -19.58 19.2 -2 -18.7 19.48 -2 -18.77 18.54 -2 -19.47 18.86 -2
4 82 -16.35 18.8 -2 -15.67 18.67 -2 -16 17.82 -2 -16.45 18.44 -2
4 82 -15.62 17.01 -2 -16.37 17.01 -2 -16.56 17.33 -2 -16 17.82 -2
4 82 -15.57 16.59 -2 -16.25 16.65 -2 -16.37 17.01 -2 -15.62 17.01 -2
3 82 -17.11 17.26 -2 -17.4 17.39 -2 -17.32 17.61 -2
4 82 -16.56 17.33 -2 -17.11 17.26 -2 -17.32 17.61 -2 -16.77 18.03 -2
4 82 -16.45 18.44 -2 -16 17.82 -2 -16.56 17.33 -2 -16.77 18.03 -2
3 82 -18.7 19.48 -2 -18.45 18.82 -2 -18.77 18.54 -2
4 82 -22.51 19 -2 -21.8 19.12 -2 -21.63 18.68 -2 -22.34 18.5 -2
4 82 -20.92 18.21 -2 -21.67 17.75 -2 -22.04 18.09 -2 -21.31 18.37 -2
4 82 -19.04 17.77 -2 -21.67 17.75 -2 -20.92 18.21 -2 -20.5 18.21 -2
4 82 -19.47 18.86 -2 -18.77 18.54 -2 -18.8 18.23 -2 -19.52 18.26 -2
3 82 -18.8 18.23 -2 -19.04 17.77 -2 -19.52 18.26 -2
4 82 -17.6 18.86 -2 -17.12 19.58 -2 -16.51 19.25 -2 -17.04 18.99 -2
4 82 -15.67 18.67 -2 -16.35 18.8 -2 -16.51 19.25 -2 -15.66 19.08 -2
4 82 -22.34 18.5 -2 -21.63 18.68 -2 -21.31 18.37 -2 -22.04 18.09 -2
3 82 -19.17 20.05 -2 -19.8 19.44 -2 -19.73 20.18 -2
4 82 -20.98 19.93 -2 -20.14 19.53 -2 -20.68 19.01 -2 -21.05 19.59 -2
4 82 -20.98 19.93 -2 -20.68 20.15 -2 -20.23 20.24 -2 -20.14 19.53 -2
4 82 -19.8 19.44 -2 -20.14 19.53 -2 -20.23 20.24 -2 -19.73 20.18 -2
4 82 -17.89 20 -2 -18.7 19.48 -2 -19.17 20.05 -2 -18.36 20.44 -2
4 82 -17.89 20 -2 -18.36 20.44 -2 -17.91 21.14 -2 -17.4 20.44 -2
4 82 -17.91 21.14 -2 -17.46 21.33 -2 -17.12 21.12 -2 -17.4 20.44 -2
4 82 -17.26 20.2 -2 -17.4 20.44 -2 -17.12 21.12 -2 -16.84 20.73 -2
4 82 -17.16 19.91 -2 -17.26 20.2 -2 -16.84 20.73 -2 -16.56 20.14 -2
3 82 -16.56 20.14 -2 -16.14 20.11 -2 -15.84 19.88 -2
4 82 -16.51 19.25 -2 -17.12 19.58 -2 -16.56 20.14 -2 -15.84 19.88 -2
3 82 -17.12 19.58 -2 -17.16 19.91 -2 -16.56 20.14 -2
4 82 -16.73 14.85 -2 -17.26 15.29 -2 -17.16 15.58 -2 -16.47 15.49 -2
4 82 -16.73 14.85 -2 -16.96 14.42 -2 -17.26 14.16 -2 -17.4 15.05 -2
4 82 -18.27 14.93 -2 -17.4 15.05 -2 -17.26 14.16 -2 -17.73 14.29 -2
4 82 -15.96 15.53 -2 -16.47 15.49 -2 -17.12 15.92 -2 -15.68 15.78 -2
4 82 -17.89 15.5 -2 -18.27 14.93 -2 -19.17 15.46 -2 -18.7 16.01 -2
3 82 -17.4 15.05 -2 -18.27 14.93 -2 -17.89 15.5 -2
3 82 -19.17 15.46 -2 -19.73 15.33 -2 -19.8 16.06 -2
4 82 -19.8 16.06 -2 -19.73 15.33 -2 -20.23 15.27 -2 -20.14 15.96 -2
4 82 -20.23 15.27 -2 -20.68 15.36 -2 -20.98 15.58 -2 -20.14 15.96 -2
3 82 -20.98 15.58 -2 -21.05 15.91 -2 -20.14 15.96 -2
4 82 -19.99 16.39 -2 -20.14 15.96 -2 -21.05 15.91 -2 -20.68 16.49 -2
3 82 -17.12 15.92 -2 -16.47 15.49 -2 -17.16 15.58 -2
3 82 -17.26 15.29 -2 -16.73 14.85 -2 -17.4 15.05 -2