0 ~Sports Stuntz Loop Ramp Section Half
0 Name: s\77823s01.dat
0 Author: Philippe Hurbain [Philo]
0 !LDRAW_ORG Subpart UPDATE 2026-07
0 !LICENSE Licensed under CC BY 4.0 : see CAreadme.txt

0 BFC CERTIFY CCW

0 !HISTORY 2026-07-30 [OrionP] Official Update 2026-07

3 16 -78 -22.4334 11.6432 -77.3 -22.2109 3.4578 -79.4 -22.2109 3.4578
3 16 75.3776 -23.9458 .2683 75.3 -23.0394 0 80 -22.9528 0
3 16 75.3776 -23.9458 .2683 80 -22.9528 0 80.019 -23.8096 .2219
3 16 75.5 -24.7786 .7052 75.3776 -23.9458 .2683 80.019 -23.8096 .2219
3 16 75.5 -24.7786 .7052 80.019 -23.8096 .2219 80.1 -24.692 .7552
4 16 75.6551 -25.2155 1.2734 75.5 -24.7786 .7052 80.1 -24.692 .7552 80.2144 -25.179 1.3951
3 16 75.9 -25.6286 2.1774 75.6551 -25.2155 1.2734 80.2144 -25.179 1.3951
3 16 75.9 -25.6286 2.1774 80.2144 -25.179 1.3951 80.4 -25.5054 2.364
4 16 77.5 -25.8815 11.6154 75.9 -25.6286 2.1774 80.4 -25.5054 2.364 82 -25.7583 11.802
4 16 79.2 -26.6576 21.5596 77.5 -25.8815 11.6154 82 -25.7583 11.802 83.7 -26.5344 21.7462
3 16 80.7989 -27.6223 30.807 79.2 -26.6576 21.5596 83.7 -26.5344 21.7462
3 16 80.7989 -27.6223 30.807 83.7 -26.5344 21.7462 85.2 -27.6033 30.5976
3 16 85.2 -27.6033 30.5976 82.4 -29.2088 40.1785 80.7989 -27.6223 30.807
3 16 85.2 -27.6033 30.5976 86.8 -29.1088 40.0053 82.4 -29.2088 40.1785
3 16 83.8989 -30.9396 48.7527 82.4 -29.2088 40.1785 86.8 -29.1088 40.0053
3 16 83.8989 -30.9396 48.7527 86.8 -29.1088 40.0053 88.3 -30.7974 48.7299
4 16 85.3 -32.9527 57.0773 83.8989 -30.9396 48.7527 88.3 -30.7974 48.7299 89.8 -32.8344 57.0589
4 16 81.7 -13.9524 45.7536 83.2 -15.941 54.9978 -65.6 -15.941 54.9978 -67.1 -13.9524 45.7536
4 16 79.9 -12.1165 34.5737 81.7 -13.9524 45.7536 -67.1 -13.9524 45.7536 -68.9 -12.1165 34.5737
4 16 78.3 -10.9172 24.2965 79.9 -12.1165 34.5737 -68.9 -12.1165 34.5737 -70.5 -10.9172 24.2965
4 16 76.7 -10.0777 14.0425 78.3 -10.9172 24.2965 -70.5 -10.9172 24.2965 -72.1 -10.0777 14.0425
4 16 75 -9.5981 3.8116 76.7 -10.0777 14.0425 -72.1 -10.0777 14.0425 -73.8 -9.5981 3.8116
3 16 -51 -6.511 18 -52.4 -6.4244 18 -50 -7.4675 29.5214
4 16 51 -6.511 18 -51 -6.511 18 -50 -7.4675 29.5214 55.7 -7.4675 29.5214
4 16 55.7 -7.4675 29.5214 -50 -7.4675 29.5214 -47.675 -9.2409 40.593 58.025 -9.2409 40.593
3 16 53.3 -6.3744 18 51 -6.511 18 55.7 -7.4675 29.5214
4 16 58.025 -9.2409 40.593 -47.675 -9.2409 40.593 -45.5 -11.1357 51.0749 60.2 -11.1357 51.0749
4 16 60.2 -11.1357 51.0749 -45.5 -11.1357 51.0749 -42.85 -14.1148 63.2052 62.85 -14.1148 63.2052
4 16 76.1 6.3639 4 74.9 -7.0562 4 76 -7.3117 11.2516 77.5 6.1002 13.2214
4 16 77.5 6.1002 13.2214 76 -7.3117 11.2516 77.8 -8.1816 22.7582 79.2 5.2437 24.5049
3 16 79.7 -9.7211 34.2247 79.2 5.2437 24.5049 77.8 -8.1816 22.7582
3 16 79.7 -9.7211 34.2247 81 3.7873 36.8276 79.2 5.2437 24.5049
4 16 81 3.7873 36.8276 79.7 -9.7211 34.2247 81.2 -11.0534 43.7323 82.4 2.2451 46.0986
4 16 83.9 .3164 55.8392 82.4 2.2451 46.0986 81.2 -11.0534 43.7323 82.9 -13.4821 54.339
4 16 85.3 -1.9477 65.2216 83.9 .3164 55.8392 82.9 -13.4821 54.339 84.6 -15.9054 64.8728
3 16 75.3 -23.0394 0 75.9 -25.6286 2.1774 75 -9.5981 3.8116
3 16 75.3 -23.0394 0 75.3776 -23.9458 .2683 75.5 -24.7786 .7052
3 16 75.5 -24.7786 .7052 75.6551 -25.2155 1.2734 75.9 -25.6286 2.1774
3 16 75.9 -25.6286 2.1774 75.3 -23.0394 0 75.5 -24.7786 .7052
3 16 75 -9.5981 3.8116 74.4 -9.6435 0 75.3 -23.0394 0
4 16 75 -9.5981 3.8116 75.9 -25.6286 2.1774 77.5 -25.8815 11.6154 76.7 -10.0777 14.0425
3 16 76.7 -10.0777 14.0425 77.5 -25.8815 11.6154 79.2 -26.6576 21.5596
3 16 76.7 -10.0777 14.0425 79.2 -26.6576 21.5596 78.3 -10.9172 24.2965
3 16 78.3 -10.9172 24.2965 79.2 -26.6576 21.5596 80.7989 -27.6223 30.807
4 16 79.9 -12.1165 34.5737 78.3 -10.9172 24.2965 80.7989 -27.6223 30.807 82.4 -29.2088 40.1785
4 16 81.7 -13.9524 45.7536 79.9 -12.1165 34.5737 82.4 -29.2088 40.1785 83.8989 -30.9396 48.7527
4 16 83.2 -15.941 54.9978 81.7 -13.9524 45.7536 83.8989 -30.9396 48.7527 85.3 -32.9527 57.0773
4 16 85.3 -1.9477 65.2216 89.8 -2.016 65.0533 88.3 .2298 55.7892 83.9 .3164 55.8392
3 16 83.9 .3164 55.8392 88.3 .2298 55.7892 86.9 2.1951 46.1852
3 16 83.9 .3164 55.8392 86.9 2.1951 46.1852 82.4 2.2451 46.0986
4 16 82.4 2.2451 46.0986 86.9 2.1951 46.1852 85.5 3.7373 36.9142 81 3.7873 36.8276
4 16 81 3.7873 36.8276 85.5 3.7373 36.9142 83.6 5.2071 24.3683 79.2 5.2437 24.5049
4 16 77.5 6.1002 13.2214 79.2 5.2437 24.5049 83.6 5.2071 24.3683 81.7 6.094 11.8322
3 16 76.1 6.3639 4 77.5 6.1002 13.2214 81.7 6.094 11.8322
3 16 76.1 6.3639 4 81.7 6.094 11.8322 80 6.3639 0
4 16 86.2 -3.9941 54.5053 87.7 -6.2279 63.7614 87.7 -29.2439 57.8576 86.2 -27.2029 49.3041
3 16 86.2 -27.2029 49.3041 84.8 -2.0922 45.211 86.2 -3.9941 54.5053
3 16 86.2 -27.2029 49.3041 84.7 -25.4277 40.6294 84.8 -2.0922 45.211
4 16 83.4 -.6635 36.3364 84.8 -2.0922 45.211 84.7 -25.4277 40.6294 83.1 -23.9454 30.862
4 16 81.5 .7796 24.2369 83.4 -.6635 36.3364 83.1 -23.9454 30.862 81.5 -22.8863 21.4276
3 16 79.7011 1.7185 12.4343 81.5 .7796 24.2369 81.5 -22.8863 21.4276
3 16 79.7011 1.7185 12.4343 81.5 -22.8863 21.4276 79.7 -22.0834 11.0369
3 16 78.5 -21.8279 3.7944 79.7011 1.7185 12.4343 79.7 -22.0834 11.0369
3 16 78.5 -21.8279 3.7944 78.5 1.9622 3.7887 79.7011 1.7185 12.4343
4 16 76.1 6.3639 4 72.5 -4.984 4 73 -7.0928 4 74.9 -7.0562 4
1 16 70 -10.0948 51.4084 9.8 0 0 0 0 -.33475 0 1 -.15665 rect.dat
4 16 60.2 -11.1357 51.0749 60.2 -10.4295 51.2517 58.7 -9.1445 44.0261 58.025 -9.2409 40.593
3 16 58.025 -9.2409 40.593 58.7 -9.1445 44.0261 57 -7.706 35.7345
3 16 57 -7.706 35.7345 55.7 -7.4675 29.5214 58.025 -9.2409 40.593
3 16 57 -7.706 35.7345 55.8 -6.8979 29.7348 55.7 -7.4675 29.5214
3 16 55.8 -6.8979 29.7348 53.3 -6.3744 18 55.7 -7.4675 29.5214
3 16 55.8 -6.8979 29.7348 53.9 -5.929 21.0566 53.3 -6.3744 18
3 16 53.3 -6.3744 18 53.9 -5.929 21.0566 53.3 -5.7048 18
4 16 76.3 -6.8479 29.6482 55.8 -6.8979 29.7348 57 -7.706 35.7345 77.3 -7.706 35.7345
4 16 77.3 -7.706 35.7345 57 -7.706 35.7345 58.7 -9.1445 44.0261 78.6 -9.1445 44.0261
4 16 78.6 -9.1445 44.0261 58.7 -9.1445 44.0261 60.2 -10.4295 51.2517 79.8 -10.4295 51.2517
3 16 72.5 -4.984 4 73.8 -7.3581 10.5319 73 -7.0928 4
3 16 72.5 -4.984 4 73.5 -5.4261 11.1855 73.8 -7.3581 10.5319
3 16 75 -5.929 21.0566 73.8 -7.3581 10.5319 73.5 -5.4261 11.1855
3 16 75 -5.929 21.0566 75.4 -8.0414 21.9154 73.8 -7.3581 10.5319
3 16 75.4 -8.0414 21.9154 75 -5.929 21.0566 76.3 -6.8479 29.6482
4 16 77 -9.2273 31.9694 75.4 -8.0414 21.9154 76.3 -6.8479 29.6482 77.3 -7.706 35.7345
3 16 77 -9.2273 31.9694 77.3 -7.706 35.7345 77.7 -9.7818 36.73
3 16 77.7 -9.7818 36.73 77.3 -7.706 35.7345 78.6 -9.1445 44.0261
3 16 77.7 -9.7818 36.73 78.6 -9.1445 44.0261 78.7 -11.1632 43.3225
3 16 79.8 -12.6847 50.7579 78.7 -11.1632 43.3225 78.6 -9.1445 44.0261
3 16 79.8 -12.6847 50.7579 78.6 -9.1445 44.0261 79.8 -10.4295 51.2517
3 16 73.8 -7.3581 10.5319 74.9 -7.0562 4 73 -7.0928 4
3 16 73.8 -7.3581 10.5319 76 -7.3117 11.2516 74.9 -7.0562 4
3 16 75.4 -8.0414 21.9154 76 -7.3117 11.2516 73.8 -7.3581 10.5319
3 16 75.4 -8.0414 21.9154 77.8 -8.1816 22.7582 76 -7.3117 11.2516
3 16 77.8 -8.1816 22.7582 75.4 -8.0414 21.9154 77 -9.2273 31.9694
3 16 77.8 -8.1816 22.7582 77 -9.2273 31.9694 79.7 -9.7211 34.2247
3 16 79.7 -9.7211 34.2247 77 -9.2273 31.9694 77.7 -9.7818 36.73
3 16 79.7 -9.7211 34.2247 77.7 -9.7818 36.73 81.2 -11.0534 43.7323
3 16 78.7 -11.1632 43.3225 81.2 -11.0534 43.7323 77.7 -9.7818 36.73
3 16 78.7 -11.1632 43.3225 79.8 -12.6847 50.7579 81.2 -11.0534 43.7323
3 16 82.9 -13.4821 54.339 81.2 -11.0534 43.7323 79.8 -12.6847 50.7579
3 16 88.3 -3.6843 54.5687 89.8 -5.8797 63.8681 87.7 -6.2279 63.7614
3 16 88.3 -3.6843 54.5687 87.7 -6.2279 63.7614 86.2 -3.9941 54.5053
4 16 86.9 -1.7824 45.2744 88.3 -3.6843 54.5687 86.2 -3.9941 54.5053 84.8 -2.0922 45.211
4 16 87.7 -29.2439 57.8576 89.8 -29.5988 57.7759 88.3 -27.5627 49.3273 86.2 -27.2029 49.3041
3 16 86.8 -25.8242 40.516 86.2 -27.2029 49.3041 88.3 -27.5627 49.3273
3 16 86.8 -25.8242 40.516 84.7 -25.4277 40.6294 86.2 -27.2029 49.3041
4 16 84.7 -25.4277 40.6294 86.8 -25.8242 40.516 85.1 -24.3284 30.5254 83.1 -23.9454 30.862
3 16 83.6 -23.1961 21.3642 83.1 -23.9454 30.862 85.1 -24.3284 30.5254
3 16 83.6 -23.1961 21.3642 81.5 -22.8863 21.4276 83.1 -23.9454 30.862
3 16 81.9 -22.5334 11.8164 81.5 -22.8863 21.4276 83.6 -23.1961 21.3642
3 16 81.9 -22.5334 11.8164 79.7 -22.0834 11.0369 81.5 -22.8863 21.4276
3 16 80.5 -21.9877 3.4712 79.7 -22.0834 11.0369 81.9 -22.5334 11.8164
3 16 80.5 -21.9877 3.4712 78.5 -21.8279 3.7944 79.7 -22.0834 11.0369
4 16 85.5 -.3536 36.3998 86.9 -1.7824 45.2744 84.8 -2.0922 45.211 83.4 -.6635 36.3364
3 16 83.4 -.6635 36.3364 83.6 1.1394 24.2137 85.5 -.3536 36.3998
3 16 83.4 -.6635 36.3364 81.5 .7796 24.2369 83.6 1.1394 24.2137
4 16 81.8 2.0995 11.9509 83.6 1.1394 24.2137 81.5 .7796 24.2369 79.7011 1.7185 12.4343
4 16 81.8 2.0995 11.9509 79.7011 1.7185 12.4343 78.5 1.9622 3.7887 80.5 2.2988 3.4057
3 16 80.5 -21.9877 3.4712 78.5 1.9622 3.7887 78.5 -21.8279 3.7944
3 16 80.5 -21.9877 3.4712 80.5 2.2988 3.4057 78.5 1.9622 3.7887
4 16 -67 .1396 56.5455 -64.6 -14.8317 60.8658 -66.5 -12.4543 49.1589 -68.7 2.2853 45.429
4 16 -68.7 2.2853 45.429 -66.5 -12.4543 49.1589 -68 -10.539 39.6414 -70.4 4.1712 34.1625
4 16 -70.4 4.1712 34.1625 -68 -10.539 39.6414 -69.4 -9.2103 30.94 -72.4 5.4947 21.0702
3 16 -69.4 -9.2103 30.94 -71 -7.961 20.5762 -72.4 5.4947 21.0702
3 16 -71.7 -7.5833 16.5219 -72.4 5.4947 21.0702 -71 -7.961 20.5762
4 16 -73.9 6.1476 10.9394 -72.4 5.4947 21.0702 -71.7 -7.5833 16.5219 -73.6 -6.6964 4
3 16 -73.6 -6.6964 4 -74.9 6.3639 4 -73.9 6.1476 10.9394
4 16 -65.6 -15.941 54.9978 -67.1 -31.0974 49.2495 -68.8 -29.0186 39.2491 -67.1 -13.9524 45.7536
3 16 -68.9 -12.1165 34.5737 -67.1 -13.9524 45.7536 -68.8 -29.0186 39.2491
3 16 -68.9 -12.1165 34.5737 -68.8 -29.0186 39.2491 -70.2 -27.7435 31.4405
4 16 -70.5 -10.9172 24.2965 -68.9 -12.1165 34.5737 -70.2 -27.7435 31.4405 -71.8 -26.621 21.6962
4 16 -72.1 -10.0777 14.0425 -70.5 -10.9172 24.2965 -71.8 -26.621 21.6962 -73.4 -25.9217 12.285
4 16 -73.8 -9.5981 3.8116 -72.1 -10.0777 14.0425 -73.4 -25.9217 12.285 -75.1 -25.5554 2.4506
4 16 -75.1 -25.5554 2.4506 -75.23 -25.3192 1.4248 -75.3 -24.7786 .7052 -75.3 -23.0394 0
3 16 -75.3 -24.7786 .7052 -75.3166 -23.9504 .2507 -75.3 -23.0394 0
4 16 -73.8 -9.5981 3.8116 -75.1 -25.5554 2.4506 -75.3 -23.0394 0 -74.4 -9.6435 0
3 16 -74.9 6.3639 4 -80 6.3639 0 -78.3 6.1208 11.3858
3 16 -74.9 6.3639 4 -78.3 6.1208 11.3858 -73.9 6.1476 10.9394
4 16 -72.4 5.4947 21.0702 -73.9 6.1476 10.9394 -78.3 6.1208 11.3858 -76.6 5.3509 22.7193
3 16 -70.4 4.1712 34.1625 -72.4 5.4947 21.0702 -76.6 5.3509 22.7193
3 16 -70.4 4.1712 34.1625 -76.6 5.3509 22.7193 -74.8 3.981 35.0919
4 16 -70.4 4.1712 34.1625 -74.8 3.981 35.0919 -73.2 2.2853 45.429 -68.7 2.2853 45.429
4 16 -68.7 2.2853 45.429 -73.2 2.2853 45.429 -71.5 .1396 56.5455 -67 .1396 56.5455
4 16 -76.2 1.7299 11.3911 -77.5 1.9622 3.7887 -77.3 -22.2109 3.4578 -75.9 -22.1236 11.7066
4 16 -74.5 .96 22.7245 -76.2 1.7299 11.3911 -75.9 -22.1236 11.7066 -74.2 -22.8899 22.2338
4 16 -72.6 -.4331 34.7374 -74.5 .96 22.7245 -74.2 -22.8899 22.2338 -72.5 -24.1258 32.3744
3 16 -72.5 -24.1258 32.3744 -71.1 -1.9654 44.5914 -72.6 -.4331 34.7374
3 16 -72.5 -24.1258 32.3744 -71.1 -25.3643 40.3196 -71.1 -1.9654 44.5914
3 16 -69.4 -27.4431 50.3201 -71.1 -1.9654 44.5914 -71.1 -25.3643 40.3196
3 16 -69.4 -27.4431 50.3201 -69.4 -4.2477 55.7445 -71.1 -1.9654 44.5914
3 16 -63.7 -9.735 51.4717 -45.5 -10.4295 51.2517 -63.7 -10.3929 51.3883
3 16 -63.7 -9.735 51.4717 -45.5 -9.76 51.565 -45.5 -10.4295 51.2517
4 16 -63.7 -10.3929 51.3883 -45.5 -10.4295 51.2517 -48 -8.2802 39.329 -65.6 -8.1936 39.379
4 16 -65.6 -8.1936 39.379 -48 -8.2802 39.329 -50.1 -6.8211 29.2018 -67.1 -6.9881 30.491
3 16 -52.4 -6.4244 18 -52.4 -5.7048 18 -51.6 -6.1192 21.986
4 16 -50 -7.4675 29.5214 -52.4 -6.4244 18 -51.6 -6.1192 21.986 -50.1 -6.8211 29.2018
3 16 -50.1 -6.8211 29.2018 -47.675 -9.2409 40.593 -50 -7.4675 29.5214
3 16 -50.1 -6.8211 29.2018 -48 -8.2802 39.329 -47.675 -9.2409 40.593
3 16 -48 -8.2802 39.329 -45.5 -11.1357 51.0749 -47.675 -9.2409 40.593
3 16 -48 -8.2802 39.329 -45.5 -10.4295 51.2517 -45.5 -11.1357 51.0749
3 16 -45.5 -11.1357 51.0749 -45.5 -10.4295 51.2517 -43 -12.7326 62.6586
3 16 -45.5 -9.76 51.565 -43 -12.7326 62.6586 -45.5 -10.4295 51.2517
3 16 -45.5 -11.1357 51.0749 -43 -12.7326 62.6586 -42.85 -14.1148 63.2052
4 16 -62.1 -15.0366 60.5975 -61.9 -12.7326 62.6586 -63.7 -10.3929 51.3883 -63.7 -12.9079 50.7445
3 16 -63.7 -10.3929 51.3883 -61.9 -12.7326 62.6586 -63.7 -9.735 51.4717
4 16 -65.5 -10.5256 39.4182 -63.7 -12.9079 50.7445 -63.7 -10.3929 51.3883 -65.6 -8.1936 39.379
3 16 -67.1 -9.2335 30.5802 -65.5 -10.5256 39.4182 -65.6 -8.1936 39.379
3 16 -67.1 -9.2335 30.5802 -65.6 -8.1936 39.379 -67.1 -6.9881 30.491
4 16 -68.2 -8.5486 24.3939 -67.1 -9.2335 30.5802 -67.1 -6.9881 30.491 -68.2 -6.3531 24.3912
4 16 -69 -7.8368 18 -68.2 -8.5486 24.3939 -68.2 -6.3531 24.3912 -69 -5.7048 18
3 16 -63.7 -12.9079 50.7445 -64.6 -14.8317 60.8658 -62.1 -15.0366 60.5975
3 16 -63.7 -12.9079 50.7445 -66.5 -12.4543 49.1589 -64.6 -14.8317 60.8658
3 16 -65.5 -10.5256 39.4182 -66.5 -12.4543 49.1589 -63.7 -12.9079 50.7445
3 16 -65.5 -10.5256 39.4182 -68 -10.539 39.6414 -66.5 -12.4543 49.1589
3 16 -67.1 -9.2335 30.5802 -68 -10.539 39.6414 -65.5 -10.5256 39.4182
3 16 -67.1 -9.2335 30.5802 -69.4 -9.2103 30.94 -68 -10.539 39.6414
3 16 -68.2 -8.5486 24.3939 -69.4 -9.2103 30.94 -67.1 -9.2335 30.5802
3 16 -68.2 -8.5486 24.3939 -71 -7.961 20.5762 -69.4 -9.2103 30.94
3 16 -69 -7.8368 18 -71 -7.961 20.5762 -68.2 -8.5486 24.3939
3 16 -69 -7.8368 18 -71.7 -7.5833 16.5219 -71 -7.961 20.5762
3 16 -77.5 1.9622 3.7887 -79.4 -22.2109 3.4578 -77.3 -22.2109 3.4578
3 16 -77.5 1.9622 3.7887 -79.5 2.1622 3.4423 -79.4 -22.2109 3.4578
3 16 -77.5 1.9622 3.7887 -78.3 2.0397 11.4545 -79.5 2.1622 3.4423
3 16 -77.5 1.9622 3.7887 -76.2 1.7299 11.3911 -78.3 2.0397 11.4545
4 16 -76.5 1.2698 22.7879 -78.3 2.0397 11.4545 -76.2 1.7299 11.3911 -74.5 .96 22.7245
4 16 -74.7 -.1233 34.8008 -76.5 1.2698 22.7879 -74.5 .96 22.7245 -72.6 -.4331 34.7374
4 16 -73.2 -1.6556 44.6548 -74.7 -.1233 34.8008 -72.6 -.4331 34.7374 -71.1 -1.9654 44.5914
4 16 -71.4 -3.9379 55.8079 -73.2 -1.6556 44.6548 -71.1 -1.9654 44.5914 -69.4 -4.2477 55.7445
3 16 -78 -22.4334 11.6432 -75.9 -22.1236 11.7066 -77.3 -22.2109 3.4578
3 16 -76.3 -23.2497 22.257 -75.9 -22.1236 11.7066 -78 -22.4334 11.6432
3 16 -76.3 -23.2497 22.257 -74.2 -22.8899 22.2338 -75.9 -22.1236 11.7066
4 16 -74.2 -22.8899 22.2338 -76.3 -23.2497 22.257 -74.6 -24.4856 32.3976 -72.5 -24.1258 32.3744
3 16 -73.2 -25.8108 40.2928 -72.5 -24.1258 32.3744 -74.6 -24.4856 32.3976
3 16 -73.2 -25.8108 40.2928 -71.1 -25.3643 40.3196 -72.5 -24.1258 32.3744
3 16 -71.5 -27.7529 50.2567 -71.1 -25.3643 40.3196 -73.2 -25.8108 40.2928
3 16 -71.5 -27.7529 50.2567 -69.4 -27.4431 50.3201 -71.1 -25.3643 40.3196
3 16 -75.3 -23.0394 0 -79.9433 -23.9087 .3286 -80 -22.9528 0
3 16 -75.3 -23.0394 0 -75.3166 -23.9504 .2507 -79.9433 -23.9087 .3286
4 16 -79.8692 -24.7039 .7587 -79.9433 -23.9087 .3286 -75.3166 -23.9504 .2507 -75.3 -24.7786 .7052
3 16 -79.7432 -25.2287 1.4895 -79.8692 -24.7039 .7587 -75.3 -24.7786 .7052
3 16 -79.7432 -25.2287 1.4895 -75.3 -24.7786 .7052 -75.23 -25.3192 1.4248
4 16 -75.1 -25.5554 2.4506 -79.5741 -25.4675 2.4706 -79.7432 -25.2287 1.4895 -75.23 -25.3192 1.4248
4 16 -78 -25.7583 11.802 -79.5741 -25.4675 2.4706 -75.1 -25.5554 2.4506 -73.4 -25.9217 12.285
4 16 -76.2 -26.5612 22.1927 -78 -25.7583 11.802 -73.4 -25.9217 12.285 -71.8 -26.621 21.6962
3 16 -71.8 -26.621 21.6962 -74.6 -27.7703 31.8869 -76.2 -26.5612 22.1927
3 16 -71.8 -26.621 21.6962 -70.2 -27.7435 31.4405 -74.6 -27.7703 31.8869
4 16 -73.2 -28.9954 39.6089 -74.6 -27.7703 31.8869 -70.2 -27.7435 31.4405 -68.8 -29.0186 39.2491
4 16 -71.5 -30.9742 49.4361 -73.2 -28.9954 39.6089 -68.8 -29.0186 39.2491 -67.1 -31.0974 49.2495
3 16 83.6 -23.1961 21.3642 82 -25.7583 11.802 81.9 -22.5334 11.8164
4 16 80.5 -21.9877 3.4712 81.9 -22.5334 11.8164 82 -25.7583 11.802 80.4 -25.5054 2.364
3 16 83.6 -23.1961 21.3642 83.7 -26.5344 21.7462 82 -25.7583 11.802
3 16 85.1 -24.3284 30.5254 83.7 -26.5344 21.7462 83.6 -23.1961 21.3642
4 16 85.2 -27.6033 30.5976 83.7 -26.5344 21.7462 85.1 -24.3284 30.5254 86.8 -25.8242 40.516
4 16 86.8 -29.1088 40.0053 85.2 -27.6033 30.5976 86.8 -25.8242 40.516 88.3 -27.5627 49.3273
3 16 88.3 -27.5627 49.3273 88.3 -30.7974 48.7299 86.8 -29.1088 40.0053
4 16 88.3 -30.7974 48.7299 88.3 -27.5627 49.3273 89.8 -29.5988 57.7759 89.8 -32.8344 57.0589
3 16 80.4 -25.5054 2.364 80.2144 -25.179 1.3951 80.1 -24.692 .7552
3 16 80.1 -24.692 .7552 80 -22.9528 0 80.4 -25.5054 2.364
3 16 80.1 -24.692 .7552 80.019 -23.8096 .2219 80 -22.9528 0
3 16 80 -22.9528 0 80.5 -21.9877 3.4712 80.4 -25.5054 2.364
4 16 80.5 2.2988 3.4057 80.5 -21.9877 3.4712 80 -22.9528 0 80 6.3639 0
3 16 80.5 2.2988 3.4057 80 6.3639 0 81.7 6.094 11.8322
4 16 81.8 2.0995 11.9509 80.5 2.2988 3.4057 81.7 6.094 11.8322 83.6 5.2071 24.3683
3 16 81.8 2.0995 11.9509 83.6 5.2071 24.3683 83.6 1.1394 24.2137
4 16 83.6 1.1394 24.2137 83.6 5.2071 24.3683 85.5 3.7373 36.9142 85.5 -.3536 36.3998
4 16 86.9 -1.7824 45.2744 85.5 -.3536 36.3998 85.5 3.7373 36.9142 86.9 2.1951 46.1852
4 16 88.3 -3.6843 54.5687 86.9 -1.7824 45.2744 86.9 2.1951 46.1852 88.3 .2298 55.7892
4 16 89.8 -5.8797 63.8681 88.3 -3.6843 54.5687 88.3 .2298 55.7892 89.8 -2.016 65.0533
4 16 -71.5 -30.9742 49.4361 -71.5 -27.7529 50.2567 -73.2 -25.8108 40.2928 -73.2 -28.9954 39.6089
4 16 -73.2 -28.9954 39.6089 -73.2 -25.8108 40.2928 -74.6 -24.4856 32.3976 -74.6 -27.7703 31.8869
4 16 -76.2 -26.5612 22.1927 -74.6 -27.7703 31.8869 -74.6 -24.4856 32.3976 -76.3 -23.2497 22.257
3 16 -78 -25.7583 11.802 -76.2 -26.5612 22.1927 -76.3 -23.2497 22.257
3 16 -78 -25.7583 11.802 -76.3 -23.2497 22.257 -78 -22.4334 11.6432
4 16 -78 -25.7583 11.802 -78 -22.4334 11.6432 -79.4 -22.2109 3.4578 -79.5741 -25.4675 2.4706
3 16 -71.5 .1396 56.5455 -73.2 -1.6556 44.6548 -71.4 -3.9379 55.8079
4 16 -73.2 -1.6556 44.6548 -71.5 .1396 56.5455 -73.2 2.2853 45.429 -74.7 -.1233 34.8008
3 16 -74.7 -.1233 34.8008 -73.2 2.2853 45.429 -74.8 3.981 35.0919
4 16 -76.5 1.2698 22.7879 -74.7 -.1233 34.8008 -74.8 3.981 35.0919 -76.6 5.3509 22.7193
3 16 -76.6 5.3509 22.7193 -78.3 2.0397 11.4545 -76.5 1.2698 22.7879
4 16 -78.3 2.0397 11.4545 -76.6 5.3509 22.7193 -78.3 6.1208 11.3858 -79.5 2.1622 3.4423
3 16 -79.5 2.1622 3.4423 -78.3 6.1208 11.3858 -80 6.3639 0
3 16 -80 -22.9528 0 -79.5 2.1622 3.4423 -80 6.3639 0
3 16 -80 -22.9528 0 -79.4 -22.2109 3.4578 -79.5 2.1622 3.4423
3 16 -80 -22.9528 0 -79.9433 -23.9087 .3286 -79.8692 -24.7039 .7587
4 16 -80 -22.9528 0 -79.8692 -24.7039 .7587 -79.5741 -25.4675 2.4706 -79.4 -22.2109 3.4578
3 16 -79.8692 -24.7039 .7587 -79.7432 -25.2287 1.4895 -79.5741 -25.4675 2.4706
2 24 -73.6 -6.6964 4 -71.7 -7.5833 16.5219
2 24 -77.3 -22.2109 3.4578 -79.4 -22.2109 3.4578
2 24 -79.4 -22.2109 3.4578 -78 -22.4334 11.6432
2 24 -52.4 -5.7048 18 -52.4 -6.4244 18
2 24 80 6.3639 0 80 -22.9528 0
2 24 75.3 -23.0394 0 74.4 -9.6435 0
2 24 75.3776 -23.9458 .2683 75.3 -23.0394 0
2 24 80 -22.9528 0 80.019 -23.8096 .2219
2 24 75.5 -24.7786 .7052 75.3776 -23.9458 .2683
2 24 80.019 -23.8096 .2219 80.1 -24.692 .7552
2 24 75.6551 -25.2155 1.2734 75.5 -24.7786 .7052
2 24 80.1 -24.692 .7552 80.2144 -25.179 1.3951
2 24 75.9 -25.6286 2.1774 75.6551 -25.2155 1.2734
2 24 80.2144 -25.179 1.3951 80.4 -25.5054 2.364
2 24 77.5 -25.8815 11.6154 75.9 -25.6286 2.1774
2 24 80.4 -25.5054 2.364 82 -25.7583 11.802
2 24 79.2 -26.6576 21.5596 77.5 -25.8815 11.6154
2 24 82 -25.7583 11.802 83.7 -26.5344 21.7462
2 24 80.7989 -27.6223 30.807 79.2 -26.6576 21.5596
2 24 83.7 -26.5344 21.7462 85.2 -27.6033 30.5976
2 24 82.4 -29.2088 40.1785 80.7989 -27.6223 30.807
2 24 85.2 -27.6033 30.5976 86.8 -29.1088 40.0053
2 24 83.8989 -30.9396 48.7527 82.4 -29.2088 40.1785
2 24 86.8 -29.1088 40.0053 88.3 -30.7974 48.7299
2 24 85.3 -32.9527 57.0773 83.8989 -30.9396 48.7527
2 24 88.3 -30.7974 48.7299 89.8 -32.8344 57.0589
2 24 51 -6.511 18 53.3 -6.3744 18
2 24 53.3 -6.3744 18 53.3 -5.7048 18
2 24 81.7 -13.9524 45.7536 83.2 -15.941 54.9978
2 24 79.9 -12.1165 34.5737 81.7 -13.9524 45.7536
2 24 78.3 -10.9172 24.2965 79.9 -12.1165 34.5737
2 24 76.7 -10.0777 14.0425 78.3 -10.9172 24.2965
2 24 75 -9.5981 3.8116 76.7 -10.0777 14.0425
2 24 74.4 -9.6435 0 75 -9.5981 3.8116
2 24 -52.4 -6.4244 18 -50 -7.4675 29.5214
2 24 -50 -7.4675 29.5214 -47.675 -9.2409 40.593
2 24 -47.675 -9.2409 40.593 -45.5 -11.1357 51.0749
2 24 -45.5 -11.1357 51.0749 -42.85 -14.1148 63.2052
2 24 55.7 -7.4675 29.5214 53.3 -6.3744 18
2 24 58.025 -9.2409 40.593 55.7 -7.4675 29.5214
2 24 60.2 -11.1357 51.0749 58.025 -9.2409 40.593
2 24 76.1 6.3639 4 74.9 -7.0562 4
2 24 74.9 -7.0562 4 76 -7.3117 11.2516
2 24 77.5 6.1002 13.2214 76.1 6.3639 4
2 24 76 -7.3117 11.2516 77.8 -8.1816 22.7582
2 24 79.2 5.2437 24.5049 77.5 6.1002 13.2214
2 24 77.8 -8.1816 22.7582 79.7 -9.7211 34.2247
2 24 81 3.7873 36.8276 79.2 5.2437 24.5049
2 24 79.7 -9.7211 34.2247 81.2 -11.0534 43.7323
2 24 82.4 2.2451 46.0986 81 3.7873 36.8276
2 24 83.9 .3164 55.8392 82.4 2.2451 46.0986
2 24 81.2 -11.0534 43.7323 82.9 -13.4821 54.339
2 24 85.3 -1.9477 65.2216 83.9 .3164 55.8392
2 24 89.8 -2.016 65.0533 88.3 .2298 55.7892
2 24 88.3 .2298 55.7892 86.9 2.1951 46.1852
2 24 86.9 2.1951 46.1852 85.5 3.7373 36.9142
2 24 85.5 3.7373 36.9142 83.6 5.2071 24.3683
2 24 83.6 5.2071 24.3683 81.7 6.094 11.8322
2 24 81.7 6.094 11.8322 80 6.3639 0
2 24 86.2 -3.9941 54.5053 87.7 -6.2279 63.7614
2 24 87.7 -29.2439 57.8576 86.2 -27.2029 49.3041
2 24 84.8 -2.0922 45.211 86.2 -3.9941 54.5053
2 24 86.2 -27.2029 49.3041 84.7 -25.4277 40.6294
2 24 83.4 -.6635 36.3364 84.8 -2.0922 45.211
2 24 84.7 -25.4277 40.6294 83.1 -23.9454 30.862
2 24 81.5 .7796 24.2369 83.4 -.6635 36.3364
2 24 83.1 -23.9454 30.862 81.5 -22.8863 21.4276
2 24 79.7011 1.7185 12.4343 81.5 .7796 24.2369
2 24 81.5 -22.8863 21.4276 79.7 -22.0834 11.0369
2 24 79.7 -22.0834 11.0369 78.5 -21.8279 3.7944
2 24 78.5 -21.8279 3.7944 78.5 1.9622 3.7887
2 24 78.5 1.9622 3.7887 79.7011 1.7185 12.4343
2 24 72.5 -4.984 4 73 -7.0928 4
2 24 73 -7.0928 4 74.9 -7.0562 4
2 24 60.2 -10.4295 51.2517 58.7 -9.1445 44.0261
2 24 58.7 -9.1445 44.0261 57 -7.706 35.7345
2 24 57 -7.706 35.7345 55.8 -6.8979 29.7348
2 24 55.8 -6.8979 29.7348 53.9 -5.929 21.0566
2 24 53.9 -5.929 21.0566 53.3 -5.7048 18
2 24 73.5 -5.4261 11.1855 72.5 -4.984 4
2 24 75 -5.929 21.0566 73.5 -5.4261 11.1855
2 24 76.3 -6.8479 29.6482 75 -5.929 21.0566
2 24 77.3 -7.706 35.7345 76.3 -6.8479 29.6482
2 24 78.6 -9.1445 44.0261 77.3 -7.706 35.7345
2 24 79.8 -10.4295 51.2517 78.6 -9.1445 44.0261
2 24 73.8 -7.3581 10.5319 73 -7.0928 4
2 24 75.4 -8.0414 21.9154 73.8 -7.3581 10.5319
2 24 77 -9.2273 31.9694 75.4 -8.0414 21.9154
2 24 77.7 -9.7818 36.73 77 -9.2273 31.9694
2 24 78.7 -11.1632 43.3225 77.7 -9.7818 36.73
2 24 79.8 -12.6847 50.7579 78.7 -11.1632 43.3225
2 24 88.3 -3.6843 54.5687 89.8 -5.8797 63.8681
2 24 86.9 -1.7824 45.2744 88.3 -3.6843 54.5687
2 24 89.8 -29.5988 57.7759 88.3 -27.5627 49.3273
2 24 88.3 -27.5627 49.3273 86.8 -25.8242 40.516
2 24 86.8 -25.8242 40.516 85.1 -24.3284 30.5254
2 24 85.1 -24.3284 30.5254 83.6 -23.1961 21.3642
2 24 83.6 -23.1961 21.3642 81.9 -22.5334 11.8164
2 24 81.9 -22.5334 11.8164 80.5 -21.9877 3.4712
2 24 80.5 -21.9877 3.4712 78.5 -21.8279 3.7944
2 24 85.5 -.3536 36.3998 86.9 -1.7824 45.2744
2 24 83.6 1.1394 24.2137 85.5 -.3536 36.3998
2 24 81.8 2.0995 11.9509 83.6 1.1394 24.2137
2 24 78.5 1.9622 3.7887 80.5 2.2988 3.4057
2 24 80.5 2.2988 3.4057 81.8 2.0995 11.9509
2 24 80.5 -21.9877 3.4712 80.5 2.2988 3.4057
2 24 -64.6 -14.8317 60.8658 -66.5 -12.4543 49.1589
2 24 -68.7 2.2853 45.429 -67 .1396 56.5455
2 24 -66.5 -12.4543 49.1589 -68 -10.539 39.6414
2 24 -70.4 4.1712 34.1625 -68.7 2.2853 45.429
2 24 -68 -10.539 39.6414 -69.4 -9.2103 30.94
2 24 -72.4 5.4947 21.0702 -70.4 4.1712 34.1625
2 24 -69.4 -9.2103 30.94 -71 -7.961 20.5762
2 24 -71 -7.961 20.5762 -71.7 -7.5833 16.5219
2 24 -73.9 6.1476 10.9394 -72.4 5.4947 21.0702
2 24 -73.6 -6.6964 4 -74.9 6.3639 4
2 24 -74.9 6.3639 4 -73.9 6.1476 10.9394
2 24 -67.1 -31.0974 49.2495 -68.8 -29.0186 39.2491
2 24 -68.8 -29.0186 39.2491 -70.2 -27.7435 31.4405
2 24 -70.2 -27.7435 31.4405 -71.8 -26.621 21.6962
2 24 -71.8 -26.621 21.6962 -73.4 -25.9217 12.285
2 24 -73.4 -25.9217 12.285 -75.1 -25.5554 2.4506
2 24 -75.1 -25.5554 2.4506 -75.23 -25.3192 1.4248
2 24 -75.23 -25.3192 1.4248 -75.3 -24.7786 .7052
2 24 -75.3 -24.7786 .7052 -75.3166 -23.9504 .2507
2 24 -75.3166 -23.9504 .2507 -75.3 -23.0394 0
2 24 -75.3 -23.0394 0 -74.4 -9.6435 0
2 24 -80 6.3639 0 -78.3 6.1208 11.3858
2 24 -78.3 6.1208 11.3858 -76.6 5.3509 22.7193
2 24 -76.6 5.3509 22.7193 -74.8 3.981 35.0919
2 24 -74.8 3.981 35.0919 -73.2 2.2853 45.429
2 24 -73.2 2.2853 45.429 -71.5 .1396 56.5455
2 24 -76.2 1.7299 11.3911 -77.5 1.9622 3.7887
2 24 -77.5 1.9622 3.7887 -77.3 -22.2109 3.4578
2 24 -77.3 -22.2109 3.4578 -75.9 -22.1236 11.7066
2 24 -74.5 .96 22.7245 -76.2 1.7299 11.3911
2 24 -75.9 -22.1236 11.7066 -74.2 -22.8899 22.2338
2 24 -72.6 -.4331 34.7374 -74.5 .96 22.7245
2 24 -74.2 -22.8899 22.2338 -72.5 -24.1258 32.3744
2 24 -71.1 -1.9654 44.5914 -72.6 -.4331 34.7374
2 24 -72.5 -24.1258 32.3744 -71.1 -25.3643 40.3196
2 24 -71.1 -25.3643 40.3196 -69.4 -27.4431 50.3201
2 24 -69.4 -4.2477 55.7445 -71.1 -1.9654 44.5914
2 24 -45.5 -10.4295 51.2517 -63.7 -10.3929 51.3883
2 24 -63.7 -10.3929 51.3883 -63.7 -9.735 51.4717
2 24 -63.7 -9.735 51.4717 -45.5 -9.76 51.565
2 24 -45.5 -9.76 51.565 -45.5 -10.4295 51.2517
2 24 -45.5 -10.4295 51.2517 -48 -8.2802 39.329
2 24 -65.6 -8.1936 39.379 -63.7 -10.3929 51.3883
2 24 -48 -8.2802 39.329 -50.1 -6.8211 29.2018
2 24 -67.1 -6.9881 30.491 -65.6 -8.1936 39.379
2 24 -50.1 -6.8211 29.2018 -51.6 -6.1192 21.986
2 24 -68.2 -6.3531 24.3912 -67.1 -6.9881 30.491
2 24 -69 -5.7048 18 -68.2 -6.3531 24.3912
2 24 -51.6 -6.1192 21.986 -52.4 -5.7048 18
2 24 -45.5 -9.76 51.565 -43 -12.7326 62.6586
2 24 -61.9 -12.7326 62.6586 -63.7 -9.735 51.4717
2 24 -63.7 -12.9079 50.7445 -62.1 -15.0366 60.5975
2 24 -65.5 -10.5256 39.4182 -63.7 -12.9079 50.7445
2 24 -67.1 -9.2335 30.5802 -65.5 -10.5256 39.4182
2 24 -68.2 -8.5486 24.3939 -67.1 -9.2335 30.5802
2 24 -69 -7.8368 18 -68.2 -8.5486 24.3939
2 24 -77.5 1.9622 3.7887 -79.5 2.1622 3.4423
2 24 -79.5 2.1622 3.4423 -79.4 -22.2109 3.4578
2 24 -78.3 2.0397 11.4545 -79.5 2.1622 3.4423
2 24 -76.5 1.2698 22.7879 -78.3 2.0397 11.4545
2 24 -74.7 -.1233 34.8008 -76.5 1.2698 22.7879
2 24 -73.2 -1.6556 44.6548 -74.7 -.1233 34.8008
2 24 -71.4 -3.9379 55.8079 -73.2 -1.6556 44.6548
2 24 -78 -22.4334 11.6432 -76.3 -23.2497 22.257
2 24 -76.3 -23.2497 22.257 -74.6 -24.4856 32.3976
2 24 -74.6 -24.4856 32.3976 -73.2 -25.8108 40.2928
2 24 -73.2 -25.8108 40.2928 -71.5 -27.7529 50.2567
2 24 -80 -22.9528 0 -80 6.3639 0
2 24 -79.9433 -23.9087 .3286 -80 -22.9528 0
2 24 -79.8692 -24.7039 .7587 -79.9433 -23.9087 .3286
2 24 -79.7432 -25.2287 1.4895 -79.8692 -24.7039 .7587
2 24 -79.5741 -25.4675 2.4706 -79.7432 -25.2287 1.4895
2 24 -78 -25.7583 11.802 -79.5741 -25.4675 2.4706
2 24 -76.2 -26.5612 22.1927 -78 -25.7583 11.802
2 24 -74.6 -27.7703 31.8869 -76.2 -26.5612 22.1927
2 24 -73.2 -28.9954 39.6089 -74.6 -27.7703 31.8869
2 24 -71.5 -30.9742 49.4361 -73.2 -28.9954 39.6089

4 16 83.2 -15.941 54.9978 84.4 -17.7703 62.2258 -64.4 -17.7703 62.2258 -65.6 -15.941 54.9978
3 16 83.2 -15.941 54.9978 85.3 -32.9527 57.0773 84.4 -17.7703 62.2258
4 16 63 -13.191 64.3698 60.2 -9.76 51.565 60.2 -10.4295 51.2517 62.85 -14.1148 63.2052
3 16 62.85 -14.1148 63.2052 60.2 -10.4295 51.2517 60.2 -11.1357 51.0749
4 16 82.1 -16.217 65.0027 79.8 -12.6847 50.7579 79.8 -10.4295 51.2517 81.9 -13.191 64.3698
3 16 81.9 -13.191 64.3698 79.8 -10.4295 51.2517 79.8 -9.76 51.565
3 16 82.9 -13.4821 54.339 79.8 -12.6847 50.7579 82.1 -16.217 65.0027
3 16 82.9 -13.4821 54.339 82.1 -16.217 65.0027 84.6 -15.9054 64.8728
3 16 -67 .1396 56.5455 -65.3 -2.5695 67.5426 -64.6 -14.8317 60.8658
3 16 -64.4 -17.7703 62.2258 -65.3 -33.4929 59.0933 -67.1 -31.0974 49.2495
3 16 -64.4 -17.7703 62.2258 -67.1 -31.0974 49.2495 -65.6 -15.941 54.9978
3 16 -67 .1396 56.5455 -71.5 .1396 56.5455 -69.8 -2.7128 67.6542
3 16 -67 .1396 56.5455 -69.8 -2.7128 67.6542 -65.3 -2.5695 67.5426
4 16 -69.4 -4.2477 55.7445 -69.4 -27.4431 50.3201 -67.7 -29.8908 60.2719 -67.7 -7.0065 66.6671
4 16 -69.8 -6.6516 66.7488 -71.4 -3.9379 55.8079 -69.4 -4.2477 55.7445 -67.7 -7.0065 66.6671
3 16 -69.8 -30.239 60.1652 -69.4 -27.4431 50.3201 -71.5 -27.7529 50.2567
3 16 -69.8 -30.239 60.1652 -67.7 -29.8908 60.2719 -69.4 -27.4431 50.3201
4 16 -69.8 -33.3996 59.1683 -71.5 -30.9742 49.4361 -67.1 -31.0974 49.2495 -65.3 -33.4929 59.0933
4 16 -69.8 -33.3996 59.1683 -69.8 -30.239 60.1652 -71.5 -27.7529 50.2567 -71.5 -30.9742 49.4361
3 16 -71.4 -3.9379 55.8079 -69.8 -6.6516 66.7488 -69.8 -2.7128 67.6542
3 16 -71.4 -3.9379 55.8079 -69.8 -2.7128 67.6542 -71.5 .1396 56.5455
2 24 83.2 -15.941 54.9978 84.4 -17.7703 62.2258
2 24 62.85 -14.1148 63.2052 60.2 -11.1357 51.0749
2 24 82.9 -13.4821 54.339 84.6 -15.9054 64.8728
2 24 63 -13.191 64.3698 60.2 -9.76 51.565
2 24 82.1 -16.217 65.0027 79.8 -12.6847 50.7579
2 24 79.8 -9.76 51.565 81.9 -13.191 64.3698
2 24 -67 .1396 56.5455 -65.3 -2.5695 67.5426
2 24 -65.3 -33.4929 59.0933 -67.1 -31.0974 49.2495
2 24 -71.5 .1396 56.5455 -69.8 -2.7128 67.6542
2 24 -69.4 -27.4431 50.3201 -67.7 -29.8908 60.2719
2 24 -67.7 -7.0065 66.6671 -69.4 -4.2477 55.7445
2 24 -69.8 -6.6516 66.7488 -71.4 -3.9379 55.8079
2 24 -71.5 -27.7529 50.2567 -69.8 -30.239 60.1652
2 24 -69.8 -33.3996 59.1683 -71.5 -30.9742 49.4361
2 24 -67.1 -13.9524 45.7536 -65.6 -15.941 54.9978
2 24 -68.9 -12.1165 34.5737 -67.1 -13.9524 45.7536
2 24 -70.5 -10.9172 24.2965 -68.9 -12.1165 34.5737
2 24 -72.1 -10.0777 14.0425 -70.5 -10.9172 24.2965
2 24 -73.8 -9.5981 3.8116 -72.1 -10.0777 14.0425
2 24 -74.4 -9.6435 0 -73.8 -9.5981 3.8116
2 24 -65.6 -15.941 54.9978 -64.4 -17.7703 62.2258

0 BFC INVERTNEXT
1 16 71.8 -14.0243 63.2295 -5 0 0 0 1.06252 1.2941 0 .2847 -4.82963 2-4cylc.dat
1 16 71.8 -12.9618 63.5142 -5 0 0 0 -1 1.2941 0 0 -4.82963 2-4ndis.dat
4 16 79.8 -9.76 51.565 76.8 -11.6677 58.6846 76.8 -12.9618 63.5142 81.9 -13.191 64.3698
4 16 66.8 -11.6677 58.6846 76.8 -11.6677 58.6846 79.8 -9.76 51.565 60.2 -9.76 51.565
4 16 63 -13.191 64.3698 66.8 -12.9618 63.5142 66.8 -11.6677 58.6846 60.2 -9.76 51.565
0 BFC INVERTNEXT
1 16 -51.8 -14.0243 63.2295 -5 0 0 0 1.06252 1.2941 0 .2847 -4.82963 2-4cylc.dat
1 16 -51.8 -12.9618 63.5142 -5 0 0 0 -1 1.2941 0 0 -4.82963 2-4ndis.dat
4 16 -61.9 -12.7326 62.6586 -56.8 -12.9618 63.5142 -56.8 -11.6677 58.6846 -63.7 -9.735 51.4717
4 16 -63.7 -9.735 51.4717 -56.8 -11.6677 58.6846 -46.8 -11.6677 58.6846 -45.5 -9.76 51.565
4 16 -46.8 -11.6677 58.6846 -46.8 -12.9618 63.5142 -43 -12.7326 62.6586 -45.5 -9.76 51.565
1 16 -60 0 0 1 0 0 0 1 0 0 0 1 s\77823s02.dat
1 16 60 0 0 -1 0 0 0 1 0 0 0 1 s\77823s02.dat
4 16 -51 -9 0 -51 6.3639 0 51 6.3639 0 51 -9 0
4 16 69 -9 0 74.4 -9.6435 0 -74.4 -9.6435 0 -69 -9 0
2 24 -74.4 -9.6435 0 74.4 -9.6435 0
4 16 74.4 -9.6435 0 75 -9.5981 3.8116 -73.8 -9.5981 3.8116 -74.4 -9.6435 0
2 24 -53.6361 6.3639 4 53.6358 6.3641 4
2 24 53.6358 6.3641 0 -53.6361 6.3639 0
4 16 53.6358 6.3641 4 53.6358 6.3641 0 -53.6361 6.3639 0 -53.6361 6.3639 4
2 24 -56.9384 -7.3912 2 -51 -5.7902 3.8162
2 24 -51 -5.7902 3.8162 51 -5.7902 3.8162
4 16 -51 6.3639 4 -51 0 4 51 0 4 51 6.3639 4
4 16 51 0 4 -51 0 4 -51 -5.7902 3.8162 51 -5.7902 3.8162
4 16 51 -5.7902 3.8162 -51 -5.7902 3.8162 -51 -6.0323 10.8355 51 -6.0323 10.8355
4 16 51 -6.511 18 51 -6.0323 10.8355 -51 -6.0323 10.8355 -51 -6.511 18
2 24 -69 -6.6964 4 -69 -7.8368 18
3 16 -69 -7.8368 18 -69 -5.7048 18 -69 -6.6964 4
2 24 -69 -5.7048 18 -69 0 18
2 24 -69 -6.6964 4 -69 0 4
4 16 -69 -6.6964 4 -69 -5.7048 18 -69 0 18 -69 0 4
4 16 -74.9 6.3639 4 -73.6 -6.6964 4 -69 -6.6964 4 -69 0 4
3 16 -69 -7.8368 18 -69 -6.6964 4 -73.6 -6.6964 4
3 16 -73.6 -6.6964 4 -71.7 -7.5833 16.5219 -69 -7.8368 18
2 24 -69 -6.6964 4 -73.6 -6.6964 4
2 24 -52.4 -6.4244 18 -51 -6.511 18
4 16 -52.4 -5.7048 18 -52.4 -6.4244 18 -51 -6.511 18 -51 0 18
3 16 -54.3432 -5.6568 18 -52.4 -5.7048 18 -51 0 18
2 24 -54.3432 -5.6568 18 -52.4 -5.7048 18
2 24 -65.6568 -5.6568 18 -69 -5.7048 18
3 16 -65.6568 -5.6568 18 -69 0 18 -69 -5.7048 18
2 24 -74.9 6.3639 4 -66.3642 6.3641 4
4 16 -66.3642 6.3641 4 -66.3642 6.3641 0 -80 6.3639 0 -74.9 6.3639 4
3 16 -69 6.3639 4 -74.9 6.3639 4 -69 0 4
2 24 66.3639 6.3639 4 76.1 6.3639 4
4 16 66.3639 6.3639 0 66.3639 6.3639 4 76.1 6.3639 4 80 6.3639 0
4 16 72.5 -4.984 4 76.1 6.3639 4 69 6.3639 4 69 0 4
2 24 69 -5.4261 11.1855 69 -4.984 4
2 24 69 -5.7732 18 69 -5.4261 11.1855
2 24 69 -4.984 4 72.5 -4.984 4
2 24 69 -4.984 4 69 0 4
3 16 69 -5.4261 11.1855 69 -4.984 4 69 -5.7732 18
4 16 69 -5.7732 18 69 -4.984 4 69 0 4 69 0 18
2 24 69 -5.7732 18 69 0 18
2 24 65.6568 -5.6568 18 69 -5.7732 18
3 16 69 -5.7732 18 69 0 18 65.6568 -5.6568 18
3 16 69 0 4 69 -4.984 4 72.5 -4.984 4
4 16 72.5 -4.984 4 69 -4.984 4 69 -5.4261 11.1855 73.5 -5.4261 11.1855
4 16 73.5 -5.4261 11.1855 69 -5.4261 11.1855 69 -5.7732 18 75 -5.929 21.0566
4 16 53.3 -6.3744 18 53.3 -5.7048 18 51 0 18 51 -6.511 18
3 16 53.3 -5.7048 18 54.3432 -5.6568 18 51 0 18
2 24 53.3 -5.7048 18 54.3432 -5.6568 18
3 16 54.3432 -5.6568 18 53.3 -5.7048 18 53.9 -5.929 21.0566
3 16 53.9 -5.929 21.0566 54.3432 -5.9068 20 54.3432 -5.6568 18
3 16 -54.3432 -5.6568 18 -54.3432 -5.9068 20 -52.4 -5.7048 18
3 16 -52.4 -5.7048 18 -54.3432 -5.9068 20 -51.6 -6.1192 21.986
3 16 -51.6 -6.1192 21.986 -54.3432 -5.9068 20 -55 -5.9568 20.9566
3 16 -51.6 -6.1192 21.986 -55 -5.9568 20.9566 -54.96 -6.2763 23.685
3 16 -51.6 -6.1192 21.986 -54.96 -6.2763 23.685 -50.1 -6.8211 29.2018
4 16 -67.1 -6.9881 30.491 -50.1 -6.8211 29.2018 -54.96 -6.2763 23.685 -65 -6.2763 23.685
3 16 -67.1 -6.9881 30.491 -65 -6.2763 23.685 -68.2 -6.3531 24.3912
3 16 -68.2 -6.3531 24.3912 -65 -6.2763 23.685 -65 -5.9568 20.9566
3 16 -68.2 -6.3531 24.3912 -65 -5.9568 20.9566 -65.6568 -5.9068 20
3 16 -68.2 -6.3531 24.3912 -65.6568 -5.9068 20 -69 -5.7048 18
3 16 -69 -5.7048 18 -65.6568 -5.9068 20 -65.6568 -5.6568 18
3 16 54.3432 -5.9068 20 53.9 -5.929 21.0566 55 -5.9568 20.9566
3 16 55 -5.9568 20.9566 53.9 -5.929 21.0566 55 -6.2263 23.5984
3 16 55 -6.2263 23.5984 53.9 -5.929 21.0566 55.8 -6.8979 29.7348
3 16 55 -6.2263 23.5984 55.8 -6.8979 29.7348 65 -6.2763 23.685
3 16 65 -6.2763 23.685 55.8 -6.8979 29.7348 76.3 -6.8479 29.6482
3 16 65.6568 -5.9068 20 75 -5.929 21.0566 69 -5.7732 18
3 16 69 -5.7732 18 65.6568 -5.6568 18 65.6568 -5.9068 20
4 16 76.3 -6.8479 29.6482 75 -5.929 21.0566 65.6568 -5.9068 20 65 -6.2763 23.685
3 16 65 -6.2763 23.685 65.6568 -5.9068 20 65 -5.9568 20.9566
5 24 60.2 -10.4295 51.2517 62.85 -14.1148 63.2052 63 -13.191 64.3698 60.2 -11.1357 51.0749
5 24 -75.3 -24.7786 .7052 -79.8692 -24.7039 .7587 -75.3166 -23.9504 .2507 -79.7432 -25.2287 1.4895
5 24 -68.8 -29.0186 39.2491 -67.1 -13.9524 45.7536 -65.6 -15.941 54.9978 -68.9 -12.1165 34.5737
5 24 81.2 -11.0534 43.7323 82.4 2.2451 46.0986 83.9 .3164 55.8392 81 3.7873 36.8276
5 24 55 -5.9568 20.9566 53.9 -5.929 21.0566 54.3432 -5.9068 20 55 -6.2263 23.5984
5 24 85.2 -27.6033 30.5976 80.7989 -27.6223 30.807 82.4 -29.2088 40.1785 83.7 -26.5344 21.7462
5 24 -71.8 -26.621 21.6962 -70.5 -10.9172 24.2965 -70.2 -27.7435 31.4405 -72.1 -10.0777 14.0425
5 24 -67 .1396 56.5455 -71.5 .1396 56.5455 -69.8 -2.7128 67.6542 -68.7 2.2853 45.429
5 24 81.5 -22.8863 21.4276 81.9 -22.5334 11.8164 83.6 -23.1961 21.3642 79.7 -22.0834 11.0369
5 24 -72.1 -10.0777 14.0425 -73.4 -25.9217 12.285 -71.8 -26.621 21.6962 -73.8 -9.5981 3.8116
5 24 72.5 -4.984 4 73.8 -7.3581 10.5319 73.5 -5.4261 11.1855 73 -7.0928 4
5 24 -74.9 6.3639 4 -80 6.3639 0 -66.3642 6.3641 4 -78.3 6.1208 11.3858
5 24 83.9 .3164 55.8392 88.3 .2298 55.7892 85.3 -1.9477 65.2216 86.9 2.1951 46.1852
5 24 -43 -12.7326 62.6586 -45.5 -11.1357 51.0749 -45.5 -10.4295 51.2517 -42.85 -14.1148 63.2052
5 24 77.8 -8.1816 22.7582 79.2 5.2437 24.5049 79.7 -9.7211 34.2247 77.5 6.1002 13.2214
5 24 -70.4 4.1712 34.1625 -76.6 5.3509 22.7193 -74.8 3.981 35.0919 -72.4 5.4947 21.0702
5 24 75.9 -25.6286 2.1774 75 -9.5981 3.8116 75.3 -23.0394 0 77.5 -25.8815 11.6154
5 24 80 -22.9528 0 80.4 -25.5054 2.364 80.5 -21.9877 3.4712 80.1 -24.692 .7552
5 24 82 -25.7583 11.802 77.5 -25.8815 11.6154 80.4 -25.5054 2.364 79.2 -26.6576 21.5596
5 24 53.9 -5.929 21.0566 55 -6.2263 23.5984 55 -5.9568 20.9566 55.8 -6.8979 29.7348
5 24 -71.1 -1.9654 44.5914 -73.2 -1.6556 44.6548 -72.6 -.4331 34.7374 -71.4 -3.9379 55.8079
5 24 80 6.3639 0 80.5 2.2988 3.4057 80 -22.9528 0 81.7 6.094 11.8322
5 24 -48 -8.2802 39.329 -45.5 -11.1357 51.0749 -45.5 -10.4295 51.2517 -47.675 -9.2409 40.593
5 24 75 -5.929 21.0566 69 -5.7732 18 73.5 -5.4261 11.1855 65.6568 -5.9068 20
5 24 -73.2 2.2853 45.429 -68.7 2.2853 45.429 -70.4 4.1712 34.1625 -71.5 .1396 56.5455
5 24 -48 -8.2802 39.329 -47.675 -9.2409 40.593 -50.1 -6.8211 29.2018 -45.5 -11.1357 51.0749
5 24 -69.4 -27.4431 50.3201 -71.5 -27.7529 50.2567 -69.8 -30.239 60.1652 -71.1 -25.3643 40.3196
5 24 -78 -25.7583 11.802 -76.3 -23.2497 22.257 -78 -22.4334 11.6432 -76.2 -26.5612 22.1927
5 24 65.6568 -5.9068 20 75 -5.929 21.0566 69 -5.7732 18 76.3 -6.8479 29.6482
5 24 -69.4 -27.4431 50.3201 -71.1 -1.9654 44.5914 -71.1 -25.3643 40.3196 -69.4 -4.2477 55.7445
5 24 86.9 2.1951 46.1852 82.4 2.2451 46.0986 85.5 3.7373 36.9142 83.9 .3164 55.8392
5 24 76.3 -6.8479 29.6482 75.4 -8.0414 21.9154 75 -5.929 21.0566 77 -9.2273 31.9694
5 24 82.9 -13.4821 54.339 83.9 .3164 55.8392 81.2 -11.0534 43.7323 85.3 -1.9477 65.2216
5 24 -68.2 -6.3531 24.3912 -65 -5.9568 20.9566 -65 -6.2763 23.685 -65.6568 -5.9068 20
5 24 86.8 -25.8242 40.516 84.7 -25.4277 40.6294 85.1 -24.3284 30.5254 86.2 -27.2029 49.3041
5 24 80.5 -21.9877 3.4712 79.7 -22.0834 11.0369 81.9 -22.5334 11.8164 78.5 -21.8279 3.7944
5 24 83.6 5.2071 24.3683 79.2 5.2437 24.5049 81 3.7873 36.8276 77.5 6.1002 13.2214
5 24 55.8 -6.8979 29.7348 55.7 -7.4675 29.5214 57 -7.706 35.7345 53.3 -6.3744 18
5 24 -68.8 -29.0186 39.2491 -68.9 -12.1165 34.5737 -67.1 -13.9524 45.7536 -70.2 -27.7435 31.4405
5 24 -71.4 -3.9379 55.8079 -69.4 -4.2477 55.7445 -69.8 -6.6516 66.7488 -71.1 -1.9654 44.5914
5 24 -66.5 -12.4543 49.1589 -68.7 2.2853 45.429 -68 -10.539 39.6414 -67 .1396 56.5455
5 24 -68.9 -12.1165 34.5737 -70.2 -27.7435 31.4405 -68.8 -29.0186 39.2491 -70.5 -10.9172 24.2965
5 24 -72.4 5.4947 21.0702 -71 -7.961 20.5762 -69.4 -9.2103 30.94 -71.7 -7.5833 16.5219
5 24 83.4 -.6635 36.3364 83.6 1.1394 24.2137 85.5 -.3536 36.3998 81.5 .7796 24.2369
5 24 75 -5.929 21.0566 73.8 -7.3581 10.5319 75.4 -8.0414 21.9154 73.5 -5.4261 11.1855
5 24 -67.1 -9.2335 30.5802 -68 -10.539 39.6414 -69.4 -9.2103 30.94 -65.5 -10.5256 39.4182
5 24 -65.5 -10.5256 39.4182 -65.6 -8.1936 39.379 -63.7 -10.3929 51.3883 -67.1 -9.2335 30.5802
5 24 -78 -22.4334 11.6432 -78 -25.7583 11.802 -79.4 -22.2109 3.4578 -76.3 -23.2497 22.257
5 24 78.6 -9.1445 44.0261 78.7 -11.1632 43.3225 77.7 -9.7818 36.73 79.8 -12.6847 50.7579
5 24 -67.1 -31.0974 49.2495 -64.4 -17.7703 62.2258 -65.3 -33.4929 59.0933 -65.6 -15.941 54.9978
5 24 -52.4 -5.7048 18 -54.3432 -5.9068 20 -51.6 -6.1192 21.986 -54.3432 -5.6568 18
5 24 80.4 -25.5054 2.364 80.5 -21.9877 3.4712 82 -25.7583 11.802 80 -22.9528 0
5 24 -76.3 -23.2497 22.257 -75.9 -22.1236 11.7066 -78 -22.4334 11.6432 -74.2 -22.8899 22.2338
5 24 80 6.3639 0 76.1 6.3639 4 66.3639 6.3639 0 81.7 6.094 11.8322
5 24 -77.5 1.9622 3.7887 -79.4 -22.2109 3.4578 -79.5 2.1622 3.4423 -77.3 -22.2109 3.4578
5 24 81.7 6.094 11.8322 80.5 2.2988 3.4057 80 6.3639 0 81.8 2.0995 11.9509
5 24 83.4 -.6635 36.3364 83.1 -23.9454 30.862 84.7 -25.4277 40.6294 81.5 .7796 24.2369
5 24 -63.7 -12.9079 50.7445 -64.6 -14.8317 60.8658 -66.5 -12.4543 49.1589 -62.1 -15.0366 60.5975
5 24 81 3.7873 36.8276 85.5 3.7373 36.9142 82.4 2.2451 46.0986 83.6 5.2071 24.3683
5 24 83.2 -15.941 54.9978 85.3 -32.9527 57.0773 83.8989 -30.9396 48.7527 84.4 -17.7703 62.2258
5 24 88.3 .2298 55.7892 88.3 -3.6843 54.5687 86.9 2.1951 46.1852 89.8 -5.8797 63.8681
5 24 65.6568 -5.9068 20 65 -5.9568 20.9566 65 -6.2763 23.685 55 -5.9568 20.9566
5 24 65 -6.2763 23.685 65.6568 -5.9068 20 76.3 -6.8479 29.6482 65 -5.9568 20.9566
5 24 -67.1 -31.0974 49.2495 -65.6 -15.941 54.9978 -68.8 -29.0186 39.2491 -64.4 -17.7703 62.2258
5 24 77.3 -7.706 35.7345 77 -9.2273 31.9694 76.3 -6.8479 29.6482 77.7 -9.7818 36.73
5 24 85.1 -24.3284 30.5254 83.7 -26.5344 21.7462 85.2 -27.6033 30.5976 83.6 -23.1961 21.3642
5 24 81.2 -11.0534 43.7323 77.7 -9.7818 36.73 79.7 -9.7211 34.2247 78.7 -11.1632 43.3225
5 24 53.9 -5.929 21.0566 54.3432 -5.6568 18 53.3 -5.7048 18 54.3432 -5.9068 20
5 24 79.7 -9.7211 34.2247 81 3.7873 36.8276 79.2 5.2437 24.5049 81.2 -11.0534 43.7323
5 24 -50.1 -6.8211 29.2018 -54.96 -6.2763 23.685 -51.6 -6.1192 21.986 -67.1 -6.9881 30.491
5 24 58.7 -9.1445 44.0261 78.6 -9.1445 44.0261 77.3 -7.706 35.7345 60.2 -10.4295 51.2517
5 24 84.8 -2.0922 45.211 86.9 -1.7824 45.2744 85.5 -.3536 36.3998 86.2 -3.9941 54.5053
5 24 77.3 -7.706 35.7345 57 -7.706 35.7345 58.7 -9.1445 44.0261 76.3 -6.8479 29.6482
5 24 -71.1 -25.3643 40.3196 -71.1 -1.9654 44.5914 -72.5 -24.1258 32.3744 -69.4 -27.4431 50.3201
5 24 80.1 -24.692 .7552 75.5 -24.7786 .7052 75.6551 -25.2155 1.2734 80.019 -23.8096 .2219
5 24 -74.8 3.981 35.0919 -74.7 -.1233 34.8008 -73.2 2.2853 45.429 -76.5 1.2698 22.7879
5 24 76.7 -10.0777 14.0425 -72.1 -10.0777 14.0425 -70.5 -10.9172 24.2965 75 -9.5981 3.8116
5 24 -63.7 -10.3929 51.3883 -61.9 -12.7326 62.6586 -63.7 -9.735 51.4717 -62.1 -15.0366 60.5975
5 24 81.9 -22.5334 11.8164 82 -25.7583 11.802 83.6 -23.1961 21.3642 80.5 -21.9877 3.4712
5 24 -73.6 -6.6964 4 -69 -7.8368 18 -69 -6.6964 4 -71.7 -7.5833 16.5219
5 24 85.2 -27.6033 30.5976 82.4 -29.2088 40.1785 80.7989 -27.6223 30.807 86.8 -29.1088 40.0053
5 24 -74.5 .96 22.7245 -76.5 1.2698 22.7879 -76.2 1.7299 11.3911 -74.7 -.1233 34.8008
5 24 77 -9.2273 31.9694 77.8 -8.1816 22.7582 79.7 -9.7211 34.2247 75.4 -8.0414 21.9154
5 24 86.2 -3.9941 54.5053 88.3 -3.6843 54.5687 87.7 -6.2279 63.7614 86.9 -1.7824 45.2744
5 24 82 -25.7583 11.802 83.6 -23.1961 21.3642 83.7 -26.5344 21.7462 81.9 -22.5334 11.8164
5 24 -76.3 -23.2497 22.257 -76.2 -26.5612 22.1927 -74.6 -24.4856 32.3976 -78 -25.7583 11.802
5 24 77 -9.2273 31.9694 79.7 -9.7211 34.2247 77.7 -9.7818 36.73 77.8 -8.1816 22.7582
5 24 -73.6 -6.6964 4 -73.9 6.1476 10.9394 -74.9 6.3639 4 -71.7 -7.5833 16.5219
5 24 75.4 -8.0414 21.9154 76 -7.3117 11.2516 77.8 -8.1816 22.7582 73.8 -7.3581 10.5319
5 24 -50 -7.4675 29.5214 -51 -6.511 18 51 -6.511 18 -52.4 -6.4244 18
5 24 -73.4 -25.9217 12.285 -78 -25.7583 11.802 -75.1 -25.5554 2.4506 -76.2 -26.5612 22.1927
5 24 81.5 .7796 24.2369 83.6 1.1394 24.2137 83.4 -.6635 36.3364 81.8 2.0995 11.9509
5 24 -69.8 -30.239 60.1652 -69.4 -27.4431 50.3201 -67.7 -29.8908 60.2719 -71.5 -27.7529 50.2567
5 24 80.019 -23.8096 .2219 75.5 -24.7786 .7052 75.3776 -23.9458 .2683 80.1 -24.692 .7552
5 24 -78.3 2.0397 11.4545 -76.2 1.7299 11.3911 -77.5 1.9622 3.7887 -76.5 1.2698 22.7879
5 24 86.2 -27.2029 49.3041 84.8 -2.0922 45.211 84.7 -25.4277 40.6294 86.2 -3.9941 54.5053
5 24 79.2 -26.6576 21.5596 76.7 -10.0777 14.0425 77.5 -25.8815 11.6154 78.3 -10.9172 24.2965
5 24 -54.3432 -5.9068 20 -55 -5.9568 20.9566 -51.6 -6.1192 21.986 -65.6568 -5.9068 20
5 24 -65.6568 -5.9068 20 -69 -5.7048 18 -68.2 -6.3531 24.3912 -65.6568 -5.6568 18
5 24 80.2144 -25.179 1.3951 75.6551 -25.2155 1.2734 75.9 -25.6286 2.1774 80.1 -24.692 .7552
5 24 83.6 -23.1961 21.3642 81.5 -22.8863 21.4276 81.9 -22.5334 11.8164 83.1 -23.9454 30.862
5 24 75 -9.5981 3.8116 75.3 -23.0394 0 75.9 -25.6286 2.1774 74.4 -9.6435 0
5 24 53.3 -6.3744 18 55.8 -6.8979 29.7348 55.7 -7.4675 29.5214 53.9 -5.929 21.0566
5 24 -68.2 -8.5486 24.3939 -68.2 -6.3531 24.3912 -67.1 -6.9881 30.491 -69 -7.8368 18
5 24 69 -5.7732 18 65.6568 -5.9068 20 65.6568 -5.6568 18 75 -5.929 21.0566
5 24 -67.1 -13.9524 45.7536 81.7 -13.9524 45.7536 -65.6 -15.941 54.9978 79.9 -12.1165 34.5737
5 24 75.3776 -23.9458 .2683 80 -22.9528 0 75.3 -23.0394 0 80.019 -23.8096 .2219
5 24 -69 -7.8368 18 -71 -7.961 20.5762 -71.7 -7.5833 16.5219 -68.2 -8.5486 24.3939
5 24 88.3 -27.5627 49.3273 86.8 -29.1088 40.0053 88.3 -30.7974 48.7299 86.8 -25.8242 40.516
5 24 78.6 -9.1445 44.0261 77.7 -9.7818 36.73 77.3 -7.706 35.7345 78.7 -11.1632 43.3225
5 24 -73.2 -1.6556 44.6548 -71.5 .1396 56.5455 -71.4 -3.9379 55.8079 -73.2 2.2853 45.429
5 24 -75.3 -23.0394 0 -79.9433 -23.9087 .3286 -80 -22.9528 0 -75.3166 -23.9504 .2507
5 24 80.7989 -27.6223 30.807 83.7 -26.5344 21.7462 85.2 -27.6033 30.5976 79.2 -26.6576 21.5596
5 24 -69.8 -2.7128 67.6542 -71.4 -3.9379 55.8079 -69.8 -6.6516 66.7488 -71.5 .1396 56.5455
5 24 -51 -6.0323 10.8355 51 -6.0323 10.8355 51 -5.7902 3.8162 -51 -6.511 18
5 24 -69.4 -9.2103 30.94 -67.1 -9.2335 30.5802 -68.2 -8.5486 24.3939 -68 -10.539 39.6414
5 24 81.7 -13.9524 45.7536 83.8989 -30.9396 48.7527 82.4 -29.2088 40.1785 83.2 -15.941 54.9978
5 24 76.3 -6.8479 29.6482 55.8 -6.8979 29.7348 57 -7.706 35.7345 65 -6.2763 23.685
5 24 53.9 -5.929 21.0566 53.3 -6.3744 18 55.8 -6.8979 29.7348 53.3 -5.7048 18
5 24 -80 -22.9528 0 -79.5 2.1622 3.4423 -80 6.3639 0 -79.4 -22.2109 3.4578
5 24 -69.4 -4.2477 55.7445 -69.4 -27.4431 50.3201 -67.7 -29.8908 60.2719 -71.1 -1.9654 44.5914
5 24 57 -7.706 35.7345 58.025 -9.2409 40.593 58.7 -9.1445 44.0261 55.7 -7.4675 29.5214
5 24 76 -7.3117 11.2516 77.5 6.1002 13.2214 77.8 -8.1816 22.7582 76.1 6.3639 4
5 24 55.8 -6.8979 29.7348 55 -6.2263 23.5984 53.9 -5.929 21.0566 65 -6.2763 23.685
5 24 79.8 -12.6847 50.7579 81.2 -11.0534 43.7323 78.7 -11.1632 43.3225 82.9 -13.4821 54.339
5 24 77.5 6.1002 13.2214 81.7 6.094 11.8322 83.6 5.2071 24.3683 76.1 6.3639 4
5 24 -71.1 -25.3643 40.3196 -71.5 -27.7529 50.2567 -73.2 -25.8108 40.2928 -69.4 -27.4431 50.3201
5 24 81.8 2.0995 11.9509 83.6 5.2071 24.3683 83.6 1.1394 24.2137 81.7 6.094 11.8322
5 24 -74.9 6.3639 4 -78.3 6.1208 11.3858 -80 6.3639 0 -73.9 6.1476 10.9394
5 24 -64.6 -14.8317 60.8658 -67 .1396 56.5455 -66.5 -12.4543 49.1589 -65.3 -2.5695 67.5426
5 24 -51.6 -6.1192 21.986 -52.4 -6.4244 18 -52.4 -5.7048 18 -50 -7.4675 29.5214
5 24 57 -7.706 35.7345 55.7 -7.4675 29.5214 58.025 -9.2409 40.593 55.8 -6.8979 29.7348
5 24 55 -5.9568 20.9566 54.3432 -5.9068 20 65.6568 -5.9068 20 53.9 -5.929 21.0566
5 24 82.9 -13.4821 54.339 79.8 -12.6847 50.7579 81.2 -11.0534 43.7323 82.1 -16.217 65.0027
5 24 77.5 -25.8815 11.6154 76.7 -10.0777 14.0425 75 -9.5981 3.8116 79.2 -26.6576 21.5596
5 24 -65.5 -10.5256 39.4182 -68 -10.539 39.6414 -66.5 -12.4543 49.1589 -67.1 -9.2335 30.5802
5 24 -54.3432 -5.9068 20 -51.6 -6.1192 21.986 -55 -5.9568 20.9566 -52.4 -5.7048 18
5 24 -76.6 5.3509 22.7193 -76.5 1.2698 22.7879 -74.8 3.981 35.0919 -78.3 2.0397 11.4545
5 24 -51 0 4 51 0 4 51 6.3639 4 -51 -5.7902 3.8162
5 24 75.4 -8.0414 21.9154 75 -5.929 21.0566 73.8 -7.3581 10.5319 76.3 -6.8479 29.6482
5 24 86.9 2.1951 46.1852 83.9 .3164 55.8392 88.3 .2298 55.7892 82.4 2.2451 46.0986
5 24 75.9 -25.6286 2.1774 75.3 -23.0394 0 75 -9.5981 3.8116 75.5 -24.7786 .7052
5 24 -50.1 -6.8211 29.2018 -67.1 -6.9881 30.491 -65.6 -8.1936 39.379 -54.96 -6.2763 23.685
5 24 -65.6568 -5.9068 20 -68.2 -6.3531 24.3912 -65 -5.9568 20.9566 -69 -5.7048 18
5 24 -68.2 -8.5486 24.3939 -71 -7.961 20.5762 -69.4 -9.2103 30.94 -69 -7.8368 18
5 24 77.8 -8.1816 22.7582 75.4 -8.0414 21.9154 77 -9.2273 31.9694 76 -7.3117 11.2516
5 24 -69.8 -2.7128 67.6542 -67 .1396 56.5455 -65.3 -2.5695 67.5426 -71.5 .1396 56.5455
5 24 77.7 -9.7818 36.73 77.3 -7.706 35.7345 78.6 -9.1445 44.0261 77 -9.2273 31.9694
5 24 83.6 5.2071 24.3683 83.6 1.1394 24.2137 85.5 3.7373 36.9142 81.8 2.0995 11.9509
5 24 -69 -7.8368 18 -71.7 -7.5833 16.5219 -73.6 -6.6964 4 -71 -7.961 20.5762
5 24 83.7 -26.5344 21.7462 79.2 -26.6576 21.5596 82 -25.7583 11.802 80.7989 -27.6223 30.807
5 24 -75.3166 -23.9504 .2507 -79.9433 -23.9087 .3286 -75.3 -23.0394 0 -79.8692 -24.7039 .7587
5 24 -80 -22.9528 0 -79.4 -22.2109 3.4578 -79.5741 -25.4675 2.4706 -79.5 2.1622 3.4423
5 24 79.8 -10.4295 51.2517 81.9 -13.191 64.3698 82.1 -16.217 65.0027 79.8 -9.76 51.565
5 24 83.8989 -30.9396 48.7527 86.8 -29.1088 40.0053 82.4 -29.2088 40.1785 88.3 -30.7974 48.7299
5 24 85.1 -24.3284 30.5254 83.1 -23.9454 30.862 84.7 -25.4277 40.6294 83.6 -23.1961 21.3642
5 24 -74.2 -22.8899 22.2338 -74.5 .96 22.7245 -75.9 -22.1236 11.7066 -72.6 -.4331 34.7374
5 24 80.2144 -25.179 1.3951 75.9 -25.6286 2.1774 75.6551 -25.2155 1.2734 80.4 -25.5054 2.364
5 24 -71.7 -7.5833 16.5219 -72.4 5.4947 21.0702 -73.9 6.1476 10.9394 -71 -7.961 20.5762
5 24 -74.6 -24.4856 32.3976 -72.5 -24.1258 32.3744 -73.2 -25.8108 40.2928 -74.2 -22.8899 22.2338
5 24 79.8 -12.6847 50.7579 79.8 -10.4295 51.2517 82.1 -16.217 65.0027 78.6 -9.1445 44.0261
5 24 -68.8 -29.0186 39.2491 -73.2 -28.9954 39.6089 -71.5 -30.9742 49.4361 -70.2 -27.7435 31.4405
5 24 79.9 -12.1165 34.5737 -68.9 -12.1165 34.5737 -67.1 -13.9524 45.7536 78.3 -10.9172 24.2965
5 24 81.5 -22.8863 21.4276 81.5 .7796 24.2369 83.1 -23.9454 30.862 79.7011 1.7185 12.4343
5 24 79.7011 1.7185 12.4343 79.7 -22.0834 11.0369 81.5 -22.8863 21.4276 78.5 -21.8279 3.7944
5 24 79.2 -26.6576 21.5596 78.3 -10.9172 24.2965 76.7 -10.0777 14.0425 80.7989 -27.6223 30.807
5 24 88.3 -3.6843 54.5687 87.7 -6.2279 63.7614 89.8 -5.8797 63.8681 86.2 -3.9941 54.5053
5 24 -65 -5.9568 20.9566 -65.6568 -5.9068 20 -68.2 -6.3531 24.3912 -55 -5.9568 20.9566
5 24 82.9 -13.4821 54.339 82.1 -16.217 65.0027 79.8 -12.6847 50.7579 84.6 -15.9054 64.8728
5 24 -78 -22.4334 11.6432 -77.3 -22.2109 3.4578 -75.9 -22.1236 11.7066 -79.4 -22.2109 3.4578
5 24 -75.9 -22.1236 11.7066 -76.2 1.7299 11.3911 -77.3 -22.2109 3.4578 -74.5 .96 22.7245
5 24 78.6 -9.1445 44.0261 79.8 -12.6847 50.7579 78.7 -11.1632 43.3225 79.8 -10.4295 51.2517
5 24 -80 -22.9528 0 -75.3 -23.0394 0 -79.9433 -23.9087 .3286 -80 6.3639 0
5 24 -54.96 -6.2763 23.685 -51.6 -6.1192 21.986 -55 -5.9568 20.9566 -50.1 -6.8211 29.2018
5 24 83.6 -23.1961 21.3642 83.1 -23.9454 30.862 85.1 -24.3284 30.5254 81.5 -22.8863 21.4276
5 24 82.4 -29.2088 40.1785 79.9 -12.1165 34.5737 81.7 -13.9524 45.7536 80.7989 -27.6223 30.807
5 24 78.5 -21.8279 3.7944 79.7011 1.7185 12.4343 78.5 1.9622 3.7887 79.7 -22.0834 11.0369
5 24 81.7 6.094 11.8322 76.1 6.3639 4 80 6.3639 0 77.5 6.1002 13.2214
5 24 86.8 -25.8242 40.516 86.2 -27.2029 49.3041 88.3 -27.5627 49.3273 84.7 -25.4277 40.6294
5 24 -63.7 -10.3929 51.3883 -63.7 -12.9079 50.7445 -62.1 -15.0366 60.5975 -65.5 -10.5256 39.4182
5 24 -76.3 -23.2497 22.257 -74.2 -22.8899 22.2338 -74.6 -24.4856 32.3976 -75.9 -22.1236 11.7066
5 24 86.2 -3.9941 54.5053 86.2 -27.2029 49.3041 87.7 -29.2439 57.8576 84.8 -2.0922 45.211
5 24 -72.5 -24.1258 32.3744 -72.6 -.4331 34.7374 -74.2 -22.8899 22.2338 -71.1 -1.9654 44.5914
5 24 -71.8 -26.621 21.6962 -76.2 -26.5612 22.1927 -73.4 -25.9217 12.285 -74.6 -27.7703 31.8869
5 24 -74.8 3.981 35.0919 -70.4 4.1712 34.1625 -73.2 2.2853 45.429 -76.6 5.3509 22.7193
5 24 -45.5 -11.1357 51.0749 60.2 -11.1357 51.0749 -42.85 -14.1148 63.2052 58.025 -9.2409 40.593
5 24 -74.7 -.1233 34.8008 -72.6 -.4331 34.7374 -74.5 .96 22.7245 -73.2 -1.6556 44.6548
5 24 -73.2 -25.8108 40.2928 -73.2 -28.9954 39.6089 -74.6 -24.4856 32.3976 -71.5 -30.9742 49.4361
5 24 -75.1 -25.5554 2.4506 -79.5741 -25.4675 2.4706 -78 -25.7583 11.802 -75.23 -25.3192 1.4248
5 24 81.5 -22.8863 21.4276 79.7011 1.7185 12.4343 81.5 .7796 24.2369 79.7 -22.0834 11.0369
5 24 -68.2 -8.5486 24.3939 -69.4 -9.2103 30.94 -71 -7.961 20.5762 -67.1 -9.2335 30.5802
5 24 58.025 -9.2409 40.593 -47.675 -9.2409 40.593 55.7 -7.4675 29.5214 -45.5 -11.1357 51.0749
5 24 -68 -10.539 39.6414 -70.4 4.1712 34.1625 -68.7 2.2853 45.429 -69.4 -9.2103 30.94
5 24 -74.6 -24.4856 32.3976 -74.6 -27.7703 31.8869 -76.2 -26.5612 22.1927 -73.2 -28.9954 39.6089
5 24 -71.5 -30.9742 49.4361 -67.1 -31.0974 49.2495 -69.8 -33.3996 59.1683 -68.8 -29.0186 39.2491
5 24 60.2 -10.4295 51.2517 60.2 -11.1357 51.0749 58.7 -9.1445 44.0261 62.85 -14.1148 63.2052
5 24 78.3 -10.9172 24.2965 80.7989 -27.6223 30.807 79.9 -12.1165 34.5737 79.2 -26.6576 21.5596
5 24 -75.1 -25.5554 2.4506 -73.8 -9.5981 3.8116 -73.4 -25.9217 12.285 -75.3 -23.0394 0
5 24 -48 -8.2802 39.329 -65.6 -8.1936 39.379 -63.7 -10.3929 51.3883 -50.1 -6.8211 29.2018
5 24 -76.6 5.3509 22.7193 -78.3 2.0397 11.4545 -76.5 1.2698 22.7879 -78.3 6.1208 11.3858
5 24 -45.5 -11.1357 51.0749 -45.5 -10.4295 51.2517 -48 -8.2802 39.329 -43 -12.7326 62.6586
5 24 -67.1 -6.9881 30.491 -67.1 -9.2335 30.5802 -65.6 -8.1936 39.379 -68.2 -8.5486 24.3939
5 24 80.019 -23.8096 .2219 75.3776 -23.9458 .2683 75.5 -24.7786 .7052 80 -22.9528 0
5 24 -45.5 -10.4295 51.2517 -43 -12.7326 62.6586 -45.5 -11.1357 51.0749 -45.5 -9.76 51.565
5 24 -75.1 -25.5554 2.4506 -75.3 -23.0394 0 -75.3 -24.7786 .7052 -73.8 -9.5981 3.8116
5 24 -78 -22.4334 11.6432 -75.9 -22.1236 11.7066 -77.3 -22.2109 3.4578 -76.3 -23.2497 22.257
5 24 -73.2 -25.8108 40.2928 -72.5 -24.1258 32.3744 -74.6 -24.4856 32.3976 -71.1 -25.3643 40.3196
5 24 80 -22.9528 0 80.5 -21.9877 3.4712 80.5 2.2988 3.4057 80.4 -25.5054 2.364
5 24 55.8 -6.8979 29.7348 65 -6.2763 23.685 55 -6.2263 23.5984 76.3 -6.8479 29.6482
5 24 83.4 -.6635 36.3364 85.5 -.3536 36.3998 84.8 -2.0922 45.211 83.6 1.1394 24.2137
5 24 -65.6 -8.1936 39.379 -67.1 -9.2335 30.5802 -65.5 -10.5256 39.4182 -67.1 -6.9881 30.491
5 24 79.2 5.2437 24.5049 79.7 -9.7211 34.2247 77.8 -8.1816 22.7582 81 3.7873 36.8276
5 24 83.6 -23.1961 21.3642 83.7 -26.5344 21.7462 82 -25.7583 11.802 85.1 -24.3284 30.5254
5 24 73.8 -7.3581 10.5319 76 -7.3117 11.2516 74.9 -7.0562 4 75.4 -8.0414 21.9154
5 24 -73.8 -9.5981 3.8116 75 -9.5981 3.8116 -72.1 -10.0777 14.0425 -74.4 -9.6435 0
5 24 78.5 1.9622 3.7887 80.5 -21.9877 3.4712 78.5 -21.8279 3.7944 80.5 2.2988 3.4057
5 24 -66.5 -12.4543 49.1589 -63.7 -12.9079 50.7445 -65.5 -10.5256 39.4182 -64.6 -14.8317 60.8658
5 24 -65.5 -10.5256 39.4182 -66.5 -12.4543 49.1589 -68 -10.539 39.6414 -63.7 -12.9079 50.7445
5 24 -75.3 -24.7786 .7052 -79.7432 -25.2287 1.4895 -79.8692 -24.7039 .7587 -75.23 -25.3192 1.4248
5 24 -76.6 5.3509 22.7193 -72.4 5.4947 21.0702 -78.3 6.1208 11.3858 -70.4 4.1712 34.1625
5 24 53.9 -5.929 21.0566 54.3432 -5.9068 20 54.3432 -5.6568 18 55 -5.9568 20.9566
5 24 80.4 -25.5054 2.364 75.9 -25.6286 2.1774 77.5 -25.8815 11.6154 80.2144 -25.179 1.3951
5 24 78.7 -11.1632 43.3225 81.2 -11.0534 43.7323 79.8 -12.6847 50.7579 77.7 -9.7818 36.73
5 24 -70.2 -27.7435 31.4405 -74.6 -27.7703 31.8869 -71.8 -26.621 21.6962 -73.2 -28.9954 39.6089
5 24 77.7 -9.7818 36.73 79.7 -9.7211 34.2247 77 -9.2273 31.9694 81.2 -11.0534 43.7323
5 24 88.3 -30.7974 48.7299 88.3 -27.5627 49.3273 89.8 -29.5988 57.7759 86.8 -29.1088 40.0053
5 24 -77.5 1.9622 3.7887 -78.3 2.0397 11.4545 -76.2 1.7299 11.3911 -79.5 2.1622 3.4423
5 24 -55 -5.9568 20.9566 -51.6 -6.1192 21.986 -54.96 -6.2763 23.685 -54.3432 -5.9068 20
5 24 -80 6.3639 0 -79.5 2.1622 3.4423 -80 -22.9528 0 -78.3 6.1208 11.3858
5 24 79.7011 1.7185 12.4343 81.8 2.0995 11.9509 81.5 .7796 24.2369 78.5 1.9622 3.7887
5 24 86.8 -29.1088 40.0053 82.4 -29.2088 40.1785 85.2 -27.6033 30.5976 83.8989 -30.9396 48.7527
5 24 -50.1 -6.8211 29.2018 -47.675 -9.2409 40.593 -48 -8.2802 39.329 -50 -7.4675 29.5214
5 24 -65.6 -15.941 54.9978 83.2 -15.941 54.9978 -64.4 -17.7703 62.2258 81.7 -13.9524 45.7536
5 24 69 -5.4261 11.1855 73.5 -5.4261 11.1855 72.5 -4.984 4 69 -5.7732 18
5 24 88.3 -30.7974 48.7299 83.8989 -30.9396 48.7527 86.8 -29.1088 40.0053 85.3 -32.9527 57.0773
5 24 -45.5 -10.4295 51.2517 -63.7 -9.735 51.4717 -63.7 -10.3929 51.3883 -45.5 -9.76 51.565
5 24 -78.3 6.1208 11.3858 -73.9 6.1476 10.9394 -74.9 6.3639 4 -72.4 5.4947 21.0702
5 24 73.5 -5.4261 11.1855 73.8 -7.3581 10.5319 72.5 -4.984 4 75 -5.929 21.0566
5 24 73.8 -7.3581 10.5319 74.9 -7.0562 4 76 -7.3117 11.2516 73 -7.0928 4
5 24 58.025 -9.2409 40.593 58.7 -9.1445 44.0261 60.2 -11.1357 51.0749 57 -7.706 35.7345
5 24 55.7 -7.4675 29.5214 51 -6.511 18 -50 -7.4675 29.5214 53.3 -6.3744 18
5 24 -71.5 .1396 56.5455 -71.4 -3.9379 55.8079 -73.2 -1.6556 44.6548 -69.8 -2.7128 67.6542
5 24 -65 -6.2763 23.685 -68.2 -6.3531 24.3912 -67.1 -6.9881 30.491 -65 -5.9568 20.9566
5 24 -70.5 -10.9172 24.2965 78.3 -10.9172 24.2965 -68.9 -12.1165 34.5737 76.7 -10.0777 14.0425
5 24 -75.23 -25.3192 1.4248 -79.7432 -25.2287 1.4895 -75.3 -24.7786 .7052 -79.5741 -25.4675 2.4706
5 24 84.7 -25.4277 40.6294 84.8 -2.0922 45.211 86.2 -27.2029 49.3041 83.4 -.6635 36.3364
5 24 -73.2 -25.8108 40.2928 -71.1 -25.3643 40.3196 -71.5 -27.7529 50.2567 -72.5 -24.1258 32.3744
5 24 -69 -5.7048 18 -69 -7.8368 18 -69 -6.6964 4 -68.2 -6.3531 24.3912
5 24 88.3 -27.5627 49.3273 86.2 -27.2029 49.3041 86.8 -25.8242 40.516 87.7 -29.2439 57.8576
5 24 -71.8 -26.621 21.6962 -74.6 -27.7703 31.8869 -76.2 -26.5612 22.1927 -70.2 -27.7435 31.4405
5 24 -73.2 2.2853 45.429 -74.7 -.1233 34.8008 -73.2 -1.6556 44.6548 -74.8 3.981 35.0919
5 24 -71.1 -1.9654 44.5914 -72.5 -24.1258 32.3744 -72.6 -.4331 34.7374 -71.1 -25.3643 40.3196
5 24 51 -6.511 18 -51 -6.511 18 -50 -7.4675 29.5214 51 -6.0323 10.8355
5 24 81.9 -22.5334 11.8164 79.7 -22.0834 11.0369 80.5 -21.9877 3.4712 81.5 -22.8863 21.4276
5 24 -50 -7.4675 29.5214 55.7 -7.4675 29.5214 51 -6.511 18 -47.675 -9.2409 40.593
5 24 80 -22.9528 0 75.3 -23.0394 0 75.3776 -23.9458 .2683 74.4 -9.6435 0
5 24 86.9 -1.7824 45.2744 86.9 2.1951 46.1852 85.5 -.3536 36.3998 88.3 .2298 55.7892
5 24 76.3 -6.8479 29.6482 65 -6.2763 23.685 75 -5.929 21.0566 55.8 -6.8979 29.7348
5 24 -50 -7.4675 29.5214 -50.1 -6.8211 29.2018 -52.4 -6.4244 18 -47.675 -9.2409 40.593
5 24 86.8 -25.8242 40.516 85.2 -27.6033 30.5976 83.7 -26.5344 21.7462 88.3 -27.5627 49.3273
5 24 85.5 3.7373 36.9142 85.5 -.3536 36.3998 86.9 2.1951 46.1852 83.6 1.1394 24.2137
5 24 -79.4 -22.2109 3.4578 -79.5741 -25.4675 2.4706 -78 -25.7583 11.802 -80 -22.9528 0