0 ~Plate  6 x  6 with  2 Raised Plate  3 x  2 Half
0 Name: s\7808s01.dat
0 Author: Philippe Hurbain [Philo]
0 !LDRAW_ORG Subpart UPDATE 2026-04
0 !LICENSE Licensed under CC BY 4.0 : see CAreadme.txt

0 BFC CERTIFY CCW

0 !HISTORY 2026-04-27 [OrionP] Official Update 2026-04

1 16 0 0 70 -20 0 0 0 -8 0 0 0 30 box5.dat
0 BFC INVERTNEXT
1 16 0 0 78 -16 0 0 0 -4 0 0 0 18 box5-1.dat
1 16 0 -4 80 1 0 0 0 -1 0 0 0 1 stud4.dat
1 16 0 -4 60 1 0 0 0 -1 0 0 0 1 2-4stud4.dat
2 24 -8 0 60 -6 0 60
2 24 6 0 60 8 0 60
4 16 -20 0 100 20 0 100 16 0 96 -16 0 96
4 16 20 0 60 16 0 60 16 0 96 20 0 100
4 16 -16 0 96 -16 0 60 -20 0 60 -20 0 100
2 24 16 0 60 20 0 60
2 24 -20 0 60 -16 0 60
2 24 -60 8 60 60 8 60
2 24 -60 0 60 -20 0 60
2 24 20 0 60 60 0 60
3 16 16 0 60 60 0 60 60 8 60
3 16 -16 0 60 -60 8 60 -60 0 60
4 16 16 0 60 60 8 60 -60 8 60 -16 0 60
3 16 -20 0 60 -60 0 60 -20 0 40
3 16 20 0 60 20 0 40 60 0 60
2 24 16 4 56 56 4 56
1 16 0 0 56 16 0 0 0 0 -4 0 1 0 rect3.dat
3 16 56 4 56 16 4 56 56 8 56
3 16 -56 4 56 -56 8 56 -16 4 56
2 24 -56 4 56 -16 4 56
2 24 -56 8 56 56 8 56
4 16 -56 8 56 56 8 56 16 4 56 -16 4 56
4 16 56 8 56 -56 8 56 -60 8 60 60 8 60
1 16 0 4 20 1 0 0 0 -1 0 0 0 1 stug4-1x5.dat
1 16 40 4 40 1 0 0 0 -1 0 0 0 1 stud4.dat
1 16 -40 4 40 1 0 0 0 -1 0 0 0 1 stud4.dat
1 16 40 4 40 1 0 0 0 -1 0 0 0 1 stud4a.dat
1 16 20 4 40 1 0 0 0 -1 0 0 0 1 stud4a.dat
1 16 0 4 40 1 0 0 0 -1 0 0 0 1 stud4a.dat
1 16 -20 4 40 1 0 0 0 -1 0 0 0 1 stud4a.dat
2 24 -16 4 56 -16 4 46.7641
2 24 -16 -4 56 -16 -4 46.7641
2 24 -16 -4 46.7641 -16 4 46.7641
1 16 -20 4 40 7.39104 0 -3.06147 0 -8 0 3.06147 0 7.39104 1-8cyli.dat
1 16 -20 -4 40 7.39104 0 -3.06147 0 -1 0 3.06147 0 7.39104 1-8edge.dat
1 16 0 4 40 0 0 -8 0 -8 0 8 0 0 3-16cyli.dat
1 16 0 -4 40 0 0 -8 0 -1 0 8 0 0 3-16edge.dat
4 16 -16 4 56 -16 -4 56 -16 -4 46.7641 -16 4 46.7641
1 16 -20 4 40 0 0 -8 0 -1 0 8 0 0 13-16edge.dat
1 16 -20 4 40 0 0 8 0 -1 0 8 0 0 1-16edge.dat
2 24 -16.9386 4 47.391 -16 4 46.7641
1 16 -20 4 40 0 0 6 0 1 0 6 0 0 4-4edge.dat
2 24 16 4 46.7641 16 4 56
2 24 16 -4 46.7641 16 -4 56
2 24 16 4 46.7641 16 -4 46.7641
1 16 20 4 40 -7.39104 0 3.06147 0 -8 0 3.06147 0 7.39104 1-8cyli.dat
1 16 20 -4 40 -7.39104 0 3.06147 0 -1 0 3.06147 0 7.39104 1-8edge.dat
1 16 0 4 40 0 0 8 0 -8 0 8 0 0 3-16cyli.dat
1 16 0 -4 40 0 0 8 0 -1 0 8 0 0 3-16edge.dat
4 16 16 -4 46.7641 16 -4 56 16 4 56 16 4 46.7641
1 16 20 4 40 0 0 8 0 -1 0 8 0 0 13-16edge.dat
1 16 20 4 40 0 0 -8 0 -1 0 8 0 0 1-16edge.dat
2 24 16 4 46.7641 16.9386 4 47.391
1 16 20 4 40 0 0 -6 0 1 0 6 0 0 4-4edge.dat
1 16 0 4 40 0 0 -6 0 -1 0 -6 0 0 5-16edge.dat
1 16 0 4 40 0 0 6 0 -1 0 -6 0 0 5-16edge.dat
0 BFC INVERTNEXT
1 16 0 4 40 0 0 -6 0 -8 0 6 0 0 3-16cyli.dat
1 16 0 -4 40 0 0 -6 0 -1 0 6 0 0 3-16edge.dat
0 BFC INVERTNEXT
1 16 0 4 40 0 0 6 0 -8 0 6 0 0 3-16cyli.dat
1 16 0 -4 40 0 0 6 0 -1 0 6 0 0 3-16edge.dat
1 16 0 4 40 0 0 8 0 -1 0 -8 0 0 5-16edge.dat
1 16 0 4 40 0 0 -8 0 -1 0 -8 0 0 5-16edge.dat
2 24 6 -4 60 6 0 60
2 24 -8 -4 60 -8 0 60
2 24 -6 0 60 -6 -4 60
2 24 8 -4 60 8 0 60
2 24 -12.609 4 43.0615 12.6088 4 43.0616
2 24 -12.609 -4 43.0615 12.6088 -4 43.0616
2 24 -12.609 -4 43.0615 -12.609 4 43.0615
2 24 -7.3912 -4 43.0616 -7.3912 4 43.0616
2 24 7.3912 -4 43.0616 7.3912 4 43.0616
2 24 12.6088 -4 43.0616 12.6088 4 43.0616
4 16 12.6088 -4 43.0616 -12.609 -4 43.0615 -16 -4 46.7641 16 -4 46.7641
4 16 16 -4 56 16 -4 46.7641 -16 -4 46.7641 -16 -4 56
4 16 -12.609 4 43.0615 -12.609 -4 43.0615 12.6088 -4 43.0616 12.6088 4 43.0616
3 16 -16 4 56 -16 4 46.7641 -56 4 56
3 16 -56 4 56 -16 4 46.7641 -12.609 4 43.0615
3 16 16 4 46.7641 16 4 56 56 4 56
3 16 16 4 46.7641 56 4 56 12.609 4 43.0615
2 24 -5.5434 4 42.2962 -5.0319 4 43.0615
2 24 5.0319 4 43.0615 5.5434 4 42.2962