0 ~Minifig Armour Breastplate with Round Shoulder Pads and 2 Back Studs without Patternable Surfaces
0 Name: s\78643s00.dat
0 Author: Philippe Hurbain [Philo]
0 !LDRAW_ORG Subpart UPDATE 2026-04
0 !LICENSE Licensed under CC BY 4.0 : see CAreadme.txt

0 BFC CERTIFY CCW

0 !HISTORY 2026-04-27 [OrionP] Official Update 2026-04

1 16 0 0 0 1 0 0 0 1 0 0 0 1 s\78643s01.dat
1 16 0 0 0 -1 0 0 0 1 0 0 0 1 s\78643s01.dat
4 16 -10 16.5 10 10 16.5 10 16.2973 8.9808 10 -16.2973 8.9808 10
4 16 -14.432 0 10 -16.2973 8.9808 10 16.2973 8.9808 10 14.432 0 10
4 16 14.79 6.788 -10 -5.926 16.573 -10 -14.79 6.788 -10 15.189 0 -10
3 16 -15.189 0 -10 15.189 0 -10 -14.79 6.788 -10
3 16 -5.926 16.573 -10 14.79 6.788 -10 5.926 16.573 -10
4 16 -2.2962 0 8.5434 -14.432 0 10 14.432 0 10 2.2962 0 8.5434
2 24 -10 16.5 10 10 16.5 10
2 24 -5.926 16.573 -10 5.926 16.573 -10
2 24 14.432 0 10 -14.432 0 10
2 24 15.189 0 -10 -15.189 0 -10
2 24 10 16.5 13.8 -10 16.5 13.8
4 16 10 16.5 10 -10 16.5 10 -10 16.5 13.8 10 16.5 13.8
2 24 12.482 -3 12.398 -12.482 -3 12.398
2 24 6.606 -1.929 13.8 -6.606 -1.929 13.8
3 16 15.189 0 -10 -15.189 0 -10 0 0 -6
4 16 5.861 16.411 -13.72 -5.861 16.411 -13.72 -5.926 16.573 -10 5.926 16.573 -10
2 24 -5.861 16.411 -13.72 5.861 16.411 -13.72
4 16 -12.792 -3 10.45 12.792 -3 10.45 12.482 -3 12.398 -12.482 -3 12.398
4 16 12.792 -3 10.45 -12.792 -3 10.45 -2.2962 -3 8.5434 2.2962 -3 8.5434
4 16 6.606 -1.929 13.8 -6.606 -1.929 13.8 -12.482 -3 12.398 12.482 -3 12.398
4 16 -6.606 -1.929 13.8 6.606 -1.929 13.8 10 16.5 13.8 -10 16.5 13.8
0 BFC INVERTNEXT
1 16 0 -1.5 5.5434 0 0 2.2962 1.5 0 0 0 3 0 box3u2p.dat
5 24 -7.308 5.82 -14.385 7.308 5.82 -14.385 -5.861 16.411 -13.72 0 -1.579 -13.84
5 24 0 -3 -12.821 0 -1.579 -13.84 6.304 -3 -12.696 -6.304 -3 -12.696
