0 ~Car Mudguard  2 x  4 with Rounded Wheel Arches - Quarter
0 Name: s\7896s01.dat
0 Author: Rene Rechthaler [Blechtaler]
0 !LDRAW_ORG Subpart UPDATE 2026-03
0 !LICENSE Licensed under CC BY 4.0 : see CAreadme.txt

0 BFC CERTIFY CCW

0 !HISTORY 2026-03-31 [OrionP] Official Update 2026-03

1 16 30 16 19.0449 10 0 0 0 -1 0 0 0 .9551 rect.dat
0 BFC INVERTNEXT
1 16 40 26 0 0 -4 0 -21 0 0 0 0 21 48\1-8cylo.dat
1 16 40 26 0 0 -1 0 -21 0 0 0 0 21 48\1-8tndis.dat
1 16 36 26 0 0 1 0 -21 0 0 0 0 21 48\1-8tndis.dat

4 16 40 16 18.0898 40 11.1509 14.8491 36 11.1509 14.8491 36 12.873 16
4 16 20 12.873 16 20 16 18.0898 40 16 18.0898 36 12.873 16
3 16 36 4 16 20 4 16 20 8 16
4 16 36 4 16 20 8 16 20 12.873 16 36 12.873 16
3 16 36 5 0 36 4 16 36 5 14.8491
4 16 36 5 14.8491 36 4 16 36 12.873 16 36 11.1509 14.8491
3 16 16 8 16 20 8 20 20 8 16
4 16 20 16 18.0898 20 12.873 16 20 8 20 20 16 20
3 16 20 8 16 20 8 20 20 12.873 16
4 16 40 0 20 40 16 20 20 16 20 20 8 20
3 16 40 0 20 40 5 14.8491 40 11.1509 14.8491
4 16 40 11.1509 14.8491 40 16 18.0898 40 16 20 40 0 20
3 16 40 0 20 40 5 0 40 5 14.8491
2 24 40 16 18.0898 40 11.1509 14.8491
2 24 20 12.873 16 20 16 18.0898
2 24 20 12.873 16 36 12.873 16
2 24 36 12.873 16 36 11.1509 14.8491
2 24 40 0 20 40 16 20
2 24 20 16 20 20 8 20
2 24 36 12.873 16 36 4 16
2 24 20 8 16 20 12.873 16
2 24 20 8 20 20 8 16
5 24 40 11.1509 14.8491 36 11.1509 14.8491 40 9.3386 12.7848 40 16 18.0898