0 ~Flag  2 x  2 Square "Café Fleur" Menu Pattern
0 Name: s\80326p01s01.dat
0 Author: Philippe Hurbain [Philo]
0 !LDRAW_ORG Subpart UPDATE 2026-04
0 !LICENSE Licensed under CC BY 4.0 : see CAreadme.txt

0 BFC CERTIFY CCW

0 !HISTORY 2026-04-27 [OrionP] Official Update 2026-04

4 15 2 36.13 16.56 2 36.17 17.36 2 35.14 17.42 2 35.19 16.77
4 15 2 23.92 14.69 2 24.08 15.09 2 23.9 15.57 2 23.56 15.35
4 15 2 25.17 16.97 2 24.58 17.29 2 24.31 16.87 2 24.86 16.65
4 15 2 32.25 21.12 2 32.34 21.63 2 32.13 22.07 2 31.9 21.48
4 15 2 35.61 22.8 2 36.01 23.73 2 35.58 23.87 2 35.42 23.3
4 15 2 33.16 24.64 2 33.01 24.25 2 33.47 24.03 2 33.52 24.37
4 15 2 30.52 18.24 2 29.99 18.5 2 29.53 18.18 2 30.14 17.96
4 15 2 21.67 19.62 2 22.78 21.35 2 22.8 26.68 2 21.62 26.98
4 15 2 11.7 16.59 2 11.26 16.7 2 10.99 16.29 2 11.44 16.05
4 15 2 9.35 23.81 2 8.11 24.7 2 7.85 24.22 2 8.12 23.83
4 15 2 7.15 33.57 2 7.48 32.8 2 8.07 32.83 2 7.8 33.76
4 15 2 14.42 27.77 2 13.96 27.01 2 14.13 26.73 2 14.8 27.67
4 15 2 32.72 14.87 2 32.91 14.45 2 33.62 14.42 2 33.54 14.83
4 15 2 34.41 15.15 2 33.54 14.83 2 33.62 14.42 2 34.37 14.56
4 15 2 34.83 15.59 2 34.41 15.15 2 34.37 14.56 2 35.03 14.87
4 15 2 35.08 16.15 2 34.83 15.59 2 35.03 14.87 2 35.72 15.56
4 15 2 35.19 16.77 2 35.08 16.15 2 35.72 15.56 2 36.13 16.56
4 15 2 34.97 18.03 2 35.14 17.42 2 36.17 17.36 2 36.02 18.06
3 15 2 36.02 18.06 2 35.73 18.64 2 34.97 18.03
3 15 2 35.31 19.1 2 34.79 19.43 2 34.66 18.57
4 15 2 32.12 18.82 2 32.73 19.15 2 32.8 19.58 2 32.06 19.33
4 15 2 33.52 19.67 2 32.8 19.58 2 32.73 19.15 2 33.45 19.25
3 15 2 32.06 19.33 2 31.32 18.93 2 32.12 18.82
4 15 2 31.34 18.09 2 31.48 18.1 2 32.12 18.82 2 31.32 18.93
4 15 2 33.52 19.67 2 33.45 19.25 2 34.23 18.98 2 34.19 19.62
4 15 2 31.61 16.03 2 31.44 16.1 2 31.45 14.77 2 31.85 15.48
3 15 2 32.24 15.09 2 31.85 15.48 2 31.45 14.77
4 15 2 31.45 14.77 2 32.91 14.45 2 32.72 14.87 2 32.24 15.09
4 15 2 35.31 19.1 2 34.66 18.57 2 34.97 18.03 2 35.73 18.64
4 15 2 34.19 19.62 2 34.23 18.98 2 34.66 18.57 2 34.79 19.43
4 15 2 25.81 14.65 2 26.02 14.25 2 26.65 14.52 2 26.26 14.83
4 15 2 26.4 15.28 2 26.26 14.83 2 26.65 14.52 2 26.99 15.08
4 15 2 27.18 16.92 2 27.17 16.42 2 27.59 16.46 2 27.62 16.78
4 15 2 26.38 16.43 2 26.4 15.28 2 26.99 15.08 2 27.17 16.42
4 15 2 26.02 14.25 2 25.81 14.65 2 25.43 14.76 2 25.05 14.29
4 15 2 25.05 14.29 2 25.43 14.76 2 25.12 15.25 2 25.01 14.96
4 15 2 27.17 16.42 2 27.18 16.92 2 27.16 17.41 2 26.39 16.89
4 15 2 27.17 16.42 2 26.39 16.89 2 25.66 16.45 2 26.38 16.43
4 15 2 25.36 16.56 2 25.66 16.45 2 26.39 16.89 2 25.5 16.87
4 15 2 26.39 19.07 2 27.22 19.21 2 27.57 19.59 2 26.32 19.27
3 15 2 27.57 19.59 2 25.96 19.57 2 26.32 19.27
4 15 2 27.22 19.21 2 26.39 19.07 2 26.39 16.89 2 27.16 17.41
4 15 2 23.24 14.68 2 23.92 14.69 2 23.56 15.35 2 23.32 15.04
4 15 2 24.08 15.09 2 24.59 15.39 2 24.52 15.68 2 23.9 15.57
4 15 2 24.08 16.33 2 24.49 16.43 2 24.86 16.65 2 24.31 16.87
4 15 2 25.45 17.67 2 24.63 17.6 2 24.58 17.29 2 25.17 16.97
4 15 2 25.45 17.67 2 25.42 18.44 2 25.11 19.04 2 24.63 17.6
4 15 2 23.67 16.35 2 24.08 16.33 2 24.31 16.87 2 23.95 16.75
4 15 2 24.58 18.39 2 24.58 18.05 2 24.63 17.6 2 25.11 19.04
4 15 2 24.57 19.48 2 24.29 18.91 2 24.58 18.39 2 25.11 19.04
4 15 2 23.28 19.09 2 23.84 19.15 2 24.08 19.63 2 23.36 19.57
4 15 2 23.36 19.57 2 22.66 19.32 2 22.69 18.71 2 23.28 19.09
3 15 2 23.95 16.75 2 23.63 16.98 2 23.67 16.35
4 15 2 23.67 16.35 2 23.63 16.98 2 22.98 16.86 2 23.29 16.53
4 15 2 24.58 18.05 2 22.68 18.06 2 22.76 17.36 2 23.49 17.6
4 15 2 22.76 17.36 2 22.98 16.86 2 23.63 16.98 2 23.49 17.6
4 15 2 24.57 19.48 2 24.08 19.63 2 23.84 19.15 2 24.29 18.91
3 15 2 24.58 18.05 2 23.49 17.6 2 24.63 17.6
4 15 2 27.46 20.18 2 29.24 20.21 2 29.09 20.43 2 28.61 20.58
4 15 2 28.61 20.58 2 28.44 21.1 2 27.17 20.63 2 27.46 20.18
3 15 2 23.92 20.35 2 23.98 20.17 2 24.13 20.13
3 15 2 23.95 21.99 2 23.85 21.75 2 24.14 21.97
4 15 2 23.92 20.35 2 24.58 21.08 2 24.14 21.97 2 23.85 21.75
3 15 2 27.46 20.18 2 27.17 20.63 2 25.73 20.61
4 15 2 23.92 20.35 2 24.13 20.13 2 25.07 20.74 2 24.58 21.08
4 15 2 27.46 20.18 2 25.73 20.61 2 25.07 20.74 2 24.13 20.13
4 15 2 29.65 28.68 2 29.8 28.22 2 30.76 27.99 2 30.97 28.47
4 15 2 33.26 29.73 2 33.1 30.19 2 32.6 30.13 2 32.65 29.64
3 15 2 32.6 30.13 2 32.18 29.97 2 32.65 29.64
4 15 2 30.97 28.47 2 31.69 28.85 2 32.07 29.34 2 31.56 29.43
4 15 2 29.8 28.22 2 29.65 28.68 2 26.52 28.62 2 29.01 28.22
4 15 2 26.35 28.55 2 26.55 28.34 2 27.01 28.15 2 26.52 28.62
4 15 2 29.01 28.22 2 26.52 28.62 2 27.01 28.15 2 28.55 28.04
4 15 2 31.56 29.43 2 32.07 29.34 2 32.65 29.64 2 32.18 29.97
3 15 2 25.16 24.47 2 25.03 24.91 2 24.72 25
4 15 2 24.75 22.56 2 24.98 22.61 2 25.12 23.24 2 24.72 22.69
4 15 2 24.72 22.69 2 25.12 23.24 2 25.16 24.47 2 24.72 25
4 15 2 25.12 23.24 2 25.3 23.4 2 25.46 24.17 2 25.16 24.47
4 15 2 25.46 24.17 2 25.3 23.4 2 26.25 23.6 2 25.79 24.08
4 15 2 25.79 24.08 2 26.25 23.6 2 27.17 23.59 2 27.15 24.05
4 15 2 28.47 27.77 2 27.15 27.67 2 27.15 24.05 2 28.39 25.48
4 15 2 27.17 23.59 2 27.17 20.63 2 28.44 21.1 2 28.42 21.6
4 15 2 27.15 24.05 2 27.17 23.59 2 28.42 21.6 2 28.39 25.48
3 15 2 31.5 28.35 2 31.69 28.85 2 30.97 28.47
4 15 2 28.47 27.77 2 28.55 28.04 2 27.01 28.15 2 27.15 27.67
4 15 2 30.97 28.47 2 30.76 27.99 2 31.73 27.47 2 31.5 28.35
4 15 2 32.43 28.41 2 31.5 28.35 2 31.73 27.47 2 32.15 27.81
4 15 2 32.87 28.67 2 33.38 28.54 2 33.69 29.36 2 33.16 29.11
4 15 2 33.1 30.19 2 33.26 29.73 2 33.69 29.36 2 33.69 30.11
3 15 2 32.15 27.81 2 33.01 28.15 2 32.43 28.41
4 15 2 32.43 28.41 2 33.01 28.15 2 33.38 28.54 2 32.87 28.67
4 15 2 33.5 27.08 2 33.32 27.49 2 32.65 27.33 2 32.99 26.96
3 15 2 32.53 26.71 2 32.99 26.96 2 32.65 27.33
4 15 2 32.65 27.33 2 32.17 27.08 2 32.2 26.33 2 32.53 26.71
3 15 2 33.69 29.36 2 33.26 29.73 2 33.16 29.11
4 15 2 32.4 24.92 2 31.98 25.11 2 31.79 24.08 2 32.24 24.36
4 15 2 31.95 23.1 2 32.29 23.77 2 32.24 24.36 2 31.79 24.08
4 15 2 31.64 22.97 2 30.87 22.97 2 31.9 21.48 2 32.13 22.07
3 15 2 31.53 25.26 2 32.17 26.01 2 32.2 26.33
4 15 2 31.53 25.26 2 31.98 25.11 2 32.43 25.71 2 32.17 26.01
4 15 2 32.43 22.52 2 31.95 23.1 2 31.64 22.97 2 32.21 22.3
4 15 2 33.74 21.16 2 33.24 21.2 2 33.06 20.74 2 33.86 20.74
3 15 2 31.64 22.97 2 32.13 22.07 2 32.21 22.3
4 15 2 32.77 25.38 2 32.43 25.71 2 31.98 25.11 2 32.4 24.92
4 15 2 32.65 27.33 2 32.15 27.81 2 31.73 27.47 2 32.17 27.08
4 15 2 34.23 21.89 2 33.98 22.39 2 33.4 22.47 2 33.14 22.07
4 15 2 32.43 22.52 2 33.14 22.07 2 33.4 22.47 2 32.88 22.76
4 15 2 32.88 22.76 2 32.51 23.22 2 31.95 23.1 2 32.43 22.52
3 15 2 32.51 23.22 2 32.29 23.77 2 31.95 23.1
3 15 2 32.25 21.12 2 32.77 21.35 2 32.34 21.63
4 15 2 32.25 21.12 2 33.06 20.74 2 33.24 21.2 2 32.77 21.35
4 15 2 33.28 25.68 2 33.86 25.8 2 34.23 26.29 2 33.16 26.17
4 15 2 33.16 26.17 2 32.43 25.71 2 32.77 25.38 2 33.28 25.68
4 15 2 33.86 25.8 2 34.44 25.74 2 34.91 26.06 2 34.23 26.29
4 15 2 34.22 26.74 2 34.23 26.29 2 34.91 26.06 2 35.14 26.48
3 15 2 34.44 25.74 2 34.97 25.46 2 34.91 26.06
4 15 2 33.32 27.49 2 33.5 27.08 2 34 26.99 2 33.86 27.47
4 15 2 35.35 25.01 2 35.55 25.56 2 34.91 26.06 2 34.97 25.46
4 15 2 35.83 26.33 2 35.92 26.82 2 33.86 27.47 2 35.14 26.48
4 15 2 35.55 24.46 2 36.08 24.48 2 35.55 25.56 2 35.35 25.01
4 15 2 34 26.99 2 34.22 26.74 2 35.14 26.48 2 33.86 27.47
4 15 2 35.35 21.71 2 34.2 21.34 2 33.86 20.74 2 35.89 21.41
3 15 2 34.2 21.34 2 33.74 21.16 2 33.86 20.74
3 15 2 34.56 22.52 2 33.98 22.39 2 34.23 21.89
4 15 2 35.35 21.71 2 35.12 21.76 2 34.23 21.89 2 34.2 21.34
4 15 2 34.56 22.52 2 34.23 21.89 2 35.12 21.76 2 34.93 22.11
4 15 2 35.61 22.8 2 35.06 22.83 2 34.56 22.52 2 34.93 22.11
4 15 2 36.01 23.73 2 36.08 24.48 2 35.55 24.46 2 35.58 23.87
3 15 2 35.61 22.8 2 35.42 23.3 2 35.06 22.83
4 15 2 36.01 23.73 2 36.42 23.68 2 36.46 24.55 2 36.08 24.48
4 15 2 36.58 24.72 2 36.46 24.55 2 36.42 23.68 2 37.03 24.74
4 15 2 36.58 23.1 2 37.02 22.91 2 37.03 24.74 2 36.42 23.68
3 15 2 36.63 26.22 2 36.25 26.62 2 36.17 26.02
4 15 2 36.17 26.02 2 36.25 26.62 2 35.92 26.82 2 35.83 26.33
4 15 2 36.58 24.72 2 37.03 24.74 2 36.93 25.64 2 36.58 25.16
4 15 2 36.17 26.02 2 36.44 25.6 2 36.93 25.64 2 36.63 26.22
3 15 2 36.58 25.16 2 36.93 25.64 2 36.44 25.6
4 15 2 36.58 23.1 2 36.41 22.54 2 36.69 22.1 2 37.02 22.91
4 15 2 36.41 22.54 2 36.05 22.08 2 36.31 21.66 2 36.69 22.1
3 15 2 35.64 21.79 2 35.35 21.71 2 35.89 21.41
4 15 2 35.89 21.41 2 36.31 21.66 2 36.05 22.08 2 35.64 21.79
3 15 2 34.36 23.29 2 34.67 23.57 2 34.29 23.82
4 15 2 34.33 24.18 2 34.29 23.82 2 34.67 23.57 2 34.82 23.96
3 15 2 34.82 23.96 2 34.79 24.37 2 34.33 24.18
4 15 2 34.61 24.74 2 34.19 24.51 2 34.33 24.18 2 34.79 24.37
4 15 2 34.61 24.74 2 34.28 24.98 2 33.84 24.56 2 34.19 24.51
4 15 2 33.96 23.17 2 34.36 23.29 2 34.29 23.82 2 34 23.63
4 15 2 34.28 24.98 2 33.87 25.03 2 33.47 24.91 2 33.84 24.56
4 15 2 33.84 24.56 2 33.47 24.91 2 33.16 24.64 2 33.52 24.37
4 15 2 33.01 24.25 2 33.04 23.84 2 33.22 23.47 2 33.47 24.03
3 15 2 33.47 24.03 2 33.22 23.47 2 33.66 23.73
3 15 2 33.56 23.23 2 33.96 23.17 2 34 23.63
4 15 2 33.22 23.47 2 33.56 23.23 2 34 23.63 2 33.66 23.73
4 15 2 29.89 16.9 2 29.52 16.79 2 29.5 16.31 2 30.12 16.42
4 15 2 30.78 17.58 2 30.48 17.6 2 30.1 17.42 2 30.83 17.25
4 15 2 30.83 17.25 2 30.1 17.42 2 29.97 17.29 2 30.61 16.74
4 15 2 30.12 16.42 2 30.61 16.74 2 29.97 17.29 2 29.89 16.9
4 15 2 28.92 16.42 2 29.18 16.82 2 28.53 16.78 2 28.69 16.57
4 15 2 28.37 17.35 2 28.53 16.78 2 29.18 16.82 2 29.1 17.42
4 15 2 29.1 18.62 2 28.33 19.07 2 28.37 17.35 2 29.13 18.09
4 15 2 27.98 19.19 2 28.33 19.07 2 29.15 19.43 2 28.92 19.63
4 15 2 29.1 17.42 2 29.19 17.63 2 29.13 18.09 2 28.37 17.35
4 15 2 29.96 19.61 2 29.15 19.43 2 29.21 18.99 2 29.51 19.09
4 15 2 28.92 16.42 2 29.5 16.31 2 29.52 16.79 2 29.18 16.82
4 15 2 29.15 19.43 2 28.33 19.07 2 29.1 18.62 2 29.21 18.99
4 15 2 30.14 17.96 2 29.53 18.18 2 29.13 18.09 2 29.19 17.63
4 15 2 30.52 18.24 2 30.76 18.56 2 30.87 18.89 2 30.06 18.69
3 15 2 30.52 18.24 2 30.06 18.69 2 29.99 18.5
4 15 2 30.87 18.89 2 30.84 19.19 2 29.93 19.01 2 30.06 18.69
4 15 2 30.84 19.19 2 30.68 19.43 2 30.39 19.59 2 29.93 19.01
4 15 2 30.39 19.59 2 29.96 19.61 2 29.51 19.09 2 29.93 19.01
4 15 2 32.2 26.33 2 32.17 27.08 2 30.69 24.97 2 31.53 25.26
4 15 2 31 24.06 2 31.04 24.51 2 30.69 24.97 2 30.53 24.08
3 15 2 31.2 24.94 2 30.69 24.97 2 31.04 24.51
4 15 2 31.06 23.59 2 31 24.06 2 30.53 24.08 2 30.63 23.48
4 15 2 31.25 23.13 2 31.06 23.59 2 30.63 23.48 2 30.87 22.97
3 15 2 30.87 22.97 2 31.64 22.97 2 31.25 23.13
3 15 2 31.2 24.94 2 31.53 25.26 2 30.69 24.97
3 15 2 34.99 32.7 2 35.33 32.86 2 35.06 33.24
4 15 2 34.34 32.62 2 34.99 32.7 2 35.06 33.24 2 34.61 33.21
4 15 2 33.83 31.85 2 34.09 32.12 2 34.34 32.62 2 33.46 32.82
4 15 2 33.83 31.85 2 33.46 32.82 2 33 31.95 2 33.56 31.75
4 15 2 32.37 33.73 2 31.82 32.98 2 33 31.95 2 33.13 32.99
4 15 2 35.33 32.86 2 35.59 33.12 2 35.71 33.46 2 35.06 33.24
4 15 2 33.46 32.82 2 34.61 33.21 2 34.34 34.39 2 33.58 34.21
3 15 2 33 31.95 2 33.46 32.82 2 33.13 32.99
4 15 2 27.93 32.4 2 28.49 32.31 2 28.68 33.31 2 28.3 33.27
3 15 2 25.79 32.98 2 25.94 33.27 2 25.16 33.64
4 15 2 25.92 34.2 2 25.94 33.27 2 26.83 33.02 2 26.73 34.05
4 15 2 27.93 32.4 2 28.3 33.27 2 26.73 34.05 2 26.83 33.02
4 15 2 31.64 34.05 2 31.07 34.05 2 30.72 33.03 2 31.52 33.11
4 15 2 25.79 32.98 2 25.16 33.64 2 24.73 32.75 2 25.33 32.71
4 15 2 22.87 32.38 2 23.18 32.64 2 23.49 33.09 2 22.36 33.22
4 15 2 23.43 34.11 2 23.49 33.09 2 24.73 32.75 2 25.16 33.64
4 15 2 22.87 32.38 2 22.36 33.22 2 21.93 32.4 2 22.55 32.28
4 15 2 20.39 32.42 2 20.73 32.58 2 21.02 32.99 2 20.22 33.27
4 15 2 18.47 32.71 2 19.21 32.98 2 18.89 33.39 2 18.59 33.06
3 15 2 19.37 33.51 2 18.89 33.39 2 19.21 32.98
4 15 2 20.69 33.96 2 20.48 33.79 2 20.22 33.27 2 21.02 32.99
4 15 2 20.39 32.42 2 20.22 33.27 2 19.37 33.51 2 19.21 32.98
3 15 2 21.25 33.88 2 20.69 33.96 2 21.02 32.99
3 15 2 22.43 34.02 2 22.31 33.72 2 22.67 34.16
4 15 2 22.36 33.22 2 23.49 33.09 2 22.67 34.16 2 22.31 33.72
4 15 2 21.93 32.4 2 22.36 33.22 2 21.25 33.88 2 21.02 32.99
4 15 2 34.09 34.59 2 33.84 34.55 2 33.58 34.21 2 34.34 34.39
4 15 2 31.82 32.98 2 32.37 33.73 2 31.64 34.05 2 31.52 33.11
3 15 2 34.34 32.62 2 34.61 33.21 2 33.46 32.82
3 15 2 31.07 34.05 2 30.32 33.9 2 30.72 33.03
4 15 2 28.49 32.31 2 30.72 33.03 2 30.32 33.9 2 28.68 33.31
4 15 2 25.16 33.64 2 25.94 33.27 2 25.92 34.2 2 25.47 34.06
3 15 2 23.43 34.11 2 22.67 34.16 2 23.49 33.09
4 15 2 21.06 27.59 2 21.18 27.45 2 21.53 27.31 2 21.51 27.71
4 15 2 21.51 27.71 2 22.93 27.31 2 23.41 27.59 2 23.22 27.7
3 15 2 21.51 27.71 2 21.53 27.31 2 22.93 27.31
3 15 2 23.28 20.11 2 23.38 20.22 2 23.4 20.36
4 15 2 21.67 19.62 2 23.28 20.11 2 23.4 20.36 2 22.84 20.47
3 15 2 21.67 19.62 2 22.84 20.47 2 22.78 21.35
4 15 2 21.53 27.31 2 21.62 26.98 2 22.8 26.68 2 22.93 27.31
4 15 2 21.28 16.67 2 21.57 17.14 2 21.21 17.43 2 21.1 16.91
4 15 2 20.78 17.51 2 20.81 17.03 2 21.1 16.91 2 21.21 17.43
3 15 2 20.78 17.51 2 20.35 17.45 2 20.81 17.03
4 15 2 20.81 17.03 2 20.35 17.45 2 20.01 17.17 2 20.39 16.97
3 15 2 20.01 17.17 2 19.86 16.77 2 20.39 16.97
4 15 2 19.94 16.34 2 20.35 16.59 2 20.39 16.97 2 19.86 16.77
4 15 2 19.94 16.34 2 20.31 16.08 2 20.6 16.09 2 20.35 16.59
4 15 2 21.11 15.69 2 21.65 15.71 2 21.79 16.21 2 21.34 16.35
3 15 2 21.79 16.21 2 21.76 16.71 2 21.34 16.35
3 15 2 21.36 15.27 2 21.65 15.71 2 21.11 15.69
4 15 2 20.92 14.96 2 21.36 15.27 2 21.11 15.69 2 20.83 15.45
4 15 2 20.42 15.33 2 19.91 15.38 2 19.61 14.99 2 20.33 14.85
4 15 2 20.83 15.45 2 20.42 15.33 2 20.33 14.85 2 20.92 14.96
4 15 2 19.01 16.11 2 18.71 15.72 2 19.04 15.32 2 19.32 15.7
4 15 2 19.91 15.38 2 19.32 15.7 2 19.04 15.32 2 19.61 14.99
4 15 2 17.22 16.51 2 16.54 16.29 2 16.49 15.79 2 17.1 15.95
4 15 2 17.81 16.88 2 17.22 16.51 2 17.1 15.95 2 18.32 16.7
4 15 2 15.8 13.37 2 15.91 14.75 2 15.38 15.18 2 15.37 13.87
3 15 2 15.09 16.33 2 14.82 15.87 2 15.2 15.53
4 15 2 15.91 14.75 2 15.66 15.75 2 15.2 15.53 2 15.38 15.18
4 15 2 15.2 15.53 2 15.66 15.75 2 15.82 16.22 2 15.09 16.33
4 15 2 15.66 15.75 2 16.49 15.79 2 16.54 16.29 2 15.82 16.22
4 15 2 18.88 17.26 2 18.29 17.36 2 17.81 16.88 2 18.32 16.7
4 15 2 19.15 18.22 2 18.61 17.94 2 18.29 17.36 2 18.88 17.26
3 15 2 18.88 17.26 2 18.32 16.7 2 18.83 16.66
4 15 2 17.28 18.83 2 16.74 18.63 2 16.86 18.23 2 17.2 18.55
4 15 2 15.63 18.68 2 15.97 18.35 2 16.4 18.18 2 16.2 18.73
3 15 2 14.57 19.34 2 14.88 19.02 2 14.94 19.53
4 15 2 16.86 18.23 2 16.74 18.63 2 16.2 18.73 2 16.4 18.18
4 15 2 15.49 18.98 2 15.63 18.68 2 16.2 18.73 2 15.89 19.21
4 15 2 14.61 19.89 2 14.57 19.34 2 14.94 19.53 2 14.83 19.79
4 15 2 15.49 18.98 2 15.19 19.38 2 14.94 19.53 2 14.88 19.02
3 15 2 15.49 18.98 2 15.89 19.21 2 15.19 19.38
4 15 2 15.9 19.73 2 16.26 20.26 2 16.11 20.74 2 15.69 20.27
4 15 2 16.26 20.26 2 16.79 20.58 2 16.6 21.02 2 16.11 20.74
4 15 2 18.11 20.83 2 17.63 21.04 2 17.12 21.11 2 17.41 20.6
3 15 2 18.87 20.04 2 18.53 20.49 2 18.4 19.88
4 15 2 18.4 19.88 2 18.53 20.49 2 18.11 20.83 2 17.98 20.34
4 15 2 18.4 19.88 2 18.68 19.31 2 19.1 19.5 2 18.87 20.04
4 15 2 19.2 18.89 2 18.75 18.6 2 18.61 17.94 2 19.15 18.22
4 15 2 19.1 19.5 2 18.68 19.31 2 18.75 18.6 2 19.2 18.89
3 15 2 17.98 20.34 2 18.11 20.83 2 17.41 20.6
4 15 2 15.69 20.27 2 15.19 19.38 2 15.89 19.21 2 15.9 19.73
4 15 2 21.57 17.14 2 21.28 16.67 2 21.34 16.35 2 21.76 16.71
4 15 2 16.6 21.02 2 16.79 20.58 2 17.41 20.6 2 17.12 21.11
4 15 2 18.71 15.72 2 19.01 16.11 2 18.83 16.66 2 18.32 16.7
4 15 2 14.82 15.87 2 15.09 16.33 2 14.38 16.64 2 14.36 16.12
4 15 2 13.77 17.19 2 13.65 16.58 2 14.36 16.12 2 14.38 16.64
4 15 2 11.86 20.71 2 12.97 17.43 2 13.33 17.91 2 12.44 20.45
3 15 2 12.44 20.45 2 12.09 21.2 2 11.86 20.71
4 15 2 11.86 20.71 2 12.09 21.2 2 11.62 21.78 2 11.51 21.23
4 15 2 10.96 22.12 2 11.03 21.58 2 11.51 21.23 2 11.62 21.78
4 15 2 11.03 21.58 2 10.96 22.12 2 10.06 22.16 2 10.38 21.7
3 15 2 10.38 21.7 2 10.06 22.16 2 9.54 21.53
4 15 2 15.8 13.37 2 15.37 13.87 2 14.95 14.1 2 15.16 13.41
3 15 2 14.64 13.77 2 15.16 13.41 2 14.95 14.1
4 15 2 14.64 13.77 2 14.95 14.1 2 14.58 14.81 2 14.19 14.47
4 15 2 14.19 14.47 2 14.58 14.81 2 14.58 15.36 2 14.09 15.11
4 15 2 9.65 20.91 2 9.99 20.56 2 10.53 20.52 2 10.29 20.96
4 15 2 8.89 21.09 2 9.65 20.91 2 10.29 20.96 2 9.54 21.53
4 15 2 10.56 19.54 2 10.62 20.03 2 10.16 20.12 2 10.1 19.64
3 15 2 10.31 19.11 2 10.56 19.54 2 10.1 19.64
4 15 2 9.3 19.21 2 9.41 18.74 2 9.9 18.84 2 9.77 19.28
4 15 2 9.9 18.84 2 10.31 19.11 2 10.1 19.64 2 9.77 19.28
4 15 2 10.62 20.03 2 10.53 20.52 2 9.99 20.56 2 10.16 20.12
4 15 2 14.09 15.11 2 14.58 15.36 2 14.82 15.87 2 14.36 16.12
4 15 2 10.06 22.16 2 7.43 21.17 2 8.89 21.09 2 9.54 21.53
4 15 2 13.65 16.58 2 13.77 17.19 2 13.33 17.91 2 12.97 17.43
3 15 2 8.89 21.09 2 7.43 21.17 2 8.25 20.98
4 15 2 6.76 20.75 2 7.67 20.78 2 8.25 20.98 2 7.43 21.17
4 15 2 6.76 20.75 2 6.27 20.31 2 6.23 19.99 2 6.76 20.17
3 15 2 9.41 18.74 2 9.3 19.21 2 8.92 18.82
4 15 2 9.3 19.21 2 8.86 19.42 2 8.49 19.08 2 8.92 18.82
4 15 2 8.49 19.08 2 8.86 19.42 2 8.58 19.81 2 8.2 19.48
4 15 2 8.2 19.48 2 8.58 19.81 2 8.54 20.29 2 8.1 19.97
4 15 2 8.1 19.97 2 8.54 20.29 2 8.89 21.09 2 8.25 20.98
4 15 2 7.5 17.21 2 6.79 16.59 2 6.4 15.9 2 6.96 15.87
3 15 2 7.05 17.85 2 6.79 16.59 2 7.5 17.21
4 15 2 7.11 14.12 2 7.21 13.42 2 7.74 13.33 2 7.49 13.86
4 15 2 7.51 14.89 2 7.6 14.42 2 8.04 14.4 2 7.94 15.04
4 15 2 7.74 13.33 2 8.04 14.4 2 7.6 14.42 2 7.49 13.86
4 15 2 7.17 15.29 2 7.51 14.89 2 7.94 15.04 2 7.58 15.56
4 15 2 6.78 15.42 2 7.17 15.29 2 7.58 15.56 2 6.96 15.87
3 15 2 7.5 17.21 2 7.81 16.5 2 8.07 17
4 15 2 8.3 15.85 2 8.56 16.21 2 8.07 17 2 7.81 16.5
4 15 2 8.56 16.21 2 8.3 15.85 2 8.97 15.39 2 8.92 15.93
4 15 2 8.92 15.93 2 8.97 15.39 2 9.37 15.27 2 9.38 15.76
4 15 2 10.5 15.88 2 9.97 15.71 2 9.81 15.24 2 10.51 15.36
4 15 2 10.5 15.88 2 10.37 16.31 2 9.93 16.82 2 9.97 15.71
4 15 2 10.48 17.01 2 10.83 17.49 2 10.76 18.03 2 10.19 17.44
4 15 2 10.37 16.31 2 10.48 17.01 2 10.19 17.44 2 9.93 16.82
3 15 2 7.05 17.85 2 7.37 19.12 2 6.93 18.75
4 15 2 7.5 17.21 2 8.07 17 2 7.37 19.12 2 7.05 17.85
4 15 2 9.37 15.27 2 9.81 15.24 2 9.97 15.71 2 9.38 15.76
3 15 2 6.77 19.19 2 6.93 18.75 2 7.37 19.12
3 15 2 7.67 20.78 2 6.76 20.75 2 6.76 20.17
4 15 2 7.37 19.12 2 6.76 20.17 2 6.23 19.99 2 6.77 19.19
4 15 2 10.99 16.29 2 10.5 15.88 2 10.51 15.36 2 11.05 15.64
3 15 2 11.05 15.64 2 11.44 16.05 2 10.99 16.29
4 15 2 11.8 17.27 2 11.68 17.91 2 11.45 18.26 2 11.23 17.73
4 15 2 10.83 17.49 2 11.23 17.73 2 11.45 18.26 2 10.76 18.03
3 15 2 11.23 17.73 2 11.37 17.18 2 11.8 17.27
4 15 2 11.8 17.27 2 11.37 17.18 2 11.26 16.7 2 11.7 16.59
4 15 2 6.96 15.87 2 6.4 15.9 2 6.58 15.19 2 6.78 15.42
4 15 2 6.16 15.01 2 6.58 15.19 2 6.4 15.9 2 5.98 15.47
4 15 2 6.66 14.78 2 6.44 14.18 2 6.77 13.72 2 7.11 14.12
3 15 2 6.77 13.72 2 7.21 13.42 2 7.11 14.12
4 15 2 6.16 15.01 2 5.5 15.21 2 5 15.09 2 4.97 14.61
4 15 2 6.58 15.19 2 6.16 15.01 2 6.44 14.18 2 6.66 14.78
4 15 2 4.02 15.31 2 3.97 14.79 2 4.45 14.63 2 4.49 15.11
4 15 2 4.45 14.63 2 4.97 14.61 2 5 15.09 2 4.49 15.11
4 15 2 3.97 14.79 2 4.02 15.31 2 3.68 15.68 2 3.53 15.08
4 15 2 3.54 16.67 2 3.06 16.48 2 3.05 15.97 2 3.5 16.16
4 15 2 3.53 15.08 2 3.68 15.68 2 3.05 15.97 2 3.21 15.48
4 15 2 3.54 16.67 2 3.85 17.06 2 3.52 17.39 2 3.21 16.97
3 15 2 3.21 16.97 2 3.06 16.48 2 3.54 16.67
4 15 2 3.95 17.65 2 4.37 17.2 2 4.92 17.42 2 4.47 17.66
4 15 2 5.2 16.98 2 4.92 17.42 2 4.37 17.2 2 4.75 16.89
3 15 2 4.92 16.05 2 5.23 16.46 2 4.7 16.39
4 15 2 5.2 16.98 2 4.75 16.89 2 4.7 16.39 2 5.23 16.46
3 15 2 4.46 16.04 2 4.69 16 2 4.51 16.26
4 15 2 4.51 16.26 2 4.69 16 2 4.92 16.05 2 4.7 16.39
4 15 2 3.52 17.39 2 3.85 17.06 2 4.37 17.2 2 3.95 17.65
3 15 2 3.05 15.97 2 3.68 15.68 2 3.5 16.16
3 15 2 6.16 15.01 2 5.98 15.47 2 5.5 15.21
4 15 2 9.93 23.57 2 9.8 23.74 2 9.35 23.81 2 9.68 23.4
4 15 2 9.68 23.4 2 9.35 23.81 2 8.12 23.83 2 8.14 22.83
4 15 2 8.09 27.08 2 8.11 24.7 2 9.35 23.81 2 9.25 25.21
4 15 2 7.75 23.34 2 7.35 23.97 2 6.92 23.97 2 7.28 22.99
3 15 2 6.36 23.02 2 6.44 22.9 2 6.69 22.86
4 15 2 6.62 24.36 2 6.4 24.43 2 6.36 23.02 2 6.92 23.97
4 15 2 7.28 22.99 2 6.92 23.97 2 6.36 23.02 2 6.69 22.86
3 15 2 9.25 25.21 2 9.3 27.05 2 8.09 27.08
4 15 2 9.86 27.56 2 9.79 27.65 2 7.82 27.7 2 9.42 27.3
4 15 2 7.46 27.59 2 7.68 27.41 2 7.96 27.33 2 7.82 27.7
3 15 2 9.42 27.3 2 7.82 27.7 2 7.96 27.33
4 15 2 9.3 27.05 2 9.42 27.3 2 7.96 27.33 2 8.09 27.08
4 15 2 7.75 23.34 2 8.12 23.83 2 7.85 24.22 2 7.35 23.97
4 15 2 8.07 32.83 2 8.34 32.32 2 8.56 32.15 2 9.03 33.03
4 15 2 8.56 32.15 2 8.94 32.08 2 9.24 33.05 2 9.03 33.03
4 15 2 11.27 31.76 2 10.69 32.48 2 9.64 32.16 2 9.67 31.14
3 15 2 9.67 31.14 2 9.9 30.69 2 10.42 30.45
4 15 2 9.67 31.14 2 10.42 30.45 2 11.06 30.42 2 11.27 31.76
3 15 2 11.06 30.42 2 11.45 30.53 2 11.27 31.76
4 15 2 11.72 30.77 2 11.75 31.24 2 11.27 31.76 2 11.45 30.53
3 15 2 12.4 32.89 2 12.62 33.53 2 11.99 33.28
4 15 2 12.4 32.89 2 11.99 33.28 2 10.69 32.48 2 11.27 31.76
4 15 2 11.26 34.06 2 10.91 34.17 2 10.67 34.12 2 11.23 33.45
4 15 2 9.64 32.16 2 10.69 32.48 2 10.83 32.87 2 9.92 33.28
4 15 2 11.23 33.45 2 10.67 34.12 2 9.92 33.28 2 10.83 32.87
4 15 2 8.94 32.08 2 9.64 32.16 2 9.92 33.28 2 9.24 33.05
3 15 2 5.83 32.65 2 5.68 32.27 2 7.48 32.8
4 15 2 5.83 32.65 2 7.48 32.8 2 7.15 33.57 2 6.32 33.13
4 15 2 9.03 33.03 2 8.46 33.65 2 7.8 33.76 2 8.07 32.83
4 15 2 9.2 36.18 2 9.3 35.2 2 10.1 35.1 2 10.28 35.42
4 15 2 9.82 34.89 2 10.1 35.1 2 9.3 35.2 2 9.57 34.92
4 15 2 10.28 35.42 2 10.73 35.35 2 11.4 35.52 2 11.01 36.28
4 15 2 11.89 36.64 2 11.68 36.62 2 11.79 35.93 2 11.98 36.51
4 15 2 11.4 35.52 2 11.79 35.93 2 11.68 36.62 2 11.01 36.28
3 15 2 11.01 36.28 2 10.77 36.83 2 9.9 36.88
4 15 2 10.56 37.02 2 10.29 37.05 2 9.9 36.88 2 10.77 36.83
4 15 2 7.9 35.73 2 9.2 36.18 2 8.92 37.04 2 8.16 36.74
4 15 2 7.9 35.73 2 7.53 36.29 2 7.24 35.88 2 7.45 35.77
3 15 2 8.16 36.74 2 7.53 36.29 2 7.9 35.73
4 15 2 9.63 37.05 2 9.3 37.09 2 8.92 37.04 2 9.2 36.18
3 15 2 9.9 36.88 2 9.63 37.05 2 9.2 36.18
4 15 2 9.2 36.18 2 10.28 35.42 2 11.01 36.28 2 9.9 36.88
4 15 2 11.04 39.16 2 10.39 38.82 2 10.55 37.89 2 11.26 38.16
3 15 2 11.26 38.16 2 11.86 38.69 2 11.04 39.16
4 15 2 12.05 40.8 2 11.04 39.16 2 11.86 38.69 2 12.43 39.74
4 15 2 12.43 39.74 2 12.5 40.41 2 12.25 40.9 2 12.05 40.8
4 15 2 9.62 38.32 2 10.01 37.94 2 10.55 37.89 2 10.39 38.82
4 15 2 10.29 40.32 2 9.44 39.91 2 9.47 38.88 2 10.39 38.82
3 15 2 9.47 38.88 2 9.62 38.32 2 10.39 38.82
4 15 2 6.97 39.13 2 7.24 40.29 2 6.45 39.92 2 6.76 39.21
4 15 2 9.72 40.68 2 8.69 40.76 2 8.38 39.73 2 9.44 39.91
4 15 2 6.97 39.13 2 8.38 39.73 2 8.69 40.76 2 7.24 40.29
3 15 2 5.98 40.47 2 5.85 39.98 2 6.45 39.92
4 15 2 5.98 40.47 2 6.45 39.92 2 6.71 40.74 2 6.3 40.72
4 15 2 7.24 40.29 2 6.91 40.65 2 6.71 40.74 2 6.45 39.92
4 15 2 9.44 39.91 2 10.29 40.32 2 10.04 40.94 2 9.72 40.68
4 15 2 9.62 43.67 2 9.54 43.18 2 10.98 43.27 2 10.48 43.68
4 15 2 12.19 43.77 2 11.57 44 2 10.48 43.68 2 10.98 43.27
4 15 2 11.57 44 2 12.19 43.77 2 13.22 44.55 2 12.5 44.54
4 15 2 15.95 48.3 2 13.3 45.24 2 13.22 44.55 2 15.72 47.41
4 15 2 8.88 43.88 2 8.9 43.3 2 9.54 43.18 2 9.62 43.67
4 15 2 8.9 43.3 2 8.88 43.88 2 8.27 44.26 2 8.38 43.52
4 15 2 7.31 46.1 2 6.82 46.13 2 7.4 44.59 2 7.47 45.42
4 15 2 8.38 43.52 2 8.27 44.26 2 7.4 44.59 2 7.97 43.83
3 15 2 7.47 45.42 2 7.4 44.59 2 7.8 44.79
4 15 2 5.07 45.39 2 4.86 45.85 2 4.35 46 2 4.35 45.5
4 15 2 3.37 47.6 2 2.93 47.5 2 3.05 46.81 2 3.42 47.13
4 15 2 3.55 45.99 2 3.61 46.68 2 3.42 47.13 2 3.05 46.81
4 15 2 4.3 48.69 2 3.97 49.09 2 3.44 48.77 2 3.82 48.46
4 15 2 2.97 47.87 2 3.5 48.05 2 3.44 48.77 2 3.08 48.25
3 15 2 3.82 48.46 2 3.44 48.77 2 3.5 48.05
4 15 2 4.3 48.69 2 4.53 48.69 2 4.85 49.08 2 4.26 49.16
3 15 2 4.26 49.16 2 3.97 49.09 2 4.3 48.69
4 15 2 5.37 48.64 2 5.09 48.12 2 5.57 47.86 2 5.56 48.23
3 15 2 4.96 47.15 2 5.44 47.55 2 4.95 47.63
4 15 2 4.44 47.16 2 4.96 47.15 2 4.95 47.63 2 4.62 47.59
4 15 2 4.21 47.7 2 4.27 47.36 2 4.44 47.16 2 4.62 47.59
3 15 2 5.37 48.64 2 4.91 48.5 2 5.09 48.12
4 15 2 2.93 47.5 2 3.37 47.6 2 3.5 48.05 2 2.97 47.87
4 15 2 18.38 47.14 2 18.5 47.6 2 17.99 48.01 2 17.81 47.49
4 15 2 18.38 47.14 2 19.15 46.88 2 19.6 47.16 2 18.5 47.6
4 15 2 18.51 46.51 2 18.14 46.36 2 18.21 45.8 2 18.61 46.04
4 15 2 18.02 43.31 2 18.44 43.15 2 18.82 45.34 2 18.29 45.1
4 15 2 18.51 46.51 2 18.61 46.04 2 19.4 46.08 2 19.26 46.57
4 15 2 18.29 45.1 2 18.82 45.34 2 19.04 45.8 2 18.61 46.04
3 15 2 18.61 46.04 2 19.04 45.8 2 19.4 46.08
4 15 2 20.46 46.42 2 19.91 46.13 2 20.34 45.65 2 20.5 46.16
4 15 2 20.5 46.16 2 20.34 45.65 2 21.16 45.43 2 20.9 45.92
4 15 2 19.26 46.57 2 19.4 46.08 2 19.91 46.13 2 19.47 46.67
4 15 2 19.15 46.88 2 19.47 46.67 2 20.29 46.97 2 19.6 47.16
4 15 2 20.46 46.42 2 20.29 46.97 2 19.47 46.67 2 19.91 46.13
3 15 2 20.29 46.97 2 20.46 46.42 2 20.62 46.61
4 15 2 19.47 47.56 2 19.6 47.16 2 20.29 46.97 2 20 47.61
4 15 2 22.28 47.26 2 21.59 47.44 2 20.29 46.97 2 20.62 46.61
4 15 2 24.05 48.28 2 24.36 47.3 2 25.96 45.35 2 26.73 45.2
4 15 2 25.96 45.35 2 27.18 44.19 2 27.54 44.51 2 26.73 45.2
3 15 2 27.18 44.19 2 27.87 43.73 2 27.54 44.51
4 15 2 28.62 43.38 2 28.45 43.98 2 27.54 44.51 2 27.87 43.73
4 15 2 30.37 43.18 2 31.07 43.31 2 31.42 44 2 30.38 43.66
4 15 2 31.07 43.31 2 31.63 43.57 2 32.08 43.91 2 31.42 44
4 15 2 32.67 44.75 2 32.13 44.69 2 31.42 44 2 32.08 43.91
4 15 2 33.16 46.12 2 32.63 45.97 2 32.13 44.69 2 32.67 44.75
4 15 2 29.45 43.19 2 30.37 43.18 2 30.38 43.66 2 29.51 43.68
4 15 2 23.36 48.79 2 23.64 48.03 2 24.36 47.3 2 24.05 48.28
4 15 2 34.49 45.42 2 34.39 45.93 2 33.88 46.14 2 33.81 45.65
4 15 2 35.15 45.4 2 35.09 45.85 2 34.39 45.93 2 34.49 45.42
4 15 2 36.99 46.88 2 37.08 47.49 2 36.57 47.79 2 36.56 47.29
4 15 2 35.64 48.69 2 36.11 48.55 2 36.45 48.85 2 35.68 49.17
4 15 2 36.88 48.28 2 36.45 48.85 2 36.11 48.55 2 36.42 48.23
4 15 2 35.25 48.6 2 35.64 48.69 2 35.68 49.17 2 35.03 49.03
4 15 2 34.96 48.35 2 35.25 48.6 2 35.03 49.03 2 34.68 48.73
3 15 2 34.68 48.73 2 34.48 48.4 2 34.96 48.35
4 15 2 34.4 48.03 2 34.87 47.96 2 34.96 48.35 2 34.48 48.4
3 15 2 34.4 48.03 2 34.48 47.65 2 34.87 47.96
4 15 2 34.87 47.96 2 34.48 47.65 2 34.71 47.35 2 35.08 47.64
4 15 2 35.43 47.12 2 35.08 47.64 2 34.71 47.35 2 35.04 47.15
4 15 2 35.78 47.69 2 35.08 47.64 2 35.43 47.12 2 35.72 47.35
4 15 2 36.31 45.89 2 36.72 46.33 2 36.41 46.78 2 36.11 46.34
4 15 2 36.72 46.33 2 36.99 46.88 2 36.56 47.29 2 36.41 46.78
4 15 2 5.57 47.86 2 5.09 48.12 2 4.95 47.63 2 5.44 47.55
4 15 2 5.37 48.64 2 4.85 49.08 2 4.53 48.69 2 4.91 48.5
4 15 2 37.08 47.49 2 36.88 48.28 2 36.42 48.23 2 36.57 47.79
3 15 2 3.93 46.29 2 3.61 46.68 2 3.55 45.99
4 15 2 4.35 45.5 2 4.35 46 2 3.93 46.29 2 3.55 45.99
4 15 2 6.07 45.62 2 5.42 45.87 2 4.86 45.85 2 5.07 45.39
4 15 2 6.82 46.13 2 6.29 46.28 2 5.42 45.87 2 6.07 45.62
4 15 2 6.78 46.87 2 7.31 46.79 2 7.5 47.46 2 7.11 47.66
3 15 2 6.78 46.87 2 6.29 46.28 2 6.82 46.13
4 15 2 35.15 45.4 2 35.77 45.57 2 35.67 46.01 2 35.09 45.85
4 15 2 35.77 45.57 2 36.31 45.89 2 36.11 46.34 2 35.67 46.01
4 15 2 8.34 48.94 2 7.93 48.7 2 7.46 48.22 2 8.1 48.25
4 15 2 8.1 48.25 2 9 48.66 2 8.86 49.12 2 8.34 48.94
3 15 2 10.02 49.04 2 9.48 49.17 2 9.67 48.65
4 15 2 8.86 49.12 2 9 48.66 2 9.67 48.65 2 9.48 49.17
4 15 2 10.57 47.99 2 10.83 48.41 2 10.47 48.78 2 10.3 48.31
3 15 2 11.22 47.5 2 11.08 47.97 2 10.76 47.46
3 15 2 11.07 46.57 2 11.21 47.02 2 10.71 46.94
4 15 2 11.22 47.5 2 10.76 47.46 2 10.71 46.94 2 11.21 47.02
4 15 2 10.71 46.94 2 10.43 46.53 2 10.56 46.03 2 11.07 46.57
4 15 2 9.04 46.44 2 9.13 46.2 2 9.52 45.92 2 9.69 46.31
3 15 2 9.03 46.74 2 9.04 46.44 2 9.69 46.31
4 15 2 10.04 45.87 2 10.56 46.03 2 10.43 46.53 2 10.02 46.29
4 15 2 10.83 48.41 2 10.57 47.99 2 10.76 47.46 2 11.08 47.97
4 15 2 33.81 45.65 2 33.88 46.14 2 33.53 46.44 2 33.16 46.12
4 15 2 32.43 47.54 2 32.65 46.83 2 33.53 46.44 2 32.69 47.99
4 15 2 31.99 48.73 2 32.03 48.09 2 32.43 47.54 2 32.69 47.99
4 15 2 30.92 48.66 2 31.5 48.47 2 31.99 48.73 2 31.41 49.03
3 15 2 31.41 49.03 2 30.83 49.15 2 30.92 48.66
4 15 2 29.24 47.1 2 29.27 47.64 2 28.82 47.81 2 28.73 47.18
4 15 2 29.44 46.63 2 29.24 47.1 2 28.73 47.18 2 28.88 46.64
4 15 2 28.88 46.64 2 29.2 46.22 2 29.62 45.94 2 29.44 46.63
4 15 2 29.44 46.63 2 29.62 45.94 2 30.07 45.83 2 29.96 46.29
4 15 2 30.5 45.9 2 30.27 46.31 2 29.96 46.29 2 30.07 45.83
4 15 2 30.99 46.73 2 30.27 46.31 2 30.5 45.9 2 30.83 46.2
4 15 2 29.76 48.93 2 29.21 48.5 2 29.41 48.01 2 29.81 48.44
4 15 2 30.26 49.11 2 30.33 48.66 2 30.92 48.66 2 30.83 49.15
4 15 2 9.52 45.92 2 10.04 45.87 2 10.02 46.29 2 9.69 46.31
4 15 2 29.21 48.5 2 28.82 47.81 2 29.27 47.64 2 29.41 48.01
4 15 2 10.47 48.78 2 10.02 49.04 2 9.67 48.65 2 10.3 48.31
4 15 2 30.26 49.11 2 29.76 48.93 2 29.81 48.44 2 30.33 48.66
4 15 2 7.11 47.66 2 7.5 47.46 2 8.1 48.25 2 7.46 48.22
3 15 2 31.99 48.73 2 31.5 48.47 2 32.03 48.09
4 15 2 6.78 46.87 2 6.82 46.13 2 7.31 46.1 2 7.31 46.79
4 15 2 33.53 46.44 2 32.65 46.83 2 32.63 45.97 2 33.16 46.12
3 15 2 7.8 44.79 2 7.4 44.59 2 8.27 44.26
4 15 2 29.45 43.19 2 29.51 43.68 2 28.45 43.98 2 28.62 43.38
4 15 2 22.6 49.07 2 22.97 48.45 2 23.64 48.03 2 23.36 48.79
4 15 2 21.33 48.39 2 21.81 48.59 2 21.73 49.07 2 21.09 48.8
4 15 2 22.6 49.07 2 21.73 49.07 2 21.81 48.59 2 22.36 48.62
4 15 2 20 47.61 2 20.62 47.72 2 20.93 48.09 2 20.61 48.36
4 15 2 19.47 47.56 2 20 47.61 2 19.08 48.69 2 19.2 47.94
4 15 2 18.25 48.57 2 18.64 48.41 2 19.08 48.69 2 18.38 49.03
3 15 2 19.2 47.94 2 19.08 48.69 2 18.64 48.41
3 15 2 18.38 49.03 2 17.39 49.07 2 18.25 48.57
3 15 2 22.36 48.62 2 22.97 48.45 2 22.6 49.07
3 15 2 13.3 45.24 2 12.5 44.54 2 13.22 44.55
4 15 2 20.61 48.36 2 20.93 48.09 2 21.33 48.39 2 21.09 48.8
3 15 2 15.95 48.3 2 15.72 47.41 2 16.49 48.15
3 15 2 20.29 46.97 2 20.62 47.72 2 20 47.61
4 15 2 15.95 48.3 2 16.49 48.15 2 17.32 48.57 2 16.63 48.8
4 15 2 16.63 48.8 2 17.32 48.57 2 18.25 48.57 2 17.39 49.07
4 15 2 33.59 40.32 2 33.31 40.42 2 32.97 40.4 2 33.01 39.44
4 15 2 31.07 39.86 2 31.7 38.98 2 33.01 39.44 2 32.97 40.4
4 15 2 30.9 38.99 2 31.07 39.86 2 30.72 40.13 2 30.36 39.37
4 15 2 30.06 39.91 2 30.36 39.37 2 30.72 40.13 2 30.35 40.12
4 15 2 29.91 39.41 2 30.36 39.37 2 30.06 39.91 2 29.91 39.58
4 15 2 30.9 38.99 2 31.16 38.92 2 31.7 38.98 2 31.07 39.86
4 15 2 34.07 38.42 2 33.92 39.63 2 33.01 39.44 2 33.19 38.71
4 15 2 33.65 38.29 2 34.07 38.42 2 33.19 38.71 2 33.32 38.48
4 15 2 35.62 39.05 2 35.14 39.62 2 34.55 38.88 2 35.02 38.83
4 15 2 34.3 39.99 2 33.92 39.63 2 34.07 38.42 2 34.55 38.88
4 15 2 35.83 39.85 2 35.14 39.62 2 35.62 39.05 2 35.84 39.39
4 15 2 34.55 38.88 2 35.14 39.62 2 34.54 40.1 2 34.3 39.99
4 15 2 33.59 40.32 2 33.01 39.44 2 33.92 39.63 2 33.8 40.07
4 15 2 33.26 35.86 2 33.68 36.67 2 31.97 37.32 2 32.03 36.34
4 15 2 31.97 37.32 2 31.56 37.38 2 30.98 37.23 2 31.45 36.41
4 15 2 30.29 35.36 2 31.45 36.41 2 30.98 37.23 2 29.94 36.28
4 15 2 29.36 37.38 2 28.92 36.33 2 29.94 36.28 2 29.71 37.15
3 15 2 29.36 37.38 2 28.69 37.27 2 28.92 36.33
4 15 2 27.48 35.62 2 28.92 36.33 2 28.69 37.27 2 27.02 36.42
4 15 2 26.31 37.15 2 26.07 36.05 2 27.02 36.42 2 26.67 36.97
4 15 2 25.18 36.55 2 26.07 36.05 2 26.31 37.15 2 26.06 37.12
4 15 2 23.74 36.36 2 23.9 36.86 2 23.27 36.71 2 23.38 36.49
3 15 2 26.07 36.05 2 25.18 36.55 2 25.45 35.7
4 15 2 35.05 36.21 2 35.36 36.52 2 35.46 36.91 2 34.45 36.65
4 15 2 33.26 35.86 2 34.12 35.87 2 34.45 36.65 2 33.68 36.67
3 15 2 31.97 37.32 2 31.45 36.41 2 32.03 36.34
4 15 2 23.9 36.86 2 23.74 36.36 2 24.91 35.66 2 24.99 36.52
4 15 2 25.18 36.55 2 24.99 36.52 2 24.91 35.66 2 25.45 35.7
3 15 2 34.12 35.87 2 35.05 36.21 2 34.45 36.65
4 15 2 26.9 35.45 2 27.02 36.42 2 26.07 36.05 2 26.4 35.61
3 15 2 26.9 35.45 2 27.48 35.62 2 27.02 36.42
3 15 2 28.92 36.33 2 29.32 35.39 2 29.94 36.28
4 15 2 29.32 35.39 2 29.7 35.16 2 30.29 35.36 2 29.94 36.28
4 15 2 23.12 38.99 2 22.4 39.61 2 22.14 38.74 2 22.83 38.82
4 15 2 24.96 39.84 2 25.23 38.89 2 26.1 38.89 2 25.92 39.82
4 15 2 22.73 40.17 2 22.4 39.61 2 23.12 38.99 2 23.31 39.27
4 15 2 21.05 39.63 2 21.23 39.13 2 21.48 38.94 2 22.4 39.61
3 15 2 21.48 38.94 2 22.14 38.74 2 22.4 39.61
3 15 2 21.05 39.63 2 21.08 39.36 2 21.23 39.13
3 15 2 23 40.25 2 22.73 40.17 2 23.31 39.27
4 15 2 26.87 39.24 2 26.29 39.96 2 25.92 39.82 2 26.1 38.89
3 15 2 27.21 39.6 2 27.76 38.93 2 28.46 39.31
3 15 2 26.87 39.24 2 27.21 39.6 2 26.29 39.96
4 15 2 25.23 38.89 2 24.96 39.84 2 23 40.25 2 23.31 39.27
4 15 2 27.76 38.93 2 28.05 38.84 2 28.27 38.85 2 28.46 39.31
4 15 2 27.32 40.66 2 27.21 39.6 2 28.46 39.31 2 27.81 40.4
4 15 2 26.29 39.96 2 27.21 39.6 2 27.32 40.66 2 26.95 40.54
4 15 2 22.54 42.17 2 22.38 42.68 2 22.12 43.16 2 22.15 41.69
3 15 2 22.15 41.69 2 22.45 41.88 2 22.54 42.17
4 15 2 23.26 43.53 2 22.73 43.23 2 22.38 42.68 2 23.44 43.05
4 15 2 23.79 43.54 2 23.26 43.53 2 23.44 43.05 2 23.76 43.36
4 15 2 23 44.43 2 23.26 43.53 2 23.79 43.54 2 23.7 43.73
4 15 2 22.24 46.54 2 22.71 46.56 2 22.8 46.96 2 22.34 46.83
4 15 2 22.49 47.84 2 22.28 47.26 2 22.8 46.96 2 22.74 47.38
4 15 2 21.59 47.44 2 22.28 47.26 2 22.49 47.84 2 22.05 47.8
3 15 2 22.28 47.26 2 22.34 46.83 2 22.8 46.96
4 15 2 22.71 46.56 2 22.24 46.54 2 21.79 46.1 2 22.41 45.94
4 15 2 22.12 45.56 2 22.41 45.94 2 21.79 46.1 2 21.87 45.66
4 15 2 22.41 45.94 2 22.12 45.56 2 22.69 44.06 2 23 44.43
3 15 2 22.69 44.06 2 23.26 43.53 2 23 44.43
3 15 2 22.73 43.23 2 22.12 43.16 2 22.38 42.68
3 15 2 21.87 45.66 2 21.79 46.1 2 21.49 45.97
4 15 2 20.9 45.92 2 21.16 45.43 2 21.87 45.66 2 21.49 45.97
3 15 2 21.43 45.17 2 21.87 45.66 2 21.16 45.43
3 15 2 22.15 41.69 2 22.12 43.16 2 21.99 42.18
4 15 2 21.93 44.28 2 21.53 43.54 2 21.99 42.18 2 22.12 43.16
4 15 2 21.99 42.18 2 21.74 42.07 2 21.72 41.61 2 22.15 41.69
4 15 2 21.87 45.66 2 21.43 45.17 2 21.53 43.54 2 21.93 44.28
4 15 2 20 42.21 2 20.31 42.58 2 20.46 43.11 2 19.26 42.29
3 15 2 20.46 43.11 2 20.44 43.38 2 19.26 42.29
4 15 2 20.82 41.72 2 20.91 42.21 2 20.31 42.58 2 20 42.21
4 15 2 21.72 41.61 2 21.31 42.08 2 20.91 42.21 2 20.82 41.72
3 15 2 21.72 41.61 2 21.74 42.07 2 21.31 42.08
4 15 2 17.95 42.28 2 18.04 41.74 2 18.92 41.74 2 18.5 42.17
4 15 2 20 42.21 2 19.26 42.29 2 18.5 42.17 2 18.92 41.74
4 15 2 18.04 41.74 2 17.95 42.28 2 17.51 42.35 2 17.52 42.06
4 15 2 16.38 43.95 2 16.34 43.57 2 16.91 43.11 2 16.84 43.65
3 15 2 16.84 43.65 2 16.91 43.11 2 17.42 43.37
3 15 2 17.33 46.91 2 17.5 46.41 2 17.78 46.85
4 15 2 17.77 46.02 2 18.14 46.36 2 17.78 46.85 2 17.5 46.41
4 15 2 17.73 48.06 2 17.52 47.89 2 17.31 47.44 2 17.81 47.49
4 15 2 17.78 46.85 2 17.81 47.49 2 17.31 47.44 2 17.33 46.91
3 15 2 17.99 48.01 2 17.73 48.06 2 17.81 47.49
3 15 2 18.21 45.8 2 18.14 46.36 2 17.77 46.02
4 15 2 16.38 43.95 2 16.84 43.65 2 17.55 44.41 2 17.22 44.77
4 15 2 17.77 46.02 2 17.22 44.77 2 17.55 44.41 2 18.21 45.8
3 15 2 18.44 43.15 2 18.02 43.31 2 17.67 42.83
4 15 2 16.91 43.11 2 17.67 42.83 2 18.02 43.31 2 17.42 43.37
4 15 2 17.51 42.35 2 17.95 42.28 2 18.44 43.15 2 17.67 42.83
4 15 2 18.04 27.31 2 18.08 27.78 2 17.22 27.64 2 17.44 27.28
4 15 2 16.45 27.23 2 16.99 27.03 2 17.44 27.28 2 17.22 27.64
3 15 2 16.45 27.23 2 16.47 26.55 2 16.99 27.03
4 15 2 18.04 27.31 2 18.41 27.18 2 18.94 27.67 2 18.08 27.78
4 15 2 18.41 27.18 2 18.75 26.91 2 19.34 27.53 2 18.94 27.67
4 15 2 20.64 25.15 2 20.56 26 2 20.43 26.4 2 19.36 25.38
4 15 2 19.36 25.38 2 20.43 26.4 2 19.99 27.08 2 19.04 26.49
4 15 2 19.38 25.08 2 19.41 24.62 2 20.47 24.31 2 20.64 25.15
4 15 2 19.09 23.38 2 19.35 23.07 2 20.06 23.58 2 19.34 23.91
4 15 2 19.41 24.62 2 19.34 23.91 2 20.06 23.58 2 20.47 24.31
4 15 2 18.38 22.85 2 19.35 23.07 2 19.09 23.38 2 18.54 23.18
4 15 2 19.99 27.08 2 19.34 27.53 2 18.75 26.91 2 19.04 26.49
3 15 2 19.38 25.08 2 20.64 25.15 2 19.36 25.38
4 15 2 19.41 24.62 2 19.38 25.08 2 16.49 25.03 2 17.67 24.62
4 15 2 17.01 23.41 2 17.73 23.92 2 17.67 24.62 2 16.69 23.91
4 15 2 16.49 25.03 2 16.49 24.6 2 16.69 23.91 2 17.67 24.62
4 15 2 17.98 23.39 2 17.73 23.92 2 17.01 23.41 2 17.41 23.08
4 15 2 18.38 22.85 2 17.98 23.39 2 17.41 23.08 2 17.88 22.9
3 15 2 18.38 22.85 2 18.54 23.18 2 17.98 23.39
3 15 2 11.27 22.95 2 12.94 23.43 2 12.56 23.81
4 15 2 12.99 23.57 2 12.81 23.75 2 12.56 23.81 2 12.94 23.43
3 15 2 11.27 22.95 2 12.56 23.81 2 12.45 24.08
3 15 2 10.76 27.23 2 10.69 27.08 2 11.14 26.98
3 15 2 11.14 26.98 2 11.26 26.64 2 12.43 27.19
4 15 2 11.27 22.95 2 12.45 24.08 2 12.41 26.42 2 11.26 26.64
4 15 2 12.43 27.19 2 11.26 26.64 2 12.41 26.42 2 12.44 26.59
4 15 2 12.43 27.19 2 12.24 27.81 2 10.76 27.23 2 11.14 26.98
4 15 2 13.96 27.01 2 13.93 27.77 2 13.18 27.6 2 13.46 27.17
4 15 2 12.43 27.19 2 12.69 26.84 2 13.46 27.17 2 13.18 27.6
3 15 2 12.44 26.59 2 12.69 26.84 2 12.43 27.19
3 15 2 14.42 27.77 2 13.93 27.77 2 13.96 27.01
4 15 2 15.42 26.49 2 15.25 27.21 2 15.07 27.48 2 14.13 26.73
3 15 2 15.07 27.48 2 14.8 27.67 2 14.13 26.73
3 15 2 14.22 26.28 2 15.42 26.49 2 14.13 26.73
4 15 2 16.01 23.63 2 15.56 23.78 2 14.23 22.96 2 15.95 23.45
3 15 2 14.23 22.96 2 15.56 23.78 2 15.47 23.97
4 15 2 15.42 26.49 2 14.22 26.28 2 14.23 22.96 2 15.47 23.97
4 16 2 27.46 20.18 2 27.57 19.59 2 27.98 19.19 2 28.92 19.63
4 16 2 26.32 19.27 2 25.96 19.57 2 25.11 19.04 2 25.42 18.44
4 16 2 32.43 22.52 2 32.21 22.3 2 32.34 21.63 2 33.14 22.07
4 16 2 34.56 22.52 2 35.06 22.83 2 34.67 23.57 2 34.36 23.29
4 16 2 33.66 23.73 2 34.33 24.18 2 33.84 24.56 2 33.47 24.03
4 16 2 33.28 25.68 2 32.77 25.38 2 33.16 24.64 2 33.47 24.91
3 16 2 30.61 16.74 2 30.12 16.42 2 31.44 16.1
4 16 2 31.04 24.51 2 31.79 24.08 2 31.98 25.11 2 31.2 24.94
4 16 2 21.06 27.59 2 19.99 27.08 2 20.43 26.4 2 21.18 27.45
4 16 2 10.37 16.31 2 10.99 16.29 2 11.26 16.7 2 10.48 17.01
4 16 2 7.82 27.7 2 8.34 32.32 2 8.07 32.83 2 7.48 32.8
3 16 2 27.48 35.62 2 26.9 35.45 2 26.73 34.05
4 16 2 19.91 46.13 2 19.4 46.08 2 19.04 45.8 2 20.34 45.65
3 16 2 19.15 46.88 2 18.38 47.14 2 18.51 46.51
4 16 2 18.61 46.04 2 18.21 45.8 2 17.55 44.41 2 18.29 45.1
3 16 2 19.41 24.62 2 17.67 24.62 2 17.73 23.92
3 16 2 26.02 14.25 2 25.05 14.29 2 15.8 13.37
3 16 2 0 12.5 2 40 12.5 2 15.8 13.37
4 16 2 24.08 16.33 2 23.67 16.35 2 23.56 15.35 2 23.9 15.57
4 16 2 23.67 16.35 2 23.29 16.53 2 23.32 15.04 2 23.56 15.35
4 16 2 21.65 15.71 2 23.32 15.04 2 23.29 16.53 2 21.79 16.21
4 16 2 21.57 17.14 2 21.76 16.71 2 22.98 16.86 2 22.76 17.36
4 16 2 23.29 16.53 2 22.98 16.86 2 21.76 16.71 2 21.79 16.21
4 16 2 24.58 18.39 2 23.28 19.09 2 22.68 18.06 2 24.58 18.05
4 16 2 23.84 19.15 2 23.28 19.09 2 24.58 18.39 2 24.29 18.91
3 16 2 23.28 19.09 2 22.69 18.71 2 22.68 18.06
4 16 2 22.66 19.32 2 21.67 19.62 2 22.68 18.06 2 22.69 18.71
4 16 2 23.38 20.22 2 23.36 19.57 2 24.08 19.63 2 23.98 20.17
4 16 2 24.57 19.48 2 24.13 20.13 2 23.98 20.17 2 24.08 19.63
4 16 2 23.38 20.22 2 23.28 20.11 2 22.66 19.32 2 23.36 19.57
4 16 2 24.72 22.69 2 24.14 21.97 2 24.58 21.08 2 24.75 22.56
4 16 2 25.07 20.74 2 24.98 22.61 2 24.75 22.56 2 24.58 21.08
4 16 2 27.17 20.63 2 24.98 22.61 2 25.07 20.74 2 25.73 20.61
4 16 2 27.17 23.59 2 26.25 23.6 2 24.98 22.61 2 27.17 20.63
4 16 2 25.12 23.24 2 24.98 22.61 2 26.25 23.6 2 25.3 23.4
3 16 2 23.95 21.99 2 24.14 21.97 2 24.72 22.69
4 16 2 22.8 26.68 2 23.95 21.99 2 24.72 22.69 2 24.72 25
4 16 2 22.8 26.68 2 22.78 21.35 2 23.85 21.75 2 23.95 21.99
4 16 2 25.46 24.17 2 25.79 24.08 2 25.03 24.91 2 25.16 24.47
4 16 2 25.79 24.08 2 27.15 24.05 2 27.15 27.67 2 25.03 24.91
3 16 2 27.15 27.67 2 27.01 28.15 2 26.55 28.34
4 16 2 24.72 25 2 25.03 24.91 2 27.15 27.67 2 26.55 28.34
4 16 2 26.35 28.55 2 23.41 27.59 2 24.72 25 2 26.55 28.34
3 16 2 29.65 28.68 2 30.97 28.47 2 31.56 29.43
4 16 2 30.72 33.03 2 28.49 32.31 2 29.65 28.68 2 31.56 29.43
4 16 2 33.56 31.75 2 33 31.95 2 32.6 30.13 2 33.1 30.19
4 16 2 31.82 32.98 2 32.18 29.97 2 32.6 30.13 2 33 31.95
3 16 2 31.82 32.98 2 31.52 33.11 2 30.72 33.03
4 16 2 27.93 32.4 2 25.33 32.71 2 26.35 28.55 2 26.52 28.62
4 16 2 31.56 29.43 2 32.18 29.97 2 31.82 32.98 2 30.72 33.03
4 16 2 29.65 28.68 2 28.49 32.31 2 27.93 32.4 2 26.52 28.62
4 16 2 25.79 32.98 2 25.33 32.71 2 27.93 32.4 2 26.83 33.02
3 16 2 26.83 33.02 2 25.94 33.27 2 25.79 32.98
4 16 2 22.87 32.38 2 26.35 28.55 2 25.33 32.71 2 24.73 32.75
3 16 2 24.73 32.75 2 23.49 33.09 2 23.18 32.64
4 16 2 22.87 32.38 2 23.22 27.7 2 23.41 27.59 2 26.35 28.55
3 16 2 24.73 32.75 2 23.18 32.64 2 22.87 32.38
4 16 2 22.87 32.38 2 22.55 32.28 2 21.51 27.71 2 23.22 27.7
4 16 2 24.72 25 2 23.41 27.59 2 22.93 27.31 2 22.8 26.68
4 16 2 23.85 21.75 2 22.78 21.35 2 22.84 20.47 2 23.4 20.36
3 16 2 7.5 17.21 2 6.96 15.87 2 7.81 16.5
4 16 2 8.3 15.85 2 7.81 16.5 2 6.96 15.87 2 7.58 15.56
4 16 2 8.97 15.39 2 8.3 15.85 2 7.58 15.56 2 7.94 15.04
3 16 2 23.92 20.35 2 23.85 21.75 2 23.4 20.36
4 16 2 23.98 20.17 2 23.92 20.35 2 23.4 20.36 2 23.38 20.22
3 16 2 22.66 19.32 2 23.28 20.11 2 21.67 19.62
3 16 2 21.57 17.14 2 22.76 17.36 2 22.68 18.06
4 16 2 23.32 15.04 2 21.65 15.71 2 21.36 15.27 2 23.24 14.68
3 16 2 23.24 14.68 2 21.36 15.27 2 20.92 14.96
4 16 2 15.8 13.37 2 23.24 14.68 2 20.92 14.96 2 20.33 14.85
4 16 2 7.94 15.04 2 8.04 14.4 2 9.37 15.27 2 8.97 15.39
4 16 2 10.51 15.36 2 9.81 15.24 2 8.04 14.4 2 7.74 13.33
3 16 2 9.37 15.27 2 8.04 14.4 2 9.81 15.24
3 16 2 18.71 15.72 2 18.32 16.7 2 17.1 15.95
3 16 2 16.49 15.79 2 15.66 15.75 2 15.91 14.75
4 16 2 15.91 14.75 2 19.04 15.32 2 18.71 15.72 2 17.1 15.95
3 16 2 17.1 15.95 2 16.49 15.79 2 15.91 14.75
4 16 2 15.91 14.75 2 15.8 13.37 2 19.61 14.99 2 19.04 15.32
3 16 2 20.33 14.85 2 19.61 14.99 2 15.8 13.37
4 16 2 14.64 13.77 2 14.19 14.47 2 11.05 15.64 2 10.51 15.36
4 16 2 15.16 13.41 2 14.64 13.77 2 10.51 15.36 2 7.74 13.33
4 16 2 0 12.5 2 15.8 13.37 2 15.16 13.41 2 7.74 13.33
4 16 2 14.19 14.47 2 14.09 15.11 2 11.44 16.05 2 11.05 15.64
4 16 2 11.44 16.05 2 14.09 15.11 2 14.36 16.12 2 13.65 16.58
4 16 2 11.44 16.05 2 13.65 16.58 2 12.97 17.43 2 11.7 16.59
4 16 2 9.54 21.53 2 10.29 20.96 2 11.03 21.58 2 10.38 21.7
4 16 2 11.51 21.23 2 11.03 21.58 2 10.29 20.96 2 10.53 20.52
4 16 2 11.51 21.23 2 10.53 20.52 2 10.62 20.03 2 11.86 20.71
3 16 2 11.8 17.27 2 11.7 16.59 2 12.97 17.43
3 16 2 11.86 20.71 2 10.62 20.03 2 10.56 19.54
3 16 2 11.68 17.91 2 11.8 17.27 2 12.97 17.43
3 16 2 11.45 18.26 2 11.68 17.91 2 12.97 17.43
4 16 2 12.97 17.43 2 11.86 20.71 2 10.56 19.54 2 11.45 18.26
4 16 2 10.76 18.03 2 11.45 18.26 2 10.56 19.54 2 10.31 19.11
3 16 2 10.31 19.11 2 9.9 18.84 2 10.76 18.03
4 16 2 9.41 18.74 2 10.19 17.44 2 10.76 18.03 2 9.9 18.84
3 16 2 9.41 18.74 2 8.92 18.82 2 8.07 17
4 16 2 8.92 15.93 2 9.38 15.76 2 9.97 15.71 2 9.93 16.82
4 16 2 9.41 18.74 2 8.07 17 2 9.93 16.82 2 10.19 17.44
4 16 2 7.37 19.12 2 8.07 17 2 8.92 18.82 2 8.49 19.08
4 16 2 8.92 15.93 2 9.93 16.82 2 8.07 17 2 8.56 16.21
4 16 2 8.25 20.98 2 7.67 20.78 2 6.76 20.17 2 8.1 19.97
4 16 2 8.2 19.48 2 8.1 19.97 2 6.76 20.17 2 7.37 19.12
3 16 2 8.49 19.08 2 8.2 19.48 2 7.37 19.12
3 16 2 0 12.5 2 7.74 13.33 2 7.21 13.42
3 16 2 35.68 49.17 2 40 50 2 30.83 49.15
4 16 2 30.26 49.11 2 30.83 49.15 2 40 50 2 22.6 49.07
4 16 2 7.21 13.42 2 6.77 13.72 2 4.45 14.63 2 0 12.5
4 16 2 6.44 14.18 2 4.97 14.61 2 4.45 14.63 2 6.77 13.72
3 16 2 6.44 14.18 2 6.16 15.01 2 4.97 14.61
4 16 2 35.78 47.69 2 34.96 48.35 2 34.87 47.96 2 35.08 47.64
4 16 2 35.64 48.69 2 35.25 48.6 2 34.96 48.35 2 35.78 47.69
4 16 2 36.42 48.23 2 36.11 48.55 2 35.64 48.69 2 35.78 47.69
4 16 2 36.56 47.29 2 36.57 47.79 2 36.42 48.23 2 35.78 47.69
4 16 2 35.43 47.12 2 36.41 46.78 2 36.56 47.29 2 35.72 47.35
3 16 2 36.11 46.34 2 36.41 46.78 2 35.43 47.12
4 16 2 35.43 47.12 2 35.04 47.15 2 34.39 45.93 2 35.09 45.85
4 16 2 36.11 46.34 2 35.43 47.12 2 35.09 45.85 2 35.67 46.01
4 16 2 34.48 47.65 2 33.53 46.44 2 33.88 46.14 2 34.71 47.35
4 16 2 35.04 47.15 2 34.71 47.35 2 33.88 46.14 2 34.39 45.93
3 16 2 36.56 47.29 2 35.78 47.69 2 35.72 47.35
4 16 2 29.24 47.1 2 29.44 46.63 2 29.96 46.29 2 30.27 46.31
3 16 2 30.27 46.31 2 30.99 46.73 2 29.24 47.1
4 16 2 29.24 47.1 2 30.99 46.73 2 29.41 48.01 2 29.27 47.64
4 16 2 30.92 48.66 2 30.33 48.66 2 29.81 48.44 2 30.99 46.73
3 16 2 29.81 48.44 2 29.41 48.01 2 30.99 46.73
3 16 2 31.5 48.47 2 30.92 48.66 2 30.99 46.73
4 16 2 31.5 48.47 2 30.99 46.73 2 32.43 47.54 2 32.03 48.09
4 16 2 32.43 47.54 2 30.99 46.73 2 32.63 45.97 2 32.65 46.83
4 16 2 30.38 43.66 2 31.42 44 2 32.13 44.69 2 30.5 45.9
4 16 2 30.5 45.9 2 30.07 45.83 2 29.51 43.68 2 30.38 43.66
4 16 2 29.62 45.94 2 29.2 46.22 2 27.54 44.51 2 28.45 43.98
4 16 2 29.2 46.22 2 28.88 46.64 2 26.73 45.2 2 27.54 44.51
4 16 2 32.63 45.97 2 30.83 46.2 2 30.5 45.9 2 32.13 44.69
3 16 2 19.08 48.69 2 20 47.61 2 20.61 48.36
4 16 2 20.61 48.36 2 21.09 48.8 2 18.38 49.03 2 19.08 48.69
3 16 2 18.38 49.03 2 21.09 48.8 2 21.73 49.07
3 16 2 17.39 49.07 2 18.38 49.03 2 21.73 49.07
4 16 2 40 50 2 0 50 2 17.39 49.07 2 21.73 49.07
3 16 2 21.73 49.07 2 22.6 49.07 2 40 50
4 16 2 11.57 44 2 12.5 44.54 2 11.07 46.57 2 10.56 46.03
4 16 2 10.04 45.87 2 10.48 43.68 2 11.57 44 2 10.56 46.03
3 16 2 9.62 43.67 2 10.48 43.68 2 10.04 45.87
4 16 2 7.8 44.79 2 8.27 44.26 2 8.88 43.88 2 9.52 45.92
4 16 2 9.04 46.44 2 7.31 46.1 2 7.47 45.42 2 9.13 46.2
4 16 2 9.52 45.92 2 9.13 46.2 2 7.47 45.42 2 7.8 44.79
4 16 2 8.1 48.25 2 7.5 47.46 2 7.31 46.79 2 9.03 46.74
4 16 2 7.31 46.1 2 9.04 46.44 2 9.03 46.74 2 7.31 46.79
4 16 2 9.67 48.65 2 9 48.66 2 8.1 48.25 2 9.03 46.74
4 16 2 10.57 47.99 2 10.3 48.31 2 9.67 48.65 2 9.03 46.74
4 16 2 10.71 46.94 2 10.76 47.46 2 10.57 47.99 2 9.03 46.74
4 16 2 10.71 46.94 2 9.69 46.31 2 10.02 46.29 2 10.43 46.53
3 16 2 9.03 46.74 2 9.69 46.31 2 10.71 46.94
4 16 2 8.88 43.88 2 9.62 43.67 2 10.04 45.87 2 9.52 45.92
3 16 2 32.63 45.97 2 30.99 46.73 2 30.83 46.2
4 16 2 28.45 43.98 2 29.51 43.68 2 30.07 45.83 2 29.62 45.94
4 16 2 29.76 48.93 2 23.36 48.79 2 24.05 48.28 2 29.21 48.5
3 16 2 26.73 45.2 2 28.88 46.64 2 28.73 47.18
4 16 2 26.73 45.2 2 28.73 47.18 2 28.82 47.81 2 24.05 48.28
3 16 2 24.05 48.28 2 28.82 47.81 2 29.21 48.5
4 16 2 30.26 49.11 2 22.6 49.07 2 23.36 48.79 2 29.76 48.93
4 16 2 33.53 46.44 2 34.48 47.65 2 34.4 48.03 2 32.69 47.99
3 16 2 32.69 47.99 2 34.4 48.03 2 34.48 48.4
4 16 2 34.68 48.73 2 35.03 49.03 2 31.41 49.03 2 31.99 48.73
4 16 2 32.69 47.99 2 34.48 48.4 2 34.68 48.73 2 31.99 48.73
4 16 2 35.68 49.17 2 30.83 49.15 2 31.41 49.03 2 35.03 49.03
3 16 2 0 12.5 2 4.45 14.63 2 3.97 14.79
3 16 2 0 12.5 2 3.97 14.79 2 3.53 15.08
3 16 2 0 12.5 2 3.53 15.08 2 3.21 15.48
4 16 2 9.48 49.17 2 10.02 49.04 2 16.63 48.8 2 17.39 49.07
3 16 2 17.39 49.07 2 0 50 2 9.48 49.17
3 16 2 0 12.5 2 3.21 15.48 2 3.05 15.97
3 16 2 0 12.5 2 3.05 15.97 2 3.06 16.48
4 16 2 5.68 32.27 2 0 12.5 2 3.06 16.48 2 3.21 16.97
4 16 2 12.5 44.54 2 13.3 45.24 2 11.21 47.02 2 11.07 46.57
3 16 2 11.21 47.02 2 13.3 45.24 2 11.22 47.5
4 16 2 6.4 24.43 2 5.68 32.27 2 3.21 16.97 2 3.52 17.39
4 16 2 3.95 17.65 2 6.36 23.02 2 6.4 24.43 2 3.52 17.39
4 16 2 10.83 48.41 2 15.95 48.3 2 16.63 48.8 2 10.47 48.78
4 16 2 13.3 45.24 2 15.95 48.3 2 11.08 47.97 2 11.22 47.5
4 16 2 6.23 19.99 2 4.47 17.66 2 4.92 17.42 2 6.77 19.19
3 16 2 11.08 47.97 2 15.95 48.3 2 10.83 48.41
4 16 2 4.7 16.39 2 4.75 16.89 2 4.37 17.2 2 4.51 16.26
4 16 2 3.54 16.67 2 4.51 16.26 2 4.37 17.2 2 3.85 17.06
3 16 2 3.54 16.67 2 3.5 16.16 2 4.51 16.26
3 16 2 3.68 15.68 2 4.02 15.31 2 4.46 16.04
4 16 2 4.92 16.05 2 4.69 16 2 4.49 15.11 2 5 15.09
4 16 2 5.98 15.47 2 4.92 16.05 2 5 15.09 2 5.5 15.21
4 16 2 6.79 16.59 2 5.23 16.46 2 5.98 15.47 2 6.4 15.9
4 16 2 4.92 17.42 2 5.2 16.98 2 6.79 16.59 2 7.05 17.85
3 16 2 6.79 16.59 2 5.2 16.98 2 5.23 16.46
4 16 2 7.05 17.85 2 6.93 18.75 2 6.77 19.19 2 4.92 17.42
4 16 2 4.02 15.31 2 4.49 15.11 2 4.69 16 2 4.46 16.04
3 16 2 5.98 15.47 2 5.23 16.46 2 4.92 16.05
4 16 2 4.47 17.66 2 6.23 19.99 2 6.27 20.31 2 3.95 17.65
4 16 2 3.68 15.68 2 4.46 16.04 2 4.51 16.26 2 3.5 16.16
3 16 2 6.76 20.75 2 7.43 21.17 2 6.69 22.86
4 16 2 6.69 22.86 2 7.43 21.17 2 8.14 22.83 2 7.28 22.99
3 16 2 8.14 22.83 2 8.12 23.83 2 7.75 23.34
3 16 2 8.14 22.83 2 7.75 23.34 2 7.28 22.99
4 16 2 6.69 22.86 2 6.44 22.9 2 6.27 20.31 2 6.76 20.75
3 16 2 10.02 49.04 2 10.47 48.78 2 16.63 48.8
4 16 2 3.95 17.65 2 6.27 20.31 2 6.44 22.9 2 6.36 23.02
4 16 2 4.26 49.16 2 8.86 49.12 2 9.48 49.17 2 0 50
4 16 2 7.85 24.22 2 6.62 24.36 2 6.92 23.97 2 7.35 23.97
4 16 2 7.68 27.41 2 6.4 24.43 2 6.62 24.36 2 8.09 27.08
3 16 2 5.68 32.27 2 6.4 24.43 2 7.46 27.59
4 16 2 4.26 49.16 2 4.85 49.08 2 8.34 48.94 2 8.86 49.12
4 16 2 8.09 27.08 2 6.62 24.36 2 7.85 24.22 2 8.11 24.7
3 16 2 8.09 27.08 2 7.96 27.33 2 7.68 27.41
3 16 2 6.29 46.28 2 6.78 46.87 2 5.44 47.55
4 16 2 7.11 47.66 2 5.57 47.86 2 5.44 47.55 2 6.78 46.87
3 16 2 4.86 45.85 2 5.42 45.87 2 4.96 47.15
4 16 2 5.44 47.55 2 4.96 47.15 2 5.42 45.87 2 6.29 46.28
4 16 2 3.61 46.68 2 3.93 46.29 2 4.35 46 2 4.44 47.16
4 16 2 3.37 47.6 2 3.42 47.13 2 3.61 46.68 2 4.27 47.36
3 16 2 4.27 47.36 2 3.61 46.68 2 4.44 47.16
4 16 2 3.5 48.05 2 4.21 47.7 2 4.3 48.69 2 3.82 48.46
4 16 2 4.3 48.69 2 4.21 47.7 2 4.91 48.5 2 4.53 48.69
3 16 2 4.95 47.63 2 5.09 48.12 2 4.62 47.59
4 16 2 5.09 48.12 2 4.91 48.5 2 4.21 47.7 2 4.62 47.59
4 16 2 3.5 48.05 2 3.37 47.6 2 4.27 47.36 2 4.21 47.7
4 16 2 4.86 45.85 2 4.96 47.15 2 4.44 47.16 2 4.35 46
4 16 2 5.37 48.64 2 5.56 48.23 2 7.11 47.66 2 7.46 48.22
4 16 2 7.48 32.8 2 5.68 32.27 2 7.46 27.59 2 7.82 27.7
3 16 2 7.68 27.41 2 7.46 27.59 2 6.4 24.43
3 16 2 7.46 48.22 2 7.93 48.7 2 5.37 48.64
4 16 2 0 12.5 2 5.68 32.27 2 5.85 39.98 2 0 50
3 16 2 5.68 32.27 2 5.83 32.65 2 5.85 39.98
3 16 2 5.57 47.86 2 7.11 47.66 2 5.56 48.23
4 16 2 6.32 33.13 2 7.24 35.88 2 5.85 39.98 2 5.83 32.65
4 16 2 6.32 33.13 2 7.15 33.57 2 7.45 35.77 2 7.24 35.88
4 16 2 9.92 33.28 2 8.46 33.65 2 9.03 33.03 2 9.24 33.05
4 16 2 8.34 48.94 2 4.85 49.08 2 5.37 48.64 2 7.93 48.7
4 16 2 8.46 33.65 2 9.92 33.28 2 9.82 34.89 2 9.57 34.92
3 16 2 9.3 35.2 2 9.2 36.18 2 7.9 35.73
3 16 2 9.57 34.92 2 9.3 35.2 2 8.46 33.65
4 16 2 7.8 33.76 2 8.46 33.65 2 9.3 35.2 2 7.9 35.73
4 16 2 7.15 33.57 2 7.8 33.76 2 7.9 35.73 2 7.45 35.77
3 16 2 3.97 49.09 2 4.26 49.16 2 0 50
3 16 2 3.44 48.77 2 3.97 49.09 2 0 50
3 16 2 3.08 48.25 2 3.44 48.77 2 0 50
4 16 2 6.97 39.13 2 6.76 39.21 2 7.24 35.88 2 7.53 36.29
4 16 2 6.45 39.92 2 5.85 39.98 2 7.24 35.88 2 6.76 39.21
3 16 2 2.97 47.87 2 3.08 48.25 2 0 50
3 16 2 2.93 47.5 2 2.97 47.87 2 0 50
4 16 2 10.01 37.94 2 9.63 37.05 2 9.9 36.88 2 10.29 37.05
4 16 2 10.01 37.94 2 10.29 37.05 2 10.56 37.02 2 10.55 37.89
4 16 2 9.62 38.32 2 9.3 37.09 2 9.63 37.05 2 10.01 37.94
4 16 2 9.47 38.88 2 8.92 37.04 2 9.3 37.09 2 9.62 38.32
4 16 2 6.97 39.13 2 9.47 38.88 2 9.44 39.91 2 8.38 39.73
4 16 2 9.47 38.88 2 6.97 39.13 2 8.16 36.74 2 8.92 37.04
3 16 2 8.16 36.74 2 6.97 39.13 2 7.53 36.29
3 16 2 3.05 46.81 2 2.93 47.5 2 0 50
3 16 2 7.4 44.59 2 6.82 46.13 2 6.07 45.62
4 16 2 6.71 40.74 2 7.97 43.83 2 7.4 44.59 2 6.3 40.72
4 16 2 6.3 40.72 2 7.4 44.59 2 6.07 45.62 2 5.07 45.39
4 16 2 6.91 40.65 2 8.38 43.52 2 7.97 43.83 2 6.71 40.74
3 16 2 9.54 43.18 2 8.9 43.3 2 8.69 40.76
4 16 2 6.91 40.65 2 8.69 40.76 2 8.9 43.3 2 8.38 43.52
3 16 2 8.69 40.76 2 9.72 40.68 2 10.04 40.94
3 16 2 6.91 40.65 2 7.24 40.29 2 8.69 40.76
4 16 2 4.35 45.5 2 5.98 40.47 2 6.3 40.72 2 5.07 45.39
4 16 2 5.85 39.98 2 5.98 40.47 2 4.35 45.5 2 3.55 45.99
4 16 2 3.05 46.81 2 0 50 2 5.85 39.98 2 3.55 45.99
3 16 2 40 50 2 35.68 49.17 2 36.45 48.85
3 16 2 40 50 2 36.45 48.85 2 36.88 48.28
3 16 2 34.37 14.56 2 33.62 14.42 2 40 12.5
3 16 2 35.03 14.87 2 34.37 14.56 2 40 12.5
3 16 2 40 50 2 36.88 48.28 2 37.08 47.49
3 16 2 40 50 2 37.08 47.49 2 36.99 46.88
3 16 2 35.72 15.56 2 35.03 14.87 2 40 12.5
3 16 2 36.13 16.56 2 35.72 15.56 2 40 12.5
4 16 2 36.93 25.64 2 37.03 24.74 2 40 12.5 2 40 50
4 16 2 36.99 46.88 2 36.72 46.33 2 35.83 39.85 2 40 50
3 16 2 40 50 2 35.83 39.85 2 35.84 39.39
4 16 2 36.69 22.1 2 36.17 17.36 2 36.13 16.56 2 40 12.5
4 16 2 36.31 21.66 2 36.02 18.06 2 36.17 17.36 2 36.69 22.1
3 16 2 36.72 46.33 2 36.31 45.89 2 35.83 39.85
3 16 2 36.31 45.89 2 35.77 45.57 2 35.83 39.85
3 16 2 35.73 18.64 2 36.02 18.06 2 36.31 21.66
3 16 2 36.69 22.1 2 40 12.5 2 37.02 22.91
4 16 2 34.54 40.1 2 35.83 39.85 2 35.77 45.57 2 35.15 45.4
4 16 2 35.31 19.1 2 35.89 21.41 2 33.86 20.74 2 34.79 19.43
3 16 2 33.86 20.74 2 34.19 19.62 2 34.79 19.43
4 16 2 35.31 19.1 2 35.73 18.64 2 36.31 21.66 2 35.89 21.41
4 16 2 33.59 40.32 2 34.54 40.1 2 35.15 45.4 2 34.49 45.42
4 16 2 33.81 45.65 2 33.31 40.42 2 33.59 40.32 2 34.49 45.42
3 16 2 37.03 24.74 2 37.02 22.91 2 40 12.5
4 16 2 33.8 40.07 2 34.3 39.99 2 34.54 40.1 2 33.59 40.32
3 16 2 33.8 40.07 2 33.92 39.63 2 34.3 39.99
3 16 2 34.54 40.1 2 35.14 39.62 2 35.83 39.85
4 16 2 33.32 27.49 2 33.01 28.15 2 32.15 27.81 2 32.65 27.33
4 16 2 33.86 27.47 2 33.38 28.54 2 33.01 28.15 2 33.32 27.49
4 16 2 33.38 28.54 2 33.86 27.47 2 35.92 26.82 2 33.69 29.36
4 16 2 35.59 33.12 2 35.33 32.86 2 35.92 26.82 2 36.25 26.62
4 16 2 33.69 29.36 2 35.92 26.82 2 35.33 32.86 2 33.69 30.11
4 16 2 33.83 31.85 2 33.56 31.75 2 33.1 30.19 2 33.69 30.11
4 16 2 35.71 33.46 2 35.59 33.12 2 36.25 26.62 2 36.63 26.22
3 16 2 34.99 32.7 2 34.34 32.62 2 34.09 32.12
3 16 2 34.09 32.12 2 33.83 31.85 2 33.69 30.11
4 16 2 35.33 32.86 2 34.99 32.7 2 34.09 32.12 2 33.69 30.11
4 16 2 40 50 2 35.71 33.46 2 36.63 26.22 2 36.93 25.64
3 16 2 40 50 2 35.84 39.39 2 35.71 33.46
4 16 2 34.61 33.21 2 35.06 33.24 2 35.71 33.46 2 34.34 34.39
4 16 2 35.62 39.05 2 35.46 36.91 2 35.71 33.46 2 35.84 39.39
4 16 2 35.46 36.91 2 35.02 38.83 2 34.55 38.88 2 34.07 38.42
4 16 2 35.05 36.21 2 34.12 35.87 2 34.09 34.59 2 34.34 34.39
4 16 2 35.36 36.52 2 35.05 36.21 2 34.34 34.39 2 35.71 33.46
3 16 2 35.62 39.05 2 35.02 38.83 2 35.46 36.91
4 16 2 35.46 36.91 2 34.07 38.42 2 33.65 38.29 2 34.45 36.65
3 16 2 33.65 38.29 2 33.68 36.67 2 34.45 36.65
4 16 2 33.46 32.82 2 33.58 34.21 2 32.37 33.73 2 33.13 32.99
4 16 2 33.84 34.55 2 33.26 35.86 2 32.37 33.73 2 33.58 34.21
4 16 2 32.03 36.34 2 31.64 34.05 2 32.37 33.73 2 33.26 35.86
3 16 2 31.07 34.05 2 31.64 34.05 2 30.29 35.36
4 16 2 32.03 36.34 2 31.45 36.41 2 30.29 35.36 2 31.64 34.05
4 16 2 28.68 33.31 2 30.32 33.9 2 30.29 35.36 2 29.7 35.16
3 16 2 30.32 33.9 2 31.07 34.05 2 30.29 35.36
4 16 2 34.09 34.59 2 34.12 35.87 2 33.26 35.86 2 33.84 34.55
3 16 2 35.71 33.46 2 35.46 36.91 2 35.36 36.52
4 16 2 28.92 16.42 2 26.99 15.08 2 31.45 14.77 2 29.5 16.31
3 16 2 40 12.5 2 33.62 14.42 2 32.91 14.45
3 16 2 28.92 16.42 2 28.69 16.57 2 27.59 16.46
4 16 2 15.8 13.37 2 40 12.5 2 32.91 14.45 2 26.02 14.25
4 16 2 26.65 14.52 2 26.02 14.25 2 32.91 14.45 2 31.45 14.77
4 16 2 28.92 16.42 2 27.59 16.46 2 27.17 16.42 2 26.99 15.08
3 16 2 26.99 15.08 2 26.65 14.52 2 31.45 14.77
4 16 2 28.37 17.35 2 27.16 17.41 2 27.18 16.92 2 27.62 16.78
4 16 2 28.69 16.57 2 28.53 16.78 2 27.62 16.78 2 27.59 16.46
4 16 2 27.57 19.59 2 27.22 19.21 2 27.16 17.41 2 27.98 19.19
3 16 2 29.24 20.21 2 27.46 20.18 2 28.92 19.63
3 16 2 27.62 16.78 2 28.53 16.78 2 28.37 17.35
4 16 2 27.16 17.41 2 28.37 17.35 2 28.33 19.07 2 27.98 19.19
3 16 2 25.12 15.25 2 25.43 14.76 2 26.4 15.28
4 16 2 26.26 14.83 2 26.4 15.28 2 25.43 14.76 2 25.81 14.65
3 16 2 26.4 15.28 2 26.38 16.43 2 25.66 16.45
4 16 2 25.36 16.56 2 25.12 15.25 2 26.4 15.28 2 25.66 16.45
3 16 2 26.39 16.89 2 26.39 19.07 2 25.45 17.67
4 16 2 24.86 16.65 2 24.52 15.68 2 25.12 15.25 2 25.36 16.56
4 16 2 24.13 20.13 2 25.96 19.57 2 27.57 19.59 2 27.46 20.18
4 16 2 26.39 16.89 2 25.45 17.67 2 25.17 16.97 2 25.5 16.87
4 16 2 26.32 19.27 2 25.42 18.44 2 25.45 17.67 2 26.39 19.07
4 16 2 24.13 20.13 2 24.57 19.48 2 25.11 19.04 2 25.96 19.57
4 16 2 25.01 14.96 2 25.12 15.25 2 24.52 15.68 2 24.59 15.39
4 16 2 15.8 13.37 2 25.05 14.29 2 23.92 14.69 2 23.24 14.68
3 16 2 24.59 15.39 2 24.08 15.09 2 25.01 14.96
4 16 2 25.05 14.29 2 25.01 14.96 2 24.08 15.09 2 23.92 14.69
4 16 2 24.49 16.43 2 24.08 16.33 2 23.9 15.57 2 24.52 15.68
3 16 2 24.86 16.65 2 24.49 16.43 2 24.52 15.68
4 16 2 25.5 16.87 2 25.17 16.97 2 24.86 16.65 2 25.36 16.56
4 16 2 23.95 16.75 2 24.31 16.87 2 24.58 17.29 2 23.63 16.98
4 16 2 23.63 16.98 2 24.58 17.29 2 24.63 17.6 2 23.49 17.6
3 16 2 33.16 29.11 2 33.26 29.73 2 32.65 29.64
4 16 2 33.16 29.11 2 32.65 29.64 2 32.07 29.34 2 32.87 28.67
4 16 2 32.87 28.67 2 32.07 29.34 2 31.69 28.85 2 32.43 28.41
3 16 2 31.69 28.85 2 31.5 28.35 2 32.43 28.41
4 16 2 32.99 26.96 2 33.16 26.17 2 34 26.99 2 33.5 27.08
3 16 2 32.99 26.96 2 32.53 26.71 2 33.16 26.17
4 16 2 32.43 25.71 2 33.16 26.17 2 32.53 26.71 2 32.2 26.33
3 16 2 32.2 26.33 2 32.17 26.01 2 32.43 25.71
4 16 2 34.22 26.74 2 34 26.99 2 33.16 26.17 2 34.23 26.29
3 16 2 35.83 26.33 2 35.14 26.48 2 34.91 26.06
3 16 2 35.55 25.56 2 36.08 24.48 2 36.58 25.16
4 16 2 36.17 26.02 2 35.83 26.33 2 34.91 26.06 2 35.55 25.56
4 16 2 36.58 25.16 2 36.44 25.6 2 36.17 26.02 2 35.55 25.56
4 16 2 36.46 24.55 2 36.58 24.72 2 36.58 25.16 2 36.08 24.48
4 16 2 35.12 21.76 2 35.35 21.71 2 35.64 21.79 2 34.93 22.11
4 16 2 34.93 22.11 2 35.64 21.79 2 36.05 22.08 2 35.61 22.8
3 16 2 36.05 22.08 2 36.41 22.54 2 35.61 22.8
4 16 2 36.01 23.73 2 35.61 22.8 2 36.41 22.54 2 36.58 23.1
3 16 2 36.58 23.1 2 36.42 23.68 2 36.01 23.73
4 16 2 33.14 22.07 2 33.74 21.16 2 34.2 21.34 2 34.23 21.89
3 16 2 33.24 21.2 2 33.74 21.16 2 33.14 22.07
3 16 2 32.13 22.07 2 32.34 21.63 2 32.21 22.3
4 16 2 33.24 21.2 2 33.14 22.07 2 32.34 21.63 2 32.77 21.35
4 16 2 34.82 23.96 2 34.67 23.57 2 35.06 22.83 2 35.42 23.3
4 16 2 35.55 24.46 2 34.82 23.96 2 35.42 23.3 2 35.58 23.87
4 16 2 34.82 23.96 2 35.55 24.46 2 35.35 25.01 2 34.79 24.37
4 16 2 34.79 24.37 2 35.35 25.01 2 34.97 25.46 2 34.61 24.74
4 16 2 34.44 25.74 2 34.28 24.98 2 34.61 24.74 2 34.97 25.46
4 16 2 34.28 24.98 2 34.44 25.74 2 33.86 25.8 2 33.87 25.03
4 16 2 33.98 22.39 2 34.56 22.52 2 34.36 23.29 2 33.96 23.17
4 16 2 34.33 24.18 2 33.66 23.73 2 34 23.63 2 34.29 23.82
3 16 2 34.33 24.18 2 34.19 24.51 2 33.84 24.56
3 16 2 33.84 24.56 2 33.52 24.37 2 33.47 24.03
4 16 2 33.86 25.8 2 33.28 25.68 2 33.47 24.91 2 33.87 25.03
3 16 2 32.77 25.38 2 32.4 24.92 2 33.16 24.64
4 16 2 32.24 24.36 2 33.01 24.25 2 33.16 24.64 2 32.4 24.92
3 16 2 32.88 22.76 2 33.4 22.47 2 33.56 23.23
4 16 2 32.51 23.22 2 32.88 22.76 2 33.56 23.23 2 33.22 23.47
4 16 2 33.56 23.23 2 33.4 22.47 2 33.98 22.39 2 33.96 23.17
4 16 2 32.24 24.36 2 32.29 23.77 2 33.04 23.84 2 33.01 24.25
4 16 2 32.29 23.77 2 32.51 23.22 2 33.22 23.47 2 33.04 23.84
3 16 2 30.69 24.97 2 32.17 27.08 2 31.73 27.47
4 16 2 29.8 28.22 2 30.69 24.97 2 31.73 27.47 2 30.76 27.99
4 16 2 28.55 28.04 2 28.47 27.77 2 29.8 28.22 2 29.01 28.22
4 16 2 28.61 20.58 2 29.09 20.43 2 28.42 21.6 2 28.44 21.1
4 16 2 30.63 23.48 2 28.42 21.6 2 29.09 20.43 2 30.87 22.97
4 16 2 28.39 25.48 2 28.42 21.6 2 30.63 23.48 2 30.53 24.08
4 16 2 28.92 19.63 2 29.15 19.43 2 29.96 19.61 2 29.24 20.21
4 16 2 30.87 22.97 2 29.09 20.43 2 29.24 20.21 2 31.9 21.48
3 16 2 30.53 24.08 2 30.69 24.97 2 28.39 25.48
4 16 2 28.47 27.77 2 28.39 25.48 2 30.69 24.97 2 29.8 28.22
4 16 2 31.9 21.48 2 29.24 20.21 2 29.96 19.61 2 30.39 19.59
3 16 2 30.39 19.59 2 30.68 19.43 2 31.9 21.48
4 16 2 31.32 18.93 2 32.06 19.33 2 30.68 19.43 2 30.84 19.19
4 16 2 32.06 19.33 2 32.25 21.12 2 31.9 21.48 2 30.68 19.43
3 16 2 30.84 19.19 2 30.87 18.89 2 31.32 18.93
4 16 2 34.19 19.62 2 33.86 20.74 2 33.06 20.74 2 33.52 19.67
4 16 2 32.06 19.33 2 32.8 19.58 2 33.06 20.74 2 32.25 21.12
4 16 2 30.78 17.58 2 31.34 18.09 2 30.76 18.56 2 30.52 18.24
4 16 2 30.87 18.89 2 30.76 18.56 2 31.34 18.09 2 31.32 18.93
3 16 2 32.8 19.58 2 33.52 19.67 2 33.06 20.74
4 16 2 29.97 17.29 2 30.1 17.42 2 30.14 17.96 2 29.19 17.63
3 16 2 29.19 17.63 2 29.1 17.42 2 29.97 17.29
4 16 2 34.97 18.03 2 34.66 18.57 2 32.73 19.15 2 32.12 18.82
4 16 2 30.14 17.96 2 30.48 17.6 2 30.78 17.58 2 30.52 18.24
4 16 2 29.18 16.82 2 29.52 16.79 2 29.97 17.29 2 29.1 17.42
3 16 2 29.52 16.79 2 29.89 16.9 2 29.97 17.29
4 16 2 34.23 18.98 2 33.45 19.25 2 32.73 19.15 2 34.66 18.57
3 16 2 30.14 17.96 2 30.1 17.42 2 30.48 17.6
4 16 2 31.48 18.1 2 31.34 18.09 2 30.78 17.58 2 30.83 17.25
4 16 2 32.12 18.82 2 31.48 18.1 2 35.14 17.42 2 34.97 18.03
4 16 2 33.54 14.83 2 35.08 16.15 2 35.19 16.77 2 31.61 16.03
4 16 2 35.08 16.15 2 33.54 14.83 2 34.41 15.15 2 34.83 15.59
3 16 2 31.85 15.48 2 32.24 15.09 2 32.72 14.87
4 16 2 33.54 14.83 2 31.61 16.03 2 31.85 15.48 2 32.72 14.87
4 16 2 35.19 16.77 2 35.14 17.42 2 31.48 18.1 2 31.61 16.03
3 16 2 31.48 18.1 2 30.83 17.25 2 31.61 16.03
4 16 2 30.61 16.74 2 31.44 16.1 2 31.61 16.03 2 30.83 17.25
4 16 2 31.45 14.77 2 31.44 16.1 2 30.12 16.42 2 29.5 16.31
4 16 2 30.06 18.69 2 29.93 19.01 2 29.51 19.09 2 29.99 18.5
3 16 2 29.51 19.09 2 29.21 18.99 2 29.1 18.62
4 16 2 29.53 18.18 2 29.99 18.5 2 29.51 19.09 2 29.1 18.62
3 16 2 29.1 18.62 2 29.13 18.09 2 29.53 18.18
3 16 2 31.53 25.26 2 31.2 24.94 2 31.98 25.11
4 16 2 31.06 23.59 2 31.79 24.08 2 31.04 24.51 2 31 24.06
3 16 2 31.25 23.13 2 31.64 22.97 2 31.95 23.1
4 16 2 31.25 23.13 2 31.95 23.1 2 31.79 24.08 2 31.06 23.59
3 16 2 21.93 32.4 2 21.02 32.99 2 20.73 32.58
4 16 2 18.94 27.67 2 20.39 32.42 2 19.21 32.98 2 18.47 32.71
3 16 2 21.93 32.4 2 20.73 32.58 2 20.39 32.42
4 16 2 19.34 27.53 2 21.06 27.59 2 21.51 27.71 2 20.39 32.42
4 16 2 22.55 32.28 2 21.93 32.4 2 20.39 32.42 2 21.51 27.71
4 16 2 20.64 25.15 2 20.47 24.31 2 21.67 19.62 2 21.62 26.98
4 16 2 21.53 27.31 2 21.18 27.45 2 20.43 26.4 2 21.62 26.98
3 16 2 20.64 25.15 2 21.62 26.98 2 20.56 26
4 16 2 22.68 18.06 2 21.67 19.62 2 21.21 17.43 2 21.57 17.14
4 16 2 19.2 18.89 2 20.78 17.51 2 21.21 17.43 2 21.67 19.62
3 16 2 19.37 33.51 2 20.22 33.27 2 20.48 33.79
4 16 2 23.27 36.71 2 22.14 38.74 2 20.69 33.96 2 21.25 33.88
4 16 2 21.23 39.13 2 19.37 33.51 2 20.48 33.79 2 20.69 33.96
4 16 2 21.08 39.36 2 18.89 33.39 2 19.37 33.51 2 21.23 39.13
3 16 2 20.69 33.96 2 22.14 38.74 2 21.48 38.94
3 16 2 20.69 33.96 2 21.48 38.94 2 21.23 39.13
4 16 2 21.08 39.36 2 18.04 41.74 2 18.59 33.06 2 18.89 33.39
4 16 2 21.05 39.63 2 18.92 41.74 2 18.04 41.74 2 21.08 39.36
4 16 2 20 42.21 2 18.92 41.74 2 21.05 39.63 2 20.82 41.72
3 16 2 18.47 32.71 2 18.59 33.06 2 18.04 41.74
4 16 2 18.53 20.49 2 19.35 23.07 2 18.38 22.85 2 18.11 20.83
3 16 2 20.06 23.58 2 19.35 23.07 2 21.67 19.62
4 16 2 21.67 19.62 2 19.35 23.07 2 18.53 20.49 2 18.87 20.04
3 16 2 20.47 24.31 2 20.06 23.58 2 21.67 19.62
3 16 2 21.67 19.62 2 18.87 20.04 2 19.1 19.5
3 16 2 19.1 19.5 2 19.2 18.89 2 21.67 19.62
4 16 2 20.35 17.45 2 19.15 18.22 2 18.88 17.26 2 20.01 17.17
4 16 2 19.01 16.11 2 19.86 16.77 2 18.88 17.26 2 18.83 16.66
4 16 2 20.78 17.51 2 19.2 18.89 2 19.15 18.22 2 20.35 17.45
4 16 2 19.32 15.7 2 19.94 16.34 2 19.86 16.77 2 19.01 16.11
3 16 2 19.32 15.7 2 19.91 15.38 2 19.94 16.34
4 16 2 19.94 16.34 2 19.91 15.38 2 20.42 15.33 2 20.31 16.08
4 16 2 20.31 16.08 2 20.42 15.33 2 20.83 15.45 2 20.6 16.09
4 16 2 21.34 16.35 2 20.6 16.09 2 20.83 15.45 2 21.11 15.69
3 16 2 21.34 16.35 2 21.28 16.67 2 20.6 16.09
4 16 2 20.6 16.09 2 21.28 16.67 2 21.1 16.91 2 20.35 16.59
4 16 2 20.39 16.97 2 20.35 16.59 2 21.1 16.91 2 20.81 17.03
3 16 2 18.88 17.26 2 19.86 16.77 2 20.01 17.17
3 16 2 20.56 26 2 21.62 26.98 2 20.43 26.4
3 16 2 20.39 32.42 2 18.94 27.67 2 19.34 27.53
3 16 2 18.47 32.71 2 18.08 27.78 2 18.94 27.67
3 16 2 21.06 27.59 2 19.34 27.53 2 19.99 27.08
4 16 2 14.58 14.81 2 14.95 14.1 2 15.37 13.87 2 15.38 15.18
3 16 2 15.2 15.53 2 14.82 15.87 2 14.58 15.36
4 16 2 15.2 15.53 2 14.58 15.36 2 14.58 14.81 2 15.38 15.18
4 16 2 10.1 19.64 2 10.16 20.12 2 8.86 19.42 2 9.3 19.21
3 16 2 9.3 19.21 2 9.77 19.28 2 10.1 19.64
4 16 2 8.86 19.42 2 10.16 20.12 2 9.99 20.56 2 8.58 19.81
4 16 2 8.89 21.09 2 8.54 20.29 2 9.99 20.56 2 9.65 20.91
3 16 2 8.54 20.29 2 8.58 19.81 2 9.99 20.56
3 16 2 11.37 17.18 2 11.23 17.73 2 10.83 17.49
4 16 2 10.83 17.49 2 10.48 17.01 2 11.26 16.7 2 11.37 17.18
3 16 2 10.37 16.31 2 10.5 15.88 2 10.99 16.29
3 16 2 7.11 14.12 2 7.49 13.86 2 7.6 14.42
4 16 2 6.66 14.78 2 7.11 14.12 2 7.6 14.42 2 7.51 14.89
3 16 2 7.51 14.89 2 7.17 15.29 2 6.66 14.78
4 16 2 6.66 14.78 2 7.17 15.29 2 6.78 15.42 2 6.58 15.19
4 16 2 9.93 23.57 2 10.06 22.16 2 10.96 22.12 2 11.27 22.95
4 16 2 9.25 25.21 2 11.26 26.64 2 11.14 26.98 2 10.69 27.08
4 16 2 9.68 23.4 2 8.14 22.83 2 7.43 21.17 2 10.06 22.16
3 16 2 9.93 23.57 2 9.68 23.4 2 10.06 22.16
4 16 2 11.45 30.53 2 11.06 30.42 2 10.76 27.23 2 12.24 27.81
4 16 2 10.42 30.45 2 9.79 27.65 2 10.76 27.23 2 11.06 30.42
4 16 2 9.79 27.65 2 9.86 27.56 2 10.69 27.08 2 10.76 27.23
3 16 2 10.42 30.45 2 9.9 30.69 2 9.79 27.65
4 16 2 11.26 26.64 2 9.25 25.21 2 9.35 23.81 2 9.8 23.74
4 16 2 11.27 22.95 2 11.26 26.64 2 9.8 23.74 2 9.93 23.57
3 16 2 9.67 31.14 2 9.64 32.16 2 8.94 32.08
4 16 2 9.42 27.3 2 9.3 27.05 2 10.69 27.08 2 9.86 27.56
3 16 2 9.3 27.05 2 9.25 25.21 2 10.69 27.08
3 16 2 9.67 31.14 2 8.94 32.08 2 8.56 32.15
4 16 2 8.34 32.32 2 7.82 27.7 2 9.67 31.14 2 8.56 32.15
4 16 2 9.67 31.14 2 7.82 27.7 2 9.79 27.65 2 9.9 30.69
4 16 2 10.69 32.48 2 11.99 33.28 2 11.23 33.45 2 10.83 32.87
4 16 2 12.62 33.53 2 11.26 34.06 2 11.23 33.45 2 11.99 33.28
3 16 2 12.4 32.89 2 11.27 31.76 2 11.75 31.24
4 16 2 13.93 27.77 2 14.42 27.77 2 11.75 31.24 2 11.72 30.77
3 16 2 11.72 30.77 2 11.45 30.53 2 12.24 27.81
4 16 2 12.43 27.19 2 13.18 27.6 2 11.72 30.77 2 12.24 27.81
3 16 2 13.18 27.6 2 13.93 27.77 2 11.72 30.77
4 16 2 11.75 31.24 2 14.42 27.77 2 14.8 27.67 2 12.4 32.89
4 16 2 15.07 27.48 2 17.22 27.64 2 12.4 32.89 2 14.8 27.67
3 16 2 15.47 23.97 2 15.56 23.78 2 16.01 23.63
4 16 2 16.69 23.91 2 16.49 24.6 2 15.47 23.97 2 16.01 23.63
3 16 2 15.47 23.97 2 16.49 24.6 2 16.49 25.03
4 16 2 10.1 35.1 2 9.82 34.89 2 9.92 33.28 2 10.67 34.12
4 16 2 10.28 35.42 2 10.1 35.1 2 10.67 34.12 2 10.73 35.35
3 16 2 10.67 34.12 2 10.91 34.17 2 10.73 35.35
4 16 2 10.73 35.35 2 10.91 34.17 2 11.26 34.06 2 11.4 35.52
4 16 2 11.26 34.06 2 12.62 33.53 2 11.79 35.93 2 11.4 35.52
3 16 2 11.98 36.51 2 11.79 35.93 2 12.62 33.53
4 16 2 12.43 39.74 2 11.98 36.51 2 12.62 33.53 2 18.04 41.74
4 16 2 15.25 27.21 2 16.45 27.23 2 17.22 27.64 2 15.07 27.48
3 16 2 17.52 42.06 2 12.43 39.74 2 18.04 41.74
4 16 2 12.81 23.75 2 12.99 23.57 2 14.23 22.96 2 14.22 26.28
4 16 2 12.69 26.84 2 14.22 26.28 2 14.13 26.73 2 13.46 27.17
3 16 2 12.41 26.42 2 12.69 26.84 2 12.44 26.59
3 16 2 14.13 26.73 2 13.96 27.01 2 13.46 27.17
4 16 2 12.69 26.84 2 12.41 26.42 2 12.45 24.08 2 14.22 26.28
4 16 2 14.22 26.28 2 12.45 24.08 2 12.56 23.81 2 12.81 23.75
4 16 2 10.96 22.12 2 11.62 21.78 2 12.94 23.43 2 11.27 22.95
3 16 2 14.23 22.96 2 12.99 23.57 2 12.94 23.43
4 16 2 12.44 20.45 2 14.23 22.96 2 12.94 23.43 2 12.09 21.2
3 16 2 12.94 23.43 2 11.62 21.78 2 12.09 21.2
4 16 2 14.57 19.34 2 13.33 17.91 2 13.77 17.19 2 14.88 19.02
4 16 2 14.38 16.64 2 15.63 18.68 2 14.88 19.02 2 13.77 17.19
4 16 2 15.82 16.22 2 15.97 18.35 2 14.38 16.64 2 15.09 16.33
4 16 2 15.97 18.35 2 15.82 16.22 2 16.54 16.29 2 16.4 18.18
3 16 2 16.54 16.29 2 17.22 16.51 2 16.4 18.18
4 16 2 16.4 18.18 2 17.22 16.51 2 17.81 16.88 2 16.86 18.23
4 16 2 17.2 18.55 2 16.86 18.23 2 17.81 16.88 2 18.29 17.36
3 16 2 18.29 17.36 2 18.61 17.94 2 17.2 18.55
4 16 2 17.28 18.83 2 17.2 18.55 2 18.61 17.94 2 18.75 18.6
3 16 2 18.75 18.6 2 18.68 19.31 2 17.28 18.83
4 16 2 17.98 20.34 2 17.28 18.83 2 18.68 19.31 2 18.4 19.88
4 16 2 16.79 20.58 2 17.28 18.83 2 17.98 20.34 2 17.41 20.6
3 16 2 16.79 20.58 2 16.26 20.26 2 17.28 18.83
4 16 2 16.26 20.26 2 15.9 19.73 2 16.74 18.63 2 17.28 18.83
4 16 2 15.9 19.73 2 15.89 19.21 2 16.2 18.73 2 16.74 18.63
4 16 2 11.26 38.16 2 10.77 36.83 2 11.01 36.28 2 11.68 36.62
4 16 2 10.77 36.83 2 11.26 38.16 2 10.55 37.89 2 10.56 37.02
4 16 2 11.68 36.62 2 11.89 36.64 2 11.86 38.69 2 11.26 38.16
4 16 2 11.89 36.64 2 11.98 36.51 2 12.43 39.74 2 11.86 38.69
4 16 2 16.91 43.11 2 12.5 40.41 2 12.43 39.74 2 17.52 42.06
3 16 2 10.39 38.82 2 11.04 39.16 2 10.29 40.32
4 16 2 8.69 40.76 2 10.04 40.94 2 10.98 43.27 2 9.54 43.18
4 16 2 11.04 39.16 2 12.05 40.8 2 10.04 40.94 2 10.29 40.32
4 16 2 10.04 40.94 2 12.05 40.8 2 12.25 40.9 2 10.98 43.27
3 16 2 12.19 43.77 2 10.98 43.27 2 12.25 40.9
4 16 2 17.33 46.91 2 17.31 47.44 2 16.49 48.15 2 15.72 47.41
4 16 2 17.22 44.77 2 15.72 47.41 2 13.22 44.55 2 16.38 43.95
4 16 2 16.34 43.57 2 13.22 44.55 2 12.19 43.77 2 12.25 40.9
4 16 2 16.91 43.11 2 16.34 43.57 2 12.25 40.9 2 12.5 40.41
3 16 2 17.99 48.01 2 18.25 48.57 2 17.73 48.06
3 16 2 19.2 47.94 2 18.64 48.41 2 18.5 47.6
4 16 2 19.2 47.94 2 18.5 47.6 2 19.6 47.16 2 19.47 47.56
4 16 2 18.25 48.57 2 17.99 48.01 2 18.5 47.6 2 18.64 48.41
4 16 2 17.32 48.57 2 16.49 48.15 2 17.31 47.44 2 17.52 47.89
4 16 2 18.25 48.57 2 17.32 48.57 2 17.52 47.89 2 17.73 48.06
3 16 2 17.33 46.91 2 15.72 47.41 2 17.5 46.41
4 16 2 17.77 46.02 2 17.5 46.41 2 15.72 47.41 2 17.22 44.77
3 16 2 16.38 43.95 2 13.22 44.55 2 16.34 43.57
3 16 2 14.38 16.64 2 15.97 18.35 2 15.63 18.68
3 16 2 15.63 18.68 2 15.49 18.98 2 14.88 19.02
3 16 2 17.51 42.35 2 17.67 42.83 2 16.91 43.11
3 16 2 17.52 42.06 2 17.51 42.35 2 16.91 43.11
4 16 2 18.47 32.71 2 18.04 41.74 2 12.62 33.53 2 18.08 27.78
4 16 2 12.4 32.89 2 17.22 27.64 2 18.08 27.78 2 12.62 33.53
4 16 2 15.25 27.21 2 15.42 26.49 2 16.47 26.55 2 16.45 27.23
4 16 2 18.41 27.18 2 18.04 27.31 2 17.44 27.28 2 16.99 27.03
4 16 2 19.04 26.49 2 16.99 27.03 2 16.47 26.55 2 16.49 25.03
4 16 2 15.47 23.97 2 16.49 25.03 2 16.47 26.55 2 15.42 26.49
4 16 2 19.04 26.49 2 18.75 26.91 2 18.41 27.18 2 16.99 27.03
4 16 2 19.04 26.49 2 16.49 25.03 2 19.38 25.08 2 19.36 25.38
4 16 2 15.95 23.45 2 17.01 23.41 2 16.69 23.91 2 16.01 23.63
3 16 2 17.01 23.41 2 15.95 23.45 2 17.41 23.08
4 16 2 12.44 20.45 2 14.61 19.89 2 15.69 20.27 2 14.23 22.96
4 16 2 15.95 23.45 2 14.23 22.96 2 15.69 20.27 2 16.11 20.74
4 16 2 13.33 17.91 2 14.57 19.34 2 14.61 19.89 2 12.44 20.45
4 16 2 17.63 21.04 2 17.88 22.9 2 17.41 23.08 2 17.12 21.11
4 16 2 17.41 23.08 2 15.95 23.45 2 16.11 20.74 2 16.6 21.02
4 16 2 17.88 22.9 2 17.63 21.04 2 18.11 20.83 2 18.38 22.85
4 16 2 15.69 20.27 2 14.83 19.79 2 14.94 19.53 2 15.19 19.38
3 16 2 14.61 19.89 2 14.83 19.79 2 15.69 20.27
3 16 2 16.6 21.02 2 17.12 21.11 2 17.41 23.08
4 16 2 33.31 40.42 2 33.81 45.65 2 33.16 46.12 2 32.67 44.75
3 16 2 32.67 44.75 2 32.08 43.91 2 33.31 40.42
4 16 2 31.63 43.57 2 32.97 40.4 2 33.31 40.42 2 32.08 43.91
3 16 2 30.72 40.13 2 31.07 39.86 2 32.97 40.4
4 16 2 31.07 43.31 2 30.37 43.18 2 30.35 40.12 2 30.72 40.13
4 16 2 31.63 43.57 2 31.07 43.31 2 30.72 40.13 2 32.97 40.4
4 16 2 28.46 39.31 2 30.06 39.91 2 30.35 40.12 2 27.81 40.4
3 16 2 30.35 40.12 2 30.37 43.18 2 29.45 43.19
3 16 2 29.91 39.58 2 30.06 39.91 2 28.46 39.31
4 16 2 28.62 43.38 2 27.81 40.4 2 30.35 40.12 2 29.45 43.19
3 16 2 27.81 40.4 2 28.62 43.38 2 27.32 40.66
4 16 2 23.76 43.36 2 26.95 40.54 2 27.87 43.73 2 27.18 44.19
4 16 2 25.96 45.35 2 23.79 43.54 2 23.76 43.36 2 27.18 44.19
3 16 2 23.79 43.54 2 25.96 45.35 2 23.7 43.73
3 16 2 22.74 47.38 2 23.64 48.03 2 22.49 47.84
4 16 2 22.36 48.62 2 22.49 47.84 2 23.64 48.03 2 22.97 48.45
4 16 2 21.59 47.44 2 22.05 47.8 2 21.81 48.59 2 21.33 48.39
4 16 2 20.62 47.72 2 21.59 47.44 2 21.33 48.39 2 20.93 48.09
3 16 2 20.62 47.72 2 20.29 46.97 2 21.59 47.44
3 16 2 23.64 48.03 2 22.74 47.38 2 22.8 46.96
4 16 2 21.81 48.59 2 22.05 47.8 2 22.49 47.84 2 22.36 48.62
4 16 2 23.64 48.03 2 22.8 46.96 2 22.71 46.56 2 24.36 47.3
4 16 2 25.96 45.35 2 24.36 47.3 2 22.71 46.56 2 23 44.43
3 16 2 22.71 46.56 2 22.41 45.94 2 23 44.43
3 16 2 23.7 43.73 2 25.96 45.35 2 23 44.43
4 16 2 23 40.25 2 24.96 39.84 2 23.76 43.36 2 23.44 43.05
3 16 2 23.44 43.05 2 22.38 42.68 2 22.54 42.17
4 16 2 20.82 41.72 2 21.05 39.63 2 22.73 40.17 2 21.72 41.61
3 16 2 21.05 39.63 2 22.4 39.61 2 22.73 40.17
3 16 2 25.92 39.82 2 26.29 39.96 2 26.95 40.54
4 16 2 21.72 41.61 2 22.73 40.17 2 23 40.25 2 22.15 41.69
3 16 2 22.45 41.88 2 22.15 41.69 2 23 40.25
4 16 2 25.92 39.82 2 26.95 40.54 2 23.76 43.36 2 24.96 39.84
4 16 2 28.62 43.38 2 27.87 43.73 2 26.95 40.54 2 27.32 40.66
4 16 2 22.54 42.17 2 22.45 41.88 2 23 40.25 2 23.44 43.05
4 16 2 30.36 39.37 2 29.91 39.41 2 29.36 37.38 2 30.9 38.99
4 16 2 29.91 39.58 2 28.46 39.31 2 28.27 38.85 2 29.91 39.41
3 16 2 29.91 39.41 2 28.27 38.85 2 29.36 37.38
4 16 2 28.05 38.84 2 28.69 37.27 2 29.36 37.38 2 28.27 38.85
3 16 2 33.19 38.71 2 33.01 39.44 2 31.7 38.98
4 16 2 31.16 38.92 2 31.56 37.38 2 31.97 37.32 2 31.7 38.98
4 16 2 33.68 36.67 2 33.65 38.29 2 33.32 38.48 2 31.97 37.32
4 16 2 31.7 38.98 2 31.97 37.32 2 33.32 38.48 2 33.19 38.71
4 16 2 30.9 38.99 2 30.98 37.23 2 31.56 37.38 2 31.16 38.92
3 16 2 29.71 37.15 2 29.94 36.28 2 30.98 37.23
4 16 2 29.36 37.38 2 29.71 37.15 2 30.98 37.23 2 30.9 38.99
3 16 2 27.76 38.93 2 27.21 39.6 2 26.87 39.24
4 16 2 28.69 37.27 2 28.05 38.84 2 27.76 38.93 2 26.67 36.97
3 16 2 26.67 36.97 2 27.02 36.42 2 28.69 37.27
4 16 2 26.87 39.24 2 26.31 37.15 2 26.67 36.97 2 27.76 38.93
4 16 2 26.06 37.12 2 26.31 37.15 2 26.87 39.24 2 26.1 38.89
4 16 2 25.18 36.55 2 26.06 37.12 2 26.1 38.89 2 25.23 38.89
4 16 2 23.9 36.86 2 24.99 36.52 2 25.18 36.55 2 25.23 38.89
4 16 2 23.31 39.27 2 23.12 38.99 2 23.9 36.86 2 25.23 38.89
4 16 2 23.27 36.71 2 23.9 36.86 2 23.12 38.99 2 22.83 38.82
3 16 2 22.83 38.82 2 22.14 38.74 2 23.27 36.71
4 16 2 22.67 34.16 2 23.38 36.49 2 23.27 36.71 2 21.25 33.88
3 16 2 21.25 33.88 2 22.36 33.22 2 22.31 33.72
3 16 2 21.25 33.88 2 22.31 33.72 2 22.43 34.02
3 16 2 21.25 33.88 2 22.43 34.02 2 22.67 34.16
4 16 2 23.38 36.49 2 23.43 34.11 2 24.91 35.66 2 23.74 36.36
3 16 2 23.38 36.49 2 22.67 34.16 2 23.43 34.11
4 16 2 25.16 33.64 2 25.47 34.06 2 24.91 35.66 2 23.43 34.11
4 16 2 25.92 34.2 2 25.45 35.7 2 24.91 35.66 2 25.47 34.06
4 16 2 29.32 35.39 2 27.48 35.62 2 26.73 34.05 2 28.3 33.27
4 16 2 29.7 35.16 2 29.32 35.39 2 28.3 33.27 2 28.68 33.31
4 16 2 26.4 35.61 2 25.92 34.2 2 26.73 34.05 2 26.9 35.45
4 16 2 26.07 36.05 2 25.45 35.7 2 25.92 34.2 2 26.4 35.61
3 16 2 29.32 35.39 2 28.92 36.33 2 27.48 35.62
4 16 2 22.73 43.23 2 22.69 44.06 2 21.93 44.28 2 22.12 43.16
3 16 2 22.73 43.23 2 23.26 43.53 2 22.69 44.06
4 16 2 21.87 45.66 2 21.93 44.28 2 22.69 44.06 2 22.12 45.56
4 16 2 21.99 42.18 2 21.53 43.54 2 21.31 42.08 2 21.74 42.07
4 16 2 21.16 45.43 2 20.44 43.38 2 21.53 43.54 2 21.43 45.17
3 16 2 20.31 42.58 2 20.91 42.21 2 20.46 43.11
3 16 2 20.91 42.21 2 21.31 42.08 2 21.53 43.54
4 16 2 20.44 43.38 2 20.46 43.11 2 20.91 42.21 2 21.53 43.54
4 16 2 18.82 45.34 2 18.44 43.15 2 19.26 42.29 2 20.44 43.38
4 16 2 19.26 42.29 2 18.44 43.15 2 17.95 42.28 2 18.5 42.17
3 16 2 19.04 45.8 2 18.82 45.34 2 20.34 45.65
4 16 2 21.16 45.43 2 20.34 45.65 2 18.82 45.34 2 20.44 43.38
3 16 2 17.81 47.49 2 17.78 46.85 2 18.38 47.14
4 16 2 18.38 47.14 2 17.78 46.85 2 18.14 46.36 2 18.51 46.51
4 16 2 19.47 46.67 2 19.15 46.88 2 18.51 46.51 2 19.26 46.57
4 16 2 16.84 43.65 2 17.42 43.37 2 18.02 43.31 2 17.55 44.41
3 16 2 18.02 43.31 2 18.29 45.1 2 17.55 44.41
4 16 2 21.79 46.1 2 20.62 46.61 2 20.9 45.92 2 21.49 45.97
4 16 2 22.28 47.26 2 20.62 46.61 2 21.79 46.1 2 22.24 46.54
3 16 2 22.24 46.54 2 22.34 46.83 2 22.28 47.26
4 16 2 20.9 45.92 2 20.62 46.61 2 20.46 46.42 2 20.5 46.16
3 16 2 17.98 23.39 2 18.54 23.18 2 17.73 23.92
3 16 2 18.54 23.18 2 19.09 23.38 2 19.34 23.91
4 16 2 18.54 23.18 2 19.34 23.91 2 19.41 24.62 2 17.73 23.92