0 ~Animal Clownfish without Patternable Surfaces - Half
0 Name: s\8038s02.dat
0 Author: Gerald Lasser [GeraldLasser]
0 !LDRAW_ORG Subpart UPDATE 2026-05
0 !LICENSE Licensed under CC BY 4.0 : see CAreadme.txt

0 BFC CERTIFY CCW

0 !HISTORY 2026-05-31 [OrionP] Official Update 2026-05

1 16 0 0 0 0 0 4 0 -1 0 4 0 0 1-8tndis.dat
1 16 0 0 0 4 0 0 0 -1 0 0 0 4 1-8tndis.dat
1 16 0 0 0 4 0 0 0 -1 0 0 0 -4 1-8tang.dat
0 BFC INVERTNEXT
1 16 0 0 0 0 0 4 0 -8 0 4 0 0 3-8cylo.dat
4 16 2.25 0 -3.215 2.25 -8 -3.215 2.8284 -8 -2.8284 2.8284 0 -2.8284
2 24 2.25 -8 -3.215 2.8284 -8 -2.8284
2 24 2.25 0 -3.215 2.8284 0 -2.8284
2 24 2.25 0 -3.215 2.25 -8 -3.215
5 24 2.8284 -8 -2.8284 2.8284 0 -2.8284 2.25 0 -3.215 3.6956 0 -1.5308
1 16 0 -8 0 0 0 1 0 -1 0 1 0 0 5-16ring3.dat
3 16 2.8284 -8 -2.8284 2.25 -8 -3.215 2.25 -8 -1.9287
4 16 2.25 -8 -1.9287 2.7717 -8 -1.1481 3.6956 -8 -1.5308 2.8284 -8 -2.8284
2 24 2.25 -8 -1.9287 2.25 -8 -3.215
0 BFC INVERTNEXT
1 16 0 -8 0 0 0 3 0 -11 0 3 0 0 5-16cylo.dat
4 16 2.25 -8 -1.9287 2.25 -19 -1.9287 2.7717 -19 -1.1481 2.7717 -8 -1.1481
2 24 2.25 -8 -1.9287 2.7717 -8 -1.1481
2 24 2.25 -19 -1.9287 2.7717 -19 -1.1481
2 24 2.25 -19 -1.9287 2.25 -8 -1.9287
5 24 2.7717 -19 -1.1481 2.7717 -8 -1.1481 2.25 -8 -1.9287 3 -8 0
1 16 0 -19 0 0 0 3 0 -1 0 3 0 0 5-16chrd.dat
3 16 0 -19 3 2.7717 -19 -1.1481 2.25 -19 -1.9287

4 16 2.267 -9.035 -16.89 0 -9.115 -17.167 0 -7.39 -17.84 2.228 -7.539 -17.46
3 16 2.267 -9.035 -16.89 2.228 -7.539 -17.46 3.803 -8.488 -16.451
3 16 3.803 -8.488 -16.451 4.122 -9.027 -16.265 2.267 -9.035 -16.89
3 16 4.122 -9.027 -16.265 3.875 -9.638 -16.58 2.267 -9.035 -16.89
3 16 3.875 -9.638 -16.58 2.488 -10.471 -17.786 2.267 -9.035 -16.89
3 16 2.488 -10.471 -17.786 0 -9.115 -17.167 2.267 -9.035 -16.89
3 16 0 -10.68 -18.449 0 -9.115 -17.167 2.488 -10.471 -17.786
3 16 7.147 -14.011 -1.697 6.473 -13.464 -3.939 7.707 -9.302 -1.594
3 16 7.707 -9.302 -1.594 6.473 -13.464 -3.939 7.009 -9.251 -4.059
3 16 7.009 -9.251 -4.059 6.88 -5.046 -3.731 7.707 -9.302 -1.594
3 16 7.707 -9.302 -1.594 6.88 -5.046 -3.731 7.146 -4.512 -1.322
3 16 7.88 -4.847 1.893 7.707 -9.302 -1.594 7.146 -4.512 -1.322
3 16 8.301 -9.382 1.354 7.707 -9.302 -1.594 7.88 -4.847 1.893
3 16 8.301 -9.382 1.354 7.147 -14.011 -1.697 7.707 -9.302 -1.594
3 16 6.26 -14.415 -2.82 6.473 -13.464 -3.939 7.147 -14.011 -1.697
3 16 6.26 -14.415 -2.82 7.147 -14.011 -1.697 6.059 -15.129 -1.129
3 16 7.146 -4.512 -1.322 6.88 -5.046 -3.731 6.672 -4.009 -1.974
3 16 7.146 -4.512 -1.322 6.672 -4.009 -1.974 6.49 -3.602 -.529
3 16 7.146 -4.512 -1.322 6.49 -3.602 -.529 7.88 -4.847 1.893
3 16 7.752 -14.104 1.567 6.059 -15.129 -1.129 7.147 -14.011 -1.697
3 16 7.752 -14.104 1.567 7.147 -14.011 -1.697 8.301 -9.382 1.354
3 16 5.804 -15.276 1.765 6.059 -15.129 -1.129 7.752 -14.104 1.567
3 16 7.752 -14.104 1.567 8.234 -12.682 2.968 5.693 -14.476 3.347
3 16 5.693 -14.476 3.347 5.804 -15.276 1.765 7.752 -14.104 1.567
3 16 8.301 -9.382 1.354 8.234 -12.682 2.968 7.752 -14.104 1.567
3 16 5.833 -13.01 4.517 5.693 -14.476 3.347 8.234 -12.682 2.968
3 16 7.88 -4.847 1.893 6.49 -3.602 -.529 6.124 -3.545 1.886
3 16 5.927 -4.406 3.503 7.88 -4.847 1.893 6.124 -3.545 1.886
3 16 5.927 -4.406 3.503 8.35 -6.281 3.164 7.88 -4.847 1.893
3 16 5.933 -5.832 4.502 8.35 -6.281 3.164 5.927 -4.406 3.503
3 16 5.933 -5.832 4.502 5.994 -7.64 5.214 8.35 -6.281 3.164
3 16 8.35 -6.281 3.164 5.994 -7.64 5.214 8.622 -7.858 3.598
3 16 8.703 -9.386 3.76 8.301 -9.382 1.354 8.622 -7.858 3.598
3 16 8.572 -10.962 3.608 8.301 -9.382 1.354 8.703 -9.386 3.76
3 16 8.572 -10.962 3.608 8.234 -12.682 2.968 8.301 -9.382 1.354
3 16 8.703 -9.386 3.76 5.985 -11.162 5.224 8.572 -10.962 3.608
3 16 5.833 -13.01 4.517 8.234 -12.682 2.968 8.572 -10.962 3.608
3 16 8.572 -10.962 3.608 5.985 -11.162 5.224 5.833 -13.01 4.517
3 16 6.027 -9.227 5.43 5.985 -11.162 5.224 8.703 -9.386 3.76
4 16 5.994 -7.64 5.214 6.027 -9.227 5.43 8.703 -9.386 3.76 8.622 -7.858 3.598
3 16 8.301 -9.382 1.354 7.88 -4.847 1.893 8.622 -7.858 3.598
3 16 8.622 -7.858 3.598 7.88 -4.847 1.893 8.35 -6.281 3.164
3 16 1.642 -22.419 .038 1.666 -22.545 -2.289 3.396 -21.771 -.086
3 16 3.396 -21.771 -.086 1.666 -22.545 -2.289 3.453 -21.922 -2.264
3 16 1.666 -22.545 -2.289 3.342 -21.642 -5.433 3.453 -21.922 -2.264
3 16 1.641 -22.195 -5.545 3.342 -21.642 -5.433 1.666 -22.545 -2.289
3 16 1.642 -22.419 .038 3.396 -21.771 -.086 1.635 -22.075 2.389
3 16 1.635 -22.075 2.389 3.396 -21.771 -.086 3.325 -21.343 2.649
3 16 1.641 -22.195 -5.545 1.297 -21.369 -9.426 3.342 -21.642 -5.433
3 16 3.342 -21.642 -5.433 1.297 -21.369 -9.426 3.114 -20.467 -10.095
3 16 2.88 -19.153 9.005 2.652 -17.51 12.553 1.596 -19.657 9.311
3 16 1.596 -19.657 9.311 2.652 -17.51 12.553 1.565 -18.049 12.712
3 16 1.565 -18.049 12.712 2.652 -17.51 12.553 1.506 -16.57 15.576
3 16 1.506 -16.57 15.576 2.652 -17.51 12.553 2.35 -15.932 15.674
3 16 2.35 -15.932 15.674 1.216 -15.675 17.594 1.506 -16.57 15.576
3 16 2.115 -14.74 18.895 1.216 -15.675 17.594 2.35 -15.932 15.674
3 16 2.115 -14.74 18.895 0 -15.552 19.047 1.216 -15.675 17.594
3 16 1.216 -15.675 17.594 0 -15.552 19.047 0 -15.95 18.027
3 16 1.291 -20.49 7.322 2.88 -19.153 9.005 1.596 -19.657 9.311
3 16 1.291 -20.49 7.322 3.325 -21.343 2.649 2.88 -19.153 9.005
3 16 1.308 -21.598 4.074 3.325 -21.343 2.649 1.291 -20.49 7.322
3 16 1.308 -21.598 4.074 1.291 -20.49 7.322 0 -21.524 4.475
3 16 0 -21.524 4.475 1.291 -20.49 7.322 0 -20.695 7.013
3 16 1.308 -21.598 4.074 1.635 -22.075 2.389 3.325 -21.343 2.649
3 16 3.038 -6.162 15.116 1.327 -5.699 17.538 2.491 -6.69 17.98
3 16 1.488 -5.036 15.396 1.327 -5.699 17.538 3.038 -6.162 15.116
3 16 3.568 -5.156 12.198 1.488 -5.036 15.396 3.038 -6.162 15.116
3 16 1.485 -3.869 12.485 1.488 -5.036 15.396 3.568 -5.156 12.198
3 16 3.568 -5.156 12.198 3.878 -3.293 9.131 1.485 -3.869 12.485
3 16 1.485 -3.869 12.485 3.878 -3.293 9.131 1.526 -2.154 8.953
3 16 3.772 -1.235 6.668 1.526 -2.154 8.953 3.878 -3.293 9.131
3 16 1.409 -1.38 7.658 1.526 -2.154 8.953 3.772 -1.235 6.668
3 16 2.512 0 5.334 1.409 -1.38 7.658 3.772 -1.235 6.668
3 16 2.512 0 5.334 3.772 -1.235 6.668 4.253 0 4.002
3 16 2.8284 0 4 2.512 0 5.334 4.253 0 4.002
4 16 4 0 2.8284 2.8284 0 2.8284 2.8284 0 4 4.253 0 4.002
4 16 0 0 4 0 0 5.661 2.512 0 5.334 2.8284 0 4
4 16 0 -.926 7.114 1.409 -1.38 7.658 2.512 0 5.334 0 0 5.661
4 16 4.253 0 4.002 5.276 0 2.033 4 0 0 4 0 2.8284
4 16 4 0 0 5.276 0 2.033 5.765 0 -1.152 4 0 -.7956
3 16 3.6956 0 -1.5308 4 0 -.7956 5.765 0 -1.152
3 16 6.088 -.48 -4.905 2.727 0 -5.635 6.025 -.143 -3.212
3 16 3.602 0 -6.24 2.727 0 -5.635 6.088 -.48 -4.905
3 16 3.557 -4.847 -14.826 3.803 -8.488 -16.451 2.228 -7.539 -17.46
3 16 3.557 -4.847 -14.826 2.228 -7.539 -17.46 2.079 -4.719 -15.56
3 16 5.919 -1.197 -7.423 5.296 -2.246 -10.39 3.316 -1.244 -10.402
3 16 3.316 -1.244 -10.402 3.911 -.454 -7.321 5.919 -1.197 -7.423
3 16 3.316 -1.244 -10.402 5.296 -2.246 -10.39 2.721 -2.263 -12.682
3 16 2.721 -2.263 -12.682 5.296 -2.246 -10.39 3.557 -4.847 -14.826
4 16 6.088 -.48 -4.905 5.919 -1.197 -7.423 3.911 -.454 -7.321 3.602 0 -6.24
3 16 2.721 -2.263 -12.682 3.557 -4.847 -14.826 1.777 -2.619 -13.446
3 16 1.777 -2.619 -13.446 3.557 -4.847 -14.826 2.079 -4.719 -15.56
3 16 2.079 -4.719 -15.56 0 -2.738 -13.75 1.777 -2.619 -13.446
3 16 0 -4.738 -15.925 0 -2.738 -13.75 2.079 -4.719 -15.56
3 16 2.228 -7.539 -17.46 0 -4.738 -15.925 2.079 -4.719 -15.56
3 16 0 -7.39 -17.84 0 -4.738 -15.925 2.228 -7.539 -17.46
3 16 2.807 -14.243 -16.534 2.488 -10.471 -17.786 3.875 -9.638 -16.58
3 16 3.078 -18.659 -12.937 0 -18.869 -13.539 0 -14.632 -17.145
3 16 0 -14.632 -17.145 2.807 -14.243 -16.534 3.078 -18.659 -12.937
3 16 2.807 -14.243 -16.534 0 -14.632 -17.145 0 -10.68 -18.449
3 16 3.078 -18.659 -12.937 0 -21.28 -10.026 0 -18.869 -13.539
3 16 1.297 -21.369 -9.426 0 -21.28 -10.026 3.078 -18.659 -12.937
3 16 1.297 -21.369 -9.426 3.078 -18.659 -12.937 3.114 -20.467 -10.095
3 16 0 -10.68 -18.449 2.488 -10.471 -17.786 2.807 -14.243 -16.534
3 16 2.115 -14.74 18.895 2.394 -18.116 24.776 0 -15.552 19.047
3 16 0 -15.552 19.047 2.394 -18.116 24.776 0 -18.764 24.847
3 16 2.394 -18.116 24.776 2.256 -17.666 26.669 0 -18.764 24.847
3 16 0 -18.764 24.847 2.256 -17.666 26.669 0 -18.132 26.927
3 16 2.256 -17.666 26.669 0 -16.523 27.986 0 -18.132 26.927
3 16 2.222 -16.377 27.587 0 -16.523 27.986 2.256 -17.666 26.669
3 16 2.222 -16.377 27.587 0 -14.54 27.778 0 -16.523 27.986
3 16 2.06 -14.27 27.296 0 -14.54 27.778 2.222 -16.377 27.587
4 16 2.158 -13.885 26.131 2.06 -14.27 27.296 2.222 -16.377 27.587 2.427 -16.051 25.471
3 16 2.256 -17.666 26.669 2.427 -16.051 25.471 2.222 -16.377 27.587
3 16 2.394 -18.116 24.776 2.427 -16.051 25.471 2.256 -17.666 26.669
3 16 2.394 -18.116 24.776 2.115 -14.74 18.895 2.427 -16.051 25.471
3 16 2.204 -12.875 22.671 2.158 -13.885 26.131 2.427 -16.051 25.471
3 16 2.427 -16.051 25.471 2.115 -14.74 18.895 2.241 -13.679 19.711
3 16 2.427 -16.051 25.471 2.241 -13.679 19.711 2.306 -12.939 21.601
3 16 2.427 -16.051 25.471 2.306 -12.939 21.601 2.204 -12.875 22.671
3 16 2.306 -12.939 21.601 2.241 -13.679 19.711 2.342 -12.526 20.406
3 16 2.394 -13.265 28.151 0 -13.509 28.709 2.06 -14.27 27.296
3 16 2.06 -14.27 27.296 0 -13.509 28.709 0 -14.54 27.778
3 16 0 -13.509 28.709 2.394 -13.265 28.151 0 -11.63 29.728
3 16 0 -11.63 29.728 2.394 -13.265 28.151 2.677 -11.476 28.97
4 16 2.71 -8.947 29.015 0 -8.984 29.784 0 -11.63 29.728 2.677 -11.476 28.97
3 16 2.71 -8.947 29.015 0 -6.999 28.941 0 -8.984 29.784
3 16 2.378 -7.099 28.191 0 -6.999 28.941 2.71 -8.947 29.015
3 16 0 -6.999 28.941 2.378 -7.099 28.191 0 -5.98 27.941
3 16 0 -5.98 27.941 2.378 -7.099 28.191 1.99 -6.013 27.391
3 16 2.158 -13.885 26.131 2.394 -13.265 28.151 2.06 -14.27 27.296
3 16 2.431 -9.982 26.641 2.394 -13.265 28.151 2.158 -13.885 26.131
3 16 2.431 -9.982 26.641 2.677 -11.476 28.97 2.394 -13.265 28.151
3 16 2.431 -9.982 26.641 2.71 -8.947 29.015 2.677 -11.476 28.97
3 16 2.431 -9.982 26.641 2.378 -7.099 28.191 2.71 -8.947 29.015
3 16 2.204 -12.875 22.671 2.431 -9.982 26.641 2.158 -13.885 26.131
3 16 2.431 -10.188 21.575 2.431 -9.982 26.641 2.204 -12.875 22.671
3 16 1.99 -6.013 27.391 2.378 -7.099 28.191 2.045 -6.722 25.779
3 16 2.045 -6.722 25.779 2.378 -7.099 28.191 2.431 -9.982 26.641
3 16 2.045 -6.722 25.779 2.431 -9.982 26.641 2.081 -8.566 21.541
3 16 2.081 -8.566 21.541 2.431 -9.982 26.641 2.431 -10.188 21.575
3 16 2.424 -11.561 20.815 2.431 -10.188 21.575 2.204 -12.875 22.671
3 16 2.424 -11.561 20.815 2.204 -12.875 22.671 2.306 -12.939 21.601
3 16 2.306 -12.939 21.601 2.342 -12.526 20.406 2.424 -11.561 20.815
4 16 2.423 -3.827 27.234 0 -3.973 27.91 0 -5.98 27.941 1.99 -6.013 27.391
3 16 0 -3.973 27.91 2.423 -3.827 27.234 0 -3.215 27.544
3 16 2.423 -3.827 27.234 2.245 -2.742 25.845 0 -3.215 27.544
3 16 0 -3.215 27.544 2.245 -2.742 25.845 0 -2.268 26.186
4 16 0 -2.268 26.186 2.245 -2.742 25.845 2.139 -2.627 24.536 0 -2.148 24.519
3 16 0 -2.148 24.519 2.139 -2.627 24.536 0 -2.677 23.434
3 16 0 -2.677 23.434 2.139 -2.627 24.536 2.172 -3.102 23.503
3 16 0 -2.677 23.434 2.172 -3.102 23.503 0 -5.739 19.096
3 16 0 -5.739 19.096 2.172 -3.102 23.503 2.138 -6.226 19.304
3 16 2.423 -3.827 27.234 1.99 -6.013 27.391 2.392 -4.26 24.822
3 16 2.392 -4.26 24.822 2.245 -2.742 25.845 2.423 -3.827 27.234
3 16 2.392 -4.26 24.822 2.139 -2.627 24.536 2.245 -2.742 25.845
3 16 2.139 -2.627 24.536 2.392 -4.26 24.822 2.172 -3.102 23.503
3 16 2.172 -3.102 23.503 2.392 -4.26 24.822 2.138 -6.226 19.304
3 16 2.392 -4.26 24.822 1.99 -6.013 27.391 2.045 -6.722 25.779
3 16 2.138 -6.226 19.304 2.392 -4.26 24.822 2.357 -7.514 19.598
3 16 2.357 -7.514 19.598 2.392 -4.26 24.822 2.081 -8.566 21.541
3 16 2.081 -8.566 21.541 2.392 -4.26 24.822 2.045 -6.722 25.779
3 16 2.357 -7.514 19.598 2.491 -6.69 17.98 2.138 -6.226 19.304
3 16 2.138 -6.226 19.304 1.327 -5.699 17.538 0 -5.739 19.096
3 16 2.491 -6.69 17.98 1.327 -5.699 17.538 2.138 -6.226 19.304
3 16 0 -5.739 19.096 1.327 -5.699 17.538 0 -5.706 18.177
4 16 0 -26.908 -2.328 1.199 -26.527 -2.345 1.193 -26.099 -.38 0 -26.466 -.319
3 16 1.193 -26.099 -.38 0 -25.562 1.673 0 -26.466 -.319
3 16 1.152 -25.249 1.568 0 -25.562 1.673 1.193 -26.099 -.38
3 16 1.14 -24.082 3.148 0 -25.562 1.673 1.152 -25.249 1.568
3 16 0 -24.181 3.483 0 -25.562 1.673 1.14 -24.082 3.148
3 16 1.146 -23.049 3.742 0 -24.181 3.483 1.14 -24.082 3.148
3 16 0 -23.051 4.065 0 -24.181 3.483 1.146 -23.049 3.742
4 16 0 -21.524 4.475 0 -23.051 4.065 1.146 -23.049 3.742 1.308 -21.598 4.074
3 16 1.199 -26.527 -2.345 0 -26.908 -2.328 1.175 -26.712 -3.91
3 16 1.175 -26.712 -3.91 0 -26.908 -2.328 0 -27.06 -3.89
3 16 0 -26.675 -5.41 1.175 -26.712 -3.91 0 -27.06 -3.89
3 16 1.19 -26.269 -5.401 1.175 -26.712 -3.91 0 -26.675 -5.41
3 16 0 -26.675 -5.41 0 -25.487 -7.074 1.19 -26.269 -5.401
3 16 1.19 -26.269 -5.401 0 -25.487 -7.074 1.192 -25.129 -6.917
3 16 0 -25.487 -7.074 0 -23.849 -8.479 1.192 -25.129 -6.917
3 16 1.192 -25.129 -6.917 0 -23.849 -8.479 1.231 -23.638 -8.112
3 16 1.231 -23.638 -8.112 0 -23.849 -8.479 1.297 -21.369 -9.426
3 16 1.297 -21.369 -9.426 0 -23.849 -8.479 0 -21.28 -10.026
3 16 1.14 -24.082 3.148 1.635 -22.075 2.389 1.146 -23.049 3.742
3 16 1.152 -25.249 1.568 1.635 -22.075 2.389 1.14 -24.082 3.148
3 16 1.642 -22.419 .038 1.635 -22.075 2.389 1.152 -25.249 1.568
3 16 1.308 -21.598 4.074 1.146 -23.049 3.742 1.635 -22.075 2.389
3 16 1.193 -26.099 -.38 1.642 -22.419 .038 1.152 -25.249 1.568
4 16 1.642 -22.419 .038 1.193 -26.099 -.38 1.199 -26.527 -2.345 1.666 -22.545 -2.289
3 16 1.666 -22.545 -2.289 1.199 -26.527 -2.345 1.175 -26.712 -3.91
4 16 1.666 -22.545 -2.289 1.175 -26.712 -3.91 1.19 -26.269 -5.401 1.641 -22.195 -5.545
3 16 1.192 -25.129 -6.917 1.641 -22.195 -5.545 1.19 -26.269 -5.401
3 16 1.641 -22.195 -5.545 1.192 -25.129 -6.917 1.231 -23.638 -8.112
3 16 1.641 -22.195 -5.545 1.231 -23.638 -8.112 1.297 -21.369 -9.426
3 16 1.114 -19.833 16.299 0 -20.036 16.494 1.178 -20.938 15.274
3 16 1.178 -20.938 15.274 0 -20.036 16.494 0 -21.212 15.497
3 16 1.178 -20.938 15.274 0 -21.212 15.497 1.207 -22.125 13.902
3 16 1.207 -22.125 13.902 0 -21.212 15.497 0 -22.426 14.15
4 16 0 -22.426 14.15 0 -23.155 12.49 1.217 -22.762 12.407 1.207 -22.125 13.902
4 16 1.204 -22.789 10.952 1.217 -22.762 12.407 0 -23.155 12.49 0 -23.176 10.93
4 16 1.16 -22.273 9.486 1.204 -22.789 10.952 0 -23.176 10.93 0 -22.612 9.413
4 16 1.133 -21.386 8.292 1.16 -22.273 9.486 0 -22.612 9.413 0 -21.572 8.054
3 16 1.114 -19.833 16.299 0 -18.713 17.434 0 -20.036 16.494
3 16 1.166 -18.559 17.136 0 -18.713 17.434 1.114 -19.833 16.299
3 16 1.166 -18.559 17.136 0 -17.579 17.793 0 -18.713 17.434
3 16 1.172 -17.457 17.466 0 -17.579 17.793 1.166 -18.559 17.136
3 16 1.172 -17.457 17.466 0 -15.95 18.027 0 -17.579 17.793
3 16 1.216 -15.675 17.594 0 -15.95 18.027 1.172 -17.457 17.466
3 16 1.133 -21.386 8.292 0 -21.572 8.054 1.291 -20.49 7.322
3 16 1.291 -20.49 7.322 0 -21.572 8.054 0 -20.695 7.013
3 16 1.207 -22.125 13.902 1.565 -18.049 12.712 1.178 -20.938 15.274
4 16 1.207 -22.125 13.902 1.217 -22.762 12.407 1.596 -19.657 9.311 1.565 -18.049 12.712
3 16 1.204 -22.789 10.952 1.596 -19.657 9.311 1.217 -22.762 12.407
3 16 1.16 -22.273 9.486 1.596 -19.657 9.311 1.204 -22.789 10.952
3 16 1.133 -21.386 8.292 1.596 -19.657 9.311 1.16 -22.273 9.486
3 16 1.178 -20.938 15.274 1.565 -18.049 12.712 1.114 -19.833 16.299
3 16 1.114 -19.833 16.299 1.565 -18.049 12.712 1.506 -16.57 15.576
3 16 1.114 -19.833 16.299 1.506 -16.57 15.576 1.166 -18.559 17.136
3 16 1.166 -18.559 17.136 1.506 -16.57 15.576 1.172 -17.457 17.466
3 16 1.216 -15.675 17.594 1.172 -17.457 17.466 1.506 -16.57 15.576
3 16 1.133 -21.386 8.292 1.291 -20.49 7.322 1.596 -19.657 9.311
3 16 1.485 -3.869 12.485 1.526 -2.154 8.953 1.174 -.571 10.984
3 16 1.174 -.571 10.984 1.526 -2.154 8.953 1.153 -.781 9.52
3 16 1.153 -.781 9.52 1.526 -2.154 8.953 1.409 -1.38 7.658
3 16 1.485 -3.869 12.485 1.174 -.571 10.984 1.171 -.564 12.805
3 16 1.485 -3.869 12.485 1.171 -.564 12.805 1.191 -.892 14.167
4 16 1.191 -.892 14.167 1.207 -1.604 15.446 1.488 -5.036 15.396 1.485 -3.869 12.485
3 16 1.488 -5.036 15.396 1.207 -1.604 15.446 1.163 -2.528 16.559
3 16 1.488 -5.036 15.396 1.163 -2.528 16.559 1.204 -4.12 17.57
3 16 1.488 -5.036 15.396 1.204 -4.12 17.57 1.327 -5.699 17.538
3 16 0 -1.262 15.637 0 -2.294 16.795 1.207 -1.604 15.446
3 16 1.207 -1.604 15.446 0 -2.294 16.795 1.163 -2.528 16.559
3 16 1.191 -.892 14.167 0 -1.262 15.637 1.207 -1.604 15.446
3 16 0 -.535 14.257 0 -1.262 15.637 1.191 -.892 14.167
3 16 1.171 -.564 12.805 0 -.535 14.257 1.191 -.892 14.167
3 16 0 -.222 12.818 0 -.535 14.257 1.171 -.564 12.805
4 16 0 -4.115 17.967 1.204 -4.12 17.57 1.163 -2.528 16.559 0 -2.294 16.795
3 16 0 -5.706 18.177 1.204 -4.12 17.57 0 -4.115 17.967
3 16 1.327 -5.699 17.538 1.204 -4.12 17.57 0 -5.706 18.177
4 16 0 -.231 10.91 0 -.222 12.818 1.171 -.564 12.805 1.174 -.571 10.984
3 16 1.153 -.781 9.52 0 -.231 10.91 1.174 -.571 10.984
3 16 0 -.511 9.244 0 -.231 10.91 1.153 -.781 9.52
3 16 1.409 -1.38 7.658 0 -.511 9.244 1.153 -.781 9.52
3 16 0 -.926 7.114 0 -.511 9.244 1.409 -1.38 7.658
3 16 5.765 0 -1.152 6.025 -.143 -3.212 3.6956 0 -1.5308
3 16 3.3912 0 -2.266 3.6956 0 -1.5308 6.025 -.143 -3.212
3 16 3.3912 0 -2.266 6.025 -.143 -3.212 2.25 0 -4.924
3 16 2.25 0 -4.924 2.8284 0 -2.8284 3.3912 0 -2.266
3 16 2.25 0 -4.924 2.25 0 -3.215 2.8284 0 -2.8284
3 16 6.025 -.143 -3.212 2.727 0 -5.635 2.25 0 -4.924
4 16 2.727 0 -5.635 2.721 -18.999 -5.63 2.25 -19.18 -4.922 2.25 0 -4.924
4 16 3.602 0 -6.24 3.596 -18.791 -6.233 2.721 -18.999 -5.63 2.727 0 -5.635
4 16 3.911 -18.365 -7.322 3.596 -18.791 -6.233 3.602 0 -6.24 3.911 -.454 -7.321
4 16 2.25 -19.18 -4.922 2.25 -8 -3.215 2.25 0 -3.215 2.25 0 -4.924
4 16 3.911 -18.365 -7.322 3.911 -.454 -7.321 3.316 -1.244 -10.402 3.318 -15.543 -10.391
4 16 2.721 -2.263 -12.682 2.709 -13.532 -12.699 3.318 -15.543 -10.391 3.316 -1.244 -10.402
4 16 1.777 -2.619 -13.446 1.752 -12.367 -13.452 2.709 -13.532 -12.699 2.721 -2.263 -12.682
4 16 0 -2.738 -13.75 0 -11.716 -13.739 1.752 -12.367 -13.452 1.777 -2.619 -13.446
4 16 2.25 -19.18 -4.922 2.25 -19 -1.9287 2.25 -8 -1.9287 2.25 -8 -3.215
3 16 2.431 -10.188 21.575 2.357 -7.514 19.598 2.081 -8.566 21.541
3 16 2.721 -18.999 -5.63 3.596 -18.791 -6.233 3.911 -18.365 -7.322
3 16 2.709 -13.532 -12.699 1.752 -12.367 -13.452 0 -11.716 -13.739
2 24 0 -7.39 -17.84 2.228 -7.539 -17.46
2 24 2.228 -7.539 -17.46 3.803 -8.488 -16.451
2 24 3.803 -8.488 -16.451 4.122 -9.027 -16.265
2 24 4.122 -9.027 -16.265 3.875 -9.638 -16.58
2 24 3.875 -9.638 -16.58 2.488 -10.471 -17.786
2 24 2.488 -10.471 -17.786 0 -10.68 -18.449
2 24 6.26 -14.415 -2.82 6.473 -13.464 -3.939
2 24 6.059 -15.129 -1.129 6.26 -14.415 -2.82
2 24 6.88 -5.046 -3.731 6.672 -4.009 -1.974
2 24 6.672 -4.009 -1.974 6.49 -3.602 -.529
2 24 5.804 -15.276 1.765 6.059 -15.129 -1.129
2 24 5.693 -14.476 3.347 5.804 -15.276 1.765
2 24 5.833 -13.01 4.517 5.693 -14.476 3.347
2 24 6.49 -3.602 -.529 6.124 -3.545 1.886
2 24 6.124 -3.545 1.886 5.927 -4.406 3.503
2 24 5.927 -4.406 3.503 5.933 -5.832 4.502
2 24 5.933 -5.832 4.502 5.994 -7.64 5.214
2 24 5.985 -11.162 5.224 5.833 -13.01 4.517
2 24 6.027 -9.227 5.43 5.985 -11.162 5.224
2 24 5.994 -7.64 5.214 6.027 -9.227 5.43
2 24 1.642 -22.419 .038 1.666 -22.545 -2.289
2 24 1.666 -22.545 -2.289 1.641 -22.195 -5.545
2 24 1.635 -22.075 2.389 1.642 -22.419 .038
2 24 1.641 -22.195 -5.545 1.297 -21.369 -9.426
2 24 1.565 -18.049 12.712 1.596 -19.657 9.311
2 24 1.506 -16.57 15.576 1.565 -18.049 12.712
2 24 1.216 -15.675 17.594 1.506 -16.57 15.576
2 24 0 -15.95 18.027 1.216 -15.675 17.594
2 24 1.596 -19.657 9.311 1.291 -20.49 7.322
2 24 0 -21.524 4.475 1.308 -21.598 4.074
2 24 1.291 -20.49 7.322 0 -20.695 7.013
2 24 1.308 -21.598 4.074 1.635 -22.075 2.389
2 24 1.488 -5.036 15.396 1.327 -5.699 17.538
2 24 1.485 -3.869 12.485 1.488 -5.036 15.396
2 24 1.526 -2.154 8.953 1.485 -3.869 12.485
2 24 1.409 -1.38 7.658 1.526 -2.154 8.953
2 24 3.602 0 -6.24 2.727 0 -5.635
2 24 3.316 -1.244 -10.402 3.911 -.454 -7.321
2 24 2.721 -2.263 -12.682 3.316 -1.244 -10.402
2 24 3.911 -.454 -7.321 3.602 0 -6.24
2 24 1.777 -2.619 -13.446 2.721 -2.263 -12.682
2 24 0 -2.738 -13.75 1.777 -2.619 -13.446
2 24 1.297 -21.369 -9.426 0 -21.28 -10.026
2 24 2.06 -14.27 27.296 0 -14.54 27.778
2 24 2.158 -13.885 26.131 2.06 -14.27 27.296
2 24 2.204 -12.875 22.671 2.158 -13.885 26.131
2 24 1.99 -6.013 27.391 0 -5.98 27.941
2 24 2.045 -6.722 25.779 1.99 -6.013 27.391
2 24 2.081 -8.566 21.541 2.045 -6.722 25.779
2 24 1.327 -5.699 17.538 0 -5.706 18.177
2 24 1.409 -1.38 7.658 0 -.926 7.114
2 24 2.25 0 -4.924 2.25 0 -3.215
2 24 2.727 0 -5.635 2.25 0 -4.924
2 24 2.721 -18.999 -5.63 2.25 -19.18 -4.922
2 24 3.596 -18.791 -6.233 2.721 -18.999 -5.63
2 24 3.911 -18.365 -7.322 3.596 -18.791 -6.233
2 24 3.318 -15.543 -10.391 3.911 -18.365 -7.322
2 24 2.709 -13.532 -12.699 3.318 -15.543 -10.391
2 24 1.752 -12.367 -13.452 2.709 -13.532 -12.699
2 24 0 -11.716 -13.739 1.752 -12.367 -13.452
2 24 2.25 -19.18 -4.922 2.25 -19 -1.9287
5 24 7.146 -4.512 -1.322 6.49 -3.602 -.529 6.672 -4.009 -1.974 7.88 -4.847 1.893
5 24 6.49 -3.602 -.529 7.88 -4.847 1.893 7.146 -4.512 -1.322 6.124 -3.545 1.886
2 24 7.88 -4.847 1.893 7.146 -4.512 -1.322
5 24 7.752 -14.104 1.567 6.059 -15.129 -1.129 7.147 -14.011 -1.697 5.804 -15.276 1.765
5 24 5.927 -4.406 3.503 8.35 -6.281 3.164 7.88 -4.847 1.893 5.933 -5.832 4.502
2 24 2.71 -8.947 29.015 2.677 -11.476 28.97
5 24 2.807 -14.243 -16.534 2.488 -10.471 -17.786 0 -10.68 -18.449 3.875 -9.638 -16.58
5 24 2.241 -13.679 19.711 2.427 -16.051 25.471 2.115 -14.74 18.895 2.306 -12.939 21.601
2 24 1.192 -25.129 -6.917 1.19 -26.269 -5.401
5 24 2.491 -6.69 17.98 3.056 -9.457 17.009 2.357 -7.514 19.598 3.038 -6.162 15.116
5 24 6.478 -2.737 -2.484 6.672 -4.009 -1.974 6.88 -5.046 -3.731 6.266 -2.356 -.576
5 24 5.221 -6.92 -13.952 3.557 -4.847 -14.826 5.296 -2.246 -10.39 3.803 -8.488 -16.451
5 24 2.431 -9.982 26.641 2.081 -8.566 21.541 2.431 -10.188 21.575 2.045 -6.722 25.779
2 24 2.06 -14.27 27.296 2.394 -13.265 28.151
5 24 1.171 -.564 12.805 1.485 -3.869 12.485 1.174 -.571 10.984 1.191 -.892 14.167
2 24 6.025 -.143 -3.212 5.765 0 -1.152
5 24 5.117 -18.112 -1.561 3.396 -21.771 -.086 3.453 -21.922 -2.264 4.907 -17.898 .82
5 24 2.423 -3.827 27.234 0 -3.215 27.544 0 -3.973 27.91 2.245 -2.742 25.845
5 24 2.431 -9.982 26.641 2.677 -11.476 28.97 2.394 -13.265 28.151 2.71 -8.947 29.015
5 24 0 -21.212 15.497 1.207 -22.125 13.902 1.178 -20.938 15.274 0 -22.426 14.15
2 24 1.19 -26.269 -5.401 1.175 -26.712 -3.91
5 24 1.163 -2.528 16.559 1.488 -5.036 15.396 1.207 -1.604 15.446 1.204 -4.12 17.57
5 24 5.221 -6.92 -13.952 3.803 -8.488 -16.451 3.557 -4.847 -14.826 4.122 -9.027 -16.265
5 24 2.394 -18.116 24.776 0 -18.764 24.847 0 -15.552 19.047 2.256 -17.666 26.669
5 24 2.172 -3.102 23.503 0 -5.739 19.096 0 -2.677 23.434 2.138 -6.226 19.304
5 24 2.138 -6.226 19.304 0 -5.739 19.096 1.327 -5.699 17.538 2.172 -3.102 23.503
5 24 2.392 -4.26 24.822 2.138 -6.226 19.304 2.172 -3.102 23.503 2.357 -7.514 19.598
2 24 1.291 -20.49 7.322 1.133 -21.386 8.292
2 24 1.16 -22.273 9.486 1.133 -21.386 8.292
5 24 3.875 -9.638 -16.58 2.267 -9.035 -16.89 4.122 -9.027 -16.265 2.488 -10.471 -17.786
5 24 6.478 -2.737 -2.484 6.025 -.143 -3.212 5.765 0 -1.152 6.648 -3.707 -5.982
5 24 2.652 -17.51 12.553 1.596 -19.657 9.311 1.565 -18.049 12.712 2.88 -19.153 9.005
2 24 1.207 -1.604 15.446 1.163 -2.528 16.559
5 24 5.833 -13.01 4.517 5.04 -11.517 8.896 4.585 -15.156 7.677 5.985 -11.162 5.224
5 24 3.056 -9.457 17.009 2.431 -10.188 21.575 2.491 -6.69 17.98 2.424 -11.561 20.815
5 24 0 -9.115 -17.167 2.267 -9.035 -16.89 0 -7.39 -17.84 2.488 -10.471 -17.786
2 24 8.35 -6.281 3.164 7.88 -4.847 1.893
5 24 5.765 0 -1.152 6.478 -2.737 -2.484 6.266 -2.356 -.576 6.025 -.143 -3.212
5 24 6.405 -9.414 -10.291 6.84 -9.203 -6.618 6.264 -4.442 -9.789 5.412 -16.441 -7.6
5 24 0 -8.984 29.784 2.71 -8.947 29.015 0 -11.63 29.728 0 -6.999 28.941
5 24 6.84 -9.203 -6.618 6.648 -3.707 -5.982 6.405 -9.414 -10.291 6.88 -5.046 -3.731
5 24 1.175 -26.712 -3.91 0 -26.675 -5.41 1.19 -26.269 -5.401 0 -27.06 -3.89
5 24 1.166 -18.559 17.136 0 -18.713 17.434 1.114 -19.833 16.299 0 -17.579 17.793
5 24 7.009 -9.251 -4.059 6.84 -9.203 -6.618 6.473 -13.464 -3.939 6.88 -5.046 -3.731
5 24 2.488 -10.471 -17.786 2.267 -9.035 -16.89 3.875 -9.638 -16.58 0 -9.115 -17.167
5 24 5.994 -7.64 5.214 5.084 -5.976 7.639 5.933 -5.832 4.502 6.027 -9.227 5.43
5 24 5.04 -11.517 8.896 6.027 -9.227 5.43 4.827 -8.119 9.602 5.985 -11.162 5.224
5 24 6.088 -.48 -4.905 6.648 -3.707 -5.982 5.919 -1.197 -7.423 6.025 -.143 -3.212
5 24 1.777 -2.619 -13.446 1.752 -12.367 -13.452 0 -2.738 -13.75 2.709 -13.532 -12.699
5 24 4.827 -8.119 9.602 6.027 -9.227 5.43 5.084 -5.976 7.639 5.04 -11.517 8.896
5 24 6.473 -13.464 -3.939 5.412 -16.441 -7.6 5.305 -17.711 -4.328 6.84 -9.203 -6.618
5 24 4.585 -15.156 7.677 2.88 -19.153 9.005 4.677 -17.441 3.421 2.652 -17.51 12.553
5 24 2.969 -13.33 16.154 3.642 -14.408 12.34 4.015 -11.555 12.885 2.35 -15.932 15.674
5 24 6.264 -4.442 -9.789 5.221 -6.92 -13.952 5.296 -2.246 -10.39 5.564 -9.43 -13.527
5 24 2.079 -4.719 -15.56 1.777 -2.619 -13.446 3.557 -4.847 -14.826 0 -2.738 -13.75
5 24 1.488 -5.036 15.396 1.207 -1.604 15.446 1.485 -3.869 12.485 1.163 -2.528 16.559
2 24 1.231 -23.638 -8.112 1.297 -21.369 -9.426
5 24 3.396 -21.771 -.086 1.642 -22.419 .038 1.635 -22.075 2.389 1.666 -22.545 -2.289
2 24 3.342 -21.642 -5.433 3.114 -20.467 -10.095
5 24 2.267 -9.035 -16.89 3.803 -8.488 -16.451 2.228 -7.539 -17.46 4.122 -9.027 -16.265
5 24 5.927 -4.406 3.503 7.88 -4.847 1.893 8.35 -6.281 3.164 6.124 -3.545 1.886
5 24 2.222 -16.377 27.587 0 -16.523 27.986 0 -14.54 27.778 2.256 -17.666 26.669
5 24 4.827 -8.119 9.602 3.568 -5.156 12.198 3.79 -8.806 13.672 5.084 -5.976 7.639
5 24 1.641 -22.195 -5.545 1.19 -26.269 -5.401 1.666 -22.545 -2.289 1.192 -25.129 -6.917
5 24 5.523 -2.65 3.823 5.876 -2.148 1.853 5.927 -4.406 3.503 5.276 0 2.033
5 24 1.172 -17.457 17.466 0 -17.579 17.793 1.166 -18.559 17.136 0 -15.95 18.027
5 24 6.26 -14.415 -2.82 5.117 -18.112 -1.561 6.059 -15.129 -1.129 5.305 -17.711 -4.328
5 24 1.565 -18.049 12.712 1.178 -20.938 15.274 1.207 -22.125 13.902 1.114 -19.833 16.299
5 24 1.199 -26.527 -2.345 0 -26.908 -2.328 1.175 -26.712 -3.91 1.193 -26.099 -.38
5 24 1.506 -16.57 15.576 1.114 -19.833 16.299 1.565 -18.049 12.712 1.166 -18.559 17.136
5 24 1.327 -5.699 17.538 2.491 -6.69 17.98 2.138 -6.226 19.304 3.038 -6.162 15.116
5 24 1.166 -18.559 17.136 0 -17.579 17.793 1.172 -17.457 17.466 0 -18.713 17.434
5 24 5.876 -2.148 1.853 6.124 -3.545 1.886 6.49 -3.602 -.529 5.523 -2.65 3.823
5 24 2.488 -10.471 -17.786 0 -9.115 -17.167 2.267 -9.035 -16.89 0 -10.68 -18.449
5 24 1.174 -.571 10.984 1.485 -3.869 12.485 1.526 -2.154 8.953 1.171 -.564 12.805
2 24 2.139 -2.627 24.536 2.245 -2.742 25.845
5 24 1.153 -.781 9.52 0 -.231 10.91 0 -.511 9.244 1.174 -.571 10.984
2 24 2.172 -3.102 23.503 2.138 -6.226 19.304
5 24 0 -21.572 8.054 1.291 -20.49 7.322 1.133 -21.386 8.292 0 -20.695 7.013
2 24 2.222 -16.377 27.587 2.06 -14.27 27.296
5 24 6.059 -15.129 -1.129 7.147 -14.011 -1.697 6.26 -14.415 -2.82 7.752 -14.104 1.567
5 24 6.124 -3.545 1.886 7.88 -4.847 1.893 5.927 -4.406 3.503 6.49 -3.602 -.529
5 24 6.088 -.48 -4.905 3.602 0 -6.24 5.919 -1.197 -7.423 2.727 0 -5.635
5 24 3.078 -18.659 -12.937 0 -18.869 -13.539 0 -14.632 -17.145 0 -21.28 -10.026
2 24 1.207 -1.604 15.446 1.191 -.892 14.167
5 24 2.424 -11.561 20.815 2.431 -10.188 21.575 2.204 -12.875 22.671 3.056 -9.457 17.009
5 24 7.147 -14.011 -1.697 6.26 -14.415 -2.82 6.473 -13.464 -3.939 6.059 -15.129 -1.129
5 24 3.038 -6.162 15.116 1.488 -5.036 15.396 3.568 -5.156 12.198 1.327 -5.699 17.538
5 24 3.878 -3.293 9.131 1.526 -2.154 8.953 1.485 -3.869 12.485 3.772 -1.235 6.668
5 24 3.79 -8.806 13.672 3.038 -6.162 15.116 3.568 -5.156 12.198 3.056 -9.457 17.009
2 24 1.172 -17.457 17.466 1.166 -18.559 17.136
5 24 3.772 -1.235 6.668 5.523 -2.65 3.823 4.253 0 4.002 5.258 -3.962 5.714
5 24 3.078 -18.659 -12.937 5.246 -14.85 -10.975 3.114 -20.467 -10.095 4.589 -13.085 -14.519
5 24 2.241 -13.679 19.711 2.306 -12.939 21.601 2.427 -16.051 25.471 2.342 -12.526 20.406
5 24 3.557 -4.847 -14.826 2.721 -2.263 -12.682 1.777 -2.619 -13.446 5.296 -2.246 -10.39
5 24 5.117 -18.112 -1.561 4.907 -17.898 .82 6.059 -15.129 -1.129 3.396 -21.771 -.086
5 24 5.933 -5.832 4.502 8.35 -6.281 3.164 5.927 -4.406 3.503 5.994 -7.64 5.214
2 24 8.703 -9.386 3.76 8.572 -10.962 3.608
5 24 2.35 -15.932 15.674 1.506 -16.57 15.576 2.652 -17.51 12.553 1.216 -15.675 17.594
2 24 6.88 -5.046 -3.731 7.146 -4.512 -1.322
5 24 6.264 -4.442 -9.789 5.296 -2.246 -10.39 5.919 -1.197 -7.423 5.221 -6.92 -13.952
5 24 6.648 -3.707 -5.982 6.264 -4.442 -9.789 5.919 -1.197 -7.423 6.84 -9.203 -6.618
5 24 3.642 -14.408 12.34 5.04 -11.517 8.896 4.585 -15.156 7.677 4.015 -11.555 12.885
5 24 3.122 -11.442 16.523 4.015 -11.555 12.885 3.79 -8.806 13.672 2.969 -13.33 16.154
5 24 2.204 -12.875 22.671 2.431 -10.188 21.575 2.424 -11.561 20.815 2.431 -9.982 26.641
5 24 2.378 -7.099 28.191 2.045 -6.722 25.779 1.99 -6.013 27.391 2.431 -9.982 26.641
5 24 1.133 -21.386 8.292 1.596 -19.657 9.311 1.291 -20.49 7.322 1.16 -22.273 9.486
5 24 3.911 -.454 -7.321 3.911 -18.365 -7.322 3.596 -18.791 -6.233 3.316 -1.244 -10.402
5 24 1.666 -22.545 -2.289 1.199 -26.527 -2.345 1.175 -26.712 -3.91 1.642 -22.419 .038
2 24 1.199 -26.527 -2.345 1.175 -26.712 -3.91
2 24 7.147 -14.011 -1.697 7.752 -14.104 1.567
2 24 7.752 -14.104 1.567 8.234 -12.682 2.968
5 24 8.703 -9.386 3.76 8.301 -9.382 1.354 8.572 -10.962 3.608 8.622 -7.858 3.598
5 24 0 -20.036 16.494 1.178 -20.938 15.274 1.114 -19.833 16.299 0 -21.212 15.497
5 24 1.171 -.564 12.805 0 -.535 14.257 1.191 -.892 14.167 0 -.222 12.818
2 24 3.114 -20.467 -10.095 3.078 -18.659 -12.937
5 24 6.027 -9.227 5.43 5.084 -5.976 7.639 5.994 -7.64 5.214 4.827 -8.119 9.602
5 24 8.301 -9.382 1.354 7.707 -9.302 -1.594 7.147 -14.011 -1.697 7.88 -4.847 1.893
5 24 4.907 -17.898 .82 3.325 -21.343 2.649 3.396 -21.771 -.086 4.677 -17.441 3.421
5 24 5.564 -9.43 -13.527 5.221 -6.92 -13.952 6.264 -4.442 -9.789 4.122 -9.027 -16.265
5 24 2.807 -14.243 -16.534 4.589 -13.085 -14.519 3.078 -18.659 -12.937 3.875 -9.638 -16.58
5 24 0 -26.675 -5.41 1.19 -26.269 -5.401 1.175 -26.712 -3.91 0 -25.487 -7.074
2 24 2.652 -17.51 12.553 2.35 -15.932 15.674
2 24 1.217 -22.762 12.407 1.204 -22.789 10.952
5 24 6.473 -13.464 -3.939 7.707 -9.302 -1.594 7.009 -9.251 -4.059 7.147 -14.011 -1.697
5 24 6.473 -13.464 -3.939 7.009 -9.251 -4.059 7.707 -9.302 -1.594 6.84 -9.203 -6.618
5 24 1.175 -26.712 -3.91 1.666 -22.545 -2.289 1.199 -26.527 -2.345 1.19 -26.269 -5.401
5 24 3.325 -21.343 2.649 1.308 -21.598 4.074 1.291 -20.49 7.322 1.635 -22.075 2.389
5 24 5.117 -18.112 -1.561 3.453 -21.922 -2.264 5.305 -17.711 -4.328 3.396 -21.771 -.086
5 24 0 -3.973 27.91 2.423 -3.827 27.234 0 -5.98 27.941 0 -3.215 27.544
5 24 3.642 -14.408 12.34 4.015 -11.555 12.885 2.969 -13.33 16.154 5.04 -11.517 8.896
5 24 2.512 0 5.334 1.409 -1.38 7.658 3.772 -1.235 6.668 0 0 5.661
5 24 1.641 -22.195 -5.545 3.342 -21.642 -5.433 1.666 -22.545 -2.289 1.297 -21.369 -9.426
5 24 4.589 -13.085 -14.519 5.246 -14.85 -10.975 3.078 -18.659 -12.937 5.564 -9.43 -13.527
5 24 6.266 -2.356 -.576 6.478 -2.737 -2.484 6.49 -3.602 -.529 5.765 0 -1.152
5 24 2.677 -11.476 28.97 0 -11.63 29.728 2.394 -13.265 28.151 2.71 -8.947 29.015
5 24 0 -26.908 -2.328 1.175 -26.712 -3.91 0 -27.06 -3.89 1.199 -26.527 -2.345
5 24 2.394 -18.116 24.776 0 -15.552 19.047 0 -18.764 24.847 2.115 -14.74 18.895
5 24 5.693 -14.476 3.347 4.585 -15.156 7.677 4.677 -17.441 3.421 5.833 -13.01 4.517
5 24 7.146 -4.512 -1.322 7.707 -9.302 -1.594 7.88 -4.847 1.893 6.88 -5.046 -3.731
5 24 7.88 -4.847 1.893 7.707 -9.302 -1.594 7.146 -4.512 -1.322 8.301 -9.382 1.354
2 24 3.772 -1.235 6.668 4.253 0 4.002
5 24 0 -23.849 -8.479 1.231 -23.638 -8.112 1.192 -25.129 -6.917 1.297 -21.369 -9.426
5 24 3.875 -9.638 -16.58 4.589 -13.085 -14.519 2.807 -14.243 -16.534 4.122 -9.027 -16.265
5 24 0 -14.632 -17.145 3.078 -18.659 -12.937 2.807 -14.243 -16.534 0 -18.869 -13.539
5 24 4.015 -11.555 12.885 2.969 -13.33 16.154 3.642 -14.408 12.34 3.122 -11.442 16.523
5 24 2.969 -13.33 16.154 2.115 -14.74 18.895 2.35 -15.932 15.674 2.241 -13.679 19.711
5 24 0 -27.06 -3.89 1.175 -26.712 -3.91 0 -26.675 -5.41 0 -26.908 -2.328
5 24 5.876 -2.148 1.853 6.266 -2.356 -.576 5.276 0 2.033 6.124 -3.545 1.886
5 24 1.207 -1.604 15.446 0 -1.262 15.637 0 -2.294 16.795 1.191 -.892 14.167
2 24 1.166 -18.559 17.136 1.114 -19.833 16.299
5 24 4.585 -15.156 7.677 4.677 -17.441 3.421 2.88 -19.153 9.005 5.693 -14.476 3.347
5 24 4.677 -17.441 3.421 2.88 -19.153 9.005 3.325 -21.343 2.649 4.585 -15.156 7.677
5 24 6.88 -5.046 -3.731 6.84 -9.203 -6.618 6.648 -3.707 -5.982 7.009 -9.251 -4.059
5 24 6.059 -15.129 -1.129 5.117 -18.112 -1.561 6.26 -14.415 -2.82 4.907 -17.898 .82
5 24 3.79 -8.806 13.672 3.056 -9.457 17.009 3.038 -6.162 15.116 3.122 -11.442 16.523
2 24 1.171 -.564 12.805 1.191 -.892 14.167
5 24 1.152 -25.249 1.568 1.635 -22.075 2.389 1.642 -22.419 .038 1.14 -24.082 3.148
5 24 0 -23.849 -8.479 1.297 -21.369 -9.426 0 -21.28 -10.026 1.231 -23.638 -8.112
5 24 3.568 -5.156 12.198 5.084 -5.976 7.639 4.827 -8.119 9.602 3.878 -3.293 9.131
5 24 2.045 -6.722 25.779 2.392 -4.26 24.822 1.99 -6.013 27.391 2.081 -8.566 21.541
5 24 1.152 -25.249 1.568 1.642 -22.419 .038 1.635 -22.075 2.389 1.193 -26.099 -.38
5 24 3.79 -8.806 13.672 4.827 -8.119 9.602 3.568 -5.156 12.198 4.015 -11.555 12.885
5 24 8.572 -10.962 3.608 5.833 -13.01 4.517 8.234 -12.682 2.968 5.985 -11.162 5.224
5 24 2.721 -2.263 -12.682 2.709 -13.532 -12.699 1.777 -2.619 -13.446 3.318 -15.543 -10.391
5 24 2.245 -2.742 25.845 0 -3.215 27.544 0 -2.268 26.186 2.423 -3.827 27.234
5 24 6.478 -2.737 -2.484 6.88 -5.046 -3.731 6.672 -4.009 -1.974 6.648 -3.707 -5.982
5 24 1.204 -4.12 17.57 0 -4.115 17.967 1.163 -2.528 16.559 0 -5.706 18.177
5 24 8.703 -9.386 3.76 6.027 -9.227 5.43 8.622 -7.858 3.598 5.985 -11.162 5.224
5 24 8.572 -10.962 3.608 8.301 -9.382 1.354 8.703 -9.386 3.76 8.234 -12.682 2.968
2 24 7.147 -14.011 -1.697 6.473 -13.464 -3.939
2 24 1.204 -22.789 10.952 1.16 -22.273 9.486
2 24 3.453 -21.922 -2.264 3.342 -21.642 -5.433
5 24 5.258 -3.962 5.714 5.084 -5.976 7.639 3.878 -3.293 9.131 5.933 -5.832 4.502
5 24 0 -23.155 12.49 1.217 -22.762 12.407 1.207 -22.125 13.902 0 -23.176 10.93
5 24 2.081 -8.566 21.541 2.357 -7.514 19.598 2.392 -4.26 24.822 2.431 -10.188 21.575
5 24 2.256 -17.666 26.669 2.427 -16.051 25.471 2.394 -18.116 24.776 2.222 -16.377 27.587
5 24 8.301 -9.382 1.354 8.234 -12.682 2.968 8.572 -10.962 3.608 7.752 -14.104 1.567
5 24 1.114 -19.833 16.299 0 -20.036 16.494 0 -18.713 17.434 1.178 -20.938 15.274
5 24 7.009 -9.251 -4.059 6.88 -5.046 -3.731 7.707 -9.302 -1.594 6.84 -9.203 -6.618
5 24 3.878 -3.293 9.131 5.258 -3.962 5.714 5.084 -5.976 7.639 3.772 -1.235 6.668
2 24 1.192 -25.129 -6.917 1.231 -23.638 -8.112
5 24 3.568 -5.156 12.198 3.79 -8.806 13.672 4.827 -8.119 9.602 3.038 -6.162 15.116
2 24 1.409 -1.38 7.658 1.153 -.781 9.52
5 24 2.392 -4.26 24.822 2.172 -3.102 23.503 2.138 -6.226 19.304 2.139 -2.627 24.536
5 24 2.115 -14.74 18.895 2.427 -16.051 25.471 2.394 -18.116 24.776 2.241 -13.679 19.711
5 24 3.056 -9.457 17.009 3.122 -11.442 16.523 2.424 -11.561 20.815 3.79 -8.806 13.672
5 24 2.35 -15.932 15.674 3.642 -14.408 12.34 2.652 -17.51 12.553 2.969 -13.33 16.154
2 24 1.163 -2.528 16.559 1.204 -4.12 17.57
5 24 2.158 -13.885 26.131 2.431 -9.982 26.641 2.394 -13.265 28.151 2.204 -12.875 22.671
5 24 4.253 0 4.002 5.523 -2.65 3.823 5.276 0 2.033 3.772 -1.235 6.668
5 24 5.084 -5.976 7.639 3.878 -3.293 9.131 3.568 -5.156 12.198 5.258 -3.962 5.714
5 24 3.642 -14.408 12.34 4.585 -15.156 7.677 5.04 -11.517 8.896 2.35 -15.932 15.674
5 24 2.25 0 -4.924 2.8284 0 -2.8284 2.25 0 -3.215 3.3912 0 -2.266
5 24 2.115 -14.74 18.895 1.216 -15.675 17.594 0 -15.552 19.047 2.35 -15.932 15.674
5 24 0 -23.176 10.93 1.204 -22.789 10.952 1.217 -22.762 12.407 0 -22.612 9.413
5 24 2.431 -10.188 21.575 2.357 -7.514 19.598 2.081 -8.566 21.541 3.056 -9.457 17.009
5 24 2.228 -7.539 -17.46 3.557 -4.847 -14.826 3.803 -8.488 -16.451 2.079 -4.719 -15.56
5 24 7.147 -14.011 -1.697 8.301 -9.382 1.354 7.707 -9.302 -1.594 7.752 -14.104 1.567
5 24 5.412 -16.441 -7.6 5.305 -17.711 -4.328 6.473 -13.464 -3.939 3.342 -21.642 -5.433
2 24 2.652 -17.51 12.553 2.88 -19.153 9.005
5 24 2.424 -11.561 20.815 3.122 -11.442 16.523 3.056 -9.457 17.009 2.342 -12.526 20.406
5 24 6.84 -9.203 -6.618 5.412 -16.441 -7.6 6.473 -13.464 -3.939 6.405 -9.414 -10.291
5 24 2.427 -16.051 25.471 2.204 -12.875 22.671 2.158 -13.885 26.131 2.306 -12.939 21.601
5 24 2.256 -17.666 26.669 0 -18.764 24.847 0 -18.132 26.927 2.394 -18.116 24.776
5 24 6.266 -2.356 -.576 5.765 0 -1.152 5.276 0 2.033 6.478 -2.737 -2.484
5 24 1.291 -20.49 7.322 3.325 -21.343 2.649 1.308 -21.598 4.074 2.88 -19.153 9.005
5 24 2.204 -12.875 22.671 2.431 -9.982 26.641 2.431 -10.188 21.575 2.158 -13.885 26.131
5 24 0 -25.487 -7.074 1.192 -25.129 -6.917 1.19 -26.269 -5.401 0 -23.849 -8.479
5 24 2.306 -12.939 21.601 2.427 -16.051 25.471 2.241 -13.679 19.711 2.204 -12.875 22.671
5 24 0 -22.426 14.15 1.207 -22.125 13.902 0 -21.212 15.497 0 -23.155 12.49
5 24 1.193 -26.099 -.38 0 -25.562 1.673 1.152 -25.249 1.568 0 -26.466 -.319
5 24 2.652 -17.51 12.553 1.506 -16.57 15.576 2.35 -15.932 15.674 1.565 -18.049 12.712
5 24 1.291 -20.49 7.322 1.308 -21.598 4.074 3.325 -21.343 2.649 0 -21.524 4.475
2 24 3.325 -21.343 2.649 3.396 -21.771 -.086
2 24 3.078 -18.659 -12.937 2.807 -14.243 -16.534
5 24 1.666 -22.545 -2.289 3.342 -21.642 -5.433 3.453 -21.922 -2.264 1.641 -22.195 -5.545
2 24 1.178 -20.938 15.274 1.207 -22.125 13.902
5 24 2.241 -13.679 19.711 2.342 -12.526 20.406 2.969 -13.33 16.154 2.306 -12.939 21.601
2 24 5.276 0 2.033 4.253 0 4.002
5 24 3.325 -21.343 2.649 1.635 -22.075 2.389 3.396 -21.771 -.086 1.308 -21.598 4.074
5 24 7.88 -4.847 1.893 8.301 -9.382 1.354 8.622 -7.858 3.598 7.707 -9.302 -1.594
5 24 2.267 -9.035 -16.89 2.228 -7.539 -17.46 3.803 -8.488 -16.451 0 -9.115 -17.167
5 24 5.412 -16.441 -7.6 6.405 -9.414 -10.291 5.246 -14.85 -10.975 6.84 -9.203 -6.618
5 24 2.245 -2.742 25.845 0 -2.268 26.186 0 -3.215 27.544 2.139 -2.627 24.536
5 24 4.827 -8.119 9.602 5.04 -11.517 8.896 3.79 -8.806 13.672 6.027 -9.227 5.43
2 24 2.394 -18.116 24.776 2.115 -14.74 18.895
5 24 2.079 -4.719 -15.56 2.228 -7.539 -17.46 0 -4.738 -15.925 3.557 -4.847 -14.826
5 24 3.568 -5.156 12.198 1.488 -5.036 15.396 3.038 -6.162 15.116 1.485 -3.869 12.485
2 24 2.88 -19.153 9.005 3.325 -21.343 2.649
5 24 1.171 -.564 12.805 0 -.222 12.818 1.174 -.571 10.984 0 -.535 14.257
2 24 2.423 -3.827 27.234 1.99 -6.013 27.391
5 24 1.641 -22.195 -5.545 1.192 -25.129 -6.917 1.19 -26.269 -5.401 1.231 -23.638 -8.112
5 24 2.394 -18.116 24.776 2.427 -16.051 25.471 2.256 -17.666 26.669 2.115 -14.74 18.895
5 24 2.256 -17.666 26.669 0 -18.132 26.927 0 -16.523 27.986 0 -18.764 24.847
5 24 8.301 -9.382 1.354 7.752 -14.104 1.567 7.147 -14.011 -1.697 8.234 -12.682 2.968
5 24 5.564 -9.43 -13.527 4.122 -9.027 -16.265 4.589 -13.085 -14.519 5.221 -6.92 -13.952
5 24 1.526 -2.154 8.953 1.174 -.571 10.984 1.153 -.781 9.52 1.485 -3.869 12.485
5 24 3.038 -6.162 15.116 1.327 -5.699 17.538 2.491 -6.69 17.98 1.488 -5.036 15.396
5 24 1.666 -22.545 -2.289 3.396 -21.771 -.086 1.642 -22.419 .038 3.453 -21.922 -2.264
2 24 1.204 -4.12 17.57 1.327 -5.699 17.538
2 24 3.038 -6.162 15.116 3.568 -5.156 12.198
2 24 1.308 -21.598 4.074 1.146 -23.049 3.742
5 24 5.985 -11.162 5.224 5.04 -11.517 8.896 6.027 -9.227 5.43 5.833 -13.01 4.517
5 24 5.296 -2.246 -10.39 2.721 -2.263 -12.682 3.557 -4.847 -14.826 3.316 -1.244 -10.402
5 24 2.342 -12.526 20.406 2.969 -13.33 16.154 2.241 -13.679 19.711 3.122 -11.442 16.523
5 24 2.342 -12.526 20.406 2.306 -12.939 21.601 2.424 -11.561 20.815 2.241 -13.679 19.711
5 24 0 -2.294 16.795 1.207 -1.604 15.446 0 -1.262 15.637 1.163 -2.528 16.559
5 24 2.172 -3.102 23.503 0 -2.677 23.434 2.139 -2.627 24.536 0 -5.739 19.096
2 24 1.153 -.781 9.52 1.174 -.571 10.984
5 24 2.652 -17.51 12.553 1.565 -18.049 12.712 1.596 -19.657 9.311 1.506 -16.57 15.576
5 24 3.557 -4.847 -14.826 1.777 -2.619 -13.446 2.721 -2.263 -12.682 2.079 -4.719 -15.56
5 24 6.264 -4.442 -9.789 6.405 -9.414 -10.291 6.648 -3.707 -5.982 5.564 -9.43 -13.527
5 24 8.234 -12.682 2.968 5.833 -13.01 4.517 8.572 -10.962 3.608 5.693 -14.476 3.347
5 24 1.526 -2.154 8.953 1.153 -.781 9.52 1.174 -.571 10.984 1.409 -1.38 7.658
2 24 1.174 -.571 10.984 1.171 -.564 12.805
5 24 3.122 -11.442 16.523 2.969 -13.33 16.154 4.015 -11.555 12.885 2.342 -12.526 20.406
5 24 4.907 -17.898 .82 5.804 -15.276 1.765 6.059 -15.129 -1.129 4.677 -17.441 3.421
2 24 1.14 -24.082 3.148 1.152 -25.249 1.568
5 24 1.204 -4.12 17.57 1.488 -5.036 15.396 1.163 -2.528 16.559 1.327 -5.699 17.538
5 24 5.246 -14.85 -10.975 5.412 -16.441 -7.6 6.405 -9.414 -10.291 3.114 -20.467 -10.095
5 24 7.707 -9.302 -1.594 7.147 -14.011 -1.697 6.473 -13.464 -3.939 8.301 -9.382 1.354
5 24 4.907 -17.898 .82 4.677 -17.441 3.421 3.325 -21.343 2.649 5.804 -15.276 1.765
5 24 3.557 -4.847 -14.826 5.296 -2.246 -10.39 5.221 -6.92 -13.952 2.721 -2.263 -12.682
5 24 2.342 -12.526 20.406 2.424 -11.561 20.815 2.306 -12.939 21.601 3.122 -11.442 16.523
2 24 1.193 -26.099 -.38 1.199 -26.527 -2.345
5 24 2.727 0 -5.635 2.721 -18.999 -5.63 3.602 0 -6.24 2.25 -19.18 -4.922
5 24 1.565 -18.049 12.712 1.114 -19.833 16.299 1.506 -16.57 15.576 1.178 -20.938 15.274
5 24 2.431 -9.982 26.641 2.378 -7.099 28.191 2.71 -8.947 29.015 2.045 -6.722 25.779
5 24 2.394 -13.265 28.151 0 -11.63 29.728 2.677 -11.476 28.97 0 -13.509 28.709
5 24 0 -26.466 -.319 1.193 -26.099 -.38 0 -26.908 -2.328 0 -25.562 1.673
5 24 6.473 -13.464 -3.939 6.84 -9.203 -6.618 7.009 -9.251 -4.059 5.412 -16.441 -7.6
5 24 2.158 -13.885 26.131 2.427 -16.051 25.471 2.06 -14.27 27.296 2.204 -12.875 22.671
5 24 5.564 -9.43 -13.527 6.264 -4.442 -9.789 5.221 -6.92 -13.952 6.405 -9.414 -10.291
5 24 1.146 -23.049 3.742 0 -23.051 4.065 1.308 -21.598 4.074 0 -24.181 3.483
5 24 3.772 -1.235 6.668 5.258 -3.962 5.714 3.878 -3.293 9.131 5.523 -2.65 3.823
5 24 5.994 -7.64 5.214 8.35 -6.281 3.164 5.933 -5.832 4.502 8.622 -7.858 3.598
5 24 7.752 -14.104 1.567 5.804 -15.276 1.765 6.059 -15.129 -1.129 5.693 -14.476 3.347
5 24 6.672 -4.009 -1.974 7.146 -4.512 -1.322 6.88 -5.046 -3.731 6.49 -3.602 -.529
5 24 2.204 -12.875 22.671 2.424 -11.561 20.815 2.431 -10.188 21.575 2.306 -12.939 21.601
2 24 1.216 -15.675 17.594 1.172 -17.457 17.466
5 24 5.412 -16.441 -7.6 3.342 -21.642 -5.433 5.305 -17.711 -4.328 3.114 -20.467 -10.095
5 24 2.431 -9.982 26.641 2.71 -8.947 29.015 2.378 -7.099 28.191 2.677 -11.476 28.97
2 24 2.423 -3.827 27.234 2.245 -2.742 25.845
5 24 2.431 -10.188 21.575 2.431 -9.982 26.641 2.204 -12.875 22.671 2.081 -8.566 21.541
5 24 2.342 -12.526 20.406 3.122 -11.442 16.523 2.424 -11.561 20.815 2.969 -13.33 16.154
5 24 2.079 -4.719 -15.56 3.557 -4.847 -14.826 1.777 -2.619 -13.446 2.228 -7.539 -17.46
5 24 0 -23.849 -8.479 1.192 -25.129 -6.917 1.231 -23.638 -8.112 0 -25.487 -7.074
5 24 2.222 -16.377 27.587 0 -14.54 27.778 0 -16.523 27.986 2.06 -14.27 27.296
5 24 5.564 -9.43 -13.527 5.246 -14.85 -10.975 6.405 -9.414 -10.291 4.589 -13.085 -14.519
5 24 7.009 -9.251 -4.059 7.707 -9.302 -1.594 6.473 -13.464 -3.939 6.88 -5.046 -3.731
5 24 5.804 -15.276 1.765 4.677 -17.441 3.421 5.693 -14.476 3.347 4.907 -17.898 .82
5 24 3.396 -21.771 -.086 1.635 -22.075 2.389 1.642 -22.419 .038 3.325 -21.343 2.649
5 24 6.025 -.143 -3.212 3.6956 0 -1.5308 2.25 0 -3.215 5.765 0 -1.152
5 24 1.635 -22.075 2.389 1.146 -23.049 3.742 1.14 -24.082 3.148 1.308 -21.598 4.074
5 24 4.907 -17.898 .82 6.059 -15.129 -1.129 5.804 -15.276 1.765 5.117 -18.112 -1.561
5 24 1.14 -24.082 3.148 1.635 -22.075 2.389 1.146 -23.049 3.742 1.152 -25.249 1.568
2 24 3.038 -6.162 15.116 2.491 -6.69 17.98
5 24 4.585 -15.156 7.677 2.652 -17.51 12.553 3.642 -14.408 12.34 2.88 -19.153 9.005
5 24 3.568 -5.156 12.198 1.485 -3.869 12.485 1.488 -5.036 15.396 3.878 -3.293 9.131
5 24 1.207 -22.125 13.902 1.565 -18.049 12.712 1.217 -22.762 12.407 1.178 -20.938 15.274
2 24 2.491 -6.69 17.98 2.138 -6.226 19.304
2 24 3.396 -21.771 -.086 3.453 -21.922 -2.264
5 24 3.316 -1.244 -10.402 3.318 -15.543 -10.391 3.911 -18.365 -7.322 2.721 -2.263 -12.682
2 24 3.568 -5.156 12.198 3.878 -3.293 9.131
5 24 1.99 -6.013 27.391 2.392 -4.26 24.822 2.045 -6.722 25.779 2.423 -3.827 27.234
5 24 1.506 -16.57 15.576 1.172 -17.457 17.466 1.166 -18.559 17.136 1.216 -15.675 17.594
5 24 4.827 -8.119 9.602 5.084 -5.976 7.639 6.027 -9.227 5.43 3.568 -5.156 12.198
5 24 5.305 -17.711 -4.328 3.453 -21.922 -2.264 3.342 -21.642 -5.433 5.117 -18.112 -1.561
5 24 5.305 -17.711 -4.328 5.117 -18.112 -1.561 6.26 -14.415 -2.82 3.453 -21.922 -2.264
2 24 1.152 -25.249 1.568 1.193 -26.099 -.38
5 24 2.969 -13.33 16.154 2.241 -13.679 19.711 2.115 -14.74 18.895 2.342 -12.526 20.406
5 24 6.49 -3.602 -.529 6.266 -2.356 -.576 6.672 -4.009 -1.974 5.876 -2.148 1.853
5 24 3.396 -21.771 -.086 4.907 -17.898 .82 3.325 -21.343 2.649 5.117 -18.112 -1.561
5 24 0 -5.706 18.177 1.204 -4.12 17.57 0 -4.115 17.967 1.327 -5.699 17.538
5 24 1.14 -24.082 3.148 0 -25.562 1.673 0 -24.181 3.483 1.152 -25.249 1.568
5 24 3.79 -8.806 13.672 3.122 -11.442 16.523 4.015 -11.555 12.885 3.056 -9.457 17.009
5 24 2.138 -6.226 19.304 1.327 -5.699 17.538 0 -5.739 19.096 2.491 -6.69 17.98
2 24 1.146 -23.049 3.742 1.14 -24.082 3.148
5 24 5.985 -11.162 5.224 8.572 -10.962 3.608 8.703 -9.386 3.76 5.833 -13.01 4.517
5 24 3.911 -.454 -7.321 5.919 -1.197 -7.423 3.602 0 -6.24 3.316 -1.244 -10.402
5 24 0 -22.612 9.413 1.16 -22.273 9.486 1.204 -22.789 10.952 0 -21.572 8.054
5 24 1.596 -19.657 9.311 1.217 -22.762 12.407 1.565 -18.049 12.712 1.204 -22.789 10.952
5 24 3.772 -1.235 6.668 1.526 -2.154 8.953 3.878 -3.293 9.131 1.409 -1.38 7.658
5 24 2.228 -7.539 -17.46 0 -4.738 -15.925 0 -7.39 -17.84 2.079 -4.719 -15.56
5 24 5.833 -13.01 4.517 4.585 -15.156 7.677 5.04 -11.517 8.896 5.693 -14.476 3.347
2 24 8.622 -7.858 3.598 8.703 -9.386 3.76
5 24 6.266 -2.356 -.576 5.276 0 2.033 5.765 0 -1.152 5.876 -2.148 1.853
5 24 6.088 -.48 -4.905 2.727 0 -5.635 6.025 -.143 -3.212 3.602 0 -6.24
2 24 8.572 -10.962 3.608 8.234 -12.682 2.968
5 24 0 -25.487 -7.074 1.19 -26.269 -5.401 1.192 -25.129 -6.917 0 -26.675 -5.41
5 24 5.933 -5.832 4.502 5.258 -3.962 5.714 5.927 -4.406 3.503 5.084 -5.976 7.639
5 24 1.231 -23.638 -8.112 1.641 -22.195 -5.545 1.192 -25.129 -6.917 1.297 -21.369 -9.426
5 24 2.306 -12.939 21.601 2.424 -11.561 20.815 2.204 -12.875 22.671 2.342 -12.526 20.406
5 24 3.078 -18.659 -12.937 4.589 -13.085 -14.519 5.246 -14.85 -10.975 2.807 -14.243 -16.534
5 24 0 -15.552 19.047 1.216 -15.675 17.594 0 -15.95 18.027 2.115 -14.74 18.895
5 24 4.585 -15.156 7.677 5.04 -11.517 8.896 5.833 -13.01 4.517 3.642 -14.408 12.34
5 24 1.204 -22.789 10.952 1.596 -19.657 9.311 1.16 -22.273 9.486 1.217 -22.762 12.407
5 24 2.431 -9.982 26.641 2.045 -6.722 25.779 2.378 -7.099 28.191 2.081 -8.566 21.541
5 24 1.297 -21.369 -9.426 3.342 -21.642 -5.433 1.641 -22.195 -5.545 3.114 -20.467 -10.095
5 24 6.88 -5.046 -3.731 7.707 -9.302 -1.594 7.146 -4.512 -1.322 7.009 -9.251 -4.059
5 24 3.114 -20.467 -10.095 5.412 -16.441 -7.6 3.342 -21.642 -5.433 5.246 -14.85 -10.975
5 24 2.256 -17.666 26.669 0 -16.523 27.986 0 -18.132 26.927 2.222 -16.377 27.587
5 24 6.88 -5.046 -3.731 6.648 -3.707 -5.982 6.478 -2.737 -2.484 6.84 -9.203 -6.618
2 24 6.025 -.143 -3.212 6.088 -.48 -4.905
5 24 1.153 -.781 9.52 0 -.511 9.244 0 -.231 10.91 1.409 -1.38 7.658
5 24 5.523 -2.65 3.823 5.276 0 2.033 4.253 0 4.002 5.876 -2.148 1.853
2 24 2.256 -17.666 26.669 2.394 -18.116 24.776
5 24 2.727 0 -5.635 6.025 -.143 -3.212 2.25 0 -4.924 6.088 -.48 -4.905
5 24 1.666 -22.545 -2.289 3.453 -21.922 -2.264 3.342 -21.642 -5.433 3.396 -21.771 -.086
5 24 1.146 -23.049 3.742 0 -24.181 3.483 1.14 -24.082 3.148 0 -23.051 4.065
5 24 4.015 -11.555 12.885 3.79 -8.806 13.672 5.04 -11.517 8.896 3.122 -11.442 16.523
5 24 3.878 -3.293 9.131 1.485 -3.869 12.485 1.526 -2.154 8.953 3.568 -5.156 12.198
5 24 6.648 -3.707 -5.982 5.919 -1.197 -7.423 6.264 -4.442 -9.789 6.088 -.48 -4.905
5 24 0 -.231 10.91 1.174 -.571 10.984 0 -.222 12.818 1.153 -.781 9.52
5 24 2.969 -13.33 16.154 2.35 -15.932 15.674 3.642 -14.408 12.34 2.115 -14.74 18.895
5 24 2.115 -14.74 18.895 2.241 -13.679 19.711 2.969 -13.33 16.154 2.427 -16.051 25.471
5 24 0 -10.68 -18.449 2.807 -14.243 -16.534 0 -14.632 -17.145 2.488 -10.471 -17.786
5 24 4.122 -9.027 -16.265 2.267 -9.035 -16.89 3.803 -8.488 -16.451 3.875 -9.638 -16.58
5 24 7.752 -14.104 1.567 5.693 -14.476 3.347 8.234 -12.682 2.968 5.804 -15.276 1.765
5 24 8.234 -12.682 2.968 5.693 -14.476 3.347 5.833 -13.01 4.517 7.752 -14.104 1.567
5 24 3.342 -21.642 -5.433 5.305 -17.711 -4.328 3.453 -21.922 -2.264 5.412 -16.441 -7.6
5 24 2.431 -10.188 21.575 2.081 -8.566 21.541 2.357 -7.514 19.598 2.431 -9.982 26.641
5 24 5.523 -2.65 3.823 5.927 -4.406 3.503 5.258 -3.962 5.714 6.124 -3.545 1.886
5 24 2.424 -11.561 20.815 3.056 -9.457 17.009 3.122 -11.442 16.523 2.431 -10.188 21.575
5 24 3.875 -9.638 -16.58 2.807 -14.243 -16.534 4.589 -13.085 -14.519 2.488 -10.471 -17.786
5 24 3.078 -18.659 -12.937 1.297 -21.369 -9.426 0 -21.28 -10.026 3.114 -20.467 -10.095
2 24 5.765 0 -1.152 5.276 0 2.033
5 24 3.602 0 -6.24 3.596 -18.791 -6.233 2.721 -18.999 -5.63 3.911 -.454 -7.321
5 24 8.703 -9.386 3.76 5.985 -11.162 5.224 8.572 -10.962 3.608 6.027 -9.227 5.43
5 24 2.392 -4.26 24.822 2.357 -7.514 19.598 2.138 -6.226 19.304 2.081 -8.566 21.541
5 24 0 -21.212 15.497 1.178 -20.938 15.274 0 -20.036 16.494 1.207 -22.125 13.902
5 24 1.327 -5.699 17.538 0 -5.739 19.096 0 -5.706 18.177 2.138 -6.226 19.304
5 24 1.114 -19.833 16.299 0 -18.713 17.434 0 -20.036 16.494 1.166 -18.559 17.136
5 24 3.038 -6.162 15.116 3.056 -9.457 17.009 3.79 -8.806 13.672 2.491 -6.69 17.98
5 24 1.291 -20.49 7.322 2.88 -19.153 9.005 1.596 -19.657 9.311 3.325 -21.343 2.649
5 24 2.158 -13.885 26.131 2.394 -13.265 28.151 2.06 -14.27 27.296 2.431 -9.982 26.641
2 24 2.394 -13.265 28.151 2.677 -11.476 28.97
2 24 2.71 -8.947 29.015 2.378 -7.099 28.191
2 24 4.253 0 4.002 2.512 0 5.334
5 24 1.191 -.892 14.167 0 -.535 14.257 0 -1.262 15.637 1.171 -.564 12.805
2 24 1.114 -19.833 16.299 1.178 -20.938 15.274
2 24 2.378 -7.099 28.191 1.99 -6.013 27.391
5 24 1.172 -17.457 17.466 0 -15.95 18.027 1.216 -15.675 17.594 0 -17.579 17.793
5 24 1.133 -21.386 8.292 0 -21.572 8.054 1.291 -20.49 7.322 1.16 -22.273 9.486
5 24 0 -14.632 -17.145 2.807 -14.243 -16.534 3.078 -18.659 -12.937 0 -10.68 -18.449
5 24 2.378 -7.099 28.191 0 -6.999 28.941 2.71 -8.947 29.015 0 -5.98 27.941
5 24 2.35 -15.932 15.674 1.216 -15.675 17.594 1.506 -16.57 15.576 2.115 -14.74 18.895
5 24 2.392 -4.26 24.822 2.245 -2.742 25.845 2.139 -2.627 24.536 2.423 -3.827 27.234
5 24 5.276 0 2.033 5.876 -2.148 1.853 6.266 -2.356 -.576 5.523 -2.65 3.823
5 24 2.71 -8.947 29.015 0 -6.999 28.941 0 -8.984 29.784 2.378 -7.099 28.191
5 24 0 -2.148 24.519 2.139 -2.627 24.536 0 -2.268 26.186 0 -2.677 23.434
2 24 0 0 5.661 2.512 0 5.334
5 24 2.079 -4.719 -15.56 0 -2.738 -13.75 0 -4.738 -15.925 1.777 -2.619 -13.446
5 24 2.394 -13.265 28.151 0 -13.509 28.709 0 -11.63 29.728 2.06 -14.27 27.296
5 24 6.025 -.143 -3.212 2.25 0 -4.924 2.727 0 -5.635 3.3912 0 -2.266
5 24 1.409 -1.38 7.658 0 -.511 9.244 0 -.926 7.114 1.153 -.781 9.52
5 24 5.305 -17.711 -4.328 6.473 -13.464 -3.939 6.26 -14.415 -2.82 5.412 -16.441 -7.6
5 24 5.919 -1.197 -7.423 6.264 -4.442 -9.789 6.648 -3.707 -5.982 5.296 -2.246 -10.39
5 24 6.405 -9.414 -10.291 5.564 -9.43 -13.527 6.264 -4.442 -9.789 5.246 -14.85 -10.975
5 24 3.114 -20.467 -10.095 5.246 -14.85 -10.975 3.078 -18.659 -12.937 5.412 -16.441 -7.6
5 24 4.589 -13.085 -14.519 5.564 -9.43 -13.527 3.875 -9.638 -16.58 5.246 -14.85 -10.975
2 24 2.35 -15.932 15.674 2.115 -14.74 18.895
5 24 2.392 -4.26 24.822 2.081 -8.566 21.541 2.045 -6.722 25.779 2.357 -7.514 19.598
5 24 1.152 -25.249 1.568 0 -25.562 1.673 1.193 -26.099 -.38 1.14 -24.082 3.148
5 24 5.296 -2.246 -10.39 3.316 -1.244 -10.402 2.721 -2.263 -12.682 5.919 -1.197 -7.423
5 24 0 -4.738 -15.925 2.079 -4.719 -15.56 0 -2.738 -13.75 2.228 -7.539 -17.46
5 24 8.301 -9.382 1.354 8.622 -7.858 3.598 7.88 -4.847 1.893 8.703 -9.386 3.76
5 24 5.221 -6.92 -13.952 5.296 -2.246 -10.39 3.557 -4.847 -14.826 6.264 -4.442 -9.789
2 24 2.139 -2.627 24.536 2.172 -3.102 23.503
5 24 2.431 -9.982 26.641 2.394 -13.265 28.151 2.677 -11.476 28.97 2.158 -13.885 26.131
5 24 5.693 -14.476 3.347 4.677 -17.441 3.421 4.585 -15.156 7.677 5.804 -15.276 1.765
5 24 3.078 -18.659 -12.937 0 -21.28 -10.026 1.297 -21.369 -9.426 0 -18.869 -13.539
5 24 0 -2.294 16.795 1.163 -2.528 16.559 1.207 -1.604 15.446 0 -4.115 17.967
5 24 2.427 -16.051 25.471 2.222 -16.377 27.587 2.158 -13.885 26.131 2.256 -17.666 26.669
5 24 0 -15.552 19.047 2.115 -14.74 18.895 2.394 -18.116 24.776 1.216 -15.675 17.594
5 24 5.04 -11.517 8.896 4.015 -11.555 12.885 4.827 -8.119 9.602 3.642 -14.408 12.34
5 24 1.291 -20.49 7.322 0 -21.524 4.475 1.308 -21.598 4.074 0 -20.695 7.013
5 24 5.084 -5.976 7.639 5.933 -5.832 4.502 5.258 -3.962 5.714 5.994 -7.64 5.214
5 24 3.6956 0 -1.5308 5.765 0 -1.152 4 0 0 6.025 -.143 -3.212
5 24 5.305 -17.711 -4.328 6.26 -14.415 -2.82 5.117 -18.112 -1.561 6.473 -13.464 -3.939
2 24 1.207 -22.125 13.902 1.217 -22.762 12.407
5 24 1.193 -26.099 -.38 1.642 -22.419 .038 1.152 -25.249 1.568 1.199 -26.527 -2.345
5 24 2.392 -4.26 24.822 2.139 -2.627 24.536 2.245 -2.742 25.845 2.172 -3.102 23.503
5 24 2.306 -12.939 21.601 2.204 -12.875 22.671 2.424 -11.561 20.815 2.427 -16.051 25.471
5 24 5.994 -7.64 5.214 8.622 -7.858 3.598 8.35 -6.281 3.164 6.027 -9.227 5.43
2 24 8.622 -7.858 3.598 8.35 -6.281 3.164
5 24 3.772 -1.235 6.668 1.409 -1.38 7.658 2.512 0 5.334 1.526 -2.154 8.953
5 24 7.88 -4.847 1.893 8.622 -7.858 3.598 8.301 -9.382 1.354 8.35 -6.281 3.164
5 24 1.191 -.892 14.167 0 -1.262 15.637 0 -.535 14.257 1.207 -1.604 15.446
5 24 2.378 -7.099 28.191 0 -5.98 27.941 1.99 -6.013 27.391 0 -6.999 28.941
5 24 4.677 -17.441 3.421 3.325 -21.343 2.649 2.88 -19.153 9.005 4.907 -17.898 .82
5 24 1.596 -19.657 9.311 2.88 -19.153 9.005 1.291 -20.49 7.322 2.652 -17.51 12.553
5 24 0 -13.509 28.709 2.06 -14.27 27.296 2.394 -13.265 28.151 0 -14.54 27.778
2 24 5.919 -1.197 -7.423 6.088 -.48 -4.905
5 24 6.405 -9.414 -10.291 5.246 -14.85 -10.975 5.564 -9.43 -13.527 5.412 -16.441 -7.6
5 24 1.506 -16.57 15.576 1.166 -18.559 17.136 1.172 -17.457 17.466 1.114 -19.833 16.299
2 24 3.878 -3.293 9.131 3.772 -1.235 6.668
5 24 2.392 -4.26 24.822 2.423 -3.827 27.234 1.99 -6.013 27.391 2.245 -2.742 25.845
5 24 1.14 -24.082 3.148 0 -24.181 3.483 0 -25.562 1.673 1.146 -23.049 3.742
2 24 5.296 -2.246 -10.39 5.919 -1.197 -7.423
5 24 1.297 -21.369 -9.426 3.114 -20.467 -10.095 3.342 -21.642 -5.433 3.078 -18.659 -12.937
5 24 2.357 -7.514 19.598 2.138 -6.226 19.304 2.392 -4.26 24.822 2.491 -6.69 17.98
5 24 5.258 -3.962 5.714 5.523 -2.65 3.823 5.933 -5.832 4.502 3.772 -1.235 6.668
5 24 1.191 -.892 14.167 1.485 -3.869 12.485 1.171 -.564 12.805 1.207 -1.604 15.446
5 24 2.357 -7.514 19.598 2.491 -6.69 17.98 2.431 -10.188 21.575 2.138 -6.226 19.304
2 24 2.222 -16.377 27.587 2.256 -17.666 26.669
5 24 3.803 -8.488 -16.451 3.557 -4.847 -14.826 5.221 -6.92 -13.952 2.228 -7.539 -17.46
5 24 5.919 -1.197 -7.423 3.316 -1.244 -10.402 5.296 -2.246 -10.39 3.911 -.454 -7.321
5 24 4.122 -9.027 -16.265 5.221 -6.92 -13.952 3.803 -8.488 -16.451 5.564 -9.43 -13.527
5 24 1.16 -22.273 9.486 1.596 -19.657 9.311 1.204 -22.789 10.952 1.133 -21.386 8.292
5 24 2.139 -2.627 24.536 0 -2.677 23.434 0 -2.148 24.519 2.172 -3.102 23.503
5 24 3.772 -1.235 6.668 2.512 0 5.334 4.253 0 4.002 1.409 -1.38 7.658
5 24 2.25 -19.18 -4.922 2.25 0 -4.924 2.727 0 -5.635 2.25 -8 -3.215
5 24 3.3912 0 -2.266 2.25 0 -4.924 2.8284 0 -2.8284 6.025 -.143 -3.212
5 24 3.3912 0 -2.266 3.6956 0 -1.5308 6.025 -.143 -3.212 2.8284 0 -2.8284