0 ~Animal Clownfish Black and White Stripes Half Pattern
0 Name: s\8038p01s01.dat
0 Author: Philippe Hurbain [Philo]
0 !LDRAW_ORG Subpart UPDATE 2026-05
0 !LICENSE Licensed under CC BY 4.0 : see CAreadme.txt

0 BFC CERTIFY CCW

0 !HISTORY 2026-05-31 [OrionP] Official Update 2026-05

3 0 6.264 -4.442 -9.789 6.2243 -4.0686 -9.5168 6.3148 -4.3448 -9.2856
4 0 3.078 -18.659 -12.937 3.95 -17.6015 -11.4354 3.7927 -18.2969 -10.9487 3.0884 -19.182 -12.1149
3 0 6.264 -4.442 -9.789 6.1888 -4.9778 -10.1905 6.1355 -4.7472 -10.3018
4 0 5.2766 -13.9668 5.9259 5.4721 -12.3305 6.51 5.1905 -11.8003 8.0651 4.9713 -13.2375 7.7398
3 0 6.4389 -10.8527 -7.5421 6.115 -12.5369 -7.6939 6.3374 -10.6554 -8.8169
4 0 5.6623 -7.9696 6.2844 5.7166 -7.1327 5.9532 5.2186 -6.2221 7.2803 5.2038 -6.3889 7.3584
4 0 5.1688 -14.7977 5.3957 5.2766 -13.9668 5.9259 4.8323 -14.7308 7.0508 4.7999 -15.0241 6.8371
4 0 4.0628 -15.645 -13.3427 4.3426 -15.0376 -13.2067 4.6047 -14.8257 -12.7184 4.4585 -15.4922 -12.4366
3 0 4.5021 -13.6684 -14.1626 4.589 -13.085 -14.519 4.7081 -13.4049 -13.8766
4 0 6.1355 -4.7472 -10.3018 5.4399 -3.442 -10.9317 5.5923 -3.0933 -10.3331 5.8064 -3.404 -10.0731
3 0 4.9147 -16.9844 3.0717 4.9209 -16.7291 3.4032 4.677 -17.441 3.421
4 0 6.2985 -5.6582 -9.9118 6.264 -4.442 -9.789 6.3148 -4.3448 -9.2856 6.3194 -4.3807 -9.2556
4 0 3.9642 -19.4982 3.014 4.5427 -18.1274 2.6161 4.7516 -17.5893 2.5768 4.677 -17.441 3.421
4 0 5.677 -5.1229 4.9616 5.6295 -3.8387 4.2498 5.3991 -3.2636 4.7074 5.258 -3.962 5.714
3 0 6.1888 -4.9778 -10.1905 6.264 -4.442 -9.789 6.2985 -5.6582 -9.9118
4 0 3.2671 -21.058 3.476 3.5233 -20.4874 3.3011 3.509 -20.1989 3.9205 3.2357 -20.9037 3.9239
4 0 5.6774 -10.0382 6.6578 5.2603 -11.0058 8.1223 5.2445 -11.4402 8.1014 5.6146 -11.3011 6.6632
3 0 5.8064 -3.404 -10.0731 6.2243 -4.0686 -9.5168 6.264 -4.442 -9.789
4 0 3.7927 -18.2969 -10.9487 3.95 -17.6015 -11.4354 4.5809 -16.6022 -10.7005 4.1065 -17.8522 -10.5047
3 0 4.8323 -14.7308 7.0508 5.2766 -13.9668 5.9259 4.9713 -13.2375 7.7398
4 0 5.6962 -5.8722 5.3769 5.677 -5.1229 4.9616 5.258 -3.962 5.714 5.2286 -4.3017 6.0387
3 0 5.2286 -4.3017 6.0387 5.2151 -5.9538 7.1546 5.6962 -5.8722 5.3769
4 0 5.2798 -14.2741 -11.2462 5.4814 -10.8381 -12.864 5.64 -12.3799 -11.1762 5.5106 -13.2889 -11.0422
4 0 5.5984 -10.9811 -12.3124 5.6758 -11.5672 -11.6048 5.64 -12.3799 -11.1762 5.4814 -10.8381 -12.864
4 0 6.4389 -10.8527 -7.5421 6.3374 -10.6554 -8.8169 6.5657 -9.336 -8.9339 6.7221 -9.2602 -7.6136
4 0 5.665 -14.6506 -8.2856 5.9368 -12.7275 -9.0221 6.3374 -10.6554 -8.8169 6.115 -12.5369 -7.6939
4 0 4.6186 -15.9903 6.1231 4.4772 -17.0526 5.0104 4.4592 -17.6485 4.0979 4.677 -17.441 3.421
4 0 4.2259 -14.1843 -14.3109 4.082 -14.6936 -14.1758 3.7173 -15.4239 -14.2345 3.5248 -14.8509 -14.9525
4 0 3.5248 -14.8509 -14.9525 3.6232 -14.037 -15.3787 3.7754 -13.6137 -15.4389 4.2259 -14.1843 -14.3109
4 0 4.589 -13.085 -14.519 4.3403 -14.0024 -14.2586 4.2259 -14.1843 -14.3109 3.7754 -13.6137 -15.4389
4 0 3.9275 -15.5251 -13.8265 3.7173 -15.4239 -14.2345 4.082 -14.6936 -14.1758 4.1253 -14.7955 -14.0335
4 0 5.7115 -8.9357 6.5268 5.2826 -8.5397 8.018 5.2453 -10.1131 8.1652 5.6774 -10.0382 6.6578
3 0 5.2453 -10.1131 8.1652 5.2603 -11.0058 8.1223 5.6774 -10.0382 6.6578
4 0 4.9361 -14.9807 -11.6736 4.8845 -14.3942 -12.4043 4.9791 -14.1331 -12.4145 5.1577 -14.6129 -11.4511
3 0 3.9275 -15.5251 -13.8265 4.1253 -14.7955 -14.0335 4.1555 -15.0055 -13.7404
4 0 4.4585 -15.4922 -12.4366 4.6047 -14.8257 -12.7184 4.8845 -14.3942 -12.4043 4.9361 -14.9807 -11.6736
4 0 3.9275 -15.5251 -13.8265 4.1555 -15.0055 -13.7404 4.3426 -15.0376 -13.2067 4.0628 -15.645 -13.3427
3 0 4.5021 -13.6684 -14.1626 4.3403 -14.0024 -14.2586 4.589 -13.085 -14.519
3 0 6.264 -4.442 -9.789 6.1355 -4.7472 -10.3018 5.8064 -3.404 -10.0731
3 0 5.9368 -12.7275 -9.0221 5.665 -14.6506 -8.2856 5.5495 -14.3694 -9.4918
4 0 5.2962 -15.3307 -9.9553 5.5495 -14.3694 -9.4918 5.665 -14.6506 -8.2856 5.3498 -15.8451 -8.8641
4 0 5.2445 -11.4402 8.1014 5.1905 -11.8003 8.0651 5.4721 -12.3305 6.51 5.6146 -11.3011 6.6632
4 0 5.2151 -5.9538 7.1546 5.2186 -6.2221 7.2803 5.7166 -7.1327 5.9532 5.6962 -5.8722 5.3769
4 0 5.1752 -10.8877 -13.9226 4.589 -13.085 -14.519 4.3574 -11.9668 -15.1876 4.5981 -11.4425 -14.8617
4 0 5.2962 -15.3307 -9.9553 5.3498 -15.8451 -8.8641 4.6043 -17.1026 -9.7562 4.8936 -16.0805 -10.3168
4 0 4.8936 -16.0805 -10.3168 4.6043 -17.1026 -9.7562 4.1065 -17.8522 -10.5047 4.5809 -16.6022 -10.7005
4 0 6.4583 -5.9201 -8.5329 6.5942 -7.507 -7.9605 6.5317 -8.7661 -8.9844 6.4008 -6.9205 -9.4263
4 0 6.5657 -9.336 -8.9339 6.5317 -8.7661 -8.9844 6.5942 -7.507 -7.9605 6.7221 -9.2602 -7.6136
4 0 6.4008 -6.9205 -9.4263 6.2985 -5.6582 -9.9118 6.3194 -4.3807 -9.2556 6.4583 -5.9201 -8.5329
3 0 5.6295 -3.8387 4.2498 5.5605 -3.3997 4.2022 5.3991 -3.2636 4.7074
3 0 4.589 -13.085 -14.519 3.7754 -13.6137 -15.4389 3.8402 -13.1272 -15.5082
4 0 4.3574 -11.9668 -15.1876 4.589 -13.085 -14.519 3.8402 -13.1272 -15.5082 4.1774 -12.2226 -15.3466
3 0 3.5233 -20.4874 3.3011 3.9642 -19.4982 3.014 3.509 -20.1989 3.9205
3 0 4.677 -17.441 3.421 4.4592 -17.6485 4.0979 4.4389 -17.9165 3.6876
4 0 4.677 -17.441 3.421 4.4389 -17.9165 3.6876 3.509 -20.1989 3.9205 3.9642 -19.4982 3.014
4 0 5.4814 -10.8381 -12.864 5.2798 -14.2741 -11.2462 5.0271 -13.8664 -12.4249 5.0131 -13.4468 -12.7603
4 0 5.1577 -14.6129 -11.4511 4.9791 -14.1331 -12.4145 5.0271 -13.8664 -12.4249 5.2798 -14.2741 -11.2462
4 0 5.0131 -13.4468 -12.7603 4.9176 -13.2332 -13.246 5.4034 -10.7505 -13.2016 5.4814 -10.8381 -12.864
4 0 4.7081 -13.4049 -13.8766 4.589 -13.085 -14.519 5.1752 -10.8877 -13.9226 4.7556 -13.309 -13.7725
4 0 5.4034 -10.7505 -13.2016 4.9176 -13.2332 -13.246 4.7556 -13.309 -13.7725 5.1752 -10.8877 -13.9226
4 0 5.7115 -8.9357 6.5268 5.6623 -7.9696 6.2844 5.2038 -6.3889 7.3584 5.2826 -8.5397 8.018
4 0 4.6186 -15.9903 6.1231 4.677 -17.441 3.421 4.9209 -16.7291 3.4032 4.9886 -15.8158 4.5895
4 0 4.9886 -15.8158 4.5895 5.1688 -14.7977 5.3957 4.7999 -15.0241 6.8371 4.6186 -15.9903 6.1231
4 0 4.7516 -17.5893 2.5768 4.869 -17.2206 2.7649 4.9147 -16.9844 3.0717 4.677 -17.441 3.421
3 15 4.585 -15.156 7.677 4.0768 -14.7529 10.1898 3.7398 -16.1853 9.8091
3 15 4.827 -8.119 9.602 4.6147 -7.6193 10.0398 4.6865 -8.2121 10.1536
3 15 5.084 -5.976 7.639 5.2038 -6.3889 7.3584 5.2186 -6.2221 7.2803
3 15 5.412 -16.441 -7.6 5.3498 -15.8451 -8.8641 5.665 -14.6506 -8.2856
4 15 5.412 -16.441 -7.6 6.115 -12.5369 -7.6939 6.4389 -10.8527 -7.5421 6.84 -9.203 -6.618
4 15 6.3148 -4.3448 -9.2856 6.0229 -2.1739 -8.1352 6.0736 -2.0701 -7.6223 6.6183 -3.7638 -6.2764
3 15 4.3998 -12.8408 10.4731 5.04 -11.517 8.896 4.6259 -11.5324 10.5077
4 15 3.099 -18.6396 8.8344 2.9972 -19.0414 8.6409 4.4592 -17.6485 4.0979 4.4772 -17.0526 5.0104
4 15 4.082 -14.6936 -14.1758 4.2259 -14.1843 -14.3109 4.3403 -14.0024 -14.2586 4.1253 -14.7955 -14.0335
3 15 4.7999 -15.0241 6.8371 4.8323 -14.7308 7.0508 4.585 -15.156 7.677
3 15 5.3746 -16.8849 -6.4563 4.8815 -17.774 -7.0446 5.412 -16.441 -7.6
3 15 5.8064 -3.404 -10.0731 5.5923 -3.0933 -10.3331 5.6294 -3.0025 -10.183
3 15 5.2186 -6.2221 7.2803 5.2151 -5.9538 7.1546 5.084 -5.976 7.639
3 15 5.1006 -3.6731 5.8151 5.0584 -3.8652 6.2083 5.258 -3.962 5.714
3 15 4.6186 -15.9903 6.1231 4.7999 -15.0241 6.8371 4.585 -15.156 7.677
4 15 4.1383 -19.0005 -8.0632 3.576 -19.8761 -8.9808 3.114 -20.467 -10.095 5.412 -16.441 -7.6
3 15 5.2445 -11.4402 8.1014 5.2603 -11.0058 8.1223 5.04 -11.517 8.896
3 15 3.7927 -18.2969 -10.9487 3.114 -20.467 -10.095 3.0884 -19.182 -12.1149
4 15 5.9064 -2.2635 -8.5785 6.2243 -4.0686 -9.5168 5.8064 -3.404 -10.0731 5.7127 -2.5902 -9.5014
3 15 4.5848 -4.8655 8.2565 4.4917 -5.6556 9.4202 5.084 -5.976 7.639
4 15 4.6147 -7.6193 10.0398 4.827 -8.119 9.602 5.084 -5.976 7.639 4.4917 -5.6556 9.4202
4 15 5.084 -5.976 7.639 4.827 -8.119 9.602 5.2826 -8.5397 8.018 5.2038 -6.3889 7.3584
4 15 6.068 -14.6005 -5.3366 5.412 -16.441 -7.6 6.84 -9.203 -6.618 6.4487 -12.8503 -4.8556
3 15 6.84 -9.203 -6.618 6.5886 -12.1215 -4.7831 6.4487 -12.8503 -4.8556
4 15 5.3498 -15.8451 -8.8641 5.412 -16.441 -7.6 3.114 -20.467 -10.095 4.6043 -17.1026 -9.7562
3 15 3.114 -20.467 -10.095 4.1065 -17.8522 -10.5047 4.6043 -17.1026 -9.7562
4 15 6.068 -14.6005 -5.3366 5.5109 -16.4533 -6.1706 5.3746 -16.8849 -6.4563 5.412 -16.441 -7.6
3 15 5.2286 -4.3017 6.0387 5.258 -3.962 5.714 5.0584 -3.8652 6.2083
4 15 5.084 -5.976 7.639 5.2286 -4.3017 6.0387 5.0584 -3.8652 6.2083 4.5848 -4.8655 8.2565
4 15 5.04 -11.517 8.896 4.3998 -12.8408 10.4731 4.0768 -14.7529 10.1898 4.585 -15.156 7.677
3 15 5.2826 -8.5397 8.018 4.827 -8.119 9.602 5.2453 -10.1131 8.1652
4 15 5.2603 -11.0058 8.1223 5.2453 -10.1131 8.1652 4.827 -8.119 9.602 5.04 -11.517 8.896
4 15 4.585 -15.156 7.677 4.9713 -13.2375 7.7398 5.1905 -11.8003 8.0651 5.04 -11.517 8.896
3 15 4.585 -15.156 7.677 4.8323 -14.7308 7.0508 4.9713 -13.2375 7.7398
3 15 5.2151 -5.9538 7.1546 5.2286 -4.3017 6.0387 5.084 -5.976 7.639
3 15 5.412 -16.441 -7.6 5.665 -14.6506 -8.2856 6.115 -12.5369 -7.6939
3 15 6.4389 -10.8527 -7.5421 6.7221 -9.2602 -7.6136 6.84 -9.203 -6.618
3 15 6.3148 -4.3448 -9.2856 6.2243 -4.0686 -9.5168 6.0229 -2.1739 -8.1352
3 15 6.8615 -6.9661 -5.0645 6.9644 -9.2383 -4.7336 6.84 -9.203 -6.618
4 15 4.4772 -17.0526 5.0104 4.6186 -15.9903 6.1231 4.585 -15.156 7.677 3.099 -18.6396 8.8344
3 15 5.258 -3.962 5.714 5.3991 -3.2636 4.7074 5.1006 -3.6731 5.8151
3 15 4.9791 -14.1331 -12.4145 4.8845 -14.3942 -12.4043 4.6047 -14.8257 -12.7184
4 15 4.9791 -14.1331 -12.4145 4.6047 -14.8257 -12.7184 4.3426 -15.0376 -13.2067 4.7081 -13.4049 -13.8766
4 15 4.5021 -13.6684 -14.1626 4.7081 -13.4049 -13.8766 4.3426 -15.0376 -13.2067 4.3403 -14.0024 -14.2586
4 15 4.3403 -14.0024 -14.2586 4.3426 -15.0376 -13.2067 4.1555 -15.0055 -13.7404 4.1253 -14.7955 -14.0335
3 15 5.1905 -11.8003 8.0651 5.2445 -11.4402 8.1014 5.04 -11.517 8.896
4 15 6.3194 -4.3807 -9.2556 6.6183 -3.7638 -6.2764 6.6667 -4.2423 -6.0439 6.4583 -5.9201 -8.5329
4 15 6.7221 -9.2602 -7.6136 6.5942 -7.507 -7.9605 6.6667 -4.2423 -6.0439 6.84 -9.203 -6.618
3 15 6.4583 -5.9201 -8.5329 6.6667 -4.2423 -6.0439 6.5942 -7.507 -7.9605
3 15 6.3194 -4.3807 -9.2556 6.3148 -4.3448 -9.2856 6.6183 -3.7638 -6.2764
4 15 6.9644 -9.2383 -4.7336 6.75 -10.9347 -4.665 6.5886 -12.1215 -4.7831 6.84 -9.203 -6.618
3 15 4.827 -8.119 9.602 4.6865 -8.2121 10.1536 4.6207 -10.0645 10.4782
4 15 4.827 -8.119 9.602 4.6207 -10.0645 10.4782 4.6259 -11.5324 10.5077 5.04 -11.517 8.896
4 15 3.7398 -16.1853 9.8091 3.4498 -17.1896 9.5327 3.099 -18.6396 8.8344 4.585 -15.156 7.677
4 15 6.6667 -4.2423 -6.0439 6.7489 -5.2545 -5.5522 6.8615 -6.9661 -5.0645 6.84 -9.203 -6.618
3 15 2.9151 -19.3256 8.5041 3.2357 -20.9037 3.9239 3.509 -20.1989 3.9205
3 15 3.509 -20.1989 3.9205 4.4389 -17.9165 3.6876 4.4592 -17.6485 4.0979
4 15 3.509 -20.1989 3.9205 4.4592 -17.6485 4.0979 2.9972 -19.0414 8.6409 2.9151 -19.3256 8.5041
4 15 4.7556 -13.309 -13.7725 4.9176 -13.2332 -13.246 4.9791 -14.1331 -12.4145 4.7081 -13.4049 -13.8766
4 15 5.0271 -13.8664 -12.4249 4.9791 -14.1331 -12.4145 4.9176 -13.2332 -13.246 5.0131 -13.4468 -12.7603
4 15 4.8815 -17.774 -7.0446 4.7202 -18.053 -7.2293 4.1383 -19.0005 -8.0632 5.412 -16.441 -7.6
3 15 3.7927 -18.2969 -10.9487 4.1065 -17.8522 -10.5047 3.114 -20.467 -10.095
3 15 5.8064 -3.404 -10.0731 5.6294 -3.0025 -10.183 5.7127 -2.5902 -9.5014
3 15 5.9064 -2.2635 -8.5785 6.0229 -2.1739 -8.1352 6.2243 -4.0686 -9.5168
3 16 3.342 -21.642 -5.433 5.305 -17.711 -4.328 3.453 -21.922 -2.264
3 16 3.453 -21.922 -2.264 5.305 -17.711 -4.328 5.117 -18.112 -1.561
3 16 3.453 -21.922 -2.264 5.117 -18.112 -1.561 3.396 -21.771 -.086
3 16 4.1383 -19.0005 -8.0632 4.7202 -18.053 -7.2293 3.342 -21.642 -5.433
4 16 5.3746 -16.8849 -6.4563 5.305 -17.711 -4.328 3.342 -21.642 -5.433 4.8815 -17.774 -7.0446
3 16 3.396 -21.771 -.086 4.907 -17.898 .82 3.325 -21.343 2.649
3 16 3.396 -21.771 -.086 5.117 -18.112 -1.561 4.907 -17.898 .82
3 16 4.907 -17.898 .82 4.7516 -17.5893 2.5768 4.5427 -18.1274 2.6161
3 16 3.325 -21.343 2.649 3.5233 -20.4874 3.3011 3.2671 -21.058 3.476
3 16 2.88 -19.153 9.005 2.9972 -19.0414 8.6409 3.099 -18.6396 8.8344
4 16 2.88 -19.153 9.005 3.4498 -17.1896 9.5327 3.7398 -16.1853 9.8091 2.652 -17.51 12.553
3 16 5.765 0 -1.152 5.276 0 2.033 6.266 -2.356 -.576
3 16 6.266 -2.356 -.576 6.478 -2.737 -2.484 5.765 0 -1.152
3 16 5.765 0 -1.152 6.478 -2.737 -2.484 6.025 -.143 -3.212
3 16 6.266 -2.356 -.576 5.276 0 2.033 5.876 -2.148 1.853
3 16 6.478 -2.737 -2.484 6.088 -.48 -4.905 6.025 -.143 -3.212
3 16 6.672 -4.009 -1.974 6.88 -5.046 -3.731 6.478 -2.737 -2.484
3 16 5.919 -1.197 -7.423 6.088 -.48 -4.905 6.648 -3.707 -5.982
3 16 6.5317 -8.7661 -8.9844 6.405 -9.414 -10.291 6.4008 -6.9205 -9.4263
4 16 5.296 -2.246 -10.39 5.919 -1.197 -7.423 6.0229 -2.1739 -8.1352 5.9064 -2.2635 -8.5785
3 16 5.296 -2.246 -10.39 5.4399 -3.442 -10.9317 5.221 -6.92 -13.952
3 16 5.221 -6.92 -13.952 3.557 -4.847 -14.826 5.296 -2.246 -10.39
3 16 5.221 -6.92 -13.952 3.803 -8.488 -16.451 3.557 -4.847 -14.826
4 16 3.078 -18.659 -12.937 4.4585 -15.4922 -12.4366 4.9361 -14.9807 -11.6736 5.246 -14.85 -10.975
3 16 5.246 -14.85 -10.975 5.1577 -14.6129 -11.4511 5.2798 -14.2741 -11.2462
4 16 2.807 -14.243 -16.534 3.5248 -14.8509 -14.9525 3.7173 -15.4239 -14.2345 3.078 -18.659 -12.937
4 16 3.875 -9.638 -16.58 4.1774 -12.2226 -15.3466 3.8402 -13.1272 -15.5082 2.807 -14.243 -16.534
3 16 6.405 -9.414 -10.291 5.5106 -13.2889 -11.0422 5.64 -12.3799 -11.1762
4 16 4.122 -9.027 -16.265 4.5981 -11.4425 -14.8617 4.3574 -11.9668 -15.1876 3.875 -9.638 -16.58
3 16 5.564 -9.43 -13.527 4.122 -9.027 -16.265 5.221 -6.92 -13.952
3 16 5.221 -6.92 -13.952 4.122 -9.027 -16.265 3.803 -8.488 -16.451
3 16 5.305 -17.711 -4.328 6.26 -14.415 -2.82 5.117 -18.112 -1.561
3 16 5.117 -18.112 -1.561 6.26 -14.415 -2.82 6.059 -15.129 -1.129
3 16 5.305 -17.711 -4.328 6.473 -13.464 -3.939 6.26 -14.415 -2.82
3 16 6.059 -15.129 -1.129 4.907 -17.898 .82 5.117 -18.112 -1.561
3 16 5.804 -15.276 1.765 4.907 -17.898 .82 6.059 -15.129 -1.129
3 16 4.253 0 4.002 5.523 -2.65 3.823 5.276 0 2.033
3 16 5.276 0 2.033 5.523 -2.65 3.823 5.876 -2.148 1.853
4 16 5.523 -2.65 3.823 5.5605 -3.3997 4.2022 5.6295 -3.8387 4.2498 5.927 -4.406 3.503
3 16 4.253 0 4.002 3.772 -1.235 6.668 5.523 -2.65 3.823
3 16 5.833 -13.01 4.517 5.4721 -12.3305 6.51 5.2766 -13.9668 5.9259
3 16 5.677 -5.1229 4.9616 5.6962 -5.8722 5.3769 5.933 -5.832 4.502
3 16 4.5848 -4.8655 8.2565 5.0584 -3.8652 6.2083 3.878 -3.293 9.131
3 16 5.6774 -10.0382 6.6578 6.027 -9.227 5.43 5.7115 -8.9357 6.5268
4 16 5.9368 -12.7275 -9.0221 5.5495 -14.3694 -9.4918 5.2962 -15.3307 -9.9553 5.246 -14.85 -10.975
3 16 4.6147 -7.6193 10.0398 4.4917 -5.6556 9.4202 3.568 -5.156 12.198
4 16 5.5109 -16.4533 -6.1706 6.068 -14.6005 -5.3366 6.473 -13.464 -3.939 5.305 -17.711 -4.328
4 16 4.5809 -16.6022 -10.7005 5.246 -14.85 -10.975 5.2962 -15.3307 -9.9553 4.8936 -16.0805 -10.3168
3 16 6.6667 -4.2423 -6.0439 6.6183 -3.7638 -6.2764 6.648 -3.707 -5.982
3 16 2.9151 -19.3256 8.5041 2.9972 -19.0414 8.6409 2.88 -19.153 9.005
3 16 5.4034 -10.7505 -13.2016 5.564 -9.43 -13.527 5.4814 -10.8381 -12.864
3 16 6.4487 -12.8503 -4.8556 6.473 -13.464 -3.939 6.068 -14.6005 -5.3366
3 16 3.342 -21.642 -5.433 3.114 -20.467 -10.095 3.576 -19.8761 -8.9808
3 16 3.342 -21.642 -5.433 3.576 -19.8761 -8.9808 4.1383 -19.0005 -8.0632
3 16 4.7202 -18.053 -7.2293 4.8815 -17.774 -7.0446 3.342 -21.642 -5.433
4 16 3.325 -21.343 2.649 4.907 -17.898 .82 4.5427 -18.1274 2.6161 3.9642 -19.4982 3.014
4 16 4.7516 -17.5893 2.5768 4.907 -17.898 .82 5.804 -15.276 1.765 4.869 -17.2206 2.7649
3 16 5.804 -15.276 1.765 4.9147 -16.9844 3.0717 4.869 -17.2206 2.7649
4 16 5.693 -14.476 3.347 4.9209 -16.7291 3.4032 4.9147 -16.9844 3.0717 5.804 -15.276 1.765
4 16 4.9209 -16.7291 3.4032 5.693 -14.476 3.347 5.1688 -14.7977 5.3957 4.9886 -15.8158 4.5895
4 16 5.2766 -13.9668 5.9259 5.1688 -14.7977 5.3957 5.693 -14.476 3.347 5.833 -13.01 4.517
3 16 3.325 -21.343 2.649 3.9642 -19.4982 3.014 3.5233 -20.4874 3.3011
3 16 2.88 -19.153 9.005 3.099 -18.6396 8.8344 3.4498 -17.1896 9.5327
4 16 4.5848 -4.8655 8.2565 3.878 -3.293 9.131 3.568 -5.156 12.198 4.4917 -5.6556 9.4202
4 16 6.49 -3.602 -.529 6.266 -2.356 -.576 5.876 -2.148 1.853 6.124 -3.545 1.886
4 16 6.88 -5.046 -3.731 6.648 -3.707 -5.982 6.088 -.48 -4.905 6.478 -2.737 -2.484
4 16 6.7489 -5.2545 -5.5522 6.6667 -4.2423 -6.0439 6.648 -3.707 -5.982 6.88 -5.046 -3.731
3 16 6.88 -5.046 -3.731 6.8615 -6.9661 -5.0645 6.7489 -5.2545 -5.5522
4 16 6.88 -5.046 -3.731 7.009 -9.251 -4.059 6.9644 -9.2383 -4.7336 6.8615 -6.9661 -5.0645
4 16 6.9644 -9.2383 -4.7336 7.009 -9.251 -4.059 6.473 -13.464 -3.939 6.75 -10.9347 -4.665
3 16 6.473 -13.464 -3.939 6.5886 -12.1215 -4.7831 6.75 -10.9347 -4.665
4 16 6.266 -2.356 -.576 6.49 -3.602 -.529 6.672 -4.009 -1.974 6.478 -2.737 -2.484
3 16 6.5657 -9.336 -8.9339 6.405 -9.414 -10.291 6.5317 -8.7661 -8.9844
3 16 6.405 -9.414 -10.291 6.2985 -5.6582 -9.9118 6.4008 -6.9205 -9.4263
3 16 5.6294 -3.0025 -10.183 5.296 -2.246 -10.39 5.7127 -2.5902 -9.5014
3 16 5.7127 -2.5902 -9.5014 5.296 -2.246 -10.39 5.9064 -2.2635 -8.5785
4 16 5.4399 -3.442 -10.9317 5.296 -2.246 -10.39 5.6294 -3.0025 -10.183 5.5923 -3.0933 -10.3331
3 16 5.4399 -3.442 -10.9317 6.1355 -4.7472 -10.3018 5.221 -6.92 -13.952
4 16 6.1888 -4.9778 -10.1905 6.2985 -5.6582 -9.9118 6.405 -9.414 -10.291 5.564 -9.43 -13.527
4 16 5.9368 -12.7275 -9.0221 6.405 -9.414 -10.291 6.5657 -9.336 -8.9339 6.3374 -10.6554 -8.8169
3 16 3.078 -18.659 -12.937 3.9275 -15.5251 -13.8265 4.0628 -15.645 -13.3427
3 16 3.078 -18.659 -12.937 4.0628 -15.645 -13.3427 4.4585 -15.4922 -12.4366
3 16 5.1577 -14.6129 -11.4511 5.246 -14.85 -10.975 4.9361 -14.9807 -11.6736
3 16 2.807 -14.243 -16.534 3.7754 -13.6137 -15.4389 3.6232 -14.037 -15.3787
3 16 2.807 -14.243 -16.534 3.6232 -14.037 -15.3787 3.5248 -14.8509 -14.9525
3 16 3.7173 -15.4239 -14.2345 3.9275 -15.5251 -13.8265 3.078 -18.659 -12.937
3 16 3.875 -9.638 -16.58 4.3574 -11.9668 -15.1876 4.1774 -12.2226 -15.3466
3 16 3.8402 -13.1272 -15.5082 3.7754 -13.6137 -15.4389 2.807 -14.243 -16.534
3 16 5.4814 -10.8381 -12.864 5.564 -9.43 -13.527 5.5984 -10.9811 -12.3124
3 16 5.246 -14.85 -10.975 5.2798 -14.2741 -11.2462 5.5106 -13.2889 -11.0422
4 16 5.564 -9.43 -13.527 6.405 -9.414 -10.291 5.6758 -11.5672 -11.6048 5.5984 -10.9811 -12.3124
3 16 6.405 -9.414 -10.291 5.246 -14.85 -10.975 5.5106 -13.2889 -11.0422
3 16 5.64 -12.3799 -11.1762 5.6758 -11.5672 -11.6048 6.405 -9.414 -10.291
4 16 5.564 -9.43 -13.527 5.1752 -10.8877 -13.9226 4.5981 -11.4425 -14.8617 4.122 -9.027 -16.265
4 16 5.927 -4.406 3.503 6.124 -3.545 1.886 5.876 -2.148 1.853 5.523 -2.65 3.823
3 16 5.523 -2.65 3.823 5.3991 -3.2636 4.7074 5.5605 -3.3997 4.2022
4 16 5.933 -5.832 4.502 5.927 -4.406 3.503 5.6295 -3.8387 4.2498 5.677 -5.1229 4.9616
4 16 5.7166 -7.1327 5.9532 5.994 -7.64 5.214 5.933 -5.832 4.502 5.6962 -5.8722 5.3769
4 16 5.1006 -3.6731 5.8151 5.3991 -3.2636 4.7074 5.523 -2.65 3.823 3.772 -1.235 6.668
4 16 5.1006 -3.6731 5.8151 3.772 -1.235 6.668 3.878 -3.293 9.131 5.0584 -3.8652 6.2083
4 16 5.833 -13.01 4.517 5.985 -11.162 5.224 5.6146 -11.3011 6.6632 5.4721 -12.3305 6.51
4 16 6.027 -9.227 5.43 5.6774 -10.0382 6.6578 5.6146 -11.3011 6.6632 5.985 -11.162 5.224
3 16 6.0736 -2.0701 -7.6223 6.0229 -2.1739 -8.1352 5.919 -1.197 -7.423
4 16 6.0736 -2.0701 -7.6223 5.919 -1.197 -7.423 6.648 -3.707 -5.982 6.6183 -3.7638 -6.2764
4 16 5.7166 -7.1327 5.9532 5.6623 -7.9696 6.2844 6.027 -9.227 5.43 5.994 -7.64 5.214
3 16 6.405 -9.414 -10.291 5.9368 -12.7275 -9.0221 5.246 -14.85 -10.975
3 16 5.305 -17.711 -4.328 5.3746 -16.8849 -6.4563 5.5109 -16.4533 -6.1706
3 16 5.4034 -10.7505 -13.2016 5.1752 -10.8877 -13.9226 5.564 -9.43 -13.527
3 16 5.6623 -7.9696 6.2844 5.7115 -8.9357 6.5268 6.027 -9.227 5.43
4 16 6.1355 -4.7472 -10.3018 6.1888 -4.9778 -10.1905 5.564 -9.43 -13.527 5.221 -6.92 -13.952
4 16 4.5809 -16.6022 -10.7005 3.95 -17.6015 -11.4354 3.078 -18.659 -12.937 5.246 -14.85 -10.975
3 16 6.4487 -12.8503 -4.8556 6.5886 -12.1215 -4.7831 6.473 -13.464 -3.939
4 0 3.79 -8.806 13.672 3.7032 -7.3781 13.0954 3.4893 -7.1411 13.8468 3.5688 -8.0281 14.0968
4 0 2.6051 -17.2649 13.0377 3.0301 -15.628 13.3159 2.8964 -15.2875 14.264 2.5215 -16.8283 13.9013
4 0 3.2558 -13.7894 14.5285 3.4475 -14.0965 13.442 3.7502 -12.2628 13.5135 3.4512 -12.5117 14.6469
3 0 3.5911 -9.5908 14.5208 3.79 -8.806 13.672 3.6401 -8.939 14.3536
3 0 3.8838 -8.7438 13.3037 3.7032 -7.3781 13.0954 3.79 -8.806 13.672
4 0 3.2558 -13.7894 14.5285 2.8964 -15.2875 14.264 3.24 -14.8822 13.3773 3.4475 -14.0965 13.442
4 0 3.8656 -11.5361 13.4938 3.5788 -11.4998 14.662 3.4512 -12.5117 14.6469 3.8171 -11.8908 13.5034
3 0 3.5688 -8.0281 14.0968 3.6401 -8.939 14.3536 3.79 -8.806 13.672
3 0 3.79 -8.806 13.672 3.868 -9.7587 13.3993 3.8838 -8.7438 13.3037
3 0 3.868 -9.7587 13.3993 3.79 -8.806 13.672 3.5911 -9.5908 14.5208
4 0 3.8656 -11.5361 13.4938 3.868 -9.7587 13.3993 3.5911 -9.5908 14.5208 3.5788 -11.4998 14.662
3 0 3.7032 -7.3781 13.0954 3.6857 -7.2329 13.0732 3.4893 -7.1411 13.8468
3 0 3.0301 -15.628 13.3159 3.24 -14.8822 13.3773 2.8964 -15.2875 14.264
3 0 3.7502 -12.2628 13.5135 3.8171 -11.8908 13.5034 3.4512 -12.5117 14.6469
4 15 2.35 -15.932 15.674 2.8964 -15.2875 14.264 3.2558 -13.7894 14.5285 2.969 -13.33 16.154
4 15 2.2998 -15.6775 16.3617 2.35 -15.932 15.674 2.969 -13.33 16.154 2.9227 -13.4065 16.3028
3 15 2.969 -13.33 16.154 3.0227 -12.667 16.2836 2.9475 -13.3024 16.3001
3 15 2.9475 -13.3024 16.3001 2.9389 -13.3444 16.3012 2.969 -13.33 16.154
3 15 2.5215 -16.8283 13.9013 2.8964 -15.2875 14.264 2.35 -15.932 15.674
3 15 3.2558 -13.7894 14.5285 3.4512 -12.5117 14.6469 2.969 -13.33 16.154
3 15 2.9389 -13.3444 16.3012 2.9227 -13.4065 16.3028 2.969 -13.33 16.154
3 15 3.5688 -8.0281 14.0968 3.4893 -7.1411 13.8468 3.333 -7.1993 14.5495
4 15 3.1879 -11.4503 16.2545 3.5788 -11.4998 14.662 3.5911 -9.5908 14.5208 3.1858 -11.1903 16.2508
4 15 3.6401 -8.939 14.3536 3.2287 -9.3039 16.224 3.1858 -11.1903 16.2508 3.5911 -9.5908 14.5208
3 15 3.5788 -11.4998 14.662 3.1879 -11.4503 16.2545 3.1594 -11.6643 16.2575
3 15 3.0227 -12.667 16.2836 2.969 -13.33 16.154 3.4512 -12.5117 14.6469
4 15 3.1594 -11.6643 16.2575 3.0227 -12.667 16.2836 3.4512 -12.5117 14.6469 3.5788 -11.4998 14.662
4 15 3.6401 -8.939 14.3536 3.5688 -8.0281 14.0968 3.333 -7.1993 14.5495 3.1283 -7.4446 15.5183
4 15 3.2287 -9.3039 16.224 3.6401 -8.939 14.3536 3.1283 -7.4446 15.5183 3.0478 -7.9531 16.145
3 16 3.038 -6.162 15.116 3.1283 -7.4446 15.5183 3.333 -7.1993 14.5495
3 16 2.431 -10.188 21.575 2.424 -11.561 20.815 3.056 -9.457 17.009
3 16 3.056 -9.457 17.009 2.424 -11.561 20.815 3.122 -11.442 16.523
3 16 2.342 -12.526 20.406 3.122 -11.442 16.523 2.424 -11.561 20.815
4 16 4.0768 -14.7529 10.1898 3.642 -14.408 12.34 3.0301 -15.628 13.3159 3.7398 -16.1853 9.8091
3 16 2.2998 -15.6775 16.3617 2.9227 -13.4065 16.3028 2.115 -14.74 18.895
3 16 3.1879 -11.4503 16.2545 3.1858 -11.1903 16.2508 3.122 -11.442 16.523
4 16 3.122 -11.442 16.523 2.342 -12.526 20.406 2.9475 -13.3024 16.3001 3.0227 -12.667 16.2836
3 16 3.4475 -14.0965 13.442 3.24 -14.8822 13.3773 3.642 -14.408 12.34
3 16 3.8656 -11.5361 13.4938 3.8171 -11.8908 13.5034 4.015 -11.555 12.885
3 16 3.2287 -9.3039 16.224 3.0478 -7.9531 16.145 3.056 -9.457 17.009
4 16 2.9389 -13.3444 16.3012 2.241 -13.679 19.711 2.115 -14.74 18.895 2.9227 -13.4065 16.3028
3 16 4.015 -11.555 12.885 3.8171 -11.8908 13.5034 3.7502 -12.2628 13.5135
4 16 4.015 -11.555 12.885 3.7502 -12.2628 13.5135 3.4475 -14.0965 13.442 3.642 -14.408 12.34
4 16 3.1879 -11.4503 16.2545 3.122 -11.442 16.523 3.0227 -12.667 16.2836 3.1594 -11.6643 16.2575
4 16 3.2287 -9.3039 16.224 3.056 -9.457 17.009 3.122 -11.442 16.523 3.1858 -11.1903 16.2508
3 16 3.038 -6.162 15.116 3.0478 -7.9531 16.145 3.1283 -7.4446 15.5183
3 16 2.491 -6.69 17.98 3.056 -9.457 17.009 3.0478 -7.9531 16.145
3 16 3.0478 -7.9531 16.145 3.038 -6.162 15.116 2.491 -6.69 17.98
4 16 2.431 -10.188 21.575 3.056 -9.457 17.009 2.491 -6.69 17.98 2.357 -7.514 19.598
4 16 2.342 -12.526 20.406 2.241 -13.679 19.711 2.9389 -13.3444 16.3012 2.9475 -13.3024 16.3001
3 16 3.8838 -8.7438 13.3037 4.6865 -8.2121 10.1536 3.7032 -7.3781 13.0954
4 16 3.568 -5.156 12.198 3.7032 -7.3781 13.0954 4.6865 -8.2121 10.1536 4.6147 -7.6193 10.0398
4 16 2.6051 -17.2649 13.0377 2.652 -17.51 12.553 3.7398 -16.1853 9.8091 3.0301 -15.628 13.3159
3 16 3.642 -14.408 12.34 3.24 -14.8822 13.3773 3.0301 -15.628 13.3159
3 16 3.868 -9.7587 13.3993 3.8656 -11.5361 13.4938 4.015 -11.555 12.885
4 16 4.6865 -8.2121 10.1536 3.8838 -8.7438 13.3037 3.868 -9.7587 13.3993 4.6207 -10.0645 10.4782
4 16 4.6259 -11.5324 10.5077 4.6207 -10.0645 10.4782 3.868 -9.7587 13.3993 4.015 -11.555 12.885
3 16 3.038 -6.162 15.116 3.333 -7.1993 14.5495 3.4893 -7.1411 13.8468
3 16 3.6857 -7.2329 13.0732 3.7032 -7.3781 13.0954 3.568 -5.156 12.198
4 16 3.6857 -7.2329 13.0732 3.568 -5.156 12.198 3.038 -6.162 15.116 3.4893 -7.1411 13.8468
3 16 3.642 -14.408 12.34 4.0768 -14.7529 10.1898 4.3998 -12.8408 10.4731
4 16 4.015 -11.555 12.885 3.642 -14.408 12.34 4.3998 -12.8408 10.4731 4.6259 -11.5324 10.5077