0 ~Animal Felid Jaguar Head Black Spots and White Eye Patches and Muzzle Pattern
0 Name: s\80672ap02s01.dat
0 Author: Philippe Hurbain [Philo]
0 !LDRAW_ORG Subpart UPDATE 2026-07
0 !LICENSE Licensed under CC BY 4.0 : see CAreadme.txt

0 BFC CERTIFY CCW

0 !HISTORY 2026-07-30 [OrionP] Official Update 2026-07

4 0 6.6 -43.081 -86.784 7.404 -43.3289 -86.1422 7.1886 -43.9253 -85.8116 6.8779 -44.2584 -85.7345
3 0 7.588 -26.072 -94.361 7.8818 -26.3838 -93.9246 7.6337 -26.4022 -94.2631
4 0 7.8721 -25.7905 -93.5741 7.588 -26.072 -94.361 7.545 -25.355 -93.9169 7.8518 -25.7151 -93.5594
3 0 8.1871 -42.1606 -86.0947 8.9572 -41.0521 -86.2271 9.2797 -41.127 -85.9022
4 0 7.404 -43.3289 -86.1422 6.8597 -43.0422 -86.6254 7.2246 -43.0946 -86.3587 7.437 -43.2375 -86.1575
4 0 1.271 -24.7208 -96.8278 0 -24.581 -96.843 0.4556 -24.2461 -96.5462 0.993 -24.5061 -96.6917
3 0 9.0271 -48.2349 -81.2251 9.1645 -48.6194 -80.6993 6.904 -48.313 -82.646
4 0 9.4747 -49.0103 -80.0438 9.1691 -49.5695 -79.1038 8.4306 -49.9201 -78.7795 6.9314 -50.3186 -78.7308
4 0 3.9123 -28.3194 -97.673 4.638 -29.681 -97.875 0 -29.778 -98.752 3.2136 -27.5653 -97.6157
4 0 12.068 -39.91 -84.409 12.3585 -38.5156 -84.6323 12.7286 -39.0823 -84.0221 12.7461 -39.231 -83.9466
4 0 6.372 -32.7515 -94.4374 5.1397 -33.1647 -95.5804 4.638 -29.681 -97.875 7.9349 -31.6619 -93.2709
3 0 6.9314 -50.3186 -78.7308 6.2113 -48.7655 -81.9352 6.904 -48.313 -82.646
4 0 4.638 -29.681 -97.875 5.1397 -33.1647 -95.5804 4.7317 -33.1225 -95.6807 3.6005 -32.5003 -96.2785
4 0 16.161 -32.8236 -81.1913 16.7545 -34.7121 -81.1093 15.9985 -34.5247 -82.0321 15.5608 -33.1184 -82.0876
4 0 2.4591 -26.48 -97.4118 2.7054 -26.8343 -97.529 0 -29.778 -98.752 0 -24.581 -96.843
4 0 15.6455 -34.4586 -82.4012 15.2171 -34.1273 -82.8483 15.1767 -33.9265 -82.8898 15.9985 -34.5247 -82.0321
4 0 10.9942 -38.7228 -85.93 11.3428 -38.5399 -85.7039 12.068 -39.91 -84.409 10.3921 -39.2783 -86.2078
4 0 4.638 -29.681 -97.875 2.6651 -32.0864 -96.7091 1.1732 -31.656 -97.2917 0 -29.778 -98.752
4 0 17.5533 -35.0796 -80.0627 17.439 -35.2932 -80.2432 17.2989 -35.3368 -80.4582 17.0406 -34.9455 -80.841
3 0 12.068 -39.91 -84.409 10.821 -41.7282 -84.502 10.4909 -41.7877 -84.6994
4 0 10.2061 -41.9673 -84.8172 8.1871 -42.1606 -86.0947 12.068 -39.91 -84.409 10.4909 -41.7877 -84.6994
4 0 8.8714 -50.4701 -77.4959 9.7029 -49.9869 -78.0331 10.0943 -49.9989 -77.82 10.4885 -50.3543 -76.9376
4 0 10.907 -50.5849 -75.9528 8.7092 -50.5786 -77.3633 10.4885 -50.3543 -76.9376 10.9649 -50.428 -76.406
4 0 0 -51.171 -78.473 1.7534 -51.0777 -78.2996 1.515 -51.2821 -77.8722 1.131 -51.4704 -77.5151
3 0 2.9411 -52.4776 -74.0372 2.9004 -52.4363 -74.3469 4.17 -52.275 -74.941
4 0 4.17 -52.275 -74.941 2.9004 -52.4363 -74.3469 2.8971 -52.431 -74.3721 2.9982 -52.2781 -75.0759
4 0 3.6718 -52.159 -75.3196 4.17 -52.275 -74.941 2.9982 -52.2781 -75.0759 3.1306 -52.1674 -75.3626
3 0 6.7712 -21.625 -91.123 8.9213 -23.0333 -89.3941 7.1355 -21.813 -91.5497
3 0 6.6751 -44.3731 -85.7621 6.6 -43.081 -86.784 6.8779 -44.2584 -85.7345
4 0 7.9444 -26.0602 -93.5874 7.8818 -26.3838 -93.9246 7.588 -26.072 -94.361 7.8721 -25.7905 -93.5741
3 0 4.638 -29.681 -97.875 4.5825 -28.8252 -97.6743 5.0552 -29.1706 -97.378
4 0 8.6953 -40.8383 -86.5989 8.1871 -42.1606 -86.0947 7.8305 -41.2253 -87.0553 8.4829 -40.4742 -87.0349
3 0 7.6174 -39.077 -88.7506 7.7113 -38.9376 -88.7698 7.9298 -38.9864 -88.5511
4 0 7.6174 -39.077 -88.7506 7.9298 -38.9864 -88.5511 8.0586 -39.4537 -88.1128 7.5974 -39.8884 -88.195
4 0 8.4829 -40.4742 -87.0349 7.8305 -41.2253 -87.0553 7.5974 -39.8884 -88.195 8.0586 -39.4537 -88.1128
4 0 10.0161 -39.9537 -86.1089 10.2645 -39.5075 -86.2142 12.068 -39.91 -84.409 9.8988 -40.8723 -85.5598
3 0 9.7264 -41.0342 -85.591 9.8988 -40.8723 -85.5598 12.068 -39.91 -84.409
3 0 9.7264 -41.0342 -85.591 12.068 -39.91 -84.409 8.1871 -42.1606 -86.0947
3 0 8.1871 -42.1606 -86.0947 8.6953 -40.8383 -86.5989 8.9572 -41.0521 -86.2271
3 0 9.2797 -41.127 -85.9022 9.7264 -41.0342 -85.591 8.1871 -42.1606 -86.0947
4 0 6.6 -43.081 -86.784 6.6952 -43.0258 -86.7426 6.8597 -43.0422 -86.6254 7.404 -43.3289 -86.1422
3 0 0.4556 -24.2461 -96.5462 0 -24.581 -96.843 0 -24.1647 -96.5079
4 0 7.588 -26.072 -94.361 7.6337 -26.4022 -94.2631 7.5354 -26.3991 -94.3941 7.4085 -26.2915 -94.5748
3 0 4.638 -29.681 -97.875 5.0552 -29.1706 -97.378 5.8482 -29.6271 -96.2729
3 0 6.2902 -29.7656 -95.6699 6.7941 -29.7453 -95.0026 7.9349 -31.6619 -93.2709
3 0 6.7941 -29.7453 -95.0026 7.0532 -29.8302 -94.6487 7.8479 -30.7345 -93.4909
4 0 7.9349 -31.6619 -93.2709 4.638 -29.681 -97.875 5.8482 -29.6271 -96.2729 6.2902 -29.7656 -95.6699
4 0 6.7941 -29.7453 -95.0026 7.8479 -30.7345 -93.4909 8.3246 -31.39 -92.7837 7.9349 -31.6619 -93.2709
3 0 13.9356 -46.0351 -80.1889 13.9118 -46.1605 -80.0661 13.8499 -46.3234 -79.9287
4 0 13.7079 -46.7216 -79.5861 13.7212 -45.7974 -80.6059 13.9356 -46.0351 -80.1889 13.8499 -46.3234 -79.9287
3 0 13.7079 -46.7216 -79.5861 13.2851 -47.2055 -79.3475 12.8298 -47.4754 -79.3703
4 0 12.8298 -47.4754 -79.3703 12.0519 -46.2038 -81.3389 13.1722 -45.7448 -81.0544 13.7079 -46.7216 -79.5861
4 0 12.8298 -47.4754 -79.3703 11.994 -47.6456 -79.7743 11.1944 -47.4846 -80.5215 11.7867 -46.4155 -81.2914
3 0 11.1944 -47.4846 -80.5215 11.3406 -46.9148 -81.0522 11.7867 -46.4155 -81.2914
3 0 11.7867 -46.4155 -81.2914 12.0519 -46.2038 -81.3389 12.8298 -47.4754 -79.3703
3 0 13.7079 -46.7216 -79.5861 13.1722 -45.7448 -81.0544 13.7212 -45.7974 -80.6059
3 0 6.904 -48.313 -82.646 9.2819 -47.3387 -82.0422 9.0357 -48.0032 -81.4771
3 0 6.904 -48.313 -82.646 9.0357 -48.0032 -81.4771 9.0271 -48.2349 -81.2251
3 0 9.1645 -48.6194 -80.6993 9.4747 -49.0103 -80.0438 6.904 -48.313 -82.646
3 0 6.904 -48.313 -82.646 9.4747 -49.0103 -80.0438 6.9314 -50.3186 -78.7308
3 0 9.4747 -49.0103 -80.0438 9.5972 -49.1646 -79.6841 9.1691 -49.5695 -79.1038
3 0 0 -29.778 -98.752 2.7054 -26.8343 -97.529 3.2136 -27.5653 -97.6157
3 0 3.9123 -28.3194 -97.673 4.5825 -28.8252 -97.6743 4.638 -29.681 -97.875
3 0 12.068 -39.91 -84.409 12.7461 -39.231 -83.9466 12.8174 -39.8333 -83.6975
3 0 12.068 -39.91 -84.409 12.8174 -39.8333 -83.6975 13.0745 -39.9859 -83.4002
3 0 12.068 -39.91 -84.409 13.5416 -42.3394 -82.2421 13.4958 -43.8313 -81.843
3 0 15.4614 -38.9352 -81.374 16.4076 -41.3985 -79.7453 14.4017 -41.2456 -81.7248
4 0 13.0745 -39.9859 -83.4002 14.1364 -40.5409 -82.1945 13.5416 -42.3394 -82.2421 12.068 -39.91 -84.409
3 0 13.4452 -39.8682 -83.0719 14.2022 -38.9979 -82.5892 14.2189 -39.9293 -82.2957
4 0 13.4958 -43.8313 -81.843 13.5416 -42.3394 -82.2421 14.4017 -41.2456 -81.7248 16.4076 -41.3985 -79.7453
4 0 14.1364 -40.5409 -82.1945 13.0745 -39.9859 -83.4002 13.4452 -39.8682 -83.0719 14.2189 -39.9293 -82.2957
4 0 12.3585 -38.5156 -84.6323 12.068 -39.91 -84.409 11.3428 -38.5399 -85.7039 11.5501 -38.4311 -85.5249
3 0 11.5501 -38.4311 -85.5249 12.0518 -38.3476 -85.0229 12.3585 -38.5156 -84.6323
4 0 5.7187 -33.1108 -94.9731 5.4015 -33.1917 -95.2801 5.1397 -33.1647 -95.5804 6.372 -32.7515 -94.4374
4 0 8.0845 -24.9239 -92.4992 7.956 -24.504 -92.4495 8.5879 -25.081 -91.5909 8.3099 -25.3565 -92.361
4 0 8.5906 -24.8794 -91.436 8.5879 -25.081 -91.5909 7.956 -24.504 -92.4495 8.0248 -24.0507 -91.9733
4 0 8.5906 -24.8794 -91.436 8.0248 -24.0507 -91.9733 8.2706 -24.1224 -91.5262 8.4484 -24.3626 -91.3423
4 0 6.6 -43.081 -86.784 5.6778 -43.2541 -86.8885 6.1643 -42.9729 -86.9891 6.5869 -43.015 -86.8416
3 0 5.6778 -43.2541 -86.8885 5.7272 -43.1654 -86.948 6.1643 -42.9729 -86.9891
4 0 5.058 -50.34 -79.1516 4.8731 -50.0171 -79.8266 6.9314 -50.3186 -78.7308 6.0315 -50.5792 -78.445
4 0 4.9993 -49.3735 -81.0496 5.3579 -49.1181 -81.4587 4.8731 -50.0171 -79.8266 4.8647 -49.6799 -80.4858
4 0 6.2113 -48.7655 -81.9352 6.9314 -50.3186 -78.7308 4.8731 -50.0171 -79.8266 5.3579 -49.1181 -81.4587
3 0 3.6005 -32.5003 -96.2785 2.6651 -32.0864 -96.7091 4.638 -29.681 -97.875
4 0 16.8256 -32.6767 -80.5489 17.6985 -34.3334 -79.8199 17.0406 -34.9455 -80.841 16.8353 -34.7761 -81.0682
3 0 16.8256 -32.6767 -80.5489 17.139 -32.7188 -80.1471 17.3868 -32.9198 -79.8718
4 0 17.6985 -34.3334 -79.8199 16.8256 -32.6767 -80.5489 17.3868 -32.9198 -79.8718 17.6367 -33.5898 -79.7127
3 0 14.1635 -33.1891 -83.9471 13.3463 -32.5943 -84.8 14.1035 -32.4666 -83.7594
4 0 14.1035 -32.4666 -83.7594 13.3463 -32.5943 -84.8 13.5101 -32.0321 -84.3777 13.7421 -31.9076 -84.0274
3 0 13.5101 -32.0321 -84.3777 13.6166 -31.9017 -84.1899 13.7421 -31.9076 -84.0274
4 0 15.1767 -33.9265 -82.8898 15.1314 -33.7021 -82.8664 15.5608 -33.1184 -82.0876 15.9985 -34.5247 -82.0321
3 0 16.161 -32.8236 -81.1913 16.3754 -32.7696 -80.8901 16.7545 -34.7121 -81.1093
3 0 9.2828 -27.8709 -91.8434 9.0062 -27.8015 -92.2304 8.8579 -27.4199 -92.4746
3 0 6.904 -48.313 -82.646 6.8803 -47.9056 -82.9682 9.2819 -47.3387 -82.0422
4 0 9.2819 -47.3387 -82.0422 6.8803 -47.9056 -82.9682 7.1066 -46.5937 -83.835 9.5085 -46.7272 -82.3779
3 0 9.3271 -45.6408 -83.3039 7.1066 -46.5937 -83.835 6.8714 -45.6488 -84.6841
4 0 8.404 -44.5103 -84.6821 8.9 -44.9854 -84.0419 9.3271 -45.6408 -83.3039 6.8714 -45.6488 -84.6841
4 0 7.9893 -44.3583 -85.0314 8.404 -44.5103 -84.6821 6.8714 -45.6488 -84.6841 6.8269 -45.0462 -85.1661
3 0 6.8269 -45.0462 -85.1661 7.0465 -44.6505 -85.3421 7.2919 -44.4431 -85.3608
4 0 7.2919 -44.4431 -85.3608 7.4702 -44.4026 -85.2909 7.9893 -44.3583 -85.0314 6.8269 -45.0462 -85.1661
4 0 9.4871 -46.0224 -82.9243 9.5085 -46.7272 -82.3779 7.1066 -46.5937 -83.835 9.3271 -45.6408 -83.3039
4 0 12.4636 -45.875 -81.3557 12.9614 -45.7245 -81.1888 13.1722 -45.7448 -81.0544 12.0519 -46.2038 -81.3389
3 0 0.9135 -21.5755 -94.3687 2.4418 -21.6115 -94.3062 2.1695 -21.7013 -94.3948
3 0 0.6899 -22.589 -95.198 0 -23.2116 -95.7405 0 -22.3393 -95.0383
4 0 0.4288 -21.8408 -94.6112 0.9135 -21.5755 -94.3687 0.6899 -22.589 -95.198 0 -22.3393 -95.0383
3 0 2.1695 -21.7013 -94.3948 0.6899 -22.589 -95.198 0.9135 -21.5755 -94.3687
4 0 14.5981 -47.3696 -77.3174 15.796 -45.7166 -77.4249 15.7797 -46.4499 -76.497 15.0514 -47.1761 -76.7948
3 0 14.5981 -47.3696 -77.3174 15.6128 -45.7066 -77.751 15.796 -45.7166 -77.4249
4 0 15.6128 -45.7066 -77.751 14.5981 -47.3696 -77.3174 14.2565 -47.3987 -77.8631 14.366 -46.8364 -78.409
4 0 15.6128 -45.7066 -77.751 14.366 -46.8364 -78.409 14.7174 -46.2294 -78.5997 15.1274 -45.8873 -78.3449
4 0 2.4591 -26.48 -97.4118 0 -24.581 -96.843 1.271 -24.7208 -96.8278 2.2266 -25.459 -97.0489
3 0 2.2266 -25.459 -97.0489 2.3817 -25.7108 -97.1333 2.4591 -26.48 -97.4118
4 0 3.7879 -21.4564 -93.6399 2.4418 -21.6115 -94.3062 0.9135 -21.5755 -94.3687 3.4934 -21.1772 -92.7608
4 0 13.5148 -33.9762 -84.6292 13.3463 -32.5943 -84.8 14.1635 -33.1891 -83.9471 14.0348 -33.5625 -84.0833
3 0 14.0348 -33.5625 -84.0833 13.8094 -33.8057 -84.3202 13.5148 -33.9762 -84.6292
3 0 12.8014 -33.3175 -85.3732 13.3463 -32.5943 -84.8 13.5148 -33.9762 -84.6292
4 0 12.8533 -33.6877 -85.3204 12.8014 -33.3175 -85.3732 13.5148 -33.9762 -84.6292 13.1868 -33.9547 -84.9725
3 0 7.545 -25.355 -93.9169 7.588 -26.072 -94.361 7.1685 -25.9411 -94.6747
4 0 7.3143 -25.229 -94.0528 7.545 -25.355 -93.9169 7.1685 -25.9411 -94.6747 7.0853 -25.4777 -94.4407
3 0 12.068 -39.91 -84.409 10.2645 -39.5075 -86.2142 10.3921 -39.2783 -86.2078
3 0 1.1732 -31.656 -97.2917 0 -31.5873 -97.5742 0 -29.778 -98.752
3 0 17.0406 -34.9455 -80.841 17.6985 -34.3334 -79.8199 17.5533 -35.0796 -80.0627
4 0 10.8233 -43.3566 -83.8333 10.7997 -44.3758 -83.4316 10.0326 -44.1393 -84.0439 10.4882 -43.333 -84.0681
4 0 9.2235 -43.6403 -84.792 9.9984 -42.9025 -84.5736 10.1903 -43.1776 -84.3319 9.7024 -43.981 -84.3306
4 0 9.9384 -42.5691 -84.7505 9.9984 -42.9025 -84.5736 9.2235 -43.6403 -84.792 8.6303 -42.9559 -85.471
4 0 10.1903 -43.1776 -84.3319 10.4882 -43.333 -84.0681 10.0326 -44.1393 -84.0439 9.7024 -43.981 -84.3306
3 0 10.8233 -43.3566 -83.8333 11.1355 -43.2312 -83.6748 10.7997 -44.3758 -83.4316
3 0 10.7997 -44.3758 -83.4316 11.1355 -43.2312 -83.6748 11.3752 -42.9946 -83.6107
4 0 11.5178 -42.6856 -83.6415 11.8092 -44.4052 -82.7412 10.7997 -44.3758 -83.4316 11.3752 -42.9946 -83.6107
4 0 11.5357 -42.3428 -83.77 13.4958 -43.8313 -81.843 12.5514 -44.2496 -82.3063 11.5178 -42.6856 -83.6415
3 0 11.5178 -42.6856 -83.6415 12.5514 -44.2496 -82.3063 11.8092 -44.4052 -82.7412
4 0 10.0058 -42.2388 -84.8405 9.9384 -42.5691 -84.7505 8.6303 -42.9559 -85.471 8.1871 -42.1606 -86.0947
4 0 11.5357 -42.3428 -83.77 11.4047 -42.0339 -83.9845 12.068 -39.91 -84.409 13.4958 -43.8313 -81.843
3 0 12.068 -39.91 -84.409 11.4047 -42.0339 -83.9845 11.1457 -41.8189 -84.2467
3 0 10.2061 -41.9673 -84.8172 10.0058 -42.2388 -84.8405 8.1871 -42.1606 -86.0947
3 0 12.068 -39.91 -84.409 11.1457 -41.8189 -84.2467 10.821 -41.7282 -84.502
4 0 16.3754 -32.7696 -80.8901 16.8256 -32.6767 -80.5489 16.8353 -34.7761 -81.0682 16.7545 -34.7121 -81.1093
4 0 7.2653 -26.1701 -94.6597 7.1685 -25.9411 -94.6747 7.588 -26.072 -94.361 7.4085 -26.2915 -94.5748
4 0 9.1087 -26.8176 -91.5585 9.2815 -27.1428 -91.3904 8.8579 -27.4199 -92.4746 8.7736 -27.0087 -92.3984
3 0 8.7736 -27.0087 -92.3984 8.8611 -26.6871 -92.0091 9.1087 -26.8176 -91.5585
4 0 8.8579 -27.4199 -92.4746 9.2815 -27.1428 -91.3904 9.3519 -27.7154 -91.5976 9.2828 -27.8709 -91.8434
3 0 8.5879 -25.081 -91.5909 8.5838 -25.3962 -91.7971 8.3099 -25.3565 -92.361
3 0 6.6 -43.081 -86.784 6.6751 -44.3731 -85.7621 5.7883 -44.4751 -85.9126
4 0 6.6751 -44.3731 -85.7621 6.4749 -44.4863 -85.7261 6.1571 -44.5305 -85.7741 5.7883 -44.4751 -85.9126
3 0 5.7883 -44.4751 -85.9126 5.4508 -44.2675 -86.1611 5.3835 -43.7826 -86.5547
4 0 5.7883 -44.4751 -85.9126 5.3835 -43.7826 -86.5547 5.6778 -43.2541 -86.8885 6.6 -43.081 -86.784
3 0 4.4159 -52.2704 -74.7474 5.4821 -52.2506 -73.9081 5.4271 -52.3049 -73.4106
3 0 4.4159 -52.2704 -74.7474 4.5939 -52.4649 -72.5991 4.0392 -52.5231 -72.5492
3 0 4.0392 -52.5231 -72.5492 3.6777 -52.5498 -72.631 3.263 -52.553 -73.0032
4 0 4.0392 -52.5231 -72.5492 3.263 -52.553 -73.0032 4.17 -52.275 -74.941 4.4159 -52.2704 -74.7474
3 0 3.263 -52.553 -73.0032 3.0075 -52.5186 -73.6016 4.17 -52.275 -74.941
4 0 4.5939 -52.4649 -72.5991 4.4159 -52.2704 -74.7474 5.4271 -52.3049 -73.4106 5.1434 -52.387 -72.8535
4 0 10.866 -50.6735 -75.6309 10.562 -50.8998 -74.9796 10.2559 -51.0351 -74.6976 10.907 -50.5849 -75.9528
4 0 9.4555 -51.2883 -74.3659 8.7615 -51.5733 -73.814 7.613 -51.4848 -75.1613 7.5773 -51.4203 -75.4527
3 0 8.7615 -51.5733 -73.814 8.2646 -51.686 -73.7876 7.613 -51.4848 -75.1613
4 0 7.5773 -51.4203 -75.4527 10.907 -50.5849 -75.9528 10.2559 -51.0351 -74.6976 9.4555 -51.2883 -74.3659
4 0 5.114 -52.156 -74.6072 5.5289 -52.1356 -74.3317 5.4821 -52.2506 -73.9081 4.4159 -52.2704 -74.7474
3 0 10.4885 -50.3543 -76.9376 8.7092 -50.5786 -77.3633 8.8714 -50.4701 -77.4959
3 0 8.8714 -50.4701 -77.4959 9.3585 -50.0667 -78.0447 9.7029 -49.9869 -78.0331
4 0 4.17 -52.275 -74.941 3.0075 -52.5186 -73.6016 2.9941 -52.5164 -73.6329 2.9411 -52.4776 -74.0372
4 0 7.8666 -50.9703 -76.6741 7.5773 -51.4203 -75.4527 7.5472 -51.3478 -75.6978 7.6065 -51.1641 -76.2337
4 0 7.8666 -50.9703 -76.6741 8.7092 -50.5786 -77.3633 10.907 -50.5849 -75.9528 7.5773 -51.4203 -75.4527
4 0 1.131 -51.4704 -77.5151 0.6258 -51.5753 -77.2899 0 -51.6129 -77.2633 0 -51.171 -78.473
3 0 0.6258 -51.5753 -77.2899 0.0244 -51.6147 -77.2555 0 -51.6129 -77.2633
4 0 1.7534 -51.0777 -78.2996 0 -51.171 -78.473 0 -50.6894 -79.4832 1.3539 -50.5673 -79.4543
3 0 0 -50.6894 -79.4832 0.5944 -50.575 -79.5979 1.3539 -50.5673 -79.4543
4 0 1.7534 -51.0777 -78.2996 1.3539 -50.5673 -79.4543 1.6977 -50.6766 -79.1528 1.8228 -50.8562 -78.7496
4 0 6.7712 -21.625 -91.123 7.1355 -21.813 -91.5497 3.7879 -21.4564 -93.6399 3.4934 -21.1772 -92.7608
3 15 7.0853 -25.4777 -94.4407 7.1685 -25.9411 -94.6747 4.338 -25.058 -96.791
3 15 4.338 -25.058 -96.791 3.99 -21.648 -94.243 7.339 -21.918 -91.788
3 15 6.625 -19.001 -89.933 6.8675 -19.3031 -89.4267 6.8687 -19.4631 -89.5537
3 15 6.147 -21.303 -90.392 3.278 -20.973 -92.118 3.709 -17.641 -92.332
3 15 3.709 -17.641 -92.332 6.625 -19.001 -89.933 6.147 -21.303 -90.392
3 15 3.709 -17.641 -92.332 3.278 -20.973 -92.118 0 -20.584 -92.424
3 15 0 -20.584 -92.424 0 -17.631 -92.462 3.709 -17.641 -92.332
3 15 3.278 -20.973 -92.118 0 -21.554 -94.406 0 -20.584 -92.424
3 15 4.338 -25.058 -96.791 2.3817 -25.7108 -97.1333 2.2266 -25.459 -97.0489
4 15 7.0532 -29.8302 -94.6487 6.7941 -29.7453 -95.0026 7.5354 -26.3991 -94.3941 7.6337 -26.4022 -94.2631
3 15 13.7212 -45.7974 -80.6059 14.06 -45.381 -80.829 13.9356 -46.0351 -80.1889
4 15 6.9079 -40.5366 -88.3193 7.5974 -39.8884 -88.195 7.8305 -41.2253 -87.0553 6.8619 -42.9291 -86.6702
4 15 5.5543 -17.3483 -89.2908 6.4742 -18.4507 -89.306 6.625 -19.001 -89.933 4.5495 -16.5 -89.8754
3 15 6.8963 -21.7575 -89.3116 6.147 -21.303 -90.392 6.8851 -21.6427 -89.3374
3 15 13.0643 -35.556 -85.0112 12.4185 -35.6713 -85.6545 10.9513 -35.4043 -87.3178
4 15 8.9213 -23.0333 -89.3941 8.4484 -24.3626 -91.3423 8.2706 -24.1224 -91.5262 7.339 -21.918 -91.788
4 15 9.998 -28.63 -90.781 10.313 -28.3733 -89.8208 10.3253 -28.8066 -89.94 10.2798 -29.0427 -90.1488
3 15 0.9135 -21.5755 -94.3687 0.4288 -21.8408 -94.6112 0 -21.554 -94.406
4 15 3.709 -17.641 -92.332 0.9115 -15.6913 -90.6682 3.5477 -15.7835 -90.3595 3.5933 -15.8069 -90.3775
4 15 9.998 -28.63 -90.781 9.7514 -30.0702 -90.7784 9.1088 -30.8377 -91.6928 8.8433 -31.0247 -92.1107
3 15 14.8259 -45.4139 -79.4773 13.9356 -46.0351 -80.1889 14.06 -45.381 -80.829
3 15 3.7879 -21.4564 -93.6399 3.99 -21.648 -94.243 2.4418 -21.6115 -94.3062
4 15 6.625 -19.001 -89.933 6.5131 -18.4973 -89.2201 6.8671 -19.2463 -89.2814 6.8675 -19.3031 -89.4267
4 15 14.5076 -34.5362 -83.5924 15.1542 -34.8553 -82.917 15.5127 -35.1956 -82.5433 13.9778 -34.3886 -84.1464
4 15 9.3374 -37.6437 -87.9225 7.9093 -38.9121 -88.6044 8.1082 -37.5626 -89.0618 8.7911 -36.9412 -88.7428
4 15 15.3563 -45.0317 -79.0264 14.8259 -45.4139 -79.4773 14.06 -45.381 -80.829 16.4654 -43.9228 -78.4545
3 15 12.5514 -44.2496 -82.3063 13.4958 -43.8313 -81.843 14.06 -45.381 -80.829
3 15 7.1355 -21.813 -91.5497 8.9213 -23.0333 -89.3941 7.339 -21.918 -91.788
3 15 6.8963 -21.7575 -89.3116 7.8162 -22.3803 -89.2768 6.147 -21.303 -90.392
4 15 7.8162 -22.3803 -89.2768 8.9213 -23.0333 -89.3941 6.7712 -21.625 -91.123 6.147 -21.303 -90.392
3 15 7.339 -21.918 -91.788 7.545 -25.355 -93.9169 7.3143 -25.229 -94.0528
4 15 7.3143 -25.229 -94.0528 7.0853 -25.4777 -94.4407 4.338 -25.058 -96.791 7.339 -21.918 -91.788
4 15 10.2841 -27.3519 -89.2496 10.313 -28.3733 -89.8208 9.998 -28.63 -90.781 9.9595 -25.6903 -89.0237
4 15 14.06 -45.381 -80.829 13.4958 -43.8313 -81.843 16.4076 -41.3985 -79.7453 17.3376 -42.6409 -78.4958
4 15 16.4076 -41.3985 -79.7453 17.6862 -40.8045 -78.6971 17.5826 -41.8791 -78.4835 17.3376 -42.6409 -78.4958
4 15 15.191 -37.1477 -82.1709 16.1351 -35.8378 -81.6357 16.7983 -36.8883 -80.684 15.45 -38.4356 -81.5338
3 15 15.191 -37.1477 -82.1709 15.0503 -36.924 -82.3754 16.1351 -35.8378 -81.6357
4 15 17.6862 -40.8045 -78.6971 16.4076 -41.3985 -79.7453 17.313 -38.1728 -79.8188 17.5721 -39.2063 -79.2708
3 15 16.4076 -41.3985 -79.7453 15.4614 -38.9352 -81.374 17.313 -38.1728 -79.8188
4 15 15.45 -38.4356 -81.5338 16.7983 -36.8883 -80.684 17.313 -38.1728 -79.8188 15.4614 -38.9352 -81.374
4 15 0.9115 -15.6913 -90.6682 3.709 -17.641 -92.332 0 -17.631 -92.462 0 -15.6594 -90.6734
4 15 0 -21.554 -94.406 3.278 -20.973 -92.118 3.4934 -21.1772 -92.7608 0.9135 -21.5755 -94.3687
3 15 3.9123 -28.3194 -97.673 3.2136 -27.5653 -97.6157 2.7054 -26.8343 -97.529
4 15 2.7054 -26.8343 -97.529 4.338 -25.058 -96.791 4.5825 -28.8252 -97.6743 3.9123 -28.3194 -97.673
4 15 2.4591 -26.48 -97.4118 2.3817 -25.7108 -97.1333 4.338 -25.058 -96.791 2.7054 -26.8343 -97.529
3 15 2.2266 -25.459 -97.0489 1.271 -24.7208 -96.8278 4.338 -25.058 -96.791
4 15 7.6337 -26.4022 -94.2631 8.8579 -27.4199 -92.4746 8.3246 -31.39 -92.7837 7.8479 -30.7345 -93.4909
4 15 7.4085 -26.2915 -94.5748 6.2902 -29.7656 -95.6699 5.8482 -29.6271 -96.2729 5.0552 -29.1706 -97.378
3 15 7.6337 -26.4022 -94.2631 7.8479 -30.7345 -93.4909 7.0532 -29.8302 -94.6487
4 15 6.7941 -29.7453 -95.0026 6.2902 -29.7656 -95.6699 7.4085 -26.2915 -94.5748 7.5354 -26.3991 -94.3941
3 15 13.7212 -45.7974 -80.6059 13.1722 -45.7448 -81.0544 14.06 -45.381 -80.829
3 15 4.338 -25.058 -96.791 1.271 -24.7208 -96.8278 0.993 -24.5061 -96.6917
4 15 0.4556 -24.2461 -96.5462 3.99 -21.648 -94.243 4.338 -25.058 -96.791 0.993 -24.5061 -96.6917
3 15 3.709 -17.641 -92.332 3.5933 -15.8069 -90.3775 3.9372 -15.983 -90.1128
4 15 4.5495 -16.5 -89.8754 6.625 -19.001 -89.933 3.709 -17.641 -92.332 3.9372 -15.983 -90.1128
4 15 7.279 -38.8411 -89.2025 7.7113 -38.9376 -88.7698 7.6174 -39.077 -88.7506 7.1324 -39.3169 -88.9905
4 15 7.5974 -39.8884 -88.195 6.9079 -40.5366 -88.3193 7.1324 -39.3169 -88.9905 7.6174 -39.077 -88.7506
3 15 8.1871 -42.1606 -86.0947 6.8619 -42.9291 -86.6702 7.8305 -41.2253 -87.0553
4 15 6.8687 -19.4631 -89.5537 6.8851 -21.6427 -89.3374 6.147 -21.303 -90.392 6.625 -19.001 -89.933
3 15 6.8851 -21.6427 -89.3374 8.635 -22.812 -86.805 6.8963 -21.7575 -89.3116
3 15 10.9513 -35.4043 -87.3178 15.5127 -35.1956 -82.5433 13.0643 -35.556 -85.0112
3 15 13.0643 -35.556 -85.0112 15.5127 -35.1956 -82.5433 13.853 -35.722 -84.1085
4 15 16.1351 -35.8378 -81.6357 15.0503 -36.924 -82.3754 14.7001 -36.3674 -82.9606 15.5127 -35.1956 -82.5433
4 15 12.4185 -35.6713 -85.6545 11.6321 -36.0012 -86.3653 10.03 -36.0598 -88.048 10.9513 -35.4043 -87.3178
3 15 11.6321 -36.0012 -86.3653 10.48 -36.9099 -87.2445 10.03 -36.0598 -88.048
3 15 14.7001 -36.3674 -82.9606 14.2306 -35.9345 -83.6255 15.5127 -35.1956 -82.5433
3 15 14.2306 -35.9345 -83.6255 13.853 -35.722 -84.1085 15.5127 -35.1956 -82.5433
4 15 7.8518 -25.7151 -93.5594 8.0845 -24.9239 -92.4992 8.3099 -25.3565 -92.361 7.8721 -25.7905 -93.5741
4 15 7.956 -24.504 -92.4495 8.0845 -24.9239 -92.4992 7.8518 -25.7151 -93.5594 7.545 -25.355 -93.9169
3 15 7.339 -21.918 -91.788 8.2706 -24.1224 -91.5262 8.0248 -24.0507 -91.9733
3 15 9.4895 -24.1875 -89.0934 8.5879 -25.081 -91.5909 8.5906 -24.8794 -91.436
4 15 7.339 -21.918 -91.788 8.0248 -24.0507 -91.9733 7.956 -24.504 -92.4495 7.545 -25.355 -93.9169
3 15 8.5906 -24.8794 -91.436 8.4484 -24.3626 -91.3423 8.9213 -23.0333 -89.3941
4 15 9.1967 -23.3445 -89.0642 9.4895 -24.1875 -89.0934 8.5906 -24.8794 -91.436 8.9213 -23.0333 -89.3941
3 15 7.6337 -26.4022 -94.2631 7.8818 -26.3838 -93.9246 8.8579 -27.4199 -92.4746
4 15 8.3246 -31.39 -92.7837 8.8579 -27.4199 -92.4746 9.0062 -27.8015 -92.2304 8.8433 -31.0247 -92.1107
4 15 9.998 -28.63 -90.781 8.8433 -31.0247 -92.1107 9.0062 -27.8015 -92.2304 9.2828 -27.8709 -91.8434
3 15 12.0519 -46.2038 -81.3389 11.6092 -46.3852 -81.4513 12.4636 -45.875 -81.3557
4 15 10.7997 -44.3758 -83.4316 12.4636 -45.875 -81.3557 11.6092 -46.3852 -81.4513 9.4871 -46.0224 -82.9243
3 15 9.3271 -45.6408 -83.3039 8.9 -44.9854 -84.0419 10.0326 -44.1393 -84.0439
3 15 14.06 -45.381 -80.829 13.1722 -45.7448 -81.0544 12.9614 -45.7245 -81.1888
4 15 12.9614 -45.7245 -81.1888 12.4636 -45.875 -81.3557 10.7997 -44.3758 -83.4316 14.06 -45.381 -80.829
4 15 9.3271 -45.6408 -83.3039 10.0326 -44.1393 -84.0439 10.7997 -44.3758 -83.4316 9.4871 -46.0224 -82.9243
3 15 8.9 -44.9854 -84.0419 8.404 -44.5103 -84.6821 10.0326 -44.1393 -84.0439
4 15 7.9893 -44.3583 -85.0314 7.404 -43.3289 -86.1422 10.0326 -44.1393 -84.0439 8.404 -44.5103 -84.6821
3 15 7.9893 -44.3583 -85.0314 7.4702 -44.4026 -85.2909 7.3073 -44.2247 -85.5176
4 15 7.1886 -43.9253 -85.8116 7.404 -43.3289 -86.1422 7.9893 -44.3583 -85.0314 7.3073 -44.2247 -85.5176
4 15 3.99 -21.648 -94.243 0.4556 -24.2461 -96.5462 2.1695 -21.7013 -94.3948 2.4418 -21.6115 -94.3062
3 15 0.4556 -24.2461 -96.5462 0 -24.1647 -96.5079 0 -23.2116 -95.7405
4 15 0.4556 -24.2461 -96.5462 0 -23.2116 -95.7405 0.6899 -22.589 -95.198 2.1695 -21.7013 -94.3948
3 15 0.4288 -21.8408 -94.6112 0 -22.3393 -95.0383 0 -21.554 -94.406
4 15 6.147 -21.303 -90.392 6.7712 -21.625 -91.123 3.4934 -21.1772 -92.7608 3.278 -20.973 -92.118
4 15 7.339 -21.918 -91.788 3.99 -21.648 -94.243 3.7879 -21.4564 -93.6399 7.1355 -21.813 -91.5497
4 15 9.998 -28.63 -90.781 10.2798 -29.0427 -90.1488 10.2499 -29.1979 -90.1545 9.7514 -30.0702 -90.7784
3 15 6.625 -19.001 -89.933 6.4742 -18.4507 -89.306 6.5131 -18.4973 -89.2201
3 15 10.9513 -35.4043 -87.3178 11.7481 -34.8375 -86.4817 12.5395 -34.5014 -85.6521
4 15 13.9778 -34.3886 -84.1464 15.5127 -35.1956 -82.5433 10.9513 -35.4043 -87.3178 12.5395 -34.5014 -85.6521
3 15 12.5395 -34.5014 -85.6521 13.1079 -34.3693 -85.0567 13.9778 -34.3886 -84.1464
4 15 7.3716 -38.5406 -89.261 7.9093 -38.9121 -88.6044 7.7113 -38.9376 -88.7698 7.279 -38.8411 -89.2025
3 15 7.3716 -38.5406 -89.261 8.1082 -37.5626 -89.0618 7.9093 -38.9121 -88.6044
4 15 9.3374 -37.6437 -87.9225 8.7911 -36.9412 -88.7428 10.03 -36.0598 -88.048 10.48 -36.9099 -87.2445
4 15 17.3376 -42.6409 -78.4958 17.0596 -43.1658 -78.3434 16.4654 -43.9228 -78.4545 14.06 -45.381 -80.829
3 15 10.0326 -44.1393 -84.0439 7.404 -43.3289 -86.1422 9.7024 -43.981 -84.3306
4 15 7.437 -43.2375 -86.1575 8.1871 -42.1606 -86.0947 8.6303 -42.9559 -85.471 7.404 -43.3289 -86.1422
3 15 9.7024 -43.981 -84.3306 7.404 -43.3289 -86.1422 9.2235 -43.6403 -84.792
3 15 9.2235 -43.6403 -84.792 7.404 -43.3289 -86.1422 8.6303 -42.9559 -85.471
4 15 6.8619 -42.9291 -86.6702 8.1871 -42.1606 -86.0947 7.2246 -43.0946 -86.3587 6.8597 -43.0422 -86.6254
3 15 7.437 -43.2375 -86.1575 7.2246 -43.0946 -86.3587 8.1871 -42.1606 -86.0947
3 15 14.06 -45.381 -80.829 10.7997 -44.3758 -83.4316 11.8092 -44.4052 -82.7412
3 15 14.06 -45.381 -80.829 11.8092 -44.4052 -82.7412 12.5514 -44.2496 -82.3063
4 15 9.9384 -42.5691 -84.7505 10.0058 -42.2388 -84.8405 10.2061 -41.9673 -84.8172 10.4909 -41.7877 -84.6994
4 15 9.9984 -42.9025 -84.5736 9.9384 -42.5691 -84.7505 10.4909 -41.7877 -84.6994 10.821 -41.7282 -84.502
4 15 10.821 -41.7282 -84.502 11.1457 -41.8189 -84.2467 10.1903 -43.1776 -84.3319 9.9984 -42.9025 -84.5736
3 15 11.5178 -42.6856 -83.6415 11.3752 -42.9946 -83.6107 11.1355 -43.2312 -83.6748
4 15 11.5357 -42.3428 -83.77 11.5178 -42.6856 -83.6415 11.1355 -43.2312 -83.6748 10.8233 -43.3566 -83.8333
4 15 10.8233 -43.3566 -83.8333 10.4882 -43.333 -84.0681 11.4047 -42.0339 -83.9845 11.5357 -42.3428 -83.77
4 15 10.4882 -43.333 -84.0681 10.1903 -43.1776 -84.3319 11.1457 -41.8189 -84.2467 11.4047 -42.0339 -83.9845
3 15 7.4085 -26.2915 -94.5748 5.0552 -29.1706 -97.378 7.2653 -26.1701 -94.6597
3 15 4.5825 -28.8252 -97.6743 4.338 -25.058 -96.791 5.0552 -29.1706 -97.378
4 15 4.338 -25.058 -96.791 7.1685 -25.9411 -94.6747 7.2653 -26.1701 -94.6597 5.0552 -29.1706 -97.378
4 15 8.7736 -27.0087 -92.3984 8.8579 -27.4199 -92.4746 7.8818 -26.3838 -93.9246 7.9444 -26.0602 -93.5874
4 15 8.7736 -27.0087 -92.3984 7.9444 -26.0602 -93.5874 7.8721 -25.7905 -93.5741 8.3099 -25.3565 -92.361
4 15 8.8611 -26.6871 -92.0091 8.7736 -27.0087 -92.3984 8.3099 -25.3565 -92.361 8.5838 -25.3962 -91.7971
4 15 9.1087 -26.8176 -91.5585 8.8611 -26.6871 -92.0091 8.5838 -25.3962 -91.7971 8.5879 -25.081 -91.5909
4 15 9.4895 -24.1875 -89.0934 9.8928 -25.3492 -88.9534 9.1087 -26.8176 -91.5585 8.5879 -25.081 -91.5909
4 15 9.2815 -27.1428 -91.3904 9.1087 -26.8176 -91.5585 9.8928 -25.3492 -88.9534 9.9595 -25.6903 -89.0237
3 15 9.998 -28.63 -90.781 9.2828 -27.8709 -91.8434 9.3519 -27.7154 -91.5976
4 15 9.998 -28.63 -90.781 9.3519 -27.7154 -91.5976 9.2815 -27.1428 -91.3904 9.9595 -25.6903 -89.0237
3 16 15.6128 -45.7066 -77.751 15.1274 -45.8873 -78.3449 14.8259 -45.4139 -79.4773
4 16 11.994 -47.6456 -79.7743 12.8298 -47.4754 -79.3703 13.179 -50.015 -76.294 9.4747 -49.0103 -80.0438
4 16 6.1643 -42.9729 -86.9891 5.7272 -43.1654 -86.948 0 -44.32 -87.532 5.688 -38.486 -90.795
3 16 0 -44.32 -87.532 0 -39.584 -91.44 5.688 -38.486 -90.795
3 16 5.688 -38.486 -90.795 8.1082 -37.5626 -89.0618 7.3716 -38.5406 -89.261
3 16 9.713 -35.461 -88.614 5.688 -38.486 -90.795 5.316 -34.389 -94.774
3 16 9.7514 -30.0702 -90.7784 10.2499 -29.1979 -90.1545 12.071 -31.666 -86.131
3 16 12.071 -31.666 -86.131 9.713 -35.461 -88.614 8.401 -31.942 -92.62
4 16 5.316 -34.389 -94.774 5.7187 -33.1108 -94.9731 6.372 -32.7515 -94.4374 8.401 -31.942 -92.62
3 16 5.316 -34.389 -94.774 8.401 -31.942 -92.62 9.713 -35.461 -88.614
3 16 12.071 -31.666 -86.131 12.558 -26.544 -82.978 15.929 -30.482 -80.632
3 16 12.558 -26.544 -82.978 12.037 -26.327 -80.236 16.81 -29.322 -79.719
3 16 16.81 -29.322 -79.719 15.929 -30.482 -80.632 12.558 -26.544 -82.978
3 16 16.837 -35.135 -81.157 16.7545 -34.7121 -81.1093 16.8353 -34.7761 -81.0682
3 16 16.837 -35.135 -81.157 16.1351 -35.8378 -81.6357 15.5127 -35.1956 -82.5433
3 16 16.81 -29.322 -79.719 12.037 -26.327 -80.236 12.394 -23.514 -80.806
3 16 12.394 -23.514 -80.806 16.827 -24.715 -76.156 16.81 -29.322 -79.719
3 16 12.394 -23.514 -80.806 8.8808 -22.9874 -86.3615 8.635 -22.812 -86.805
3 16 12.394 -23.514 -80.806 8.635 -22.812 -86.805 8.475 -21.305 -86.071
3 16 8.635 -22.812 -86.805 6.8851 -21.6427 -89.3374 6.8687 -19.4631 -89.5537
3 16 3.562 -15.31 -89.848 3.9372 -15.983 -90.1128 3.5933 -15.8069 -90.3775
4 16 0.9115 -15.6913 -90.6682 0 -15.056 -90.126 3.562 -15.31 -89.848 3.5477 -15.7835 -90.3595
3 16 3.562 -15.31 -89.848 0 -15.056 -90.126 0 -17.069 -83.687
3 16 3.562 -15.31 -89.848 0 -17.069 -83.687 4.366 -17.545 -83.732
3 16 3.562 -15.31 -89.848 4.366 -17.545 -83.732 7.563 -18.83 -84.731
4 16 4.5495 -16.5 -89.8754 3.562 -15.31 -89.848 6.212 -17.494 -88.216 5.5543 -17.3483 -89.2908
3 16 7.563 -18.83 -84.731 6.212 -17.494 -88.216 3.562 -15.31 -89.848
3 16 8.475 -21.305 -86.071 6.212 -17.494 -88.216 7.563 -18.83 -84.731
3 16 7.563 -18.83 -84.731 9.964 -20.119 -79.331 12.394 -23.514 -80.806
3 16 12.394 -23.514 -80.806 8.475 -21.305 -86.071 7.563 -18.83 -84.731
3 16 9.964 -20.119 -79.331 13.202 -21.035 -73.738 16.827 -24.715 -76.156
3 16 16.827 -24.715 -76.156 12.394 -23.514 -80.806 9.964 -20.119 -79.331
3 16 13.202 -21.035 -73.738 15.67 -22.755 -67.91 20.426 -26.651 -71.207
3 16 20.426 -26.651 -71.207 16.827 -24.715 -76.156 13.202 -21.035 -73.738
3 16 20.206 -32 -75.928 16.827 -24.715 -76.156 20.426 -26.651 -71.207
3 16 20.206 -32 -75.928 16.81 -29.322 -79.719 16.827 -24.715 -76.156
3 16 16.837 -35.135 -81.157 16.8353 -34.7761 -81.0682 17.0406 -34.9455 -80.841
3 16 20.206 -32 -75.928 22.069 -34.927 -72.495 19.859 -40.533 -76.701
3 16 22.069 -34.927 -72.495 20.206 -32 -75.928 20.426 -26.651 -71.207
3 16 20.426 -26.651 -71.207 21.185 -30.591 -68.001 22.069 -34.927 -72.495
3 16 21.185 -30.591 -68.001 20.426 -26.651 -71.207 15.67 -22.755 -67.91
3 16 21.426 -37.761 -70.138 19.859 -40.533 -76.701 22.069 -34.927 -72.495
3 16 21.426 -37.761 -70.138 19.072 -45.596 -71.984 19.859 -40.533 -76.701
3 16 19.073 -42.047 -66.702 19.072 -45.596 -71.984 21.426 -37.761 -70.138
3 16 22.069 -34.927 -72.495 22.371 -33.399 -65.972 21.426 -37.761 -70.138
3 16 22.069 -34.927 -72.495 21.185 -30.591 -68.001 22.371 -33.399 -65.972
3 16 9.934 -23.747 -87.862 8.9213 -23.0333 -89.3941 7.8162 -22.3803 -89.2768
4 16 7.8162 -22.3803 -89.2768 6.8963 -21.7575 -89.3116 8.635 -22.812 -86.805 9.934 -23.747 -87.862
3 16 8.635 -22.812 -86.805 12.558 -26.544 -82.978 9.934 -23.747 -87.862
3 16 8.635 -22.812 -86.805 12.037 -26.327 -80.236 12.558 -26.544 -82.978
3 16 0 -39.584 -91.44 0 -35.336 -95.134 5.316 -34.389 -94.774
3 16 5.316 -34.389 -94.774 5.688 -38.486 -90.795 0 -39.584 -91.44
4 16 4.7317 -33.1225 -95.6807 5.1397 -33.1647 -95.5804 5.316 -34.389 -94.774 0 -35.336 -95.134
4 16 1.1732 -31.656 -97.2917 2.6651 -32.0864 -96.7091 0 -35.336 -95.134 0 -31.5873 -97.5742
3 16 0 -49.097 -82.823 4.9993 -49.3735 -81.0496 4.8647 -49.6799 -80.4858
4 16 3.0075 -52.5186 -73.6016 1.8478 -52.7617 -72.2654 1.4142 -52.7293 -72.9142 2.9941 -52.5164 -73.6329
3 16 12.0519 -46.2038 -81.3389 11.7867 -46.4155 -81.2914 11.6092 -46.3852 -81.4513
4 16 10.0161 -39.9537 -86.1089 8.9047 -39.5466 -87.3336 9.0766 -39.2423 -87.4032 10.2645 -39.5075 -86.2142
4 16 6.9079 -40.5366 -88.3193 6.8619 -42.9291 -86.6702 6.5869 -43.015 -86.8416 5.688 -38.486 -90.795
3 0 6.5869 -43.015 -86.8416 6.6952 -43.0258 -86.7426 6.6 -43.081 -86.784
4 16 19.859 -40.533 -76.701 17.5721 -39.2063 -79.2708 17.313 -38.1728 -79.8188 16.837 -35.135 -81.157
3 16 10.9513 -35.4043 -87.3178 10.03 -36.0598 -88.048 9.713 -35.461 -88.614
3 16 9.1967 -23.3445 -89.0642 9.934 -23.747 -87.862 9.4895 -24.1875 -89.0934
3 16 6.0315 -50.5792 -78.445 6.9314 -50.3186 -78.7308 6.938 -50.802 -77.787
3 16 8.8808 -22.9874 -86.3615 12.037 -26.327 -80.236 8.635 -22.812 -86.805
3 16 8.3246 -31.39 -92.7837 8.8433 -31.0247 -92.1107 8.401 -31.942 -92.62
3 16 9.5085 -46.7272 -82.3779 11.6092 -46.3852 -81.4513 9.2819 -47.3387 -82.0422
4 16 9.9595 -25.6903 -89.0237 9.934 -23.747 -87.862 12.558 -26.544 -82.978 10.2841 -27.3519 -89.2496
4 16 15.0514 -47.1761 -76.7948 19.072 -45.596 -71.984 13.179 -50.015 -76.294 14.5981 -47.3696 -77.3174
3 16 0.9115 -15.6913 -90.6682 0 -15.6594 -90.6734 0 -15.056 -90.126
4 16 6.8687 -19.4631 -89.5537 6.8675 -19.3031 -89.4267 8.475 -21.305 -86.071 8.635 -22.812 -86.805
3 0 7.7113 -38.9376 -88.7698 7.9093 -38.9121 -88.6044 7.9298 -38.9864 -88.5511
3 0 6.0315 -50.5792 -78.445 5.2796 -50.4878 -78.795 5.058 -50.34 -79.1516
3 16 6.8619 -42.9291 -86.6702 6.8597 -43.0422 -86.6254 6.6952 -43.0258 -86.7426
4 16 16.81 -29.322 -79.719 16.8256 -32.6767 -80.5489 16.3754 -32.7696 -80.8901 15.929 -30.482 -80.632
3 16 9.8928 -25.3492 -88.9534 9.934 -23.747 -87.862 9.9595 -25.6903 -89.0237
4 16 5.4508 -44.2675 -86.1611 5.7883 -44.4751 -85.9126 6.8803 -47.9056 -82.9682 0 -44.32 -87.532
4 16 8.042 -52.203 -71.893 1.8478 -52.7617 -72.2654 4.0392 -52.5231 -72.5492 4.5939 -52.4649 -72.5991
3 16 10.9649 -50.428 -76.406 13.179 -50.015 -76.294 10.907 -50.5849 -75.9528
4 16 2.9004 -52.4363 -74.3469 2.9411 -52.4776 -74.0372 1.4142 -52.7293 -72.9142 0.7654 -52.7076 -73.3478
3 16 19.072 -45.596 -71.984 15.7797 -46.4499 -76.497 15.796 -45.7166 -77.4249
4 16 15.796 -45.7166 -77.4249 15.6128 -45.7066 -77.751 14.8259 -45.4139 -79.4773 19.072 -45.596 -71.984
4 16 13.9356 -46.0351 -80.1889 14.8259 -45.4139 -79.4773 15.1274 -45.8873 -78.3449 14.7174 -46.2294 -78.5997
4 16 14.366 -46.8364 -78.409 13.9118 -46.1605 -80.0661 13.9356 -46.0351 -80.1889 14.7174 -46.2294 -78.5997
3 16 11.994 -47.6456 -79.7743 9.4747 -49.0103 -80.0438 9.1645 -48.6194 -80.6993
4 16 11.994 -47.6456 -79.7743 9.1645 -48.6194 -80.6993 9.0271 -48.2349 -81.2251 11.1944 -47.4846 -80.5215
3 16 9.0271 -48.2349 -81.2251 9.0357 -48.0032 -81.4771 9.2819 -47.3387 -82.0422
4 16 11.3406 -46.9148 -81.0522 11.1944 -47.4846 -80.5215 9.0271 -48.2349 -81.2251 9.2819 -47.3387 -82.0422
4 16 11.3406 -46.9148 -81.0522 9.2819 -47.3387 -82.0422 11.6092 -46.3852 -81.4513 11.7867 -46.4155 -81.2914
4 16 13.7079 -46.7216 -79.5861 13.8499 -46.3234 -79.9287 13.9118 -46.1605 -80.0661 13.179 -50.015 -76.294
3 16 13.2851 -47.2055 -79.3475 13.7079 -46.7216 -79.5861 13.179 -50.015 -76.294
3 16 12.8298 -47.4754 -79.3703 13.2851 -47.2055 -79.3475 13.179 -50.015 -76.294
3 16 5.688 -38.486 -90.795 6.5869 -43.015 -86.8416 6.1643 -42.9729 -86.9891
3 16 5.6778 -43.2541 -86.8885 0 -44.32 -87.532 5.7272 -43.1654 -86.948
4 16 10.03 -36.0598 -88.048 8.7911 -36.9412 -88.7428 5.688 -38.486 -90.795 9.713 -35.461 -88.614
3 16 8.7911 -36.9412 -88.7428 8.1082 -37.5626 -89.0618 5.688 -38.486 -90.795
3 16 7.3716 -38.5406 -89.261 7.279 -38.8411 -89.2025 5.688 -38.486 -90.795
3 16 8.401 -31.942 -92.62 8.8433 -31.0247 -92.1107 9.1088 -30.8377 -91.6928
3 16 10.2499 -29.1979 -90.1545 10.2798 -29.0427 -90.1488 12.071 -31.666 -86.131
4 16 12.071 -31.666 -86.131 8.401 -31.942 -92.62 9.1088 -30.8377 -91.6928 9.7514 -30.0702 -90.7784
3 16 8.401 -31.942 -92.62 7.9349 -31.6619 -93.2709 8.3246 -31.39 -92.7837
3 16 10.3253 -28.8066 -89.94 10.313 -28.3733 -89.8208 12.558 -26.544 -82.978
4 16 12.558 -26.544 -82.978 12.071 -31.666 -86.131 10.2798 -29.0427 -90.1488 10.3253 -28.8066 -89.94
3 16 7.9349 -31.6619 -93.2709 8.401 -31.942 -92.62 6.372 -32.7515 -94.4374
3 16 5.316 -34.389 -94.774 5.1397 -33.1647 -95.5804 5.4015 -33.1917 -95.2801
3 16 5.316 -34.389 -94.774 5.4015 -33.1917 -95.2801 5.7187 -33.1108 -94.9731
4 16 14.1035 -32.4666 -83.7594 15.929 -30.482 -80.632 16.3754 -32.7696 -80.8901 16.161 -32.8236 -81.1913
3 16 13.5101 -32.0321 -84.3777 13.3463 -32.5943 -84.8 12.071 -31.666 -86.131
3 16 13.6166 -31.9017 -84.1899 13.5101 -32.0321 -84.3777 12.071 -31.666 -86.131
3 16 16.161 -32.8236 -81.1913 15.5608 -33.1184 -82.0876 14.1035 -32.4666 -83.7594
3 16 15.929 -30.482 -80.632 14.1035 -32.4666 -83.7594 13.7421 -31.9076 -84.0274
3 16 15.1314 -33.7021 -82.8664 15.1767 -33.9265 -82.8898 14.1635 -33.1891 -83.9471
4 16 14.1035 -32.4666 -83.7594 15.5608 -33.1184 -82.0876 15.1314 -33.7021 -82.8664 14.1635 -33.1891 -83.9471
4 16 15.929 -30.482 -80.632 13.7421 -31.9076 -84.0274 13.6166 -31.9017 -84.1899 12.071 -31.666 -86.131
3 16 11.7481 -34.8375 -86.4817 10.9513 -35.4043 -87.3178 9.713 -35.461 -88.614
3 16 12.8014 -33.3175 -85.3732 12.071 -31.666 -86.131 13.3463 -32.5943 -84.8
4 16 9.713 -35.461 -88.614 12.071 -31.666 -86.131 12.5395 -34.5014 -85.6521 11.7481 -34.8375 -86.4817
4 16 12.071 -31.666 -86.131 12.8014 -33.3175 -85.3732 12.8533 -33.6877 -85.3204 12.5395 -34.5014 -85.6521
4 16 13.1079 -34.3693 -85.0567 12.5395 -34.5014 -85.6521 12.8533 -33.6877 -85.3204 13.1868 -33.9547 -84.9725
3 16 13.1079 -34.3693 -85.0567 13.1868 -33.9547 -84.9725 13.5148 -33.9762 -84.6292
4 16 14.5076 -34.5362 -83.5924 13.9778 -34.3886 -84.1464 14.0348 -33.5625 -84.0833 14.1635 -33.1891 -83.9471
4 16 13.9778 -34.3886 -84.1464 13.1079 -34.3693 -85.0567 13.5148 -33.9762 -84.6292 13.8094 -33.8057 -84.3202
3 16 13.9778 -34.3886 -84.1464 13.8094 -33.8057 -84.3202 14.0348 -33.5625 -84.0833
4 16 15.1542 -34.8553 -82.917 15.2171 -34.1273 -82.8483 15.6455 -34.4586 -82.4012 15.5127 -35.1956 -82.5433
4 16 15.5127 -35.1956 -82.5433 15.6455 -34.4586 -82.4012 15.9985 -34.5247 -82.0321 16.837 -35.135 -81.157
4 16 14.5076 -34.5362 -83.5924 15.1767 -33.9265 -82.8898 15.2171 -34.1273 -82.8483 15.1542 -34.8553 -82.917
3 16 14.1635 -33.1891 -83.9471 15.1767 -33.9265 -82.8898 14.5076 -34.5362 -83.5924
3 16 3.562 -15.31 -89.848 4.5495 -16.5 -89.8754 3.9372 -15.983 -90.1128
3 16 3.562 -15.31 -89.848 3.5933 -15.8069 -90.3775 3.5477 -15.7835 -90.3595
3 16 6.212 -17.494 -88.216 6.4742 -18.4507 -89.306 5.5543 -17.3483 -89.2908
3 16 8.475 -21.305 -86.071 6.8675 -19.3031 -89.4267 6.8671 -19.2463 -89.2814
3 16 6.5131 -18.4973 -89.2201 6.4742 -18.4507 -89.306 6.212 -17.494 -88.216
4 16 6.212 -17.494 -88.216 8.475 -21.305 -86.071 6.8671 -19.2463 -89.2814 6.5131 -18.4973 -89.2201
3 16 17.6985 -34.3334 -79.8199 20.206 -32 -75.928 17.5533 -35.0796 -80.0627
4 16 19.859 -40.533 -76.701 17.439 -35.2932 -80.2432 17.5533 -35.0796 -80.0627 20.206 -32 -75.928
4 16 16.837 -35.135 -81.157 17.0406 -34.9455 -80.841 17.2989 -35.3368 -80.4582 19.859 -40.533 -76.701
3 16 19.859 -40.533 -76.701 17.2989 -35.3368 -80.4582 17.439 -35.2932 -80.2432
3 16 19.072 -45.596 -71.984 14.8259 -45.4139 -79.4773 15.3563 -45.0317 -79.0264
3 16 19.072 -45.596 -71.984 15.3563 -45.0317 -79.0264 16.4654 -43.9228 -78.4545
3 16 17.3376 -42.6409 -78.4958 19.859 -40.533 -76.701 17.0596 -43.1658 -78.3434
4 16 17.0596 -43.1658 -78.3434 19.859 -40.533 -76.701 19.072 -45.596 -71.984 16.4654 -43.9228 -78.4545
4 16 0 -35.336 -95.134 2.6651 -32.0864 -96.7091 3.6005 -32.5003 -96.2785 4.7317 -33.1225 -95.6807
4 16 6.2113 -48.7655 -81.9352 5.3579 -49.1181 -81.4587 0 -49.097 -82.823 6.904 -48.313 -82.646
3 16 4.8731 -50.0171 -79.8266 5.058 -50.34 -79.1516 0 -49.097 -82.823
3 16 4.8647 -49.6799 -80.4858 4.8731 -50.0171 -79.8266 0 -49.097 -82.823
3 16 0 -49.097 -82.823 5.3579 -49.1181 -81.4587 4.9993 -49.3735 -81.0496
4 16 1.8228 -50.8562 -78.7496 5.2796 -50.4878 -78.795 6.938 -50.802 -77.787 1.7534 -51.0777 -78.2996
3 16 5.2796 -50.4878 -78.795 6.0315 -50.5792 -78.445 6.938 -50.802 -77.787
4 16 1.3539 -50.5673 -79.4543 0.5944 -50.575 -79.5979 0 -49.097 -82.823 5.058 -50.34 -79.1516
3 16 1.3539 -50.5673 -79.4543 5.058 -50.34 -79.1516 1.6977 -50.6766 -79.1528
4 16 5.2796 -50.4878 -78.795 1.8228 -50.8562 -78.7496 1.6977 -50.6766 -79.1528 5.058 -50.34 -79.1516
3 16 0.5944 -50.575 -79.5979 0 -50.6894 -79.4832 0 -49.097 -82.823
4 16 13.179 -50.015 -76.294 10.4885 -50.3543 -76.9376 10.0943 -49.9989 -77.82 9.5972 -49.1646 -79.6841
3 16 9.5972 -49.1646 -79.6841 9.4747 -49.0103 -80.0438 13.179 -50.015 -76.294
4 16 9.7029 -49.9869 -78.0331 9.1691 -49.5695 -79.1038 9.5972 -49.1646 -79.6841 10.0943 -49.9989 -77.82
4 16 8.4306 -49.9201 -78.7795 8.7092 -50.5786 -77.3633 6.938 -50.802 -77.787 6.9314 -50.3186 -78.7308
4 16 9.1691 -49.5695 -79.1038 9.7029 -49.9869 -78.0331 9.3585 -50.0667 -78.0447 8.4306 -49.9201 -78.7795
4 16 8.8714 -50.4701 -77.4959 8.7092 -50.5786 -77.3633 8.4306 -49.9201 -78.7795 9.3585 -50.0667 -78.0447
4 16 4.17 -52.275 -74.941 1.515 -51.2821 -77.8722 1.7534 -51.0777 -78.2996 6.938 -50.802 -77.787
3 16 4.17 -52.275 -74.941 1.131 -51.4704 -77.5151 1.515 -51.2821 -77.8722
3 16 4.17 -52.275 -74.941 3.6718 -52.159 -75.3196 1.131 -51.4704 -77.5151
4 16 3.1306 -52.1674 -75.3626 0.6258 -51.5753 -77.2899 1.131 -51.4704 -77.5151 3.6718 -52.159 -75.3196
3 16 0.6258 -51.5753 -77.2899 3.1306 -52.1674 -75.3626 2.9982 -52.2781 -75.0759
3 16 0 -52.286 -75.421 0 -51.6129 -77.2633 0.0244 -51.6147 -77.2555
4 16 2.9982 -52.2781 -75.0759 0 -52.286 -75.421 0.0244 -51.6147 -77.2555 0.6258 -51.5753 -77.2899
3 16 8.042 -52.203 -71.893 5.4821 -52.2506 -73.9081 8.2646 -51.686 -73.7876
4 16 5.5289 -52.1356 -74.3317 7.613 -51.4848 -75.1613 8.2646 -51.686 -73.7876 5.4821 -52.2506 -73.9081
4 16 4.17 -52.275 -74.941 7.5773 -51.4203 -75.4527 5.114 -52.156 -74.6072 4.4159 -52.2704 -74.7474
4 16 7.5773 -51.4203 -75.4527 7.613 -51.4848 -75.1613 5.5289 -52.1356 -74.3317 5.114 -52.156 -74.6072
3 16 10.866 -50.6735 -75.6309 10.907 -50.5849 -75.9528 13.179 -50.015 -76.294
3 16 10.562 -50.8998 -74.9796 10.866 -50.6735 -75.6309 13.179 -50.015 -76.294
4 16 9.4555 -51.2883 -74.3659 10.2559 -51.0351 -74.6976 8.042 -52.203 -71.893 8.7615 -51.5733 -73.814
3 16 8.042 -52.203 -71.893 8.2646 -51.686 -73.7876 8.7615 -51.5733 -73.814
4 16 10.2559 -51.0351 -74.6976 10.562 -50.8998 -74.9796 13.179 -50.015 -76.294 8.042 -52.203 -71.893
3 16 7.5773 -51.4203 -75.4527 4.17 -52.275 -74.941 7.5472 -51.3478 -75.6978
3 16 7.8666 -50.9703 -76.6741 7.6065 -51.1641 -76.2337 4.17 -52.275 -74.941
4 16 8.7092 -50.5786 -77.3633 7.8666 -50.9703 -76.6741 4.17 -52.275 -74.941 6.938 -50.802 -77.787
3 16 7.5472 -51.3478 -75.6978 4.17 -52.275 -74.941 7.6065 -51.1641 -76.2337
3 16 0 -52.7 -73.5 0 -52.286 -75.421 0.7654 -52.7076 -73.3478
4 16 0 -52.286 -75.421 2.9982 -52.2781 -75.0759 2.8971 -52.431 -74.3721 0.7654 -52.7076 -73.3478
3 16 2.8971 -52.431 -74.3721 2.9004 -52.4363 -74.3469 0.7654 -52.7076 -73.3478
3 16 1.4142 -52.7293 -72.9142 2.9411 -52.4776 -74.0372 2.9941 -52.5164 -73.6329
3 16 9.8988 -40.8723 -85.5598 9.7264 -41.0342 -85.591 9.2797 -41.127 -85.9022
4 16 9.2797 -41.127 -85.9022 8.9572 -41.0521 -86.2271 10.0161 -39.9537 -86.1089 9.8988 -40.8723 -85.5598
3 16 8.6953 -40.8383 -86.5989 8.4829 -40.4742 -87.0349 8.9047 -39.5466 -87.3336
4 16 8.6953 -40.8383 -86.5989 8.9047 -39.5466 -87.3336 10.0161 -39.9537 -86.1089 8.9572 -41.0521 -86.2271
3 16 5.688 -38.486 -90.795 7.279 -38.8411 -89.2025 7.1324 -39.3169 -88.9905
3 16 6.8619 -42.9291 -86.6702 6.6952 -43.0258 -86.7426 6.5869 -43.015 -86.8416
3 16 5.688 -38.486 -90.795 7.1324 -39.3169 -88.9905 6.9079 -40.5366 -88.3193
3 16 19.859 -40.533 -76.701 17.3376 -42.6409 -78.4958 17.5826 -41.8791 -78.4835
3 16 19.859 -40.533 -76.701 17.5826 -41.8791 -78.4835 17.6862 -40.8045 -78.6971
3 16 16.1351 -35.8378 -81.6357 16.837 -35.135 -81.157 16.7983 -36.8883 -80.684
3 16 16.7983 -36.8883 -80.684 16.837 -35.135 -81.157 17.313 -38.1728 -79.8188
3 16 19.859 -40.533 -76.701 17.6862 -40.8045 -78.6971 17.5721 -39.2063 -79.2708
4 16 14.0787 -38.1612 -82.9592 13.4452 -39.8682 -83.0719 12.7461 -39.231 -83.9466 13.9887 -37.9869 -83.0993
3 16 14.0787 -38.1612 -82.9592 14.2022 -38.9979 -82.5892 13.4452 -39.8682 -83.0719
4 16 13.0745 -39.9859 -83.4002 12.8174 -39.8333 -83.6975 12.7461 -39.231 -83.9466 13.4452 -39.8682 -83.0719
3 16 11.5501 -38.4311 -85.5249 11.3428 -38.5399 -85.7039 10.7688 -37.4556 -86.7288
4 16 12.0518 -38.3476 -85.0229 11.5501 -38.4311 -85.5249 10.7688 -37.4556 -86.7288 11.5331 -36.9182 -86.1206
4 16 12.4996 -36.6964 -85.1767 12.0518 -38.3476 -85.0229 11.5331 -36.9182 -86.1206 12.0072 -36.7425 -85.6832
4 16 12.3585 -38.5156 -84.6323 12.0518 -38.3476 -85.0229 12.4996 -36.6964 -85.1767 13.2417 -36.9796 -84.2789
4 16 13.7243 -37.4752 -83.576 12.7286 -39.0823 -84.0221 12.3585 -38.5156 -84.6323 13.2417 -36.9796 -84.2789
4 16 13.9887 -37.9869 -83.0993 12.7461 -39.231 -83.9466 12.7286 -39.0823 -84.0221 13.7243 -37.4752 -83.576
3 16 9.1967 -23.3445 -89.0642 8.9213 -23.0333 -89.3941 9.934 -23.747 -87.862
3 16 20.206 -32 -75.928 17.6985 -34.3334 -79.8199 17.6367 -33.5898 -79.7127
3 16 16.8256 -32.6767 -80.5489 16.81 -29.322 -79.719 17.139 -32.7188 -80.1471
4 16 17.3868 -32.9198 -79.8718 16.81 -29.322 -79.719 20.206 -32 -75.928 17.6367 -33.5898 -79.7127
3 16 17.139 -32.7188 -80.1471 16.81 -29.322 -79.719 17.3868 -32.9198 -79.8718
3 16 8.8808 -22.9874 -86.3615 12.394 -23.514 -80.806 12.037 -26.327 -80.236
3 16 16.7545 -34.7121 -81.1093 16.837 -35.135 -81.157 15.9985 -34.5247 -82.0321
3 16 6.8779 -44.2584 -85.7345 7.1886 -43.9253 -85.8116 7.3073 -44.2247 -85.5176
3 16 7.3073 -44.2247 -85.5176 7.4702 -44.4026 -85.2909 7.2919 -44.4431 -85.3608
4 16 6.8779 -44.2584 -85.7345 7.3073 -44.2247 -85.5176 7.2919 -44.4431 -85.3608 7.0465 -44.6505 -85.3421
4 16 7.0465 -44.6505 -85.3421 6.8269 -45.0462 -85.1661 6.6751 -44.3731 -85.7621 6.8779 -44.2584 -85.7345
3 16 6.8714 -45.6488 -84.6841 7.1066 -46.5937 -83.835 6.8803 -47.9056 -82.9682
4 16 6.8714 -45.6488 -84.6841 6.8803 -47.9056 -82.9682 6.6751 -44.3731 -85.7621 6.8269 -45.0462 -85.1661
3 16 9.5085 -46.7272 -82.3779 9.4871 -46.0224 -82.9243 11.6092 -46.3852 -81.4513
3 16 12.558 -26.544 -82.978 10.313 -28.3733 -89.8208 10.2841 -27.3519 -89.2496
4 16 13.9118 -46.1605 -80.0661 14.366 -46.8364 -78.409 14.2565 -47.3987 -77.8631 13.179 -50.015 -76.294
3 16 15.7797 -46.4499 -76.497 19.072 -45.596 -71.984 15.0514 -47.1761 -76.7948
3 16 13.179 -50.015 -76.294 14.2565 -47.3987 -77.8631 14.5981 -47.3696 -77.3174
4 16 10.2645 -39.5075 -86.2142 9.0766 -39.2423 -87.4032 9.2957 -38.8546 -87.3895 10.3921 -39.2783 -86.2078
4 16 10.7688 -37.4556 -86.7288 11.3428 -38.5399 -85.7039 10.9942 -38.7228 -85.93 10.0463 -37.9636 -87.1368
4 16 10.3921 -39.2783 -86.2078 9.2957 -38.8546 -87.3895 10.0463 -37.9636 -87.1368 10.9942 -38.7228 -85.93
3 16 9.8928 -25.3492 -88.9534 9.4895 -24.1875 -89.0934 9.934 -23.747 -87.862
3 16 6.6751 -44.3731 -85.7621 6.8803 -47.9056 -82.9682 6.4749 -44.4863 -85.7261
3 16 6.4749 -44.4863 -85.7261 6.8803 -47.9056 -82.9682 6.1571 -44.5305 -85.7741
3 16 0 -44.32 -87.532 6.8803 -47.9056 -82.9682 6.904 -48.313 -82.646
3 16 0 -44.32 -87.532 5.6778 -43.2541 -86.8885 5.3835 -43.7826 -86.5547
3 16 0 -44.32 -87.532 5.3835 -43.7826 -86.5547 5.4508 -44.2675 -86.1611
3 16 6.1571 -44.5305 -85.7741 6.8803 -47.9056 -82.9682 5.7883 -44.4751 -85.9126
3 16 6.904 -48.313 -82.646 0 -49.097 -82.823 0 -44.32 -87.532
3 16 1.8478 -52.7617 -72.2654 3.0075 -52.5186 -73.6016 3.263 -52.553 -73.0032
3 16 1.8478 -52.7617 -72.2654 3.263 -52.553 -73.0032 3.6777 -52.5498 -72.631
3 16 5.4271 -52.3049 -73.4106 5.4821 -52.2506 -73.9081 8.042 -52.203 -71.893
3 16 5.1434 -52.387 -72.8535 5.4271 -52.3049 -73.4106 8.042 -52.203 -71.893
3 16 1.8478 -52.7617 -72.2654 3.6777 -52.5498 -72.631 4.0392 -52.5231 -72.5492
3 16 4.5939 -52.4649 -72.5991 5.1434 -52.387 -72.8535 8.042 -52.203 -71.893
3 16 10.9649 -50.428 -76.406 10.4885 -50.3543 -76.9376 13.179 -50.015 -76.294
4 226 14.2189 -39.9293 -82.2957 14.2022 -38.9979 -82.5892 15.4614 -38.9352 -81.374 14.4017 -41.2456 -81.7248
4 226 10.0463 -37.9636 -87.1368 9.3374 -37.6437 -87.9225 10.48 -36.9099 -87.2445 10.7688 -37.4556 -86.7288
3 226 7.9298 -38.9864 -88.5511 9.0766 -39.2423 -87.4032 8.9047 -39.5466 -87.3336
4 226 8.4829 -40.4742 -87.0349 8.0586 -39.4537 -88.1128 7.9298 -38.9864 -88.5511 8.9047 -39.5466 -87.3336
3 226 15.0503 -36.924 -82.3754 15.191 -37.1477 -82.1709 15.45 -38.4356 -81.5338
4 226 13.9887 -37.9869 -83.0993 15.0503 -36.924 -82.3754 15.45 -38.4356 -81.5338 14.0787 -38.1612 -82.9592
4 226 15.45 -38.4356 -81.5338 15.4614 -38.9352 -81.374 14.2022 -38.9979 -82.5892 14.0787 -38.1612 -82.9592
3 226 14.4017 -41.2456 -81.7248 13.5416 -42.3394 -82.2421 14.1364 -40.5409 -82.1945
3 226 14.4017 -41.2456 -81.7248 14.1364 -40.5409 -82.1945 14.2189 -39.9293 -82.2957
4 226 11.5331 -36.9182 -86.1206 10.7688 -37.4556 -86.7288 10.48 -36.9099 -87.2445 11.6321 -36.0012 -86.3653
4 226 12.4185 -35.6713 -85.6545 13.0643 -35.556 -85.0112 12.4996 -36.6964 -85.1767 12.0072 -36.7425 -85.6832
4 226 13.0643 -35.556 -85.0112 13.853 -35.722 -84.1085 13.2417 -36.9796 -84.2789 12.4996 -36.6964 -85.1767
4 226 13.9887 -37.9869 -83.0993 13.7243 -37.4752 -83.576 14.7001 -36.3674 -82.9606 15.0503 -36.924 -82.3754
4 226 14.7001 -36.3674 -82.9606 13.7243 -37.4752 -83.576 13.853 -35.722 -84.1085 14.2306 -35.9345 -83.6255
3 226 13.7243 -37.4752 -83.576 13.2417 -36.9796 -84.2789 13.853 -35.722 -84.1085
4 226 12.0072 -36.7425 -85.6832 11.5331 -36.9182 -86.1206 11.6321 -36.0012 -86.3653 12.4185 -35.6713 -85.6545
3 226 9.3374 -37.6437 -87.9225 9.2957 -38.8546 -87.3895 9.0766 -39.2423 -87.4032
4 226 7.9093 -38.9121 -88.6044 9.3374 -37.6437 -87.9225 9.0766 -39.2423 -87.4032 7.9298 -38.9864 -88.5511
3 226 9.2957 -38.8546 -87.3895 9.3374 -37.6437 -87.9225 10.0463 -37.9636 -87.1368