0 ~Animal Felid Tiger Head Eye Patch and Muzzle Pattern
0 Name: s\80672ap01s01.dat
0 Author: Philippe Hurbain [Philo]
0 !LDRAW_ORG Subpart UPDATE 2026-03
0 !LICENSE Licensed under CC BY 4.0 : see CAreadme.txt

0 BFC CERTIFY CCW

0 !HISTORY 2026-03-31 [OrionP] Official Update 2026-03

3 0 16.84 -35.13 -81.16 16.461 -33.2082 -80.9396 16.8293 -33.4681 -80.7446
3 0 17.6131 -34.4128 -79.9523 16.84 -35.13 -81.16 16.8293 -33.4681 -80.7446
4 0 3.7962 -52.176 -75.2576 1.8959 -52.0499 -75.8354 0 -51.4573 -77.6893 0 -51.171 -78.473
3 0 9.713 -35.461 -88.614 9.7743 -35.3014 -88.5779 9.9146 -35.1366 -88.4018
3 0 17.3249 -36.5745 -80.2723 17.2417 -35.8578 -80.5603 17.8594 -36.9612 -79.6494
4 0 13.6682 -40.4972 -82.6663 13.5934 -40.9608 -82.6016 12.6397 -40.1934 -83.7645 12.994 -40.1765 -83.4224
4 0 7.8421 -46.491 -83.4977 8.4634 -45.9602 -83.5494 9.3864 -46.5751 -82.5621 8.4361 -47.3009 -82.5484
4 0 10.2601 -44.0282 -83.9365 10.6874 -43.0097 -84.0668 11.0993 -42.9459 -83.8161 11.0451 -44.2431 -83.321
3 0 10.9337 -41.5112 -84.5152 10.5218 -41.4425 -84.8201 12.068 -39.91 -84.409
4 0 12.6845 -33.1688 -85.495 13.6753 -32.8337 -84.4567 14.8828 -34.3651 -83.1992 13.544 -34.3794 -84.6003
3 0 9.8245 -35.6716 -88.415 9.7329 -35.6057 -88.528 9.713 -35.461 -88.614
4 0 11.9497 -38.4208 -85.1035 12.3596 -39.2748 -84.3413 12.3842 -39.5934 -84.1934 12.068 -39.91 -84.409
4 0 17.21 -44.1663 -76.8871 16.4602 -45.484 -76.5932 15.4179 -45.4393 -78.4326 16.1706 -44.5402 -78.2201
3 0 1.6112 -47.2852 -84.3873 3.9627 -48.647 -82.7214 .7294 -49.0142 -82.8043
4 0 9.4177 -40.4328 -86.2756 9.677 -40.2834 -86.1623 12.068 -39.91 -84.409 8.4309 -42.0193 -85.9888
4 0 8.2127 -41.5709 -86.4891 9.221 -40.4436 -86.4339 9.4177 -40.4328 -86.2756 8.4309 -42.0193 -85.9888
4 0 9.221 -40.4436 -86.4339 8.2127 -41.5709 -86.4891 7.9582 -40.797 -87.2497 8.8802 -40.2489 -86.8587
4 0 8.486 -39.437 -87.7641 8.8802 -40.2489 -86.8587 7.9582 -40.797 -87.2497 7.8133 -39.9932 -87.9391
4 0 8.486 -39.437 -87.7641 7.8133 -39.9932 -87.9391 7.7476 -38.9457 -88.7334 8.3997 -39.0912 -88.0807
3 0 9.677 -40.2834 -86.1623 9.8624 -39.3698 -86.6392 12.068 -39.91 -84.409
4 0 16.84 -35.13 -81.16 17.6131 -34.4128 -79.9523 17.8959 -35.0964 -79.5405 17.2417 -35.8578 -80.5603
4 0 17.8594 -36.9612 -79.6494 17.2417 -35.8578 -80.5603 17.8959 -35.0964 -79.5405 17.9714 -36.011 -79.4514
3 0 3.7962 -52.176 -75.2576 2.943 -52.2162 -75.252 1.8959 -52.0499 -75.8354
4 0 13.6753 -32.8337 -84.4567 14.4432 -32.6797 -83.3923 15.352 -32.713 -82.2121 16.84 -35.13 -81.16
3 0 15.352 -32.713 -82.2121 16.461 -33.2082 -80.9396 16.84 -35.13 -81.16
4 0 16.9142 -42.4956 -78.9425 16.7475 -41.3971 -79.4211 16.8298 -41.2566 -79.3834 17.1161 -41.3456 -79.0841
4 0 16.9275 -42.9838 -78.7878 16.9142 -42.4956 -78.9425 17.1161 -41.3456 -79.0841 17.5881 -42.4315 -78.3175
3 0 17.8594 -36.9612 -79.6494 17.3909 -37.6757 -79.8891 17.3249 -36.5745 -80.2723
4 0 17.0257 -37.9135 -80.1687 17.0081 -37.7708 -80.227 17.3249 -36.5745 -80.2723 17.3909 -37.6757 -79.8891
3 0 12.068 -39.91 -84.409 12.3842 -39.5934 -84.1934 12.4227 -40.0901 -84.0079
3 0 13.0279 -42.5463 -82.6839 12.068 -39.91 -84.409 12.4227 -40.0901 -84.0079
3 0 13.2632 -39.9706 -83.2198 13.6648 -39.5236 -82.9593 13.6682 -40.4972 -82.6663
3 0 12.994 -40.1765 -83.4224 13.2632 -39.9706 -83.2198 13.6682 -40.4972 -82.6663
4 0 13.5934 -40.9608 -82.6016 13.0279 -42.5463 -82.6839 12.4227 -40.0901 -84.0079 12.6397 -40.1934 -83.7645
4 0 13.4882 -43.8107 -81.8565 13.0279 -42.5463 -82.6839 13.8532 -41.748 -82.1128 14.0644 -43.3302 -81.435
3 0 14.5749 -40.3796 -81.8129 14.8782 -39.9553 -81.6419 14.9547 -41.0749 -81.2337
4 0 14.5749 -40.3796 -81.8129 14.9547 -41.0749 -81.2337 14.7978 -41.8746 -81.1495 13.8532 -41.748 -82.1128
4 0 14.0644 -43.3302 -81.435 13.8532 -41.748 -82.1128 14.7978 -41.8746 -81.1495 14.492 -42.6329 -81.2235
3 0 3.9139 -51.8445 -76.0115 4.7487 -51.9671 -75.536 3.7962 -52.176 -75.2576
4 0 1.7281 -51.0791 -78.3021 2.6848 -51.4611 -77.189 3.7962 -52.176 -75.2576 0 -51.171 -78.473
3 0 2.6848 -51.4611 -77.189 3.9139 -51.8445 -76.0115 3.7962 -52.176 -75.2576
4 0 10.3399 -46.9052 -81.7736 8.7479 -47.5575 -82.1778 8.4361 -47.3009 -82.5484 9.3864 -46.5751 -82.5621
3 0 7.4183 -45.5826 -84.4256 7.5391 -45.162 -84.6762 7.6519 -45.1987 -84.5847
4 0 7.8421 -46.491 -83.4977 7.4183 -45.5826 -84.4256 7.6519 -45.1987 -84.5847 8.4634 -45.9602 -83.5494
4 0 13.4882 -43.8107 -81.8565 12.6653 -44.1152 -82.2848 11.861 -44.2514 -82.7694 13.0279 -42.5463 -82.6839
4 0 11.33 -42.601 -83.8024 11.861 -44.2514 -82.7694 11.0451 -44.2431 -83.321 11.0993 -42.9459 -83.8161
4 0 9.5758 -43.5834 -84.5786 10.3155 -42.8165 -84.3958 10.6874 -43.0097 -84.0668 10.2601 -44.0282 -83.9365
4 0 9.0093 -42.992 -85.2016 10.088 -42.467 -84.6918 10.3155 -42.8165 -84.3958 9.5758 -43.5834 -84.5786
3 0 10.0293 -42.0463 -84.9036 10.088 -42.467 -84.6918 9.0093 -42.992 -85.2016
4 0 11.3651 -42.1869 -83.9485 11.2376 -41.7935 -84.1953 12.068 -39.91 -84.409 13.0279 -42.5463 -82.6839
4 0 11.861 -44.2514 -82.7694 11.33 -42.601 -83.8024 11.3651 -42.1869 -83.9485 13.0279 -42.5463 -82.6839
3 0 8.4309 -42.0193 -85.9888 12.068 -39.91 -84.409 10.5218 -41.4425 -84.8201
4 0 9.0093 -42.992 -85.2016 8.5704 -42.3059 -85.7776 10.1675 -41.6539 -84.9716 10.0293 -42.0463 -84.9036
4 0 8.5704 -42.3059 -85.7776 8.4309 -42.0193 -85.9888 10.5218 -41.4425 -84.8201 10.1675 -41.6539 -84.9716
3 0 12.068 -39.91 -84.409 11.2376 -41.7935 -84.1953 10.9337 -41.5112 -84.5152
4 0 6.938 -50.802 -77.787 6.9238 -49.7622 -79.8169 9.732 -50.3416 -77.3289 8.4711 -50.6087 -77.4202
4 0 11.5394 -47.0802 -80.7269 12.6526 -47.0301 -79.992 12.1178 -48.5011 -78.7337 11.1129 -48.5231 -79.4229
4 0 10.1328 -48.3329 -80.3308 9.2118 -47.9393 -81.4231 8.7479 -47.5575 -82.1778 10.3399 -46.9052 -81.7736
4 0 11.1129 -48.5231 -79.4229 10.1328 -48.3329 -80.3308 10.3399 -46.9052 -81.7736 11.5394 -47.0802 -80.7269
4 0 12.1178 -48.5011 -78.7337 12.6526 -47.0301 -79.992 13.8066 -46.7137 -79.5248 13.525 -48.1948 -78.0753
4 0 5.1181 -50.6419 -78.5057 3.6376 -50.1449 -79.8597 2.4643 -49.7026 -81.0343 6.938 -50.802 -77.787
4 0 1.7281 -51.0791 -78.3021 0 -51.171 -78.473 0 -50.3924 -80.106 .5555 -50.4895 -79.7856
3 0 16.4602 -45.484 -76.5932 15.5461 -46.6596 -76.6229 15.4179 -45.4393 -78.4326
4 0 15.4179 -45.4393 -78.4326 15.5461 -46.6596 -76.6229 14.8209 -47.3531 -76.958 14.671 -46.1792 -78.7444
4 0 13.8066 -46.7137 -79.5248 14.671 -46.1792 -78.7444 14.8209 -47.3531 -76.958 13.525 -48.1948 -78.0753
4 0 9.713 -35.461 -88.614 9.9146 -35.1366 -88.4018 10.3641 -34.6086 -87.9291 10.3806 -35.4304 -87.9152
4 0 11.9826 -34.7375 -86.2358 10.3806 -35.4304 -87.9152 10.3641 -34.6086 -87.9291 11.0892 -34.0498 -87.1681
3 0 11.0892 -34.0498 -87.1681 11.8618 -33.5666 -86.3575 11.9826 -34.7375 -86.2358
3 0 13.6753 -32.8337 -84.4567 16.84 -35.13 -81.16 15.914 -34.6466 -82.121
3 0 13.6753 -32.8337 -84.4567 15.914 -34.6466 -82.121 14.8828 -34.3651 -83.1992
4 0 11.8618 -33.5666 -86.3575 12.6845 -33.1688 -85.495 13.544 -34.3794 -84.6003 11.9826 -34.7375 -86.2358
4 0 6.2267 -49.6184 -80.2693 2.4643 -49.7026 -81.0343 .7294 -49.0142 -82.8043 3.9627 -48.647 -82.7214
4 0 2.4643 -49.7026 -81.0343 6.2267 -49.6184 -80.2693 6.9238 -49.7622 -79.8169 6.938 -50.802 -77.787
4 0 8.046 -37.673 -89.0656 8.3997 -39.0912 -88.0807 7.7476 -38.9457 -88.7334 7.7414 -38.3638 -89.0131
3 0 7.7414 -38.3638 -89.0131 7.7975 -37.8207 -89.2186 8.046 -37.673 -89.0656
3 0 9.8624 -39.3698 -86.6392 10.1835 -38.8083 -86.6161 10.6391 -38.4073 -86.3968
4 0 12.068 -39.91 -84.409 9.8624 -39.3698 -86.6392 10.6391 -38.4073 -86.3968 11.1773 -38.2274 -85.9993
3 0 10.3806 -35.4304 -87.9152 9.8245 -35.6716 -88.415 9.713 -35.461 -88.614
4 0 12.068 -39.91 -84.409 11.1773 -38.2274 -85.9993 11.6565 -38.2151 -85.494 11.9497 -38.4208 -85.1035
4 0 16.9275 -42.9838 -78.7878 17.5881 -42.4315 -78.3175 17.5461 -43.2242 -77.4398 16.7479 -43.581 -78.3799
4 0 17.5461 -43.2242 -77.4398 17.21 -44.1663 -76.8871 16.1706 -44.5402 -78.2201 16.7479 -43.581 -78.3799
4 0 0 -46.8473 -85.0407 1.6112 -47.2852 -84.3873 .7294 -49.0142 -82.8043 0 -48.9489 -82.969
3 15 20.426 -26.651 -71.207 20.2608 -26.5622 -71.4341 19.874 -26.2219 -71.4004
3 15 22.069 -34.927 -72.495 22.0554 -34.8866 -68.5606 21.8459 -35.8522 -69.4236
4 15 21.9281 -32.9664 -68.3791 22.3121 -33.6972 -67.2451 22.069 -34.927 -72.495 21.8075 -33.2134 -70.0115
3 15 9.934 -23.747 -87.862 7.339 -21.918 -91.788 6.147 -21.303 -90.392
3 15 7.339 -21.918 -91.788 9.934 -23.747 -87.862 7.588 -26.072 -94.361
3 15 7.339 -21.918 -91.788 7.588 -26.072 -94.361 4.338 -25.058 -96.791
3 15 4.338 -25.058 -96.791 3.99 -21.648 -94.243 7.339 -21.918 -91.788
3 15 6.147 -21.303 -90.392 7.2 -21.4163 -88.9206 7.3173 -21.743 -88.7287
3 15 7.3289 -19.8776 -88.4636 7.3449 -20.3659 -88.8127 6.625 -19.001 -89.933
3 15 6.147 -21.303 -90.392 3.278 -20.973 -92.118 3.709 -17.641 -92.332
3 15 3.709 -17.641 -92.332 6.625 -19.001 -89.933 6.147 -21.303 -90.392
3 15 3.709 -17.641 -92.332 3.278 -20.973 -92.118 0 -20.584 -92.424
3 15 0 -20.584 -92.424 0 -17.631 -92.462 3.709 -17.641 -92.332
4 15 14.4137 -37.5613 -82.8094 16.84 -35.13 -81.16 17.0081 -37.7708 -80.227 14.6399 -38.1496 -82.4128
3 15 3.709 -17.641 -92.332 0 -17.631 -92.462 0 -15.056 -90.126
3 15 3.562 -15.31 -89.848 6.625 -19.001 -89.933 3.709 -17.641 -92.332
3 15 0 -15.056 -90.126 3.562 -15.31 -89.848 3.709 -17.641 -92.332
3 15 3.562 -15.31 -89.848 6.212 -17.494 -88.216 6.625 -19.001 -89.933
3 15 3.278 -20.973 -92.118 3.99 -21.648 -94.243 0 -21.554 -94.406
3 15 3.278 -20.973 -92.118 0 -21.554 -94.406 0 -20.584 -92.424
4 15 2.2923 -24.8331 -96.8155 4.338 -25.058 -96.791 3.2223 -26.2719 -97.2953 2.5115 -25.4648 -97.0361
4 15 6.3872 -27.5411 -95.7914 7.588 -26.072 -94.361 7.9352 -28.5787 -93.6175 7.3128 -28.2841 -94.4778
3 15 7.3381 -37.2459 -89.9009 8.5054 -36.172 -89.438 9.1828 -35.8595 -88.9013
4 15 13.544 -34.3794 -84.6003 14.8828 -34.3651 -83.1992 15.914 -34.6466 -82.121 16.84 -35.13 -81.16
3 15 7.8 -22.31 -88.01 9.934 -23.747 -87.862 6.147 -21.303 -90.392
3 15 12.141 -35.8336 -85.8878 11.2387 -35.9631 -86.7987 10.3806 -35.4304 -87.9152
4 15 16.9275 -42.9838 -78.7878 16.1706 -44.5402 -78.2201 15.4179 -45.4393 -78.4326 14.06 -45.381 -80.829
3 15 16.83 -24.72 -76.16 19.2705 -26.0294 -72.7959 17.5118 -25.6805 -75.697
3 15 20.2608 -26.5622 -71.4341 20.426 -26.651 -71.207 20.4051 -27.1592 -71.6555
4 15 14.5438 -23.4722 -77.633 14.8917 -23.419 -77.0513 16.83 -24.72 -76.16 14.831 -23.7549 -77.633
3 15 20.426 -26.651 -71.207 22.069 -34.927 -72.495 20.4051 -27.1592 -71.6555
4 15 21.1051 -33.4126 -74.2712 20.2683 -30.4851 -74.591 20.3837 -27.6783 -72.1137 22.069 -34.927 -72.495
3 15 20.4051 -27.1592 -71.6555 22.069 -34.927 -72.495 20.3837 -27.6783 -72.1137
4 15 21.2772 -31.0147 -69.3929 21.5286 -32.2765 -69.7479 22.069 -34.927 -72.495 20.426 -26.651 -71.207
3 15 21.2772 -31.0147 -69.3929 20.426 -26.651 -71.207 20.8422 -28.8113 -69.4492
4 15 22.069 -34.927 -72.495 22.3121 -33.6972 -67.2451 22.2559 -33.9539 -67.3947 22.0554 -34.8866 -68.5606
3 15 21.8459 -35.8522 -69.4236 21.4946 -37.4586 -70.3895 22.069 -34.927 -72.495
3 15 22.069 -34.927 -72.495 21.5286 -32.2765 -69.7479 21.8075 -33.2134 -70.0115
3 15 21.9281 -32.9664 -68.3791 22.0467 -33.1064 -67.799 22.3121 -33.6972 -67.2451
3 15 7.588 -26.072 -94.361 9.6378 -28.2476 -91.3161 9.353 -28.5252 -91.6774
4 15 7.9352 -28.5787 -93.6175 7.588 -26.072 -94.361 9.353 -28.5252 -91.6774 8.601 -28.7114 -92.6896
4 15 9.6378 -28.2476 -91.3161 7.588 -26.072 -94.361 9.934 -23.747 -87.862 9.9867 -27.7697 -90.2667
4 15 6.625 -19.001 -89.933 7.3449 -20.3659 -88.8127 7.2 -21.4163 -88.9206 6.147 -21.303 -90.392
3 15 7.8 -22.31 -88.01 6.147 -21.303 -90.392 7.3173 -21.743 -88.7287
4 15 14.0644 -43.3302 -81.435 14.492 -42.6329 -81.2235 16.9275 -42.9838 -78.7878 14.06 -45.381 -80.829
3 15 14.06 -45.381 -80.829 13.4882 -43.8107 -81.8565 14.0644 -43.3302 -81.435
4 15 16.8298 -41.2566 -79.3834 16.7475 -41.3971 -79.4211 14.9547 -41.0749 -81.2337 16.5993 -40.4895 -79.8267
4 15 16.9142 -42.4956 -78.9425 16.9275 -42.9838 -78.7878 14.492 -42.6329 -81.2235 14.7978 -41.8746 -81.1495
4 15 16.9142 -42.4956 -78.9425 14.7978 -41.8746 -81.1495 14.9547 -41.0749 -81.2337 16.7475 -41.3971 -79.4211
4 15 16.5993 -40.4895 -79.8267 14.9547 -41.0749 -81.2337 14.8782 -39.9553 -81.6419 16.5762 -39.7105 -80.0753
4 15 14.7947 -39.0484 -81.9936 16.7238 -38.6262 -80.2497 16.5762 -39.7105 -80.0753 14.8782 -39.9553 -81.6419
4 15 17.0257 -37.9135 -80.1687 16.7238 -38.6262 -80.2497 14.6399 -38.1496 -82.4128 17.0081 -37.7708 -80.227
4 15 17.0081 -37.7708 -80.227 16.84 -35.13 -81.16 17.2417 -35.8578 -80.5603 17.3249 -36.5745 -80.2723
3 15 16.7238 -38.6262 -80.2497 14.7947 -39.0484 -81.9936 14.6399 -38.1496 -82.4128
4 15 6.147 -21.303 -90.392 7.339 -21.918 -91.788 3.99 -21.648 -94.243 3.278 -20.973 -92.118
4 15 4.4699 -27.0905 -97.2676 3.5036 -26.5173 -97.3041 3.2223 -26.2719 -97.2953 4.338 -25.058 -96.791
3 15 3.99 -21.648 -94.243 1.4383 -23.5238 -95.9058 1.1546 -23.2971 -95.7403
3 15 .7061 -23.1909 -95.6816 0 -23.2615 -95.7807 0 -21.554 -94.406
4 15 .7061 -23.1909 -95.6816 0 -21.554 -94.406 3.99 -21.648 -94.243 1.1546 -23.2971 -95.7403
3 15 4.338 -25.058 -96.791 2.2923 -24.8331 -96.8155 2.046 -24.1229 -96.3015
4 15 1.4383 -23.5238 -95.9058 3.99 -21.648 -94.243 4.338 -25.058 -96.791 2.046 -24.1229 -96.3015
4 15 8.4634 -45.9602 -83.5494 14.06 -45.381 -80.829 10.3399 -46.9052 -81.7736 9.3864 -46.5751 -82.5621
3 15 8.4634 -45.9602 -83.5494 7.6519 -45.1987 -84.5847 7.3578 -44.5868 -85.2146
4 15 7.0884 -43.2316 -86.3941 14.06 -45.381 -80.829 8.4634 -45.9602 -83.5494 7.3578 -44.5868 -85.2146
3 15 7.6519 -45.1987 -84.5847 7.5391 -45.162 -84.6762 7.3578 -44.5868 -85.2146
4 15 10.1288 -27.102 -89.4855 9.9867 -27.7697 -90.2667 9.934 -23.747 -87.862 10.1544 -26.2486 -88.8821
4 15 10.0644 -24.5317 -88.0266 10.1259 -25.3915 -88.4135 10.1544 -26.2486 -88.8821 9.934 -23.747 -87.862
4 15 7.0884 -43.2316 -86.3941 7.0111 -42.8426 -86.6055 8.4309 -42.0193 -85.9888 8.5704 -42.3059 -85.7776
3 15 12.6653 -44.1152 -82.2848 13.4882 -43.8107 -81.8565 14.06 -45.381 -80.829
3 15 11.861 -44.2514 -82.7694 12.6653 -44.1152 -82.2848 14.06 -45.381 -80.829
3 15 7.0884 -43.2316 -86.3941 8.5704 -42.3059 -85.7776 9.0093 -42.992 -85.2016
3 15 7.0884 -43.2316 -86.3941 9.0093 -42.992 -85.2016 9.5758 -43.5834 -84.5786
3 15 11.0451 -44.2431 -83.321 11.861 -44.2514 -82.7694 14.06 -45.381 -80.829
3 15 7.0884 -43.2316 -86.3941 9.5758 -43.5834 -84.5786 10.2601 -44.0282 -83.9365
4 15 7.0884 -43.2316 -86.3941 10.2601 -44.0282 -83.9365 11.0451 -44.2431 -83.321 14.06 -45.381 -80.829
3 15 10.0293 -42.0463 -84.9036 10.1675 -41.6539 -84.9716 10.5218 -41.4425 -84.8201
4 15 10.088 -42.467 -84.6918 10.0293 -42.0463 -84.9036 10.5218 -41.4425 -84.8201 10.9337 -41.5112 -84.5152
4 15 10.3155 -42.8165 -84.3958 10.088 -42.467 -84.6918 10.9337 -41.5112 -84.5152 11.2376 -41.7935 -84.1953
4 15 10.6874 -43.0097 -84.0668 10.3155 -42.8165 -84.3958 11.2376 -41.7935 -84.1953 11.3651 -42.1869 -83.9485
4 15 11.3651 -42.1869 -83.9485 11.33 -42.601 -83.8024 11.0993 -42.9459 -83.8161 10.6874 -43.0097 -84.0668
4 15 6.212 -17.494 -88.216 6.5968 -18.142 -87.8513 7.3289 -19.8776 -88.4636 6.625 -19.001 -89.933
4 15 13.8066 -46.7137 -79.5248 12.6526 -47.0301 -79.992 11.5394 -47.0802 -80.7269 14.06 -45.381 -80.829
3 15 11.5394 -47.0802 -80.7269 10.3399 -46.9052 -81.7736 14.06 -45.381 -80.829
4 15 7.7476 -38.9457 -88.7334 7.8133 -39.9932 -87.9391 6.9136 -41.9338 -87.3288 7.0237 -38.7841 -89.4581
4 15 7.9582 -40.797 -87.2497 8.2127 -41.5709 -86.4891 7.0111 -42.8426 -86.6055 6.9136 -41.9338 -87.3288
3 15 8.2127 -41.5709 -86.4891 8.4309 -42.0193 -85.9888 7.0111 -42.8426 -86.6055
3 15 7.8133 -39.9932 -87.9391 7.9582 -40.797 -87.2497 6.9136 -41.9338 -87.3288
4 15 15.4179 -45.4393 -78.4326 14.671 -46.1792 -78.7444 13.8066 -46.7137 -79.5248 14.06 -45.381 -80.829
4 15 13.544 -34.3794 -84.6003 16.84 -35.13 -81.16 10.3806 -35.4304 -87.9152 11.9826 -34.7375 -86.2358
3 15 7.7476 -38.9457 -88.7334 7.0237 -38.7841 -89.4581 7.7414 -38.3638 -89.0131
4 15 7.2291 -37.4869 -89.885 7.7975 -37.8207 -89.2186 7.7414 -38.3638 -89.0131 7.0237 -38.7841 -89.4581
3 15 7.3381 -37.2459 -89.9009 9.1828 -35.8595 -88.9013 8.046 -37.673 -89.0656
4 15 7.2291 -37.4869 -89.885 7.3381 -37.2459 -89.9009 8.046 -37.673 -89.0656 7.7975 -37.8207 -89.2186
4 15 9.5568 -36.6645 -88.1871 9.1828 -35.8595 -88.9013 9.7329 -35.6057 -88.528 9.8245 -35.6716 -88.415
3 15 9.8245 -35.6716 -88.415 10.1889 -36.36 -87.7643 9.5568 -36.6645 -88.1871
4 15 9.5568 -36.6645 -88.1871 8.8241 -37.2129 -88.5852 8.046 -37.673 -89.0656 9.1828 -35.8595 -88.9013
4 15 7.588 -26.072 -94.361 6.3872 -27.5411 -95.7914 4.9842 -27.2987 -96.8969 4.338 -25.058 -96.791
3 15 4.9842 -27.2987 -96.8969 4.4699 -27.0905 -97.2676 4.338 -25.058 -96.791
3 15 10.3806 -35.4304 -87.9152 16.84 -35.13 -81.16 12.141 -35.8336 -85.8878
3 15 12.141 -35.8336 -85.8878 16.84 -35.13 -81.16 13.0219 -36.0574 -84.865
3 15 14.4137 -37.5613 -82.8094 14.3138 -37.3014 -83.015 16.84 -35.13 -81.16
3 15 14.3138 -37.3014 -83.015 13.7768 -36.5663 -83.8672 16.84 -35.13 -81.16
4 15 9.8245 -35.6716 -88.415 10.3806 -35.4304 -87.9152 10.3792 -36.2682 -87.5968 10.1889 -36.36 -87.7643
3 15 11.2387 -35.9631 -86.7987 10.3792 -36.2682 -87.5968 10.3806 -35.4304 -87.9152
3 15 13.7768 -36.5663 -83.8672 13.0219 -36.0574 -84.865 16.84 -35.13 -81.16
3 15 16.9275 -42.9838 -78.7878 16.7479 -43.581 -78.3799 16.1706 -44.5402 -78.2201
4 15 15.6783 -23.5488 -75.3897 16.3745 -23.9484 -74.5396 17.5541 -24.7557 -73.6566 16.83 -24.72 -76.16
3 15 17.5541 -24.7557 -73.6566 19.2705 -26.0294 -72.7959 16.83 -24.72 -76.16
4 15 19.2092 -25.6543 -70.3635 19.7139 -26.8693 -69.8117 20.8422 -28.8113 -69.4492 20.426 -26.651 -71.207
4 15 20.5495 -39.8743 -72.5808 20.7195 -39.0107 -73.0969 21.3246 -37.9403 -70.5625 21.0117 -38.9778 -70.8173
3 15 20.4651 -40.9593 -70.8916 20.3277 -41.4166 -70.9993 20.3021 -41.4166 -71.2056
4 15 21.0117 -38.9778 -70.8173 20.4651 -40.9593 -70.8916 20.3021 -41.4166 -71.2056 20.5495 -39.8743 -72.5808
4 15 15.6783 -23.5488 -75.3897 16.83 -24.72 -76.16 14.8917 -23.419 -77.0513 15.1149 -23.3416 -76.2065
3 15 19.874 -26.2219 -71.4004 18.0317 -24.758 -71.2554 18.3818 -25.018 -70.828
4 15 20.426 -26.651 -71.207 19.874 -26.2219 -71.4004 18.3818 -25.018 -70.828 19.2092 -25.6543 -70.3635
4 15 19.2705 -26.0294 -72.7959 20.3837 -27.6783 -72.1137 20.2683 -30.4851 -74.591 18.5295 -27.2553 -75.1277
3 15 18.5295 -27.2553 -75.1277 17.5118 -25.6805 -75.697 19.2705 -26.0294 -72.7959
3 15 21.336 -36.7863 -73.8899 21.1051 -33.4126 -74.2712 22.069 -34.927 -72.495
4 15 21.4946 -37.4586 -70.3895 21.3246 -37.9403 -70.5625 20.7195 -39.0107 -73.0969 20.8508 -38.4889 -73.4087
4 15 22.069 -34.927 -72.495 21.4946 -37.4586 -70.3895 20.8508 -38.4889 -73.4087 21.336 -36.7863 -73.8899
3 16 12.558 -26.544 -82.978 12.037 -26.327 -80.236 16.81 -29.322 -79.719
3 16 16.81 -29.322 -79.719 15.929 -30.482 -80.632 12.558 -26.544 -82.978
3 16 16.81 -29.322 -79.719 12.037 -26.327 -80.236 12.394 -23.514 -80.806
3 16 16.83 -24.72 -76.16 16.81 -29.322 -79.719 12.394 -23.514 -80.806
3 16 12.394 -23.514 -80.806 12.037 -26.327 -80.236 8.635 -22.812 -86.805
3 16 12.394 -23.514 -80.806 8.635 -22.812 -86.805 8.475 -21.305 -86.071
3 16 3.562 -15.31 -89.848 0 -15.056 -90.126 0 -17.069 -83.687
3 16 3.562 -15.31 -89.848 0 -17.069 -83.687 4.366 -17.545 -83.732
3 16 3.562 -15.31 -89.848 4.366 -17.545 -83.732 7.563 -18.83 -84.731
3 16 7.563 -18.83 -84.731 6.212 -17.494 -88.216 3.562 -15.31 -89.848
3 16 7.563 -18.83 -84.731 9.964 -20.119 -79.331 12.394 -23.514 -80.806
3 16 12.394 -23.514 -80.806 8.475 -21.305 -86.071 7.563 -18.83 -84.731
3 16 13.202 -21.035 -73.738 15.6783 -23.5488 -75.3897 15.1149 -23.3416 -76.2065
4 16 18.3818 -25.018 -70.828 18.0317 -24.758 -71.2554 13.202 -21.035 -73.738 15.67 -22.755 -67.91
3 16 16.81 -29.322 -79.719 16.83 -24.72 -76.16 20.206 -32 -75.928
4 16 21.185 -30.591 -68.001 19.7139 -26.8693 -69.8117 19.2092 -25.6543 -70.3635 15.67 -22.755 -67.91
4 16 20.4651 -40.9593 -70.8916 21.0117 -38.9778 -70.8173 21.3246 -37.9403 -70.5625 21.426 -37.761 -70.138
3 16 20.4651 -40.9593 -70.8916 21.426 -37.761 -70.138 19.073 -42.047 -66.702
3 16 9.934 -23.747 -87.862 7.8 -22.31 -88.01 8.635 -22.812 -86.805
3 16 8.635 -22.812 -86.805 12.558 -26.544 -82.978 9.934 -23.747 -87.862
3 16 8.635 -22.812 -86.805 12.037 -26.327 -80.236 12.558 -26.544 -82.978
4 16 16.4602 -45.484 -76.5932 19.072 -45.596 -71.984 13.179 -50.015 -76.294 15.5461 -46.6596 -76.6229
4 16 6.904 -48.313 -82.646 10.1328 -48.3329 -80.3308 11.1129 -48.5231 -79.4229 13.179 -50.015 -76.294
3 16 7.4183 -45.5826 -84.4256 7.8421 -46.491 -83.4977 6.904 -48.313 -82.646
3 16 6.904 -48.313 -82.646 0 -44.32 -87.532 6.6 -43.081 -86.784
3 16 5.688 -38.486 -90.795 7.2291 -37.4869 -89.885 7.0237 -38.7841 -89.4581
3 16 8.401 -31.942 -92.62 9.998 -28.63 -90.781 12.071 -31.666 -86.131
4 16 6.1469 -29.152 -95.9294 6.959 -28.6553 -94.9061 7.9352 -28.5787 -93.6175 8.401 -31.942 -92.62
3 16 10.1544 -26.2486 -88.8821 10.1259 -25.3915 -88.4135 12.558 -26.544 -82.978
3 16 9.7743 -35.3014 -88.5779 9.713 -35.461 -88.614 8.401 -31.942 -92.62
3 16 12.558 -26.544 -82.978 12.071 -31.666 -86.131 9.998 -28.63 -90.781
3 16 5.316 -34.389 -94.774 8.401 -31.942 -92.62 9.713 -35.461 -88.614
3 16 12.071 -31.666 -86.131 12.558 -26.544 -82.978 15.929 -30.482 -80.632
3 16 6.6 -43.081 -86.784 7.0111 -42.8426 -86.6055 7.0884 -43.2316 -86.3941
4 16 7.563 -18.83 -84.731 8.475 -21.305 -86.071 7.3289 -19.8776 -88.4636 6.5968 -18.142 -87.8513
3 16 0 -39.584 -91.44 0 -35.336 -95.134 5.316 -34.389 -94.774
3 16 5.316 -34.389 -94.774 5.688 -38.486 -90.795 0 -39.584 -91.44
4 16 4.6896 -30.0396 -97.6388 5.316 -34.389 -94.774 0 -35.336 -95.134 4.3707 -30.0069 -97.7171
4 16 0 -29.778 -98.752 3.0532 -29.7141 -98.1747 3.8852 -29.957 -97.8479 0 -35.336 -95.134
4 16 6.904 -48.313 -82.646 1.6112 -47.2852 -84.3873 0 -46.8473 -85.0407 0 -44.32 -87.532
3 16 4.17 -52.275 -74.941 0 -52.286 -75.421 2.943 -52.2162 -75.252
3 16 13.179 -50.015 -76.294 8.042 -52.203 -71.893 4.17 -52.275 -74.941
3 16 4.17 -52.275 -74.941 8.4711 -50.6087 -77.4202 13.179 -50.015 -76.294
3 16 4.17 -52.275 -74.941 8.042 -52.203 -71.893 1.8478 -52.7617 -72.2654
3 16 1.8478 -52.7617 -72.2654 1.4142 -52.7293 -72.9142 4.17 -52.275 -74.941
3 16 4.17 -52.275 -74.941 1.4142 -52.7293 -72.9142 .7654 -52.7076 -73.3478
4 16 16.461 -33.2082 -80.9396 15.929 -30.482 -80.632 16.81 -29.322 -79.719 16.8293 -33.4681 -80.7446
4 16 9.998 -28.63 -90.781 8.401 -31.942 -92.62 8.601 -28.7114 -92.6896 9.353 -28.5252 -91.6774
4 16 12.994 -40.1765 -83.4224 12.3842 -39.5934 -84.1934 13.6719 -39.1777 -83.0553 13.2632 -39.9706 -83.2198
4 16 20.206 -32 -75.928 17.6131 -34.4128 -79.9523 16.8293 -33.4681 -80.7446 16.81 -29.322 -79.719
4 16 7.8 -22.31 -88.01 7.3173 -21.743 -88.7287 7.2 -21.4163 -88.9206 7.3449 -20.3659 -88.8127
3 16 0 -29.4357 -98.6263 .3291 -29.4199 -98.6032 0 -29.778 -98.752
4 16 9.677 -40.2834 -86.1623 9.221 -40.4436 -86.4339 8.8802 -40.2489 -86.8587 9.8624 -39.3698 -86.6392
4 16 1.4046 -29.3681 -98.3926 2.5515 -29.5677 -98.2309 3.0532 -29.7141 -98.1747 0 -29.778 -98.752
3 16 11.8618 -33.5666 -86.3575 11.0892 -34.0498 -87.1681 12.071 -31.666 -86.131
3 16 0 -48.9489 -82.969 .7294 -49.0142 -82.8043 0 -49.097 -82.823
3 16 9.9867 -27.7697 -90.2667 9.998 -28.63 -90.781 9.6378 -28.2476 -91.3161
3 16 14.831 -23.7549 -77.633 16.83 -24.72 -76.16 12.394 -23.514 -80.806
4 16 19.874 -26.2219 -71.4004 17.5541 -24.7557 -73.6566 16.3745 -23.9484 -74.5396 13.202 -21.035 -73.738
3 16 21.2772 -31.0147 -69.3929 20.8422 -28.8113 -69.4492 21.185 -30.591 -68.001
3 16 20.8508 -38.4889 -73.4087 19.859 -40.533 -76.701 21.336 -36.7863 -73.8899
4 16 21.185 -30.591 -68.001 21.9281 -32.9664 -68.3791 21.8075 -33.2134 -70.0115 21.5286 -32.2765 -69.7479
4 16 9.964 -20.119 -79.331 13.202 -21.035 -73.738 15.1149 -23.3416 -76.2065 14.8917 -23.419 -77.0513
3 16 15.67 -22.755 -67.91 19.2092 -25.6543 -70.3635 18.3818 -25.018 -70.828
3 16 18.0317 -24.758 -71.2554 19.874 -26.2219 -71.4004 13.202 -21.035 -73.738
4 16 17.5118 -25.6805 -75.697 18.5295 -27.2553 -75.1277 20.2683 -30.4851 -74.591 20.206 -32 -75.928
3 16 20.206 -32 -75.928 16.83 -24.72 -76.16 17.5118 -25.6805 -75.697
4 16 19.859 -40.533 -76.701 20.206 -32 -75.928 21.1051 -33.4126 -74.2712 21.336 -36.7863 -73.8899
3 16 21.185 -30.591 -68.001 20.8422 -28.8113 -69.4492 19.7139 -26.8693 -69.8117
3 16 21.426 -37.761 -70.138 21.3246 -37.9403 -70.5625 21.4946 -37.4586 -70.3895
3 16 19.073 -42.047 -66.702 19.072 -45.596 -71.984 20.3277 -41.4166 -70.9993
3 16 20.3277 -41.4166 -70.9993 20.4651 -40.9593 -70.8916 19.073 -42.047 -66.702
3 16 13.179 -50.015 -76.294 13.525 -48.1948 -78.0753 14.8209 -47.3531 -76.958
3 16 13.179 -50.015 -76.294 14.8209 -47.3531 -76.958 15.5461 -46.6596 -76.6229
3 16 6.904 -48.313 -82.646 8.7479 -47.5575 -82.1778 9.2118 -47.9393 -81.4231
3 16 6.904 -48.313 -82.646 9.2118 -47.9393 -81.4231 10.1328 -48.3329 -80.3308
3 16 12.1178 -48.5011 -78.7337 13.525 -48.1948 -78.0753 13.179 -50.015 -76.294
3 16 11.1129 -48.5231 -79.4229 12.1178 -48.5011 -78.7337 13.179 -50.015 -76.294
3 16 6.6 -43.081 -86.784 7.0884 -43.2316 -86.3941 7.3578 -44.5868 -85.2146
3 16 7.3578 -44.5868 -85.2146 7.5391 -45.162 -84.6762 7.4183 -45.5826 -84.4256
4 16 6.904 -48.313 -82.646 6.6 -43.081 -86.784 7.3578 -44.5868 -85.2146 7.4183 -45.5826 -84.4256
3 16 8.4361 -47.3009 -82.5484 8.7479 -47.5575 -82.1778 6.904 -48.313 -82.646
3 16 7.8421 -46.491 -83.4977 8.4361 -47.3009 -82.5484 6.904 -48.313 -82.646
4 16 0 -39.584 -91.44 5.688 -38.486 -90.795 6.6 -43.081 -86.784 0 -44.32 -87.532
3 16 5.688 -38.486 -90.795 7.3381 -37.2459 -89.9009 7.2291 -37.4869 -89.885
4 16 5.316 -34.389 -94.774 9.713 -35.461 -88.614 9.1828 -35.8595 -88.9013 8.5054 -36.172 -89.438
4 16 8.5054 -36.172 -89.438 7.3381 -37.2459 -89.9009 5.688 -38.486 -90.795 5.316 -34.389 -94.774
3 16 8.401 -31.942 -92.62 5.0518 -29.9296 -97.2971 5.2985 -29.8365 -96.9798
3 16 5.2985 -29.8365 -96.9798 6.1469 -29.152 -95.9294 8.401 -31.942 -92.62
3 16 6.959 -28.6553 -94.9061 7.3128 -28.2841 -94.4778 7.9352 -28.5787 -93.6175
4 16 12.558 -26.544 -82.978 9.998 -28.63 -90.781 9.9867 -27.7697 -90.2667 10.1288 -27.102 -89.4855
3 16 9.934 -23.747 -87.862 12.558 -26.544 -82.978 10.0644 -24.5317 -88.0266
3 16 12.558 -26.544 -82.978 10.1288 -27.102 -89.4855 10.1544 -26.2486 -88.8821
3 16 10.1259 -25.3915 -88.4135 10.0644 -24.5317 -88.0266 12.558 -26.544 -82.978
4 16 9.7743 -35.3014 -88.5779 8.401 -31.942 -92.62 12.071 -31.666 -86.131 9.9146 -35.1366 -88.4018
4 16 4.6896 -30.0396 -97.6388 5.0518 -29.9296 -97.2971 8.401 -31.942 -92.62 5.316 -34.389 -94.774
3 16 13.6753 -32.8337 -84.4567 12.071 -31.666 -86.131 14.4432 -32.6797 -83.3923
4 16 15.352 -32.713 -82.2121 14.4432 -32.6797 -83.3923 12.071 -31.666 -86.131 15.929 -30.482 -80.632
3 16 15.929 -30.482 -80.632 16.461 -33.2082 -80.9396 15.352 -32.713 -82.2121
4 16 17.8959 -35.0964 -79.5405 20.206 -32 -75.928 19.859 -40.533 -76.701 17.9714 -36.011 -79.4514
3 16 19.859 -40.533 -76.701 17.8594 -36.9612 -79.6494 17.9714 -36.011 -79.4514
3 16 17.8959 -35.0964 -79.5405 17.6131 -34.4128 -79.9523 20.206 -32 -75.928
4 16 17.5461 -43.2242 -77.4398 19.859 -40.533 -76.701 19.072 -45.596 -71.984 17.21 -44.1663 -76.8871
3 16 19.072 -45.596 -71.984 16.4602 -45.484 -76.5932 17.21 -44.1663 -76.8871
3 16 17.5461 -43.2242 -77.4398 17.5881 -42.4315 -78.3175 19.859 -40.533 -76.701
3 16 4.3707 -30.0069 -97.7171 0 -35.336 -95.134 3.8852 -29.957 -97.8479
3 16 1.6112 -47.2852 -84.3873 6.904 -48.313 -82.646 3.9627 -48.647 -82.7214
3 16 0 -49.097 -82.823 .7294 -49.0142 -82.8043 2.4643 -49.7026 -81.0343
3 16 13.179 -50.015 -76.294 8.4711 -50.6087 -77.4202 9.732 -50.3416 -77.3289
4 16 13.179 -50.015 -76.294 9.732 -50.3416 -77.3289 6.9238 -49.7622 -79.8169 6.904 -48.313 -82.646
4 16 4.7487 -51.9671 -75.536 3.9139 -51.8445 -76.0115 2.6848 -51.4611 -77.189 6.938 -50.802 -77.787
3 16 4.17 -52.275 -74.941 3.7962 -52.176 -75.2576 4.7487 -51.9671 -75.536
3 16 2.6848 -51.4611 -77.189 1.7281 -51.0791 -78.3021 6.938 -50.802 -77.787
3 16 0 -52.286 -75.421 0 -51.4573 -77.6893 1.8959 -52.0499 -75.8354
3 16 2.943 -52.2162 -75.252 3.7962 -52.176 -75.2576 4.17 -52.275 -74.941
3 16 0 -52.286 -75.421 1.8959 -52.0499 -75.8354 2.943 -52.2162 -75.252
4 16 0 -52.7 -73.5 0 -52.286 -75.421 4.17 -52.275 -74.941 .7654 -52.7076 -73.3478
3 16 8.401 -31.942 -92.62 7.9352 -28.5787 -93.6175 8.601 -28.7114 -92.6896
3 16 9.6378 -28.2476 -91.3161 9.998 -28.63 -90.781 9.353 -28.5252 -91.6774
4 16 8.475 -21.305 -86.071 8.635 -22.812 -86.805 7.3449 -20.3659 -88.8127 7.3289 -19.8776 -88.4636
3 16 19.859 -40.533 -76.701 17.5881 -42.4315 -78.3175 17.1161 -41.3456 -79.0841
3 16 17.3909 -37.6757 -79.8891 17.8594 -36.9612 -79.6494 19.859 -40.533 -76.701
4 16 16.5762 -39.7105 -80.0753 16.7238 -38.6262 -80.2497 17.0257 -37.9135 -80.1687 17.3909 -37.6757 -79.8891
4 16 16.8298 -41.2566 -79.3834 16.5993 -40.4895 -79.8267 16.5762 -39.7105 -80.0753 17.1161 -41.3456 -79.0841
4 16 16.5762 -39.7105 -80.0753 17.3909 -37.6757 -79.8891 19.859 -40.533 -76.701 17.1161 -41.3456 -79.0841
3 16 12.3842 -39.5934 -84.1934 13.5096 -38.4666 -83.426 13.6719 -39.1777 -83.0553
3 16 13.6719 -39.1777 -83.0553 13.6648 -39.5236 -82.9593 13.2632 -39.9706 -83.2198
4 16 12.994 -40.1765 -83.4224 12.6397 -40.1934 -83.7645 12.4227 -40.0901 -84.0079 12.3842 -39.5934 -84.1934
3 16 8.635 -22.812 -86.805 7.8 -22.31 -88.01 7.3449 -20.3659 -88.8127
4 16 8.6408 -39.145 -87.8395 9.8624 -39.3698 -86.6392 8.8802 -40.2489 -86.8587 8.486 -39.437 -87.7641
3 16 9.677 -40.2834 -86.1623 9.4177 -40.4328 -86.2756 9.221 -40.4436 -86.4339
3 16 5.688 -38.486 -90.795 7.0237 -38.7841 -89.4581 6.9136 -41.9338 -87.3288
4 16 7.0111 -42.8426 -86.6055 6.6 -43.081 -86.784 5.688 -38.486 -90.795 6.9136 -41.9338 -87.3288
3 16 0 -29.778 -98.752 .3291 -29.4199 -98.6032 1.4046 -29.3681 -98.3926
4 16 3.6376 -50.1449 -79.8597 1.7281 -51.0791 -78.3021 .5555 -50.4895 -79.7856 2.4643 -49.7026 -81.0343
3 16 5.1181 -50.6419 -78.5057 6.938 -50.802 -77.787 1.7281 -51.0791 -78.3021
4 16 0 -49.097 -82.823 2.4643 -49.7026 -81.0343 .5555 -50.4895 -79.7856 0 -50.3924 -80.106
3 16 3.6376 -50.1449 -79.8597 5.1181 -50.6419 -78.5057 1.7281 -51.0791 -78.3021
3 16 12.071 -31.666 -86.131 13.6753 -32.8337 -84.4567 12.6845 -33.1688 -85.495
3 16 10.3641 -34.6086 -87.9291 9.9146 -35.1366 -88.4018 12.071 -31.666 -86.131
3 16 11.0892 -34.0498 -87.1681 10.3641 -34.6086 -87.9291 12.071 -31.666 -86.131
3 16 12.071 -31.666 -86.131 12.6845 -33.1688 -85.495 11.8618 -33.5666 -86.3575
4 16 6.9238 -49.7622 -79.8169 6.2267 -49.6184 -80.2693 3.9627 -48.647 -82.7214 6.904 -48.313 -82.646
4 16 10.1835 -38.8083 -86.6161 9.8624 -39.3698 -86.6392 8.6408 -39.145 -87.8395 9.2353 -38.0239 -87.8349
3 16 9.2353 -38.0239 -87.8349 9.5812 -37.6432 -87.7043 10.1835 -38.8083 -86.6161
4 16 10.6391 -38.4073 -86.3968 10.1835 -38.8083 -86.6161 9.5812 -37.6432 -87.7043 10.1137 -37.2283 -87.4227
4 16 11.1773 -38.2274 -85.9993 10.6391 -38.4073 -86.3968 10.1137 -37.2283 -87.4227 10.5295 -37.0035 -87.1561
3 16 9.7329 -35.6057 -88.528 9.1828 -35.8595 -88.9013 9.713 -35.461 -88.614
4 16 11.3545 -36.6849 -86.3998 11.1773 -38.2274 -85.9993 10.5295 -37.0035 -87.1561 10.8026 -36.8558 -86.9219
4 16 11.6565 -38.2151 -85.494 11.1773 -38.2274 -85.9993 11.3545 -36.6849 -86.3998 11.7247 -36.6884 -86.0044
3 16 12.2587 -36.8562 -85.372 12.9539 -37.4122 -84.42 11.9497 -38.4208 -85.1035
4 16 11.7247 -36.6884 -86.0044 12.2587 -36.8562 -85.372 11.9497 -38.4208 -85.1035 11.6565 -38.2151 -85.494
4 16 11.9497 -38.4208 -85.1035 12.9539 -37.4122 -84.42 13.4426 -38.1728 -83.6095 12.3596 -39.2748 -84.3413
4 16 13.4426 -38.1728 -83.6095 13.5096 -38.4666 -83.426 12.3842 -39.5934 -84.1934 12.3596 -39.2748 -84.3413
4 16 12.394 -23.514 -80.806 9.964 -20.119 -79.331 14.8917 -23.419 -77.0513 14.5438 -23.4722 -77.633
3 16 14.5438 -23.4722 -77.633 14.831 -23.7549 -77.633 12.394 -23.514 -80.806
4 16 20.2608 -26.5622 -71.4341 19.2705 -26.0294 -72.7959 17.5541 -24.7557 -73.6566 19.874 -26.2219 -71.4004
3 16 16.3745 -23.9484 -74.5396 15.6783 -23.5488 -75.3897 13.202 -21.035 -73.738
3 16 20.2683 -30.4851 -74.591 21.1051 -33.4126 -74.2712 20.206 -32 -75.928
3 16 19.859 -40.533 -76.701 20.7195 -39.0107 -73.0969 20.5495 -39.8743 -72.5808
3 16 20.3021 -41.4166 -71.2056 20.3277 -41.4166 -70.9993 19.072 -45.596 -71.984
4 16 19.072 -45.596 -71.984 19.859 -40.533 -76.701 20.5495 -39.8743 -72.5808 20.3021 -41.4166 -71.2056
3 16 21.426 -37.761 -70.138 21.4946 -37.4586 -70.3895 21.8459 -35.8522 -69.4236
4 16 22.371 -33.399 -65.972 21.426 -37.761 -70.138 21.8459 -35.8522 -69.4236 22.0554 -34.8866 -68.5606
3 16 22.0554 -34.8866 -68.5606 22.2559 -33.9539 -67.3947 22.371 -33.399 -65.972
3 16 22.2559 -33.9539 -67.3947 22.3121 -33.6972 -67.2451 22.371 -33.399 -65.972
4 16 20.2608 -26.5622 -71.4341 20.4051 -27.1592 -71.6555 20.3837 -27.6783 -72.1137 19.2705 -26.0294 -72.7959
3 16 21.185 -30.591 -68.001 21.5286 -32.2765 -69.7479 21.2772 -31.0147 -69.3929
3 16 20.8508 -38.4889 -73.4087 20.7195 -39.0107 -73.0969 19.859 -40.533 -76.701
4 16 21.185 -30.591 -68.001 22.371 -33.399 -65.972 22.3121 -33.6972 -67.2451 22.0467 -33.1064 -67.799
3 16 21.9281 -32.9664 -68.3791 21.185 -30.591 -68.001 22.0467 -33.1064 -67.799
3 226 8.6408 -39.145 -87.8395 8.486 -39.437 -87.7641 8.3997 -39.0912 -88.0807
4 226 9.5568 -36.6645 -88.1871 9.5812 -37.6432 -87.7043 9.2353 -38.0239 -87.8349 8.8241 -37.2129 -88.5852
4 226 13.6719 -39.1777 -83.0553 13.5096 -38.4666 -83.426 14.4137 -37.5613 -82.8094 14.6399 -38.1496 -82.4128
4 226 13.6682 -40.4972 -82.6663 14.5749 -40.3796 -81.8129 13.8532 -41.748 -82.1128 13.5934 -40.9608 -82.6016
3 226 13.8532 -41.748 -82.1128 13.0279 -42.5463 -82.6839 13.5934 -40.9608 -82.6016
4 226 14.8782 -39.9553 -81.6419 14.5749 -40.3796 -81.8129 13.6648 -39.5236 -82.9593 14.7947 -39.0484 -81.9936
4 226 14.6399 -38.1496 -82.4128 14.7947 -39.0484 -81.9936 13.6648 -39.5236 -82.9593 13.6719 -39.1777 -83.0553
3 226 13.6682 -40.4972 -82.6663 13.6648 -39.5236 -82.9593 14.5749 -40.3796 -81.8129
4 226 8.6408 -39.145 -87.8395 8.3997 -39.0912 -88.0807 8.046 -37.673 -89.0656 9.2353 -38.0239 -87.8349
3 226 8.046 -37.673 -89.0656 8.8241 -37.2129 -88.5852 9.2353 -38.0239 -87.8349
4 226 10.1889 -36.36 -87.7643 10.1137 -37.2283 -87.4227 9.5812 -37.6432 -87.7043 9.5568 -36.6645 -88.1871
3 226 10.1889 -36.36 -87.7643 10.5295 -37.0035 -87.1561 10.1137 -37.2283 -87.4227
4 226 10.8026 -36.8558 -86.9219 10.5295 -37.0035 -87.1561 10.1889 -36.36 -87.7643 10.3792 -36.2682 -87.5968
4 226 11.3545 -36.6849 -86.3998 10.8026 -36.8558 -86.9219 10.3792 -36.2682 -87.5968 11.2387 -35.9631 -86.7987
4 226 11.3545 -36.6849 -86.3998 11.2387 -35.9631 -86.7987 12.141 -35.8336 -85.8878 11.7247 -36.6884 -86.0044
4 226 11.7247 -36.6884 -86.0044 12.141 -35.8336 -85.8878 13.0219 -36.0574 -84.865 12.2587 -36.8562 -85.372
4 226 12.2587 -36.8562 -85.372 13.0219 -36.0574 -84.865 13.7768 -36.5663 -83.8672 12.9539 -37.4122 -84.42
4 226 12.9539 -37.4122 -84.42 13.7768 -36.5663 -83.8672 14.3138 -37.3014 -83.015 13.4426 -38.1728 -83.6095
4 226 14.3138 -37.3014 -83.015 14.4137 -37.5613 -82.8094 13.5096 -38.4666 -83.426 13.4426 -38.1728 -83.6095
3 353 4.638 -29.681 -97.875 4.9842 -27.2987 -96.8969 6.3872 -27.5411 -95.7914
4 353 0 -24.581 -96.843 .7061 -23.1909 -95.6816 1.1546 -23.2971 -95.7403 1.4383 -23.5238 -95.9058
4 353 4.638 -29.681 -97.875 6.3872 -27.5411 -95.7914 6.1469 -29.152 -95.9294 5.2985 -29.8365 -96.9798
4 353 2.5115 -25.4648 -97.0361 .3291 -29.4199 -98.6032 0 -29.4357 -98.6263 0 -24.581 -96.843
3 353 4.6896 -30.0396 -97.6388 4.638 -29.681 -97.875 5.0518 -29.9296 -97.2971
4 353 3.0532 -29.7141 -98.1747 4.638 -29.681 -97.875 4.3707 -30.0069 -97.7171 3.8852 -29.957 -97.8479
3 353 4.6896 -30.0396 -97.6388 4.3707 -30.0069 -97.7171 4.638 -29.681 -97.875
3 353 4.638 -29.681 -97.875 4.4699 -27.0905 -97.2676 4.9842 -27.2987 -96.8969
4 353 1.4383 -23.5238 -95.9058 2.046 -24.1229 -96.3015 2.2923 -24.8331 -96.8155 0 -24.581 -96.843
3 353 0 -24.581 -96.843 0 -23.2615 -95.7807 .7061 -23.1909 -95.6816
3 353 4.638 -29.681 -97.875 5.2985 -29.8365 -96.9798 5.0518 -29.9296 -97.2971
4 353 7.3128 -28.2841 -94.4778 6.959 -28.6553 -94.9061 6.1469 -29.152 -95.9294 6.3872 -27.5411 -95.7914
3 353 0 -24.581 -96.843 2.2923 -24.8331 -96.8155 2.5115 -25.4648 -97.0361
3 353 2.5115 -25.4648 -97.0361 3.2223 -26.2719 -97.2953 .3291 -29.4199 -98.6032
4 353 .3291 -29.4199 -98.6032 3.2223 -26.2719 -97.2953 3.5036 -26.5173 -97.3041 1.4046 -29.3681 -98.3926
4 353 3.0532 -29.7141 -98.1747 2.5515 -29.5677 -98.2309 3.5036 -26.5173 -97.3041 4.4699 -27.0905 -97.2676
3 353 1.4046 -29.3681 -98.3926 3.5036 -26.5173 -97.3041 2.5515 -29.5677 -98.2309
3 353 4.4699 -27.0905 -97.2676 4.638 -29.681 -97.875 3.0532 -29.7141 -98.1747
3 16 6.5968 -18.142 -87.8513 6.212 -17.494 -88.216 7.563 -18.83 -84.731
3 16 4.17 -52.275 -74.941 4.7487 -51.9671 -75.536 8.4711 -50.6087 -77.4202
3 16 8.4711 -50.6087 -77.4202 4.7487 -51.9671 -75.536 6.938 -50.802 -77.787