0 ~Technic Dome  4 x  4 x  2 with Pin Hole Patternable Surfaces - 1/8th
0 Name: s\8181s03.dat
0 Author: Gerald Lasser [GeraldLasser]
0 !LDRAW_ORG Subpart UPDATE 2026-07
0 !LICENSE Licensed under CC BY 4.0 : see CAreadme.txt

0 BFC CERTIFY CCW

0 !HISTORY 2026-07-30 [OrionP] Official Update 2026-07

3 16 10.3528 -38.637 0 7.3912 -39.105 3.0615 8 -39.105 0
3 16 7.3205 -38.637 7.3205 7.3912 -39.105 3.0615 9.5647 -38.637 3.9618
3 16 7.3912 -39.105 3.0615 7.3205 -38.637 7.3205 5.6568 -39.105 5.6568
3 16 10.3528 -38.637 0 9.5647 -38.637 3.9618 7.3912 -39.105 3.0615
4 16 39.6578 0 5.221 39.3185 -5.221 5.1764 39.6578 -5.221 0 40 0 0
4 16 39.3185 -5.221 5.1764 38.3065 -10.3528 5.0431 38.637 -10.3528 0 39.6578 -5.221 0
4 16 38.3065 -10.3528 5.0431 36.639 -15.3073 4.8236 36.9552 -15.3073 0 38.637 -10.3528 0
3 16 34.3447 -20 4.5216 31.0577 -24.3505 6.1778 31.7341 -24.3505 0
3 16 31.7341 -24.3505 0 34.641 -20 0 34.3447 -20 4.5216
4 16 38.637 0 10.3528 38.3065 -5.221 10.2642 39.3185 -5.221 5.1764 39.6578 0 5.221
4 16 37.3205 -10.3528 10 35.696 -15.3073 9.5647 36.639 -15.3073 4.8236 38.3065 -10.3528 5.0431
4 16 34.3447 -20 4.5216 36.639 -15.3073 4.8236 35.696 -15.3073 9.5647 33.4607 -20 8.9658
4 16 36.9552 0 15.3073 36.639 -5.221 15.1764 38.3065 -5.221 10.2642 38.637 0 10.3528
4 16 36.639 -5.221 15.1764 35.696 -10.3528 14.7858 37.3205 -10.3528 10 38.3065 -5.221 10.2642
4 16 29.3185 -24.3505 12.1441 26.1313 -28.2843 10.8239 27.6814 -28.2843 5.5062 31.0577 -24.3505 6.1778
4 16 18.4776 -34.641 7.6537 14.1421 -36.9552 5.8579 15.3073 -36.9552 0 20 -34.641 0
4 16 10.3528 -38.637 0 15.3073 -36.9552 0 14.1421 -36.9552 5.8579 9.5647 -38.637 3.9618
4 16 34.641 0 20 34.3447 -5.221 19.8289 36.639 -5.221 15.1764 36.9552 0 15.3073
4 16 34.3447 -5.221 19.8289 33.4607 -10.3528 19.3185 35.696 -10.3528 14.7858 36.639 -5.221 15.1764
3 16 29.3185 -24.3505 12.1441 32.0041 -20 13.2565 30 -20 17.3205
3 16 30 -20 17.3205 26.3295 -24.3505 17.5928 29.3185 -24.3505 12.1441
4 16 23.4672 -28.2843 15.6803 20.2033 -31.7341 13.4994 22.4969 -31.7341 9.3185 26.1313 -28.2843 10.8239
3 16 20.2033 -31.7341 13.4994 14.1421 -34.641 14.1421 18.4776 -34.641 7.6537
3 16 18.4776 -34.641 7.6537 22.4969 -31.7341 9.3185 20.2033 -31.7341 13.4994
4 16 14.1421 -34.641 14.1421 10.8239 -36.9552 10.8239 14.1421 -36.9552 5.8579 18.4776 -34.641 7.6537
4 16 31.7341 0 24.3505 31.4626 -5.221 24.1421 34.3447 -5.221 19.8289 34.641 0 20
4 16 30.6528 -10.3528 23.5207 29.3185 -15.3073 22.4969 32.0041 -15.3073 18.4776 33.4607 -10.3528 19.3185
4 16 29.3185 -15.3073 22.4969 27.4826 -20 21.0881 30 -20 17.3205 32.0041 -15.3073 18.4776
3 16 27.4826 -20 21.0881 26.3295 -24.3505 17.5928 30 -20 17.3205
4 16 28.2843 0 28.2843 28.0423 -5.221 28.0423 31.4626 -5.221 24.1421 31.7341 0 24.3505
4 16 27.3205 -10.3528 27.3205 26.1313 -15.3073 26.1313 29.3185 -15.3073 22.4969 30.6528 -10.3528 23.5207
3 16 22.4394 -24.3505 22.4394 26.3295 -24.3505 17.5928 27.4826 -20 21.0881
3 16 27.4826 -20 21.0881 24.4949 -20 24.4949 22.4394 -24.3505 22.4394
3 16 17.2184 -31.7341 17.2184 14.1421 -34.641 14.1421 20.2033 -31.7341 13.4994
4 16 14.1421 -36.9552 5.8579 10.8239 -36.9552 10.8239 7.3205 -38.637 7.3205 9.5647 -38.637 3.9618
4 16 23.4672 -28.2843 15.6803 20 -28.2843 20 17.2184 -31.7341 17.2184 20.2033 -31.7341 13.4994
3 16 18.4776 -34.641 7.6537 20 -34.641 0 23.8314 -31.7341 4.7404
3 16 23.8314 -31.7341 4.7404 22.4969 -31.7341 9.3185 18.4776 -34.641 7.6537
3 16 20 -34.641 0 24.3505 -31.7341 0 23.8314 -31.7341 4.7404
4 16 26.3295 -24.3505 17.5928 22.4394 -24.3505 22.4394 20 -28.2843 20 23.4672 -28.2843 15.6803
4 16 22.4969 -31.7341 9.3185 23.8314 -31.7341 4.7404 27.6814 -28.2843 5.5062 26.1313 -28.2843 10.8239
4 16 28.2843 -28.2843 0 27.6814 -28.2843 5.5062 23.8314 -31.7341 4.7404 24.3505 -31.7341 0
4 16 24.4949 -20 24.4949 27.4826 -20 21.0881 29.3185 -15.3073 22.4969 26.1313 -15.3073 26.1313
4 16 29.3185 -24.3505 12.1441 26.3295 -24.3505 17.5928 23.4672 -28.2843 15.6803 26.1313 -28.2843 10.8239
4 16 27.3205 -10.3528 27.3205 30.6528 -10.3528 23.5207 31.4626 -5.221 24.1421 28.0423 -5.221 28.0423
4 16 27.6814 -28.2843 5.5062 28.2843 -28.2843 0 31.7341 -24.3505 0 31.0577 -24.3505 6.1778
3 16 33.4607 -20 8.9658 32.0041 -20 13.2565 29.3185 -24.3505 12.1441
3 16 29.3185 -24.3505 12.1441 31.0577 -24.3505 6.1778 33.4607 -20 8.9658
4 16 30 -20 17.3205 32.0041 -20 13.2565 34.1421 -15.3073 14.1421 32.0041 -15.3073 18.4776
4 16 30.6528 -10.3528 23.5207 33.4607 -10.3528 19.3185 34.3447 -5.221 19.8289 31.4626 -5.221 24.1421
3 16 31.0577 -24.3505 6.1778 34.3447 -20 4.5216 33.4607 -20 8.9658
4 16 32.0041 -15.3073 18.4776 34.1421 -15.3073 14.1421 35.696 -10.3528 14.7858 33.4607 -10.3528 19.3185
4 16 32.0041 -20 13.2565 33.4607 -20 8.9658 35.696 -15.3073 9.5647 34.1421 -15.3073 14.1421
4 16 34.3447 -20 4.5216 34.641 -20 0 36.9552 -15.3073 0 36.639 -15.3073 4.8236
4 16 37.3205 -10.3528 10 35.696 -10.3528 14.7858 34.1421 -15.3073 14.1421 35.696 -15.3073 9.5647
4 16 37.3205 -10.3528 10 38.3065 -10.3528 5.0431 39.3185 -5.221 5.1764 38.3065 -5.221 10.2642