0 ~Model Team Logo "TEAM 5" (Set 5581) - Background
0 Name: s\821437fs02.dat
0 Author: Chris Böhnke [KnightOfTarenta]
0 !LDRAW_ORG Subpart UPDATE 2026-05
0 !LICENSE Licensed under CC BY 4.0 : see CAreadme.txt

0 BFC CERTIFY CCW

0 !HISTORY 2026-05-31 [OrionP] Official Update 2026-05

3 16 -12.477 -.25 -17.677 -19 -.25 -22.6 -11.594 -.25 -18.47
3 16 -19 -.25 -22.6 -12.477 -.25 -17.677 -13.23 -.25 -16.759
3 16 -11.594 -.25 -18.47 -19 -.25 -22.6 -10.589 -.25 -19.313
3 16 -19 -.25 -22.6 -13.23 -.25 -16.759 -13.882 -.25 -15.767
3 16 -10.589 -.25 -19.313 -19 -.25 -22.6 -9.479 -.25 -20.012
3 16 -19 -.25 -22.6 -13.882 -.25 -15.767 -14.425 -.25 -14.711
3 16 -9.479 -.25 -20.012 -19 -.25 -22.6 -8.286 -.25 -20.556
3 16 -19 -.25 -22.6 -14.425 -.25 -14.711 -14.854 -.25 -13.604
3 16 -8.286 -.25 -20.556 -19 -.25 -22.6 -7.033 -.25 -20.946
3 16 -19 -.25 -22.6 -14.854 -.25 -13.604 -15.164 -.25 -12.458
3 16 -7.033 -.25 -20.946 -19 -.25 -22.6 -5.743 -.25 -21.183
3 16 -19 -.25 -22.6 -15.164 -.25 -12.458 -15.351 -.25 -11.286
3 16 -5.743 -.25 -21.183 -19 -.25 -22.6 -4.435 -.25 -21.276
3 16 -19 -.25 -22.6 -15.351 -.25 -11.286 -15.414 -.25 -10.1
3 16 -11.633 -.25 -14.454 -11.132 -.25 -15.217 -7.369 -.25 -12.1
3 16 -12.618 -.25 -11.912 -12.38 -.25 -12.793 -7.898 -.25 -10.789
3 16 -12.81 -.25 -10.1 -12.762 -.25 -11.011 -8.061 -.25 -10.1
3 16 -5.615 -.25 -8.823 -5.551 -.25 -9.508 -.113 -.25 -11.541
3 16 8.758 -.25 -14.563 7.632 -.25 -15.836 19 -.25 -22.6
3 16 7.632 -.25 -15.836 6.399 -.25 -17.006 19 -.25 -22.6
3 16 6.399 -.25 -17.006 5.067 -.25 -18.062 19 -.25 -22.6
3 16 5.067 -.25 -18.062 3.646 -.25 -18.993 19 -.25 -22.6
3 16 3.646 -.25 -18.993 2.143 -.25 -19.788 19 -.25 -22.6
3 16 2.143 -.25 -19.788 .57 -.25 -20.431 19 -.25 -22.6
3 16 .57 -.25 -20.431 -1.062 -.25 -20.906 19 -.25 -22.6
3 16 -1.062 -.25 -20.906 -2.737 -.25 -21.195 19 -.25 -22.6
3 16 8.758 -.25 -14.563 19 -.25 -22.6 9.767 -.25 -13.195
3 16 9.767 -.25 -13.195 19 -.25 -22.6 10.648 -.25 -11.742
3 16 -3.593 -.25 2.254 -2.352 -.25 .214 -3.25 -.25 2.346
3 16 10.648 -.25 -11.742 19 -.25 -22.6 11.39 -.25 -10.212
3 16 -2.291 -.25 2.775 -1.261 -.25 .512 -1.303 -.25 3.132
3 16 11.39 -.25 -10.212 19 -.25 -22.6 11.978 -.25 -8.618
3 16 -19 -.25 22.6 -17.04 -.25 19.418 -16.831 -.25 20.6
3 16 -17.04 -.25 19.418 -16.119 -.25 15 -15.34 -.25 19.418
3 16 11.978 -.25 -8.618 19 -.25 -22.6 12.396 -.25 -6.97
3 16 1.79 -.25 3.692 1.806 -.25 .233 2.878 -.25 3.677
3 16 -8.519 -.25 15 -7.3 -.25 14 -7.919 -.25 15
3 16 12.396 -.25 -6.97 19 -.25 -22.6 12.626 -.25 -5.286
3 16 -19 -.25 22.6 -16.831 -.25 20.6 -12.231 -.25 20.6
3 16 5.009 -.25 3.263 3.26 -.25 -.651 6.014 -.25 2.849
3 16 4.735 -.25 -2.633 9.547 -.25 -1.119 9.098 -.25 -.129
3 16 -19 -.25 22.6 -12.231 -.25 20.6 -11.531 -.25 20.6
3 16 4.364 -.25 -1.945 8.509 -.25 .786 7.787 -.25 1.6
3 16 -.997 -.25 5.892 .135 -.25 6.114 .208 -.25 9.6
3 16 .135 -.25 6.114 1.281 -.25 6.244 .208 -.25 9.6
3 16 1.281 -.25 6.244 2.435 -.25 6.276 .208 -.25 9.6
3 16 -5.915 -.25 16.1 -3.753 -.25 15 -3.912 -.25 16.1
3 16 -3.753 -.25 15 -4.566 -.25 14 -2.558 -.25 15
3 16 -1.758 -.25 15 -1.681 -.25 12.2 -.558 -.25 15
3 16 -.558 -.25 15 -1.681 -.25 12.2 .455 -.25 15
3 16 -7.74 -.25 19.418 -7.921 -.25 18.391 -4.671 -.25 20.6
3 16 -7.531 -.25 20.6 -7.74 -.25 19.418 -4.671 -.25 20.6
3 16 .455 -.25 15 -1.681 -.25 12.2 1.571 -.25 15
3 16 7.479 -.25 5.012 8.589 -.25 4.313 14.216 -.25 9.6
3 16 8.589 -.25 4.313 9.594 -.25 3.47 14.216 -.25 9.6
3 16 9.594 -.25 3.47 10.472 -.25 2.496 14.216 -.25 9.6
3 16 10.472 -.25 2.496 11.208 -.25 1.41 14.216 -.25 9.6
3 16 11.208 -.25 1.41 11.794 -.25 .237 14.216 -.25 9.6
3 16 11.794 -.25 .237 12.227 -.25 -1.001 14.216 -.25 9.6
3 16 12.227 -.25 -1.001 12.509 -.25 -2.282 14.216 -.25 9.6
3 16 12.509 -.25 -2.282 12.648 -.25 -3.587 14.216 -.25 9.6
3 16 -7.531 -.25 20.6 -4.671 -.25 20.6 19 -.25 22.6
3 16 -4.671 -.25 20.6 -3.371 -.25 20.6 19 -.25 22.6
3 16 -3.371 -.25 20.6 -.771 -.25 20.6 19 -.25 22.6
3 16 -.771 -.25 20.6 .929 -.25 20.6 19 -.25 22.6
3 16 .929 -.25 20.6 3.129 -.25 20.6 19 -.25 22.6
3 16 3.129 -.25 20.6 4.829 -.25 20.6 19 -.25 22.6
3 16 2.642 -.25 15 1.571 -.25 15 -1.681 -.25 12.2
3 16 3.743 -.25 6.183 5.033 -.25 5.946 14.216 -.25 9.6
3 16 5.033 -.25 5.946 6.286 -.25 5.556 14.216 -.25 9.6
3 16 6.286 -.25 5.556 7.479 -.25 5.012 14.216 -.25 9.6
3 16 -12.519 -.25 15 -14.919 -.25 15 -13.214 -.25 -4.2
3 16 -4.671 -.25 20.6 -8.129 -.25 17.209 -8.31 -.25 16.182
3 16 -4.671 -.25 20.6 -7.921 -.25 18.391 -8.129 -.25 17.209
3 16 -1.758 -.25 15 -.771 -.25 20.6 -3.371 -.25 20.6
3 16 1.329 -.25 16.8 3.129 -.25 20.6 .929 -.25 20.6
3 16 1.571 -.25 15 2.642 -.25 15 3.276 -.25 18.6
3 16 .076 -.25 18.6 -.558 -.25 15 .455 -.25 15
3 16 -5.229 -.25 17.282 -4.084 -.25 17.282 -4.313 -.25 18.862
4 16 -9.787 -.25 -16.6 -8.949 -.25 -17.292 -5.955 -.25 -13.837 -6.561 -.25 -13.259
4 16 -7.369 -.25 -12.1 -11.132 -.25 -15.217 -10.586 -.25 -15.884 -7 -.25 -12.703
4 16 -9.787 -.25 -16.6 -6.561 -.25 -13.259 -7 -.25 -12.703 -10.586 -.25 -15.884
4 16 -8.949 -.25 -17.292 -8.014 -.25 -17.849 -5.265 -.25 -14.313 -5.955 -.25 -13.837
4 16 -5.956 -.25 -18.537 -5.265 -.25 -14.313 -8.014 -.25 -17.849 -7.009 -.25 -18.263
4 16 -7.668 -.25 -11.458 -12.05 -.25 -13.643 -11.633 -.25 -14.454 -7.369 -.25 -12.1
4 16 -4.878 -.25 -18.677 -4.508 -.25 -14.671 -5.265 -.25 -14.313 -5.956 -.25 -18.537
4 16 -7.898 -.25 -10.789 -12.38 -.25 -12.793 -12.05 -.25 -13.643 -7.668 -.25 -11.458
4 16 -4.508 -.25 -14.671 -4.878 -.25 -18.677 -3.79 -.25 -18.692 -3.703 -.25 -14.902
4 16 -12.618 -.25 -11.912 -7.898 -.25 -10.789 -8.061 -.25 -10.1 -12.762 -.25 -11.011
4 16 -2.438 -.25 -18.553 -2.871 -.25 -15.004 -3.703 -.25 -14.902 -3.79 -.25 -18.692
4 16 -2.871 -.25 -15.004 -2.438 -.25 -18.553 -1.111 -.25 -18.256 -1.654 -.25 -14.932
4 16 -.474 -.25 -14.624 -1.654 -.25 -14.932 -1.111 -.25 -18.256 .177 -.25 -17.821
4 16 -3.622 -.25 -12.227 -2.934 -.25 -12.401 -4.755 -.25 -11.389 -4.243 -.25 -11.88
4 16 .635 -.25 -14.116 -.474 -.25 -14.624 .177 -.25 -17.821 1.417 -.25 -17.262
4 16 -2.934 -.25 -12.401 -2.223 -.25 -12.406 -5.132 -.25 -10.814 -4.755 -.25 -11.389
4 16 -.113 -.25 -11.541 -5.551 -.25 -9.508 -5.394 -.25 -10.178 -1.112 -.25 -12.111
4 16 -5.394 -.25 -10.178 -5.132 -.25 -10.814 -2.223 -.25 -12.406 -1.112 -.25 -12.111
4 16 1.417 -.25 -17.262 2.601 -.25 -16.594 1.651 -.25 -13.443 .635 -.25 -14.116
4 16 2.563 -.25 -12.633 1.651 -.25 -13.443 2.601 -.25 -16.594 3.724 -.25 -15.827
4 16 .751 -.25 -10.783 -5.599 -.25 -8.159 -5.615 -.25 -8.823 -.113 -.25 -11.541
4 16 5.762 -.25 -14.03 2.563 -.25 -12.633 3.724 -.25 -15.827 4.779 -.25 -14.969
4 16 1.475 -.25 -9.89 -5.514 -.25 -7.5 -5.599 -.25 -8.159 .751 -.25 -10.783
4 16 1.475 -.25 -9.89 1.959 -.25 -9.088 -4.05 -.25 -4.2 -5.514 -.25 -7.5
4 16 7.486 -.25 -11.93 3.969 -.25 -10.816 3.361 -.25 -11.711 6.666 -.25 -13.015
4 16 2.563 -.25 -12.633 5.762 -.25 -14.03 6.666 -.25 -13.015 3.361 -.25 -11.711
4 16 2.621 -.25 -7.338 -4.05 -.25 -4.2 1.959 -.25 -9.088 2.343 -.25 -8.233
4 16 2.783 -.25 -6.415 -3.487 -.25 -3.55 -4.05 -.25 -4.2 2.621 -.25 -7.338
4 16 -2.737 -.25 -21.195 -4.435 -.25 -21.276 -19 -.25 -22.6 19 -.25 -22.6
4 16 -3.487 -.25 -3.55 2.783 -.25 -6.415 2.817 -.25 -5.777 -2.845 -.25 -2.977
4 16 8.841 -.25 -9.575 4.88 -.25 -8.856 4.477 -.25 -9.86 8.214 -.25 -10.782
4 16 3.969 -.25 -10.816 7.486 -.25 -11.93 8.214 -.25 -10.782 4.477 -.25 -9.86
4 16 2.817 -.25 -5.777 2.784 -.25 -5.138 -2.128 -.25 -2.503 -2.845 -.25 -2.977
4 16 2.784 -.25 -5.138 2.674 -.25 -4.508 -1.339 -.25 -2.159 -2.128 -.25 -2.503
4 16 -4.333 -.25 -.867 -4.253 -.25 2.476 -4.471 -.25 2.756 -5.194 -.25 -1.6
4 16 -3.382 -.25 -.254 -3.945 -.25 2.3 -4.253 -.25 2.476 -4.333 -.25 -.867
4 16 -5.194 -.25 -1.6 -4.471 -.25 2.756 -4.566 -.25 3.098 -9.635 -.25 -1.6
4 16 2.674 -.25 -4.508 2.477 -.25 -3.899 -.496 -.25 -1.987 -1.339 -.25 -2.159
4 16 -2.352 -.25 .214 -3.593 -.25 2.254 -3.945 -.25 2.3 -3.382 -.25 -.254
4 16 -14.919 -.25 15 -16.119 -.25 15 -15.414 -.25 -7.5 -13.214 -.25 -4.2
4 16 1.656 -.25 -2.696 -.496 -.25 -1.987 2.477 -.25 -3.899 2.134 -.25 -3.252
4 16 -4.566 -.25 14 -9.635 -.25 -1.6 -4.566 -.25 3.098 -4.524 -.25 3.45
4 16 -.496 -.25 -1.987 1.656 -.25 -2.696 1.054 -.25 -2.278 .362 -.25 -2.036
4 16 -1.261 -.25 .512 -2.291 -.25 2.775 -3.25 -.25 2.346 -2.352 -.25 .214
4 16 9.746 -.25 -7.014 5.348 -.25 -6.747 5.173 -.25 -7.815 9.356 -.25 -8.316
4 16 4.88 -.25 -8.856 8.841 -.25 -9.575 9.356 -.25 -8.316 5.173 -.25 -7.815
4 16 -.289 -.25 3.409 -1.303 -.25 3.132 -1.261 -.25 .512 -.134 -.25 .61
4 16 -17.04 -.25 19.418 -19 -.25 22.6 -15.414 -.25 -7.5 -16.119 -.25 15
4 16 5.348 -.25 -6.747 9.746 -.25 -7.014 9.996 -.25 -5.677 5.397 -.25 -5.666
4 16 .991 -.25 .484 .744 -.25 3.599 -.289 -.25 3.409 -.134 -.25 .61
4 16 -12.44 -.25 19.418 -14.14 -.25 19.418 -14.919 -.25 15 -12.519 -.25 15
4 16 .744 -.25 3.599 .991 -.25 .484 1.806 -.25 .233 1.79 -.25 3.692
4 16 10.034 -.25 -3.234 5.224 -.25 -4.115 5.348 -.25 -4.886 10.088 -.25 -4.321
4 16 5.397 -.25 -5.666 9.996 -.25 -5.677 10.088 -.25 -4.321 5.348 -.25 -4.886
4 16 3.956 -.25 3.537 2.878 -.25 3.677 1.806 -.25 .233 2.57 -.25 -.149
4 16 10.034 -.25 -3.234 9.857 -.25 -2.161 5.021 -.25 -3.36 5.224 -.25 -4.115
4 16 -8.129 -.25 17.209 -10.929 -.25 17.209 -11.11 -.25 16.182 -8.31 -.25 16.182
4 16 -4.671 -.25 20.6 -8.31 -.25 16.182 -8.519 -.25 15 -7.919 -.25 15
4 16 3.26 -.25 -.651 5.009 -.25 3.263 3.956 -.25 3.537 2.57 -.25 -.149
4 16 9.857 -.25 -2.161 9.547 -.25 -1.119 4.735 -.25 -2.633 5.021 -.25 -3.36
4 16 14.216 -.25 9.6 12.648 -.25 -3.587 12.626 -.25 -5.286 19 -.25 -22.6
4 16 -12.519 -.25 15 -11.531 -.25 20.6 -12.231 -.25 20.6 -12.44 -.25 19.418
4 16 3.26 -.25 -.651 3.861 -.25 -1.256 6.949 -.25 2.292 6.014 -.25 2.849
4 16 4.735 -.25 -2.633 9.098 -.25 -.129 8.509 -.25 .786 4.364 -.25 -1.945
4 16 6.949 -.25 2.292 3.861 -.25 -1.256 4.364 -.25 -1.945 7.787 -.25 1.6
4 16 -7.919 -.25 15 -7.3 -.25 14 -4.566 -.25 14 -6.553 -.25 15
4 16 -6.553 -.25 15 -4.566 -.25 14 -3.753 -.25 15 -5.915 -.25 16.1
4 16 -10.721 -.25 18.391 -7.921 -.25 18.391 -7.74 -.25 19.418 -10.54 -.25 19.418
4 16 -4.524 -.25 3.45 -1.681 -.25 12.2 -2.558 -.25 15 -4.566 -.25 14
4 16 19 -.25 22.6 -19 -.25 22.6 -11.531 -.25 20.6 -7.531 -.25 20.6
4 16 -3.371 -.25 20.6 -2.558 -.25 15 -1.681 -.25 12.2 -1.758 -.25 15
4 16 19 -.25 22.6 4.829 -.25 20.6 5.8 -.25 18.1 16.1 -.25 18.1
4 16 19 -.25 -22.6 19 -.25 22.6 16.1 -.25 18.1 14.216 -.25 9.6
4 16 -15.414 -.25 -10.1 -15.414 -.25 -7.5 -19 -.25 22.6 -19 -.25 -22.6
4 16 2.642 -.25 15 -1.681 -.25 12.2 12.129 -.25 12.2 3.842 -.25 15
4 16 12.86 -.25 15.5 5.342 -.25 15.5 3.842 -.25 15 12.129 -.25 12.2
4 16 2.435 -.25 6.276 3.743 -.25 6.183 14.216 -.25 9.6 .208 -.25 9.6
4 16 -15.414 -.25 -7.5 -5.514 -.25 -7.5 -4.05 -.25 -4.2 -13.214 -.25 -4.2
4 16 -8.519 -.25 15 -12.519 -.25 15 -13.214 -.25 -4.2 -7.3 -.25 14
4 16 5.8 -.25 18.1 4.829 -.25 20.6 3.842 -.25 15 5.342 -.25 15.5