0 ~Minifig Hair Dreadlocks with Beads and Dark Red Bandana Pattern - Pattern
0 Name: s\95221p01s01.dat
0 Author: Lisa Winter [LisaWinter]
0 !LDRAW_ORG Subpart UPDATE 2026-07
0 !LICENSE Licensed under CC BY 4.0 : see CAreadme.txt

0 BFC CERTIFY CCW

0 !HISTORY 2026-07-30 [OrionP] Official Update 2026-07

0 // Chain
4 80 -5.903 -1.691 -11.581 -6.555 -1.693 -11.397 -6.505 .99 -12.912 -6.024 -.428 -12.254
4 80 -6.834 -1.67 -11.185 -7.131 -.38 -11.654 -6.505 .99 -12.912 -6.555 -1.693 -11.397
4 80 -5.276 .445 -12.916 -6.505 .99 -12.912 -4.829 .998 -13.301 -4.983 .632 -13.079
3 80 -8.116 2.569 -11.719 -6.505 .99 -12.912 -8.068 1.855 -11.569
4 80 -6.505 .99 -12.912 -6.274 2.642 -13.038 -5.365 2.651 -13.249 -5.373 1.731 -13.207
3 80 -5.147 -.427 -12.5 -6.505 .99 -12.912 -5.276 .445 -12.916
4 80 -6.505 .99 -12.912 -7.131 -.38 -11.654 -7.883 -.312 -11.034 -7.945 .095 -11.192
3 80 -5.147 -.427 -12.5 -6.024 -.428 -12.254 -6.505 .99 -12.912
4 80 -6.505 .99 -12.912 -8.116 2.569 -11.719 -8.116 2.773 -11.732 -7.367 2.708 -12.333
3 80 -6.505 .99 -12.912 -7.367 2.708 -12.333 -7.212 3.019 -12.479
3 80 -7.945 .095 -11.192 -7.979 .566 -11.295 -6.505 .99 -12.912
4 80 -4.829 .998 -13.301 -6.505 .99 -12.912 -5.373 1.731 -13.207 -5.046 1.535 -13.274
4 80 -7.212 3.019 -12.479 -6.851 3.221 -12.785 -6.593 3.032 -12.98 -6.505 .99 -12.912
4 80 -8.362 1.052 -11.048 -6.505 .99 -12.912 -7.979 .566 -11.295 -8.242 .788 -11.093
4 80 -6.593 3.032 -12.98 -6.464 2.966 -13.008 -6.274 2.642 -13.038 -6.505 .99 -12.912
4 80 -6.505 .99 -12.912 -8.362 1.052 -11.048 -8.456 1.261 -11.012 -8.304 1.691 -11.284
3 80 -6.505 .99 -12.912 -8.304 1.691 -11.284 -8.068 1.855 -11.569
4 80 -6.583 -3.253 -10.516 -6.865 -3.203 -10.317 -6.973 -2.496 -10.618 -6.571 -2.567 -10.903
4 80 -6.571 -2.567 -10.903 -5.498 -2.521 -11.23 -5.368 -3.201 -10.886 -6.583 -3.253 -10.516

4 80 -6.19 -6.059 -8.39 -6.055 -5.999 -8.617 -5.526 -6.408 -8.063 -5.844 -6.334 -8.011
4 80 -6.202 -6.145 -8.189 -6.19 -6.059 -8.39 -5.844 -6.334 -8.011 -6.08 -6.241 -8.056
4 80 -5.174 -6.414 -8.179 -5.526 -6.408 -8.063 -6.055 -5.999 -8.617 -5.786 -5.926 -8.845
4 80 -4.841 -6.38 -8.36 -5.174 -6.414 -8.179 -5.786 -5.926 -8.845 -5.453 -5.893 -9.027
4 80 -4.58 -6.312 -8.579 -4.841 -6.38 -8.36 -5.453 -5.893 -9.027 -5.099 -5.899 -9.144
4 80 -4.431 -6.219 -8.801 -4.58 -6.312 -8.579 -5.099 -5.899 -9.144 -4.777 -5.943 -9.179
4 80 -4.416 -6.117 -8.993 -4.431 -6.219 -8.801 -4.777 -5.943 -9.179 -4.537 -6.02 -9.126

4 80 -6.128 -4.16 -10.136 -5.915 -4.146 -10.204 -5.701 -4.208 -10.229 -6.309 -4.248 -10.036
4 80 -6.43 -4.397 -9.919 -6.309 -4.248 -10.036 -5.701 -4.208 -10.229 -5.519 -4.337 -10.208
4 80 -6.473 -4.584 -9.803 -6.43 -4.397 -9.919 -5.519 -4.337 -10.208 -5.398 -4.513 -10.143
4 80 -6.43 -4.78 -9.705 -6.473 -4.584 -9.803 -5.398 -4.513 -10.143 -5.356 -4.709 -10.046
4 80 -6.309 -4.956 -9.64 -6.43 -4.78 -9.705 -5.356 -4.709 -10.046 -5.398 -4.896 -9.929
4 80 -6.128 -5.085 -9.619 -6.309 -4.956 -9.64 -5.398 -4.896 -9.929 -5.519 -5.045 -9.812
4 80 -5.914 -5.147 -9.644 -6.128 -5.085 -9.619 -5.519 -5.045 -9.812 -5.7 -5.133 -9.712

4 80 -3.938 -7.636 -6.398 -4.623 -7.106 -7.118 -4.541 -7.092 -7.172 -3.813 -7.567 -6.57
4 80 -3.813 -7.567 -6.57 -4.541 -7.092 -7.172 -4.325 -7.105 -7.226 -3.768 -7.468 -6.766
4 80 -3.768 -7.468 -6.766 -4.325 -7.105 -7.226 -4.11 -7.16 -7.204 -3.808 -7.357 -6.954
3 80 -3.808 -7.357 -6.954 -4.11 -7.16 -7.204 -3.929 -7.248 -7.108
4 80 -4.623 -7.106 -7.118 -3.938 -7.636 -6.398 -4.116 -7.642 -6.263 -4.723 -7.109 -7.042
4 80 -4.328 -7.607 -6.196 -4.842 -7.155 -6.857 -4.723 -7.109 -7.042 -4.116 -7.642 -6.263
4 80 -4.883 -7.234 -6.652 -4.842 -7.155 -6.857 -4.328 -7.607 -6.196 -4.54 -7.536 -6.21
3 80 -4.84 -7.334 -6.456 -4.883 -7.234 -6.652 -4.54 -7.536 -6.21
3 80 -4.54 -7.536 -6.21 -4.72 -7.441 -6.301 -4.84 -7.334 -6.456

4 80 -2.721 -8.408 -5.433 -2.86 -8.469 -5.27 -3.391 -8.058 -5.827 -2.971 -7.954 -6.169
4 80 -2.658 -8.315 -5.625 -2.721 -8.408 -5.433 -2.971 -7.954 -6.169 -2.784 -8.094 -5.982
3 80 -2.658 -8.315 -5.625 -2.784 -8.094 -5.982 -2.68 -8.204 -5.818
4 80 -3.391 -8.058 -5.827 -2.86 -8.469 -5.27 -3.048 -8.466 -5.148 -3.826 -8.105 -5.425
4 80 -3.826 -8.105 -5.425 -3.048 -8.466 -5.148 -3.262 -8.423 -5.099 -3.638 -8.246 -5.238
3 80 -3.638 -8.246 -5.238 -3.262 -8.423 -5.099 -3.469 -8.345 -5.131

3 320 -6.593 3.032 -12.98 -6.747 6.605 -13.1 -6.464 2.966 -13.008
4 320 .694 1.026 -14.584 -5.365 2.651 -13.249 -6.464 2.966 -13.008 -6.747 6.605 -13.1
3 320 -6.464 2.966 -13.008 -5.365 2.651 -13.249 -6.274 2.642 -13.038
3 320 -5.373 1.731 -13.207 -5.365 2.651 -13.249 -5.046 1.535 -13.274
4 320 -4.829 .998 -13.301 -5.046 1.535 -13.274 -5.365 2.651 -13.249 .694 1.026 -14.584
3 320 -6.747 6.605 -13.1 -6.593 3.032 -12.98 -6.851 3.221 -12.785
4 320 -7.212 3.019 -12.479 -12.352 6.721 -8.58 -6.747 6.605 -13.1 -6.851 3.221 -12.785
4 320 -12.352 6.721 -8.58 -7.212 3.019 -12.479 -7.367 2.708 -12.333 -8.116 2.773 -11.732
3 320 -8.116 2.773 -11.732 -8.116 2.569 -11.719 -12.352 6.721 -8.58
4 320 -8.116 2.569 -11.719 -8.068 1.855 -11.569 -8.304 1.691 -11.284 -12.352 6.721 -8.58
4 320 -12.352 6.721 -8.58 -8.304 1.691 -11.284 -8.456 1.261 -11.012 -11.114 1.145 -8.287
3 320 -11.114 1.145 -8.287 -8.456 1.261 -11.012 -8.362 1.052 -11.048
4 320 -8.75 -.406 -10.23 -11.114 1.145 -8.287 -8.362 1.052 -11.048 -8.242 .788 -11.093
4 320 -8.75 -.406 -10.23 -8.242 .788 -11.093 -7.979 .566 -11.295 -7.945 .095 -11.192
3 320 -7.883 -.312 -11.034 -8.75 -.406 -10.23 -7.945 .095 -11.192
4 320 -8.75 -.406 -10.23 -7.883 -.312 -11.034 -7.131 -.38 -11.654 -8.617 -3.631 -8.67
4 320 -8.617 -3.631 -8.67 -6.865 -3.203 -10.317 -6.583 -3.253 -10.516 -6.626 -5.557 -9.215
3 320 -6.865 -3.203 -10.317 -8.617 -3.631 -8.67 -6.973 -2.496 -10.618
4 320 -6.834 -1.67 -11.185 -6.973 -2.496 -10.618 -8.617 -3.631 -8.67 -7.131 -.38 -11.654
4 320 -6.973 -2.496 -10.618 -6.834 -1.67 -11.185 -6.555 -1.693 -11.397 -6.571 -2.567 -10.903
3 320 -5.356 -4.709 -10.046 .185 -5.992 -10.881 -5.398 -4.896 -9.929
3 320 -5.398 -4.896 -9.929 .185 -5.992 -10.881 -5.519 -5.045 -9.812
3 320 -5.519 -5.045 -9.812 .185 -5.992 -10.881 -5.7 -5.133 -9.712
4 320 -6.626 -5.557 -9.215 -5.914 -5.147 -9.644 -5.7 -5.133 -9.712 .185 -5.992 -10.881
3 320 -5.914 -5.147 -9.644 -6.626 -5.557 -9.215 -6.128 -5.085 -9.619
3 320 -6.128 -5.085 -9.619 -6.626 -5.557 -9.215 -6.309 -4.956 -9.64
3 320 -6.309 -4.956 -9.64 -6.626 -5.557 -9.215 -6.43 -4.78 -9.705
3 320 -6.43 -4.78 -9.705 -6.626 -5.557 -9.215 -6.473 -4.584 -9.803
3 320 -6.473 -4.584 -9.803 -6.626 -5.557 -9.215 -6.583 -3.253 -10.516
3 320 -6.473 -4.584 -9.803 -6.583 -3.253 -10.516 -6.43 -4.397 -9.919
3 320 -6.43 -4.397 -9.919 -6.583 -3.253 -10.516 -6.309 -4.248 -10.036
3 320 -6.309 -4.248 -10.036 -6.583 -3.253 -10.516 -6.128 -4.16 -10.136
3 320 -6.128 -4.16 -10.136 -6.583 -3.253 -10.516 -5.915 -4.146 -10.204
4 320 -5.915 -4.146 -10.204 -6.583 -3.253 -10.516 -5.368 -3.201 -10.886 -5.701 -4.208 -10.229
4 320 -5.519 -4.337 -10.208 -5.701 -4.208 -10.229 -5.368 -3.201 -10.886 .185 -5.992 -10.881
3 320 -5.519 -4.337 -10.208 .185 -5.992 -10.881 -5.398 -4.513 -10.143
3 320 -5.398 -4.513 -10.143 .185 -5.992 -10.881 -5.356 -4.709 -10.046
3 320 .185 -5.992 -10.881 -5.368 -3.201 -10.886 -5.498 -2.521 -11.23
4 320 -5.498 -2.521 -11.23 -5.903 -1.691 -11.581 -5.147 -.427 -12.5 .185 -5.992 -10.881
3 320 -5.147 -.427 -12.5 -5.903 -1.691 -11.581 -6.024 -.428 -12.254
4 320 -5.903 -1.691 -11.581 -5.498 -2.521 -11.23 -6.571 -2.567 -10.903 -6.555 -1.693 -11.397
3 320 -6.055 -5.999 -8.617 -6.626 -5.557 -9.215 -5.786 -5.926 -8.845
3 320 -5.786 -5.926 -8.845 -6.626 -5.557 -9.215 -5.453 -5.893 -9.027
3 320 -5.453 -5.893 -9.027 -6.626 -5.557 -9.215 -5.099 -5.899 -9.144
4 320 -6.626 -5.557 -9.215 .185 -5.992 -10.881 -4.777 -5.943 -9.179 -5.099 -5.899 -9.144
3 320 -4.777 -5.943 -9.179 .185 -5.992 -10.881 -4.537 -6.02 -9.126
3 320 -4.537 -6.02 -9.126 .185 -5.992 -10.881 -4.416 -6.117 -8.993
3 320 -4.416 -6.117 -8.993 .185 -5.992 -10.881 -4.431 -6.219 -8.801
4 320 -4.11 -7.16 -7.204 -4.58 -6.312 -8.579 -4.431 -6.219 -8.801 .185 -5.992 -10.881
3 320 -4.11 -7.16 -7.204 .185 -5.992 -10.881 -3.929 -7.248 -7.108
3 320 -3.929 -7.248 -7.108 .185 -5.992 -10.881 -3.808 -7.357 -6.954
4 320 -2.971 -7.954 -6.169 -3.768 -7.468 -6.766 -3.808 -7.357 -6.954 .185 -5.992 -10.881
3 320 -3.768 -7.468 -6.766 -2.971 -7.954 -6.169 -3.813 -7.567 -6.57
4 320 -2.971 -7.954 -6.169 -3.391 -8.058 -5.827 -3.938 -7.636 -6.398 -3.813 -7.567 -6.57
3 320 -2.971 -7.954 -6.169 .185 -5.992 -10.881 -2.784 -8.094 -5.982
3 320 -2.784 -8.094 -5.982 .185 -5.992 -10.881 -2.68 -8.204 -5.818
4 320 -2.68 -8.204 -5.818 .185 -5.992 -10.881 -1.71 -9.358 -4.067 -2.658 -8.315 -5.625
3 320 -2.658 -8.315 -5.625 -1.71 -9.358 -4.067 -2.721 -8.408 -5.433
3 320 -2.721 -8.408 -5.433 -1.71 -9.358 -4.067 -2.86 -8.469 -5.27
4 320 -4.325 -7.105 -7.226 -4.841 -6.38 -8.36 -4.58 -6.312 -8.579 -4.11 -7.16 -7.204
4 320 -4.541 -7.092 -7.172 -5.174 -6.414 -8.179 -4.841 -6.38 -8.36 -4.325 -7.105 -7.226
4 320 -4.623 -7.106 -7.118 -5.526 -6.408 -8.063 -5.174 -6.414 -8.179 -4.541 -7.092 -7.172
3 320 -2.86 -8.469 -5.27 -1.71 -9.358 -4.067 -3.048 -8.466 -5.148
3 320 -3.048 -8.466 -5.148 -1.71 -9.358 -4.067 -3.262 -8.423 -5.099
4 320 -1.71 -9.358 -4.067 -6.416 -8.436 -2.91 -3.469 -8.345 -5.131 -3.262 -8.423 -5.099
3 320 -3.469 -8.345 -5.131 -6.416 -8.436 -2.91 -3.638 -8.246 -5.238
3 320 -3.638 -8.246 -5.238 -6.416 -8.436 -2.91 -3.826 -8.105 -5.425
4 320 -4.72 -7.441 -6.301 -4.54 -7.536 -6.21 -3.826 -8.105 -5.425 -6.416 -8.436 -2.91
3 320 -3.826 -8.105 -5.425 -4.54 -7.536 -6.21 -4.328 -7.607 -6.196
3 320 -3.826 -8.105 -5.425 -4.328 -7.607 -6.196 -4.116 -7.642 -6.263
4 320 -3.938 -7.636 -6.398 -3.391 -8.058 -5.827 -3.826 -8.105 -5.425 -4.116 -7.642 -6.263
3 320 -4.72 -7.441 -6.301 -6.416 -8.436 -2.91 -4.84 -7.334 -6.456
4 320 -4.84 -7.334 -6.456 -6.416 -8.436 -2.91 -6.08 -6.241 -8.056 -4.883 -7.234 -6.652
4 320 -6.08 -6.241 -8.056 -5.844 -6.334 -8.011 -4.842 -7.155 -6.857 -4.883 -7.234 -6.652
4 320 -4.723 -7.109 -7.042 -4.842 -7.155 -6.857 -5.844 -6.334 -8.011 -5.526 -6.408 -8.063
3 320 -4.723 -7.109 -7.042 -5.526 -6.408 -8.063 -4.623 -7.106 -7.118
3 320 -6.626 -5.557 -9.215 -6.055 -5.999 -8.617 -6.19 -6.059 -8.39
3 320 -6.626 -5.557 -9.215 -6.19 -6.059 -8.39 -6.202 -6.145 -8.189
3 320 -6.626 -5.557 -9.215 -6.202 -6.145 -8.189 -6.416 -8.436 -2.91
3 320 -6.416 -8.436 -2.91 -6.202 -6.145 -8.189 -6.08 -6.241 -8.056
3 320 -4.983 .632 -13.079 -5.147 -.427 -12.5 -5.276 .445 -12.916
4 320 -5.147 -.427 -12.5 -4.983 .632 -13.079 .694 1.026 -14.584 .185 -5.992 -10.881
3 320 .694 1.026 -14.584 -4.983 .632 -13.079 -4.829 .998 -13.301

5 24 -8.617 -3.631 -8.67 -6.505 .99 -12.912 -6.626 -5.557 -9.215 -8.75 -.406 -10.23
5 24 .185 -5.992 -10.881 -6.505 .99 -12.912 -6.626 -5.557 -9.215 .694 1.026 -14.584
5 24 -11.114 1.145 -8.287 -6.505 .99 -12.912 -8.75 -.406 -10.23 -12.352 6.721 -8.58
5 24 -6.505 .99 -12.912 -6.626 -5.557 -9.215 .185 -5.992 -10.881 -8.617 -3.631 -8.67
5 24 .185 -5.992 -10.881 -6.626 -5.557 -9.215 -6.505 .99 -12.912 -1.71 -9.358 -4.067
5 24 -1.71 -9.358 -4.067 -6.626 -5.557 -9.215 -6.416 -8.436 -2.91 .185 -5.992 -10.881
5 24 -6.505 .99 -12.912 -6.747 6.605 -13.1 -12.352 6.721 -8.58 .694 1.026 -14.584
5 24 -8.75 -.406 -10.23 -6.505 .99 -12.912 -11.114 1.145 -8.287 -8.617 -3.631 -8.67
5 24 -6.505 .99 -12.912 -12.352 6.721 -8.58 -6.747 6.605 -13.1 -11.114 1.145 -8.287
5 24 .694 1.026 -14.584 -6.505 .99 -12.912 -6.747 6.605 -13.1 .185 -5.992 -10.881

0 // Pearls
4 15 13.048 9.354 -10.823 10.937 9.334 -11.218 10.905 12.107 -12.043 13.279 11.964 -11.55

3 320 10.682 13.472 -11.638 11.178 14.577 -11.741 13.36 13.66 -11.791
3 320 13.36 13.66 -11.791 11.178 14.577 -11.741 13.088 14.828 -12.022
4 320 11.996 18.771 -14.043 11.734 15.918 -13.152 11.113 16.718 -13.567 11.133 17.985 -13.986
3 320 11.996 18.771 -14.043 13.062 18.842 -13.813 11.734 15.918 -13.152
4 320 11.734 15.918 -13.152 13.062 18.842 -13.813 13.726 18.339 -13.487 12.931 15.887 -12.857
3 320 13.733 16.647 -12.92 12.931 15.887 -12.857 13.726 18.339 -13.487
3 320 10.682 13.472 -11.638 13.36 13.66 -11.791 10.691 12.492 -11.524
3 320 13.112 12.572 -11.58 10.691 12.492 -11.524 13.36 13.66 -11.791

3 80 12.701 22.277 -15.663 14.233 23.857 -15.388 14.942 22.326 -14.954
3 80 12.803 24.357 -15.837 12.701 22.277 -15.663 11.098 23.763 -15.928
3 80 11.098 23.763 -15.928 12.701 22.277 -15.663 10.312 22.302 -15.683
3 80 12.803 24.357 -15.837 14.233 23.857 -15.388 12.701 22.277 -15.663
3 80 14.183 20.76 -14.737 12.701 22.277 -15.663 14.942 22.326 -14.954
3 80 12.701 22.277 -15.663 14.183 20.76 -14.737 12.59 20.027 -14.776
3 80 12.701 22.277 -15.663 12.59 20.027 -14.776 11.025 20.702 -15.167
3 80 10.312 22.302 -15.683 12.701 22.277 -15.663 11.025 20.702 -15.167

1 80 11.75 27.02 -16.046 .4 0 0 0 0 -.4 .07312 1 .06716 8\4-4disc.dat
1 80 12.82 26.97 -15.842 .4 0 0 0 0 -.4 .07312 1 .06716 8\4-4disc.dat
1 80 13.9 26.93 -15.637 .4 0 0 0 0 -.4 .07312 1 .06716 8\4-4disc.dat
1 80 12.71 26.05 -15.707 .3 0 0 0 0 -.3 .05484 1 .05037 8\4-4disc.dat
1 80 11.71 26.07 -15.893 .3 0 0 0 0 -.3 .05473 1 .05044 8\4-4disc.dat
1 80 13.74 25.91 -15.495 .3 0 0 0 0 -.3 .05485 1 .05037 8\4-4disc.dat
1 80 13.66 25.03 -15.362 .25 0 0 0 0 -.25 .0457 1 .04198 8\4-4disc.dat
1 80 12.68 25.19 -15.568 .25 0 0 0 0 -.25 .0457 1 .04198 8\4-4disc.dat
1 80 11.73 25.12 -15.73 .25 0 0 0 0 -.25 .0456 1 .04204 8\4-4disc.dat

1 16 13.66 25.03 -15.362 .25 0 0 0 0 -.25 .0457 1 .04198 8\4-4ndis.dat
1 16 12.68 25.19 -15.568 .25 0 0 0 0 -.25 .0457 1 .04198 8\4-4ndis.dat
1 16 11.73 25.12 -15.73 .25 0 0 0 0 -.25 .0456 1 .04204 8\4-4ndis.dat
1 16 11.71 26.07 -15.893 .3 0 0 0 0 -.3 .05473 1 .05044 8\4-4ndis.dat
1 16 13.74 25.91 -15.495 .3 0 0 0 0 -.3 .05485 1 .05037 8\4-4ndis.dat
1 16 12.71 26.05 -15.707 .3 0 0 0 0 -.3 .05484 1 .05037 8\4-4ndis.dat
1 16 12.82 26.97 -15.842 .4 0 0 0 0 -.4 .07312 1 .06716 8\4-4ndis.dat
1 16 13.9 26.93 -15.637 .4 0 0 0 0 -.4 .07312 1 .06716 8\4-4ndis.dat
1 16 11.75 27.02 -16.046 .4 0 0 0 0 -.4 .07312 1 .06716 8\4-4ndis.dat

4 16 12.43 24.94 -15.572 12.68 24.94 -15.526 12.735 24.712 -15.478 11.98 24.87 -15.642
4 16 11.98 24.87 -15.642 12.735 24.712 -15.478 11.061 24.24 -15.704 11.73 24.87 -15.688
3 16 11.061 24.24 -15.704 11.48 24.87 -15.734 11.73 24.87 -15.688
4 16 12.43 25.19 -15.614 12.43 24.94 -15.572 11.98 24.87 -15.642 11.98 25.12 -15.684
4 16 12.43 25.44 -15.656 12.43 25.19 -15.614 11.98 25.12 -15.684 11.98 25.37 -15.726
4 16 12.41 25.75 -15.712 12.43 25.44 -15.656 11.98 25.37 -15.726 12.01 25.77 -15.788
4 16 12.41 26.05 -15.762 12.41 25.75 -15.712 12.01 25.77 -15.788 12.01 26.07 -15.839
4 16 12.41 26.35 -15.812 12.41 26.05 -15.762 12.01 26.07 -15.839 12.01 26.37 -15.889
4 16 12.42 26.57 -15.848 12.41 26.35 -15.812 12.01 26.37 -15.889 12.15 26.62 -15.905
4 16 12.42 26.97 -15.915 12.42 26.57 -15.848 12.15 26.62 -15.905 12.15 27.02 -15.972
4 16 12.42 27.37 -15.982 12.42 26.97 -15.915 12.15 27.02 -15.972 12.15 27.42 -16.04
4 16 12.735 24.712 -15.478 12.68 24.94 -15.526 12.93 24.94 -15.481 13.41 24.78 -15.366
4 16 13.41 25.03 -15.408 13.41 24.78 -15.366 12.93 24.94 -15.481 12.93 25.19 -15.523
4 16 13.41 25.28 -15.45 13.41 25.03 -15.408 12.93 25.19 -15.523 12.93 25.44 -15.565
4 16 13.44 25.61 -15.5 13.41 25.28 -15.45 12.93 25.44 -15.565 13.01 25.75 -15.602
4 16 13.44 25.91 -15.55 13.44 25.61 -15.5 13.01 25.75 -15.602 13.01 26.05 -15.652
4 16 13.44 26.21 -15.601 13.44 25.91 -15.55 13.01 26.05 -15.652 13.01 26.35 -15.703
4 16 13.44 26.21 -15.601 13.01 26.35 -15.703 13.22 26.57 -15.701 13.5 26.53 -15.643
4 16 13.5 26.93 -15.711 13.5 26.53 -15.643 13.22 26.57 -15.701 13.22 26.97 -15.768
4 16 13.5 27.33 -15.778 13.5 26.93 -15.711 13.22 26.97 -15.768 13.22 27.37 -15.836
4 16 11.75 26.62 -15.978 12.15 26.62 -15.905 12.01 26.37 -15.889 11.71 26.37 -15.944
4 16 11.75 26.62 -15.978 11.71 26.37 -15.944 11.41 26.37 -15.998 11.35 26.62 -16.051
4 16 12.01 25.77 -15.788 11.98 25.37 -15.726 11.73 25.37 -15.772 11.71 25.77 -15.843
4 16 11.71 25.77 -15.843 11.73 25.37 -15.772 11.48 25.37 -15.818 11.41 25.77 -15.898
4 16 13.01 25.75 -15.602 12.93 25.44 -15.565 12.68 25.44 -15.61 12.71 25.75 -15.657
4 16 12.71 25.75 -15.657 12.68 25.44 -15.61 12.43 25.44 -15.656 12.41 25.75 -15.712
4 16 12.82 26.57 -15.774 13.22 26.57 -15.701 13.01 26.35 -15.703 12.71 26.35 -15.758
4 16 12.42 26.57 -15.848 12.82 26.57 -15.774 12.71 26.35 -15.758 12.41 26.35 -15.812
4 16 13.74 25.61 -15.445 14.04 25.61 -15.39 13.91 25.28 -15.359 13.66 25.28 -15.404
4 16 13.74 25.61 -15.445 13.66 25.28 -15.404 13.41 25.28 -15.45 13.44 25.61 -15.5
4 16 13.9 26.53 -15.57 14.3 26.53 -15.497 14.04 26.21 -15.491 13.74 26.21 -15.546
4 16 13.5 26.53 -15.643 13.9 26.53 -15.57 13.74 26.21 -15.546 13.44 26.21 -15.601
3 16 14.513 24.218 -15.07 13.66 24.78 -15.32 13.91 24.78 -15.275
4 16 13.41 24.78 -15.366 13.66 24.78 -15.32 14.513 24.218 -15.07 12.735 24.712 -15.478
3 16 14.513 24.218 -15.07 13.91 24.78 -15.275 13.91 25.03 -15.317
4 16 14.513 24.218 -15.07 13.91 25.03 -15.317 13.91 25.28 -15.359 14.04 25.61 -15.39
4 16 14.04 25.61 -15.39 14.04 25.91 -15.441 14.3 26.53 -15.497 14.513 24.218 -15.07
3 16 14.04 25.91 -15.441 14.04 26.21 -15.491 14.3 26.53 -15.497
4 16 14.754 27.47 -15.572 14.513 24.218 -15.07 14.3 26.53 -15.497 14.3 26.93 -15.564
3 16 14.3 26.93 -15.564 14.3 27.33 -15.631 14.754 27.47 -15.572
3 16 14.3 27.33 -15.631 13.9 27.33 -15.705 14.754 27.47 -15.572
4 16 14.754 27.47 -15.572 13.9 27.33 -15.705 13.5 27.33 -15.778 13.22 27.37 -15.836
4 16 14.754 27.47 -15.572 13.22 27.37 -15.836 12.82 27.37 -15.909 10.869 27.713 -16.323
3 16 12.15 27.42 -16.04 10.869 27.713 -16.323 12.82 27.37 -15.909
3 16 12.82 27.37 -15.909 12.42 27.37 -15.982 12.15 27.42 -16.04
3 16 12.15 27.42 -16.04 11.75 27.42 -16.113 10.869 27.713 -16.323
3 16 11.75 27.42 -16.113 11.35 27.42 -16.186 10.869 27.713 -16.323
3 16 11.35 27.02 -16.119 10.869 27.713 -16.323 11.35 27.42 -16.186
3 16 11.35 26.62 -16.051 10.869 27.713 -16.323 11.35 27.02 -16.119
3 16 11.41 26.07 -15.948 11.35 26.62 -16.051 11.41 26.37 -15.998
4 16 11.35 26.62 -16.051 11.41 26.07 -15.948 11.41 25.77 -15.898 10.869 27.713 -16.323
4 16 11.061 24.24 -15.704 10.869 27.713 -16.323 11.41 25.77 -15.898 11.48 25.37 -15.818
3 16 11.061 24.24 -15.704 11.48 25.37 -15.818 11.48 25.12 -15.776
3 16 11.061 24.24 -15.704 11.48 25.12 -15.776 11.48 24.87 -15.734

0 // Feather
3 15 -14.768 -1.429 -3.853 -13.916 .963 -3.931 -13.684 -1.035 -3.758
3 15 -14.768 -1.429 -3.853 -13.684 -1.035 -3.758 -13.605 -1.977 -3.676
3 15 -13.454 -4.087 -3.468 -14.768 -1.429 -3.853 -13.605 -1.977 -3.676
3 15 -15.986 2.616 -4.145 -14.186 2.599 -4.092 -13.939 1.178 -3.944
3 15 -17.188 12.508 -4.689 -20.37 19.289 -5.032 -18.183 16.059 -4.929
3 15 -15.986 2.616 -4.145 -15.269 6.449 -4.392 -14.186 2.599 -4.092
3 15 -18.353 12.273 -4.885 -20.37 19.289 -5.032 -17.188 12.508 -4.689
3 15 -15.986 2.616 -4.145 -18.353 12.273 -4.885 -15.269 6.449 -4.392
3 15 -18.353 12.273 -4.885 -17.188 12.508 -4.689 -15.269 6.449 -4.392
3 15 -14.768 -1.429 -3.853 -13.454 -4.087 -3.468 -14.611 -5.238 -1.794
3 15 -14.768 -1.429 -3.853 -16.376 -1.171 -2.02 -17.833 2.789 -2.261
3 15 -19.73 11.561 -2.19 -18.353 12.273 -4.885 -15.986 2.616 -4.145
3 15 -14.611 -5.238 -1.794 -16.376 -1.171 -2.02 -14.768 -1.429 -3.853
3 15 -15.986 2.616 -4.145 -17.833 2.789 -2.261 -19.73 11.561 -2.19
3 15 -20.664 19.2 -4.2 -20.37 19.289 -5.032 -18.353 12.273 -4.885
3 15 -17.833 2.789 -2.261 -15.986 2.616 -4.145 -14.768 -1.429 -3.853
3 15 -18.353 12.273 -4.885 -20.832 16.889 -2.349 -20.895 17.989 -2.671
4 15 -19.128 18.064 -5.03 -18.678 17.194 -4.99 -18.183 16.059 -4.929 -20.37 19.289 -5.032
4 15 -19.967 19.173 -5.057 -19.557 18.793 -5.059 -19.128 18.064 -5.03 -20.37 19.289 -5.032
4 15 -13.916 .963 -3.931 -14.768 -1.429 -3.853 -15.986 2.616 -4.145 -13.939 1.178 -3.944
4 15 -19.73 11.561 -2.19 -20.646 15.6 -2.169 -20.832 16.889 -2.349 -18.353 12.273 -4.885
4 15 -20.895 17.989 -2.671 -20.863 18.7 -3.3 -20.664 19.2 -4.2 -18.353 12.273 -4.885
4 15 -14.611 -5.238 -1.794 -13.454 -4.087 -3.468 -13.22 -4.923 -2.998 -14.062 -5.617 -1.889
3 15 -13.406 -5.818 -2.193 -13.142 -5.275 -2.787 -13.15 -5.597 -2.538
4 15 -13.406 -5.818 -2.193 -14.062 -5.617 -1.889 -13.22 -4.923 -2.998 -13.142 -5.275 -2.787

3 16 -19.967 19.173 -5.057 -20.37 19.289 -5.032 -19.3 20.046 -5.198
3 16 -19.128 18.064 -5.03 -19.557 18.793 -5.059 -19.3 20.046 -5.198
3 16 -12.657 -2.424 -3.531 -13.454 -4.087 -3.468 -13.605 -1.977 -3.676
3 16 -18.678 17.194 -4.99 -19.128 18.064 -5.03 -19.3 20.046 -5.198
3 16 -19.557 18.793 -5.059 -19.967 19.173 -5.057 -19.3 20.046 -5.198
4 16 -13.859 1.122 -3.936 -13.347 -.913 -3.728 -13.684 -1.035 -3.758 -13.916 .963 -3.931
3 16 -13.684 -1.035 -3.758 -12.657 -2.424 -3.531 -13.605 -1.977 -3.676
3 16 -13.347 -.913 -3.728 -12.657 -2.424 -3.531 -13.684 -1.035 -3.758
3 16 -18.183 16.059 -4.929 -18.678 17.194 -4.99 -19.3 20.046 -5.198
3 16 -13.916 .963 -3.931 -13.939 1.178 -3.944 -13.859 1.122 -3.936
3 16 -13.939 1.178 -3.944 -14.186 2.599 -4.092 -13.859 1.122 -3.936
3 16 -11.966 -3.934 -3.334 -13.454 -4.087 -3.468 -12.657 -2.424 -3.531

3 16 -20.664 19.2 -4.2 -21.494 19.337 -2.149 -20.37 19.289 -5.032
3 16 -20.646 15.6 -2.169 -21.494 19.337 -2.149 -20.832 16.889 -2.349
3 16 -20.832 16.889 -2.349 -21.494 19.337 -2.149 -20.895 17.989 -2.671
3 16 -20.863 18.7 -3.3 -21.494 19.337 -2.149 -20.664 19.2 -4.2
3 16 -21.494 19.337 -2.149 -20.863 18.7 -3.3 -20.895 17.989 -2.671

3 16 -12.313 -7.461 -1.71 -13.142 -5.275 -2.787 -13.22 -4.923 -2.998
3 16 -12.313 -7.461 -1.71 -14.611 -5.238 -1.794 -14.062 -5.617 -1.889
3 16 -12.313 -7.461 -1.71 -14.062 -5.617 -1.889 -13.406 -5.818 -2.193
3 16 -12.313 -7.461 -1.71 -13.15 -5.597 -2.538 -13.142 -5.275 -2.787
3 16 -12.313 -7.461 -1.71 -13.406 -5.818 -2.193 -13.15 -5.597 -2.538
3 16 -13.454 -4.087 -3.468 -11.548 -6.757 -2.664 -12.313 -7.461 -1.71
3 16 -12.313 -7.461 -1.71 -13.22 -4.923 -2.998 -13.454 -4.087 -3.468

0 // Conditional lines
5 24 14.183 20.76 -14.737 12.701 22.277 -15.663 12.59 20.027 -14.776 14.942 22.326 -14.954
5 24 12.701 22.277 -15.663 14.942 22.326 -14.954 14.233 23.857 -15.388 14.183 20.76 -14.737
5 24 10.312 22.302 -15.683 12.701 22.277 -15.663 11.025 20.702 -15.167 11.098 23.763 -15.928
5 24 12.59 20.027 -14.776 12.701 22.277 -15.663 14.183 20.76 -14.737 11.025 20.702 -15.167
5 24 12.701 22.277 -15.663 11.025 20.702 -15.167 10.312 22.302 -15.683 12.59 20.027 -14.776
5 24 13.36 13.66 -11.791 10.682 13.472 -11.638 10.691 12.492 -11.524 11.178 14.577 -11.741
5 24 12.701 22.277 -15.663 14.233 23.857 -15.388 14.942 22.326 -14.954 12.803 24.357 -15.837
5 24 12.803 24.357 -15.837 12.701 22.277 -15.663 11.098 23.763 -15.928 14.233 23.857 -15.388
5 24 12.701 22.277 -15.663 11.098 23.763 -15.928 12.803 24.357 -15.837 10.312 22.302 -15.683
5 24 13.36 13.66 -11.791 10.691 12.492 -11.524 10.682 13.472 -11.638 13.112 12.572 -11.58
5 24 11.178 14.577 -11.741 13.36 13.66 -11.791 10.682 13.472 -11.638 13.088 14.828 -12.022
5 24 -13.859 1.122 -3.936 -15.986 2.616 -4.145 -14.768 -1.429 -3.853 -14.186 2.599 -4.092
5 24 -13.454 -4.087 -3.468 -12.657 -2.424 -3.531 -11.966 -3.934 -3.334 -14.768 -1.429 -3.853
5 24 -14.768 -1.429 -3.853 -13.859 1.122 -3.936 -15.986 2.616 -4.145 -13.347 -.913 -3.728
5 24 -17.188 12.508 -4.689 -18.353 12.273 -4.885 -20.37 19.289 -5.032 -15.269 6.449 -4.392
5 24 -13.347 -.913 -3.728 -14.768 -1.429 -3.853 -13.859 1.122 -3.936 -12.657 -2.424 -3.531
5 24 -14.768 -1.429 -3.853 -12.657 -2.424 -3.531 -13.454 -4.087 -3.468 -13.347 -.913 -3.728
5 24 -17.188 12.508 -4.689 -20.37 19.289 -5.032 -19.3 20.046 -5.198 -18.353 12.273 -4.885
5 24 -18.353 12.273 -4.885 -15.269 6.449 -4.392 -17.188 12.508 -4.689 -15.986 2.616 -4.145
5 24 -14.186 2.599 -4.092 -15.986 2.616 -4.145 -13.859 1.122 -3.936 -15.269 6.449 -4.392
5 24 -14.768 -1.429 -3.853 -16.376 -1.171 -2.02 -17.833 2.789 -2.261 -14.611 -5.238 -1.794
5 24 -14.768 -1.429 -3.853 -17.833 2.789 -2.261 -15.986 2.616 -4.145 -16.376 -1.171 -2.02
5 24 -14.768 -1.429 -3.853 -14.611 -5.238 -1.794 -13.454 -4.087 -3.468 -16.376 -1.171 -2.02
5 24 -21.494 19.337 -2.149 -18.353 12.273 -4.885 -20.37 19.289 -5.032 -19.73 11.561 -2.19
5 24 -15.986 2.616 -4.145 -19.73 11.561 -2.19 -18.353 12.273 -4.885 -17.833 2.789 -2.261
5 24 -18.353 12.273 -4.885 -19.73 11.561 -2.19 -15.986 2.616 -4.145 -21.494 19.337 -2.149
5 24 -13.454 -4.087 -3.468 -14.611 -5.238 -1.794 -14.768 -1.429 -3.853 -12.313 -7.461 -1.71
5 24 -15.986 2.616 -4.145 -17.833 2.789 -2.261 -14.768 -1.429 -3.853 -19.73 11.561 -2.19
5 24 -13.454 -4.087 -3.468 -12.313 -7.461 -1.71 -11.548 -6.757 -2.664 -14.611 -5.238 -1.794
