0 ~Tile  1 x  1 Round Black Dot and Circle of Small Black Dots 1/8 Pattern
0 Name: s\98138p3fs01.dat
0 Author: Philippe Hurbain [Philo]
0 !LDRAW_ORG Subpart UPDATE 2026-05
0 !LICENSE Licensed under CC BY 4.0 : see CAreadme.txt

0 BFC CERTIFY CCW

0 !HISTORY 2026-05-31 [OrionP] Official Update 2026-05

4 0 1.14 0 -8.05 .92 0 -7.57 .51 0 -7.24 0 0 -7.12
3 0 3.31 0 -3.31 0 0 0 0 0 -4.69
4 0 .51 0 -9.38 1.14 0 -8.05 0 0 -7.12 0 0 -9.5
4 0 1.15 0 -8.59 1.14 0 -8.05 .51 0 -9.38 .93 0 -9.06
4 0 3.31 0 -3.31 0 0 -4.69 1.21 0 -4.52 2.34 0 -4.06
4 0 4.76 0 -5.49 6.26 0 -7 6.72 0 -6.72 5.03 0 -5.03
3 0 4.76 0 -5.49 4.7 0 -6.01 4.88 0 -6.51
3 0 4.88 0 -6.51 5.24 0 -6.89 5.74 0 -7.05
4 0 4.76 0 -5.49 4.88 0 -6.51 5.74 0 -7.05 6.26 0 -7
4 16 0 0 -4.69 .51 0 -7.24 .92 0 -7.57 1.21 0 -4.52
4 16 0 0 -9.5 0 0 -10 3.827 0 -9.239 .51 0 -9.38
4 16 7.071 0 -7.071 6.26 0 -7 5.74 0 -7.05 3.827 0 -9.239
3 16 7.071 0 -7.071 6.72 0 -6.72 6.26 0 -7
3 16 .93 0 -9.06 .51 0 -9.38 3.827 0 -9.239
3 16 3.827 0 -9.239 5.74 0 -7.05 5.24 0 -6.89
3 16 3.827 0 -9.239 5.24 0 -6.89 4.88 0 -6.51
3 16 .93 0 -9.06 3.827 0 -9.239 1.15 0 -8.59
4 16 4.88 0 -6.51 1.14 0 -8.05 1.15 0 -8.59 3.827 0 -9.239
4 16 4.7 0 -6.01 .92 0 -7.57 1.14 0 -8.05 4.88 0 -6.51
4 16 2.34 0 -4.06 4.76 0 -5.49 5.03 0 -5.03 3.31 0 -3.31
4 16 4.76 0 -5.49 2.34 0 -4.06 .92 0 -7.57 4.7 0 -6.01
3 16 .92 0 -7.57 2.34 0 -4.06 1.21 0 -4.52
3 16 0 0 -4.69 0 0 -7.12 .51 0 -7.24