0 ~Sticker Back  1.9 x  4.8
0 Name: s\stickerback019x048.dat
0 Author: Evert-Jan Boer [ejboer]
0 !LDRAW_ORG Subpart UPDATE 2026-05
0 !LICENSE Licensed under CC BY 4.0 : see CAreadme.txt

0 BFC CERTIFY CCW

0 !HISTORY 2026-05-31 [OrionP] Official Update 2026-05

1 16 46.5 0 -17.5 0 0 1.5 0 -1 0 -1.5 0 0 1-4chrd.dat
1 16 -46.5 0 -17.5 -1.5 0 0 0 -1 0 0 0 -1.5 1-4chrd.dat
1 16 -46.5 0 17.5 0 0 -1.5 0 -1 0 1.5 0 0 1-4chrd.dat
1 16 46.5 0 17.5 1.5 0 0 0 -1 0 0 0 1.5 1-4chrd.dat
4 16 -48 0 -17.5 -48 0 17.5 -46.5 0 19 -46.5 0 -19
4 16 46.5 0 -19 -46.5 0 -19 -46.5 0 19 46.5 0 19
4 16 46.5 0 -19 46.5 0 19 48 0 17.5 48 0 -17.5

1 16 46.5 -.25 -17.5 0 0 1.5 0 .25 0 -1.5 0 0 1-4cyli.dat
1 16 46.5 -.25 17.5 1.5 0 0 0 .25 0 0 0 1.5 1-4cyli.dat
1 16 -46.5 -.25 17.5 0 0 -1.5 0 .25 0 1.5 0 0 1-4cyli.dat
1 16 -46.5 -.25 -17.5 -1.5 0 0 0 .25 0 0 0 -1.5 1-4cyli.dat
4 16 -48 -.25 -17.5 -48 -.25 17.5 -48 0 17.5 -48 0 -17.5
4 16 46.5 -.25 -19 -46.5 -.25 -19 -46.5 0 -19 46.5 0 -19
4 16 48 -.25 17.5 48 -.25 -17.5 48 0 -17.5 48 0 17.5
4 16 -46.5 -.25 19 46.5 -.25 19 46.5 0 19 -46.5 0 19